0,1,0,60
1,2,0,-1
2,0,0,1
3,0,1,59
2,3,1,2
4,3,2,59
2,4,2,3
5,4,3,58
2,5,3,4
6,5,4,57
2,6,4,5
7,6,5,56
2,7,5,6
8,7,6,56
2,8,6,7
9,8,7,55
2,9,7,8
10,9,8,54
2,10,8,-1
11,12,9,164
12,1,9,-1
1,11,9,10
13,11,10,163
1,13,10,60
14,15,11,162
15,13,11,163
13,14,11,61
16,17,12,160
17,18,12,161
18,16,12,63
19,20,13,159
20,16,13,160
16,19,13,64
21,22,14,158
22,19,14,159
19,21,14,65
23,24,15,157
24,21,15,158
21,23,15,66
25,26,16,202
26,23,16,157
23,25,16,17
27,25,17,201
23,27,17,18
28,27,18,156
23,28,18,19
29,28,19,155
23,29,19,20
30,29,20,154
23,30,20,67
31,32,21,153
32,30,21,154
30,31,21,22
33,31,22,152
30,33,22,23
34,33,23,151
30,34,23,24
35,34,24,150
30,35,24,68
36,37,25,147
37,38,25,148
38,36,25,70
39,40,26,146
40,36,26,147
36,39,26,71
41,42,27,144
42,43,27,145
43,41,27,72
44,45,28,143
45,41,28,144
41,44,28,73
46,47,29,142
47,44,29,143
44,46,29,74
48,49,30,140
49,46,30,141
46,48,30,91
50,51,31,194
51,48,31,140
48,50,31,32
52,50,32,139
48,52,32,92
53,54,33,138
54,52,33,139
52,53,33,75
55,56,34,192
56,53,34,138
53,55,34,35
57,55,35,137
53,57,35,36
58,57,36,136
53,58,36,75
59,60,37,135
60,58,37,136
58,59,37,38
61,59,38,134
58,61,38,39
62,61,39,133
58,62,39,76
63,64,40,131
64,62,40,132
62,63,40,77
65,66,41,130
66,63,41,131
63,65,41,42
67,65,42,129
63,67,42,77
68,69,43,128
69,67,43,129
67,68,43,44
70,68,44,128
67,70,44,45
71,70,45,250
67,71,45,46
72,71,46,405
67,72,46,47
73,72,47,404
67,73,47,48
74,73,48,403
67,74,48,78
75,76,49,402
76,74,49,403
74,75,49,79
77,78,50,401
78,75,50,402
75,77,50,80
79,80,51,398
80,81,51,399
81,79,51,83
82,83,52,396
83,79,52,397
79,82,52,84
84,85,53,-1
85,82,53,395
82,84,53,85
10,84,54,-1
84,9,54,55
84,8,55,86
8,6,56,57
8,5,57,58
8,4,58,86
4,0,59,87
0,13,60,61
0,14,61,62
18,14,62,161
0,18,62,63
0,16,63,64
0,19,64,65
0,21,65,66
0,23,66,67
0,30,67,68
0,35,68,69
86,35,69,149
0,86,69,88
38,86,70,148
86,36,70,71
86,39,71,89
43,39,72,145
39,41,72,73
39,44,73,74
39,46,74,90
52,58,75,76
52,62,76,93
62,67,77,78
62,74,78,79
62,75,79,80
62,77,80,81
87,77,81,400
62,87,81,82
81,87,82,399
62,81,82,83
62,79,83,84
62,82,84,85
62,84,85,93
84,4,86,87
84,0,87,88
84,86,88,89
84,39,89,90
84,46,90,91
84,48,91,92
84,52,92,93
88,89,94,294
89,12,94,-1
12,88,94,95
90,88,95,293
12,90,95,96
91,90,96,292
12,91,96,165
92,93,97,291
93,91,97,292
91,92,97,98
94,92,98,290
91,94,98,166
95,96,99,289
96,94,99,290
94,95,99,167
97,98,100,286
98,99,100,287
99,97,100,170
100,101,101,285
101,97,101,286
97,100,101,171
102,103,102,283
103,104,102,284
104,102,102,103
105,102,103,282
104,105,103,173
106,107,104,280
107,108,104,281
108,106,104,105
109,106,105,279
108,109,105,174
110,111,106,278
111,109,106,279
109,110,106,175
112,113,107,322
113,114,107,277
114,112,107,108
115,112,108,276
114,115,108,176
116,117,109,275
117,115,109,276
115,116,109,177
118,119,110,273
119,120,110,274
120,118,110,210
121,122,111,271
122,123,111,272
123,121,111,178
124,125,112,269
125,121,112,270
121,124,112,113
126,124,113,268
121,126,113,179
127,128,114,267
128,126,114,268
126,127,114,180
129,130,115,266
130,127,115,267
127,129,115,180
131,132,116,318
132,129,116,266
129,131,116,117
133,131,117,265
129,133,117,181
134,135,118,264
135,133,118,265
133,134,118,182
136,137,119,263
137,134,119,264
134,136,119,182
138,139,120,259
139,140,120,260
140,138,120,184
141,142,121,258
142,138,121,259
138,141,121,185
143,144,122,257
144,141,122,258
141,143,122,186
145,146,123,256
146,143,123,257
143,145,123,187
147,148,124,255
148,145,124,256
145,147,124,125
149,147,125,254
145,149,125,126
150,149,126,253
145,150,126,187
70,151,127,251
151,150,127,252
150,70,127,188
70,69,128,188
69,65,129,130
69,66,130,189
66,64,131,132
66,62,132,133
66,61,133,134
66,59,134,135
66,60,135,190
60,57,136,137
60,55,137,191
56,54,138,193
54,50,139,193
51,49,140,141
51,46,141,142
51,47,142,194
47,45,143,195
45,42,144,196
42,39,145,146
42,40,146,197
40,37,147,198
37,86,148,149
37,35,149,150
37,34,150,151
37,33,151,152
37,31,152,153
37,32,153,199
32,29,154,155
32,28,155,156
32,27,156,200
26,24,157,202
24,22,158,203
22,20,159,203
20,17,160,204
17,14,161,162
17,15,162,205
15,11,163,164
15,12,164,165
15,91,165,166
15,94,166,167
15,95,167,168
152,95,168,288
15,152,168,169
99,152,169,287
15,99,169,170
15,97,170,171
15,100,171,172
104,100,172,284
15,104,172,173
15,105,173,206
108,105,174,281
105,109,174,175
105,110,175,207
114,110,176,277
110,115,176,177
110,116,177,208
123,118,178,272
118,121,178,179
118,126,179,211
126,129,180,181
126,133,181,212
133,136,182,183
153,136,183,262
133,153,183,213
140,154,184,260
154,138,184,185
154,141,185,186
154,143,186,214
143,150,187,215
150,69,188,189
150,66,189,190
150,60,190,191
150,55,191,192
150,56,192,216
56,50,193,217
50,47,194,195
50,45,195,196
50,42,196,197
50,40,197,198
50,37,198,199
50,32,199,200
50,27,200,201
50,25,201,218
25,24,202,219
24,20,203,204
24,17,204,205
24,15,205,206
24,105,206,207
24,110,207,208
24,116,208,209
120,116,209,274
24,120,209,210
24,118,210,211
24,126,211,212
24,133,212,213
24,153,213,219
154,153,214,261
153,143,214,215
153,150,215,216
153,56,216,217
153,50,217,218
153,25,218,219
155,156,220,350
156,89,220,-1
89,155,220,221
157,155,221,349
89,157,221,295
158,159,222,347
159,157,222,348
157,158,222,223
160,158,223,346
157,160,223,296
161,162,224,343
162,163,224,344
163,161,224,298
164,165,225,341
165,161,225,342
161,164,225,299
166,167,226,339
167,164,226,340
164,166,226,300
168,169,227,336
169,170,227,337
170,168,227,228
171,168,228,335
170,171,228,229
172,171,229,-1
170,172,229,230
173,172,230,351
170,173,230,231
174,173,231,370
170,174,231,232
175,174,232,369
170,175,232,233
176,175,233,368
170,176,233,302
177,178,234,367
178,176,234,368
176,177,234,235
179,177,235,366
176,179,235,303
180,181,236,365
181,179,236,366
179,180,236,304
182,183,237,364
183,180,237,365
180,182,237,305
184,185,238,362
185,186,238,363
186,184,238,307
187,188,239,361
188,184,239,362
184,187,239,240
189,187,240,360
184,189,240,308
190,191,241,387
191,189,241,359
189,190,241,242
192,190,242,386
189,192,242,243
193,192,243,385
189,193,243,244
194,193,244,384
189,194,244,309
195,196,245,383
196,194,245,384
194,195,245,246
197,195,246,382
194,197,246,247
198,197,247,381
194,198,247,310
199,200,248,379
200,198,248,380
198,199,248,311
201,202,249,377
202,199,249,378
199,201,249,312
71,201,250,377
201,70,250,251
201,151,251,252
201,150,252,253
201,149,253,254
201,147,254,255
201,148,255,313
148,146,256,314
146,144,257,314
144,142,258,315
142,139,259,316
139,154,260,261
139,153,261,262
139,136,262,263
139,137,263,316
137,135,264,317
135,131,265,317
132,130,266,319
130,128,267,330
128,124,268,269
128,125,269,270
128,121,270,271
128,122,271,331
122,118,272,273
122,119,273,320
119,116,274,275
119,117,275,320
117,112,276,321
113,110,277,278
113,111,278,322
111,106,279,280
111,107,280,323
107,105,281,282
107,102,282,283
107,103,283,324
103,100,284,285
103,101,285,325
101,98,286,326
98,152,287,288
98,95,288,289
98,96,289,326
96,92,290,291
96,93,291,327
93,90,292,293
93,88,293,294
93,89,294,295
93,157,295,296
93,160,296,297
163,160,297,345
93,163,297,298
93,161,298,299
93,164,299,300
93,166,300,301
170,166,301,338
93,170,301,302
93,176,302,303
93,179,303,304
93,180,304,305
93,182,305,306
186,182,306,363
93,186,306,307
93,184,307,308
93,189,308,309
93,194,309,310
93,198,310,311
93,199,311,312
93,201,312,313
93,148,313,327
148,144,314,315
148,142,315,328
142,137,316,329
137,131,317,318
137,132,318,319
137,130,319,329
122,117,320,321
122,112,321,332
112,111,322,323
112,107,323,324
112,103,324,325
112,101,325,333
101,96,326,334
96,148,327,328
96,142,328,334
142,130,329,330
142,128,330,331
142,122,331,332
142,112,332,333
142,101,333,334
171,203,335,-1
203,168,335,336
203,169,336,337
203,170,337,338
203,166,338,339
203,167,339,340
203,164,340,341
203,165,341,342
203,161,342,343
203,162,343,344
203,163,344,345
203,160,345,346
203,158,346,347
203,159,347,348
203,157,348,349
203,155,349,350
203,156,350,-1
204,172,351,-1
173,204,351,352
205,204,352,-1
173,205,352,353
206,205,353,393
173,206,353,354
207,206,354,392
173,207,354,355
208,207,355,391
173,208,355,356
209,208,356,390
173,209,356,357
210,209,357,390
173,210,357,371
211,212,358,388
212,210,358,389
210,211,358,372
191,211,359,387
211,189,359,360
211,187,360,361
211,188,361,373
188,185,362,373
185,182,363,364
185,183,364,374
183,181,365,375
181,177,366,367
181,178,367,376
178,175,368,369
178,174,369,370
178,173,370,371
178,210,371,372
178,211,372,376
211,185,373,374
211,183,374,375
211,181,375,376
71,202,377,378
71,199,378,379
71,200,379,380
71,198,380,381
71,197,381,382
71,195,382,383
71,196,383,406
196,193,384,385
196,192,385,386
196,190,386,407
190,211,387,388
190,212,388,389
190,210,389,407
210,208,390,391
210,207,391,392
210,206,392,393
210,205,393,394
85,205,394,-1
210,85,394,395
210,82,395,396
210,83,396,397
210,79,397,398
210,80,398,408
80,87,399,400
80,77,400,401
80,78,401,409
78,76,402,410
76,73,403,404
76,72,404,405
76,71,405,406
76,196,406,410
196,210,407,408
196,80,408,409
196,78,409,410