-179.433762,42.567436,0,1,343,344
-180.0,42.0,0,344
-180.0,28.566667,0,1,78,79,329
-179.400578,42.56773,1,2,3,79,80,342,343
-178.799338,43.334185,2,3,340,341
-179.399621,42.665829,2,341,342
-178.566868,43.332608,3,4,5,80,81,339,340
-178.10096,43.732328,4,5,337,338
-178.566304,43.366988,4,338,339
-178.033566,43.732597,5,6,7,81,82,336,337
-177.766278,43.96573,6,7,334,335
-178.033632,43.799996,6,335,336
-177.466741,44.199784,7,8,9,10,11,12,13,14,15,16,17,18,19,20,21,22,82,83,333,334
-176.999202,44.901226,8,9,331,332
-177.334145,44.500891,8,332,333
-176.866667,45.0,9,10,331
-165.233333,45.0,10,11,369
-165.233049,44.966427,11,12,369,390
-165.167827,44.966051,12,13,390,391,399,400
-164.799127,44.598577,13,14,389,398,399
-164.798747,44.566145,14,15,389
-164.33293,44.133179,15,16,388,389,397,398
-164.333896,44.099973,16,17,388
-164.033665,43.832776,17,18,387,388,396,397
-163.63498,43.432289,18,19,386,387
-163.633472,43.401025,19,20,386
-163.366769,43.166743,20,21,385,386,387,395,396
-162.900438,42.699243,21,22,384,385
-162.899856,42.634157,22,23,24,83,84,384
-162.399583,42.199395,23,24,382,383
-162.833769,42.634373,23,383,384,385,394,395
-162.399458,42.167082,24,25,84,85,382
-162.100505,41.83379,25,26,27,85,86,381
-162.099565,41.900074,25,381,382,383,393,394
-161.535659,41.334236,26,27,379,380
-162.033277,41.832637,26,380,381,393
-161.53363,41.302007,27,86,87,378,379
-160.898998,40.934112,28,29,376,377
-160.900407,40.966285,28,377,378,379,380,392,393,394,395,396,397,398,399,400
-160.93451,40.966474,28,29,87,88,378
-160.36398,40.401208,29,30,31,32,33,34,88,89,376
-159.966745,39.933715,30,31,374,375,408
-160.333411,40.400845,30,375,376,377,392
-159.967365,39.834151,31,32,407,408,431,432
-160.001643,39.832862,32,33,407
-160.334485,38.834294,33,34,406,407,430,431
-160.700728,38.53412,34,35,89,90,405,406
-160.799999,38.000179,35,36,37,90,91,404
-160.764892,37.99947,35,404,405
-161.033431,37.167146,36,37,403,428,429
-160.800266,37.666915,36,404,405,406,429,430
-161.432498,36.932153,37,38,91,92,403
-161.600678,36.500302,38,39,92,93,402
-161.567489,36.500026,38,402,403,427,428
-161.831953,36.066849,39,40,41,42,43,44,93,108,109,401
-161.666708,36.20128,39,401,402,426,427
-161.966122,35.599969,40,41,247
-161.865692,35.601168,40,161,247,248,401,425,426
-163.066506,34.900759,41,42,246,247,248,249,250,251,252,253,254,255,256,257,258,259,260,261,262,310,311
-163.366762,34.966877,42,43,245,246
-163.367207,35.033177,43,44,244,245
-163.633119,35.032686,44,45,94,95,109,110,244
-164.000532,34.802005,45,46,94,243
-163.766287,34.901391,45,243,244,245,246,310
-164.234673,34.733714,46,94,95,241,242
-164.001542,34.733465,46,242,243,310,311,312,313,314,315,316,317,318,319,320,321,322,327
-166.33318,33.498778,47,48,49,96,240
-165.865007,33.499856,47,240,241,242,309,326,327,328
-164.667158,34.600453,47,95,96,97,110,111,112,113,114,115,241
-166.533876,33.332687,48,49,239,308,309,325,326
-166.334143,33.467024,48,240,309
-166.965992,33.3345,49,50,96,97,239
-167.233415,33.197923,50,51,97,98,99,100,111,238
-166.965822,33.298973,50,238,239,307,308
-167.633315,32.933297,51,52,98,237
-167.23269,33.166723,51,237,238,307
-167.901964,32.867969,52,53,98,99,236
-167.632948,32.866378,52,236,237,306,307,308,324,325
-168.565888,32.632917,53,54,99,100,235
-168.267135,32.632606,53,235,236,305,306
-168.73371,32.567038,54,55,100,101,111,112,234
-168.566463,32.565481,54,234,235,304,305
-168.868106,32.500398,55,56,57,58,59,101,233
-168.733123,32.499897,55,233,234,303,304
-169.26757,32.167583,56,57,232,302,303,304,305,306,323,324
-168.86638,32.466503,56,233,303
-169.766908,32.000658,57,58,231,232
-170.099974,31.866725,58,59,230,231
-170.333552,31.831582,59,101,102,103,104,112,113,229,230
-170.898804,31.466654,60,61,228,300,301
-170.732458,31.567909,60,229,230,231,232,301,302
-170.733855,31.634143,60,61,102,229
-171.132811,31.467326,61,62,102,103,228
-172.133638,31.166407,62,63,103,104,227
-171.132172,31.400724,62,227,228,299,300
-172.365774,31.100784,63,104,105,106,107,113,114,225,226
-172.132423,31.100098,63,226,227,298,299
-173.133596,30.632803,64,65,224,296,297
-172.766117,30.832399,64,225,226,297,298
-172.667483,30.934777,64,65,66,105,225
-173.765881,30.531627,65,66,223,224
-173.933875,30.532539,66,67,105,106,223
-174.932724,30.233462,67,68,69,106,107,222
-173.933004,30.466045,67,222,223,224,295,296
-175.10023,30.16635,68,69,220,221
-174.931331,30.166931,68,221,222,294,295
-175.466545,30.068161,69,70,71,107,114,115,220
-177.000406,29.299662,70,71,219,292,293
-176.634086,29.43371,70,220,221,293,294
-177.432283,29.301862,71,72,73,108,109,110,115,219
-177.733345,29.067659,72,73,218,290,291
-177.43418,29.267009,72,219,291,292
-178.634464,28.798984,73,74,75,76,77,78,79,80,81,82,83,84,85,86,87,88,89,90,91,92,93,108,218
-178.968135,28.467044,74,75,216,217
-178.633305,28.766141,74,217,218,289,290
-179.532566,28.200201,75,76,215,216
-179.699357,28.199196,76,77,214,215,330
-179.867133,28.366895,77,78,329,330
-179.832849,24.965423,116,117,179,180,181,182,183,184,185,186,187,207,208
-180.0,25.133333,116,129,130,180
-180.0,22.5,116,117,118,119,120,121,122,123,124,125,126,127,128
-179.834296,24.900273,117,118,178,179
-179.632016,24.700226,118,119,178
-179.600988,24.701519,119,120,177,178,179,206,207
-179.367992,24.201311,120,121,176,177
-179.366942,24.132898,121,122,175,176
-179.133253,23.732917,122,123,175
-179.098629,23.733336,123,124,174,175,176,177,206
-178.932331,23.368152,124,125,173,174
-178.89962,23.366823,125,126,172,173
-178.899503,23.198413,126,127,171,172
-178.799643,22.766581,127,128,170,171
-178.6,22.5,128,170
-178.333583,26.700634,129,130,287,288
-180.0,26.7,129,214,215,216,217,288,289
-178.067659,26.499682,130,131,132,180,181,287
-177.000217,27.299763,131,132,285,286
-177.366215,27.233744,131,286,287,288,289,290,291,292,293,294,295,296,297,298,299,300,301,302,323
-176.700129,27.299685,132,133,134,181,182,285
-175.365761,27.300096,133,134,283,284
-176.434473,27.500044,133,284,285,286,323,324,325,326,328
-173.600988,27.297972,134,135,136,182,183,283
-172.133241,27.501014,135,136,282,321,322
-173.065831,27.498567,135,283,284,322,327,328
-171.466618,27.034206,136,183,184,281,282
-169.467144,27.498878,137,138,280,319,320
-170.733441,27.399239,137,281,282,320,321
-171.064825,27.032944,137,138,184,185,281
-168.399252,27.299372,138,139,140,185,186,280
-166.900697,27.06723,139,140,278,279
-167.300129,27.500365,139,279,280,318,319
-166.900184,27.032711,140,186,187,277,278
-165.833319,27.500274,141,142,274,275
-166.233493,27.267239,141,275,276,277,278,279,317,318
-166.232288,27.232456,141,142,188,276
-165.766486,27.50038,142,188,189,190,209,210,273,274
-165.49994,28.032889,143,144,271,272
-165.567391,28.031959,143,272,273,274,275,316,317
-165.565591,27.933856,143,144,145,189,273
-165.166039,28.399774,144,145,270,271
-165.135115,28.400904,145,146,147,189,190,270
-164.332552,29.500654,146,147,268,269
-164.900056,28.932266,146,269,270,271,272,315,316
-164.300809,29.499851,147,148,190,210,211,267,268
-163.766631,30.298954,148,149,191,192,193,211,212,266
-163.933675,30.165526,148,266,267
-163.733728,30.833515,149,150,191,265
-163.768136,30.832974,149,265,266,267,268,269,314,315
-163.700017,31.365355,150,151,191,192,264
-163.73284,31.366376,150,264,265,313,314
-163.40119,32.567776,151,152,153,192,193,263
-163.699955,31.766181,151,263,264,312,313
-163.00128,33.000305,152,153,261,262
-163.400957,32.600879,152,262,263,311,312
-162.965824,33.000943,153,193,194,195,196,212,213,260,261
-162.666676,33.732216,154,155,257,258
-162.900027,33.366824,154,258,259
-162.899947,33.266898,154,155,194,259,260
-162.634348,33.732627,155,156,157,194,195,256,257
-162.400256,34.267504,156,157,254,255
-162.632105,33.899763,156,255,256
-162.366928,34.266979,157,158,159,195,196,253,254
-162.200921,34.599981,158,159,251,252
-162.365731,34.432727,158,252,253
-162.165508,34.599021,159,160,196,197,198,199,200,201,202,203,204,205,213,250,251
-161.865563,35.534916,160,161,197,248,249
-162.100587,34.966389,160,249,250
-161.532952,35.566654,161,197,198,424,425
-161.033252,35.966979,162,163,422,423
-161.199345,35.899203,162,423,424,425,426,427,428,429,430,431,432,433,435
-161.199605,35.832993,162,163,198,199,424
-160.899961,36.065841,163,164,199,200,422
-160.599498,36.13345,164,165,200,201,421
-160.900095,36.133628,164,421,422,423,434,435
-159.899931,36.199719,165,166,201,202,419,420
-160.600385,36.200635,165,420,421,434
-159.398921,36.433102,166,167,202,203,417,418
-159.500525,36.434197,166,418,419
-158.333589,36.832532,167,168,203,204,415,416
-159.132031,36.666684,167,416,417
-158.100162,36.899463,168,169,204,205,413,414
-158.33258,36.898977,168,414,415
-157.5,22.5,169,170,171,172,173,174,205,206,207,208,209,210,211,212,213
-157.5,37.133333,169,412,413
-166.49915,27.033695,187,188,208,209,276,277
-180.0,28.0,214,329,330
-180.0,45.0,331,332,333,334,335,336,337,338,339,340,341,342,343,344
-176.699162,44.000511,345,346,359,361
-176.734386,43.999449,345
-176.733369,43.83403,345,346,347,348,349
-176.633556,44.033661,346,347,351,352,360,361
-176.565742,43.933831,347,348,351
-176.534084,43.93416,348,349,350,351,352,353,354,355,356,357,358
-176.59996,43.833822,349,350
-176.533658,43.732395,350,358
-176.499903,44.033314,352,353,360,362
-176.399559,44.032771,353,354,362,363,367,368
-176.400022,43.966278,354,355,366,367
-176.467257,43.832323,355,356,366
-176.46693,43.800501,356,357
-176.533706,43.801304,357,358
-176.500809,44.165857,359,360,361,362,363
-176.668119,44.166427,359
-176.367223,44.165753,363,364,365,368
-176.26698,44.001124,364,365
-176.367394,44.232347,364
-176.299434,44.000456,365,366,367,368
-157.5,45.0,369,370,371,372,373,390,391
-158.233568,40.668662,370,371,411
-157.5,41.0,370,411,412
-158.468209,40.467604,371,372,410,411,412,413,414,415,416,417,418,419,420,433,434,435
-158.833896,40.465784,372,373,409,410
-159.79974,39.967575,373,374,375,391,392,400,409
-159.800445,39.933258,374,408,409,410,432,433