0,1,2,1,1,1,30272
3,2,4,1,0,1
5,6,7,1,1,1
8,9,10,1,1,1
11,12,13,1,1,1
14,15,16,1,1,1
17,16,18,1,0,1
19,20,21,1,1,1
22,21,23,1,0,1
24,23,25,1,0,1
26,25,27,1,0,1
28,27,29,1,0,1
30,29,31,1,0,1
32,31,33,1,0,1
34,33,35,1,0,1
36,35,37,1,0,1
38,37,39,1,0,1
40,39,41,1,0,1
42,43,44,1,1,1
45,46,47,1,1,1
48,47,49,1,0,1
50,51,52,1,1,1
53,54,55,1,1,1
56,57,58,1,1,1
59,60,61,1,1,1
62,61,63,1,0,1
64,65,66,1,1,1
67,66,68,1,0,1
69,68,70,1,0,1
71,70,72,1,0,1
73,72,74,1,0,1
75,74,76,1,0,1
77,76,78,1,0,1
79,78,80,1,0,1
81,80,82,1,0,1
83,82,84,1,0,1
85,84,86,1,0,1
87,88,89,1,1,1
90,89,91,1,0,1
92,91,93,1,0,1
94,93,95,1,0,1
96,95,97,1,0,1
98,97,99,1,0,1
100,101,102,1,1,1
103,104,105,1,1,1
106,107,108,1,1,1
109,110,111,1,1,1
112,113,114,1,1,1
115,114,116,1,0,1
117,118,119,1,1,1
120,119,121,1,0,1
122,123,124,1,1,1
125,124,126,1,0,1
127,126,128,1,0,1
129,130,131,1,1,1
132,133,134,1,1,1
135,136,137,1,1,1
138,139,140,1,1,1
141,140,142,1,0,1
143,142,144,1,0,1
145,144,146,1,0,1
147,148,149,1,1,1
150,149,151,1,0,1
152,153,154,1,1,1
155,154,156,1,0,1
157,158,159,1,1,1
160,159,161,1,0,1
162,163,164,1,1,1
165,166,167,1,1,1
168,169,170,1,1,1
171,170,172,1,0,1
173,172,174,1,0,1
175,176,177,1,1,1
178,179,180,1,1,1
181,180,182,1,0,1
183,184,185,1,1,1
186,185,187,1,0,1
188,187,189,1,0,1
190,189,191,1,0,1
192,191,193,1,0,1
194,195,196,1,1,1
197,196,198,1,0,1
199,198,200,1,0,1
201,202,203,1,1,1
204,203,205,1,0,1
206,207,208,1,1,1
209,208,210,1,0,1
211,212,213,1,1,1
214,213,215,1,0,1
216,215,217,1,0,1
4,217,218,0,0,1
7,218,219,0,0,1
10,219,220,0,0,1
13,220,221,0,0,1
18,221,222,0,0,1
223,222,224,1,0,1
41,224,225,0,0,1
44,225,226,0,0,1
227,226,228,1,0,1
49,228,229,0,0,1
52,229,230,0,0,1
55,230,231,0,0,1
232,231,233,1,0,1
63,58,234,0,0,1
86,234,235,0,0,1
99,235,236,0,0,1
102,236,237,0,0,1
105,237,238,0,0,1
108,238,239,0,0,1
111,239,240,0,0,1
116,240,241,0,0,1
121,241,242,0,0,1
128,242,243,0,0,1
131,243,244,0,0,1
134,244,245,0,0,1
137,245,246,0,0,1
146,246,247,0,0,1
151,247,248,0,0,1
156,248,249,0,0,1
161,249,250,0,0,1
164,250,251,0,0,1
167,251,252,0,0,1
253,252,254,1,0,1
174,254,255,0,0,1
177,255,256,0,0,1
182,256,257,0,0,1
193,257,258,0,0,1
200,258,259,0,0,1
205,259,260,0,0,1
210,260,233,0,0,0
261,262,263,1,1,1,30432
264,263,265,1,0,1
266,265,267,1,0,1
268,267,269,1,0,1
270,269,271,1,0,1
272,271,273,1,0,1
274,273,275,1,0,1
276,275,277,1,0,1
278,277,279,1,0,1
280,281,282,1,1,1,29152
283,282,284,1,0,1
285,286,287,1,1,1
288,289,290,1,1,1
291,290,292,1,0,1
293,294,295,1,1,1
296,297,298,1,1,1
299,300,301,1,1,1
302,301,303,1,0,1
304,303,305,1,0,1
306,305,307,1,0,1
308,307,309,1,0,1
310,311,312,1,1,1
313,312,314,1,0,1
315,316,317,1,1,1
318,317,319,1,0,1
320,321,322,1,1,1
323,324,325,1,1,1
326,327,328,1,1,1
329,330,331,1,1,1
332,333,334,1,1,1
335,336,337,1,1,1
338,339,340,1,1,1
341,342,343,1,1,1
344,345,346,1,1,1
347,346,348,1,0,1
349,348,350,1,0,1
351,350,352,1,0,1
353,354,355,1,1,1
356,357,358,1,1,1
359,358,360,1,0,1
361,362,363,1,1,1
364,363,365,1,0,1
87,365,366,0,0,1
367,366,368,1,0,1
369,368,370,1,0,1
371,370,372,1,0,1
373,374,375,1,1,1
376,377,378,1,1,1
379,380,381,1,1,1
382,383,384,1,1,1
385,386,387,1,1,1
388,389,390,1,1,1
278,391,392,0,1,1
276,392,393,0,0,1
272,274,394,0,0,1
270,394,395,0,0,1
268,395,396,0,0,1
264,266,397,0,0,1
284,261,398,0,0,1
287,398,399,0,0,1
400,399,401,1,0,1
292,401,402,0,0,1
295,402,403,0,0,1
298,403,404,0,0,1
309,404,405,0,0,1
314,405,406,0,0,1
319,406,407,0,0,1
408,407,409,1,0,1
322,410,411,0,1,1
325,411,412,0,0,1
328,413,414,0,1,1
331,414,415,0,0,1
334,415,416,0,0,1
340,417,418,0,1,1
343,419,420,0,1,1
352,420,421,0,0,1
360,355,422,0,0,1
372,422,423,0,0,1
375,423,424,0,0,1
378,424,425,0,0,1
381,425,426,0,0,1
384,426,427,0,0,1
387,427,428,0,0,1
390,428,429,0,0,1
396,393,430,0,0,1
397,430,431,0,0,1
409,431,432,0,0,1
412,432,433,0,0,1
416,433,434,0,0,1
337,434,435,0,0,1
418,435,436,0,0,1
421,436,429,0,0,0
437,438,439,1,1,1,28992
211,439,440,0,0,1
209,212,441,0,0,1
204,207,442,0,0,1
199,202,443,0,0,1
192,195,444,0,0,1
188,190,445,0,0,1
183,186,446,0,0,1
181,184,447,0,0,1
178,447,448,0,0,1
175,179,449,0,0,1
173,176,450,0,0,1
171,450,451,0,0,1
253,169,452,0,0,1
165,452,453,0,0,1
162,166,454,0,0,1
160,163,455,0,0,1
155,158,456,0,0,1
150,153,457,0,0,1
145,148,458,0,0,1
141,143,459,0,0,1
135,139,460,0,0,1
132,136,461,0,0,1
129,133,462,0,0,1
127,130,463,0,0,1
125,463,464,0,0,1
120,123,465,0,0,1
115,118,466,0,0,1
112,466,467,0,0,1
109,113,468,0,0,1
106,110,469,0,0,1
103,107,470,0,0,1
100,104,471,0,0,1
98,101,472,0,0,1
96,472,473,0,0,1
94,473,474,0,0,1
90,92,475,0,0,1
361,364,476,0,0,1
359,362,477,0,0,1
356,477,478,0,0,1
353,357,479,0,0,1
354,479,480,0,0,1
351,480,481,0,0,1
349,481,482,0,0,1
347,482,483,0,0,1
344,483,484,0,0,1
341,345,485,0,0,1
419,342,486,0,0,1
338,486,487,0,0,1
339,487,488,0,0,1
417,488,489,0,0,1
335,489,490,0,0,1
336,490,491,0,0,1
332,491,492,0,0,1
329,333,493,0,0,1
326,330,494,0,0,1
413,327,495,0,0,1
323,495,496,0,0,1
320,324,497,0,0,1
410,321,498,0,0,1
408,498,499,0,0,1
318,499,500,0,0,1
315,500,501,0,0,1
313,316,502,0,0,1
308,311,503,0,0,1
306,503,504,0,0,1
304,504,505,0,0,1
296,300,506,0,0,1
293,297,507,0,0,1
291,294,508,0,0,1
288,508,509,0,0,1
400,289,510,0,0,1
285,510,511,0,0,1
283,286,512,0,0,1
280,512,513,0,0,1
440,513,514,0,0,1
441,514,515,0,0,1
206,515,516,0,0,1
442,516,517,0,0,1
201,517,518,0,0,1
443,518,519,0,0,1
197,519,520,0,0,1
194,520,521,0,0,1
444,521,522,0,0,1
445,522,523,0,0,1
446,523,524,0,0,1
448,524,525,0,0,1
449,525,526,0,0,1
451,526,527,0,0,1
453,168,528,0,0,1
454,528,529,0,0,1
455,529,530,0,0,1
457,152,531,0,0,1
147,531,532,0,0,1
458,532,533,0,0,1
460,138,534,0,0,1
461,534,535,0,0,1
462,535,536,0,0,1
464,536,537,0,0,1
465,122,538,0,0,1
467,117,539,0,0,1
469,468,540,0,0,1
470,540,541,0,0,1
474,471,542,0,0,1
476,475,543,0,0,1
478,543,544,0,0,1
484,544,545,0,0,1
485,545,546,0,0,1
492,546,547,0,0,1
493,547,548,0,0,1
494,548,549,0,0,1
496,549,550,0,0,1
497,550,551,0,0,1
501,551,552,0,0,1
502,552,553,0,0,1
310,553,554,0,0,1
505,554,555,0,0,1
302,555,556,0,0,1
299,556,557,0,0,1
506,557,558,0,0,1
509,507,559,0,0,1
511,559,560,0,0,1
527,560,561,0,0,1
530,561,562,0,0,1
157,562,563,0,0,1
456,563,564,0,0,1
533,564,565,0,0,1
459,565,566,0,0,1
537,566,567,0,0,1
541,539,568,0,0,1
542,568,569,0,0,1
567,558,570,0,0,1
538,570,569,0,0,0
216,571,572,0,1,1,31296
214,572,437,0,0,0
19,573,574,0,1,1,28736
20,574,575,0,0,1
223,575,576,0,0,1
17,576,577,0,0,1
14,577,578,0,0,1
15,578,579,0,0,1
11,579,580,0,0,1
12,580,581,0,0,1
8,581,582,0,0,1
9,582,583,0,0,1
5,583,584,0,0,1
6,584,585,0,0,1
3,585,586,0,0,1
0,586,587,0,0,1
588,589,590,1,1,1,38464
591,590,592,1,0,1
593,592,594,1,0,1
595,594,596,1,0,1
597,596,598,1,0,1
599,600,601,1,1,1,34368
602,603,604,1,1,1
605,606,607,1,1,1
608,607,609,1,0,1
610,609,611,1,0,1
612,611,613,1,0,1
614,613,615,1,0,1
616,615,617,1,0,1
618,619,620,1,1,1
591,621,622,0,1,1
601,622,623,0,0,1
617,604,624,0,0,1
620,624,623,0,0,0
618,621,625,0,0,1,1603
616,619,626,0,0,1
627,628,629,1,1,1
630,631,632,1,1,1
633,632,634,1,0,1
593,634,635,0,0,1
625,635,636,0,0,1
626,636,629,0,0,0
627,631,637,0,0,1,38464
628,637,638,0,0,1
614,638,639,0,0,1
612,639,640,0,0,1
610,640,641,0,0,1
642,608,643,1,0,1
644,643,645,1,0,1
646,645,647,1,0,1
648,647,649,1,0,1
630,649,641,0,0,0
650,24,651,1,0,1,30208
652,653,654,1,1,1
655,654,656,1,0,1
657,656,658,1,0,1
659,658,660,1,0,1
661,662,663,1,1,1
664,663,665,1,0,1
666,665,667,1,0,1
65,667,668,0,0,1
62,668,669,0,0,1
59,669,670,0,0,1
56,60,671,0,0,1
232,57,672,0,0,1
53,672,673,0,0,1
50,54,674,0,0,1
48,51,675,0,0,1
45,675,676,0,0,1
227,46,677,0,0,1
42,677,678,0,0,1
40,43,679,0,0,1
38,679,680,0,0,1
36,680,681,0,0,1
34,681,682,0,0,1
32,682,683,0,0,1
30,683,684,0,0,1
28,684,685,0,0,1
651,26,686,0,0,1
660,686,687,0,0,1
671,670,688,0,0,1
673,688,689,0,0,1
674,689,690,0,0,1
676,690,691,0,0,1
678,691,692,0,0,1
685,692,687,0,0,0
85,88,693,0,0,1,30432
83,693,694,0,0,1
81,694,695,0,0,1
79,695,696,0,0,1
77,696,697,0,0,1
75,697,698,0,0,1
73,698,699,0,0,1
69,71,700,0,0,1
67,700,701,0,0,1
666,64,702,0,0,1
664,702,703,0,0,1
661,703,704,0,0,1
659,662,705,0,0,1
657,705,706,0,0,1
655,706,707,0,0,1
652,707,708,0,0,1
709,708,710,1,0,1
389,710,711,0,0,1
385,711,712,0,0,1
386,712,713,0,0,1
382,713,714,0,0,1
383,714,715,0,0,1
379,715,716,0,0,1
380,716,717,0,0,1
376,717,718,0,0,1
373,377,719,0,0,1
371,374,720,0,0,1
369,720,721,0,0,1
367,721,722,0,0,1
699,722,723,0,0,1
704,701,724,0,0,1
718,724,725,0,0,1
719,725,723,0,0,0