0,1,0,216
1,2,0,-1
2,0,0,4
3,4,1,731,238
4,0,1,216
0,3,1,2
5,3,2,730,238
0,5,2,4
2,6,3,-1
6,5,3,729,238
5,2,3,4
7,8,5,722
8,9,5,-1
9,7,5,6
10,7,6,723
9,10,6,10
11,12,7,725
12,10,7,724
10,11,7,8
13,11,8,726
10,13,8,9
14,13,9,726
10,14,9,10
9,14,10,727
15,16,11,169
16,17,11,-1
17,15,11,74
18,19,12,168
19,15,12,169
15,18,12,75
20,21,13,166
21,22,13,167
22,20,13,14
23,20,14,165
22,23,14,77
24,25,15,184
25,23,15,165
23,24,15,16
26,24,16,164
23,26,16,17
27,26,17,163
23,27,17,78
28,29,18,161
29,30,18,162
30,28,18,80
31,32,19,159
32,33,19,160
33,31,19,82
34,35,20,157
35,36,20,158
36,34,20,84
37,38,21,155
38,39,21,156
39,37,21,86
40,41,22,152
41,42,22,153
42,40,22,89
43,44,23,150
44,40,23,151
40,43,23,90
45,46,24,149
46,43,24,150
43,45,24,25
47,45,25,148
43,47,25,91
48,49,26,146
49,47,26,147
47,48,26,92
50,51,27,145
51,48,27,146
48,50,27,93
52,53,28,143
53,54,28,144
54,52,28,94
55,56,29,177
56,57,29,142
57,55,29,30
58,55,30,141
57,58,30,31
59,58,31,140
57,59,31,32
60,59,32,139
57,60,32,96
61,62,33,407
62,60,33,138
60,61,33,34
63,61,34,406
60,63,34,35
64,63,35,405
60,64,35,36
65,64,36,404
60,65,36,97
66,67,37,402
67,65,37,403
65,66,37,98
68,69,38,400
69,66,38,401
66,68,38,39
70,68,39,399
66,70,39,99
71,72,40,396
72,73,40,397
73,71,40,41
74,71,41,688
73,74,41,42
75,74,42,689
73,75,42,43
76,75,43,690
73,76,43,44
77,76,44,691
73,77,44,101
78,79,45,693
79,77,45,692
77,78,45,46
80,78,46,693
77,80,46,47
81,80,47,773
77,81,47,48
82,81,48,694
77,82,48,102
83,84,49,695
84,82,49,694
82,83,49,103
85,86,50,696
86,83,50,695
83,85,50,104
87,88,51,697
88,85,51,696
85,87,51,52
89,87,52,697
85,89,52,53
90,89,53,778
85,90,53,54
91,90,54,698
85,91,54,105
92,93,55,700
93,94,55,699
94,92,55,56
95,92,56,700
94,95,56,57
96,95,57,701
94,96,57,58
97,96,58,701
94,97,58,59
98,97,59,702
94,98,59,60
99,98,60,-31410
94,99,60,107
100,101,61,704
101,99,61,-31410
99,100,61,108
102,103,62,-31410
103,104,62,706
104,102,62,63
105,102,63,-31410
104,105,63,110
106,107,64,709
107,105,64,708
105,106,64,111
108,109,65,710
109,106,65,709
106,108,65,112
110,111,66,713
111,112,66,712
112,110,66,114
113,114,67,715
114,110,67,714
110,113,67,68
115,113,68,715
110,115,68,69
116,115,69,716
110,116,69,114
117,118,70,717
118,116,70,716
116,117,70,115
119,120,71,718
120,117,71,717
117,119,71,116
121,122,72,719
122,119,72,718
119,121,72,117
123,124,73,720
124,121,73,719
121,123,73,118
17,123,74,720
123,15,74,75
123,18,75,76
22,18,76,167
123,22,76,77
123,23,77,78
123,27,78,79
30,27,79,162
123,30,79,80
123,28,80,81
33,28,81,160
123,33,81,82
123,31,82,83
36,31,83,158
123,36,83,84
123,34,84,85
39,34,85,156
123,39,85,86
123,37,86,87
125,37,87,154
123,125,87,88
42,125,88,153
123,42,88,89
123,40,89,90
123,43,90,91
123,47,91,92
123,48,92,93
123,50,93,119
54,50,94,144
50,52,94,95
57,52,95,142
50,57,95,96
50,60,96,97
50,65,97,98
50,66,98,99
50,70,99,100
73,70,100,398
50,73,100,101
50,77,101,102
50,82,102,103
50,83,103,104
50,85,104,105
50,91,105,106
94,91,106,698
50,94,106,107
50,99,107,108
50,100,108,109
104,100,109,705
50,104,109,110
50,105,110,111
50,106,111,112
50,108,112,113
112,108,113,711
50,112,113,119
112,116,114,115
112,117,115,116
112,119,116,117
112,121,117,118
112,123,118,119
126,127,120,208
127,16,120,-1
16,126,120,121
128,126,121,207
16,128,121,122
129,128,122,207
16,129,122,123
130,129,123,206
16,130,123,124
131,130,124,206
16,131,124,125
132,131,125,205
16,132,125,126
133,132,126,204
16,133,126,170
134,135,127,203
135,133,127,204
133,134,127,128
136,134,128,202
133,136,128,129
137,136,129,201
133,137,129,171
138,139,130,199
139,137,130,200
137,138,130,172
140,141,131,233
141,138,131,198
138,140,131,132
142,140,132,232
138,142,132,173
143,144,133,242
144,142,133,232
142,143,133,134
145,143,134,231
142,145,134,174
146,147,135,229
147,148,135,230
148,146,135,136
149,146,136,228
148,149,136,186
62,150,137,352
150,151,137,226
151,62,137,138
151,60,138,139
151,59,139,140
151,58,140,141
151,55,141,176
56,52,142,143
56,53,143,178
53,50,144,145
53,51,145,179
51,49,146,147
51,47,147,148
51,45,148,149
51,46,149,179
46,44,150,151
46,40,151,152
46,41,152,180
41,125,153,154
41,37,154,155
41,38,155,180
38,34,156,157
38,35,157,181
35,31,158,159
35,32,159,182
32,28,160,161
32,29,161,183
29,27,162,163
29,26,163,164
29,24,164,189
25,20,165,166
25,21,166,184
21,18,167,168
21,19,168,185
19,16,169,170
19,133,170,171
19,137,171,172
19,138,172,173
19,142,173,174
19,145,174,175
148,145,175,230
19,148,175,190
151,149,176,227
149,55,176,177
149,56,177,178
149,53,178,186
53,46,179,187
46,38,180,181
46,35,181,182
46,32,182,183
46,29,183,188
24,21,184,185
24,19,185,189
148,53,186,187
148,46,187,188
148,29,188,190
29,19,189,190
152,153,191,214
153,127,191,-1
127,152,191,192
154,152,192,213
127,154,192,193
155,154,193,-1
127,155,193,194
156,155,194,217
127,156,194,195
157,156,195,237
127,157,195,196
158,157,196,236
127,158,196,197
159,158,197,236
127,159,197,212
141,160,198,234
160,138,198,199
160,139,199,200
160,137,200,201
160,136,201,202
160,134,202,203
160,135,203,209
135,132,204,205
135,131,205,210
131,129,206,211
129,126,207,208
129,127,208,211
160,159,209,235
159,135,209,210
159,131,210,212
131,127,211,212
154,161,213,-1
161,152,213,214
161,153,214,-1
4,162,215,587,238
162,1,215,-1
1,4,215,216
163,155,217,-1
156,163,217,218
164,163,218,360
156,164,218,219
165,164,219,359
156,165,219,220
166,165,220,358
156,166,220,221
167,166,221,357
156,167,221,222
168,167,222,357
156,168,222,223
169,168,223,356
156,169,223,224
170,169,224,355
156,170,224,238
171,172,225,353
172,173,225,354
173,171,225,239
150,171,226,352
171,151,226,227
171,149,227,228
171,146,228,229
171,147,229,240
147,145,230,231
147,143,231,241
144,140,232,233
144,141,233,234
144,160,234,235
144,159,235,242
159,157,236,237
159,156,237,238
159,170,238,243
173,170,239,354
170,171,239,240
170,147,240,241
170,143,241,243
143,159,242,243
174,175,244,623
175,176,244,622
176,174,244,245
177,174,245,623
176,177,245,246
178,177,246,624
176,178,246,314
179,180,247,626
180,181,247,625
181,179,247,248
182,179,248,627
181,182,248,249
183,182,249,627
181,183,249,250
184,183,250,-31410
181,184,250,251
185,184,251,-31410
181,185,251,252
186,185,252,629
181,186,252,316
187,188,253,630
188,186,253,629
186,187,253,254
189,187,254,631
186,189,254,317
190,191,255,632
191,189,255,631
189,190,255,256
192,190,256,632
189,192,256,257
193,192,257,633
189,193,257,318
194,195,258,634
195,193,258,633
193,194,258,319
196,197,259,636
197,194,259,635
194,196,259,320
198,199,260,638
199,200,260,-31410
200,198,260,261
201,198,261,638
200,201,261,262
202,201,262,639
200,202,262,263
203,202,263,639
200,203,263,322
204,205,264,-31410
205,206,264,641
206,204,264,265
207,204,265,-31410
206,207,265,266
208,207,266,643
206,208,266,324
209,210,267,644
210,208,267,643
208,209,267,268
211,209,268,645
208,211,268,269
212,211,269,645
208,212,269,325
213,214,270,-31410
214,212,270,-31410
212,213,270,326
215,216,271,648
216,213,271,647
213,215,271,272
217,215,272,649
213,217,272,327
218,219,273,650
219,217,273,649
217,218,273,328
220,221,274,651
221,218,274,650
218,220,274,275
222,220,275,652
218,222,275,329
223,224,276,653
224,222,276,652
222,223,276,277
225,223,277,654
222,225,277,278
226,225,278,654
222,226,278,330
227,228,279,656
228,226,279,655
226,227,279,330
229,230,280,657
230,227,280,656
227,229,280,281
231,229,281,657
227,231,281,282
232,231,282,443
227,232,282,283
233,232,283,443
227,233,283,284
234,233,284,487
227,234,284,285
235,234,285,442
227,235,285,286
236,235,286,441
227,236,286,287
237,236,287,440
227,237,287,331
238,239,288,439
239,237,288,440
237,238,288,289
240,238,289,438
237,240,289,332
241,242,290,484
242,243,290,437
243,241,290,291
244,241,291,436
243,244,291,292
245,244,292,435
243,245,292,334
246,247,293,434
247,245,293,435
245,246,293,335
248,249,294,432
249,250,294,433
250,248,294,337
251,252,295,430
252,253,295,431
253,251,295,296
254,251,296,429
253,254,296,339
255,256,297,427
256,257,297,428
257,255,297,341
258,259,298,478
259,255,298,427
255,258,298,299
260,258,299,426
255,260,299,342
261,262,300,424
262,260,300,425
260,261,300,343
263,264,301,476
264,261,301,424
261,263,301,302
265,263,302,423
261,265,302,303
266,265,303,422
261,266,303,344
267,268,304,420
268,266,304,421
266,267,304,345
269,270,305,419
270,267,305,420
267,269,305,346
271,272,306,418
272,269,306,419
269,271,306,307
273,271,307,417
269,273,307,346
274,275,308,416
275,273,308,417
273,274,308,309
276,274,309,415
273,276,309,347
277,278,310,414
278,276,310,415
276,277,310,311
279,277,311,413
276,279,311,348
280,281,312,411
281,279,312,412
279,280,312,349
176,282,313,-1
282,283,313,410
283,176,313,314
283,178,314,315
181,178,315,624
283,181,315,316
283,186,316,317
283,189,317,318
283,193,318,319
283,194,319,320
283,196,320,321
200,196,321,-31410
283,200,321,322
283,203,322,323
206,203,323,640
283,206,323,324
283,208,324,325
283,212,325,326
283,213,326,327
283,217,327,328
283,218,328,329
283,222,329,351
222,227,330,331
222,237,331,332
222,240,332,333
243,240,333,437
222,243,333,334
222,245,334,335
222,246,335,336
250,246,336,433
222,250,336,337
222,248,337,338
253,248,338,431
222,253,338,339
222,254,339,340
257,254,340,428
222,257,340,341
222,255,341,342
222,260,342,343
222,261,343,344
222,266,344,345
222,267,345,351
267,273,346,347
267,276,347,348
267,279,348,349
267,280,349,350
283,280,350,410
267,283,350,351
62,171,352,353
62,172,353,408
172,170,354,355
172,169,355,356
172,168,356,409
168,166,357,358
168,165,358,359
168,164,359,360
168,163,360,361
284,163,361,-1
168,284,361,409
285,286,362,-31410
286,284,362,-1
284,285,362,363
287,285,363,-31410
284,287,363,364
288,287,364,-31410
284,288,364,365
289,288,365,-31410
284,289,365,366
290,289,366,-31410
284,290,366,367
291,290,367,-31410
284,291,367,368
292,291,368,671
284,292,368,369
293,292,369,671
284,293,369,370
294,293,370,672
284,294,370,371
295,294,371,672
284,295,371,372
296,295,372,673
284,296,372,373
297,296,373,673
284,297,373,374
298,297,374,674
284,298,374,375
299,298,375,674
284,299,375,376
300,299,376,675
284,300,376,377
301,300,377,676
284,301,377,378
302,301,378,-31410
284,302,378,379
303,302,379,-31410
284,303,379,380
304,303,380,678
284,304,380,381
305,304,381,679
284,305,381,382
306,305,382,679
284,306,382,383
307,306,383,680
284,307,383,384
308,307,384,680
284,308,384,385
309,308,385,681
284,309,385,386
310,309,386,682
284,310,386,387
311,310,387,682
284,311,387,388
312,311,388,683
284,312,388,389
313,312,389,684
284,313,389,390
314,313,390,684
284,314,390,391
315,314,391,685
284,315,391,392
316,315,392,685
284,316,392,393
317,316,393,686
284,317,393,394
318,317,394,687
284,318,394,395
71,318,395,687
284,71,395,396
284,72,396,397
284,73,397,398
284,70,398,399
284,68,399,400
284,69,400,401
284,66,401,402
284,67,402,403
284,65,403,404
284,64,404,405
284,63,405,406
284,61,406,407
284,62,407,408
284,172,408,409
282,280,410,411
282,281,411,412
282,279,412,413
282,277,413,414
282,278,414,471
278,274,415,416
278,275,416,472
275,271,417,418
275,272,418,473
272,270,419,474
270,268,420,421
270,266,421,422
270,265,422,423
270,263,423,475
264,262,424,425
264,260,425,426
264,258,426,477
259,256,427,479
256,254,428,429
256,251,429,430
256,252,430,480
252,248,431,432
252,249,432,481
249,246,433,434
249,247,434,482
247,244,435,436
247,241,436,483
242,240,437,438
242,238,438,439
242,239,439,485
239,236,440,441
239,235,441,442
239,234,442,486
233,231,443,444
319,231,444,658
233,319,444,445
320,319,445,659
233,320,445,446
321,320,446,584
233,321,446,488
322,323,447,583
323,321,447,584
321,322,447,489
324,325,448,-1
325,322,448,582
322,324,448,449
326,324,449,544
322,326,449,450
327,326,450,544
322,327,450,451
328,327,451,543
322,328,451,452
329,328,452,542
322,329,452,453
330,329,453,541
322,330,453,489
331,332,454,540
332,330,454,541
330,331,454,490
333,334,455,539
334,331,455,540
331,333,455,490
335,336,456,538
336,333,456,539
333,335,456,491
337,338,457,537
338,335,457,538
335,337,457,492
339,340,458,536
340,337,458,537
337,339,458,493
341,342,459,534
342,343,459,535
343,341,459,495
344,345,460,533
345,341,460,534
341,344,460,461
346,344,461,533
341,346,461,462
347,346,462,575
341,347,462,463
348,347,463,532
341,348,463,496
349,350,464,531
350,348,464,532
348,349,464,465
351,349,465,530
348,351,465,497
352,353,466,504
353,351,466,530
351,352,466,467
354,352,467,503
351,354,467,468
355,354,468,502
351,355,468,498
356,357,469,501
357,355,469,502
355,356,469,498
282,358,470,-1
358,356,470,501
356,282,470,471
356,278,471,472
356,275,472,473
356,272,473,474
356,270,474,475
356,263,475,476
356,264,476,477
356,258,477,478
356,259,478,479
356,256,479,480
356,252,480,481
356,249,481,482
356,247,482,483
356,241,483,484
356,242,484,485
356,239,485,486
356,234,486,487
356,233,487,488
356,321,488,499
321,330,489,500
330,333,490,491
330,335,491,492
330,337,492,493
330,339,493,494
343,339,494,535
330,343,494,495
330,341,495,496
330,348,496,497
330,351,497,500
351,356,498,499
351,321,499,500
358,357,501,517
357,354,502,503
357,352,503,518
359,353,504,562
352,359,504,505
360,359,505,561
352,360,505,506
361,360,506,560
352,361,506,519
362,363,507,558
363,364,507,559
364,362,507,521
365,366,508,557
366,362,508,558
362,365,508,509
367,365,509,556
362,367,509,522
368,369,510,554
369,370,510,555
370,368,510,511
371,368,511,553
370,371,511,524
372,373,512,571
373,371,512,553
371,372,512,513
374,372,513,552
371,374,513,514
375,374,514,551
371,375,514,525
376,377,515,548
377,378,515,549
378,376,515,528
379,380,516,-1
380,381,516,546
381,379,516,529
358,379,517,-1
379,357,517,518
379,352,518,519
379,361,519,520
364,361,520,559
379,364,520,521
379,362,521,522
379,367,522,523
370,367,523,555
379,370,523,524
379,371,524,525
379,375,525,526
382,375,526,550
379,382,526,527
378,382,527,549
379,378,527,528
379,376,528,529
381,376,529,547
353,349,530,531
353,350,531,562
350,347,532,563
346,345,533,576
345,342,534,564
342,339,535,536
342,340,536,564
340,338,537,565
338,336,538,566
336,334,539,567
334,332,540,568
332,329,541,542
332,328,542,543
332,327,543,568
327,324,544,545
380,324,545,-1
327,380,545,546
327,381,546,547
327,376,547,548
327,377,548,569
377,382,549,550
377,375,550,551
377,374,551,552
377,372,552,570
373,368,553,554
373,369,554,572
369,367,555,556
369,365,556,557
369,366,557,578
366,363,558,573
363,361,559,560
363,360,560,561
363,359,561,573
359,350,562,563
359,347,563,574
345,340,564,565
345,338,565,566
345,336,566,567
345,334,567,577
334,327,568,569
334,377,569,570
334,372,570,571
334,373,571,572
334,369,572,577
366,359,573,574
366,347,574,575
366,346,575,576
366,345,576,578
345,369,577,578
383,384,579,660
384,320,579,659
320,383,579,585
385,386,580,663
386,387,580,662
387,385,580,581
325,385,581,-1
387,325,581,582
387,322,582,583
387,323,583,586
323,320,584,585
323,383,585,586
387,383,586,661
388,162,587,-1
4,388,587,588
389,388,588,590,238
4,389,588,732
390,391,589,603,238
391,388,589,-1
388,390,589,590
389,390,590,794
392,393,591,620
393,394,591,-1
394,392,591,605
395,396,592,619
396,392,592,620
392,395,592,593
397,395,593,618
392,397,593,609
398,399,594,616
399,400,594,617
400,398,594,606
401,402,595,793
402,398,595,616
398,401,595,596
403,401,596,792
398,403,596,597
404,403,597,615
398,404,597,598
405,404,598,615
398,405,598,599
406,405,599,736
398,406,599,600
407,406,600,614
398,407,600,601
408,407,601,613
398,408,601,602
409,408,602,612
398,409,602,606
410,391,603,-1
390,410,603,604
411,410,604,611,238
390,411,604,607
394,411,605,611,238
411,392,605,608
400,409,606,610
390,409,607,612
409,411,607,608
409,392,608,609
409,397,609,610
400,397,610,617
394,410,611,-1
390,408,612,613
390,407,613,614
390,406,614,735
405,403,615,737
402,399,616,738
399,397,617,618
399,395,618,619
399,396,619,738
396,393,620,621
176,393,621,-1
396,176,621,622
396,175,622,739
175,177,623,740
177,181,624,625
177,180,625,626
177,179,626,741
179,183,627,742
185,412,628,-30898
412,183,628,-30898
183,185,628,743
185,188,629,630
185,187,630,744
187,191,631,745
191,192,632,746
192,195,633,634
192,194,634,635
192,197,635,747
413,196,636,-30898
197,413,636,637
199,413,637,-30898
197,199,637,748
199,201,638,749
201,203,639,640
201,206,640,641
201,205,641,750
207,414,642,-30898
414,205,642,-30898
205,207,642,751
207,210,643,644
207,209,644,752
209,212,645,646
415,212,646,-30898
209,415,646,753
213,415,647,-30898
415,216,647,648
415,215,648,754
215,219,649,755
219,221,650,651
219,220,651,756
220,224,652,653
220,223,653,757
223,226,654,655
223,228,655,758
228,230,656,759
230,231,657,658
230,319,658,760
319,384,659,660
319,383,660,661
319,387,661,662
319,386,662,663
319,385,663,664
286,385,664,-1
319,286,664,665
416,286,665,-31234
319,416,665,666
417,416,666,-31234
319,417,666,667
288,417,667,-31234
319,288,667,668
418,288,668,-31234
319,418,668,669
419,418,669,-31234
319,419,669,670
291,419,670,-31234
319,291,670,760
291,293,671,761
293,295,672,762
295,297,673,763
297,299,674,675
297,300,675,676
297,301,676,677
420,301,677,-31234
297,420,677,764
303,420,678,-31234
420,304,678,765
304,306,679,766
306,308,680,681
306,309,681,767
309,311,682,683
309,312,683,768
312,314,684,769
314,316,685,686
314,317,686,770
317,71,687,688
317,74,688,689
317,75,689,690
317,76,690,691
317,77,691,692
317,79,692,771
79,80,693,772
81,84,694,774
84,86,695,775
86,88,696,776
88,89,697,777
90,94,698,699
90,93,699,779
93,95,700,780
95,97,701,781
421,98,702,-31298
97,421,702,703
101,421,703,-31298
97,101,703,704
97,100,704,705
97,104,705,706
97,103,706,782
105,422,707,-31298
422,103,707,-31298
103,105,707,708
103,107,708,783
107,109,709,710
107,108,710,711
107,112,711,712
107,111,712,713
107,110,713,714
107,114,714,784
114,115,715,785
115,118,716,786
118,120,717,787
120,122,718,788
122,124,719,789
124,17,720,721
8,17,721,-1
124,8,721,722
124,7,722,723
124,10,723,724
124,12,724,725
124,11,725,790
11,14,726,727
11,9,727,728
6,9,728,-1
11,6,728,729
11,5,729,730
11,3,730,731
11,4,731,732
11,389,732,733
423,389,733,794,238
11,423,733,734
390,423,734,794,238
11,390,734,735
11,406,735,736
11,405,736,737
11,403,737,791
402,396,738,739
402,175,739,740
402,177,740,741
402,179,741,742
402,183,742,743
402,185,743,744
402,187,744,745
402,191,745,746
402,192,746,747
402,197,747,748
402,199,748,749
402,201,749,750
402,205,750,751
402,207,751,752
402,209,752,753
402,415,753,754
402,215,754,755
402,219,755,756
402,220,756,757
402,223,757,758
402,228,758,759
402,230,759,793
230,291,760,761
230,293,761,762
230,295,762,763
230,297,763,764
230,420,764,765
230,304,765,766
230,306,766,767
230,309,767,768
230,312,768,769
230,314,769,770
230,317,770,771
230,79,771,772
230,80,772,773
230,81,773,774
230,84,774,775
230,86,775,776
230,88,776,777
230,89,777,778
230,90,778,779
230,93,779,780
230,95,780,781
230,97,781,782
230,103,782,783
230,107,783,784
230,114,784,785
230,115,785,786
230,118,786,787
230,120,787,788
230,122,788,789
230,124,789,790
230,11,790,791
230,403,791,792
230,401,792,793