-45.0,22.6,0,1,7
-44.978152,22.600047,0,7,1221,1228,1229
-44.947916,22.56875,0,1,2,3,4,5,6,1229
-45.0,22.5,1,2
-44.933333,22.5,2,3,484,489
-44.933001,22.534046,3,4
-44.799433,22.533929,4,5,484,485,486,487,488,489
-44.800735,22.566575,5,6,485,1219,1220
-44.800729,22.567038,6,15,1219,1226,1227,1228,1229
-45.0,22.622661,7,1221,1222,1223,1224,1225
-44.76632,22.733735,8,9,494,495
-44.7007,22.732453,8,494,1209,1210
-44.766411,22.566639,8,9,15,16,499,1210,1211,1214,1219,1220
-44.767958,22.768141,9,10,16,17,495,496,497,498
-44.901008,22.733804,10,11,12,17,18,25
-44.902292,22.765825,10,24,25,496
-45.0,22.666667,11,12,1225
-45.0,22.733333,11,19,20,21,22,23,24,25
-44.865631,22.666584,12,13,14,18,1224,1225
-44.834342,22.632788,13,14,1222,1223,1226,1227
-44.866412,22.633988,13,1223,1224
-44.799932,22.633483,14,15,16,17,18,1226
-44.966177,22.865949,19,20,30,31,32,33
-45.0,22.866667,19,26,27,31
-44.966412,22.833029,20,21,30
-44.932452,22.833594,21,22,29,30,33
-44.934288,22.798923,22,23,28,29,490
-44.931946,22.766387,23,24,490,496,497
-44.899937,22.933214,26,27,40,41
-45.0,23.066667,26,34,41,42,43
-44.867285,22.934135,27,31,32,39,40
-44.86595,22.800771,28,490,491,492,493,497,498
-44.867677,22.833086,28,29,32,33,38,39,491
-44.965993,23.099276,34,35,36,42,46,47
-45.0,23.1,34,47
-44.866668,23.132636,35,36,482,483
-44.966662,23.167467,35,45,46,478,479,480,483
-44.866333,23.066995,36,42,43,481,482
-44.666694,23.031684,37,38,51,52,491,492
-44.667308,23.066603,37,52,53
-44.700586,23.066532,37,38,39,40,41,43,53,54,481
-44.964846,23.266498,44,45,478
-44.933421,23.33405,44,56,478,479
-45.0,23.4,44,45,46,47,56,57
-44.399685,23.232451,48,49,549,557,558,562
-44.399197,23.267453,48,63,64,557
-44.534448,23.300998,48,49,50,51,52,53,54,55,58,64
-44.401555,22.9336,49,50,526,527,549,550,551,555
-44.431743,22.932527,50,51,492,493,525,526
-44.732914,23.331995,54,55,480,481,482,483
-44.733732,23.36636,55,56,57,58,479,480
-45.0,23.566667,57,58,59,60,61,62,63,64
-44.533389,23.49945,59,60,193,194
-45.0,23.7,59,65,194,195
-44.532599,23.466877,60,61,192,193
-44.267917,23.399515,61,62,192,565
-44.266391,23.366536,62,63,557,558,565,566,567
-44.966699,23.865083,65,66,195,196,269,270
-45.0,23.866667,65,270
-44.932151,24.066886,66,67,68,69,196,197,267,268
-44.968539,24.067546,66,268,269
-44.901042,24.498498,67,68,277,278,279
-44.933224,24.26657,67,267,278
-44.666141,24.83372,68,69,276,277
-44.633913,24.831687,69,70,197,198,275,276
-44.499669,25.099893,70,198,199,274
-44.533908,25.100158,70,274,275
-45.0,27.4,71,72,280,281,282,283,345,346
-45.0,25.3,71,271
-44.867679,25.432913,71,72,73,74,75,76,77,78,200,271,272
-44.600849,27.765816,72,73,345
-44.46759,27.931581,73,74,344,345,346,347,348,349,350,351,352,353,354,355,356,357,358,359,360,361,374,376,377
-43.865997,28.066897,74,75,344
-43.132947,28.733413,75,76,343,344,373,374
-42.600365,28.867575,76,77,342,343
-42.300604,28.999874,77,78,341,342
-41.999293,29.30085,78,79,80,200,201,341
-41.934182,29.36617,79,80,339,340
-41.999484,29.36748,79,340,341,342,343,372,373
-41.732484,29.5657,80,81,82,201,202,339
-41.666024,29.63382,81,82,337,338
-41.734606,29.633869,81,338,339,340,371,372
-41.466625,29.83293,82,83,202,203,337
-41.399365,29.89888,83,203,204,335,336
-41.468471,29.900293,83,336,337,338,370,371
-40.699651,31.232464,84,85,205,334
-40.933257,30.70055,84,334,335,336,370
-41.03328,30.299169,84,204,205,206,207,208,248,249,335
-40.366542,32.03207,85,86,87,205,206,333
-40.698864,31.499585,85,333,334,370,371,372,373,374,376
-40.101058,32.332991,86,87,332,368,369
-40.366605,32.066766,86,333,369,375,376,377
-40.033359,32.333542,87,88,206,207,332
-38.500492,33.599645,88,89,90,207,208,331
-39.033128,33.400708,88,331,332,367,368
-37.867089,33.732073,89,90,329,330
-38.498318,33.666544,89,330,331,366,367
-37.566848,33.734112,90,91,208,249,250,328,329
-36.435023,34.866563,91,209,210,211,250,251,326,327
-36.466738,34.866271,91,327,328
-35.833549,35.565655,92,93,209,210,324,325
-36.067492,35.567572,92,325,326,327,328,329,330,365,366
-36.067343,35.53225,92,209,326
-35.566928,35.733441,93,94,95,96,210,211,323
-35.601861,35.733736,93,323,324
-35.201501,36.099288,94,95,321,322
-35.566295,35.799749,94,322,323,324,325,364,365
-34.734143,36.565681,95,96,320,321
-33.666158,37.366305,96,97,211,251,252,319,320
-32.666733,38.366391,97,212,213,214,215,216,217,252,253,317,318
-32.934536,38.134312,97,318,319
-32.534008,38.76696,98,99,315,316
-32.600862,38.768243,98,316,317,318,319,320,321,322,363,364
-32.600939,38.632456,98,99,212,317
-32.232812,39.034106,99,100,101,102,103,104,105,106,107,108,109,110,212,213,315
-31.597703,39.367537,100,101,313,314,964
-32.233302,39.068091,100,314,315,316,362,363
-30.797604,39.334295,101,102,963,964,988,989
-30.799796,39.300486,102,103,963
-30.534118,39.300213,103,104,962,963,987,988
-30.199965,39.133026,104,105,961,962
-30.200385,39.100516,105,106,961
-29.564829,39.100083,106,107,960,961,962,986,987
-29.566369,39.066154,107,108,960
-28.900077,39.065906,108,109,959,960,985,986
-28.532784,38.867388,109,110,958,959
-28.53286,38.833808,110,111,112,213,214,958
-28.00015,38.600531,111,112,956,957
-28.365737,38.832653,111,957,958,959,984,985
-28.000015,38.56787,112,113,114,115,214,215,956
-27.698927,38.53306,113,114,954,955
-27.698781,38.567832,113,955,956,957,983,984
-27.1674,38.334076,114,115,953,954
-27.165694,38.29971,115,116,215,216,953
-26.032472,37.966046,116,117,118,216,217,952
-26.76683,38.299671,116,952,953,954,955,982,983
-25.565961,37.534035,117,118,950,951
-25.999445,37.966852,117,951,952,981,982
-25.567644,37.500213,118,119,217,253,254,950
-25.066407,37.466676,119,120,218,254,255,949
-25.068085,37.501277,119,949,950,951,980,981
-24.49993,37.433616,120,121,122,123,124,125,218,948
-24.498689,37.467984,120,948,949,979,980
-23.833332,37.166946,121,122,946,947
-24.100307,37.434876,121,947,948,978,979
-23.83327,37.101705,122,123,945,946
-23.30089,36.635334,123,124,944,945
-23.301825,36.566704,124,125,943,944
-22.900206,36.201498,125,218,219,220,221,222,223,224,225,226,227,228,229,230,231,232,233,234,235,236,255,256,942,943
-22.5,33.033333,126,127,1192,1193
-22.5,36.133333,126,941,942,943,944,945,946,947,978
-22.700831,36.133027,126,127,219,942
-22.70056,32.934086,127,128,219,220,1192
-23.065282,32.800656,128,129,130,131,132,220,221,1191
-22.698701,32.86697,128,1191,1192,1193,1194,1195,1198
-23.666946,32.633425,129,130,1019,1020,1196,1197
-23.233044,32.733062,129,1191,1197,1198
-23.83333,32.631736,130,131,1019,1188,1189
-23.833336,32.700195,131,132,1187,1188
-23.934301,32.699153,132,133,221,222,1187
-24.000836,32.633388,133,134,135,136,222,223,1186
-23.934076,32.632974,133,1186,1187,1188,1189,1190
-24.101437,32.500415,134,135,870,871,1017
-24.000152,32.567253,134,1017,1018,1186,1190
-24.4669,32.335691,135,136,869,870
-24.865601,32.332965,136,137,223,224,869
-25.666429,31.934127,137,138,139,224,225,868
-25.167505,31.934299,137,868,869,870,871,872,873,874,875,876,877,878,910,911
-26.932539,31.033081,138,139,866,867
-26.335292,31.300175,138,867,868,910
-26.999994,31.0333,139,225,226,865,866
-27.565997,30.632453,140,227,228,863,864
-27.333372,30.632717,140,864,865,866,867,910,911,912,913,914,915,916,917,918,919,920,921,922,923,928
-27.332878,30.70072,140,226,227,865
-27.931883,30.400754,141,142,143,229,230,862
-27.798932,30.400921,141,862,863,864,909,927,928
-27.800227,30.466399,141,228,229,863
-28.165304,30.098055,142,143,861,907,908
-27.933671,30.332589,142,862,908,909
-28.567925,29.765518,143,144,230,231,861
-28.967003,29.467128,144,231,232,859,860
-28.865204,29.466718,144,860,861,906,907
-29.833788,28.833107,145,146,857,858
-29.300029,29.100867,145,858,859,860,905,906
-29.301244,29.134276,145,146,232,233,859
-29.899126,28.834319,146,233,234,856,857
-30.499837,28.399964,147,148,235,236,854,855
-30.134265,28.533006,147,855,856,857,858,904,905
-30.133172,28.600796,147,234,235,856
-30.799931,28.232875,148,149,150,151,236,237,238,256,257,258,264,265,266,853
-30.732635,28.23418,148,853,854
-31.132641,27.599939,149,150,851,852
-30.79988,27.99935,149,852,853,854,855,903,904
-31.300975,27.433695,150,151,850,851
-31.365759,27.433142,151,152,237,850
-31.833762,26.898838,152,153,154,155,237,238,849
-31.366398,27.298895,152,849,850,851,852,902,903
-32.898609,25.832238,153,154,848,900,901
-32.266352,26.366981,153,849,901,902
-33.267353,25.632734,154,155,847,848
-33.53169,25.532938,155,156,238,239,240,257,847
-34.06629,25.001156,156,157,239,846
-33.533509,25.368486,156,846,847,848,899,900
-34.23393,24.965802,157,239,240,844,845
-34.066752,24.966039,157,845,846,898,899
-35.766567,23.599694,158,159,160,241,843
-34.63255,24.700099,158,843,844,845,897,898
-34.632815,24.732735,158,240,241,242,243,257,258,844
-36.266386,23.099226,159,160,842,895,896
-36.000401,23.202633,159,843,896,897
-37.033072,23.20068,160,161,241,242,841,842
-37.499666,22.932569,161,162,163,164,165,166,167,168,169,242,243,840
-37.401363,22.932765,161,840,841
-41.1,22.5,162,163,833
-37.9,22.5,162,840,841,842,894,895
-40.833313,23.100551,163,164,832,833,834,835,836,837,839
-40.599718,23.367355,164,165,832
-40.600582,23.533071,165,166,831,832,838,839
-40.366617,23.833901,166,167,830,831
-40.300361,23.966827,167,168,829,830
-40.232826,23.966941,168,169,829
-40.232927,24.135057,169,170,243,258,261,262,265,828,829,830,831,838
-40.499777,23.966325,170,259,261,826,827
-40.400244,23.999798,170,827,828
-41.233912,23.267851,171,172,173,174,175,176,177,178,179,180,181,244,823,824
-41.200049,23.266099,171,824,825
-40.932649,23.633436,171,244,259,825,826
-41.733391,22.599301,172,173,804,816
-41.699929,22.599144,172,816,817,823
-41.766596,22.700426,173,174,803,804,805,806,807,808,809,810,811
-41.832127,22.700662,174,175,802,803
-41.833636,22.732042,175,176,644,645,656,801,802
-41.765907,23.666731,176,177,643,644
-41.73532,23.66494,177,178,642,643
-41.733236,23.966049,178,179,641,642
-41.098652,24.566458,179,180,640,641
-40.733731,24.966474,180,181,639,640
-40.466425,25.201108,181,244,259,261,262,638,639
-42.368114,24.367557,182,183,634,635
-42.10021,24.633623,182,635,636,637,638,639,640,641,642,643,644,655,656,657,658,659,660,661
-41.899748,24.900431,182,183,260,263,636
-42.43292,24.367279,183,184,245,246,247,260,633,634
-43.167051,23.632448,184,185,186,187,188,189,190,191,245,632
-43.132432,23.633232,184,632,633
-43.365776,23.400582,185,186,631
-43.1652,23.568307,185,631,632,633,634,635,654,655
-43.633081,23.132943,186,187,622,623,631,654
-43.666301,23.134283,187,188,581,582,622
-43.932891,23.201059,188,189,580,581
-44.03242,23.26689,189,190,559,579,580
-44.034493,23.301818,190,191,558,559,562,563,567
-43.933907,23.632628,191,245,246,566,567
-44.033148,23.632553,192,193,194,195,196,197,198,199,246,247,565,566
-44.499492,25.600929,199,247,248,249,250,251,252,253,254,255,256,260,263,264,273,274,275,276,277,279
-44.633316,25.599807,200,201,202,203,204,248,272,273
-40.467045,25.599833,262,265,266,637,638
-41.166434,25.632269,263,264,266,636,637
-45.0,24.266667,267,268,269,270,271,272,273,278,279
-44.669031,33.234693,280,281,425
-45.0,32.933333,280,378,379,380,381,382,383,425,426
-44.66608,33.267194,281,282,424,425,426,427,428,429,430,431,432,433,434,445,447,448
-44.465731,33.266385,282,283,423,424
-44.132165,33.667462,283,284,285,346,347,423
-43.866647,33.968221,284,285,421,422
-44.133855,33.699629,284,422,423,424,444,445
-43.79991,33.967547,285,286,287,288,289,290,291,292,293,347,348,421
-43.534796,34.467789,286,287,444,445,447
-43.79879,34.100771,286,421,422,444
-42.999866,35.133426,287,288,443,446,447,448
-42.833546,35.299948,288,289,420,442,443
-42.534596,35.300569,289,290,419,420
-41.933447,35.666426,290,291,418,419
-41.599944,35.733688,291,292,417,418
-41.200836,36.000493,292,293,416,417
-40.89938,36.233584,293,348,349,415,416
-40.367568,36.801187,294,295,296,350,351,414
-40.700469,36.500868,294,414,415,416,417,418,419,420,441,442
-40.700562,36.433575,294,349,350,415
-39.83287,37.232372,295,296,412,413
-40.367502,36.832565,295,413,414,440,441
-39.800484,37.234172,296,297,298,351,352,412
-39.065912,37.999921,297,298,410,411
-39.667071,37.431944,297,411,412,413,439,440
-39.034019,37.999888,298,299,300,352,353,410
-38.266521,39.067601,299,300,408,409
-38.732495,38.633759,299,409,410,411,438,439
-38.233275,39.06613,300,353,354,407,408
-37.833022,39.701664,301,355,356,405,406
-38.065965,39.533955,301,406,407,408,409,437,438
-38.135296,39.233075,301,354,355,407
-37.201237,40.533559,302,303,304,305,357,358,404
-37.633584,40.067209,302,404,405,406,436,437
-37.633765,40.032635,302,356,357,405
-37.133767,40.633004,303,304,402,403
-37.200215,40.633711,303,403,404,435,436
-36.266584,41.50058,304,305,401,402
-36.233412,41.500922,305,306,307,308,309,358,359,400,401
-35.667347,41.567942,306,307,971,972
-36.033824,41.8007,306,399,400,929,930,972,973
-35.666985,41.532634,307,308,971
-35.299732,41.532268,308,309,970,971,972,973,974,975,976,991
-34.968101,41.467076,309,310,359,360,970
-34.400449,41.199865,310,311,312,360,361,969
-34.866553,41.464445,310,969,970,991,993
-33.667275,40.566409,311,312,967,968
-34.3324,41.198881,311,968,969,990,992,993
-33.667505,40.499267,312,361,375,377,966,967
-31.900551,39.866885,313,964,965,966,967,968,989,990
-32.065827,39.866268,313,314,362,965
-32.565075,39.932457,362,363,364,365,366,367,368,369,375,965,966
-44.434546,39.034963,378,379,473,474
-45.0,38.433333,378,449,474
-44.032436,39.399692,379,380,472,473
-43.998115,39.399577,380,381,471,472
-43.733559,39.933118,381,382,470,471
-43.365421,40.167583,382,383,469,470
-42.867462,40.566023,383,384,426,427,468,469
-42.599686,40.698703,384,427,428,466,467
-42.865408,40.599616,384,467,468
-40.666493,41.966345,385,386,387,429,430,463,464
-41.90021,41.234181,385,464,465
-41.901177,41.199438,385,428,429,465,466
-39.867328,42.498939,386,387,461,462
-40.334568,42.29949,386,462,463
-39.834211,42.499622,387,388,430,431,460,461
-39.466564,42.867648,388,389,390,391,392,393,394,431,432,458,459
-39.499316,42.865372,388,459,460
-38.998738,43.634067,389,390,761,762,771
-39.332101,43.433119,389,457,458,761
-38.63278,43.631943,390,391,760,770,771,772
-38.26769,43.267422,391,392,759,760
-38.265602,43.233368,392,393,759
-37.965627,42.966508,393,394,758,759,760,769,770
-37.967223,42.89843,394,395,396,432,433,758
-37.699893,42.698652,395,396,756,757
-37.89975,42.901006,395,757,758,768,769
-37.700321,42.634004,396,433,434,755,756
-36.499968,42.099703,397,398,753,754
-36.832344,42.365489,397,754,755,756,757,767,768
-36.901972,42.366435,397,398,434,446,448,755
-36.499483,42.067674,398,435,436,437,438,439,440,441,442,443,446,752,753
-36.03192,41.832806,399,751,929
-36.10092,41.833024,399,400,401,402,403,435,751,752
-44.500524,44.867978,449,450,451,452,453,454,455,456,457,458,459,460,461,462,463,464,465,466,467,468,469,470,471,472,473,474,476,477
-45.0,44.333333,449,477
-44.266667,45.0,450,451,475
-44.500419,44.899157,450,475,476
-42.433333,45.0,451,452,736
-42.299524,44.833886,452,453,736,737,738,739,740,741,742,743,744,745,746,747,748,749,764,765
-41.566842,44.466725,453,454,763,764
-40.932787,44.266903,454,455,763
-40.334651,44.165992,455,456,762,763,764,765,771,772
-39.765482,43.700567,456,457,761,762
-45.0,45.0,475,476,477
-44.933001,22.534045,484
-44.766579,22.566217,485,486,499,500,1220
-44.765621,22.533801,486,487,500,501
-44.700817,22.533201,487,488,501,502,503
-44.7,22.5,488,489,503,504,505,506,507
-44.465564,22.733005,493,494,495,498,525,1208,1209
-44.700204,22.565869,499,500,501,502,1203,1211
-44.601592,22.564723,502,503,507,1202,1203,1212,1217,1218
-44.500045,22.513231,504,505,508,509,510,511,512,513,514,517,1201,1204,1205
-44.5,22.5,504,1201
-44.534802,22.533165,505,506,1205,1206,1213,1217,1218
-44.598712,22.531894,506,507,1218
-44.3,22.5,508,509,545,546
-44.476977,22.5,508,1201
-44.300422,22.533254,509,510,544,545
-44.367294,22.532792,510,511,543,544
-44.366875,22.566653,511,512,542,543
-44.43407,22.567034,512,513,541,542
-44.432634,22.599481,513,514,523,524,540,541
-44.465718,22.600292,514,515,516,517,518,524,1207
-44.532527,22.53321,515,516,1204,1205,1206
-44.533417,22.601036,515,1206,1207,1208,1209,1210,1213,1214,1215,1216
-44.500118,22.534478,516,517,1204
-44.167171,22.668816,518,519,520,521,522,523,524,531
-44.466464,22.701592,518,525,526,527,528,529,530,531,1207,1208
-44.066284,22.699073,519,520,537,538,586,587,588,589,590,594
-44.066998,22.734213,519,530,531,586
-44.065871,22.599877,520,521,538,539
-44.199918,22.599857,521,522,539,540,541,542,543,544,545,546,547,548
-44.200033,22.633555,522,523,540
-44.13315,23.032228,527,528,554,555,556
-44.03278,22.933,528,529,553,554,595,600
-44.000842,22.932707,529,530,586,587,599,600
-43.998541,22.5,532,533,1200
-44.097656,22.5,532,1199
-44.16875,22.54375,532,533,547,548,1199
-43.947916,22.51875,533,534,535,536,537,538,539,548,1200
-43.866667,22.5,534,535,591,592
-43.918378,22.5,534,1200
-43.866724,22.598858,535,536,592,593
-43.899801,22.598324,536,537,593,594
-44.211213,22.5,546,547,1199
-44.264464,23.234162,549,550,561,562,563,564
-44.199578,23.13326,550,551,561,568,575
-44.100006,23.133694,551,555,556,574,575,576,577,578
-44.034897,22.966409,552,553,572,573,595
-44.034487,23.03327,552,573,574,578
-44.100034,23.034631,552,553,554,556,574
-44.099254,23.267635,559,560,563,564,579
-44.200105,23.168353,560,561,564,568
-44.099419,23.166473,560,568,569,575,576,579,580,581,582,583,585
-43.933915,23.099856,569,570,571,576,577,584
-43.933767,23.133293,569,584,585
-43.700416,23.033113,570,571,596,597,621,629,630
-43.700236,23.101336,570,583,584,585,621
-43.934979,22.999514,571,572,573,577,578,596
-43.93328,22.965339,572,595,596,597,598,599,600
-43.666778,23.099272,582,583,621,622,623,624,630
-43.866925,22.899382,587,588,598,599,601
-43.866516,22.798686,588,589,601,604,605
-43.799164,22.733486,589,590,603,604,610
-43.732939,22.602003,590,591,592,593,594,606,610,611,612,619,620
-43.8,22.5,591,606,607,608,609
-43.701667,22.966098,597,598,601,602,605,613,628,629
-43.766805,22.799027,602,603,604,605,611,612
-43.69824,22.798567,602,612,613,620
-43.766415,22.732614,603,610,611
-43.534768,22.633457,606,607,618,619
-43.501576,22.632308,607,608,617,618,670
-43.467264,22.533527,608,609,670,671,678,679,680
-43.466667,22.5,609,680,684,685
-43.59999,23.000024,613,614,615,616,617,618,619,620,627,628
-43.53274,23.032731,614,615,625,626,662,663,664,665,666,667,668,669
-43.599373,23.03292,614,626,627
-43.234201,22.933382,615,616,669,686
-43.232458,22.900256,616,617,670,671,686,692,693
-43.600103,23.132277,623,624,653,654,655,661
-43.599854,23.067113,624,625,626,627,628,629,630,652,653
-43.533365,23.065239,625,652,662
-41.899303,22.767276,645,646,656,657,795,796
-41.900436,22.73434,645,796,797,801
-41.932327,22.800025,646,647,657,658,709
-41.93335,22.767078,646,709,710,794,795
-41.998342,22.865555,647,648,658,659,774
-41.966779,22.800989,647,708,709,710,722,723,774,775
-42.032952,22.9665,648,649,650,651,659,660,773,778,779
-42.03474,22.867353,648,774,775,776,777,779
-42.733431,22.966327,649,650,664,665,703,704
-42.200005,22.93213,649,704,705,773
-43.168254,23.03383,650,651,663,664
-43.167099,23.067117,651,652,653,660,661,662,663
-43.034698,22.966642,665,666,702,703,727,728
-43.066922,22.964644,666,667,687,688,694,727
-43.167529,22.966338,667,668,687
-43.166472,22.932952,668,669,686,687,693,694,695
-43.267379,22.733966,671,672,673,674,675,676,677,679,691,692
-43.166667,22.5,672,673,696,697,698
-43.166781,22.665944,672,690,691,696
-43.3,22.5,673,674,683,684
-43.300668,22.534679,674,675,683
-43.333116,22.533367,675,676,682,683,684,685
-43.334055,22.566686,676,677,681,682
-43.399699,22.566463,677,678,679,681
-43.400752,22.533253,678,680,681,682,685
-43.099329,22.93387,688,694,695,726
-43.066321,22.932056,688,726,727,728,733
-43.099929,22.665592,689,690,696,697,699
-43.066401,22.833234,689,699,700,731,732
-43.100094,22.833133,689,690,691,692,693,695,726,732,733
-43.098734,22.63254,697,698,699,700,701,718,719
-42.9,22.5,698,717,718
-42.899311,22.833223,700,701,730,731
-42.766738,22.76724,701,719,720,729,730
-42.967109,22.899906,702,728,729,730,731,732,733
-42.8329,22.899223,702,703,704,705,706,707,720,721,729
-42.19981,22.900441,705,706,773,778
-42.132556,22.90017,706,707,777,778,779
-42.132564,22.867548,707,708,721,722,776,777
-42.067119,22.867183,708,775,776
-41.967901,22.765397,710,711,723,724,794
-42.000807,22.733658,711,712,713,724,725,793
-41.966295,22.73411,711,793,794,795,796,797,798,799,800
-42.000536,22.532531,712,713,780,781,783,791,792
-41.999138,22.634092,712,783,793,800
-42.034722,22.533021,713,714,715,716,725,780
-42.533333,22.5,714,715,735
-42.033333,22.5,714,780,781,782
-42.333871,22.598464,715,716,734,735
-42.632212,22.733684,716,717,718,719,720,721,722,723,724,725,734
-42.633333,22.5,717,734,735
-32.466667,45.0,736,737,940
-32.633154,44.800011,737,738,939,940,941,977,978,979,980,981,982,983,984,985,986,987,988,989,990,992
-32.700155,44.799944,738,739,939
-32.766554,44.665881,739,740,938,939,977
-33.000185,44.400164,740,741,937,938
-33.034462,44.400339,741,742,936,937
-33.232915,43.967768,742,743,936
-33.233894,43.899346,743,744,935,936,937,938,976,977,991,992,993
-33.567299,43.800556,744,745,935
-33.566374,43.665913,745,746,934,935,975,976
-34.168299,43.264933,746,747,933,934
-34.266953,43.266491,747,748,933
-34.400718,42.967494,748,749,932,933,934,974,975
-34.798498,42.866742,749,765,766,767,768,769,770,772,931,932
-35.633577,42.266685,750,751,752,753,754,766,767,929,930
-35.39981,42.26685,750,930,931,932,973,974
-35.401862,42.333053,750,766,931
-41.933598,22.532105,781,782,790,791
-41.933333,22.5,782,789,790
-41.966147,22.634173,783,784,785,786,792,799,800
-41.899436,22.666287,784,785,797,798,801,802,803,811
-41.965551,22.668081,784,798,799
-41.866921,22.668575,785,786,810,811
-41.865854,22.632556,786,787,788,789,790,791,792,809,810
-41.801002,22.532054,787,788,807,808,812
-41.799932,22.632852,787,808,809
-41.8,22.5,788,789,812,813
-41.733243,22.566661,804,805,815,816,817,821,822
-41.766611,22.566321,805,806,814,815
-41.76754,22.532303,806,807,812,813,814
-41.766667,22.5,813,814,815,820,821
-41.700967,22.566724,817,818,822,823,824,825,826,827,828,837,838,839
-41.666494,22.533904,818,819,820,821,822,835,836
-41.666896,22.567943,818,836,837
-41.6,22.5,819,820,833,834
-41.600166,22.534966,819,834,835
-24.09994,32.432889,871,872,1016,1017,1018,1067,1068
-24.633974,31.932631,872,873,1016
-24.633434,31.90108,873,874,1016,1066,1067
-24.933086,31.599271,874,875,1015,1065,1066
-25.599551,31.234177,875,876,1014,1015
-25.632737,31.235687,876,877,1013,1014
-25.933675,30.865526,877,878,1012,1013
-26.133728,30.666848,878,879,911,912,1012
-26.934613,29.633639,879,880,912,913,1011
-26.36585,30.200458,879,1011,1012,1013,1014,1015,1064,1065
-27.131803,29.466599,880,881,913,914,1010
-26.932491,29.600943,880,1010,1011,1063,1064
-28.467168,28.400179,881,882,914,915,1009
-27.999333,28.6326,881,1009,1010,1062,1063
-29.034907,28.099524,882,883,915,916,1007,1008
-28.467155,28.366485,882,1008,1009,1061,1062
-29.632673,27.499654,883,884,916,917,1006
-29.59839,27.498507,883,1006,1007
-30.366548,26.766017,884,917,918,1004,1005
-29.999431,27.066775,884,1005,1006,1007,1008,1060,1061
-30.633859,26.499643,885,919,920,1002,1003
-30.566747,26.499984,885,1003,1004,1005,1059,1060
-30.567162,26.532751,885,918,919,1004
-30.933491,26.200107,886,887,888,921,922,1001
-30.866157,26.200596,886,1001,1002,1003,1058,1059
-30.866058,26.23269,886,920,921,1002
-31.266693,25.833353,887,888,1000,1056,1057
-30.933101,26.166611,887,1001,1057,1058
-31.767046,25.634824,888,889,922,923,999,1000
-32.133666,25.2674,889,890,923,924,925,926,927,928,998
-32.101198,25.26587,889,998,999
-32.566671,24.567673,890,891,924,997
-32.132563,25.199497,890,997,998,999,1000,1055,1056
-32.934199,24.200257,891,892,924,925,996
-32.5669,24.533782,891,996,997,1054,1055
-33.7674,23.367595,892,893,925,926,995
-32.9344,24.13421,892,995,996,1053,1054
-34.43439,22.665737,893,894,895,896,897,898,899,900,901,902,903,904,905,906,907,908,909,926,927,994
-33.766738,23.299716,893,994,995,1052,1053
-34.566667,22.5,894,994,1051,1052
-22.5,45.0,940,941
-23.833371,32.599225,1018,1019,1020,1068,1069,1189,1190
-23.399412,32.633921,1020,1021,1069,1070,1196
-22.93495,32.667371,1021,1022,1023,1024,1025,1026,1027,1070,1071,1194,1195
-23.399099,32.666912,1021,1195,1196,1197,1198
-22.5,31.066667,1022,1023,1148,1149
-22.5,32.9,1022,1193,1194
-22.765053,30.833786,1023,1024,1148
-22.766706,30.800511,1024,1025,1147,1148,1149,1150,1151,1152,1153,1175,1176
-23.064892,30.800942,1025,1026,1146,1147
-23.365676,30.733005,1026,1027,1145,1146
-24.267672,30.433768,1027,1028,1071,1072,1145
-24.332759,29.998634,1028,1029,1030,1072,1082,1083,1144
-24.267382,30.232879,1028,1144,1145,1146,1147,1175
-25.600352,28.567536,1029,1030,1142,1143
-24.335274,29.766779,1029,1143,1144,1174,1175,1176,1177,1178,1179,1185
-25.868187,28.299475,1030,1031,1073,1074,1075,1076,1077,1083,1084,1142
-26.065655,28.033736,1031,1032,1033,1073,1141
-25.867995,28.233904,1031,1141,1142,1143,1174
-26.399285,27.499321,1032,1033,1139,1140
-26.333265,27.498349,1032,1140,1141,1173,1174,1184,1185
-26.799325,27.065456,1033,1034,1073,1074,1139
-26.932378,26.965946,1034,1035,1036,1037,1074,1075,1138
-26.800455,27.033032,1034,1138,1139,1140,1173
-27.8665,26.000177,1035,1036,1172,1182,1183
-27.232626,26.60007,1035,1138,1173,1183,1184
-28.300523,25.631772,1036,1037,1137,1171,1172
-28.467468,25.633161,1037,1038,1075,1076,1137
-29.000021,25.132778,1038,1039,1076,1077,1136
-28.964969,25.13486,1038,1136,1137,1170,1171
-29.366501,24.801324,1039,1040,1041,1077,1084,1085,1135
-29.299883,24.801044,1039,1135,1136,1169,1170
-29.833087,24.265783,1040,1041,1133,1134
-29.366766,24.732375,1040,1134,1135,1168,1169
-29.898787,24.265982,1041,1042,1043,1078,1079,1080,1081,1085,1133
-29.966669,24.033003,1042,1043,1097,1129,1130
-29.899721,24.135212,1042,1097,1098,1133,1134,1168
-29.999995,24.033443,1043,1044,1078,1129
-30.066918,23.9652,1044,1045,1046,1047,1078,1079,1128
-29.999194,23.967157,1044,1128,1129,1130,1131,1132
-30.199813,23.598724,1045,1046,1094,1095,1096,1115,1116
-30.065173,23.799589,1045,1095,1128,1132
-30.367103,23.433173,1046,1047,1093,1094
-30.433932,23.434578,1047,1048,1079,1080,1093
-30.764983,23.100716,1048,1049,1080,1081,1088
-30.466264,23.334848,1048,1088,1089,1093,1094,1114,1115
-31.167099,23.03292,1049,1081,1082,1083,1084,1085,1086,1087
-30.767661,23.033488,1049,1087,1088,1089,1090,1092
-31.8,22.5,1050,1051,1091
-31.53323,22.633305,1050,1086,1087,1091,1092
-31.53264,22.666339,1050,1051,1052,1053,1054,1055,1056,1057,1058,1059,1060,1061,1062,1063,1064,1065,1066,1067,1068,1069,1070,1071,1072,1082,1086
-30.700602,22.933947,1089,1090,1113,1114
-31.066667,22.5,1090,1091,1092,1112,1113
-29.999731,23.865567,1095,1096,1131,1132
-29.967145,23.868228,1096,1097,1098,1099,1116,1117,1130,1131
-29.833931,24.200044,1098,1099,1167,1168,1169,1170,1171,1172,1181,1182
-29.434028,24.366582,1099,1117,1118,1119,1120,1126,1127,1166,1167
-28.901595,24.867028,1100,1101,1118,1119,1164,1165
-29.267534,24.599931,1100,1165,1166,1167,1180,1181
-29.265999,24.532682,1100,1118,1166
-28.39993,25.298854,1101,1102,1103,1119,1120,1163
-28.434687,25.300244,1101,1163,1164
-27.166,26.300786,1102,1103,1161,1162
-27.598267,26.13252,1102,1162,1163,1164,1165,1180
-27.098682,26.300494,1103,1120,1121,1122,1123,1127,1160,1161
-26.765156,26.866597,1104,1105,1158,1159
-26.800228,26.865924,1104,1159,1160,1161,1162,1179,1180,1181,1182,1183,1184,1185
-26.798822,26.733826,1104,1105,1121,1160
-26.432062,27.200602,1105,1106,1107,1108,1121,1122,1158
-25.800264,27.633857,1106,1107,1157,1177,1178
-26.433949,27.233335,1106,1158,1159,1178,1179
-25.599948,27.632529,1107,1108,1156,1157
-25.300633,27.70063,1108,1122,1123,1155,1156
-23.600032,28.934153,1109,1124,1125,1152,1153
-24.067938,28.666528,1109,1153,1154,1155,1156,1157,1176,1177
-24.067262,28.634685,1109,1124,1154
-22.5,29.866667,1110,1111,1149,1150
-22.633127,29.769028,1110,1150,1151
-23.066155,29.300082,1110,1111,1112,1113,1114,1115,1116,1117,1125,1126,1151,1152
-22.5,22.5,1111,1112
-24.533447,28.167998,1123,1124,1125,1126,1127,1154,1155
-44.700186,22.566836,1202,1203,1211,1214,1215
-44.601784,22.566908,1202,1212,1215,1216
-44.589583,22.564583,1212,1213,1216,1217
-44.834173,22.600353,1221,1222,1227,1228