0,1,0,16
1,2,0,-1
2,0,0,1
3,0,1,16
2,3,1,2
4,3,2,15
2,4,2,3
5,4,3,15
2,5,3,4
6,5,4,14
2,6,4,5
7,6,5,13
2,7,5,6
8,7,6,13
2,8,6,7
9,8,7,12
2,9,7,-1
10,11,8,41
11,1,8,-1
1,10,8,9
12,10,9,40
1,12,9,10
13,12,10,39
1,13,10,11
14,13,11,38
1,14,11,17
9,14,12,-1
14,8,12,18
8,6,13,14
8,5,14,19
5,3,15,19
3,1,16,17
3,14,17,18
3,8,18,19
15,16,20,80
16,11,20,-1
11,15,20,21
17,15,21,79
11,17,21,22
18,17,22,78
11,18,22,23
19,18,23,77
11,19,23,24
20,19,24,77
11,20,24,25
21,20,25,76
11,21,25,26
22,21,26,75
11,22,26,42
23,24,27,74
24,22,27,75
22,23,27,28
25,23,28,73
22,25,28,43
26,27,29,72
27,25,29,73
25,26,29,30
28,26,30,71
25,28,30,31
29,28,31,70
25,29,31,44
30,31,32,69
31,29,32,70
29,30,32,33
32,30,33,68
29,32,33,44
33,34,34,67
34,32,34,68
32,33,34,35
35,33,35,66
32,35,35,36
36,35,36,65
32,36,36,37
14,36,37,-1
32,14,37,38
32,13,38,39
32,12,39,40
32,10,40,41
32,11,41,42
32,22,42,43
32,25,43,44
37,38,45,178
38,16,45,-1
16,37,45,46
39,37,46,178
16,39,46,47
40,39,47,206
16,40,47,48
41,40,48,177
16,41,48,49
42,41,49,176
16,42,49,50
43,42,50,176
16,43,50,51
44,43,51,204
16,44,51,52
45,44,52,175
16,45,52,53
46,45,53,174
16,46,53,80
47,48,54,173
48,46,54,174
46,47,54,81
49,50,55,201
50,47,55,173
47,49,55,56
51,49,56,172
47,51,56,82
52,53,57,199
53,51,57,172
51,52,57,58
54,52,58,171
51,54,58,83
55,56,59,170
56,54,59,171
54,55,59,60
57,55,60,169
54,57,60,61
58,57,61,168
54,58,61,84
59,60,62,167
60,58,62,168
58,59,62,63
61,59,63,166
58,61,63,64
36,61,64,-1
58,36,64,65
58,35,65,66
58,33,66,67
58,34,67,85
34,30,68,69
34,31,69,86
31,28,70,71
31,26,71,72
31,27,72,86
27,23,73,74
27,24,74,89
24,21,75,76
24,20,76,87
20,18,77,78
20,17,78,79
20,15,79,87
15,46,80,81
15,47,81,82
15,51,82,83
15,54,83,84
15,58,84,85
15,34,85,88
34,27,86,88
24,15,87,89
15,27,88,89
62,63,90,311
63,38,90,-1
38,62,90,91
64,62,91,310
38,64,91,92
65,64,92,309
38,65,92,93
66,65,93,308
38,66,93,94
67,66,94,308
38,67,94,95
68,67,95,343
38,68,95,96
69,68,96,307
38,69,96,97
70,69,97,306
38,70,97,98
71,70,98,305
38,71,98,99
72,71,99,305
38,72,99,100
73,72,100,304
38,73,100,101
74,73,101,303
38,74,101,102
75,74,102,302
38,75,102,103
76,75,103,301
38,76,103,104
77,76,104,300
38,77,104,105
78,77,105,300
38,78,105,106
79,78,106,299
38,79,106,107
80,79,107,299
38,80,107,108
81,80,108,340
38,81,108,109
82,81,109,298
38,82,109,110
83,82,110,298
38,83,110,111
84,83,111,297
38,84,111,112
85,84,112,296
38,85,112,113
86,85,113,296
38,86,113,114
87,86,114,295
38,87,114,115
88,87,115,295
38,88,115,116
89,88,116,294
38,89,116,117
90,89,117,293
38,90,117,118
91,90,118,292
38,91,118,119
92,91,119,291
38,92,119,120
93,92,120,290
38,93,120,121
94,93,121,290
38,94,121,122
95,94,122,289
38,95,122,123
96,95,123,289
38,96,123,124
97,96,124,288
38,97,124,125
98,97,125,287
38,98,125,126
99,98,126,286
38,99,126,179
100,101,127,285
101,99,127,286
99,100,127,180
102,103,128,333
103,100,128,285
100,102,128,129
104,102,129,284
100,104,129,130
105,104,130,283
100,105,130,181
106,107,131,282
107,105,131,283
105,106,131,132
108,106,132,281
105,108,132,182
109,110,133,330
110,111,133,280
111,109,133,134
112,109,134,279
111,112,134,184
113,114,135,278
114,112,135,279
112,113,135,136
115,113,136,277
112,115,136,185
116,117,137,275
117,115,137,276
115,116,137,186
118,119,138,274
119,116,138,275
116,118,138,139
120,118,139,273
116,120,139,140
121,120,140,272
116,121,140,187
122,123,141,271
123,121,141,272
121,122,141,142
124,122,142,270
121,124,142,143
125,124,143,269
121,125,143,188
126,127,144,266
127,128,144,267
128,126,144,145
129,126,145,265
128,129,145,189
130,131,146,263
131,129,146,264
129,130,146,190
132,133,147,261
133,130,147,262
130,132,147,191
134,135,148,259
135,132,148,260
132,134,148,149
136,134,149,258
132,136,149,192
137,138,150,-1
138,136,150,257
136,137,150,151
139,137,151,780
136,139,151,152
140,139,152,779
136,140,152,153
141,140,153,778
136,141,153,154
142,141,154,778
136,142,154,155
143,142,155,777
136,143,155,156
144,143,156,776
136,144,156,157
145,144,157,776
136,145,157,158
146,145,158,775
136,146,158,159
147,146,159,774
136,147,159,192
148,149,160,773
149,147,160,774
147,148,160,193
150,151,161,772
151,148,161,773
148,150,161,162
152,150,162,771
148,152,162,163
153,152,163,770
148,153,163,194
154,155,164,768
155,156,164,769
156,154,164,195
61,157,165,-1
157,158,165,767
158,61,165,166
158,59,166,167
158,60,167,196
60,57,168,169
60,55,169,170
60,56,170,197
56,52,171,198
53,49,172,200
50,48,173,202
48,45,174,175
48,44,175,203
43,41,176,177
43,40,177,205
39,38,178,179
39,99,179,180
39,100,180,181
39,105,181,182
39,108,182,183
111,108,183,280
39,111,183,184
39,112,184,185
39,115,185,186
39,116,186,187
39,121,187,188
39,125,188,207
128,159,189,267
159,129,189,190
159,130,190,191
159,132,191,209
132,147,192,193
132,148,193,194
132,153,194,209
156,153,195,769
153,154,195,210
158,154,196,767
154,60,196,197
154,56,197,198
154,52,198,199
154,53,199,200
154,49,200,201
154,50,201,202
154,48,202,203
154,44,203,204
154,43,204,205
154,40,205,206
154,39,206,207
154,125,207,208
159,125,208,268
154,159,208,210
159,153,209,210
160,161,211,437
161,63,211,-1
63,160,211,212
162,160,212,483
63,162,212,213
163,162,213,436
63,163,213,214
164,163,214,435
63,164,214,215
165,164,215,435
63,165,215,216
166,165,216,434
63,166,216,217
167,166,217,434
63,167,217,218
168,167,218,433
63,168,218,219
169,168,219,432
63,169,219,220
170,169,220,432
63,170,220,221
171,170,221,431
63,171,221,222
172,171,222,431
63,172,222,311
173,174,223,428
174,175,223,429
175,173,223,313
176,177,224,427
177,173,224,428
173,176,224,314
178,179,225,426
179,176,225,427
176,178,225,315
180,181,226,425
181,178,226,426
178,180,226,346
182,183,227,424
183,180,227,425
180,182,227,316
184,185,228,423
185,182,228,424
182,184,228,229
186,184,229,422
182,186,229,316
187,188,230,421
188,186,230,422
186,187,230,231
189,187,231,420
186,189,231,317
190,191,232,419
191,189,232,420
189,190,232,318
192,193,233,418
193,190,233,419
190,192,233,234
194,192,234,417
190,194,234,235
195,194,235,416
190,195,235,236
196,195,236,415
190,196,236,237
197,196,237,414
190,197,237,318
198,199,238,469
199,200,238,412
200,198,238,239
201,198,239,411
200,201,239,240
202,201,240,410
200,202,240,241
203,202,241,409
200,203,241,319
204,205,242,408
205,203,242,409
203,204,242,243
206,204,243,407
203,206,243,320
207,208,244,405
208,209,244,406
209,207,244,321
210,211,245,404
211,207,245,405
207,210,245,246
212,210,246,403
207,212,246,322
213,214,247,401
214,212,247,402
212,213,247,248
215,213,248,735
212,215,248,249
216,215,249,810
212,216,249,250
217,216,250,820
212,217,250,251
218,217,251,819
212,218,251,252
219,218,252,818
212,219,252,323
220,221,253,817
221,219,253,818
219,220,253,254
222,220,254,816
219,222,254,255
223,222,255,815
219,223,255,324
138,224,256,-1
224,223,256,815
223,138,256,257
223,136,257,258
223,134,258,259
223,135,259,260
223,132,260,261
223,133,261,262
223,130,262,263
223,131,263,264
223,129,264,265
223,126,265,266
223,127,266,325
127,159,267,268
127,125,268,269
127,124,269,270
127,122,270,271
127,123,271,326
123,120,272,273
123,118,273,274
123,119,274,327
119,117,275,276
119,115,276,277
119,113,277,278
119,114,278,328
114,109,279,329
110,108,280,281
110,106,281,282
110,107,282,331
107,104,283,284
107,102,284,332
103,101,285,334
101,98,286,287
101,97,287,288
101,96,288,334
96,94,289,335
94,92,290,291
94,91,291,292
94,90,292,293
94,89,293,294
94,88,294,336
88,86,295,337
86,84,296,297
86,83,297,338
83,81,298,339
80,78,299,340
78,76,300,301
78,75,301,302
78,74,302,303
78,73,303,304
78,72,304,341
72,70,305,306
72,69,306,307
72,68,307,342
67,65,308,309
67,64,309,310
67,62,310,344
62,172,311,312
175,172,312,430
62,175,312,313
62,173,313,314
62,176,314,315
62,178,315,345
180,186,316,317
180,189,317,347
189,197,318,348
200,225,319,412
225,203,319,320
225,206,320,349
209,206,321,406
206,207,321,322
206,212,322,323
206,219,323,324
206,223,324,325
206,127,325,326
206,123,326,327
206,119,327,328
206,114,328,329
206,109,329,330
206,110,330,331
206,107,331,332
206,102,332,333
206,103,333,350
103,96,334,335
103,94,335,336
103,88,336,337
103,86,337,338
103,83,338,339
103,81,339,351
81,78,340,341
81,72,341,342
81,68,342,343
81,67,343,344
81,62,344,345
81,178,345,346
81,180,346,347
81,189,347,348
81,197,348,351
225,197,349,413
197,206,349,350
197,103,350,351
226,227,352,496
227,161,352,-1
161,226,352,353
228,226,353,495
161,228,353,354
229,228,354,494
161,229,354,437
230,231,355,493
231,229,355,494
229,230,355,438
232,233,356,556
233,230,356,492
230,232,356,357
234,232,357,572
230,234,357,439
235,236,358,570
236,234,358,571
234,235,358,440
237,238,359,554
238,235,359,569
235,237,359,360
239,237,360,657
235,239,360,441
240,241,361,704
241,239,361,657
239,240,361,362
242,240,362,656
239,242,362,442
243,244,363,655
244,242,363,656
242,243,363,443
245,246,364,654
246,243,364,655
243,245,364,444
247,248,365,652
248,245,365,653
245,247,365,445
249,250,366,651
250,247,366,652
247,249,366,367
251,249,367,650
247,251,367,446
252,253,368,649
253,251,368,650
251,252,368,369
254,252,369,648
251,254,369,447
255,256,370,646
256,257,370,647
257,255,370,449
258,259,371,645
259,255,371,646
255,258,371,372
260,258,372,644
255,260,372,450
261,262,373,642
262,260,373,643
260,261,373,451
263,264,374,641
264,261,374,642
261,263,374,375
265,263,375,640
261,265,375,452
266,267,376,639
267,265,376,640
265,266,376,453
268,269,377,638
269,266,377,639
266,268,377,378
270,268,378,637
266,270,378,454
271,272,379,635
272,273,379,636
273,271,379,380
274,271,380,634
273,274,380,381
275,274,381,633
273,275,381,456
276,277,382,632
277,275,382,633
275,276,382,383
278,276,383,631
275,278,383,456
279,280,384,691
280,281,384,630
281,279,384,385
282,279,385,629
281,282,385,386
283,282,386,628
281,283,386,457
284,285,387,627
285,283,387,628
283,284,387,457
286,287,388,626
287,284,388,627
284,286,388,389
288,286,389,706
284,288,389,390
289,288,390,748
284,289,390,458
290,291,391,747
291,289,391,748
289,290,391,459
292,293,392,765
293,290,392,747
290,292,392,393
294,292,393,746
290,294,393,394
295,294,394,745
290,295,394,459
296,297,395,744
297,295,395,745
295,296,395,460
298,299,396,742
299,296,396,743
296,298,396,461
300,301,397,740
301,302,397,741
302,300,397,398
303,300,398,739
302,303,398,462
304,305,399,738
305,303,399,739
303,304,399,463
306,307,400,737
307,304,400,738
304,306,400,464
213,306,401,736
306,214,401,402
306,212,402,403
306,210,403,404
306,211,404,465
211,208,405,466
208,206,406,407
208,204,407,408
208,205,408,467
205,202,409,410
205,201,410,411
205,198,411,468
199,225,412,413
199,197,413,414
199,196,414,415
199,195,415,416
199,194,416,417
199,192,417,418
199,193,418,470
193,191,419,471
191,187,420,421
191,188,421,472
188,184,422,423
188,185,423,473
185,183,424,474
183,181,425,475
181,179,426,476
179,177,427,477
177,174,428,429
177,175,429,430
177,172,430,478
172,170,431,479
170,168,432,433
170,167,433,480
167,165,434,481
165,163,435,436
165,162,436,482
160,229,437,438
160,230,438,439
160,234,439,440
160,235,440,441
160,239,441,442
160,242,442,443
160,243,443,444
160,245,444,445
160,247,445,446
160,251,446,447
160,254,447,448
257,254,448,647
160,257,448,449
160,255,449,450
160,260,450,451
160,261,451,452
160,265,452,453
160,266,453,454
160,270,454,455
273,270,455,636
160,273,455,483
273,278,456,484
281,284,457,458
281,289,458,486
289,295,459,460
289,296,460,461
289,298,461,487
302,298,462,741
298,303,462,463
298,304,463,464
298,306,464,465
298,211,465,466
298,208,466,467
298,205,467,468
298,198,468,469
298,199,469,470
298,193,470,471
298,191,471,472
298,188,472,473
298,185,473,474
298,183,474,475
298,181,475,476
298,179,476,477
298,177,477,478
298,172,478,479
298,170,479,480
298,167,480,481
298,165,481,482
298,162,482,487
162,273,483,484
162,278,484,485
281,278,485,630
162,281,485,486
162,289,486,487
308,309,488,560
309,227,488,-1
227,308,488,489
310,308,489,559
227,310,489,490
311,310,490,558
227,311,490,491
312,311,491,558
227,312,491,497
233,312,492,557
312,230,492,493
312,231,493,497
231,228,494,495
231,226,495,496
231,227,496,497
313,314,498,606
314,315,498,-1
315,313,498,499
316,313,499,606
315,316,499,500
317,316,500,605
315,317,500,501
318,317,501,605
315,318,501,502
319,318,502,604
315,319,502,503
320,319,503,604
315,320,503,504
321,320,504,603
315,321,504,505
322,321,505,602
315,322,505,506
323,322,506,602
315,323,506,507
324,323,507,601
315,324,507,508
325,324,508,601
315,325,508,509
326,325,509,600
315,326,509,510
327,326,510,600
315,327,510,511
328,327,511,599
315,328,511,512
329,328,512,599
315,329,512,513
330,329,513,598
315,330,513,514
331,330,514,597
315,331,514,515
332,331,515,596
315,332,515,516
333,332,516,595
315,333,516,517
334,333,517,595
315,334,517,518
335,334,518,594
315,335,518,519
336,335,519,594
315,336,519,520
337,336,520,593
315,337,520,521
338,337,521,592
315,338,521,522
339,338,522,592
315,339,522,523
340,339,523,591
315,340,523,524
341,340,524,590
315,341,524,525
342,341,525,590
315,342,525,526
343,342,526,589
315,343,526,527
344,343,527,589
315,344,527,528
345,344,528,588
315,345,528,529
346,345,529,587
315,346,529,530
347,346,530,586
315,347,530,531
348,347,531,585
315,348,531,532
349,348,532,585
315,349,532,533
350,349,533,584
315,350,533,534
351,350,534,583
315,351,534,535
352,351,535,583
315,352,535,536
353,352,536,582
315,353,536,537
354,353,537,582
315,354,537,538
355,354,538,581
315,355,538,539
356,355,539,580
315,356,539,540
357,356,540,580
315,357,540,541
358,357,541,579
315,358,541,542
359,358,542,578
315,359,542,543
360,359,543,578
315,360,543,544
361,360,544,577
315,361,544,545
362,361,545,576
315,362,545,546
363,362,546,576
315,363,546,547
364,363,547,661
315,364,547,548
365,364,548,575
315,365,548,549
366,365,549,575
315,366,549,550
367,366,550,574
315,367,550,551
368,367,551,574
315,368,551,552
369,368,552,573
315,369,552,553
237,369,553,573
315,237,553,561
370,238,554,568
237,370,554,561
371,372,555,566
372,373,555,567
373,371,555,563
232,371,556,566
371,233,556,557
371,312,557,564
312,310,558,559
312,308,559,565
315,309,560,-1
308,315,560,565
315,370,561,562
373,370,562,567
315,373,562,563
315,371,563,564
315,312,564,565
232,372,566,572
372,370,567,568
372,238,568,569
372,235,569,570
372,236,570,571
372,234,571,572
237,368,573,658
368,366,574,659
366,364,575,660
363,361,576,577
363,360,577,662
360,358,578,579
360,357,579,663
357,355,580,581
357,354,581,664
354,352,582,665
352,350,583,584
352,349,584,666
349,347,585,586
349,346,586,587
349,345,587,588
349,344,588,667
344,342,589,668
342,340,590,591
342,339,591,669
339,337,592,593
339,336,593,670
336,334,594,671
334,332,595,596
334,331,596,597
334,330,597,598
334,329,598,672
329,327,599,673
327,325,600,673
325,323,601,674
323,321,602,603
323,320,603,675
320,318,604,675
318,316,605,676
316,314,606,607
374,314,607,-1
316,374,607,608
375,374,608,-1
316,375,608,609
376,375,609,792
316,376,609,610
377,376,610,791
316,377,610,611
378,377,611,790
316,378,611,612
379,378,612,790
316,379,612,613
380,379,613,789
316,380,613,614
381,380,614,788
316,381,614,615
382,381,615,787
316,382,615,677
383,384,616,718
384,382,616,719
382,383,616,678
385,386,617,716
386,387,617,717
387,385,617,618
388,385,618,715
387,388,618,680
389,390,619,713
390,391,619,714
391,389,619,682
392,393,620,712
393,389,620,713
389,392,620,683
394,395,621,752
395,392,621,712
392,394,621,622
396,394,622,711
392,396,622,684
397,398,623,710
398,396,623,711
396,397,623,624
399,397,624,709
396,399,624,685
400,401,625,707
401,402,625,708
402,400,625,687
286,400,626,706
400,287,626,688
287,285,627,689
285,282,628,629
285,279,629,690
280,278,630,631
280,276,631,632
280,277,632,692
277,274,633,634
277,271,634,635
277,272,635,693
272,270,636,637
272,268,637,638
272,269,638,694
269,267,639,695
267,263,640,641
267,264,641,696
264,262,642,643
264,260,643,644
264,258,644,645
264,259,645,697
259,256,646,698
256,254,647,648
256,252,648,649
256,253,649,699
253,249,650,651
253,250,651,700
250,248,652,653
250,245,653,654
250,246,654,701
246,244,655,702
244,240,656,703
241,237,657,658
241,368,658,659
241,366,659,660
241,364,660,661
241,363,661,662
241,360,662,663
241,357,663,664
241,354,664,665
241,352,665,666
241,349,666,667
241,344,667,668
241,342,668,669
241,339,669,670
241,336,670,671
241,334,671,672
241,329,672,705
329,325,673,674
329,323,674,705
323,318,675,676
323,316,676,677
323,382,677,678
323,383,678,679
387,383,679,717
323,387,679,680
323,388,680,681
391,388,681,714
323,391,681,682
323,389,682,683
323,392,683,684
323,396,684,685
323,399,685,686
402,399,686,708
323,402,686,687
323,400,687,688
323,287,688,689
323,285,689,690
323,279,690,691
323,280,691,692
323,277,692,693
323,272,693,694
323,269,694,695
323,267,695,696
323,264,696,697
323,259,697,698
323,256,698,699
323,253,699,700
323,250,700,701
323,246,701,702
323,244,702,703
323,240,703,704
323,241,704,705
288,400,706,707
288,401,707,749
401,399,708,709
401,397,709,710
401,398,710,750
398,394,711,751
395,393,712,753
393,390,713,754
390,388,714,715
390,385,715,716
390,386,716,754
386,383,717,718
386,384,718,719
386,382,719,720
403,382,720,787
386,403,720,755
404,405,721,805
405,403,721,800
403,404,721,756
406,407,722,796
407,408,722,809
408,406,722,723
409,406,723,823
408,409,723,724
410,409,724,834
408,410,724,758
411,412,725,832
412,410,725,833
410,411,725,726
413,411,726,831
410,413,726,727
414,413,727,830
410,414,727,728
415,414,728,829
410,415,728,759
416,417,729,-1
417,415,729,828
415,416,729,730
418,416,730,814
415,418,730,731
419,418,731,813
415,419,731,732
420,419,732,812
415,420,732,733
421,420,733,811
415,421,733,734
215,421,734,810
415,215,734,735
415,213,735,736
415,306,736,737
415,307,737,760
307,305,738,761
305,300,739,740
305,301,740,762
301,298,741,742
301,299,742,743
301,296,743,744
301,297,744,763
297,294,745,746
297,292,746,764
293,291,747,766
291,288,748,749
291,401,749,750
291,398,750,751
291,394,751,752
291,395,752,753
291,393,753,766
393,386,754,755
393,403,755,756
393,404,756,757
408,404,757,809
393,408,757,758
393,410,758,759
393,415,759,760
393,307,760,761
393,305,761,762
393,301,762,763
393,297,763,764
393,292,764,765
393,293,765,766
157,154,767,768
157,155,768,783
155,153,769,770
155,152,770,771
155,150,771,772
155,151,772,784
151,149,773,785
149,146,774,775
149,145,775,786
145,143,776,777
145,142,777,786
142,140,778,779
142,139,779,780
142,137,780,781
422,137,781,-1
142,422,781,782
157,422,782,-1
142,157,782,783
142,155,783,784
142,151,784,785
142,149,785,786
403,381,787,788
403,380,788,789
403,379,789,800
379,377,790,791
379,376,791,792
379,375,792,793
423,375,793,-1
379,423,793,801
424,425,794,826
425,423,794,827
423,424,794,801
426,427,795,824
427,424,795,825
424,426,795,802
406,426,796,823
426,407,796,797
428,407,797,808
426,428,797,798
429,428,798,807
426,429,798,803
405,430,799,805
430,429,799,806
429,405,799,804
405,379,800,804
379,424,801,802
379,426,802,803
379,429,803,804
404,430,805,806
404,429,806,807
404,428,807,808
404,407,808,809
216,421,810,811
216,420,811,812
216,419,812,813
216,418,813,820
224,416,814,-1
418,224,814,821
224,222,815,816
224,220,816,817
224,221,817,821
221,218,818,819
221,217,819,822
217,418,820,822
418,221,821,822
409,426,823,824
409,427,824,825
409,424,825,826
409,425,826,834
417,423,827,-1
425,417,827,828
425,415,828,829
425,414,829,830
425,413,830,831
425,411,831,832
425,412,832,833
425,410,833,834