0,1,0,1411
1,2,0,1396
2,0,0,1
3,0,1,1410
2,3,1,2
4,3,2,1553
2,4,2,3
5,4,3,1553
2,5,3,4
6,5,4,1590
2,6,4,5
7,6,5,1618
2,7,5,6
8,7,6,1617
2,8,6,7
9,8,7,1608
2,9,7,8
10,9,8,1615
2,10,8,9
11,10,9,1640
2,11,9,10
12,11,10,1604
2,12,10,11
13,12,11,1543
2,13,11,12
14,13,12,1540
2,14,12,13
15,14,13,1539
2,15,13,16
16,17,14,1335
17,15,14,1404
15,16,14,15
18,16,15,1398
15,18,15,16
2,18,16,1397
19,20,17,69
20,21,17,-1
21,19,17,18
22,19,18,68
21,22,18,19
23,22,19,68
21,23,19,20
24,23,20,67
21,24,20,21
25,24,21,67
21,25,21,22
26,25,22,66
21,26,22,23
27,26,23,65
21,27,23,-1
28,29,24,132
29,20,24,-1
20,28,24,25
30,28,25,131
20,30,25,69
31,32,26,130
32,30,26,131
30,31,26,70
33,34,27,138
34,35,27,129
35,33,27,28
36,33,28,128
35,36,28,29
37,36,29,127
35,37,29,72
38,39,30,126
39,37,30,127
37,38,30,31
40,38,31,125
37,40,31,73
41,42,32,124
42,40,32,125
40,41,32,74
43,44,33,122
44,45,33,123
45,43,33,34
46,43,34,121
45,46,34,76
47,48,35,118
48,49,35,119
49,47,35,36
50,47,36,117
49,50,36,37
51,50,37,164
49,51,37,38
52,51,38,512
49,52,38,39
53,52,39,547
49,53,39,40
54,53,40,547
49,54,40,41
55,54,41,546
49,55,41,42
56,55,42,546
49,56,42,43
57,56,43,545
49,57,43,78
58,59,44,544
59,57,44,545
57,58,44,45
60,58,45,543
57,60,45,79
61,62,46,542
62,60,46,543
60,61,46,47
63,61,47,541
60,63,47,80
64,65,48,539
65,66,48,540
66,64,48,49
67,64,49,538
66,67,49,82
68,69,50,537
69,67,50,538
67,68,50,83
70,71,51,536
71,68,51,537
68,70,51,52
72,70,52,535
68,72,52,84
73,74,53,784
74,72,53,534
72,73,53,54
75,73,54,768
72,75,54,55
76,75,55,768
72,76,55,56
77,76,56,767
72,77,56,57
78,77,57,743
72,78,57,58
79,78,58,743
72,79,58,85
80,81,59,756
81,79,59,753
79,80,59,86
82,83,60,792
83,80,60,758
80,82,60,87
84,85,61,809
85,82,61,810
82,84,61,62
86,84,62,833
82,86,62,88
87,88,63,805
88,86,63,837
86,87,63,64
27,87,64,-1
86,27,64,65
86,26,65,66
86,25,66,89
25,23,67,89
23,19,68,90
19,30,69,70
19,31,70,71
35,31,71,129
19,35,71,72
19,37,72,73
19,40,73,74
19,41,74,75
45,41,75,123
19,45,75,76
19,46,76,77
49,46,77,120
19,49,77,78
19,57,78,79
19,60,79,80
19,63,80,81
66,63,81,540
19,66,81,82
19,67,82,83
19,68,83,84
19,72,84,85
19,79,85,86
19,80,86,87
19,82,87,88
19,86,88,90
86,23,89,90
89,90,91,184
90,29,91,-1
29,89,91,92
91,89,92,183
29,91,92,93
92,91,93,182
29,92,93,94
93,92,94,181
29,93,94,95
94,93,95,180
29,94,95,96
95,94,96,180
29,95,96,97
96,95,97,179
29,96,97,98
97,96,98,178
29,97,98,99
98,97,99,178
29,98,99,100
99,98,100,177
29,99,100,101
100,99,101,176
29,100,101,102
101,100,102,176
29,101,102,103
102,101,103,213
29,102,103,104
103,102,104,175
29,103,104,105
104,103,105,175
29,104,105,106
105,104,106,211
29,105,106,107
106,105,107,174
29,106,107,108
107,106,108,174
29,107,108,109
108,107,109,173
29,108,109,110
109,108,110,172
29,109,110,111
110,109,111,171
29,110,111,112
111,110,112,170
29,111,112,113
112,111,113,170
29,112,113,132
113,114,114,168
114,112,114,169
112,113,114,133
115,116,115,166
116,117,115,167
117,115,115,116
50,115,116,165
117,50,116,117
117,47,117,118
117,48,118,119
117,49,119,120
117,46,120,121
117,43,121,122
117,44,122,134
44,41,123,124
44,42,124,135
42,38,125,126
42,39,126,136
39,36,127,128
39,33,128,137
34,31,129,130
34,32,130,139
32,28,131,140
28,112,132,133
28,113,133,140
117,113,134,167
113,44,134,135
113,42,135,136
113,39,136,137
113,33,137,138
113,34,138,139
113,32,139,140
118,119,141,309
119,90,141,-1
90,118,141,142
120,118,142,309
90,120,142,143
121,120,143,308
90,121,143,144
122,121,144,307
90,122,144,145
123,122,145,306
90,123,145,146
124,123,146,306
90,124,146,147
125,124,147,305
90,125,147,148
126,125,148,304
90,126,148,184
127,128,149,303
128,126,149,304
126,127,149,185
129,130,150,301
130,131,150,302
131,129,150,187
132,133,151,297
133,134,151,298
134,132,151,191
135,136,152,295
136,137,152,296
137,135,152,193
138,139,153,294
139,135,153,295
135,138,153,194
140,141,154,293
141,138,154,294
138,140,154,195
142,143,155,291
143,140,155,292
140,142,155,196
144,145,156,290
145,142,156,291
142,144,156,197
146,147,157,288
147,148,157,289
148,146,157,158
149,146,158,287
148,149,158,199
150,151,159,285
151,149,159,286
149,150,159,200
152,153,160,282
153,154,160,283
154,152,160,202
155,156,161,516
156,157,161,280
157,155,161,204
158,159,162,515
159,155,162,516
155,158,162,205
51,160,163,512
160,161,163,513
161,51,163,164
161,50,164,165
161,115,165,166
161,116,166,207
116,113,167,168
116,114,168,169
116,112,169,208
112,110,170,171
112,109,171,172
112,108,172,173
112,107,173,209
107,105,174,210
104,102,175,212
101,99,176,177
101,98,177,214
98,96,178,179
98,95,179,215
95,93,180,181
95,92,181,182
95,91,182,183
95,89,183,216
89,126,184,185
89,127,185,186
131,127,186,302
89,131,186,187
89,129,187,188
162,129,188,300
89,162,188,189
163,162,189,299
89,163,189,190
134,163,190,298
89,134,190,191
89,132,191,192
137,132,192,296
89,137,192,193
89,135,193,194
89,138,194,195
89,140,195,196
89,142,196,197
89,144,197,198
148,144,198,289
89,148,198,199
89,149,199,200
89,150,200,201
164,150,201,284
89,164,201,216
154,164,202,283
164,152,202,203
157,152,203,281
164,157,203,204
164,155,204,205
164,158,205,206
161,158,206,514
164,161,206,207
164,116,207,208
164,112,208,209
164,107,209,210
164,105,210,211
164,104,211,212
164,102,212,213
164,101,213,214
164,98,214,215
164,95,215,216
165,166,217,413
166,119,217,-1
119,165,217,218
167,165,218,412
119,167,218,219
168,167,219,411
119,168,219,310
169,170,220,409
170,171,220,410
171,169,220,312
172,173,221,408
173,169,221,409
169,172,221,222
174,172,222,407
169,174,222,313
175,176,223,420
176,177,223,405
177,175,223,224
178,175,224,404
177,178,224,315
179,180,225,403
180,178,225,404
178,179,225,316
181,182,226,402
182,179,226,403
179,181,226,317
183,184,227,401
184,181,227,402
181,183,227,318
185,186,228,418
186,183,228,401
183,185,228,229
187,185,229,400
183,187,229,319
188,189,230,399
189,187,230,400
187,188,230,320
190,191,231,398
191,188,231,399
188,190,231,321
192,193,232,397
193,190,232,398
190,192,232,322
194,195,233,396
195,192,233,397
192,194,233,234
196,194,234,395
192,196,234,323
197,198,235,393
198,196,235,394
196,197,235,324
199,200,236,391
200,197,236,392
197,199,236,325
201,202,237,389
202,199,237,390
199,201,237,326
203,204,238,387
204,201,238,388
201,203,238,327
205,206,239,385
206,203,239,386
203,205,239,240
207,205,240,384
203,207,240,328
208,209,241,382
209,207,241,383
207,208,241,242
210,208,242,381
207,210,242,329
211,212,243,379
212,210,243,380
210,211,243,330
213,214,244,377
214,211,244,378
211,213,244,331
215,216,245,1781
216,213,245,376
213,215,245,246
217,215,246,1780
213,217,246,332
218,219,247,1779
219,217,247,1780
217,218,247,248
220,218,248,1778
217,220,248,333
221,222,249,1777
222,220,249,1778
220,221,249,334
223,224,250,1776
224,221,250,1777
221,223,250,251
225,223,251,1775
221,225,251,335
226,227,252,1773
227,228,252,1774
228,226,252,337
229,230,253,1772
230,226,253,1773
226,229,253,254
231,229,254,1771
226,231,254,338
232,233,255,1770
233,231,255,1771
231,232,255,339
234,235,256,1769
235,232,256,1770
232,234,256,257
236,234,257,1768
232,236,257,340
237,238,258,1766
238,239,258,1767
239,237,258,259
240,237,259,1765
239,240,259,342
241,242,260,1763
242,243,260,1764
243,241,260,261
244,241,261,1762
243,244,261,262
245,244,262,1761
243,245,262,344
246,247,263,1760
247,245,263,1761
245,246,263,264
248,246,264,1759
245,248,264,345
249,250,265,1817
250,248,265,1759
248,249,265,266
251,249,266,1758
248,251,266,267
252,251,267,1757
248,252,267,268
253,252,268,1756
248,253,268,346
254,255,269,1755
255,253,269,1756
253,254,269,270
256,254,270,1754
253,256,270,347
257,258,271,1504
258,259,271,1753
259,257,271,272
260,257,272,1503
259,260,272,273
261,260,273,586
259,261,273,274
262,261,274,585
259,262,274,349
263,264,275,582
264,265,275,583
265,263,275,352
266,267,276,581
267,263,276,582
263,266,276,353
268,269,277,580
269,266,277,581
266,268,277,354
270,271,278,578
271,272,278,579
272,270,278,279
156,270,279,517
272,156,279,280
272,157,280,281
272,152,281,282
272,153,282,356
153,164,283,284
153,150,284,285
153,151,285,286
153,149,286,287
153,146,287,288
153,147,288,357
147,144,289,290
147,145,290,358
145,143,291,292
145,140,292,293
145,141,293,359
141,139,294,360
139,136,295,361
136,132,296,297
136,133,297,362
133,163,298,299
133,162,299,300
133,129,300,301
133,130,301,363
130,127,302,303
130,128,303,364
128,125,304,305
128,124,305,365
124,122,306,307
124,121,307,308
124,120,308,366
120,119,309,310
120,168,310,311
171,168,311,410
120,171,311,312
120,169,312,313
120,174,313,314
273,174,314,406
120,273,314,366
177,273,315,405
273,178,315,316
273,179,316,317
273,181,317,318
273,183,318,319
273,187,319,320
273,188,320,321
273,190,321,322
273,192,322,323
273,196,323,324
273,197,324,325
273,199,325,326
273,201,326,327
273,203,327,328
273,207,328,329
273,210,329,330
273,211,330,331
273,213,331,332
273,217,332,333
273,220,333,334
273,221,334,335
273,225,335,336
228,225,336,1774
273,228,336,337
273,226,337,338
273,231,338,339
273,232,339,340
273,236,340,341
239,236,341,1767
273,239,341,342
273,240,342,343
243,240,343,1764
273,243,343,344
273,245,344,345
273,248,345,346
273,253,346,347
273,256,347,348
259,256,348,1753
273,259,348,349
273,262,349,350
274,262,350,584
273,274,350,351
265,274,351,583
273,265,351,352
273,263,352,353
273,266,353,354
273,268,354,355
272,268,355,579
273,272,355,356
273,153,356,357
273,147,357,358
273,145,358,359
273,141,359,360
273,139,360,361
273,136,361,362
273,133,362,363
273,130,363,364
273,128,364,365
273,124,365,366
275,276,367,1789
276,277,367,-1
277,275,367,368
278,275,368,1788
277,278,368,369
279,278,369,1787
277,279,369,370
280,279,370,1786
277,280,370,371
281,280,371,1785
277,281,371,372
282,281,372,1784
277,282,372,373
283,282,373,1783
277,283,373,374
284,283,374,1782
277,284,374,375
216,284,375,1781
277,216,375,376
277,213,376,377
277,214,377,378
277,211,378,379
277,212,379,380
277,210,380,381
277,208,381,382
277,209,382,383
277,207,383,384
277,205,384,385
277,206,385,386
277,203,386,387
277,204,387,388
277,201,388,389
277,202,389,390
277,199,390,391
277,200,391,392
277,197,392,393
277,198,393,394
277,196,394,395
277,194,395,396
277,195,396,414
195,193,397,414
193,191,398,415
191,189,399,416
189,185,400,417
186,184,401,425
184,182,402,426
182,180,403,419
180,175,404,419
176,273,405,406
176,174,406,407
176,172,407,408
176,173,408,421
173,170,409,421
170,168,410,411
170,167,411,412
170,165,412,422
285,166,413,-1
165,285,413,423
277,193,414,415
277,191,415,416
277,189,416,417
277,185,417,418
277,186,418,424
182,175,419,420
182,176,420,427
176,170,421,422
176,165,422,423
176,285,423,427
277,285,424,451
285,186,424,425
285,184,425,426
285,182,426,427
286,287,428,475
287,285,428,-1
285,286,428,451
288,289,429,474
289,286,429,475
286,288,429,430
290,288,430,473
286,290,430,460
291,292,431,478
292,293,431,472
293,291,431,432
294,291,432,471
293,294,432,433
295,294,433,470
293,295,433,434
296,295,434,469
293,296,434,435
297,296,435,468
293,297,435,436
298,297,436,467
293,298,436,452
299,300,437,480
300,298,437,466
298,299,437,438
301,299,438,505
298,301,438,439
302,301,439,504
298,302,439,440
303,302,440,503
298,303,440,441
304,303,441,502
298,304,441,453
305,306,442,500
306,307,442,501
307,305,442,465
308,309,443,497
309,310,443,498
310,308,443,454
311,312,444,495
312,313,444,496
313,311,444,445
314,311,445,494
313,314,445,456
315,316,446,679
316,314,446,493
314,315,446,457
317,318,447,678
318,315,447,679
315,317,447,458
319,320,448,677
320,317,448,678
317,319,448,459
321,322,449,-1
322,319,449,677
319,321,449,450
277,321,450,-1
319,277,450,459
277,286,451,463
293,290,452,472
290,298,452,453
290,304,453,460
310,323,454,498
323,308,454,455
313,308,455,496
323,313,455,456
323,314,456,457
323,315,457,458
323,317,458,461
317,277,459,462
286,304,460,463
323,305,461,499
305,317,461,462
305,277,462,465
277,304,463,464
307,304,464,501
277,307,464,465
300,324,466,480
324,298,466,467
324,297,467,468
324,296,468,469
324,295,469,470
324,294,470,471
324,291,471,477
292,290,472,473
292,288,473,474
292,289,474,479
289,287,475,476
325,287,476,-1
289,325,476,479
324,325,477,-1
325,291,477,478
325,292,478,479
299,324,480,481
326,324,481,-1
299,326,481,482
327,326,482,568
299,327,482,483
328,327,483,573
299,328,483,484
329,328,484,572
299,329,484,485
330,329,485,571
299,330,485,505
331,332,486,570
332,330,486,571
330,331,486,506
333,334,487,569
334,331,487,570
331,333,487,507
335,336,488,-1
336,333,488,569
333,335,488,489
337,335,489,576
333,337,489,490
338,337,490,577
333,338,490,508
339,340,491,-1
340,338,491,577
338,339,491,492
316,339,492,676
338,316,492,493
338,314,493,494
338,311,494,495
338,312,495,509
312,308,496,497
312,309,497,510
309,323,498,499
309,305,499,500
309,306,500,511
306,304,501,502
306,303,502,503
306,302,503,504
306,301,504,511
301,330,505,506
301,331,506,507
301,333,507,508
301,338,508,509
301,312,509,510
301,309,510,511
52,160,512,513
52,161,513,514
52,158,514,515
52,159,515,548
159,156,516,517
159,270,517,518
341,270,518,578
159,341,518,519
342,341,519,643
159,342,519,549
343,344,520,642
344,342,520,643
342,343,520,550
345,346,521,640
346,347,521,641
347,345,521,552
348,349,522,639
349,345,522,640
345,348,522,553
350,351,523,637
351,352,523,638
352,350,523,555
353,354,524,636
354,350,524,637
350,353,524,525
355,353,525,635
350,355,525,556
356,357,526,633
357,358,526,634
358,356,526,527
359,356,527,632
358,359,527,558
360,361,528,720
361,359,528,632
359,360,528,529
362,360,529,719
359,362,529,530
363,362,530,788
359,363,530,559
364,365,531,787
365,363,531,788
363,364,531,560
366,367,532,786
367,364,532,787
364,366,532,561
74,368,533,785
368,366,533,786
366,74,533,534
366,72,534,535
366,70,535,536
366,71,536,562
71,69,537,562
69,64,538,539
69,65,539,563
65,63,540,541
65,61,541,542
65,62,542,564
62,58,543,544
62,59,544,565
59,56,545,566
56,54,546,567
54,52,547,548
54,159,548,549
54,342,549,550
54,343,550,551
347,343,551,641
54,347,551,552
54,345,552,553
54,348,553,554
352,348,554,638
54,352,554,555
54,350,555,556
54,355,556,557
358,355,557,634
54,358,557,558
54,359,558,559
54,363,559,560
54,364,560,561
54,366,561,567
366,69,562,563
366,65,563,564
366,62,564,565
366,59,565,566
366,56,566,567
336,326,568,-1
327,336,568,574
336,334,569,574
334,332,570,575
332,329,571,572
332,328,572,573
332,327,573,575
327,334,574,575
340,335,576,-1
337,340,576,577
341,271,578,644
271,268,579,580
271,269,580,645
269,267,581,646
267,264,582,647
264,274,583,584
264,262,584,585
264,261,585,586
264,260,586,587
369,260,587,1502
264,369,587,588
370,369,588,1265
264,370,588,589
371,370,589,1264
264,371,589,590
372,371,590,1263
264,372,590,591
373,372,591,1263
264,373,591,592
374,373,592,1262
264,374,592,593
375,374,593,1261
264,375,593,594
376,375,594,1261
264,376,594,595
377,376,595,1260
264,377,595,596
378,377,596,1259
264,378,596,597
379,378,597,1258
264,379,597,598
380,379,598,1258
264,380,598,674
381,382,599,1257
382,380,599,1295
380,381,599,600
383,381,600,1256
380,383,600,672
384,385,601,1254
385,386,601,1255
386,384,601,602
387,384,602,1253
386,387,602,648
388,389,603,1292
389,390,603,1252
390,388,603,604
391,388,604,1251
390,391,604,649
392,393,605,1231
393,391,605,1251
391,392,605,606
394,392,606,705
391,394,606,607
395,394,607,704
391,395,607,650
396,397,608,703
397,395,608,704
395,396,608,651
398,399,609,733
399,400,609,702
400,398,609,610
401,398,610,701
400,401,610,611
402,401,611,700
400,402,611,653
403,404,612,731
404,402,612,700
402,403,612,613
405,403,613,699
402,405,613,614
406,405,614,698
402,406,614,654
407,408,615,697
408,406,615,698
406,407,615,655
409,410,616,696
410,407,616,697
407,409,616,617
411,409,617,695
407,411,617,618
412,411,618,694
407,412,618,656
413,414,619,692
414,412,619,693
412,413,619,620
415,413,620,691
412,415,620,657
416,417,621,689
417,415,621,690
415,416,621,668
418,419,622,688
419,416,622,689
416,418,622,623
420,418,623,687
416,420,623,658
421,422,624,686
422,420,624,687
420,421,624,658
423,424,625,685
424,421,625,686
421,423,625,626
425,423,626,684
421,425,626,659
426,427,627,683
427,425,627,684
425,426,627,628
428,426,628,682
425,428,628,673
429,430,629,722
430,431,629,723
431,429,629,660
432,433,630,721
433,429,630,722
429,432,630,660
361,434,631,720
434,432,631,721
432,361,631,661
361,356,632,633
361,357,633,662
357,355,634,635
357,353,635,636
357,354,636,663
354,351,637,664
351,348,638,639
351,349,639,665
349,346,640,670
346,343,641,642
346,344,642,666
344,341,643,644
344,271,644,645
344,269,645,646
344,267,646,647
344,264,647,666
386,383,648,1255
383,387,648,667
390,387,649,1252
387,391,649,650
387,395,650,651
387,396,651,652
400,396,652,702
387,400,652,653
387,402,653,654
387,406,654,655
387,407,655,656
387,412,656,657
387,415,657,667
416,421,658,659
416,425,659,668
431,432,660,661
431,361,661,662
431,357,662,663
431,354,663,664
431,351,664,665
431,349,665,669
346,264,666,671
383,415,667,672
415,425,668,675
431,428,669,682
428,349,669,670
428,346,670,671
428,264,671,673
380,415,672,674
425,264,673,675
264,415,674,675
322,339,676,-1
316,322,676,680
322,320,677,681
320,318,678,681
318,316,679,680
318,322,680,681
431,426,682,683
431,427,683,724
427,423,684,685
427,424,685,725
424,422,686,726
422,418,687,688
422,419,688,727
419,417,689,690
419,415,690,691
419,413,691,692
419,414,692,693
419,412,693,694
419,411,694,695
419,409,695,696
419,410,696,728
410,408,697,729
408,405,698,699
408,403,699,730
404,401,700,701
404,398,701,732
399,396,702,703
399,397,703,734
397,394,704,705
397,392,705,706
435,392,706,1230
397,435,706,707
436,435,707,1230
397,436,707,735
437,438,708,1103
438,436,708,1158
436,437,708,736
439,440,709,1101
440,437,709,1102
437,439,709,710
441,439,710,1100
437,441,710,737
442,443,711,991
443,441,711,1019
441,442,711,712
444,442,712,990
441,444,712,737
445,446,713,988
446,444,713,989
444,445,713,742
447,448,714,924
448,449,714,987
449,447,714,715
450,447,715,842
449,450,715,716
451,450,716,841
449,451,716,717
452,451,717,778
449,452,717,718
362,452,718,778
449,362,718,719
449,360,719,738
360,434,720,739
434,433,721,740
433,430,722,723
433,431,723,724
433,427,724,725
433,424,725,726
433,422,726,727
433,419,727,728
433,410,728,729
433,408,729,730
433,403,730,731
433,404,731,732
433,398,732,733
433,399,733,734
433,397,734,735
433,436,735,736
433,437,736,741
437,444,737,741
449,445,738,987
445,360,738,739
445,434,739,740
445,433,740,742
433,444,741,742
79,77,743,744
453,77,744,763
79,453,744,745
454,453,745,762
79,454,745,754
455,456,746,765
456,457,746,766
457,455,746,747
458,455,747,761
457,458,747,748
459,458,748,760
457,459,748,749
460,459,749,827
457,460,749,755
461,462,750,861
462,460,750,826
460,461,750,751
463,461,751,793
460,463,751,752
81,463,752,756
460,81,752,753
460,79,753,754
460,454,754,755
457,454,755,762
80,463,756,757
464,463,757,793
80,464,757,758
83,464,758,792
465,466,759,819
466,76,759,775
76,465,759,764
459,465,760,827
465,458,760,761
465,455,761,764
457,453,762,763
457,77,763,766
76,455,764,765
76,456,765,767
456,77,766,767
76,73,768,769
467,73,769,783
76,467,769,776
468,469,770,839
469,467,770,782
467,468,770,771
470,468,771,830
467,470,771,772
471,470,772,829
467,471,772,773
472,471,773,828
467,472,773,777
473,474,774,820
474,472,774,828
472,473,774,777
466,473,775,819
473,76,775,776
473,467,776,777
362,451,778,779
475,451,779,840
362,475,779,789
476,477,780,852
477,475,780,840
475,476,780,781
469,476,781,839
475,469,781,782
475,467,782,783
475,73,783,784
475,74,784,785
475,368,785,790
368,367,786,790
367,365,787,791
365,362,788,789
365,475,789,791
475,367,790,791
82,464,792,810
464,461,793,794
478,461,794,861
464,478,794,795
479,478,795,872
464,479,795,811
480,481,796,884
481,479,796,871
479,480,796,811
482,483,797,893
483,484,797,891
484,482,797,798
485,482,798,902
484,485,798,818
486,487,799,879
487,485,799,908
485,486,799,800
488,486,800,883
485,488,800,801
489,488,801,-1
485,489,801,802
490,489,802,875
485,490,802,803
491,490,803,874
485,491,803,813
87,492,804,-1
492,491,804,874
491,87,804,805
491,88,805,806
493,88,806,836
491,493,806,807
494,493,807,835
491,494,807,813
495,496,808,834
496,494,808,835
494,495,808,814
84,497,809,833
497,85,809,815
85,464,810,816
464,480,811,812
484,480,812,884
464,484,812,817
485,494,813,814
485,495,814,818
497,495,815,834
495,85,815,816
495,464,816,817
495,484,817,818
465,473,819,820
465,474,820,821
498,474,821,832
465,498,821,822
499,498,822,853
465,499,822,823
500,499,823,876
465,500,823,824
501,500,824,878
465,501,824,825
462,501,825,862
465,462,825,826
465,460,826,827
474,471,828,829
474,470,829,832
502,468,830,850
470,502,830,831
498,502,831,849
470,498,831,832
86,497,833,838
497,496,834,838
496,493,835,836
496,88,836,837
496,86,837,838
468,476,839,851
477,451,840,841
477,450,841,842
477,447,842,843
503,447,843,924
477,503,843,844
504,503,844,913
477,504,844,845
505,504,845,913
477,505,845,852
506,507,846,941
507,505,846,922
505,506,846,847
508,506,847,854
505,508,847,848
498,508,848,853
505,498,848,849
505,502,849,850
505,468,850,851
505,476,851,852
499,508,853,859
509,506,854,941
508,509,854,855
510,509,855,963
508,510,855,860
511,512,856,950
512,510,856,951
510,511,856,857
513,511,857,864
510,513,857,858
514,513,858,877
510,514,858,860
499,514,859,876
514,508,859,860
478,462,861,862
478,501,862,863
513,501,863,878
478,513,863,864
478,511,864,872
515,516,865,932
516,511,865,950
511,515,865,866
517,515,866,931
511,517,866,867
518,517,867,897
511,518,867,868
519,518,868,896
511,519,868,869
520,519,869,886
511,520,869,873
481,521,870,885
521,520,870,886
520,481,870,871
520,479,871,873
479,511,872,873
492,490,874,875
492,489,875,-1
500,514,876,877
500,513,877,878
522,487,879,912
486,522,879,880
523,522,880,907
486,523,880,881
524,523,881,907
486,524,881,882
525,524,882,906
486,525,882,883
488,525,883,-1
484,481,884,885
484,521,885,892
521,519,886,887
526,519,887,895
521,526,887,892
527,528,888,901
528,526,888,895
526,527,888,889
529,527,889,894
526,529,889,890
483,529,890,893
526,483,890,891
526,484,891,892
482,529,893,894
482,527,894,900
528,519,895,896
528,518,896,897
528,517,897,898
530,517,898,931
528,530,898,899
531,530,899,903
528,531,899,901
482,531,900,902
531,527,900,901
485,531,902,908
532,530,903,939
531,532,903,909
533,534,904,994
534,532,904,938
532,533,904,905
535,533,905,1007
532,535,905,909
525,535,906,-1
535,524,906,910
524,522,907,911
487,531,908,912
531,535,909,910
531,524,910,911
531,522,911,912
505,503,913,914
536,503,914,930
505,536,914,915
537,536,915,929
505,537,915,916
538,537,916,946
505,538,916,917
539,538,917,949
505,539,917,923
540,541,918,1022
541,539,918,948
539,540,918,923
542,543,919,1052
543,540,919,1021
540,542,919,920
544,542,920,943
540,544,920,921
507,544,921,942
540,507,921,922
540,505,922,923
503,448,924,930
545,546,925,1016
546,448,925,993
448,545,925,926
547,545,926,1016
448,547,926,927
548,547,927,947
448,548,927,928
537,548,928,946
448,537,928,929
448,536,929,930
530,515,931,940
549,516,932,958
515,549,932,933
550,549,933,1009
515,550,933,940
551,552,934,1014
552,550,934,1015
550,551,934,935
553,551,935,996
550,553,935,936
554,553,936,995
550,554,936,937
534,554,937,994
550,534,937,938
550,532,938,939
550,530,939,940
509,507,941,942
509,544,942,943
509,542,943,944
555,542,944,1059
509,555,944,945
556,555,945,964
509,556,945,963
538,548,946,949
541,547,947,1023
548,541,947,948
548,539,948,949
516,512,950,959
557,510,951,984
512,557,951,952
558,557,952,983
512,558,952,960
559,560,953,1041
560,561,953,1070
561,559,953,954
562,559,954,997
561,562,954,955
563,562,955,1013
561,563,955,961
564,565,956,1011
565,563,956,1012
563,564,956,962
549,566,957,1009
566,564,957,1010
564,549,957,958
564,516,958,959
564,512,959,960
564,558,960,962
561,558,961,1063
558,563,961,962
510,556,963,964
510,555,964,965
567,555,965,1058
510,567,965,966
568,567,966,1098
510,568,966,985
569,570,967,1109
570,568,967,1097
568,569,967,986
571,572,968,1113
572,569,968,1109
569,571,968,969
573,571,969,1105
569,573,969,970
574,573,970,1104
569,574,970,971
575,574,971,1160
569,575,971,972
576,575,972,1160
569,576,972,973
577,576,973,1209
569,577,973,974
578,577,974,1196
569,578,974,975
579,578,975,1196
569,579,975,976
580,579,976,1165
569,580,976,977
581,580,977,1166
569,581,977,978
582,581,978,1167
569,582,978,979
583,582,979,1116
569,583,979,980
584,583,980,1071
569,584,980,986
585,586,981,1075
586,584,981,1071
584,585,981,982
558,585,982,1063
584,558,982,983
584,557,983,984
584,510,984,985
584,568,985,986
448,445,987,988
448,446,988,989
448,444,989,990
448,442,990,993
587,443,991,1018
442,587,991,992
546,587,992,1017
442,546,992,993
533,554,994,995
533,553,995,1008
562,551,996,1013
553,562,996,997
553,559,997,998
588,559,998,1041
553,588,998,999
589,588,999,1035
553,589,999,1000
590,589,1000,1035
553,590,1000,1001
591,590,1001,1039
553,591,1001,1002
592,591,1002,1028
553,592,1002,1003
593,592,1003,1028
553,593,1003,1004
594,593,1004,1027
553,594,1004,1005
595,594,1005,1025
553,595,1005,1008
535,596,1006,-1
596,595,1006,1025
595,535,1006,1007
595,533,1007,1008
550,566,1009,1010
550,564,1010,1011
550,565,1011,1012
550,563,1012,1015
563,551,1013,1014
563,552,1014,1015
547,546,1016,1017
547,587,1017,1018
547,443,1018,1024
597,441,1019,1100
443,597,1019,1024
543,598,1020,1052
598,597,1020,1106
597,543,1020,1021
597,540,1021,1022
597,541,1022,1023
597,547,1023,1024
596,594,1025,1026
599,594,1026,1027
596,599,1026,-1
599,593,1027,1034
593,591,1028,1029
600,591,1029,1039
593,600,1029,1030
601,600,1030,1038
593,601,1030,1031
602,601,1031,1077
593,602,1031,1032
603,602,1032,1076
593,603,1032,1033
604,603,1033,1076
593,604,1033,1034
599,604,1034,-1
590,588,1035,1036
605,588,1036,1051
590,605,1036,1037
606,605,1037,1050
590,606,1037,1040
601,606,1038,1077
606,600,1038,1040
600,590,1039,1040
588,560,1041,1042
607,560,1042,1069
588,607,1042,1043
608,607,1043,1068
588,608,1043,1044
609,608,1044,1114
588,609,1044,1045
610,609,1045,1122
588,610,1045,1046
611,610,1046,1246
588,611,1046,1047
612,611,1047,1204
588,612,1047,1048
613,612,1048,1126
588,613,1048,1051
606,614,1049,1078
614,613,1049,1079
613,606,1049,1050
613,605,1050,1051
542,598,1052,1053
615,598,1053,1108
542,615,1053,1054
616,615,1054,1112
542,616,1054,1060
617,618,1055,1095
618,616,1055,1111
616,617,1055,1060
619,620,1056,1094
620,617,1056,1095
617,619,1056,1061
567,621,1057,1099
621,622,1057,1093
622,567,1057,1058
622,555,1058,1059
622,542,1059,1062
542,617,1060,1061
542,619,1061,1062
622,619,1062,1093
561,585,1063,1064
623,585,1064,1075
561,623,1064,1070
624,625,1065,1073
625,623,1065,1074
623,624,1065,1066
626,624,1066,1115
623,626,1066,1067
608,626,1067,1114
623,608,1067,1068
623,607,1068,1069
623,560,1069,1070
586,583,1071,1072
624,583,1072,1115
586,624,1072,1073
586,625,1073,1074
586,623,1074,1075
604,602,1076,1085
602,606,1077,1078
602,614,1078,1086
627,613,1079,1127
614,627,1079,1080
628,627,1080,1128
614,628,1080,1081
629,628,1081,1129
614,629,1081,1082
630,629,1082,1088
614,630,1082,1083
631,630,1083,1087
614,631,1083,1086
604,632,1084,-1
632,631,1084,1087
631,604,1084,1085
631,602,1085,1086
632,630,1087,1092
633,629,1088,1130
630,633,1088,1089
634,633,1089,1140
630,634,1089,1090
635,634,1090,1147
630,635,1090,1091
636,635,1091,1146
630,636,1091,1092
632,636,1092,-1
621,619,1093,1094
621,620,1094,1099
620,618,1095,1096
570,618,1096,1110
620,570,1096,1097
620,568,1097,1098
620,567,1098,1099
597,439,1100,1101
597,440,1101,1102
597,437,1102,1103
597,438,1103,1107
574,438,1104,1159
438,573,1104,1107
598,571,1105,1108
573,598,1105,1106
573,597,1106,1107
615,571,1108,1112
572,570,1109,1110
572,618,1110,1111
572,616,1111,1113
616,571,1112,1113
609,626,1114,1123
626,583,1115,1116
626,582,1116,1117
637,582,1117,1168
626,637,1117,1118
638,637,1118,1169
626,638,1118,1119
639,638,1119,1190
626,639,1119,1124
640,641,1120,1194
641,639,1120,1195
639,640,1120,1124
610,642,1121,1245
642,640,1121,1193
640,610,1121,1122
640,609,1122,1123
640,626,1123,1124
643,644,1125,1206
644,645,1125,2101,43
645,643,1125,1139
612,643,1126,1205
643,613,1126,1127
643,627,1127,1128
643,628,1128,1129
643,629,1129,1130
643,633,1130,1131
646,633,1131,1140
643,646,1131,1132
647,646,1132,1141
643,647,1132,1133
648,647,1133,1142
643,648,1133,1134
649,648,1134,1221
643,649,1134,1135
650,649,1135,1220
643,650,1135,1136
651,650,1136,1316
643,651,1136,1137
652,651,1137,1319
643,652,1137,1138
653,652,1138,1319
643,653,1138,1139
645,653,1139,1322
634,646,1140,1141
634,647,1141,1142
634,648,1142,1143
654,648,1143,1221
634,654,1143,1144
655,654,1144,1222
634,655,1144,1147
636,656,1145,-1
656,655,1145,1223
655,636,1145,1146
655,635,1146,1147
657,658,1148,1361
658,659,1148,2100,43
659,657,1148,1149
660,657,1149,1360
659,660,1149,1150
661,660,1150,1359
659,661,1150,1175
662,663,1151,1358
663,661,1151,1359
661,662,1151,1176
664,665,1152,1357
665,662,1152,1358
662,664,1152,1176
666,667,1153,1378
667,664,1153,1357
664,666,1153,1154
668,666,1154,1399
664,668,1154,1155
669,668,1155,1283
664,669,1155,1177
670,671,1156,1285
671,669,1156,1284
669,670,1156,1157
436,670,1157,1236
669,436,1157,1158
669,438,1158,1159
669,574,1159,1178
574,576,1160,1161
672,576,1161,1209
574,672,1161,1178
673,674,1162,1311
674,675,1162,1310
675,673,1162,1181
676,677,1163,1215
677,673,1163,1214
673,676,1163,1164
678,676,1164,1199
673,678,1164,1181
579,679,1165,1201
679,580,1165,1166
679,581,1166,1167
679,582,1167,1168
679,637,1168,1169
679,638,1169,1182
680,681,1170,1247
681,638,1170,1190
638,680,1170,1182
682,683,1171,1248
683,680,1171,1247
680,682,1171,1183
684,685,1172,1242
685,682,1172,1248
682,684,1172,1173
686,684,1173,1327
682,686,1173,1189
659,687,1174,1325
687,686,1174,1326
686,659,1174,1175
686,661,1175,1184
661,664,1176,1177
661,669,1177,1184
669,672,1178,1179
688,672,1179,1210
669,688,1179,1180
675,688,1180,1309
669,675,1180,1185
675,678,1181,1186
679,680,1182,1183
679,682,1183,1188
686,669,1184,1185
686,675,1185,1186
686,678,1186,1187
689,678,1187,1200
686,689,1187,1189
679,689,1188,1201
689,682,1188,1189
639,681,1190,1191
690,681,1191,1250
639,690,1191,1192
691,690,1192,1243
639,691,1192,1195
642,691,1193,1244
691,640,1193,1194
691,641,1194,1195
579,577,1196,1197
692,577,1197,1217
579,692,1197,1198
676,692,1198,1216
579,676,1198,1199
579,678,1199,1200
579,689,1200,1201
693,694,1202,1237
694,695,1202,1324
695,693,1202,1203
611,693,1203,1237
695,611,1203,1204
695,612,1204,1205
695,643,1205,1208
696,644,1206,2098,43
643,696,1206,1207
697,696,1207,2098,43
643,697,1207,1208
695,697,1208,1324
577,672,1209,1218
698,688,1210,1308
672,698,1210,1211
699,698,1211,1308
672,699,1211,1212
700,699,1212,1307
672,700,1212,1218
673,701,1213,1312
701,700,1213,1307
700,673,1213,1214
700,677,1214,1215
700,676,1215,1216
700,692,1216,1217
700,577,1217,1218
702,703,1219,1317
703,704,1219,1318
704,702,1219,1226
650,702,1220,1316
702,649,1220,1227
649,654,1221,1222
649,655,1222,1228
705,656,1223,-1
655,705,1223,1229
704,706,1224,2084
706,705,1224,2074
705,704,1224,1225
707,704,1225,1226,43
705,707,1225,1229
707,702,1226,1227
707,649,1227,1228
707,655,1228,1229
436,392,1230,1231
436,393,1231,1232
708,393,1232,1290
436,708,1232,1233
709,708,1233,1289
436,709,1233,1234
710,709,1234,1288
436,710,1234,1235
711,710,1235,1287
436,711,1235,1236
670,711,1236,1286
611,694,1237,1238
712,694,1238,1323
611,712,1238,1239
713,712,1239,2089,43
611,713,1239,1240
714,713,1240,2097,43
611,714,1240,1241
684,714,1241,1328
611,684,1241,1246
690,685,1242,1249
684,690,1242,1243
684,691,1243,1244
684,642,1244,1245
684,610,1245,1246
681,683,1247,1250
683,685,1248,1249
683,690,1249,1250
393,388,1251,1291
389,387,1252,1253
389,384,1253,1254
389,385,1254,1293
385,383,1255,1256
385,381,1256,1257
385,382,1257,1294
380,378,1258,1259
380,377,1259,1260
380,376,1260,1296
376,374,1261,1262
376,373,1262,1296
373,371,1263,1264
373,370,1264,1297
715,369,1265,1502
370,715,1265,1266
716,715,1266,1501
370,716,1266,1267
717,716,1267,1501
370,717,1267,1268
718,717,1268,1500
370,718,1268,1269
719,718,1269,1499
370,719,1269,1270
720,719,1270,1498
370,720,1270,1298
721,722,1271,1497
722,720,1271,1498
720,721,1271,1299
723,724,1272,1496
724,721,1272,1497
721,723,1272,1300
725,726,1273,1538
726,723,1273,1496
723,725,1273,1274
727,725,1274,1495
723,727,1274,1275
728,727,1275,1495
723,728,1275,1276
729,728,1276,1494
723,729,1276,1277
730,729,1277,1493
723,730,1277,1301
731,732,1278,1492
732,730,1278,1493
730,731,1278,1302
733,734,1279,1486
734,735,1279,1417
735,733,1279,1304
736,737,1280,1413
737,738,1280,1485
738,736,1280,1281
739,736,1281,1401
738,739,1281,1282
668,739,1282,1400
738,668,1282,1283
738,669,1283,1284
738,671,1284,1285
738,670,1285,1286
738,711,1286,1287
738,710,1287,1288
738,709,1288,1289
738,708,1289,1290
738,393,1290,1291
738,388,1291,1292
738,389,1292,1293
738,385,1293,1294
738,382,1294,1295
738,380,1295,1306
380,373,1296,1297
380,370,1297,1298
380,720,1298,1299
380,721,1299,1300
380,723,1300,1301
380,730,1301,1302
380,731,1302,1303
740,731,1303,1491
380,740,1303,1306
735,740,1304,1491
740,733,1304,1305
738,733,1305,1485
740,738,1305,1306
701,699,1307,1312
699,688,1308,1309
699,675,1309,1310
699,674,1310,1311
699,673,1311,1312
741,742,1313,2087,43
742,704,1313,2088,43
704,741,1313,1314
743,741,1314,1321
704,743,1314,1315
651,743,1315,1320
704,651,1315,1318
651,702,1316,1317
651,703,1317,1318
653,651,1319,1320
653,743,1320,1321
653,741,1321,1322
645,741,1322,2072,43
712,697,1323,2061,43
697,694,1323,1324
659,744,1325,2060,43
744,687,1325,1326
744,686,1326,1327
744,684,1327,1328
744,714,1328,2060,43
745,746,1329,1343
746,747,1329,2071
747,745,1329,1330
748,745,1330,1342
747,748,1330,1332
749,750,1331,1341
750,748,1331,1342
748,749,1331,1332
747,749,1332,2068
751,752,1333,2090
752,746,1333,2069
746,751,1333,1334
753,751,1334,1394
746,753,1334,1343
16,753,1335,1398
753,17,1335,1336
754,17,1336,1403
753,754,1336,1337
755,754,1337,1382
753,755,1337,1344
756,757,1338,1365
757,755,1338,1366
755,756,1338,1339
758,756,1339,1352
755,758,1339,1340
749,758,1340,2068
755,749,1340,1341
755,750,1341,1344
750,745,1342,1345
745,753,1343,1345
753,750,1344,1345
759,760,1346,2056
760,761,1346,2055
761,759,1346,1347
762,759,1347,1372
761,762,1347,1348
763,762,1348,2094
761,763,1348,1349
764,763,1349,2095
761,764,1349,2096
765,766,1350,2065
766,767,1350,2078
767,765,1350,1351
768,765,1351,2066
767,768,1351,1355
758,768,1352,2067
768,756,1352,1353
769,756,1353,1364
768,769,1353,1354
770,769,1354,2077
768,770,1354,1355
767,770,1355,2077
667,771,1356,1378
771,658,1356,2054,43
658,667,1356,1362
667,665,1357,1362
665,663,1358,1363
663,660,1359,1360
663,657,1360,1361
663,658,1361,1363
658,665,1362,1363
769,772,1364,2076
772,756,1364,1365
772,757,1365,1370
773,755,1366,1389
757,773,1366,1370
774,775,1367,1393
775,773,1367,1389
773,774,1367,1368
776,774,1368,1388
773,776,1368,1369
772,776,1369,-1
773,772,1369,1370
759,777,1371,2057
777,778,1371,2053
778,759,1371,1372
778,762,1372,1373
779,762,1373,2093
778,779,1373,1374
780,779,1374,1406
778,780,1374,1375
781,780,1375,1412
778,781,1375,1376
782,781,1376,1402
778,782,1376,1377
666,782,1377,1399
778,666,1377,1381
666,771,1378,1379
783,771,1379,1380,43
666,783,1379,1381
778,771,1380,2054
783,778,1380,1381
784,754,1382,1403
755,784,1382,1383
785,784,1383,1405
755,785,1383,1384
786,785,1384,1542
755,786,1384,1390
787,788,1385,1548
788,789,1385,1549
789,787,1385,1386
790,787,1386,1554
789,790,1386,1387
791,790,1387,1554
789,791,1387,1392
776,791,1388,-1
791,774,1388,1392
775,755,1389,1390
775,786,1390,1391
789,786,1391,1542
775,789,1391,1393
789,774,1392,1393
792,751,1394,2091
753,792,1394,1395
1,792,1395,1411
753,1,1395,1396
753,2,1396,1397
753,18,1397,1398
782,668,1399,1400
782,739,1400,1401
782,736,1401,1402
781,736,1402,1412
784,17,1403,1404
784,15,1404,1405
785,15,1405,1539
779,792,1406,2092
792,780,1406,1407
793,780,1407,1462
792,793,1407,1408
794,793,1408,1461
792,794,1408,1409
3,794,1409,1550
792,3,1409,1410
792,0,1410,1411
780,736,1412,1413
780,737,1413,1414
795,737,1414,1489
780,795,1414,1415
796,795,1415,1488
780,796,1415,1463
797,798,1416,1487
798,796,1416,1488
796,797,1416,1464
734,797,1417,1487
797,735,1417,1418
799,735,1418,1525
797,799,1418,1419
800,799,1419,1524
797,800,1419,1420
801,800,1420,1523
797,801,1420,1465
802,803,1421,1532
803,801,1421,1523
801,802,1421,1422
804,802,1422,1522
801,804,1422,1466
805,806,1423,1521
806,804,1423,1522
804,805,1423,1467
807,808,1424,1530
808,809,1424,1520
809,807,1424,1469
810,811,1425,1518
811,807,1425,1519
807,810,1425,1470
812,813,1426,1516
813,810,1426,1517
810,812,1426,1427
814,812,1427,1515
810,814,1427,1428
815,814,1428,1514
810,815,1428,1470
816,817,1429,1512
817,815,1429,1513
815,816,1429,1430
818,816,1430,1511
815,818,1430,1431
819,818,1431,1510
815,819,1431,1471
820,821,1432,1508
821,819,1432,1509
819,820,1432,1433
822,820,1433,1507
819,822,1433,1472
823,824,1434,1812
824,822,1434,1506
822,823,1434,1435
825,823,1435,1893
822,825,1435,1436
826,825,1436,1935
822,826,1436,1437
827,826,1437,1934
822,827,1437,1473
828,829,1438,1932
829,827,1438,1933
827,828,1438,1474
830,831,1439,1687
831,828,1439,1931
828,830,1439,1440
832,830,1440,1686
828,832,1440,1441
833,832,1441,1685
828,833,1441,1475
834,835,1442,1684
835,833,1442,1685
833,834,1442,1443
836,834,1443,1683
833,836,1443,1476
837,838,1444,1682
838,836,1444,1683
836,837,1444,1477
839,840,1445,1681
840,837,1445,1682
837,839,1445,1446
841,839,1446,1680
837,841,1446,1447
842,841,1447,1679
837,842,1447,1478
843,844,1448,1678
844,842,1448,1679
842,843,1448,1449
845,843,1449,1677
842,845,1449,1479
846,847,1450,1675
847,848,1450,1676
848,846,1450,1451
849,846,1451,1569
848,849,1451,1452
850,849,1452,1568
848,850,1452,1481
851,852,1453,1567
852,850,1453,1568
850,851,1453,1454
853,851,1454,1566
850,853,1454,1482
854,855,1455,1565
855,853,1455,1566
853,854,1455,1456
856,854,1456,1564
853,856,1456,1483
857,858,1457,1563
858,856,1457,1564
856,857,1457,1458
859,857,1458,1562
856,859,1458,1484
860,861,1459,1592
861,859,1459,1562
859,860,1459,1460
794,860,1460,1550
859,794,1460,1461
859,793,1461,1462
859,780,1462,1463
859,796,1463,1464
859,797,1464,1465
859,801,1465,1466
859,804,1466,1467
859,805,1467,1468
809,805,1468,1520
859,809,1468,1469
859,807,1469,1484
807,815,1470,1471
807,819,1471,1472
807,822,1472,1473
807,827,1473,1474
807,828,1474,1475
807,833,1475,1476
807,836,1476,1477
807,837,1477,1478
807,842,1478,1479
807,845,1479,1480
848,845,1480,1676
807,848,1480,1481
807,850,1481,1482
807,853,1482,1483
807,856,1483,1484
737,733,1485,1486
737,734,1486,1490
734,798,1487,1490
798,795,1488,1489
798,737,1489,1490
735,731,1491,1492
735,732,1492,1526
732,729,1493,1494
732,728,1494,1533
728,725,1495,1537
726,724,1496,1534
724,722,1497,1527
722,719,1498,1499
722,718,1499,1500
722,717,1500,1527
717,715,1501,1528
715,260,1502,1503
715,257,1503,1528
862,258,1504,1814
257,862,1504,1505
824,862,1505,1813
257,824,1505,1506
257,822,1506,1507
257,820,1507,1508
257,821,1508,1509
257,819,1509,1510
257,818,1510,1511
257,816,1511,1512
257,817,1512,1513
257,815,1513,1514
257,814,1514,1515
257,812,1515,1516
257,813,1516,1517
257,810,1517,1518
257,811,1518,1519
257,807,1519,1529
808,805,1520,1521
808,806,1521,1531
806,802,1522,1531
803,800,1523,1524
803,799,1524,1525
803,735,1525,1526
803,732,1526,1532
724,717,1527,1534
717,257,1528,1529
717,807,1529,1530
717,808,1530,1535
808,802,1531,1536
802,732,1532,1533
802,728,1533,1536
726,717,1534,1535
726,808,1535,1538
808,728,1536,1537
808,725,1537,1538
785,14,1539,1540
785,13,1540,1541
789,13,1541,1543
785,789,1541,1542
789,12,1543,1544
863,12,1544,1603
789,863,1544,1549
864,865,1545,-1
865,863,1545,1603
863,864,1545,1546
866,864,1546,1556
863,866,1546,1547
787,866,1547,1555
863,787,1547,1548
863,788,1548,1549
3,860,1550,1551
867,860,1551,1592
3,867,1551,1552
5,867,1552,1591
3,5,1552,1553
791,787,1554,1555
791,866,1555,1556
791,864,1556,-1
868,869,1557,-9782
869,870,1557,-9782
870,868,1557,1558
871,868,1558,-9782
870,871,1558,1561
872,873,1559,-9782
873,871,1559,-9782
871,872,1559,1560
874,872,1560,-9782
871,874,1560,1561
870,874,1561,-9782
861,857,1562,1563
861,858,1563,1593
858,854,1564,1565
858,855,1565,1594
855,851,1566,1567
855,852,1567,1595
852,849,1568,1569
852,846,1569,1570
875,846,1570,1675
852,875,1570,1571
876,875,1571,1731
852,876,1571,1572
877,876,1572,1674
852,877,1572,1573
878,877,1573,1674
852,878,1573,1574
879,878,1574,1673
852,879,1574,1575
880,879,1575,1672
852,880,1575,1576
881,880,1576,1671
852,881,1576,1577
882,881,1577,1671
852,882,1577,1578
883,882,1578,1670
852,883,1578,1595
884,885,1579,1669
885,883,1579,1670
883,884,1579,1596
886,887,1580,1667
887,888,1580,1668
888,886,1580,1598
889,890,1581,1665
890,886,1581,1666
886,889,1581,1599
891,892,1582,1658
892,889,1582,1665
889,891,1582,1583
893,891,1583,1657
889,893,1583,1584
894,893,1584,1656
889,894,1584,1585
895,894,1585,1613
889,895,1585,1586
896,895,1586,1612
889,896,1586,1587
897,896,1587,1621
889,897,1587,1600
898,899,1588,1620
899,897,1588,1621
897,898,1588,1589
900,898,1589,1619
897,900,1589,1601
6,900,1590,1618
900,5,1590,1591
900,867,1591,1602
867,861,1592,1593
867,858,1593,1594
867,855,1594,1602
855,883,1595,1596
855,884,1596,1597
888,884,1597,1668
855,888,1597,1598
855,886,1598,1599
855,889,1599,1600
855,897,1600,1601
855,900,1601,1602
865,12,1603,1604
865,11,1604,1605
901,11,1605,1650
865,901,1605,1606
902,901,1606,1629
865,902,1606,1607
903,902,1607,1627
865,903,1607,-1
904,8,1608,1617
9,904,1608,1609
905,904,1609,1624
9,905,1609,1610
906,905,1610,1623
9,906,1610,1616
896,907,1611,1622
907,906,1611,1623
906,896,1611,1612
906,895,1612,1616
908,894,1613,1656
895,908,1613,1614
10,908,1614,1640
895,10,1614,1615
895,9,1615,1616
904,7,1617,1624
7,900,1618,1619
7,898,1619,1620
7,899,1620,1625
899,896,1621,1622
899,907,1622,1626
907,905,1623,1626
905,7,1624,1625
905,899,1625,1626
909,902,1627,1636
903,909,1627,1628
910,909,1628,1635
903,910,1628,-1
911,901,1629,1650
902,911,1629,1630
912,911,1630,1649
902,912,1630,1636
913,914,1631,1648
914,912,1631,1649
912,913,1631,1632
915,913,1632,1647
912,915,1632,1637
916,917,1633,1655
917,915,1633,-1
915,916,1633,1637
910,918,1634,-1
918,919,1634,1654
919,910,1634,1635
919,909,1635,1639
909,912,1636,1639
912,916,1637,1638
919,916,1638,1654
912,919,1638,1639
11,908,1640,1641
920,908,1641,1664
11,920,1641,1642
921,920,1642,1663
11,921,1642,1643
922,921,1643,1662
11,922,1643,1651
923,924,1644,1660
924,922,1644,1661
922,923,1644,1645
925,923,1645,1752
922,925,1645,1652
915,926,1646,-1
926,925,1646,1752
925,915,1646,1647
925,913,1647,1648
925,914,1648,1652
914,911,1649,1653
911,11,1650,1651
911,922,1651,1653
922,914,1652,1653
918,916,1654,1655
918,917,1655,-1
908,893,1656,1657
908,891,1657,1664
927,892,1658,1725
891,927,1658,1659
923,927,1659,1745
891,923,1659,1660
891,924,1660,1661
891,922,1661,1662
891,921,1662,1663
891,920,1663,1664
892,890,1665,1666
892,886,1666,1667
892,887,1667,1726
887,884,1668,1669
887,885,1669,1727
885,882,1670,1728
882,880,1671,1672
882,879,1672,1673
882,878,1673,1729
878,876,1674,1730
875,847,1675,1731
847,845,1676,1677
847,843,1677,1678
847,844,1678,1732
844,841,1679,1680
844,839,1680,1681
844,840,1681,1733
840,838,1682,1734
838,834,1683,1684
838,835,1684,1734
835,832,1685,1686
835,830,1686,1687
835,831,1687,1688
928,831,1688,1930
835,928,1688,1689
929,928,1689,1979
835,929,1689,1690
930,929,1690,1978
835,930,1690,1691
931,930,1691,1978
835,931,1691,1692
932,931,1692,1977
835,932,1692,1693
933,932,1693,1976
835,933,1693,1694
934,933,1694,1975
835,934,1694,1695
935,934,1695,1857
835,935,1695,1696
936,935,1696,1856
835,936,1696,1697
937,936,1697,1855
835,937,1697,1698
938,937,1698,1855
835,938,1698,1699
939,938,1699,1854
835,939,1699,1700
940,939,1700,1854
835,940,1700,1701
941,940,1701,1853
835,941,1701,1702
942,941,1702,1853
835,942,1702,1703
943,942,1703,1852
835,943,1703,1704
944,943,1704,1851
835,944,1704,1735
945,946,1705,1850
946,944,1705,1851
944,945,1705,1706
947,945,1706,1849
944,947,1706,1736
948,949,1707,1847
949,947,1707,1848
947,948,1707,1737
950,951,1708,1846
951,948,1708,1847
948,950,1708,1738
952,953,1709,1845
953,950,1709,1846
950,952,1709,1710
954,952,1710,1844
950,954,1710,1739
955,956,1711,1842
956,957,1711,1843
957,955,1711,1741
958,959,1712,1841
959,955,1712,1842
955,958,1712,1713
960,958,1713,1840
955,960,1713,1742
961,962,1714,1839
962,960,1714,1840
960,961,1714,1715
963,961,1715,1838
960,963,1715,1743
964,965,1716,1878
965,963,1716,1838
963,964,1716,1717
966,964,1717,1877
963,966,1717,1718
967,966,1718,-1
963,967,1718,1719
968,967,1719,1750
963,968,1719,1720
969,968,1720,1749
963,969,1720,1721
970,969,1721,1748
963,970,1721,1722
971,970,1722,1747
963,971,1722,1723
972,971,1723,1746
963,972,1723,1724
927,972,1724,1745
963,927,1724,1725
963,892,1725,1726
963,887,1726,1727
963,885,1727,1728
963,882,1728,1729
963,878,1729,1730
963,876,1730,1744
876,847,1731,1732
876,844,1732,1733
876,840,1733,1744
840,835,1734,1735
840,944,1735,1736
840,947,1736,1737
840,948,1737,1738
840,950,1738,1739
840,954,1739,1740
957,954,1740,1843
840,957,1740,1741
840,955,1741,1742
840,960,1742,1743
840,963,1743,1744
923,972,1745,1746
923,971,1746,1747
923,970,1747,1748
923,969,1748,1749
923,968,1749,1750
923,967,1750,1751
926,967,1751,-1
923,926,1751,1752
258,256,1753,1754
258,254,1754,1755
258,255,1755,1815
255,252,1756,1757
255,251,1757,1758
255,249,1758,1816
250,246,1759,1760
250,247,1760,1818
247,244,1761,1762
247,241,1762,1763
247,242,1763,1819
242,240,1764,1765
242,237,1765,1766
242,238,1766,1820
238,236,1767,1768
238,234,1768,1769
238,235,1769,1821
235,233,1770,1822
233,229,1771,1772
233,230,1772,1823
230,227,1773,1824
227,225,1774,1775
227,223,1775,1776
227,224,1776,1825
224,222,1777,1826
222,218,1778,1779
222,219,1779,1826
219,215,1780,1827
215,284,1781,1782
215,283,1782,1783
215,282,1783,1784
215,281,1784,1785
215,280,1785,1786
215,279,1786,1787
215,278,1787,1788
215,275,1788,1789
215,276,1789,1828
973,974,1790,1912
974,276,1790,-1
276,973,1790,1791
975,973,1791,1911
276,975,1791,1792
976,975,1792,1910
276,976,1792,1829
977,978,1793,1909
978,976,1793,1910
976,977,1793,1830
979,980,1794,1908
980,977,1794,1909
977,979,1794,1795
981,979,1795,1907
977,981,1795,1796
982,981,1796,1906
977,982,1796,1831
983,984,1797,1944
984,982,1797,1906
982,983,1797,1798
985,983,1798,1905
982,985,1798,1832
986,987,1799,1904
987,985,1799,1905
985,986,1799,1800
988,986,1800,1904
985,988,1800,1801
989,988,1801,1903
985,989,1801,1802
990,989,1802,1902
985,990,1802,1833
991,992,1803,1940
992,990,1803,1902
990,991,1803,1804
993,991,1804,1901
990,993,1804,1805
994,993,1805,1900
990,994,1805,1834
995,996,1806,1899
996,994,1806,1900
994,995,1806,1835
997,998,1807,1898
998,995,1807,1899
995,997,1807,1836
999,1000,1808,1897
1000,997,1808,1898
997,999,1808,1809
1001,999,1809,1896
997,1001,1809,1810
1002,1001,1810,1895
997,1002,1810,1811
1003,1002,1811,1894
997,1003,1811,1837
823,1003,1812,1893
1003,824,1812,1813
1003,862,1813,1814
1003,258,1814,1815
1003,255,1815,1816
1003,249,1816,1817
1003,250,1817,1818
1003,247,1818,1819
1003,242,1819,1820
1003,238,1820,1821
1003,235,1821,1822
1003,233,1822,1823
1003,230,1823,1824
1003,227,1824,1825
1003,224,1825,1837
224,219,1826,1827
224,215,1827,1828
224,276,1828,1829
224,976,1829,1830
224,977,1830,1831
224,982,1831,1832
224,985,1832,1833
224,990,1833,1834
224,994,1834,1835
224,995,1835,1836
224,997,1836,1837
965,961,1838,1839
965,962,1839,1879
962,958,1840,1841
962,959,1841,1880
959,956,1842,1881
956,954,1843,1844
956,952,1844,1845
956,953,1845,1882
953,951,1846,1883
951,949,1847,1848
951,947,1848,1849
951,945,1849,1850
951,946,1850,1884
946,943,1851,1852
946,942,1852,1885
942,940,1853,1886
940,938,1854,1887
938,936,1855,1856
938,935,1856,1888
1004,934,1857,2036
935,1004,1857,1858
1005,1004,1858,2002
935,1005,1858,1859
1006,1005,1859,2001
935,1006,1859,1860
1007,1006,1860,2001
935,1007,1860,1861
1008,1007,1861,2000
935,1008,1861,1862
1009,1008,1862,2000
935,1009,1862,1863
1010,1009,1863,1999
935,1010,1863,1864
1011,1010,1864,1999
935,1011,1864,1865
1012,1011,1865,1998
935,1012,1865,1889
1013,1014,1866,1996
1014,1015,1866,1997
1015,1013,1866,1890
1016,1017,1867,2021
1017,1013,1867,1996
1013,1016,1867,1868
1018,1016,1868,2020
1013,1018,1868,1869
1019,1018,1869,1995
1013,1019,1869,1870
1020,1019,1870,1994
1013,1020,1870,1871
1021,1020,1871,1993
1013,1021,1871,1872
1022,1021,1872,1992
1013,1022,1872,1891
1023,1024,1873,1991
1024,1022,1873,1992
1022,1023,1873,1892
1025,1026,1874,1990
1026,1023,1874,1991
1023,1025,1874,1875
1027,1025,1875,1990
1023,1027,1875,1876
966,1027,1876,-1
1023,966,1876,1877
1023,964,1877,1878
1023,965,1878,1879
1023,962,1879,1880
1023,959,1880,1881
1023,956,1881,1882
1023,953,1882,1883
1023,951,1883,1884
1023,946,1884,1885
1023,942,1885,1886
1023,940,1886,1887
1023,938,1887,1888
1023,935,1888,1889
1023,1012,1889,1892
1015,1012,1890,1997
1012,1013,1890,1891
1012,1022,1891,1892
825,1003,1893,1894
825,1002,1894,1895
825,1001,1895,1896
825,999,1896,1897
825,1000,1897,1936
1000,998,1898,1937
998,996,1899,1938
996,993,1900,1901
996,991,1901,1939
992,989,1902,1903
992,988,1903,1941
988,987,1904,1942
987,983,1905,1943
984,981,1906,1907
984,979,1907,1908
984,980,1908,1945
980,978,1909,1946
978,975,1910,1911
978,973,1911,1912
978,974,1912,1913
1028,974,1913,-1
978,1028,1913,1914
1029,1028,1914,1966
978,1029,1914,1915
1030,1029,1915,1966
978,1030,1915,1916
1031,1030,1916,1965
978,1031,1916,1947
1032,1033,1917,1984
1033,1031,1917,1965
1031,1032,1917,1918
1034,1032,1918,1964
1031,1034,1918,1947
1035,1036,1919,1963
1036,1034,1919,1964
1034,1035,1919,1920
1037,1035,1920,1962
1034,1037,1920,1948
1038,1039,1921,1961
1039,1037,1921,1962
1037,1038,1921,1922
1040,1038,1922,1960
1037,1040,1922,1949
1041,1042,1923,1959
1042,1040,1923,1960
1040,1041,1923,1924
1043,1041,1924,1958
1040,1043,1924,1925
1044,1043,1925,1957
1040,1044,1925,1926
1045,1044,1926,1956
1040,1045,1926,1950
1046,1047,1927,1955
1047,1045,1927,1956
1045,1046,1927,1928
1048,1046,1928,1954
1045,1048,1928,1951
1049,1050,1929,1953
1050,1048,1929,1954
1048,1049,1929,1952
928,1049,1930,1953
1049,831,1930,1931
1049,828,1931,1932
1049,829,1932,1933
1049,827,1933,1934
1049,826,1934,1935
1049,825,1935,1936
1049,1000,1936,1937
1049,998,1937,1938
1049,996,1938,1939
1049,991,1939,1940
1049,992,1940,1941
1049,988,1941,1942
1049,987,1942,1943
1049,983,1943,1944
1049,984,1944,1945
1049,980,1945,1946
1049,978,1946,1952
978,1034,1947,1948
978,1037,1948,1949
978,1040,1949,1950
978,1045,1950,1951
978,1048,1951,1952
928,1050,1953,1979
1050,1046,1954,1955
1050,1047,1955,1980
1047,1044,1956,1957
1047,1043,1957,1958
1047,1041,1958,1959
1047,1042,1959,1981
1042,1038,1960,1961
1042,1039,1961,1982
1039,1035,1962,1963
1039,1036,1963,1982
1036,1032,1964,1983
1033,1030,1965,1985
1030,1028,1966,1967
1051,1028,1967,-1
1030,1051,1967,1968
1052,1051,1968,2032
1030,1052,1968,1969
1053,1052,1969,2031
1030,1053,1969,1970
1054,1053,1970,2030
1030,1054,1970,1971
1055,1054,1971,2030
1030,1055,1971,1972
1056,1055,1972,2038
1030,1056,1972,1973
1057,1056,1973,2029
1030,1057,1973,1986
1058,1059,1974,2028
1059,1057,1974,2029
1057,1058,1974,1987
934,1058,1975,2028
1058,933,1975,1976
1058,932,1976,1977
1058,931,1977,1988
931,929,1978,1989
929,1050,1979,1980
929,1047,1980,1981
929,1042,1981,1989
1042,1036,1982,1983
1042,1032,1983,1984
1042,1033,1984,1985
1042,1030,1985,1986
1042,1057,1986,1987
1042,1058,1987,1988
1042,931,1988,1989
1027,1026,1990,2017
1026,1024,1991,2018
1024,1021,1992,1993
1024,1020,1993,1994
1024,1019,1994,1995
1024,1018,1995,2019
1017,1014,1996,2021
1014,1012,1997,1998
1014,1011,1998,2022
1011,1009,1999,2023
1009,1007,2000,2024
1007,1005,2001,2002
1007,1004,2002,2003
1060,1004,2003,2035
1007,1060,2003,2004
1061,1060,2004,2034
1007,1061,2004,2005
1062,1061,2005,-1
1007,1062,2005,2006
1063,1062,2006,2047
1007,1063,2006,2007
1064,1063,2007,2046
1007,1064,2007,2008
1065,1064,2008,2045
1007,1065,2008,2009
1066,1065,2009,2044
1007,1066,2009,2010
1067,1066,2010,2043
1007,1067,2010,2011
1068,1067,2011,2042
1007,1068,2011,2012
1069,1068,2012,2041
1007,1069,2012,2025
1070,1071,2013,2040
1071,1069,2013,2041
1069,1070,2013,2026
1072,1073,2014,2050
1073,1070,2014,2040
1070,1072,2014,2015
1074,1072,2015,2039
1070,1074,2015,2027
1027,1075,2016,-1
1075,1074,2016,2039
1074,1027,2016,2017
1074,1026,2017,2018
1074,1024,2018,2019
1074,1018,2019,2020
1074,1016,2020,2027
1016,1014,2021,2022
1016,1011,2022,2023
1016,1009,2023,2024
1016,1007,2024,2025
1016,1069,2025,2026
1016,1070,2026,2027
934,1059,2028,2036
1059,1056,2029,2037
1055,1053,2030,2031
1055,1052,2031,2032
1055,1051,2032,2033
1061,1051,2033,-1
1055,1061,2033,2034
1055,1060,2034,2035
1055,1004,2035,2038
1004,1059,2036,2037
1004,1056,2037,2038
1075,1072,2039,2049
1073,1071,2040,2051
1071,1068,2041,2042
1071,1067,2042,2043
1071,1066,2043,2044
1071,1065,2044,2045
1071,1064,2045,2046
1071,1063,2046,2047
1071,1062,2047,2048
1076,1062,2048,-1
1071,1076,2048,2051
1075,1076,2049,-1
1076,1072,2049,2050
1076,1073,2050,2051
777,1077,2052,2058
1077,658,2052,2100
658,777,2052,2053
658,778,2053,2054
761,714,2055,2097
714,760,2055,2056
714,759,2056,2057
714,777,2057,2058
714,1077,2058,2059
659,1077,2059,2100
714,659,2059,2060
1078,697,2061,2099
712,1078,2061,2062
1079,1078,2062,2102
712,1079,2062,2063
1080,1079,2063,2079
712,1080,2063,2064
766,1080,2064,2078
712,766,2064,2065
712,765,2065,2066
712,768,2066,2067
712,758,2067,2070
758,747,2068,2070
712,752,2069,2089
746,712,2069,2071
712,747,2070,2071
1081,741,2072,2087
645,1081,2072,2080
706,1082,2073,2084
1082,1083,2073,2085
1083,706,2073,2074
1083,705,2074,2075
772,705,2075,-1
1083,772,2075,2076
1083,769,2076,2081
769,767,2077,2082
767,1080,2078,2079
767,1079,2079,2083
645,1079,2080,2101
1079,1081,2080,2083
1083,1081,2081,2086
1081,769,2081,2082
1081,767,2082,2083
704,1082,2084,2085
704,1083,2085,2086
704,1081,2086,2088
1081,742,2087,2088
713,752,2089,2090
713,751,2090,2091
713,792,2091,2092
713,779,2092,2093
713,762,2093,2094
713,763,2094,2095
713,764,2095,2096
713,761,2096,2097
697,644,2098,2099
1078,644,2099,2102
644,1079,2101,2102