170.233803,45.899581,0,1,1363,1364
170.032037,45.867703,0,1344,1345,1364,1365
170.167003,45.733018,0,1,2,12,13,1345,1346
170.233241,45.865696,1,2,1362,1363
170.467763,45.898866,2,3,4,13,14,1362,1497,1498
170.666496,45.766241,3,4,1495,1496,1582
170.733263,45.766256,3,1496,1497
170.531701,45.599259,4,5,6,7,8,14,1582,1586
170.765634,45.233067,5,6,1522,1523,1600
170.765627,45.298749,5,1585,1586,1600,1601
170.635165,45.234086,6,7,1521,1522
170.531006,45.166065,7,8,1466,1467,1468,1520,1521
170.300423,45.366164,8,9,10,11,12,13,14,1465,1466
170.133532,45.36499,9,10,1269,1270,1351,1352
170.233617,45.26636,9,1352,1353,1464,1465
170.133212,45.433469,10,11,1269,1347
170.166593,45.43402,11,12,1346,1347
157.565858,49.500359,15,16,57,402
157.5,49.533333,15,22,23,24,25,26,27,28,29,30,31,32,33,34,35,36,37,38,39,40,41,42,43,44,45,46,57,58
157.5,45.0,15,16,17,18,19,20,21
157.567678,49.467166,16,17,402,403,404,405,448
157.601923,49.464806,17,18,447,448,462
157.599095,49.099801,18,19,446,447
157.799767,48.701133,19,20,445,446
157.998627,48.202588,20,21,444,445
158.066667,45.0,21,443,444
158.065544,59.699061,22,23,105
157.5,60.333333,22,64,65,66,67,68,69,70,71,105,106
158.099398,59.700565,23,24,104,105,106,107,108,109,110,111,112,113,114,115,116,117,118,119,120,121,122,123,124,125,126,133,134
158.666708,58.700703,24,25,103,104
158.666108,58.667647,25,26,102,103
158.865718,58.367085,26,27,102
159.499516,57.700427,27,28,101,102,103,104,133
159.499094,57.634935,28,29,100,101
159.631927,57.465751,29,30,100
159.700811,57.465624,30,31,99,100,101,132,133,134
159.69791,57.365797,31,32,98,99
159.799872,57.199847,32,33,98
159.899384,57.099377,33,34,98,99,131,132
160.035033,56.764799,34,35,97,130,131
160.0326,56.532891,35,36,97
160.100107,56.532963,36,37,96,97,129,130
160.26662,56.200727,37,38,95,96
160.267348,56.131879,38,39,95
160.633282,55.633149,39,40,94,95,96,128,129
160.700113,55.266969,40,41,93,94
160.700854,55.066266,41,42,92,93
161.16773,54.399573,42,43,91,92
161.165612,54.367707,43,44,90,91
161.666812,53.833424,44,45,90
161.700358,53.831836,45,46,89,90,91,92,93,94,127,128
161.868568,53.33301,46,47,48,49,50,58,59,60,63,88,89
161.633738,52.433876,47,48,413,414
162.200126,52.799447,47,87,88,414,415
161.60092,52.43385,48,49,412,413
161.06555,51.865176,49,50,411,412
161.032935,51.865637,50,51,52,53,59,411
160.333316,51.199532,51,52,410,449,450,451,452,453,454,455,456,457,458,459,460,461,463
161.03487,51.800192,51,411,412,413,414,415,416,417,418,419,420,421,422,449
159.968298,51.032587,52,53,409,410
159.566019,50.898751,53,54,59,60,408,409
158.933016,50.301732,54,60,61,62,63,406,407
159.166757,50.500496,54,407,408
158.199455,49.865406,55,56,61,62,404,405
158.565092,49.866524,55,405,406,407,408,409,410,448,462,463
158.565146,49.899834,55,61,406
157.666762,49.599826,56,57,58,62,63,402,403
157.800171,49.632643,56,403,404
157.698896,61.566147,64,65,229,230,231,232,233,234,235,236,237,293
157.5,61.733333,64,135,136,230
157.699807,61.499138,65,66,228,229
158.066625,61.201089,66,67,228
158.09981,61.199541,67,68,227,228,229,292,293,294
158.366888,60.800211,68,69,226,227
158.366491,60.733417,69,70,226
158.801508,60.399655,70,71,225,226,227,291,292
159.034726,60.166121,71,72,106,107,225
159.098632,59.86688,72,107,108,223,224
159.100652,60.165776,72,224,225,290,291
159.332906,59.464486,73,109,110,221,222
159.333342,59.566185,73,222,223,224,289,290
159.299098,59.567554,73,108,109,223
160.666998,58.23205,74,75,112,113,219
160.068667,58.767497,74,219,220,221,222,288,289
159.96631,58.766922,74,111,112,220
160.868973,57.999416,75,113,114,217,218
160.73438,58.233326,75,218,219,287,288
161.334915,57.40075,76,115,116,215,216
161.266559,57.633083,76,216,217,218,286,287
161.233011,57.632767,76,114,115,217
161.832407,56.800805,77,78,117,118,213,214
161.633038,57.165235,77,214,215,216,285,286
161.567327,57.166923,77,116,117,215
162.033283,56.465887,78,79,118,119,212
162.034891,56.533532,78,212,213
162.099404,56.366763,79,119,120,210,211
162.101512,56.466988,79,211,212,213,214,284,285
162.43434,55.599254,80,81,121,122,208,209
162.366716,56.13424,80,209,210,211,283,284
162.334093,56.132922,80,120,121,210
162.733068,54.498776,81,122,123,206,207
162.666426,55.067273,81,207,208
163.732554,53.200828,82,83,204,205
163.532536,53.598995,82,205,206,207,208,209,282,283
163.500933,53.599266,82,83,123,124,206
163.733867,53.131517,83,84,124,125,203,204
163.432868,53.067734,84,85,125,126,482
163.832926,53.066684,84,202,203,482,483,536
163.034598,53.031978,85,126,127,128,129,130,131,132,134,480,481
163.43339,53.03412,85,481,482,483,484,485,518,519
162.232769,52.799355,86,87,415,416,479
162.633253,52.80061,86,479,480,481,517,518
162.634566,52.834104,86,87,88,89,127,480
159.466771,59.267434,110,111,220,221
157.801534,61.899801,135,136,345,346
157.5,61.833333,135,346,347
158.03384,61.999359,136,137,230,231,345
158.233355,62.033748,137,138,231,232,344
158.033579,62.032883,137,344,345,346,347,357,358
158.732806,62.066138,138,232,233,342,343
158.233444,62.068668,138,343,344,356,357
160.932955,62.433138,139,235,236,339,340
160.167127,62.43304,139,340,341,342,343,355,356
160.167038,62.401524,139,234,235,341
162.833558,62.867228,140,141,337,338
161.965022,62.733439,140,338,339,340,355
161.967636,62.698648,140,141,236,237,339
163.299064,62.898934,141,237,293,294,336,337
164.132928,63.133568,142,143,238,239,334
163.833849,63.133631,142,334,335,336,337,338,354,355,356,357,358,362
163.832753,63.066268,142,238,335
164.465923,63.168235,143,144,239,240,333
164.132367,63.165892,143,333,334,353,354
164.834572,63.199585,144,145,240,241,332
164.467837,63.200354,144,332,333,352,353
165.2989,63.266663,145,146,241,242,331
164.830984,63.23293,145,331,332,352
166.233041,63.300316,146,147,242,243,330
165.299523,63.300044,146,330,331,352,353,354,361,362
167.398767,63.366953,147,148,149,150,151,243,244,329
166.234529,63.367173,147,329,330,360,361
168.867114,63.432819,148,149,328,350,351
167.400018,63.433667,148,329,351,359,360
168.865184,63.367588,149,150,328
170.099574,63.366773,150,151,327,328,349,350
170.100897,63.298702,151,152,244,245,327
171.365622,63.13259,152,153,245,246,325,326
170.733544,63.299922,152,326,327,348,349
172.133955,63.065712,153,154,155,246,247,324
172.132101,63.133658,153,324,325
172.835083,63.065373,154,155,322,323
172.366442,63.134237,154,323,324,325,326,348
172.833452,63.031619,155,156,247,248,321,322
173.667834,62.966425,156,157,248,249,319,320
173.666417,63.001199,156,320,321
174.434255,62.933971,157,158,249,250,317,318
174.432972,62.967253,157,318,319
175.168309,62.900711,158,159,250,251,315,316
175.1676,62.934882,158,316,317
175.69994,62.833275,159,160,161,251,252,313,314
175.70076,62.899871,159,314,315
176.401461,62.701093,160,161,311,312
176.000834,62.832934,160,312,313
176.399879,62.666694,161,162,252,253,310,311
176.699971,62.599783,162,163,253,254,308,309
176.698698,62.66858,162,309,310
177.701002,62.365895,163,164,254,255,306,307
177.265917,62.500515,163,307,308
178.10022,62.299109,164,165,166,167,255,256,304,305
178.102031,62.366348,164,305,306
178.133416,61.632919,165,166,1755,1756,1757,1758,1759,1760,1761,1762,1763,1764,1765,1766,1767,1768,1769,1770,1771,1772,1773,1774,1775,1776,1777,1778,1779,1780,1781,1782,1783,1821,1822
178.332787,62.29887,165,303,304,1756
177.634094,60.999143,166,167,1754,1755
177.600141,60.998982,167,168,256,257,1754
177.499359,60.73423,168,169,170,257,258,1753
177.565788,60.734447,168,1753,1754,1755,1821
177.233879,60.167644,169,170,1751,1752
177.500642,60.500074,169,1752,1753,1820,1821,1822,1823,1824,1825,1826,1827,1828,1829
177.166247,60.167192,170,258,259,1750,1751
176.866828,59.633846,171,172,173,260,261,1749
176.934122,59.633574,171,1749,1750,1751,1752,1819,1820
176.932762,59.700452,171,259,260,1750
176.532865,59.1663,172,173,1747,1748
176.866449,59.53297,172,1748,1749,1818,1819
176.466465,59.166297,173,174,175,261,262,1747
176.365442,58.998971,174,175,1745,1746
176.399875,58.99948,174,1746,1747,1748,1817,1818
176.0332,58.665805,175,176,262,263,1745
175.700817,58.465809,176,177,263,264,1743,1744
176.0346,58.631516,176,1744,1745,1746,1816,1817
175.466518,58.299863,177,178,179,264,265,1742
175.533418,58.299847,177,1742,1743
175.166696,57.934216,178,179,1740,1741
175.467209,58.233914,178,1741,1742,1743,1744,1815,1816
175.100479,57.932563,179,180,181,265,266,1740
174.932137,57.634338,180,181,1738,1739
175.100716,57.866507,180,1739,1740,1741,1814,1815
174.865195,57.632814,181,182,183,266,267,1738
174.666345,57.332645,182,183,1736,1737
174.866562,57.53279,182,1737,1738,1739,1813,1814
174.634157,57.331993,183,184,185,267,268,1736
174.266831,56.700052,184,185,1734,1735
174.633638,57.232544,184,1735,1736,1737,1812,1813
174.23422,56.700685,185,186,187,268,269,1734
174.00036,56.299302,186,187,1732,1733
174.23422,56.466329,186,1733,1734,1735,1811,1812
173.93305,56.30156,187,188,269,270,1732
173.599546,55.833656,188,189,190,270,271,1731
173.932909,56.234734,188,1731,1732,1733,1810,1811
173.39938,55.599914,189,190,1729,1730
173.599505,55.799373,189,1730,1731,1809,1810
173.367005,55.599296,190,191,192,271,272,1729
173.164887,55.232883,191,192,1727,1728
173.36724,55.499842,191,1728,1729,1730,1808,1809
173.132553,55.233857,192,193,194,195,272,273,1727
173.067265,54.832415,193,194,1726,1806,1807
173.135782,55.033221,193,1727,1728,1807,1808
172.90131,54.59846,194,195,1725,1726
172.833573,54.600183,195,196,197,273,274,1725
172.500789,53.967029,196,197,1723,1724
172.833822,54.432545,196,1724,1725,1726,1805,1806
172.431915,53.965934,197,274,275,1722,1723
172.133084,53.365244,198,199,1541,1714
172.167467,53.366077,198,1541,1542,1722,1723,1724,1804,1805
172.167565,53.433934,198,199,275,276,1722
171.799831,53.532473,199,276,277,541,542,1713,1714,1715,1716,1717,1718,1721
165.300928,53.333244,200,201,279,280,539
165.967308,53.333337,200,539,540,541,542,543,544,545,584,604,608,611,613,614,615
165.967268,53.366309,200,278,279,540
164.900821,53.299122,201,280,281,537,538
165.300675,53.299684,201,538,539,583,584
164.299274,53.066686,202,536,537,538,582,583
164.300164,53.100335,202,203,204,205,281,282,537
159.566551,62.200817,233,234,341,342
163.701858,62.999301,238,239,240,241,242,243,244,245,246,247,248,249,250,251,252,253,254,255,256,257,258,259,260,261,262,263,264,265,266,267,268,269,270,271,272,273,274,275,276,277,278,279,280,281,282,283,284,285,286,287,288,289,290,291,292,294,335,336
166.766956,53.56738,277,278,540,541
179.799921,61.833218,295,296,1763,1764
180.0,61.833333,295,1764,1765
180.0,63.566667,295,296,297,298,299,300,301,302,303,304,305,306,307,308,309,310,311,312,313,314,315,316,317,318,319,320,321,322,323,348,349,350,351,359,377,378
179.79947,61.900978,296,297,1762,1763
179.633447,61.899685,297,298,1761,1762
179.332612,62.068173,298,299,1760,1761
179.333709,62.132122,299,300,1759,1760
179.23245,62.132899,300,301,1758,1759
178.733377,62.266602,301,302,1757,1758
178.733359,62.299153,302,303,1756,1757
157.5,63.566667,347,358,359,360,361,362,363,378,379,380,381,382,383,384,387
158.167535,66.832963,363,364,365,379,396
157.5,66.666667,363,396,397
159.101178,66.967827,364,365,394,395
158.165492,66.867187,364,395,396,397,401
159.299129,66.966973,365,366,379,380,394
159.764884,67.133738,366,367,368,380,381,393
159.300579,67.000126,366,393,394,395,400,401
161.033341,67.199574,367,368,391,392
160.33429,67.366403,367,392,393,399,400
161.633787,67.168432,368,369,370,371,381,382,390,391
162.167057,67.034123,369,370,464,465,478
162.16799,67.234589,369,390,464
162.399493,66.433292,370,371,477,478
162.399457,66.366455,371,382,383,476,477
163.365816,66.699614,372,384,385,386,387,473,474
163.23246,66.699176,372,474,475
162.498315,66.36698,372,383,384,475,476
164.033869,67.100311,373,374,375,385,386,470,471
163.767911,67.065366,373,471,472
163.76609,67.034172,373,385,472,473
164.732787,67.333926,374,375,618,619
164.698709,67.368141,374,469,470,619
164.867506,67.333776,375,376,377,378,386,387,617,618
180.0,67.5,376,377
164.9,67.5,376,616,617
163.701376,67.43387,388,389,398,466
164.066667,67.5,388,466,467
157.5,67.5,388,397,398,399,400,401
162.700881,67.433594,389,390,391,392,398,399,464,465
163.699936,67.401087,389,465,466,467,468,469,470,471,472,473,474,475,476,477,478
162.267149,52.666458,416,417,479,517
162.832694,52.034032,417,418,516,517,518,519,520,521,522,523,524,525,526,527,528,529,530,531,532,534,535
162.966266,51.432368,418,419,516
163.632296,50.698275,419,420,515,516,534
163.667289,50.566506,420,421,515
163.967472,50.299514,421,422,514,515,533,534,535
163.899233,50.099056,422,423,449,450,514
164.367016,49.632464,423,424,425,450,451,513
163.965124,50.099325,423,513,514,533
164.433215,49.566476,424,425,511,512
164.434469,49.632918,424,512,513,532,533,535
164.599462,49.400493,425,426,451,452,511
164.666712,49.332817,426,452,453,509,510
164.668253,49.400256,426,510,511,512,531,532
164.900923,49.066121,427,454,455,507,508
164.900061,49.166766,427,508,509,510,530,531
164.833458,49.165404,427,453,454,509
165.533175,48.299845,428,429,504,505
165.534206,48.366567,428,505,506,507,508,529,530
165.467278,48.366587,428,429,456,457,506
165.833437,47.832486,429,430,457,458,503,504
166.300379,47.365356,430,431,432,433,434,435,436,437,438,458,459,501,502
166.300496,47.400786,430,502,503
166.466175,47.232978,431,432,499,500
166.467241,47.298989,431,500,501
166.700492,47.00023,432,433,498,499,733
166.699286,46.967715,433,434,694,695,733,744,745
166.632512,46.400447,434,435,693,694
166.601063,46.400916,435,436,693
166.598752,46.101041,436,437,685,686,687,692,693,694,695,696,697,698,699,700,701
166.599824,45.933454,437,438,677,691,692
166.500712,45.833333,438,459,460,677,678,679,680,681,682,684
166.966569,45.198733,439,440,748,749,750,751,754,757
166.89834,45.298865,439,717,726,748
166.832913,45.333201,439,440,460,461,683,684,717
166.968121,45.10023,440,441,442,443,444,445,446,447,461,462,463,757,758,759,760,765
167.09988,45.032659,441,442,764,767,768
167.001212,45.098296,441,765,766,768
167.1,45.0,442,443,763,764
165.199084,48.633363,455,456,506,507
164.666667,67.5,467,468,616
164.666178,67.465131,468,469,616,617,618,619
163.834201,52.93201,483,484,536,582
164.233547,52.800305,484,485,581,582,583,584,604
164.599856,52.399605,485,486,487,519,520,581
164.999856,51.932572,486,487,579,580
164.633075,52.398695,486,580,581,604,608
164.999936,51.866848,487,520,521,578,579
165.499439,51.166912,488,489,576,577
165.300137,51.632494,488,577,578,579,580,603,607,608,610,611
165.233365,51.634758,488,489,521,522,578
165.532726,50.866459,489,522,523,575,576
165.901837,50.000083,490,491,524,525,573,574
165.899615,50.500516,490,574,575,576,577,602,603
165.833369,50.499693,490,523,524,575
166.066179,49.567045,491,525,526,571,572
166.066828,49.666374,491,572,573
166.70011,48.400696,492,493,569,570,659,660
166.366762,49.268377,492,570,571,572,573,574,601,602
166.3334,49.26655,492,493,526,527,571
166.700327,48.33212,493,494,527,528,659
166.732478,48.000187,494,495,496,497,498,499,500,501,502,503,504,505,528,529,735
166.732662,48.333473,494,658,659,660,669,670,735,736
166.767297,47.365968,495,496,734,746,747
166.766349,47.999122,495,735,736,737,738,739,740,741,747
166.733071,47.366311,496,497,734
166.73324,47.000104,497,498,733,734,745,746
171.299646,52.966388,542,543,1713
171.333569,52.032936,543,544,1706,1707,1713,1720,1721
171.033441,51.266595,544,545,1706
171.034186,51.099858,545,585,612,614,1532,1533,1706,1707,1708,1712
170.567956,50.468774,546,585,586,609,612,1204,1205
170.600435,50.467082,546,1205,1206
170.765265,50.732742,546,585,1206,1207,1226,1532
170.19973,49.567152,547,548,1202,1203
170.434813,49.998726,547,1203,1204,1205,1206,1225,1226,1227,1228,1229
170.434492,50.133132,547,548,586,1204
169.899534,49.233781,548,549,586,605,606,609,1202
169.498228,48.333807,549,550,587,605,1201
169.798417,48.699276,549,1201,1202,1203,1224,1225
169.432358,48.167029,550,551,587,1200
169.499686,48.167644,550,1200,1201,1223,1224
169.102173,47.466476,551,587,588,589,590,591,592,593,594,595,596,597,605,606,1199
169.434241,47.866475,551,1199,1200,1222,1223
168.764635,47.534827,552,553,588,589,638
169.099609,47.101669,552,638,639,1176,1177,1178,1179,1180
169.099571,47.132171,552,588,1177,1199,1221,1222
168.700174,47.701116,553,589,590,636,637
168.699888,47.533376,553,637,638,639,640,641,642,643,644,645,646,647,648,649,650,667,668
168.568096,48.066831,554,591,592,634,635
168.567161,47.900382,554,635,636,637,667
168.599556,47.899233,554,590,591,636
168.234148,49.601133,555,556,593,594,633
168.333246,48.500206,555,633,634,635,667,668,669,670,671,672,673,674,676
168.368124,48.500821,555,592,593,634
168.300232,50.166637,556,557,558,594,595,632
168.200383,49.599143,556,632,633,666,675,676
168.334977,50.366271,557,558,630,631
168.299605,50.367026,557,631,632,665,666
168.46721,51.03305,558,559,595,596,630
168.69945,51.766077,559,560,596,597,629
168.465996,51.13315,559,629,630,631,664,665
168.799368,52.032137,560,597,606,609,612,614,615,627,628
168.69918,51.900362,560,628,629,663,664
168.1672,51.466866,561,562,626,663,664,665,666,675
168.734117,51.966766,561,627,628,663
168.733852,52.032735,561,562,563,598,599,600,613,615,627
168.100713,51.467235,562,563,625,626
167.699714,51.267435,563,564,598,625
167.499968,51.233452,564,598,599,623,624
167.698738,51.232698,564,624,625,626,674,675,676
166.334459,50.866549,565,566,621,622
167.10019,51.032417,565,622,623,624,662,673,674
167.100083,51.066118,565,566,599,600,623
166.167494,50.866158,566,600,610,611,613,620,621
166.401909,49.831735,567,568,661,671,672
166.066767,50.733027,567,662,672,673
165.965387,50.732993,567,568,601,602,603,607,620,621,622,662
166.665838,48.635537,568,569,570,601,661
166.700111,48.633187,569,660,661,670,671
165.966042,50.765986,607,610,620
169.034591,47.032827,639,640,1176
169.034351,46.666679,640,641,1107,1108,1176,1180
168.965847,46.66618,641,642,1060,1061,1108,1109
168.600031,46.767114,642,643,987,988,1060
168.501499,46.833491,643,644,965,966,970,986,987
168.500209,46.900765,644,645,964,965
168.399501,47.000818,645,646,964
168.333517,46.999394,646,647,963,964,965,969,970
168.334216,47.130913,647,648,963
168.267528,47.132797,648,649,962,963,968,969
167.966453,47.368441,649,650,961,962
167.865891,47.365945,650,651,652,653,654,655,656,657,658,668,669,961
167.800891,47.200582,651,652,896,897,898,899,900,901,902
167.867671,47.200444,651,897,961,962,967,968
167.799849,47.233043,652,653,895,896
167.634102,47.232387,653,654,794,795,895
167.467038,47.266032,654,655,793,794
167.433788,47.265327,655,656,738,739,792,793
167.167109,47.601059,656,657,737,738
167.166818,47.700239,657,658,736,737
166.633704,45.932689,677,678,690,691
166.63222,45.8672,678,679,689,690,702
166.667197,45.800635,679,680,702,703,721,729
166.667143,45.732755,680,681,729,730,731,732
166.733694,45.566368,681,682,718,719,732
166.864895,45.400672,682,683,684,718
166.965728,45.400081,683,717,718,719,720,726,727
166.83376,45.999907,685,686,705,706,707,708,709,710,711,712,713,714,715,722,723
166.731883,46.133376,685,701,706
166.667835,46.067462,686,687,704,705
166.666145,45.999629,687,688,689,690,691,692,704
166.734564,45.933346,688,689,702,703
166.833312,45.933384,688,703,704,705,721,722
167.000823,46.698921,695,696,743,744
167.065349,46.699855,696,697,742,743
167.066613,46.499048,697,698,742,790
167.068492,46.468181,698,699,755,756,790,803
166.898469,46.300863,699,700,755
166.90155,46.199497,700,701,706,707,755,756
167.199886,46.233093,707,708,756,802,803,828
167.233389,46.133688,708,709,828,836,840
167.232745,46.033636,709,710,840,841,842,843,844
167.332263,45.933447,710,711,815,844
167.333864,45.899996,711,712,814,815,816,824,825
167.23212,45.899687,712,713,813,814
167.233653,45.834355,713,714,813
167.30062,45.500251,714,715,770,771,813,814,823,824
167.300714,45.432242,715,716,723,724,769,770
167.233023,45.465399,716,724,725,749,750
167.132864,45.300868,716,750,751,769
166.865383,45.70192,719,720,731,732
167.033668,45.699422,720,727,728,730,731
167.034385,45.733426,721,722,723,724,725,728,729,730
167.032432,45.434521,725,726,727,728,748,749
167.266978,47.101664,739,740,791,792
167.233896,47.100777,740,741,791
167.231876,46.801388,741,742,743,744,745,746,747,790,791,792,793,794,795,796,797,798,799,800,801,802,803
167.333601,45.299274,751,752,753,754,769,770,771,772,782,783
166.999308,45.13379,752,753,758,759
167.033802,45.134371,752,759,760,782
166.999681,45.200018,753,754,757,758
167.16613,45.134047,760,765,766,781,782,783,784,786,787
167.231261,45.099881,761,762,779,804
167.166866,45.102435,761,779,780,781,786
167.166665,45.065817,761,762,763,764,767,780
167.166667,45.0,762,763,804,805,806,807,811,812
167.10013,45.065684,766,767,768,780,781
167.365328,45.499595,771,772,823,847,854
167.533673,45.465873,772,773,774,775,783,784,853,854
167.634105,45.465949,773,774,851,852,871,872
167.533741,45.499366,773,852,853
167.701404,45.365612,774,775,855,862,863,870,871
167.499794,45.333535,775,784,787,788,855
167.798954,45.333182,776,777,778,785,860,864,865
167.632955,45.333747,776,861,862,863,865
167.633876,45.299404,776,785,789,861
167.699457,45.23213,777,778,805,806
167.701283,45.200193,777,806,807,859,860
167.367671,45.234032,778,779,785,786,787,788,789,804,805
167.499995,45.299549,788,789,855,861,862
167.63296,47.200992,795,796,885,895,896,902
167.666281,47.066835,796,797,875,876,885,886,887,888,889,890,891,892,893,894
167.632859,46.699653,797,798,875
167.634396,46.532103,798,799,875,876,877,878,883,884
167.799845,46.36687,799,800,882,883,903,904
167.765841,46.232676,800,801,829,903
167.466248,46.13414,801,802,828,829,836,838,839
167.567752,45.133913,807,808,809,810,812,858,859
167.366667,45.0,808,809,846
167.9,45.0,808,857,858
167.366863,45.032177,809,810,845,846
167.267045,45.033238,810,811,812,845
167.266667,45.0,811,845,846
167.600452,45.899519,815,816,833,834,843,844
167.599371,45.834209,816,817,825,826,832,833
167.832765,45.732944,817,818,819,820,821,826,827,916,926,927
167.831289,45.800309,817,831,832,916
167.867659,45.666234,818,819,867,868,930,931,932,936
167.867266,45.73115,818,926,930
167.733585,45.666704,819,820,866,867
167.597644,45.599931,820,821,848,849,866
167.465737,45.566913,821,822,827,848
167.367061,45.534205,822,823,824,825,826,827,847
167.466506,45.533068,822,847,848,849,850,851,852,853,854
167.866327,46.20014,829,837,839,903,904,905,906,907,937
167.934522,45.933696,830,831,916,917,927,928
167.93331,46.000699,830,917,956,957,960
167.899276,45.999138,830,831,832,833,834,835,837,937,938,939,940,957
167.66645,46.067081,834,835,842,843
167.666249,46.100843,835,837,838,839,841,842
167.367235,46.130671,836,838,840,841
167.600974,45.567075,849,850,866,867,868,873,874
167.699604,45.566614,850,851,872,873
167.966667,45.0,856,857,984,985
167.967254,45.033234,856,971,972,973,974,980,981,982,983,984
167.899898,45.167825,856,857,858,859,860,864,908,909,910,911,971
167.800255,45.400372,863,864,865,870,908
167.899814,45.666922,868,869,874,935,936
167.832407,45.63392,869,870,871,872,873,874,908,909
167.898886,45.633463,869,909,910,934,935
167.832549,46.898547,876,877,894,912
167.801749,46.698336,877,878,912,915
167.998743,46.700628,878,879,884,914,915
168.101036,46.600985,879,880,881,882,883,884,990,991
168.099377,46.800172,879,913,914,991,992
168.301028,46.399148,880,881,905,906,1006,1007,1008,1013,1014,1015,1016
168.301063,46.434362,880,990,1006
168.067652,46.333544,881,882,904,905
167.69983,47.199383,885,886,901,902
167.700552,47.167478,886,887,900,901
167.765818,47.167737,887,888,899,900
167.769377,47.134423,888,889,898,899
167.866338,47.166585,889,890,897,898,967
168.26526,46.999323,890,891,966,967,968,969,970
168.199664,47.000293,891,892,966,986
167.999503,46.932734,892,893,913,986,987,988,989,992
167.997693,46.900451,893,894,912,913,914,915
168.400079,46.233097,906,907,938,939,1012,1013
168.200742,46.166175,907,937,938
168.132549,45.532486,910,911,933,934,972,973
167.96859,45.166831,911,971,972
168.232395,45.932509,917,918,928,929,956
168.266996,45.799197,918,919,920,921,922,923,924,925,929,955
168.266807,45.934281,918,955,956,959,960
168.366621,45.733373,919,920,1017,1018
168.367013,45.799992,919,954,955,958,959,1018,1019
168.333721,45.733083,920,921,1017
168.367157,45.532883,921,922,974,975,981,1017,1018,1019,1020,1027
168.233705,45.532944,922,923,933,973,974
168.23423,45.700807,923,924,932,933,934,935,936
168.166108,45.701561,924,925,931,932
168.100489,45.801344,925,926,927,928,929,930,931
168.532406,46.133724,939,940,1011,1012,1058,1059
168.63329,46.13254,940,941,957,958,959,960,1057,1058
168.866773,46.367092,941,942,943,944,945,946,947,948,949,950,951,952,953,954,958,1065
168.767089,46.267011,941,1056,1057,1065,1066
168.834021,46.566802,942,943,1062,1063,1064,1068,1069
168.801161,46.43281,942,1065,1066,1067,1069
168.966595,46.633173,943,944,1061,1062,1109,1110,1111,1112,1126
168.966014,46.432988,944,945,1110
169.000656,46.432906,945,946,1110,1111,1155
168.96857,46.30016,946,947,1142,1143,1155,1164
168.933824,46.300209,947,948,1142
168.933681,46.199924,948,949,1116,1142,1143,1144,1145,1146,1147
168.934434,46.166934,949,950,1116,1117
168.898455,46.165404,950,951,1117,1118
168.899334,45.965874,951,952,1072,1073,1118,1119
168.767011,45.866906,952,953,1028,1071,1072
168.399115,45.799447,953,954,1019,1020,1028,1029,1030
168.299148,45.333765,975,981,982,998
168.432456,45.434523,975,998,999,1026,1027
168.365894,45.098979,976,977,993,994,995,996,997
168.398823,45.166105,976,994,1004
168.298914,45.266435,976,977,982,983,998,999,1000,1001,1002,1004,1005
168.267043,45.100254,977,978,979,980,983,993
168.2,45.0,978,979,985
168.266667,45.0,978,993,997
168.200854,45.033123,979,980,984,985
168.59894,46.697767,988,989,1060,1061,1062,1063
168.700223,46.565927,989,990,991,992,1006,1007,1063,1064
168.500003,45.166949,994,995,1003,1004,1005
168.498738,45.134159,995,996,1003,1031
168.433333,45.0,996,997,1031,1036,1037
168.499023,45.466787,999,1000,1025,1026,1043
168.500684,45.432038,1000,1001,1043,1044,1045,1046,1047,1048,1052
168.533436,45.434315,1001,1002,1051,1052
168.634032,45.134012,1002,1003,1005,1031,1032,1033,1034,1037,1038,1050,1051
168.70029,46.533549,1007,1008,1064,1068
168.767103,46.533139,1008,1009,1014,1067,1068,1069
168.601064,46.433368,1009,1010,1014,1015,1055
168.76721,46.334721,1009,1055,1056,1066,1067
168.532468,46.333887,1010,1015,1016,1053,1054
168.600996,46.333076,1010,1054,1055,1056,1057,1058,1059
168.566619,46.267617,1011,1053,1054,1059
168.532466,46.298479,1011,1012,1013,1016,1053
168.566774,45.765319,1020,1021,1022,1023,1024,1025,1026,1027,1030
168.767084,45.833997,1021,1022,1028,1029,1071
168.566346,45.800671,1021,1029,1030
168.800076,45.833848,1022,1023,1070,1071,1072,1073,1074,1075,1076,1077,1078,1079,1080
168.734773,45.66697,1023,1024,1044,1045,1070
168.600284,45.667412,1024,1025,1043,1044
168.83368,45.29923,1032,1033,1049,1088,1089
168.765683,45.334325,1032,1049,1050
168.832374,45.133323,1033,1034,1087,1088,1090
168.833639,45.099114,1034,1035,1038,1040,1090,1091,1095
168.634038,45.06653,1035,1036,1037,1038,1039
168.63159,45.032335,1035,1039,1040,1041,1042
168.5,45.0,1036,1039,1042
168.901476,45.067329,1040,1041,1094,1095
168.9,45.0,1041,1042,1093,1094
168.732083,45.633066,1045,1046,1070,1080
168.832954,45.634031,1046,1047,1079,1080,1096,1097
168.832143,45.598576,1047,1048,1081,1096
168.833287,45.466117,1048,1049,1050,1051,1052,1081,1082,1089
168.932875,45.964506,1073,1074,1119,1120
168.933985,45.934222,1074,1075,1120,1121,1130,1136
168.932668,45.898949,1075,1076,1136,1137,1140
168.967462,45.900694,1076,1077,1139,1140,1141
169.100576,45.799549,1077,1078,1138,1139,1192,1193
169.099696,45.766327,1078,1079,1097,1098,1193,1194
168.966551,45.532925,1081,1082,1096,1097,1098,1099,1154
168.999063,45.399913,1082,1083,1084,1085,1086,1087,1088,1089,1148,1149,1150,1151,1152,1153,1154
169.298968,45.333324,1083,1084,1238,1239,1245,1246
169.299261,45.432698,1083,1148,1244,1245
169.299867,45.266353,1084,1085,1239,1240,1241,1243
169.266433,45.266124,1085,1086,1166,1240
169.000556,45.133493,1086,1087,1090,1091,1166,1167
168.998295,45.099734,1091,1092,1093,1094,1095,1167,1168
169.033333,45.0,1092,1093,1169,1170,1173,1174
169.033321,45.10015,1092,1168,1169
169.100729,45.66628,1098,1099,1194,1195
169.268222,45.633957,1099,1153,1154,1195,1196,1197,1198
169.699774,46.267357,1100,1101,1301,1302,1303
169.699861,46.237617,1100,1298,1299,1302,2052,2053,2054,2094,2095
169.497916,46.04375,1100,1101,1102,1125,1132,1133,1135,2095
169.633412,46.266223,1101,1102,1300,1301
169.634106,46.333813,1102,1103,1104,1105,1106,1107,1108,1109,1126,1127,1128,1129,1132,1300
169.700416,46.467216,1103,1104,1217,1218,1299,1302,1303
169.699293,46.332749,1103,1300,1301,1303
169.69811,46.567253,1104,1105,1218,1219
169.667682,46.565865,1105,1106,1178,1179,1219,1220
169.099869,46.633453,1106,1107,1179,1180
169.034131,46.433448,1111,1112,1155,1156,1157,1158,1159,1160,1161,1162,1163,1164
169.398554,46.432647,1112,1113,1126,1127,1156,1231,1232
169.534103,46.333508,1113,1127,1128,1233
169.499999,46.333752,1113,1232,1233,1234,1235
169.267579,46.199797,1114,1115,1144,1145,1162,1163
169.267028,46.234169,1114,1161,1162
169.299649,46.23341,1114,1115,1128,1129,1160,1161,1233,1234
169.232868,46.133953,1115,1129,1132,1133,1145,1146
169.065336,46.066035,1116,1117,1118,1119,1120,1130,1131,1134,1147
169.064921,46.034389,1121,1122,1130,1131,1181
169.066414,45.931965,1121,1136,1137,1181,1184
169.132495,46.101056,1122,1123,1124,1125,1131,1134,1135,1182
169.132532,46.066939,1122,1181,1182,1183,1184
169.466384,46.001192,1123,1124,1187,1188,1249,1250
169.301181,45.999895,1123,1182,1183,1188,1189
169.49882,46.028603,1124,1125,1249,2058,2094,2095
169.067407,46.134097,1133,1134,1135,1146,1147
169.265851,45.935206,1137,1140,1141,1183,1184,1189,1190
169.200951,45.800854,1138,1191,1192
169.201219,45.866089,1138,1139,1141,1190,1191
169.133457,46.232826,1143,1144,1163,1164
169.300162,45.520834,1148,1149,1244,2078,2079,2093
169.297916,45.527083,1149,1150,2093
169.300252,45.529643,1150,1151,2077,2078,2081,2093
169.300973,45.60016,1151,1152,1196,1197,2080,2081
169.265716,45.599719,1152,1153,1196
169.333256,46.431921,1156,1157,1231
169.333158,46.400058,1157,1158,1230,1231,1232,1235
169.23411,46.399407,1158,1159,1230
169.300143,46.333443,1159,1160,1230,1234,1235
169.26725,45.199241,1165,1166,1167,1168,1169,1172,1173,1240,1241
169.332983,45.201033,1165,1241,1242,1243
169.332998,45.192762,1165,1171,1172,1236,1237,1242,2082
169.400735,45.06782,1170,1174,1175,2060,2061,2083,2084
169.366667,45.0,1170,2061,2062
169.210416,45.05625,1171,1172,1173,1174,1175
169.333109,45.135264,1171,1175,2082,2083
169.667471,46.600949,1177,1178,1220,1221
169.504514,45.933243,1185,1186,1249,1250,2055,2056,2057,2058,2090,2091
169.514583,45.764583,1185,2091,2092
169.394399,45.632843,1185,1186,1187,1188,1189,1190,1191,1192,1193,1194,1195,1198,2076,2077,2080,2081,2088,2089,2092
169.46556,45.933302,1186,1187,1250
169.300524,45.63344,1197,1198,2080
170.734781,50.36735,1207,1208,1209,1226,1227,1531
170.766065,50.367535,1207,1531,1532,1533,1534,1535,1536,1574,1575
170.700561,49.932979,1208,1209,1529,1530
170.734857,49.932382,1208,1530,1531,1573,1574
170.499685,49.498772,1209,1210,1227,1228,1529
170.467403,48.53308,1210,1211,1212,1228,1229,1528
170.500042,48.533115,1210,1528,1529,1530,1572,1573
170.431969,47.532569,1211,1212,1371,1460,1461,1462,1463
170.468135,47.63433,1211,1371,1372,1528,1571,1572
170.099911,47.066714,1212,1213,1214,1215,1216,1217,1218,1219,1220,1221,1222,1223,1224,1225,1229,1460
169.966653,46.532523,1213,1214,1349,1350,1366,1367
170.032873,46.600197,1213,1367,1368,1460,1463
169.933756,46.533148,1214,1215,1348,1349
169.866052,46.46576,1215,1216,1310,1348
169.801233,46.466977,1216,1217,1298,1299,1310,1311,1316
169.391473,45.266748,1236,1237,1247,1248,2059,2087
169.393749,45.260416,1236,2082,2083,2084,2085,2086,2087
169.333704,45.266682,1237,1238,1239,1242,1243,1248
169.334768,45.332411,1238,1246,1247,1248
169.367786,45.332661,1244,1245,1246,1247,2059,2065,2066,2079
169.666419,45.599306,1251,1259,1260,1278,1279,1283
169.500841,45.599225,1251,1263,1264,1265,1266,1267,1268,1279,2074,2075
169.499155,45.567735,1251,1259,2073,2074
169.799597,45.467612,1252,1253,1277
169.899109,45.43369,1252,1277,1278,1282,1283,1284,1285
169.733862,45.534826,1252,1253,1254,1255,1256,1260,1261,1278
169.734115,45.466601,1253,1254,1276,1277,1281,1282
169.733468,45.501382,1254,1255,1276
169.665879,45.500586,1255,1256,1275,1276,1280,1281
169.665283,45.534233,1256,1261,1262,1275
169.532576,45.50037,1257,1258,2071,2072
169.599592,45.499779,1257,1273,1274,2070,2071
169.600553,45.533,1257,1258,1262,1274,1275,1280
169.531528,45.56753,1258,1259,1260,1261,1262,2072,2073
169.498624,45.700293,1263,1264
169.499501,45.632174,1263,2075,2076,2088
169.599713,45.834813,1264,1265,1286,1287,1288,2089,2090,2091,2092
169.631855,45.832333,1265,1266,1288,1294
169.63292,45.800519,1266,1267,1294,1295,1296,1297
169.867948,45.79958,1267,1268,1297,1343
169.932229,45.63426,1268,1269,1270,1271,1279,1283,1284,1343,1344,1345,1346,1347
170.032714,45.333082,1270,1271,1327,1351
169.902203,45.400829,1271,1284,1285,1326,1327,1337
169.799432,45.13314,1272,1273,1289,1290,2069,2070
169.899994,45.100361,1272,1290,1291,1293,1319,1326,1336,1337,1338,1339,1342
169.89934,45.300209,1272,1273,1274,1280,1281,1282,1285,1326
169.733716,46.16574,1286,1287,1304,1305,1306,1313,1314,2055,2056
169.532784,45.9332,1286,2055,2090
169.90039,45.999876,1287,1288,1294,1295,1304
169.633896,45.2004,1289,2063,2064,2068,2069
169.7,45.0,1289,1290,1292,1293,2062,2063
169.834584,45.066848,1291,1292,1293,1318
169.901073,45.065836,1291,1318,1319,1324
169.833333,45.0,1292,1318,1323,1324,1325
169.968436,45.965428,1295,1296,1304,1305,1356
170.000159,45.86713,1296,1297,1343,1344,1356,1357,1358,1359,1360,1361,1365
169.798928,46.332721,1298,1311,1312,2054
170.00054,46.166531,1305,1306,1356,1357,1452,1458
170.000122,46.231372,1306,1307,1308,1309,1314,1315,1452
170.034271,46.265493,1307,1308,1366,1367,1368,1369,1370,1423,1424,1453
170.034027,46.233572,1307,1452,1453,1454,1458,1459
169.965768,46.334008,1308,1309,1350,1366
169.867061,46.368669,1309,1310,1315,1316,1317,1348,1349,1350
169.810416,46.34375,1311,1312,1316,1317
169.798367,46.300055,1312,1313,1314,1315,1317,2053,2054
169.733002,46.200879,1313,2052,2053,2056,2057
170.032183,45.033641,1319,1320,1321,1324,1325,1336
170.199862,45.065694,1320,1321,1335,1340,1341
170.035094,45.065234,1320,1336,1341,1342
170.200252,45.032614,1321,1322,1323,1325,1334,1335
170.3,45.0,1322,1323,1332,1333
170.299454,45.032619,1322,1333,1334
169.966385,45.233103,1327,1328,1337,1338,1351,1352,1353,1355
170.16658,45.133552,1328,1329,1338,1339,1354
170.167953,45.166406,1328,1354,1355
170.232854,45.067699,1329,1330,1331,1339,1340,1341,1342,1464,1465,1466,1468
170.233205,45.166848,1329,1353,1354,1355,1464
170.367293,45.03292,1330,1331,1507,1508,1509,1512
170.366677,45.066691,1330,1467,1468,1508
170.333927,45.032731,1331,1332,1333,1334,1335,1340,1507
170.333333,45.0,1332,1507,1511,1512
170.067585,46.165973,1357,1358,1457,1458,1459
170.065868,46.068078,1358,1359,1456,1457
170.199418,46.032518,1359,1360,1455,1456
170.201305,46.000298,1360,1361,1455
170.267051,46.033358,1361,1362,1363,1364,1365,1454,1455,1456,1457,1459,1469,1498,1499
170.066737,46.599856,1368,1369,1462,1463
170.366468,46.934376,1369,1370,1461,1462
170.400312,46.933037,1370,1371,1372,1424,1425,1461
170.897649,48.16557,1372,1373,1425,1426,1571
170.933756,48.199286,1373,1426,1427,1569,1570
170.899434,48.200279,1373,1570,1571,1572,1573,1574,1575,1581
171.432137,48.634853,1374,1428,1429,1567,1568
171.299855,48.599651,1374,1568,1569,1570,1580,1581
171.298879,48.566441,1374,1427,1428,1569
172.166151,49.700622,1375,1376,1564,1565
171.967306,49.432938,1375,1565,1566,1567,1568,1579,1580
171.966713,49.398465,1375,1376,1430,1431,1566
172.199879,49.700679,1376,1377,1431,1432,1433,1434,1435,1436,1437,1438,1439,1440,1441,1442,1443,1444,1445,1446,1447,1448,1449,1450,1451,1563,1564
172.366968,50.432262,1377,1378,1432,1561,1562
172.200763,50.034012,1377,1562,1563
172.834339,51.033358,1378,1379,1432,1433,1559,1560
172.366324,50.499389,1378,1560,1561
173.365338,51.732771,1379,1380,1381,1382,1433,1434,1557,1558
173.000002,51.36713,1379,1558,1559
173.431969,52.099975,1380,1381,1555,1556
173.367007,51.833441,1380,1556,1557
173.76726,52.367827,1381,1382,1554,1555
173.834051,52.366095,1382,1383,1384,1434,1435,1553,1554
174.266968,52.966463,1383,1384,1551,1552
173.834533,52.53322,1383,1552,1553
174.299248,52.966586,1384,1385,1386,1387,1388,1389,1390,1391,1392,1393,1435,1436,1550,1551
174.466003,53.200493,1385,1386,1548,1549,1887,1888,1889,1890,1891,1936,1937
174.297958,53.066185,1385,1549,1550
174.999906,53.066467,1386,1387,1935,1936
175.000266,53.033234,1387,1388,1935
175.366943,53.034139,1388,1389,1934,1935,1936,1937,1938,1939,1940,1941,1942,1943,1944,1945,1946,1947,1955
175.366939,53.001101,1389,1390,1934
175.535529,52.998824,1390,1391,1933,1934,1954,1955
175.967299,52.766954,1391,1392,1932,1933
176.16717,52.600007,1392,1393,1931,1932
176.467267,52.499125,1393,1394,1395,1396,1436,1437,1930,1931
176.467356,52.333223,1394,1395,1636
176.599482,52.49886,1394,1636,1637,1929,1930,1979,1980
176.466771,52.267352,1395,1396,1635,1636,1637,1638,1681,1682
176.10019,51.967107,1396,1397,1437,1438,1635
175.933841,51.800034,1397,1398,1438,1439,1634
175.998954,51.800107,1397,1634,1635,1680,1681
175.699812,51.568763,1398,1399,1400,1439,1440,1633
175.765278,51.566355,1398,1633,1634,1679,1680
175.534337,51.332113,1399,1400,1631,1632
175.700382,51.499334,1399,1632,1633,1678,1679
175.465673,51.332459,1400,1401,1402,1403,1440,1441,1631
175.432654,51.166031,1401,1402,1629,1630
175.466387,51.166778,1401,1630,1631,1632,1677,1678
174.933702,50.466272,1402,1403,1628,1629
174.899273,50.466937,1403,1404,1405,1441,1442,1628
174.765857,50.066656,1404,1405,1627,1676,1677,1678,1679,1680,1681,1682,1683,1684,1685,1686,1687,1688,1689,1690,1691,1692,1693,1699
174.900442,50.3336,1404,1628,1629,1630,1677
174.599782,49.933714,1405,1406,1407,1408,1442,1443,1627
174.53333,49.865759,1406,1407,1626
174.601455,49.865237,1406,1626,1627,1675,1676
174.366805,49.698193,1407,1408,1625,1626,1674,1675
174.299365,49.699315,1408,1409,1443,1444,1625
173.833254,49.299826,1409,1410,1411,1444,1445,1624
173.900826,49.298954,1409,1624,1625,1673,1674
173.666482,49.066831,1410,1411,1622,1623
173.833446,49.232547,1410,1623,1624,1672,1673
173.598872,49.067005,1411,1412,1413,1414,1445,1446,1622
173.133391,48.400752,1412,1413,1478,1479,1621
173.60107,48.999577,1412,1621,1622,1623,1671,1672
172.633429,47.866629,1413,1414,1477,1478
172.599932,47.86658,1414,1415,1416,1446,1447,1477
172.534598,47.700149,1415,1416,1475,1476
172.600832,47.69841,1415,1476,1477,1478,1479,1480,1481,1482,1483,1484,1485,1486,1487,1504,1505
172.300899,47.400242,1416,1417,1447,1448,1475
171.73513,47.033573,1417,1418,1419,1448,1449,1474
172.300557,47.366161,1417,1474,1475,1476,1503,1504
171.200465,46.532164,1418,1419,1472,1473
171.432044,46.700986,1418,1473,1474,1502,1503
171.133549,46.533379,1419,1420,1449,1450,1472
170.900249,46.29948,1420,1421,1450,1451,1471
171.132397,46.467813,1420,1471,1472,1473,1501,1502
170.466152,46.134513,1421,1422,1423,1424,1425,1426,1427,1428,1429,1430,1431,1451,1470
170.899898,46.232766,1421,1470,1471,1500,1501
170.267096,46.066611,1422,1423,1453,1454,1469
170.466808,46.099483,1422,1469,1470,1499,1500
171.599713,48.799479,1429,1430,1566,1567
170.433885,45.065569,1467,1508,1509,1520
173.199949,48.39851,1479,1480,1621,1671
173.200445,48.06755,1480,1481,1620,1671,1672,1673,1674,1675,1676,1698,1699
172.964572,47.533662,1481,1482,1620
172.966502,47.466237,1482,1483,1619,1620,1697,1698
172.900591,47.466212,1483,1484,1618,1619
172.699679,47.166908,1484,1485,1617,1618
172.666415,47.164271,1485,1486,1617
172.6668,46.932439,1486,1487,1616,1617,1618,1619,1696,1697
172.433795,46.700738,1487,1488,1489,1505,1506,1616
172.366717,46.63331,1488,1489,1614,1615
172.433854,46.633073,1488,1615,1616,1695,1696
171.99967,46.266113,1489,1490,1491,1506,1614
171.599253,45.934988,1490,1491,1612,1613
171.799528,46.032133,1490,1613,1614,1615,1670,1694,1695
171.368101,45.765856,1491,1492,1493,1494,1495,1496,1497,1498,1499,1500,1501,1502,1503,1504,1505,1506,1612
170.901259,45.400946,1492,1493,1583,1584,1611,1668,1669
171.366529,45.701235,1492,1612,1613,1669,1670
170.765929,45.600483,1493,1494,1583
170.699587,45.599433,1494,1495,1582,1583,1584,1585,1586
170.433485,45.032218,1509,1510,1511,1512,1520,1521,1522,1523,1526
170.466667,45.0,1510,1511,1524,1525
170.466567,45.032554,1510,1525,1526,1527
170.40126,45.59975,1513,1514
170.36668,45.600247,1513
170.366318,45.500916,1513,1514,1515,1519
170.400603,45.566754,1514,1515
170.466572,45.50004,1515,1516,1517,1518,1519
170.50013,45.433147,1516,1517
170.49968,45.500377,1516
170.399954,45.434838,1517,1518
170.400662,45.500454,1518,1519
170.76654,45.16505,1523,1526,1527,1589,1600,1601,1602,1608
170.7,45.0,1524,1587,1588
170.699747,45.033816,1524,1525,1527,1587,1589,1590,1596,1597
171.199188,51.232393,1533,1534,1711,1712
171.232928,51.23362,1534,1535,1710,1711
171.467196,51.501081,1535,1536,1709,1710
171.500271,51.500255,1536,1575,1576,1577,1578,1579,1580,1581,1709
171.532726,52.332696,1537,1538,1576,1577,1719
171.367151,52.03209,1537,1707,1708,1719,1720
171.499149,51.933894,1537,1576,1708,1709,1710,1711,1712
171.599906,52.433229,1538,1539,1540,1577,1578,1717,1718
171.532445,52.432528,1538,1718,1719,1720,1721
172.066621,53.132981,1539,1540,1715,1716
171.768511,52.765752,1539,1716,1717
172.098721,53.134024,1540,1541,1542,1543,1544,1545,1546,1547,1548,1549,1550,1551,1552,1553,1554,1555,1556,1557,1558,1559,1560,1561,1562,1563,1564,1565,1578,1579,1714,1715
172.698856,53.365653,1542,1543,1803,1804
172.700332,53.334541,1543,1544,1802,1803
173.267669,53.334818,1544,1545,1801,1802
173.267046,53.300156,1545,1546,1800,1801
174.400497,53.298413,1546,1547,1799,1800
174.46746,53.233219,1547,1548,1799,1887
170.899619,45.367045,1584,1585,1601,1602,1611
170.766785,45.033843,1587,1588,1595,1596
170.766667,45.0,1588,1594,1595
170.834409,45.167189,1589,1590,1607,1608
170.898357,45.06721,1590,1591,1592,1597,1598,1599,1606,1607
170.967042,45.066525,1591,1592,1604,1605
170.966864,45.133519,1591,1605,1606
171.033333,45.0,1592,1593,1598,1603,1604
170.96672,45.032854,1593,1598,1599,1609,1610
170.966667,45.0,1593,1610
170.9,45.0,1594,1609,1610
170.898802,45.035065,1594,1595,1596,1597,1599,1609
170.967143,45.199707,1602,1603,1604,1605,1606,1607,1608,1611,1668,1700
171.133333,45.0,1603,1700,1701,1702,1703,1704,1705
176.998907,52.29974,1637,1638,1978,1979
176.998098,52.265641,1638,1639,1682,1683,1978
178.065779,52.000851,1639,1640,1641,1683,1684,1976,1977
177.431486,52.267829,1639,1977,1978,1979,1980,1981,1982,1983,1984,1985,1986,1987
177.900051,51.565698,1640,1641,1845,1846,1847,1848,1849,1850,1851,1852,1853,1854,1855,1856,1857,1858,1859,1881,1882
178.100482,51.999658,1640,1846,1976,2025,2026,2036
177.867669,51.567622,1641,1642,1643,1684,1685,1845
176.999377,50.232684,1642,1643,1843,1844
177.499357,50.734196,1642,1844,1845,1880,1881
176.932409,50.232758,1643,1644,1685,1686,1843
176.632119,49.666819,1644,1645,1646,1686,1687,1842
176.932745,50.165337,1644,1842,1843,1844,1879,1880
176.533321,49.467659,1645,1646,1840,1841
176.63245,49.564693,1645,1841,1842,1878,1879
176.469351,49.466743,1646,1647,1648,1649,1687,1688,1840
176.400419,49.16627,1647,1648,1839
176.468587,49.166498,1647,1839,1840,1841,1877,1878
176.199553,48.733332,1648,1649,1838,1839,1876,1877
175.767192,48.367967,1649,1650,1651,1652,1653,1688,1689,1838
175.400352,47.966453,1650,1651,1837,1874,1875
175.765302,48.301022,1650,1838,1875,1876
175.1326,47.867595,1651,1652,1836,1837
174.999929,47.866383,1652,1653,1835,1836
174.766437,47.76635,1653,1654,1689,1690,1835
174.167431,47.166878,1654,1655,1656,1690,1691,1834
174.768669,47.700264,1654,1834,1835,1836,1837,1873,1874
173.633339,46.299528,1655,1656,1833,1871,1872
173.83276,46.601319,1655,1834,1872,1873
173.535491,46.299368,1656,1657,1658,1659,1691,1692,1833
173.300096,45.966185,1657,1658,1832,1869,1870
173.532872,46.232906,1657,1833,1870,1871
173.265964,45.967815,1658,1659,1831,1832
172.899198,45.599346,1659,1660,1692,1693,1831
172.666297,45.433178,1660,1661,1662,1663,1664,1665,1666,1667,1693,1694,1695,1696,1697,1698,1699,1830
172.899874,45.566508,1660,1830,1831,1832,1868,1869
172.2,45.0,1661,1662,1866,1867
172.300028,45.067543,1661,1830,1867,1868
171.2,45.0,1662,1663,1705
171.199478,45.098677,1663,1664,1704,1705
171.166188,45.099109,1664,1665,1703,1704
171.164814,45.199655,1665,1666,1702,1703
171.098173,45.200892,1666,1667,1701,1702
170.966294,45.264864,1667,1668,1669,1670,1694,1700,1701
180.0,61.666667,1765,1766,1915,1916
179.799945,61.500662,1766,1767,1914,1915
179.732814,61.500392,1767,1768,1913,1914
179.499952,61.198828,1768,1769,1913
179.499056,60.899308,1769,1770,1912,1913,1914,1915,1916,1917,1918,1919,1948
179.33341,60.667296,1770,1771,1912
179.333065,60.566479,1771,1772,1911,1912,1947,1948,1949,1950,1951,1952,1953,1954,1955
179.26852,60.566138,1772,1773,1910,1911
178.966566,60.198663,1773,1774,1910
178.96504,60.167236,1774,1775,1909,1910,1911,1946,1947
178.800039,60.033717,1775,1776,1909
178.80152,59.966575,1776,1777,1908,1909,1945,1946
178.599978,59.799004,1777,1778,1907,1908
178.566276,59.798848,1778,1779,1907
178.565595,59.632908,1779,1780,1906,1907,1908,1944,1945
178.332875,59.334146,1780,1781,1905,1906
177.832283,58.799673,1781,1782,1904,1905
177.800137,58.798344,1782,1783,1903,1904
177.633012,58.500099,1783,1784,1785,1786,1822,1823,1903
177.564805,58.332738,1784,1785,1902
177.633734,58.333824,1784,1902,1903,1904,1905,1906,1943,1944
177.232958,57.699823,1785,1786,1901,1902,1942,1943
176.833672,57.232955,1786,1787,1788,1823,1824,1901
176.500595,56.867428,1787,1788,1899,1900
176.83223,57.199662,1787,1900,1901,1941,1942
176.46599,56.868576,1788,1789,1790,1824,1825,1899
176.334755,56.467279,1789,1790,1897,1898
176.46675,56.631635,1789,1898,1899,1900,1940,1941
176.300178,56.467454,1790,1791,1792,1825,1826,1897
176.232755,56.301064,1791,1792,1895,1896
176.299572,56.30077,1791,1896,1897,1898,1939,1940
176.065623,56.066711,1792,1793,1826,1827,1894,1895
175.868156,55.69917,1793,1794,1827,1828,1893
175.89934,55.698678,1793,1893,1894
175.235004,54.400338,1794,1795,1796,1797,1798,1828,1829,1892
175.600481,54.833363,1794,1892,1893,1894,1895,1896,1938,1939
174.89912,53.86678,1795,1796,1890,1891
175.233832,54.233072,1795,1891,1892,1937,1938
174.865412,53.868418,1796,1797,1889,1890
174.565294,53.466712,1797,1798,1888,1889
174.532703,53.465597,1798,1799,1800,1801,1802,1803,1804,1805,1806,1807,1808,1809,1810,1811,1812,1813,1814,1815,1816,1817,1818,1819,1820,1829,1887,1888
178.366088,52.0,1846,1847,2035,2036,2037,2038
178.766982,51.901011,1847,1848,2034,2035
179.13299,51.70043,1848,1849,2033,2034
179.367004,51.501144,1849,1850,2000,2001,2032,2033
179.133331,51.13507,1850,1851,1999,2000
179.099651,51.132638,1851,1852,1999
178.865686,50.299013,1852,1853,1998,1999,2000,2001,2002,2003,2004,2005,2006,2007,2008,2009,2010,2011,2023,2024
178.332952,49.766289,1853,1854,1997,1998
178.301775,49.766137,1854,1855,1997
178.267101,49.466406,1855,1856,1996,1997,1998,2022,2023
178.199086,49.266755,1856,1857,1996
178.200094,49.099243,1857,1858,1995,1996,2021,2022
177.766625,48.667946,1858,1859,1994,1995
177.732521,48.666827,1859,1860,1882,1883,1994
177.698502,48.066748,1860,1861,1883,1884,1993
177.734268,48.068328,1860,1993,1994,1995,2020,2021
177.666537,47.399582,1861,1862,1863,1884,1885,1992
177.700371,47.39928,1861,1992,1993,2019,2020
177.46531,46.266499,1862,1863,1990,1991
177.667371,46.933993,1862,1991,1992,2018,2019
177.435031,46.268194,1863,1864,1885,1886,1990
177.401298,45.733608,1864,1865,1886,1989
177.433313,45.732778,1864,1989,1990,1991,2017,2018
177.033234,45.032375,1865,1866,1867,1868,1869,1870,1871,1872,1873,1874,1875,1876,1877,1878,1879,1880,1881,1882,1883,1884,1885,1886,1988
177.399496,45.333065,1865,1988,1989,2016,2017
177.033333,45.0,1866,1988,2015,2016
180.0,56.466667,1916,1917,1966,1967
179.733515,56.266559,1917,1918,1966
179.499065,56.068081,1918,1919,1965,1966,1967,1968,1969,1970,1971,1972,1973,1974,1975,1986,1987
179.266375,55.966837,1919,1920,1948,1949,1965
178.767818,55.432392,1920,1921,1922,1949,1950,1964
179.26704,55.899055,1920,1964,1965,1985,1986
178.399438,55.199299,1921,1922,1962,1963
178.766529,55.39865,1921,1963,1964,1984,1985
178.333125,55.19964,1922,1923,1950,1951,1961,1962
178.101511,54.966597,1923,1924,1925,1951,1952,1960
178.166439,54.965924,1923,1960,1961
177.965114,54.533978,1924,1925,1959,1982,1983
178.098653,54.733833,1924,1960,1961,1962,1963,1983,1984
177.16576,53.566257,1925,1926,1927,1928,1952,1953,1959
176.99963,53.200558,1926,1927,1957,1958
177.066017,53.201612,1926,1958,1959,1981,1982
176.833827,52.967219,1927,1928,1956,1957
176.767065,52.96842,1928,1929,1930,1931,1932,1933,1953,1954,1956
176.767094,52.80069,1929,1956,1957,1958,1980,1981
180.0,54.133333,1967,1968,2029,2030
179.900442,54.133145,1968,1969,2029
179.799067,53.965137,1969,1970,2028,2029,2030,2031,2032,2033,2034,2035,2038
179.733744,53.967392,1970,1971,2028
179.467853,53.534327,1971,1972,2027,2028,2037,2038
178.633116,52.731706,1972,1973,2027
178.333866,52.265997,1973,1974,2026,2027,2036,2037
178.16712,52.09938,1974,1975,2025,2026
178.10029,52.101339,1975,1976,1977,1987,2025
179.700465,51.701251,2001,2002,2031,2032
180.0,51.7,2002,2003,2030,2031
180.0,48.566667,2003,2004,2046,2047
179.900253,48.566077,2004,2005,2045,2046
179.533001,48.133559,2005,2006,2045
179.532226,48.098208,2006,2007,2044,2045,2046,2047,2051
179.333355,48.000124,2007,2008,2043,2044
179.098997,47.799906,2008,2009,2042,2043
178.932918,47.533092,2009,2010,2041,2042
178.866567,47.533805,2010,2011,2040,2041
178.699424,47.167423,2011,2012,2024,2040
178.565022,46.066349,2012,2013,2014,2015,2016,2017,2018,2019,2020,2021,2022,2023,2024,2039
178.800373,46.632864,2012,2039,2040,2041,2042,2043,2044,2050,2051
178.632209,45.599995,2013,2014,2048,2049
178.633514,46.066616,2013,2039,2049,2050
178.4,45.0,2014,2015,2048
180.0,45.0,2047,2048,2049,2050,2051
169.699974,46.198593,2052,2057,2058,2094
169.468253,45.266835,2059,2066,2067,2086,2087
169.465292,45.166586,2060,2084,2085
169.533054,45.166052,2060,2061,2062,2063,2064,2067,2085,2086
169.467265,45.298699,2064,2065,2066,2067,2068
169.466512,45.333406,2065,2068,2069,2070,2071,2072,2073,2074,2075,2076,2077,2078,2079
169.498625,45.700293,2088,2089