0,1,0,801
1,2,0,-1
2,0,0,1
3,0,1,800
2,3,1,101
4,5,2,799
5,3,2,800
3,4,2,3
6,4,3,1293
3,6,3,4
7,6,4,1373
3,7,4,5
8,7,5,1372
3,8,5,6
9,8,6,1371
3,9,6,102
10,11,7,1291
11,9,7,1371
9,10,7,103
12,13,8,1341
13,10,8,1290
10,12,8,104
14,15,9,1340
15,12,9,1341
12,14,9,105
16,17,10,1337
17,18,10,1338
18,16,10,107
19,20,11,1449
20,16,11,1336
16,19,11,12
21,19,12,1448
16,21,12,13
22,21,13,1477
16,22,13,14
23,22,14,1531
16,23,14,108
24,25,15,1542
25,26,15,1529
26,24,15,16
27,24,16,1528
26,27,16,17
28,27,17,1527
26,28,17,18
29,28,18,1526
26,29,18,19
30,29,19,1525
26,30,19,20
31,30,20,1524
26,31,20,21
32,31,21,1523
26,32,21,22
33,32,22,1747
26,33,22,23
34,33,23,1746
26,34,23,24
35,34,24,1684
26,35,24,25
36,35,25,1683
26,36,25,26
37,36,26,572
26,37,26,27
38,37,27,572
26,38,27,28
39,38,28,571
26,39,28,29
40,39,29,570
26,40,29,30
41,40,30,570
26,41,30,131
42,43,31,657
43,41,31,704
41,42,31,32
44,42,32,656
41,44,32,33
45,44,33,655
41,45,33,34
46,45,34,1764
41,46,34,111
47,48,35,1769
48,46,35,1768
46,47,35,111
49,50,36,1856
50,51,36,1857
51,49,36,37
52,49,37,2024
51,52,37,112
53,54,38,2188
54,52,38,2023
52,53,38,39
55,53,39,2198
52,55,39,113
56,57,40,2214
57,58,40,2200
58,56,40,41
59,56,41,2248
58,59,41,42
60,59,42,2274
58,60,42,43
61,60,43,2281
58,61,43,44
62,61,44,2361
58,62,44,45
63,62,45,2360
58,63,45,46
64,63,46,2397
58,64,46,133
65,66,47,2372
66,64,47,2396
64,65,47,48
67,65,48,2371
64,67,48,128
68,69,49,2369
69,67,49,2370
67,68,49,114
70,71,50,2348
71,68,50,2349
68,70,50,51
72,70,51,640
68,72,51,52
73,72,52,639
68,73,52,114
74,75,53,638
75,73,53,639
73,74,53,54
76,74,54,637
73,76,54,115
77,78,55,635
78,79,55,636
79,77,55,56
80,77,56,-1
79,80,56,57
81,80,57,768
79,81,57,58
82,81,58,2530
79,82,58,59
83,82,59,764
79,83,59,60
84,83,60,763
79,84,60,61
85,84,61,762
79,85,61,62
86,85,62,761
79,86,62,63
87,86,63,760
79,87,63,64
88,87,64,759
79,88,64,65
89,88,65,758
79,89,65,66
90,89,66,757
79,90,66,67
91,90,67,756
79,91,67,68
92,91,68,755
79,92,68,116
93,94,69,785
94,92,69,755
92,93,69,70
95,93,70,789
92,95,70,71
96,95,71,754
92,96,71,117
97,98,72,783
98,96,72,754
96,97,72,73
99,97,73,753
96,99,73,74
100,99,74,753
96,100,74,75
101,100,75,752
96,101,75,118
102,103,76,751
103,101,76,752
101,102,76,119
104,105,77,750
105,102,77,751
102,104,77,78
106,104,78,749
102,106,78,79
107,106,79,748
102,107,79,120
108,109,80,746
109,110,80,747
110,108,80,122
111,112,81,745
112,108,81,746
108,111,81,82
113,111,82,744
108,113,82,123
114,115,83,743
115,113,83,744
113,114,83,124
116,117,84,742
117,114,84,743
114,116,84,85
118,116,85,741
114,118,85,86
119,118,86,740
114,119,86,87
120,119,87,739
114,120,87,136
121,122,88,738
122,120,88,739
120,121,88,89
123,121,89,737
120,123,89,90
124,123,90,736
120,124,90,91
125,124,91,735
120,125,91,134
126,127,92,733
127,128,92,734
128,126,92,93
129,126,93,732
128,129,93,125
130,131,94,731
131,129,94,732
129,130,94,95
132,130,95,730
129,132,95,125
133,134,96,771
134,132,96,730
132,133,96,97
135,133,97,729
132,135,97,126
136,137,98,728
137,135,98,729
135,136,98,99
138,136,99,727
135,138,99,100
2,138,100,726
135,2,100,101
135,3,101,102
135,9,102,103
135,10,103,104
135,12,104,105
135,14,105,106
18,14,106,1339
135,18,106,107
135,16,107,108
135,23,108,109
139,23,109,1530
135,139,109,110
26,139,110,1529
135,26,110,127
41,47,111,132
51,47,112,1776
47,52,112,113
47,55,113,137
67,73,114,115
67,76,115,128
79,76,116,636
76,92,116,117
76,96,117,118
76,101,118,119
76,102,119,120
76,107,120,121
110,107,121,747
76,110,121,122
76,108,122,123
76,113,123,124
76,114,124,129
128,132,125,126
128,135,126,127
128,26,127,130
64,76,128,129
64,114,129,133
128,125,130,734
125,26,130,131
125,41,131,132
125,47,132,134
58,114,133,135
120,47,134,136
58,55,135,2200
55,114,135,137
114,47,136,137
140,141,138,1003
141,142,138,-1
142,140,138,248
143,144,139,1283
144,140,139,1003
140,143,139,249
145,146,140,1083
146,147,140,1084
147,145,140,250
148,149,141,1081
149,150,141,1082
150,148,141,252
151,152,142,1121
152,148,142,1081
148,151,142,143
153,151,143,1080
148,153,143,253
154,155,144,1079
155,153,144,1080
153,154,144,254
156,157,145,1077
157,158,145,1078
158,156,145,146
159,156,146,1076
158,159,146,256
160,161,147,1074
161,162,147,1075
162,160,147,258
163,164,148,1073
164,160,148,1074
160,163,148,149
165,163,149,1072
160,165,149,259
166,167,150,1071
167,165,150,1072
165,166,150,260
168,169,151,1069
169,166,151,1070
166,168,151,261
170,171,152,1067
171,168,152,1068
168,170,152,262
172,173,153,1065
173,174,153,1066
174,172,153,154
175,172,154,1064
174,175,154,264
176,177,155,1063
177,175,155,1064
175,176,155,264
178,179,156,1062
179,176,156,1063
176,178,156,265
180,181,157,1106
181,178,157,1062
178,180,157,158
182,180,158,1061
178,182,158,159
183,182,159,1061
178,183,159,160
184,183,160,1060
178,184,160,266
185,186,161,1059
186,184,161,1060
184,185,161,267
187,188,162,1058
188,185,162,1059
185,187,162,163
189,187,163,1057
185,189,163,268
190,191,164,1055
191,189,164,1056
189,190,164,269
192,193,165,1053
193,190,165,1054
190,192,165,270
194,195,166,1051
195,192,166,1052
192,194,166,167
196,194,167,1050
192,196,167,271
197,198,168,1048
198,196,168,1049
196,197,168,169
199,197,169,-1
196,199,169,170
200,199,170,2489
196,200,170,171
201,200,171,2488
196,201,171,172
202,201,172,2487
196,202,172,173
203,202,173,2487
196,203,173,174
204,203,174,2486
196,204,174,311
205,206,175,-1
206,207,175,2490
207,205,175,176
208,205,176,2499
207,208,176,177
209,208,177,2498
207,209,177,178
210,209,178,2475
207,210,178,272
211,212,179,2462
212,210,179,2474
210,211,179,180
213,211,180,2455
210,213,180,181
214,213,181,2454
210,214,181,182
215,214,182,2453
210,215,182,183
216,215,183,2422
210,216,183,184
217,216,184,2421
210,217,184,185
218,217,185,2420
210,218,185,273
219,220,186,2418
220,218,186,2419
218,219,186,274
221,222,187,2417
222,219,187,2418
219,221,187,302
223,224,188,2416
224,221,188,2417
221,223,188,303
225,226,189,2410
226,227,189,2415
227,225,189,275
228,229,190,1922
229,225,190,2410
225,228,190,191
230,228,191,1921
225,230,191,192
231,230,192,1920
225,231,192,193
232,231,193,1920
225,232,193,194
233,232,194,1919
225,233,194,195
234,233,195,1918
225,234,195,196
235,234,196,2185
225,235,196,197
236,235,197,914
225,236,197,198
237,236,198,913
225,237,198,199
238,237,199,912
225,238,199,276
239,240,200,911
240,238,200,912
238,239,200,201
241,239,201,910
238,241,201,277
242,243,202,968
243,241,202,910
241,242,202,203
244,242,203,909
241,244,203,204
245,244,204,908
241,245,204,278
246,247,205,907
247,245,205,908
245,246,205,279
248,249,206,905
249,250,206,906
250,248,206,281
251,252,207,904
252,248,207,905
248,251,207,208
253,251,208,903
248,253,208,209
254,253,209,902
248,254,209,282
255,256,210,900
256,254,210,901
254,255,210,309
257,258,211,898
258,255,211,899
255,257,211,312
259,260,212,897
260,257,212,898
257,259,212,213
261,259,213,897
257,261,213,214
262,261,214,896
257,262,214,215
263,262,215,895
257,263,215,283
264,265,216,894
265,263,216,895
263,264,216,283
266,267,217,893
267,264,217,894
264,266,217,304
268,269,218,892
269,266,218,893
266,268,218,284
270,271,219,891
271,268,219,892
268,270,219,220
272,270,220,890
268,272,220,221
273,272,221,889
268,273,221,284
274,275,222,888
275,273,222,889
273,274,222,285
276,277,223,957
277,274,223,888
274,276,223,224
278,276,224,887
274,278,224,225
279,278,225,886
274,279,225,226
280,279,226,885
274,280,226,285
281,282,227,884
282,280,227,885
280,281,227,286
283,284,228,883
284,281,228,884
281,283,228,286
285,286,229,997
286,283,229,883
283,285,229,230
287,285,230,990
283,287,230,231
288,287,231,882
283,288,231,232
289,288,232,881
283,289,232,233
290,289,233,880
283,290,233,287
291,292,234,955
292,290,234,880
290,291,234,235
293,291,235,879
290,293,235,288
294,295,236,954
295,293,236,879
293,294,236,237
296,294,237,953
293,296,237,238
297,296,238,878
293,297,238,289
298,299,239,877
299,297,239,878
297,298,239,290
300,301,240,875
301,298,240,876
298,300,240,291
302,303,241,874
303,300,241,875
300,302,241,292
304,305,242,950
305,306,242,873
306,304,242,243
307,304,243,872
306,307,243,294
308,309,244,871
309,307,244,872
307,308,244,294
310,311,245,948
311,312,245,870
312,310,245,246
313,310,246,869
312,313,246,296
142,314,247,867
314,315,247,868
315,142,247,248
315,140,248,249
315,143,249,298
147,143,250,1084
143,145,250,251
150,145,251,1082
143,150,251,252
143,148,252,253
143,153,253,254
143,154,254,255
158,154,255,1078
143,158,255,256
143,159,256,257
162,159,257,1075
143,162,257,258
143,160,258,259
143,165,259,260
143,166,260,261
143,168,261,262
143,170,262,263
174,170,263,1066
143,174,263,299
174,176,264,265
174,178,265,266
174,184,266,267
174,185,267,268
174,189,268,269
174,190,269,270
174,192,270,271
174,196,271,300
207,316,272,2491
316,210,272,273
316,218,273,274
316,219,274,301
227,223,275,2415
223,225,275,276
223,238,276,277
223,241,277,278
223,245,278,279
223,246,279,280
250,246,280,906
223,250,280,281
223,248,281,282
223,254,282,303
257,264,283,313
266,273,284,304
273,280,285,305
280,283,286,287
280,290,287,288
280,293,288,289
280,297,289,290
280,298,290,291
280,300,291,292
280,302,292,293
306,302,293,873
280,306,293,305
306,308,294,295
312,308,295,870
306,312,295,296
306,313,296,297
315,313,297,868
306,315,297,298
306,143,298,299
306,174,299,300
306,196,300,306
316,317,301,2492
317,219,301,302
317,221,302,307
221,254,303,308
264,273,304,310
273,306,305,306
273,196,306,310
317,204,307,2486
204,221,307,308
204,254,308,309
204,255,309,311
264,196,310,313
196,255,311,312
196,257,312,313
318,319,314,1149
319,320,314,-1
320,318,314,315
321,318,315,1148
320,321,315,458
322,323,316,1147
323,321,316,1148
321,322,316,459
324,325,317,1145
325,322,317,1146
322,324,317,460
326,327,318,1144
327,324,318,1145
324,326,318,461
328,329,319,1143
329,326,319,1144
326,328,319,462
330,331,320,1141
331,332,320,1142
332,330,320,321
333,330,321,1140
332,333,321,464
334,335,322,1152
335,333,322,1140
333,334,322,323
336,334,323,1157
333,336,323,324
337,336,324,1139
333,337,324,464
338,339,325,1151
339,337,325,1139
337,338,325,326
340,338,326,1138
337,340,326,327
341,340,327,1137
337,341,327,523
342,343,328,1136
343,341,328,1137
341,342,328,524
344,345,329,1134
345,342,329,1135
342,344,329,330
346,344,330,1133
342,346,330,465
347,348,331,1131
348,346,331,1132
346,347,331,332
349,347,332,1130
346,349,332,333
350,349,333,1129
346,350,333,465
351,352,334,1127
352,350,334,1128
350,351,334,335
353,351,335,-1
350,353,335,336
354,353,336,1162
350,354,336,337
355,354,337,1162
350,355,337,466
356,357,338,1160
357,355,338,1161
355,356,338,467
358,359,339,-1
359,356,339,1159
356,358,339,340
360,358,340,1233
356,360,340,341
361,360,341,1232
356,361,341,342
362,361,342,1232
356,362,342,343
363,362,343,1231
356,363,343,344
364,363,344,1231
356,364,344,345
365,364,345,1230
356,365,345,346
366,365,346,1230
356,366,346,347
367,366,347,1229
356,367,347,348
368,367,348,1228
356,368,348,349
369,368,349,1228
356,369,349,350
370,369,350,1227
356,370,350,351
371,370,351,1227
356,371,351,352
372,371,352,1226
356,372,352,353
373,372,353,1226
356,373,353,354
374,373,354,1225
356,374,354,355
375,374,355,1224
356,375,355,356
376,375,356,1224
356,376,356,357
377,376,357,1223
356,377,357,358
378,377,358,1223
356,378,358,359
379,378,359,1222
356,379,359,467
380,381,360,1221
381,379,360,1222
379,380,360,468
382,383,361,1219
383,380,361,1220
380,382,361,469
384,385,362,1217
385,386,362,1218
386,384,362,363
387,384,363,1216
386,387,363,364
388,387,364,1215
386,388,364,365
389,388,365,1214
386,389,365,470
390,391,366,1211
391,392,366,1212
392,390,366,538
393,394,367,1209
394,390,367,1210
390,393,367,539
395,396,368,1263
396,397,368,1207
397,395,368,369
398,395,369,1279
397,398,369,370
399,398,370,1278
397,399,370,371
400,399,371,1262
397,400,371,471
401,402,372,1206
402,400,372,1261
400,401,372,373
403,401,373,1205
400,403,373,471
404,405,374,1259
405,406,374,1204
406,404,374,375
407,404,375,1203
406,407,375,376
408,407,376,1203
406,408,376,377
409,408,377,1202
406,409,377,473
410,411,378,1200
411,412,378,1201
412,410,378,475
413,414,379,1198
414,415,379,1199
415,413,379,380
416,413,380,1197
415,416,380,477
417,418,381,1254
418,419,381,1194
419,417,381,382
420,417,382,1193
419,420,382,478
421,422,383,1192
422,420,383,1193
420,421,383,384
423,421,384,1191
420,423,384,479
424,425,385,1189
425,423,385,1190
423,424,385,480
426,427,386,1188
427,424,386,1189
424,426,386,481
428,429,387,1187
429,426,387,1188
426,428,387,481
430,431,388,1249
431,428,388,1187
428,430,388,389
432,430,389,1186
428,432,389,482
433,434,390,1184
434,435,390,1185
435,433,390,484
436,437,391,1183
437,433,391,1184
433,436,391,392
438,436,392,1182
433,438,392,393
439,438,393,1890
433,439,393,485
440,441,394,1888
441,442,394,1889
442,440,394,544
443,444,395,1887
444,440,395,1888
440,443,395,531
445,446,396,1180
446,447,396,1886
447,445,396,486
448,449,397,1179
449,445,397,1180
445,448,397,487
450,451,398,1177
451,452,398,1178
452,450,398,489
453,454,399,1176
454,450,399,1177
450,453,399,490
455,456,400,1174
456,457,400,1175
457,455,400,492
458,459,401,1173
459,455,401,1174
455,458,401,493
460,461,402,1172
461,458,402,1173
458,460,402,494
462,463,403,1171
463,460,403,1172
460,462,403,495
464,465,404,1170
465,462,404,1171
462,464,404,496
466,467,405,1169
467,464,405,1170
464,466,405,497
468,469,406,1168
469,466,406,1169
466,468,406,498
470,471,407,1167
471,468,407,1168
468,470,407,499
472,473,408,1166
473,470,408,1167
470,472,408,500
474,475,409,1165
475,472,409,1166
472,474,409,501
476,477,410,1164
477,474,410,1165
474,476,410,411
478,476,411,-1
474,478,411,412
479,478,412,2526
474,479,412,413
480,479,413,2525
474,480,413,547
481,482,414,2528
482,483,414,2529
483,481,414,502
484,485,415,-1
485,481,415,2527
481,484,415,416
486,484,416,1046
481,486,416,417
487,486,417,1046
481,487,417,418
488,487,418,1045
481,488,418,419
489,488,419,1044
481,489,419,502
490,491,420,1043
491,489,420,1044
489,490,420,503
492,493,421,1101
493,494,421,1042
494,492,421,422
495,492,422,1041
494,495,422,423
496,495,423,1040
494,496,423,505
497,498,424,1039
498,496,424,1040
496,497,424,425
499,497,425,1038
496,499,425,506
500,501,426,1037
501,499,426,1038
499,500,426,427
502,500,427,1037
499,502,427,428
503,502,428,1036
499,503,428,429
504,503,429,1035
499,504,429,507
505,506,430,1032
506,507,430,1033
507,505,430,509
508,509,431,1030
509,510,431,1031
510,508,431,432
511,508,432,1030
510,511,432,433
512,511,433,1029
510,512,433,510
513,514,434,1028
514,512,434,1029
512,513,434,511
515,516,435,1096
516,513,435,1028
513,515,435,436
517,515,436,1027
513,517,436,437
518,517,437,1027
513,518,437,438
519,518,438,1026
513,519,438,439
520,519,439,1026
513,520,439,440
521,520,440,1025
513,521,440,512
522,523,441,1095
523,521,441,1025
521,522,441,442
524,522,442,1024
521,524,442,513
525,526,443,1022
526,527,443,1023
527,525,443,515
528,529,444,1093
529,530,444,1021
530,528,444,445
531,528,445,1092
530,531,445,446
532,531,446,1020
530,532,446,447
533,532,447,1019
530,533,447,517
534,535,448,1017
535,533,448,1018
533,534,448,518
536,537,449,1015
537,538,449,1016
538,536,449,519
539,540,450,1014
540,536,450,1015
536,539,450,451
541,539,451,1013
536,541,451,519
542,543,452,1011
543,541,452,1012
541,542,452,453
544,542,453,1010
541,544,453,520
545,546,454,1008
546,544,454,1009
544,545,454,521
547,548,455,1006
548,545,455,1007
545,547,455,456
549,547,456,1005
545,549,456,457
320,549,457,1004
545,320,457,458
545,321,458,459
545,322,459,460
545,324,460,461
545,326,461,462
545,328,462,463
332,328,463,1142
545,332,463,521
332,337,464,522
342,350,465,466
342,355,466,524
355,379,467,468
355,380,468,469
355,382,469,525
386,382,470,1218
382,389,470,526
397,403,471,472
406,403,472,1204
397,406,472,473
397,409,473,474
412,409,474,1201
397,412,474,475
397,410,475,476
415,410,476,1199
397,415,476,477
397,416,477,528
419,550,478,1194
550,420,478,479
550,423,479,480
550,424,480,529
424,428,481,482
424,432,482,483
435,432,483,1185
424,435,483,484
424,433,484,485
424,439,485,529
447,443,486,1886
443,445,486,487
443,448,487,488
452,448,488,1178
443,452,488,489
443,450,489,490
443,453,490,491
457,453,491,1175
443,457,491,492
443,455,492,493
443,458,493,494
443,460,494,495
443,462,495,496
443,464,496,497
443,466,497,498
443,468,498,499
443,470,499,500
443,472,500,501
443,474,501,531
483,489,502,503
483,490,503,504
494,490,504,1042
483,494,504,505
483,496,505,506
483,499,506,507
483,504,507,508
507,504,508,1034
483,507,508,509
483,505,509,532
510,505,510,1031
505,512,510,511
505,513,511,512
505,521,512,513
505,524,513,514
527,524,514,1023
505,527,514,515
505,525,515,516
530,525,516,1021
505,530,516,517
505,533,517,518
505,534,518,533
538,541,519,520
538,544,520,535
544,332,521,522
544,337,522,523
544,341,523,536
341,355,524,525
341,382,525,526
341,389,526,527
392,389,527,1213
341,392,527,537
397,551,528,1207
551,416,528,541
550,439,529,530
442,439,530,1889
550,442,530,546
440,474,531,544
483,552,532,2523
552,505,532,533
552,534,533,534
538,534,534,1016
552,538,534,535
552,544,535,536
552,341,536,537
552,392,537,538
552,390,538,539
552,393,539,540
551,393,540,1208
552,551,540,541
552,416,541,542
553,416,542,1196
552,553,542,543
550,553,543,1195
552,550,543,545
442,474,544,546
552,554,545,2523
554,550,545,548
550,474,546,547
550,480,547,548
554,480,548,2524
555,556,549,1460
556,557,549,1398
557,555,549,568
558,559,550,1458
559,560,550,1459
560,558,550,565
561,562,551,932
562,558,551,933
558,561,551,565
563,564,552,931
564,561,552,932
561,563,552,553
565,563,553,930
561,565,553,566
566,567,554,929
567,565,554,930
565,566,554,555
568,566,555,1688
565,568,555,567
569,570,556,1706
570,568,556,1707
568,569,556,557
571,569,557,1402
568,571,557,558
572,571,558,1402
568,572,558,559
573,572,559,1421
568,573,559,560
574,573,560,1429
568,574,560,561
575,574,561,1431
568,575,561,562
576,575,562,1401
568,576,562,563
577,576,563,1400
568,577,563,564
557,577,564,1399
568,557,564,567
560,561,565,566
560,565,566,569
565,557,567,568
565,555,568,569
560,555,569,1459
41,39,570,571
41,38,571,699
38,36,572,573
578,36,573,1683
38,578,573,574
579,578,574,1715
38,579,574,697
580,581,575,1808
581,582,575,1809
582,580,575,658
583,584,576,1807
584,580,576,1808
580,583,576,577
585,583,577,1906
580,585,577,578
586,585,578,1905
580,586,578,579
587,586,579,2116
580,587,579,580
588,587,580,2122
580,588,580,581
589,588,581,2121
580,589,581,659
590,591,582,2120
591,589,582,2121
589,590,582,583
592,590,583,2205
589,592,583,584
593,592,584,2209
589,593,584,585
594,593,585,2136
589,594,585,586
595,594,586,2135
589,595,586,587
596,595,587,1981
589,596,587,588
597,596,588,1981
589,597,588,589
598,597,589,1980
589,598,589,590
599,598,590,708
589,599,590,591
600,599,591,707
589,600,591,660
601,602,592,720
602,600,592,707
600,601,592,593
603,601,593,719
600,603,593,594
604,603,594,706
600,604,594,661
605,606,595,1665
606,604,595,705
604,605,595,689
607,608,596,1674
608,609,596,1675
609,607,596,703
610,611,597,1680
611,612,597,1672
612,610,597,598
613,610,598,1738
612,613,598,599
614,613,599,714
612,614,599,662
615,616,600,722
616,614,600,714
614,615,600,601
617,615,601,713
614,617,601,602
618,617,602,713
614,618,602,663
619,620,603,711
620,618,603,712
618,619,603,664
621,622,604,1988
622,619,604,1979
619,621,604,605
623,621,605,1987
619,623,605,665
624,625,606,2146
625,623,606,1986
623,624,606,666
626,627,607,2266
627,628,607,2267
628,626,607,608
629,626,608,2282
628,629,608,609
630,629,609,2288
628,630,609,690
631,632,610,2287
632,630,610,2288
630,631,610,611
633,631,611,2286
630,633,611,668
634,635,612,2324
635,633,612,2285
633,634,612,613
636,634,613,2323
633,636,613,614
637,636,614,2407
633,637,614,615
638,637,615,2406
633,638,615,668
639,640,616,2404
640,641,616,2405
641,639,616,670
642,643,617,2403
643,639,617,2404
639,642,617,671
644,645,618,2318
645,642,618,2402
642,644,618,672
646,647,619,2317
647,644,619,2318
644,646,619,620
648,646,620,2316
644,648,620,621
649,648,621,2315
644,649,621,672
650,651,622,2314
651,649,622,2315
649,650,622,623
652,650,623,2313
649,652,623,673
653,654,624,2485
654,652,624,2312
652,653,624,674
655,656,625,2335
656,653,625,2485
653,655,625,626
657,655,626,2311
653,657,626,627
658,657,627,2311
653,658,627,628
659,658,628,2310
653,659,628,629
660,659,629,2309
653,660,629,674
661,662,630,-1
662,660,630,2308
660,661,630,675
663,664,631,2537
664,661,631,2538
661,663,631,676
665,666,632,2541
666,667,632,2536
667,665,632,678
668,669,633,2539
669,670,633,2540
670,668,633,634
77,668,634,-1
670,77,634,635
670,78,635,679
78,76,636,637
78,74,637,638
78,75,638,680
75,72,639,681
671,70,640,2347
72,671,640,641
672,671,641,2346
72,672,641,682
673,674,642,2225
674,672,642,2345
672,673,642,683
675,676,643,2045
676,677,643,2046
677,675,643,684
678,679,644,2125
679,680,644,2043
680,678,644,685
681,682,645,2042
682,678,645,2125
678,681,645,646
683,681,646,2041
678,683,646,647
684,683,647,2030
678,684,647,648
685,684,648,1854
678,685,648,649
686,685,649,1853
678,686,649,650
687,686,650,1869
678,687,650,651
688,687,651,1846
678,688,651,652
689,688,652,1845
678,689,652,653
690,689,653,1777
678,690,653,686
45,691,654,1764
691,690,654,1765
690,45,654,655
690,44,655,656
690,42,656,657
690,43,657,687
582,692,658,1719
692,580,658,659
692,589,659,660
692,600,660,661
692,604,661,688
612,607,662,1673
607,614,662,663
607,618,663,664
607,619,664,665
607,623,665,666
607,624,666,667
628,624,667,2177
607,628,667,698
630,638,668,669
641,638,669,2405
630,641,669,670
630,639,670,671
630,642,671,690
642,649,672,673
642,652,673,691
652,660,674,675
652,661,675,676
652,663,676,677
667,663,677,2536
652,667,677,678
652,665,678,692
670,665,679,2540
665,78,679,680
665,75,680,681
665,72,681,682
665,672,682,683
665,673,683,693
677,693,684,2046
693,675,684,695
680,675,685,2044
675,678,685,686
675,690,686,687
675,43,687,696
692,579,688,1719
579,604,688,689
579,605,689,697
628,642,690,691
628,652,691,692
628,665,692,693
628,673,693,694
693,673,694,2224
628,693,694,695
628,675,695,696
628,43,696,698
38,605,697,699
607,43,698,703
41,605,699,700
694,605,700,1664
41,694,700,701
695,694,701,1663
41,695,701,702
609,695,702,1663
41,609,702,704
609,43,703,704
606,696,705,1665
696,604,705,706
696,603,706,718
602,599,707,708
602,598,708,709
697,598,709,1980
602,697,709,710
619,697,710,1977
602,619,710,711
602,620,711,712
602,618,712,720
618,615,713,721
616,613,714,715
698,613,715,1738
616,698,715,716
699,698,716,1737
616,699,716,722
696,700,717,1666
700,701,717,1676
701,696,717,718
701,603,718,719
701,601,719,724
601,618,720,721
601,615,721,725
615,699,722,723
702,699,723,1737
615,702,723,725
701,702,724,1742
702,601,724,725
2,703,726,-1
703,138,726,727
703,136,727,728
703,137,728,770
137,133,729,770
134,130,730,731
134,131,731,772
131,126,732,733
131,127,733,773
127,125,734,735
127,124,735,736
127,123,736,737
127,121,737,738
127,122,738,774
122,119,739,740
122,118,740,741
122,116,741,742
122,117,742,775
117,115,743,776
115,111,744,745
115,112,745,777
112,109,746,778
109,107,747,748
109,106,748,749
109,104,749,750
109,105,750,779
105,103,751,780
103,100,752,781
100,97,753,782
98,95,754,784
94,91,755,756
94,90,756,757
94,89,757,758
94,88,758,759
94,87,759,760
94,86,760,761
94,85,761,762
94,84,762,763
94,83,763,785
704,82,764,2530
83,704,764,765
705,704,765,2535
83,705,765,786
706,707,766,2534
707,705,766,2535
705,706,766,791
708,709,767,2532
709,706,767,2533
706,708,767,787
81,708,768,2531
708,80,768,769
710,80,769,-1
708,710,769,787
703,133,770,771
703,134,771,772
703,131,772,773
703,127,773,774
703,122,774,775
703,117,775,776
703,115,776,777
703,112,777,778
703,109,778,779
703,105,779,780
703,103,780,781
703,100,781,782
703,97,782,783
703,98,783,784
703,95,784,788
93,83,785,786
93,705,786,790
706,710,787,791
703,710,788,-1
710,95,788,789
710,93,789,790
710,705,790,791
711,712,792,814
712,1,792,-1
1,711,792,793
713,711,793,813
1,713,793,794
714,713,794,1325
1,714,794,802
715,716,795,1284
716,714,795,1355
714,715,795,802
717,718,796,1308
718,715,796,1303
715,717,796,797
719,717,797,1302
715,719,797,803
720,721,798,1351
721,722,798,1318
722,720,798,805
4,720,799,1294
720,5,799,805
5,0,800,801
5,1,801,806
1,715,802,803
1,719,803,804
722,719,804,1316
1,722,804,806
722,5,805,806
723,724,807,825
724,712,807,-1
712,723,807,808
725,723,808,1326
712,725,808,809
726,725,809,1346
712,726,809,815
727,728,810,1288
728,729,810,1345
729,727,810,811
730,727,811,1287
729,730,811,812
731,730,812,1319
729,731,812,816
713,732,813,1325
732,711,813,814
732,712,814,815
732,726,815,817
729,726,816,1345
726,731,816,817
732,731,817,1319
733,734,818,835
734,724,818,-1
724,733,818,826
735,736,819,833
736,733,819,834
733,735,819,827
737,738,820,847
738,735,820,832
735,737,820,821
739,737,821,842
735,739,821,822
740,739,822,841
735,740,822,828
741,742,823,840
742,740,823,841
740,741,823,824
743,741,824,1327
740,743,824,828
723,743,825,1326
743,724,825,826
743,733,826,827
743,735,827,828
744,745,829,844
745,734,829,-1
734,744,829,835
746,747,830,843
747,744,830,844
744,746,830,831
738,746,831,843
744,738,831,832
744,735,832,833
744,736,833,834
744,733,834,835
748,749,836,859
749,745,836,-1
745,748,836,837
750,748,837,858
745,750,837,845
751,752,838,857
752,750,838,858
750,751,838,849
741,753,839,1328
753,751,839,1374
751,741,839,840
751,742,840,846
742,739,841,842
742,737,842,846
738,747,843,847
747,745,844,845
747,750,845,848
751,737,846,849
737,747,847,848
737,750,848,849
754,755,850,945
755,749,850,-1
749,754,850,859
756,757,851,981
757,754,851,945
754,756,851,852
758,756,852,944
754,758,852,860
759,760,853,942
760,761,853,943
761,759,853,864
762,763,854,1383
763,764,854,1384
764,762,854,855
765,762,855,1331
764,765,855,856
766,765,856,1376
764,766,856,861
751,767,857,1374
767,752,857,866
752,748,858,862
748,754,859,860
748,758,860,862
764,759,861,1378
759,766,861,864
752,758,862,863
761,758,863,943
752,761,863,866
761,766,864,865
767,766,865,1375
761,767,865,866
142,755,867,-1
755,314,867,946
314,313,868,869
314,310,869,947
311,308,870,871
311,309,871,949
309,304,872,982
305,302,873,874
305,303,874,950
303,301,875,876
303,298,876,877
303,299,877,951
299,296,878,952
295,291,879,954
292,289,880,881
292,288,881,882
292,287,882,955
286,284,883,995
284,282,884,956
282,279,885,886
282,278,886,887
282,276,887,956
277,275,888,957
275,272,889,890
275,270,890,891
275,271,891,958
271,269,892,959
269,267,893,960
267,265,894,961
265,262,895,896
265,261,896,962
261,260,897,963
260,258,898,899
260,255,899,900
260,256,900,901
260,254,901,902
260,253,902,903
260,251,903,904
260,252,904,964
252,249,905,965
249,246,906,907
249,247,907,966
247,244,908,909
247,242,909,967
243,239,910,911
243,240,911,969
240,237,912,913
240,236,913,914
240,235,914,915
768,235,915,2184
240,768,915,916
769,768,916,2153
240,769,916,917
770,769,917,2153
240,770,917,969
771,772,918,2152
772,770,918,2165
770,771,918,919
773,771,919,2152
770,773,919,970
774,775,920,2150
775,776,920,2151
776,774,920,972
777,778,921,1696
778,779,921,2148
779,777,921,922
780,777,922,1696
779,780,922,923
781,780,923,1725
779,781,923,973
782,783,924,1731
783,781,924,1725
781,782,924,925
784,782,925,1736
781,784,925,973
785,786,926,1721
786,787,926,1722
787,785,926,927
788,785,927,1720
787,788,927,975
566,789,928,1688
789,788,928,1720
788,566,928,929
788,567,929,976
567,563,930,931
567,564,931,977
564,562,932,999
790,558,933,1458
562,790,933,934
791,790,934,1457
562,791,934,935
792,791,935,1456
562,792,935,996
793,794,936,1454
794,795,936,1455
795,793,936,978
796,797,937,1453
797,793,937,1454
793,796,937,938
798,796,938,1452
793,798,938,978
799,800,939,1437
800,798,939,1438
798,799,939,979
801,802,940,1379
802,799,940,1436
799,801,940,941
759,801,941,1378
799,759,941,942
799,760,942,979
760,758,943,944
760,756,944,980
757,755,945,946
757,314,946,947
757,310,947,948
757,311,948,949
757,309,949,981
304,303,950,951
304,299,951,952
304,296,952,953
304,294,953,982
294,291,954,983
291,287,955,984
284,276,956,991
276,275,957,958
276,271,958,959
276,269,959,960
276,267,960,961
276,265,961,962
276,261,962,963
276,260,963,964
276,252,964,965
276,249,965,966
276,247,966,967
276,242,967,968
276,243,968,985
243,770,969,970
243,773,970,971
776,773,971,2151
243,776,971,972
243,774,972,985
779,784,973,974
803,784,974,1724
779,803,974,992
787,804,975,1722
804,788,975,976
804,567,976,977
804,564,977,998
795,798,978,987
798,760,979,980
798,756,980,987
756,309,981,988
309,294,982,983
309,291,983,984
309,287,984,989
276,774,985,986
779,774,986,2149
276,779,986,991
795,756,987,988
795,309,988,989
795,287,989,990
795,285,990,994
284,779,991,992
284,803,992,993
804,803,993,1723
284,804,993,995
795,792,994,1455
792,285,994,996
286,804,995,997
562,285,996,999
285,804,997,998
285,564,998,999
805,806,1000,1088
806,141,1000,-1
141,805,1000,1001
807,805,1001,1280
141,807,1001,1002
144,807,1002,1283
141,144,1002,1003
320,806,1004,-1
806,549,1004,1005
806,547,1005,1006
806,548,1006,1007
806,545,1007,1008
806,546,1008,1009
806,544,1009,1010
806,542,1010,1011
806,543,1011,1012
806,541,1012,1013
806,539,1013,1014
806,540,1014,1089
540,537,1015,1090
537,534,1016,1017
537,535,1017,1018
537,533,1018,1019
537,532,1019,1020
537,531,1020,1091
529,525,1021,1022
529,526,1022,1094
526,524,1023,1024
526,522,1024,1123
523,520,1025,1095
520,518,1026,1125
518,515,1027,1126
516,514,1028,1096
514,511,1029,1097
511,509,1030,1098
509,505,1031,1032
509,506,1032,1033
509,507,1033,1034
509,504,1034,1035
509,503,1035,1036
509,502,1036,1098
502,501,1037,1099
501,497,1038,1039
501,498,1039,1100
498,495,1040,1041
498,492,1041,1100
493,490,1042,1043
493,491,1043,1101
491,488,1044,1045
491,487,1045,1102
487,484,1046,1047
197,484,1047,-1
487,197,1047,1048
487,198,1048,1049
487,196,1049,1050
487,194,1050,1051
487,195,1051,1052
487,192,1052,1053
487,193,1053,1054
487,190,1054,1055
487,191,1055,1056
487,189,1056,1057
487,187,1057,1058
487,188,1058,1102
188,186,1059,1103
186,183,1060,1104
183,180,1061,1105
181,179,1062,1107
179,177,1063,1108
177,172,1064,1065
177,173,1065,1109
173,170,1066,1067
173,171,1067,1068
173,168,1068,1069
173,169,1069,1070
173,166,1070,1071
173,167,1071,1110
167,163,1072,1073
167,164,1073,1111
164,161,1074,1112
161,159,1075,1076
161,156,1076,1077
161,157,1077,1113
157,154,1078,1079
157,155,1079,1114
155,151,1080,1115
152,149,1081,1116
149,145,1082,1083
149,146,1083,1116
146,143,1084,1085
808,143,1085,1282
146,808,1085,1086
809,808,1086,1281
146,809,1086,1087
805,809,1087,1280
146,805,1087,1088
146,806,1088,1089
146,540,1089,1090
146,537,1090,1091
146,531,1091,1092
146,528,1092,1093
146,529,1093,1094
146,526,1094,1122
522,520,1095,1124
515,514,1096,1097
515,511,1097,1117
511,502,1098,1099
511,501,1099,1117
501,492,1100,1118
492,491,1101,1119
491,188,1102,1103
491,186,1103,1104
491,183,1104,1105
491,180,1105,1106
491,181,1106,1107
491,179,1107,1108
491,177,1108,1109
491,173,1109,1110
491,167,1110,1111
491,164,1111,1112
491,161,1112,1113
491,157,1113,1114
491,155,1114,1115
491,151,1115,1120
152,146,1116,1121
515,501,1117,1118
515,492,1118,1119
515,491,1119,1120
515,151,1120,1126
151,146,1121,1122
151,526,1122,1123
151,522,1123,1124
151,520,1124,1125
151,518,1125,1126
351,319,1127,-1
319,352,1127,1128
319,350,1128,1129
319,349,1129,1130
319,347,1130,1131
319,348,1131,1132
319,346,1132,1133
319,344,1133,1134
319,345,1134,1135
319,342,1135,1136
319,343,1136,1150
343,340,1137,1138
343,338,1138,1156
339,336,1139,1151
335,330,1140,1141
335,331,1141,1152
331,328,1142,1143
331,329,1143,1153
329,327,1144,1154
327,325,1145,1146
327,322,1146,1147
327,323,1147,1155
323,318,1148,1149
323,319,1149,1150
323,343,1150,1158
338,336,1151,1156
334,331,1152,1153
334,329,1153,1154
334,327,1154,1155
334,323,1155,1157
343,336,1156,1158
336,323,1157,1158
359,353,1159,-1
353,356,1159,1160
353,357,1160,1161
353,355,1161,1162
810,811,1163,-1
811,358,1163,-1
358,810,1163,1233
476,810,1164,-1
810,477,1164,1234
477,475,1165,1234
475,473,1166,1235
473,471,1167,1236
471,469,1168,1237
469,467,1169,1238
467,465,1170,1239
465,463,1171,1240
463,461,1172,1241
461,459,1173,1242
459,456,1174,1243
456,453,1175,1176
456,454,1176,1244
454,451,1177,1245
451,448,1178,1179
451,449,1179,1246
449,446,1180,1181
812,446,1181,1885
449,812,1181,1275
438,813,1182,1891
813,436,1182,1183
813,437,1183,1247
437,434,1184,1247
434,432,1185,1186
434,430,1186,1248
431,429,1187,1250
429,427,1188,1251
427,425,1189,1190
427,423,1190,1191
427,421,1191,1192
427,422,1192,1252
422,417,1193,1253
418,550,1194,1195
418,553,1195,1196
418,416,1196,1197
418,413,1197,1198
418,414,1198,1255
414,410,1199,1200
414,411,1200,1256
411,409,1201,1202
411,408,1202,1257
408,404,1203,1258
405,403,1204,1205
405,401,1205,1206
405,402,1206,1260
396,551,1207,1208
396,393,1208,1209
396,394,1209,1210
396,390,1210,1211
396,391,1211,1212
396,392,1212,1213
396,389,1213,1214
396,388,1214,1215
396,387,1215,1216
396,384,1216,1217
396,385,1217,1263
385,382,1218,1219
385,383,1219,1220
385,380,1220,1221
385,381,1221,1264
381,378,1222,1265
378,376,1223,1266
376,374,1224,1225
376,373,1225,1267
373,371,1226,1268
371,369,1227,1269
369,367,1228,1229
369,366,1229,1270
366,364,1230,1271
364,362,1231,1271
362,360,1232,1272
360,810,1233,1273
810,475,1234,1235
810,473,1235,1236
810,471,1236,1237
810,469,1237,1238
810,467,1238,1239
810,465,1239,1240
810,463,1240,1241
810,461,1241,1242
810,459,1242,1243
810,456,1243,1244
810,454,1244,1245
810,451,1245,1246
810,449,1246,1274
813,434,1247,1248
813,430,1248,1249
813,431,1249,1250
813,429,1250,1251
813,427,1251,1252
813,422,1252,1253
813,417,1253,1254
813,418,1254,1255
813,414,1255,1256
813,411,1256,1257
813,408,1257,1258
813,404,1258,1259
813,405,1259,1260
813,402,1260,1261
813,400,1261,1262
813,399,1262,1277
395,385,1263,1264
395,381,1264,1265
395,378,1265,1266
395,376,1266,1267
395,373,1267,1268
395,371,1268,1269
395,369,1269,1270
395,366,1270,1279
366,362,1271,1272
366,360,1272,1273
366,810,1273,1274
366,449,1274,1275
366,812,1275,1276
813,812,1276,1885
366,813,1276,1277
366,399,1277,1278
366,398,1278,1279
807,809,1280,1281
807,808,1281,1282
807,143,1282,1283
814,716,1284,1359
715,814,1284,1303
815,816,1285,1357
816,817,1285,1358
817,815,1285,1286
818,815,1286,1321
817,818,1286,1304
730,818,1287,1320
818,727,1287,1305
819,728,1288,1344
727,819,1288,1289
820,819,1289,1343
727,820,1289,1309
13,820,1290,1342
820,10,1290,1291
820,11,1291,1292
821,11,1292,1370
820,821,1292,1306
6,821,1293,1370
821,4,1293,1294
821,720,1294,1295
822,720,1295,1351
821,822,1295,1296
823,822,1296,1364
821,823,1296,1297
824,823,1297,1368
821,824,1297,1306
825,826,1298,1361
826,827,1298,1367
827,825,1298,1313
828,829,1299,1365
829,830,1299,1366
830,828,1299,1311
831,832,1300,1354
832,833,1300,1349
833,831,1300,1301
719,831,1301,1316
833,719,1301,1302
833,717,1302,1307
718,814,1303,1315
817,814,1304,1358
814,818,1304,1305
814,727,1305,1312
820,824,1306,1309
833,828,1307,1349
828,717,1307,1308
828,718,1308,1311
727,824,1309,1310
827,824,1310,1367
727,827,1310,1312
830,718,1311,1314
814,827,1312,1313
814,825,1313,1315
830,825,1314,1361
825,718,1314,1315
722,831,1316,1317
834,831,1317,1353
722,834,1317,1318
721,834,1318,1352
732,730,1319,1320
732,818,1320,1321
732,815,1321,1322
835,815,1322,1356
732,835,1322,1323
836,835,1323,1356
732,836,1323,1324
714,836,1324,1355
732,714,1324,1325
725,743,1326,1327
725,741,1327,1328
725,753,1328,1329
837,753,1329,1377
725,837,1329,1330
765,837,1330,1376
725,765,1330,1331
725,762,1331,1332
838,762,1332,1382
725,838,1332,1333
839,838,1333,1381
725,839,1333,1334
840,839,1334,1386
725,840,1334,1347
20,841,1335,1443
841,840,1335,1416
840,20,1335,1336
840,16,1336,1337
840,17,1337,1338
840,18,1338,1339
840,14,1339,1340
840,15,1340,1348
15,13,1341,1342
15,820,1342,1343
15,819,1343,1344
15,728,1344,1348
728,726,1345,1346
728,725,1346,1347
728,840,1347,1348
832,828,1349,1350
822,828,1350,1364
832,822,1350,1354
822,721,1351,1352
822,834,1352,1353
822,831,1353,1354
716,836,1355,1360
836,815,1356,1357
836,816,1357,1360
816,814,1358,1359
816,716,1359,1360
830,826,1361,1362
842,826,1362,1369
830,842,1362,1363
823,842,1363,1368
830,823,1363,1366
823,828,1364,1365
823,829,1365,1366
826,824,1367,1369
824,842,1368,1369
6,11,1370,1373
11,8,1371,1372
11,7,1372,1373
753,767,1374,1375
753,766,1375,1377
766,837,1376,1377
764,801,1378,1379
764,802,1379,1380
843,802,1380,1436
764,843,1380,1384
839,844,1381,1386
844,838,1381,1382
844,762,1382,1383
844,763,1383,1385
763,843,1384,1385
844,843,1385,1442
840,844,1386,1387
845,844,1387,1442
840,845,1387,1417
846,847,1388,1467
847,845,1388,1441
845,846,1388,1418
848,849,1389,1466
849,846,1389,1467
846,848,1389,1390
850,848,1390,1558
846,850,1390,1391
851,850,1391,1557
846,851,1391,1392
852,851,1392,1556
846,852,1392,1419
853,854,1393,1555
854,852,1393,1556
852,853,1393,1428
855,856,1394,1463
856,857,1394,1553
857,855,1394,1395
858,855,1395,1562
857,858,1395,1420
859,860,1396,1462
860,858,1396,1562
858,859,1396,1397
556,859,1397,1461
858,556,1397,1398
858,557,1398,1399
858,577,1399,1400
858,576,1400,1401
858,575,1401,1434
572,569,1402,1403
861,569,1403,1705
572,861,1403,1404
862,861,1404,1757
572,862,1404,1405
863,862,1405,1757
572,863,1405,1406
864,863,1406,1489
572,864,1406,1407
865,864,1407,1489
572,865,1407,1421
866,867,1408,1570
867,868,1408,1487
868,866,1408,1423
869,870,1409,1482
870,866,1409,1483
866,869,1409,1410
871,869,1410,1567
866,871,1410,1424
872,873,1411,1566
873,871,1411,1567
871,872,1411,1425
874,875,1412,1564
875,872,1412,1565
872,874,1412,1426
876,877,1413,1478
877,878,1413,1479
878,876,1413,1432
879,880,1414,1450
880,876,1414,1446
876,879,1414,1430
881,882,1415,1444
882,879,1415,1445
879,881,1415,1427
841,881,1416,1443
881,840,1416,1417
881,845,1417,1418
881,846,1418,1419
881,852,1419,1427
857,853,1420,1554
853,858,1420,1433
573,865,1421,1422
868,865,1422,1488
573,868,1422,1423
573,866,1423,1424
573,871,1424,1425
573,872,1425,1426
573,874,1426,1429
879,852,1427,1428
879,853,1428,1430
574,874,1429,1431
876,853,1430,1432
575,874,1431,1434
878,853,1432,1433
878,858,1433,1435
858,874,1434,1435
878,874,1435,1563
843,799,1436,1437
843,800,1437,1438
843,798,1438,1439
883,798,1439,1451
843,883,1439,1440
847,883,1440,1451
843,847,1440,1441
843,845,1441,1442
20,881,1443,1444
20,882,1444,1445
20,879,1445,1449
884,876,1446,1478
880,884,1446,1447
21,884,1447,1477
880,21,1447,1448
880,19,1448,1450
19,879,1449,1450
847,798,1451,1452
847,796,1452,1453
847,797,1453,1468
797,794,1454,1469
794,792,1455,1456
794,791,1456,1457
794,790,1457,1469
790,559,1458,1470
559,555,1459,1460
559,556,1460,1461
559,859,1461,1470
885,860,1462,1561
859,885,1462,1471
855,886,1463,1560
886,856,1463,1464
887,856,1464,1552
886,887,1464,1473
888,889,1465,1551
889,887,1465,1552
887,888,1465,1473
848,888,1466,1551
888,849,1466,1474
849,847,1467,1468
849,797,1468,1474
797,790,1469,1475
790,859,1470,1471
790,885,1471,1472
886,885,1472,1560
790,886,1472,1475
886,888,1473,1476
888,797,1474,1476
797,886,1475,1476
22,884,1477,1532
884,877,1478,1532
890,878,1479,1563
877,890,1479,1480
891,890,1480,1569
877,891,1480,1481
869,891,1481,1568
877,869,1481,1482
877,870,1482,1533
892,866,1483,1574
870,892,1483,1534
893,894,1484,1573
894,892,1484,1574
892,893,1484,1535
895,896,1485,1572
896,893,1485,1573
893,895,1485,1536
867,897,1486,1570
897,895,1486,1571
895,867,1486,1487
895,868,1487,1488
895,865,1488,1536
865,863,1489,1545
898,899,1490,1761
899,900,1490,1762
900,898,1490,1491
901,898,1491,1783
900,901,1491,1492
902,901,1492,1782
900,902,1492,1493
903,902,1493,1957
900,903,1493,1494
904,903,1494,1964
900,904,1494,1495
905,904,1495,1963
900,905,1495,1496
906,905,1496,1962
900,906,1496,1497
907,906,1497,1961
900,907,1497,1547
908,909,1498,1996
909,910,1498,1960
910,908,1498,1499
911,908,1499,2096
910,911,1499,1500
912,911,1500,2102
910,912,1500,1501
913,912,1501,2101
910,913,1501,1537
914,915,1502,2100
915,913,1502,2101
913,914,1502,1503
916,914,1503,2161
913,916,1503,1538
917,918,1504,2172
918,916,1504,2161
916,917,1504,1505
919,917,1505,2171
916,919,1505,1506
920,919,1506,2160
916,920,1506,1507
921,920,1507,2178
916,921,1507,1508
922,921,1508,2140
916,922,1508,1509
923,922,1509,1825
916,923,1509,1510
924,923,1510,1825
916,924,1510,1511
925,924,1511,1824
916,925,1511,1538
926,927,1512,2107
927,928,1512,1823
928,926,1512,1539
929,930,1513,2108
930,926,1513,2109
926,929,1513,1514
931,929,1514,1822
926,931,1514,1515
932,931,1515,1821
926,932,1515,1516
933,932,1516,1879
926,933,1516,1517
934,933,1517,1878
926,934,1517,1540
935,936,1518,1883
936,937,1518,1884
937,935,1518,1519
938,935,1519,1819
937,938,1519,1520
939,938,1520,1818
937,939,1520,1521
940,939,1521,1796
937,940,1521,1522
32,940,1522,1748
937,32,1522,1523
937,31,1523,1524
937,30,1524,1525
937,29,1525,1526
937,28,1526,1527
937,27,1527,1528
937,24,1528,1541
25,139,1529,1530
25,23,1530,1531
25,22,1531,1542
22,877,1532,1533
22,870,1533,1534
22,892,1534,1535
22,893,1535,1543
893,865,1536,1544
910,907,1537,1961
907,913,1537,1548
913,925,1538,1549
928,925,1539,1823
925,926,1539,1540
925,934,1540,1550
937,934,1541,1878
934,24,1541,1550
24,22,1542,1543
24,893,1543,1544
24,865,1544,1545
24,863,1545,1546
900,863,1546,1763
24,900,1546,1547
24,907,1547,1548
24,913,1548,1549
24,925,1549,1550
848,889,1551,1558
889,856,1552,1553
889,857,1553,1554
889,853,1554,1555
889,854,1555,1559
854,851,1556,1557
854,850,1557,1559
850,889,1558,1559
855,885,1560,1561
855,860,1561,1562
890,874,1563,1564
890,875,1564,1565
890,872,1565,1566
890,873,1566,1569
873,869,1567,1568
873,891,1568,1569
866,897,1570,1571
866,895,1571,1572
866,896,1572,1575
896,894,1573,1575
894,866,1574,1575
941,942,1576,-50418
942,943,1576,-50418
943,941,1576,1577
944,941,1577,-50418
943,944,1577,1578
945,944,1578,-50418
943,945,1578,1579
946,945,1579,-50418
943,946,1579,1581
947,948,1580,-50418
948,946,1580,-50418
946,947,1580,1581
943,947,1581,-50418
949,950,1582,-1274
950,951,1582,-1274
951,949,1582,1583
952,949,1583,-1274
951,952,1583,1584
953,952,1584,-1274
951,953,1584,1585
954,953,1585,-1274
951,954,1585,1586
955,954,1586,-1274
951,955,1586,1587
956,955,1587,-1274
951,956,1587,1588
957,956,1588,-1274
951,957,1588,1589
958,957,1589,-1274
951,958,1589,1628
959,960,1590,-1274
960,958,1590,-1274
958,959,1590,1591
961,959,1591,-1274
958,961,1591,1629
962,963,1592,-1274
963,961,1592,-1274
961,962,1592,1593
964,962,1593,-1274
961,964,1593,1629
965,966,1594,-1274
966,967,1594,-1274
967,965,1594,1631
968,969,1595,-1274
969,965,1595,-1274
965,968,1595,1596
970,968,1596,-1274
965,970,1596,1632
971,972,1597,-1274
972,973,1597,-1274
973,971,1597,1598
974,971,1598,-1274
973,974,1598,1599
975,974,1599,-1274
973,975,1599,1633
976,977,1600,-1274
977,975,1600,-1274
975,976,1600,1633
978,979,1601,-1274
979,976,1601,-1274
976,978,1601,1602
980,978,1602,-1274
976,980,1602,1634
981,982,1603,-1274
982,980,1603,-1274
980,981,1603,1604
983,981,1604,-1274
980,983,1604,1605
984,983,1605,-1274
980,984,1605,1606
985,984,1606,-1274
980,985,1606,1607
986,985,1607,-1274
980,986,1607,1635
987,988,1608,-1274
988,986,1608,-1274
986,987,1608,1636
989,990,1609,-1274
990,987,1609,-1274
987,989,1609,1637
991,992,1610,-1274
992,989,1610,-1274
989,991,1610,1611
993,991,1611,-1274
989,993,1611,1638
994,995,1612,-1274
995,993,1612,-1274
993,994,1612,1613
996,994,1613,-1274
993,996,1613,1639
997,998,1614,-1274
998,996,1614,-1274
996,997,1614,1615
999,997,1615,-1274
996,999,1615,1640
1000,1001,1616,-1274
1001,999,1616,-1274
999,1000,1616,1617
1002,1000,1617,-1274
999,1002,1617,1618
1003,1002,1618,-1274
999,1003,1618,1641
1004,1005,1619,-1274
1005,1006,1619,-1274
1006,1004,1619,1643
1007,1008,1620,-1274
1008,1004,1620,-1274
1004,1007,1620,1621
1009,1007,1621,-1274
1004,1009,1621,1643
1010,1011,1622,-1274
1011,1009,1622,-1274
1009,1010,1622,1623
1012,1010,1623,-1274
1009,1012,1623,1624
1013,1012,1624,-1274
1009,1013,1624,1644
1014,1015,1625,-1274
1015,1016,1625,-1274
1016,1014,1625,1626
1017,1014,1626,-1274
1016,1017,1626,1645
1018,1019,1627,-1274
1019,1017,1627,-1274
1017,1018,1627,1645
951,1018,1628,-1274
1018,958,1628,1646
958,964,1629,1630
967,964,1630,-1274
958,967,1630,1631
958,965,1631,1632
958,970,1632,1650
973,976,1633,1634
973,980,1634,1635
973,986,1635,1636
973,987,1636,1637
973,989,1637,1638
973,993,1638,1639
973,996,1639,1640
973,999,1640,1641
973,1003,1641,1642
1006,1003,1642,-1274
973,1006,1642,1647
1006,1009,1643,1644
1006,1013,1644,1648
1016,1018,1645,1646
1016,958,1646,1649
973,970,1647,-1274
970,1006,1647,1648
970,1013,1648,1650
1016,1013,1649,-1274
1013,958,1649,1650
1020,1021,1651,-1270
1021,1022,1651,-1270
1022,1020,1651,1657
1023,1024,1652,-1270
1024,1025,1652,-1270
1025,1023,1652,1659
1026,1027,1653,-1270
1027,1028,1653,-1270
1028,1026,1653,1654
1029,1026,1654,-1270
1028,1029,1654,1655
1030,1029,1655,-1270
1028,1030,1655,1660
1031,1032,1656,-1270
1032,1033,1656,-1270
1033,1031,1656,1662
1022,1031,1657,-1270
1031,1020,1657,1658
1025,1020,1658,-1270
1031,1025,1658,1659
1031,1023,1659,1662
1028,1023,1660,-1270
1023,1030,1660,1661
1033,1030,1661,-1270
1023,1033,1661,1662
609,694,1663,1664
609,605,1664,1668
605,696,1665,1669
1034,700,1666,1676
696,1034,1666,1667
1035,1034,1667,1670
696,1035,1667,1669
609,1035,1668,1670
1035,605,1668,1669
609,1034,1670,1671
1036,1034,1671,1681
609,1036,1671,1675
611,1036,1672,1681
1036,612,1672,1673
1036,607,1673,1674
1036,608,1674,1675
1034,701,1676,1682
1037,1038,1677,1741
1038,701,1677,1742
701,1037,1677,1678
1039,1037,1678,1740
701,1039,1678,1679
610,1039,1679,1739
701,610,1679,1680
701,611,1680,1682
611,1034,1681,1682
578,35,1683,1684
578,34,1684,1685
1040,34,1685,1745
578,1040,1685,1686
1041,1040,1686,1755
578,1041,1686,1687
1042,1041,1687,1744
578,1042,1687,1715
568,789,1688,1689
1043,789,1689,1729
568,1043,1689,1708
1044,1045,1690,1734
1045,1043,1690,1729
1043,1044,1690,1691
1046,1044,1691,1733
1043,1046,1691,1692
1047,1046,1692,1728
1043,1047,1692,1693
1048,1047,1693,1728
1043,1048,1693,1694
1049,1048,1694,1727
1043,1049,1694,1695
780,1049,1695,1726
1043,780,1695,1714
780,778,1696,1697
1050,778,1697,2148
780,1050,1697,1709
1051,1052,1698,1994
1052,1050,1698,2147
1050,1051,1698,1709
1053,1054,1699,2000
1054,1051,1699,1994
1051,1053,1699,1710
1055,902,1700,1781
902,1056,1700,1957
1056,1055,1700,1701
1057,1055,1701,1780
1056,1057,1701,1712
1058,1059,1702,1779
1059,1057,1702,1780
1057,1058,1702,1713
1060,1061,1703,1786
1061,1058,1703,1779
1058,1060,1703,1704
861,1060,1704,1758
1058,861,1704,1705
1058,569,1705,1706
1058,570,1706,1707
1058,568,1707,1708
1058,1043,1708,1713
780,1051,1709,1710
780,1053,1710,1711
1056,1053,1711,1993
780,1056,1711,1712
780,1057,1712,1714
1057,1043,1713,1714
579,1042,1715,1716
1062,1042,1716,1753
579,1062,1716,1717
1063,1062,1717,1752
579,1063,1717,1718
582,1063,1718,1809
579,582,1718,1719
789,785,1720,1721
789,786,1721,1730
786,804,1722,1723
786,803,1723,1724
786,784,1724,1735
783,780,1725,1726
783,1049,1726,1727
783,1048,1727,1731
1048,1046,1728,1732
1045,789,1729,1730
1045,786,1730,1734
782,1048,1731,1732
782,1046,1732,1733
782,1044,1733,1736
1044,786,1734,1735
1044,784,1735,1736
702,698,1737,1743
698,610,1738,1739
698,1039,1739,1740
698,1037,1740,1741
698,1038,1741,1743
1038,702,1742,1743
1064,1041,1744,1756
1042,1064,1744,1753
1040,1065,1745,1755
1065,34,1745,1746
1065,33,1746,1747
1065,32,1747,1748
1065,940,1748,1749
1066,940,1749,1796
1065,1066,1749,1750
1067,1066,1750,1811
1065,1067,1750,1751
1063,1067,1751,1810
1065,1063,1751,1752
1065,1062,1752,1754
1062,1064,1753,1754
1065,1064,1754,1756
1041,1065,1755,1756
863,861,1757,1758
863,1060,1758,1759
1068,1060,1759,1785
863,1068,1759,1763
898,1069,1760,1784
1069,1068,1760,1785
1068,898,1760,1761
1068,899,1761,1762
1068,900,1762,1763
46,691,1764,1765
46,690,1765,1768
1070,1071,1766,1770
1071,690,1766,1777
690,1070,1766,1767
48,1070,1767,1769
690,48,1767,1768
47,1070,1769,1770
47,1071,1770,1771
1072,1071,1771,1778
47,1072,1771,1772
1073,1072,1772,1859
47,1073,1772,1776
1074,1075,1773,1858
1075,1073,1773,1859
1073,1074,1773,1774
1076,1074,1774,1858
1073,1076,1774,1775
51,1076,1775,1857
1073,51,1775,1776
1071,689,1777,1778
1072,689,1778,1845
1061,1059,1779,1787
1059,1055,1780,1781
1059,902,1781,1782
1059,901,1782,1783
1059,898,1783,1784
1059,1069,1784,1787
1069,1060,1785,1786
1069,1061,1786,1787
1077,1078,1788,-9462
1078,1079,1788,-9462
1079,1077,1788,1794
1080,1081,1789,-9462
1081,1077,1789,-9462
1077,1080,1789,1795
1082,1083,1790,-9462
1083,1080,1790,-9462
1080,1082,1790,1791
1084,1082,1791,-9462
1080,1084,1791,1792
1085,1084,1792,-9462
1080,1085,1792,1793
1086,1085,1793,-9462
1080,1086,1793,1795
1079,1086,1794,-9462
1086,1077,1794,1795
1066,939,1796,1797
1087,939,1797,1818
1066,1087,1797,1798
1088,1087,1798,1832
1066,1088,1798,1811
1089,1090,1799,1830
1090,1091,1799,1831
1091,1089,1799,1812
1092,1093,1800,1841
1093,1089,1800,1830
1089,1092,1800,1801
1094,1092,1801,1829
1089,1094,1801,1802
1095,1094,1802,2001
1089,1095,1802,1803
1096,1095,1803,2001
1089,1096,1803,1804
1097,1096,1804,1912
1089,1097,1804,1805
1098,1097,1805,1911
1089,1098,1805,1813
1099,1100,1806,1894
1100,1098,1806,1911
1098,1099,1806,1814
583,1099,1807,1894
1099,584,1807,1815
584,581,1808,1816
581,1063,1809,1810
581,1067,1810,1817
1067,1088,1811,1817
1091,1088,1812,1831
1088,1089,1812,1813
1088,1098,1813,1814
1088,1099,1814,1815
1088,584,1815,1816
1088,581,1816,1817
1087,938,1818,1833
1101,935,1819,1882
938,1101,1819,1834
932,1102,1820,1880
1102,1103,1820,1881
1103,932,1820,1821
1103,931,1821,1822
1103,929,1822,1842
927,925,1823,1824
927,924,1824,1836
924,922,1825,1826
1104,922,1826,2140
924,1104,1826,1836
1105,1106,1827,2156
1106,1104,1827,2142
1104,1105,1827,1837
1094,1107,1828,2002
1107,1108,1828,2003
1108,1094,1828,1829
1108,1092,1829,1844
1093,1090,1830,1838
1090,1088,1831,1832
1090,1087,1832,1833
1090,938,1833,1834
1090,1101,1834,1835
1103,1101,1835,1882
1090,1103,1835,1838
927,1104,1836,1837
927,1105,1837,1839
1093,1103,1838,1841
927,1109,1839,2107
1109,1105,1839,1840
1108,1105,1840,2003
1109,1108,1840,1843
1092,1103,1841,1842
1092,929,1842,1844
1109,929,1843,2108
929,1108,1843,1844
1072,688,1845,1846
1072,687,1846,1847
1110,687,1847,1869
1072,1110,1847,1848
1111,1110,1848,1875
1072,1111,1848,1860
1112,1113,1849,1874
1113,1111,1849,1875
1111,1112,1849,1850
1114,1112,1850,1873
1111,1114,1850,1861
1115,1116,1851,1871
1116,1117,1851,1872
1117,1115,1851,1862
686,1118,1852,1870
1118,1115,1852,1871
1115,686,1852,1853
1115,685,1853,1854
1115,684,1854,1862
1119,1120,1855,2014
1120,684,1855,2030
684,1119,1855,1863
49,1121,1856,2025
1121,50,1856,1865
50,1076,1857,1865
1076,1075,1858,1866
1075,1072,1859,1860
1075,1111,1860,1861
1075,1114,1861,1867
1117,684,1862,1863
1117,1119,1863,1864
1121,1119,1864,2014
1117,1121,1864,1868
1121,1076,1865,1866
1121,1075,1866,1867
1121,1114,1867,1868
1117,1114,1868,1872
1110,686,1869,1870
1110,1118,1870,1876
1118,1116,1871,1877
1116,1114,1872,1873
1116,1112,1873,1874
1116,1113,1874,1877
1113,1110,1875,1876
1113,1118,1876,1877
937,933,1878,1879
937,932,1879,1880
937,1102,1880,1881
937,1103,1881,1884
1103,935,1882,1883
1103,936,1883,1884
813,446,1885,1892
446,443,1886,1887
446,444,1887,1893
444,441,1888,1893
441,439,1889,1890
441,438,1890,1891
441,813,1891,1892
441,446,1892,1893
583,1100,1894,1895
1122,1100,1895,1940
583,1122,1895,1896
1123,1122,1896,1975
583,1123,1896,1897
1124,1123,1897,1974
583,1124,1897,1898
1125,1124,1898,1974
583,1125,1898,1907
1126,1127,1899,2202
1127,1128,1899,1935
1128,1126,1899,1900
1129,1126,1900,2201
1128,1129,1900,1908
1130,1131,1901,2206
1131,1129,1901,2201
1129,1130,1901,1902
1132,1130,1902,2119
1129,1132,1902,1903
1133,1132,1903,2123
1129,1133,1903,1904
1134,1133,1904,2118
1129,1134,1904,1909
586,1135,1905,2116
1135,585,1905,1906
1135,583,1906,1907
1135,1125,1907,1910
1128,1125,1908,1935
1125,1129,1908,1909
1125,1134,1909,1910
1135,1134,1910,2117
1100,1097,1911,1941
1136,1096,1912,2009
1097,1136,1912,1913
1137,1136,1913,2035
1097,1137,1913,1914
1138,1137,1914,2039
1097,1138,1914,1942
1139,1140,1915,2038
1140,1138,1915,2039
1138,1139,1915,1943
1141,1142,1916,2006
1142,1143,1916,2007
1143,1141,1916,1944
234,1144,1917,2185
1144,1141,1917,2186
1141,234,1917,1918
1141,233,1918,1919
1141,232,1919,1945
232,230,1920,1921
232,228,1921,1946
1145,229,1922,2378
228,1145,1922,1923
1146,1145,1923,2378
228,1146,1923,1924
1147,1146,1924,2377
228,1147,1924,1925
1148,1147,1925,2377
228,1148,1925,1926
1149,1148,1926,2292
228,1149,1926,1927
1150,1149,1927,2291
228,1150,1927,1928
1151,1150,1928,2261
228,1151,1928,1929
1152,1151,1929,2175
228,1152,1929,1930
1153,1152,1930,2174
228,1153,1930,1951
1154,1155,1931,2105
1155,1156,1931,2143
1156,1154,1931,1932
1157,1154,1932,2138
1156,1157,1932,1947
1158,1159,1933,2203
1159,1157,1933,2137
1157,1158,1933,1948
1127,1160,1934,2202
1160,1158,1934,2203
1158,1127,1934,1952
1127,1125,1935,1936
1161,1125,1936,1973
1127,1161,1936,1949
1162,1163,1937,1971
1163,1161,1937,1972
1161,1162,1937,1949
1164,1165,1938,1969
1165,1162,1938,1970
1162,1164,1938,1956
1166,1167,1939,1967
1167,1168,1939,1968
1168,1166,1939,1950
1122,1166,1940,1967
1166,1100,1940,1941
1166,1097,1941,1942
1166,1138,1942,1943
1166,1139,1943,1950
1143,1139,1944,2037
1139,1141,1944,1945
1139,232,1945,1946
1139,228,1946,1955
1156,1153,1947,2173
1153,1157,1947,1948
1153,1158,1948,1951
1127,1162,1949,1953
1168,1139,1950,1954
228,1158,1951,1952
228,1127,1952,1953
228,1162,1953,1955
1168,1164,1954,1968
1164,1139,1954,1956
1139,1162,1955,1956
903,1056,1957,1958
1169,1056,1958,1993
903,1169,1958,1959
1170,1169,1959,1999
903,1170,1959,1964
909,1171,1960,1997
1171,910,1960,1966
910,906,1961,1962
910,905,1962,1963
910,904,1963,1966
904,1170,1964,1965
1171,1170,1965,1998
904,1171,1965,1966
1122,1167,1967,1975
1167,1164,1968,1969
1167,1165,1969,1970
1167,1162,1970,1971
1167,1163,1971,1972
1167,1161,1972,1973
1167,1125,1973,1976
1125,1123,1974,1976
1123,1167,1975,1976
1172,697,1977,1991
619,1172,1977,1978
1173,1172,1978,1990
619,1173,1978,1979
622,1173,1979,1989
697,597,1980,1991
597,595,1981,1982
1174,595,1982,2134
597,1174,1982,1983
1175,1174,1983,2133
597,1175,1983,1984
1176,1175,1984,2103
597,1176,1984,1992
625,1177,1985,2146
1177,1176,1985,2106
1176,625,1985,1986
1176,623,1986,1987
1176,621,1987,1988
1176,622,1988,1989
1176,1173,1989,1990
1176,1172,1990,1992
1172,597,1991,1992
1169,1053,1993,1999
1054,1052,1994,1995
908,1052,1995,2096
1054,908,1995,1996
1054,909,1996,1997
1054,1171,1997,1998
1054,1170,1998,2000
1170,1053,1999,2000
1096,1094,2001,2002
1096,1107,2002,2010
1107,1105,2003,2011
1178,1179,2004,2183
1179,1105,2004,2155
1105,1178,2004,2005
1180,1178,2005,2182
1105,1180,2005,2011
1141,1180,2006,2182
1180,1142,2006,2012
1181,1143,2007,2036
1142,1181,2007,2013
1136,1182,2008,2035
1182,1181,2008,2036
1181,1136,2008,2009
1181,1096,2009,2010
1181,1107,2010,2013
1107,1180,2011,2012
1107,1142,2012,2013
1121,1120,2014,2015
1183,1120,2015,2032
1121,1183,2015,2016
1184,1183,2016,2034
1121,1184,2016,2025
1185,1186,2017,2077
1186,1184,2017,2034
1184,1185,2017,2018
1187,1185,2018,2128
1184,1187,2018,2026
1188,1189,2019,2073
1189,1190,2019,2132
1190,1188,2019,2028
1191,1192,2020,2063
1192,1188,2020,2072
1188,1191,2020,2021
1193,1191,2021,2210
1188,1193,2021,2022
1194,1193,2022,2189
1188,1194,2022,2028
54,1194,2023,2188
1194,52,2023,2024
1194,49,2024,2029
49,1184,2025,2026
49,1187,2026,2027
1190,1187,2027,2132
49,1190,2027,2029
1190,1194,2028,2029
1120,683,2030,2031
1195,683,2031,2041
1120,1195,2031,2032
1183,1195,2032,2033
1186,1195,2033,2078
1183,1186,2033,2034
1137,1182,2035,2040
1182,1143,2036,2037
1182,1139,2037,2038
1182,1140,2038,2040
1140,1137,2039,2040
1195,681,2041,2042
1195,682,2042,2088
679,1196,2043,2126
1196,680,2043,2044
1196,675,2044,2045
1196,676,2045,2079
676,693,2046,2047
1197,693,2047,2223
676,1197,2047,2048
1198,1197,2048,2251
676,1198,2048,2049
1199,1198,2049,2217
676,1199,2049,2094
1200,1201,2050,2232
1201,1199,2050,2233
1199,1200,2050,2090
1202,1203,2051,2230
1203,1204,2051,2231
1204,1202,2051,2080
1205,1206,2052,2229
1206,1202,2052,2230
1202,1205,2052,2053
1207,1205,2053,2367
1202,1207,2053,2054
1208,1207,2054,2375
1202,1208,2054,2055
1209,1208,2055,2366
1202,1209,2055,2056
1210,1209,2056,2365
1202,1210,2056,2080
1211,1212,2057,2355
1212,1210,2057,2364
1210,1211,2057,2081
1213,1214,2058,2277
1214,1211,2058,2354
1211,1213,2058,2059
1215,1213,2059,2276
1211,1215,2059,2060
1216,1215,2060,2270
1211,1216,2060,2061
1217,1216,2061,2246
1211,1217,2061,2082
1218,1219,2062,2244
1219,1217,2062,2245
1217,1218,2062,2083
1191,1218,2063,2211
1218,1192,2063,2064
1220,1192,2064,2112
1218,1220,2064,2065
1221,1220,2065,2197
1218,1221,2065,2066
1222,1221,2066,2196
1218,1222,2066,2067
1223,1222,2067,2195
1218,1223,2067,2091
1224,1225,2068,2193
1225,1226,2068,2194
1226,1224,2068,2069
1227,1224,2069,2111
1226,1227,2069,2070
1228,1227,2070,2110
1226,1228,2070,2092
1229,1230,2071,2114
1230,1231,2071,2115
1231,1229,2071,2084
1192,1229,2072,2113
1229,1188,2072,2073
1229,1189,2073,2074
1232,1189,2074,2131
1229,1232,2074,2075
1233,1232,2075,2130
1229,1233,2075,2076
1234,1233,2076,2129
1229,1234,2076,2084
1185,1234,2077,2128
1234,1186,2077,2078
1234,1195,2078,2085
1196,1235,2079,2127
1235,676,2079,2093
1204,1210,2080,2081
1204,1211,2081,2082
1204,1217,2082,2083
1204,1218,2083,2086
1231,1234,2084,2085
1231,1195,2085,2087
1204,1200,2086,2231
1200,1218,2086,2090
1231,1228,2087,2110
1228,1195,2087,2088
1228,682,2088,2089
1235,682,2089,2127
1228,1235,2089,2092
1199,1218,2090,2091
1199,1223,2091,2094
1226,1235,2092,2093
1226,676,2093,2095
676,1223,2094,2095
1226,1223,2095,2194
911,1052,2096,2097
1236,1052,2097,2147
911,1236,2097,2098
1237,1236,2098,2163
911,1237,2098,2099
914,1237,2099,2162
911,914,2099,2100
911,915,2100,2102
915,912,2101,2102
1238,1175,2103,2133
1176,1238,2103,2104
1154,1238,2104,2139
1176,1154,2104,2105
1176,1155,2105,2106
1177,1155,2106,2143
926,1109,2107,2109
1109,930,2108,2109
1231,1227,2110,2111
1231,1224,2111,2115
1220,1224,2112,2193
1224,1192,2112,2113
1224,1229,2113,2114
1224,1230,2114,2115
587,1135,2116,2117
587,1134,2117,2118
587,1133,2118,2122
590,1130,2119,2205
1132,590,2119,2120
1132,591,2120,2124
591,588,2121,2124
588,1133,2122,2123
588,1132,2123,2124
682,679,2125,2126
682,1196,2126,2127
1187,1234,2128,2129
1187,1233,2129,2130
1187,1232,2130,2131
1187,1189,2131,2132
1238,1174,2133,2134
1238,595,2134,2135
1238,594,2135,2139
1159,593,2136,2204
594,1159,2136,2137
594,1157,2137,2138
594,1154,2138,2139
1104,921,2140,2141
1239,921,2141,2181
1104,1239,2141,2142
1106,1239,2142,2157
1177,1156,2143,2144
1240,1156,2144,2173
1177,1240,2144,2145
624,1240,2145,2177
1177,624,2145,2146
1236,1050,2147,2163
1050,779,2148,2149
1050,774,2149,2150
1050,775,2150,2164
775,773,2151,2169
773,772,2152,2170
770,768,2153,2154
1179,768,2154,2183
770,1179,2154,2155
770,1105,2155,2156
770,1106,2156,2157
770,1239,2157,2158
1241,1239,2158,2181
770,1241,2158,2165
920,1242,2159,2178
1242,1243,2159,2179
1243,920,2159,2160
1243,919,2160,2167
918,914,2161,2162
918,1237,2162,2168
1237,1050,2163,2164
1237,775,2164,2168
772,1241,2165,2166
1243,1241,2166,2180
772,1243,2166,2167
772,919,2167,2170
918,775,2168,2169
918,773,2169,2172
773,919,2170,2171
773,917,2171,2172
1240,1153,2173,2174
1240,1152,2174,2175
1240,1151,2175,2176
628,1151,2176,2267
1240,628,2176,2177
921,1242,2178,2179
921,1243,2179,2180
921,1241,2180,2181
1141,1178,2182,2186
1178,768,2183,2184
1178,235,2184,2187
235,1144,2185,2187
1144,1178,2186,2187
53,1194,2188,2189
53,1193,2189,2190
1244,1193,2190,2210
53,1244,2190,2191
1245,1244,2191,2216
53,1245,2191,2192
1246,1245,2192,2215
53,1246,2192,2198
1220,1225,2193,2197
1225,1223,2194,2195
1225,1222,2195,2196
1225,1221,2196,2197
55,1246,2198,2199
57,1246,2199,2214
55,57,2199,2200
1131,1126,2201,2207
1126,1160,2202,2207
1160,1159,2203,2204
1160,593,2204,2208
592,1130,2205,2206
592,1131,2206,2209
1131,1160,2207,2208
1131,593,2208,2209
1244,1191,2210,2211
1244,1218,2211,2212
1247,1218,2212,2244
1244,1247,2212,2213
56,1247,2213,2249
1244,56,2213,2216
56,1246,2214,2215
56,1245,2215,2216
1248,1198,2217,2251
1199,1248,2217,2218
1249,1248,2218,2259
1199,1249,2218,2219
1250,1249,2219,2258
1199,1250,2219,2233
1251,1252,2220,2256
1252,1253,2220,2257
1253,1251,2220,2235
1254,1255,2221,2254
1255,1251,2221,2255
1251,1254,2221,2236
1256,1257,2222,2253
1257,1254,2222,2254
1254,1256,2222,2237
1197,1256,2223,2252
1256,693,2223,2224
1256,673,2224,2237
1258,674,2225,2344
673,1258,2225,2226
1259,1258,2226,2344
673,1259,2226,2238
1260,1261,2227,2351
1261,1262,2227,2352
1262,1260,2227,2240
1205,1263,2228,2367
1263,1260,2228,2350
1260,1205,2228,2229
1260,1206,2229,2241
1206,1203,2230,2242
1203,1200,2231,2232
1203,1201,2232,2243
1201,1250,2233,2234
1253,1250,2234,2257
1201,1253,2234,2235
1201,1251,2235,2236
1201,1254,2236,2243
1254,673,2237,2238
1254,1259,2238,2239
1262,1259,2239,2352
1254,1262,2239,2240
1254,1260,2240,2241
1254,1206,2241,2242
1254,1203,2242,2243
1247,1219,2244,2245
1247,1217,2245,2246
1247,1216,2246,2250
1264,1265,2247,2269
1265,1216,2247,2270
1216,1264,2247,2250
59,1264,2248,2269
1264,56,2248,2249
1264,1247,2249,2250
1248,1197,2251,2252
1248,1256,2252,2253
1248,1257,2253,2260
1257,1255,2254,2255
1257,1251,2255,2256
1257,1252,2256,2260
1252,1250,2257,2258
1252,1249,2258,2259
1252,1248,2259,2260
1266,1150,2261,2291
1151,1266,2261,2268
1267,1268,2262,2284
1268,1266,2262,2326
1266,1267,2262,2263
1269,1267,2263,2283
1266,1269,2263,2264
1270,1269,2264,2283
1266,1270,2264,2265
626,1270,2265,2282
1266,626,2265,2266
1266,627,2266,2268
627,1151,2267,2268
59,1265,2269,2274
1265,1215,2270,2271
1271,1215,2271,2275
1265,1271,2271,2272
1272,1271,2272,2275
1265,1272,2272,2273
60,1272,2273,2281
1265,60,2273,2274
1272,1215,2275,2276
1272,1213,2276,2277
1272,1214,2277,2278
1273,1214,2278,2354
1272,1273,2278,2279
1274,1273,2279,2363
1272,1274,2279,2280
61,1274,2280,2362
1272,61,2280,2281
629,1270,2282,2289
1270,1267,2283,2290
635,1268,2284,2325
1267,635,2284,2285
1267,633,2285,2286
1267,631,2286,2287
1267,632,2287,2290
632,629,2288,2289
632,1270,2289,2290
1266,1149,2291,2292
1266,1148,2292,2293
1275,1148,2293,2385
1266,1275,2293,2327
1276,1277,2294,2389
1277,1275,2294,2385
1275,1276,2294,2295
1278,1276,2295,2384
1275,1278,2295,2328
1279,1280,2296,2383
1280,1278,2296,2384
1278,1279,2296,2329
1281,1282,2297,2448
1282,1283,2297,2381
1283,1281,2297,2298
1284,1281,2298,2457
1283,1284,2298,2299
1285,1284,2299,2467
1283,1285,2299,2331
1286,1287,2300,2466
1287,1285,2300,2467
1285,1286,2300,2301
1288,1286,2301,2465
1285,1288,2301,2342
1289,1290,2302,2471
1290,1288,2302,2465
1288,1289,2302,2303
1291,1289,2303,2464
1288,1291,2303,2332
1292,1293,2304,2477
1293,1291,2304,2464
1291,1292,2304,2305
1294,1292,2305,2503
1291,1294,2305,2332
1295,1296,2306,2502
1296,1294,2306,2503
1294,1295,2306,2307
1297,1295,2307,2501
1294,1297,2307,2333
662,1297,2308,-1
1297,660,2308,2309
1297,659,2309,2310
1297,658,2310,2333
658,655,2311,2334
654,1298,2312,2484
1298,652,2312,2313
1298,650,2313,2314
1298,651,2314,2339
651,648,2315,2316
651,646,2316,2317
651,647,2317,2343
647,645,2318,2319
1299,645,2319,2402
647,1299,2319,2320
1300,1299,2320,2401
647,1300,2320,2321
1301,1300,2321,2400
647,1301,2321,2322
1302,1301,2322,2399
647,1302,2322,2340
636,1303,2323,2398
1303,634,2323,2324
1303,635,2324,2325
1303,1268,2325,2326
1303,1266,2326,2327
1303,1275,2327,2328
1303,1278,2328,2329
1303,1279,2329,2330
1304,1279,2330,2382
1303,1304,2330,2337
1283,1304,2331,2382
1304,1285,2331,2341
1288,1294,2332,2338
1294,658,2333,2334
1294,655,2334,2335
1294,656,2335,2336
1298,656,2336,2484
1294,1298,2336,2338
1303,1302,2337,2398
1302,1304,2337,2340
1288,1298,2338,2339
1288,651,2339,2342
647,1304,2340,2341
647,1285,2341,2343
1285,651,2342,2343
1259,674,2344,2345
1259,672,2345,2346
1259,671,2346,2347
1259,70,2347,2348
1259,71,2348,2353
1263,68,2349,2368
71,1263,2349,2350
71,1260,2350,2351
71,1261,2351,2353
1261,1259,2352,2353
1273,1211,2354,2355
1273,1212,2355,2356
1305,1212,2356,2364
1273,1305,2356,2363
1306,1307,2357,2394
1307,1305,2357,2373
1305,1306,2357,2358
1308,1306,2358,2393
1305,1308,2358,2359
63,1308,2359,2393
1305,63,2359,2360
1305,62,2360,2361
1305,61,2361,2362
1305,1274,2362,2363
1305,1210,2364,2365
1305,1209,2365,2366
1305,1208,2366,2374
1207,1263,2367,2368
1207,68,2368,2369
1207,69,2369,2370
1207,67,2370,2371
1207,65,2371,2372
1207,66,2372,2375
1307,1309,2373,2394
1309,1305,2373,2374
1309,1208,2374,2376
1208,66,2375,2376
1309,66,2376,2395
1148,1146,2377,2386
1146,229,2378,2379
1310,229,2379,2414
1146,1310,2379,2380
1282,1310,2380,2413
1146,1282,2380,2381
1146,1283,2381,2387
1283,1279,2382,2383
1283,1280,2383,2387
1280,1276,2384,2388
1277,1148,2385,2386
1277,1146,2386,2389
1146,1280,2387,2388
1146,1276,2388,2389
1311,1312,2390,-1272
1312,1313,2390,-1272
1313,1311,2390,2392
1314,1315,2391,-1272
1315,1311,2391,-1272
1311,1314,2391,2392
1313,1314,2392,-1272
63,1306,2393,2397
1306,1309,2394,2395
1306,66,2395,2396
1306,64,2396,2397
636,1302,2398,2399
636,1301,2399,2400
636,1300,2400,2401
636,1299,2401,2408
1299,642,2402,2403
1299,643,2403,2409
643,640,2404,2409
640,638,2405,2406
640,637,2406,2407
640,636,2407,2408
640,1299,2408,2409
229,226,2410,2411
1316,226,2411,2431
229,1316,2411,2412
1317,1316,2412,2438
229,1317,2412,2414
1282,1317,2413,2449
1317,1310,2413,2414
226,223,2415,2416
226,224,2416,2432
224,222,2417,2432
222,220,2418,2419
222,218,2419,2420
222,217,2420,2421
222,216,2421,2422
222,215,2422,2423
1318,215,2423,2452
222,1318,2423,2424
1319,1318,2424,2443
222,1319,2424,2425
1320,1319,2425,2443
222,1320,2425,2426
1321,1320,2426,2442
222,1321,2426,2427
1322,1321,2427,2441
222,1322,2427,2428
1323,1322,2428,2440
222,1323,2428,2429
1324,1323,2429,2439
222,1324,2429,2430
1316,1324,2430,2438
222,1316,2430,2431
222,226,2431,2432
1325,1326,2433,-46322
1326,1327,2433,-46322
1327,1325,2433,2434
1328,1325,2434,-46322
1327,1328,2434,2437
1329,1330,2435,-46322
1330,1328,2435,-46322
1328,1329,2435,2436
1331,1329,2436,-46322
1328,1331,2436,2437
1327,1331,2437,-46322
1317,1324,2438,2439
1317,1323,2439,2440
1317,1322,2440,2441
1317,1321,2441,2442
1317,1320,2442,2449
1320,1318,2443,2444
1332,1318,2444,2451
1320,1332,2444,2445
1333,1332,2445,2451
1320,1333,2445,2446
1334,1333,2446,2450
1320,1334,2446,2447
1281,1334,2447,2450
1320,1281,2447,2448
1320,1282,2448,2449
1281,1333,2450,2458
1333,1318,2451,2452
1333,215,2452,2453
1333,214,2453,2454
1333,213,2454,2455
1333,211,2455,2459
1335,1336,2456,2460
1336,211,2456,2461
211,1335,2456,2459
1284,1335,2457,2460
1335,1281,2457,2458
1335,1333,2458,2459
1284,1336,2460,2461
1284,211,2461,2462
1284,212,2462,2463
1337,212,2463,2474
1284,1337,2463,2468
1293,1289,2464,2470
1290,1286,2465,2466
1290,1287,2466,2472
1287,1284,2467,2468
1287,1337,2468,2469
1338,1337,2469,2480
1287,1338,2469,2472
1293,1339,2470,2478
1339,1289,2470,2471
1339,1290,2471,2473
1290,1338,2472,2473
1339,1338,2473,2479
1337,210,2474,2480
1340,209,2475,2498
210,1340,2475,2476
1292,1340,2476,2504
210,1292,2476,2477
210,1293,2477,2478
210,1339,2478,2479
210,1338,2479,2480
1341,1342,2481,-1272
1342,1343,2481,-1272
1343,1341,2481,2482
1344,1341,2482,-1272
1343,1344,2482,2483
1345,1344,2483,-1272
1343,1345,2483,-1272
654,656,2484,2485
317,203,2486,2493
203,201,2487,2488
203,200,2488,2493
206,199,2489,-1
200,206,2489,2490
200,207,2490,2491
200,316,2491,2492
200,317,2492,2493
1346,1347,2494,2518
1347,1348,2494,-46322
1348,1346,2494,2495
1349,1346,2495,2517
1348,1349,2495,2496
1350,1349,2496,-46322
1348,1350,2496,2497
1351,1350,2497,-46322
1348,1351,2497,-46322
1340,208,2498,2499
1340,205,2499,2500
1297,205,2500,-1
1340,1297,2500,2501
1340,1295,2501,2502
1340,1296,2502,2504
1296,1292,2503,2504
1352,1353,2505,-46322
1353,1354,2505,-46322
1354,1352,2505,2506
1355,1352,2506,-46322
1354,1355,2506,2507
1356,1355,2507,-46322
1354,1356,2507,2508
1357,1356,2508,-46322
1354,1357,2508,2509
1358,1357,2509,2513
1354,1358,2509,2510
1359,1358,2510,2512
1354,1359,2510,-46322
1359,1360,2511,-46322
1360,1347,2511,-46322
1347,1359,2511,2512
1347,1358,2512,2513
1347,1357,2513,2514
1361,1357,2514,-46322
1347,1361,2514,2518
1362,1363,2515,-46322
1363,1361,2515,2519
1361,1362,2515,2516
1349,1362,2516,-46322
1361,1349,2516,2517
1361,1346,2517,2518
1364,1361,2519,-46322
1363,1364,2519,2522
1365,1366,2520,-46322
1366,1364,2520,-46322
1364,1365,2520,2521
1367,1365,2521,-46322
1364,1367,2521,2522
1363,1367,2522,-46322
483,554,2523,2524
483,480,2524,2525
483,479,2525,2526
483,478,2526,2529
485,478,2527,-1
478,481,2527,2528
478,482,2528,2529
704,81,2530,2531
704,708,2531,2532
704,709,2532,2533
704,706,2533,2534
704,707,2534,2535
666,663,2536,2537
666,664,2537,2542
668,661,2538,-1
664,668,2538,2539
664,669,2539,2542
669,665,2540,2541
669,666,2541,2542