0,1,0,30
1,2,0,-1
2,0,0,1
3,0,1,657
2,3,1,2
4,3,2,668
2,4,2,3
5,4,3,667
2,5,3,4
6,5,4,667
2,6,4,7
7,8,5,666
8,6,5,672
6,7,5,7
2,9,6,-1
9,10,6,665
10,2,6,8
2,7,7,8
10,7,8,666
11,12,9,55
12,1,9,-1
1,11,9,10
13,11,10,674
1,13,10,11
14,13,11,706
1,14,11,12
15,14,12,705
1,15,12,31
16,17,13,704
17,15,13,705
15,16,13,14
18,16,14,703
15,18,14,32
19,20,15,702
20,18,15,703
18,19,15,33
21,22,16,701
22,19,16,702
19,21,16,34
23,24,17,698
24,25,17,699
25,23,17,18
26,23,18,697
25,26,18,36
27,28,19,695
28,26,19,696
26,27,19,20
29,27,20,-1
26,29,20,21
30,29,21,663
26,30,21,22
31,30,22,662
26,31,22,23
32,31,23,661
26,32,23,24
33,32,24,660
26,33,24,25
34,33,25,660
26,34,25,26
35,34,26,659
26,35,26,27
36,35,27,658
26,36,27,28
37,36,28,658
26,37,28,29
38,37,29,669
26,38,29,37
0,38,30,657
38,1,30,31
38,15,31,32
38,18,32,33
38,19,33,34
38,21,34,35
39,21,35,700
38,39,35,37
25,39,36,699
39,26,36,37
40,41,38,111
41,12,38,-1
12,40,38,39
42,40,39,110
12,42,39,40
43,42,40,110
12,43,40,41
44,43,41,117
12,44,41,42
45,44,42,109
12,45,42,43
46,45,43,108
12,46,43,44
47,46,44,108
12,47,44,45
48,47,45,107
12,48,45,46
49,48,46,107
12,49,46,47
50,49,47,106
12,50,47,48
51,50,48,105
12,51,48,56
52,53,49,103
53,51,49,104
51,52,49,57
54,55,50,823
55,52,50,102
52,54,50,51
56,54,51,679
52,56,51,57
57,58,52,678
58,56,52,679
56,57,52,58
59,60,53,676
60,57,53,677
57,59,53,59
11,61,54,674
61,62,54,675
62,11,54,55
62,12,55,56
62,51,56,60
51,56,57,58
51,57,58,59
51,59,59,60
62,59,60,675
63,64,61,217
64,41,61,-1
41,63,61,62
65,63,62,217
41,65,62,63
66,65,63,216
41,66,63,64
67,66,64,215
41,67,64,65
68,67,65,214
41,68,65,66
69,68,66,213
41,69,66,67
70,69,67,213
41,70,67,68
71,70,68,212
41,71,68,69
72,71,69,212
41,72,69,70
73,72,70,211
41,73,70,71
74,73,71,211
41,74,71,72
75,74,72,210
41,75,72,73
76,75,73,209
41,76,73,74
77,76,74,208
41,77,74,75
78,77,75,207
41,78,75,76
79,78,76,206
41,79,76,77
80,79,77,206
41,80,77,78
81,80,78,205
41,81,78,79
82,81,79,204
41,82,79,80
83,82,80,203
41,83,80,81
84,83,81,203
41,84,81,82
85,84,82,202
41,85,82,83
86,85,83,201
41,86,83,84
87,86,84,200
41,87,84,85
88,87,85,199
41,88,85,86
89,88,86,199
41,89,86,87
90,89,87,198
41,90,87,88
91,90,88,197
41,91,88,89
92,91,89,197
41,92,89,90
93,92,90,196
41,93,90,91
94,93,91,196
41,94,91,92
95,94,92,195
41,95,92,93
96,95,93,194
41,96,93,111
97,98,94,193
98,96,94,194
96,97,94,95
99,97,95,829
96,99,95,96
100,99,96,828
96,100,96,97
101,100,97,827
96,101,97,98
102,101,98,826
96,102,98,112
103,104,99,825
104,102,99,826
102,103,99,113
105,106,100,824
106,103,100,825
103,105,100,114
55,107,101,823
107,105,101,824
105,55,101,102
105,52,102,103
105,53,103,104
105,51,104,105
105,50,105,106
105,49,106,114
49,47,107,115
47,45,108,109
47,44,109,116
43,40,110,118
40,96,111,112
40,102,112,113
40,103,113,118
103,49,114,115
103,47,115,116
103,44,116,117
103,43,117,118
108,109,119,320
109,64,119,-1
64,108,119,218
110,111,120,319
111,108,120,320
108,110,120,219
112,113,121,318
113,110,121,319
110,112,121,122
114,112,122,317
110,114,122,220
115,116,123,316
116,114,123,317
114,115,123,221
117,118,124,315
118,115,124,316
115,117,124,222
119,120,125,313
120,121,125,314
121,119,125,224
122,123,126,312
123,119,126,313
119,122,126,225
124,125,127,311
125,122,127,312
122,124,127,226
126,127,128,309
127,128,128,310
128,126,128,228
129,130,129,307
130,131,129,308
131,129,129,230
132,133,130,306
133,129,130,307
129,132,130,231
134,135,131,305
135,132,131,306
132,134,131,232
136,137,132,304
137,134,132,305
134,136,132,233
138,139,133,303
139,136,133,304
136,138,133,234
140,141,134,338
141,142,134,302
142,140,134,135
143,140,135,301
142,143,135,136
144,143,136,300
142,144,136,236
145,146,137,299
146,144,137,300
144,145,137,237
147,148,138,298
148,145,138,299
145,147,138,238
149,150,139,297
150,147,139,298
147,149,139,239
151,152,140,335
152,149,140,297
149,151,140,141
153,151,141,296
149,153,141,142
154,153,142,295
149,154,142,240
155,156,143,294
156,154,143,295
154,155,143,144
157,155,144,293
154,157,144,241
158,159,145,292
159,157,145,293
157,158,145,146
160,158,146,291
157,160,146,147
161,160,147,1212
157,161,147,148
162,161,148,1244
157,162,148,149
163,162,149,1211
157,163,149,150
164,163,150,1210
157,164,150,151
165,164,151,1210
157,165,151,152
166,165,152,1242
157,166,152,242
167,168,153,1241
168,166,153,1242
166,167,153,243
169,170,154,1239
170,171,154,1240
171,169,154,245
172,173,155,1238
173,169,155,1239
169,172,155,156
174,172,156,1237
169,174,156,157
175,174,157,1236
169,175,157,246
176,177,158,1235
177,175,158,1236
175,176,158,247
178,179,159,1234
179,176,159,1235
176,178,159,248
180,181,160,1233
181,178,160,1234
178,180,160,161
182,180,161,1232
178,182,161,162
183,182,162,1231
178,183,162,249
184,185,163,1229
185,183,163,1230
183,184,163,250
186,187,164,1228
187,184,164,1229
184,186,164,165
188,186,165,1259
184,188,165,166
189,188,166,1258
184,189,166,251
190,191,167,1257
191,189,167,1258
189,190,167,252
192,193,168,1269
193,190,168,1257
190,192,168,169
194,192,169,1176
190,194,169,170
195,194,170,950
190,195,170,171
196,195,171,949
190,196,171,172
197,196,172,948
190,197,172,173
198,197,173,948
190,198,173,174
199,198,174,947
190,199,174,175
200,199,175,947
190,200,175,176
201,200,176,946
190,201,176,177
202,201,177,946
190,202,177,178
203,202,178,945
190,203,178,253
204,205,179,944
205,203,179,945
203,204,179,254
206,207,180,942
207,204,180,943
204,206,180,255
208,209,181,941
209,206,181,942
206,208,181,182
210,208,182,940
206,210,182,256
211,212,183,939
212,210,183,940
210,211,183,257
213,214,184,938
214,211,184,939
211,213,184,185
215,213,185,937
211,215,185,258
216,217,186,936
217,215,186,937
215,216,186,259
218,219,187,935
219,216,187,936
216,218,187,260
220,221,188,1000
221,218,188,935
218,220,188,189
222,220,189,934
218,222,189,261
223,224,190,933
224,222,190,934
222,223,190,261
225,226,191,932
226,223,191,933
223,225,191,192
97,225,192,904
223,97,192,193
223,98,193,262
98,95,194,195
98,94,195,263
94,92,196,264
92,90,197,198
92,89,198,265
89,87,199,200
89,86,200,201
89,85,201,202
89,84,202,266
84,82,203,204
84,81,204,205
84,80,205,267
80,78,206,207
80,77,207,208
80,76,208,209
80,75,209,210
80,74,210,268
74,72,211,269
72,70,212,270
70,68,213,214
70,67,214,215
70,66,215,216
70,65,216,271
65,64,217,218
65,108,218,219
65,110,219,220
65,114,220,221
65,115,221,222
65,117,222,223
121,117,223,314
65,121,223,224
65,119,224,225
65,122,225,226
65,124,226,227
128,124,227,310
65,128,227,228
65,126,228,229
131,126,229,308
65,131,229,230
65,129,230,231
65,132,231,232
65,134,232,233
65,136,233,234
65,138,234,235
142,138,235,302
65,142,235,236
65,144,236,237
65,145,237,238
65,147,238,239
65,149,239,240
65,154,240,241
65,157,241,242
65,166,242,243
65,167,243,244
171,167,244,1240
65,171,244,245
65,169,245,246
65,175,246,247
65,176,247,248
65,178,248,249
65,183,249,250
65,184,250,251
65,189,251,252
65,190,252,253
65,203,253,254
65,204,254,255
65,206,255,256
65,210,256,257
65,211,257,258
65,215,258,259
65,216,259,260
65,218,260,271
218,223,261,262
218,98,262,263
218,94,263,264
218,92,264,265
218,89,265,266
218,84,266,267
218,80,267,268
218,74,268,269
218,72,269,270
218,70,270,271
227,228,272,347
228,109,272,-1
109,227,272,273
229,227,273,346
109,229,273,274
230,229,274,345
109,230,274,275
231,230,275,345
109,231,275,276
232,231,276,426
109,232,276,321
233,234,277,-1
234,232,277,772
232,233,277,278
235,233,278,1297
232,235,278,279
236,235,279,1296
232,236,279,280
237,236,280,1292
232,237,280,281
238,237,281,1219
232,238,281,282
239,238,282,1219
232,239,282,283
240,239,283,1218
232,240,283,284
241,240,284,1218
232,241,284,285
242,241,285,1217
232,242,285,286
243,242,286,1216
232,243,286,287
244,243,287,1215
232,244,287,288
245,244,288,1215
232,245,288,289
246,245,289,1214
232,246,289,290
247,246,290,1213
232,247,290,333
160,247,291,1212
247,158,291,292
247,159,292,322
159,155,293,294
159,156,294,322
156,153,295,296
156,151,296,334
152,150,297,323
150,148,298,323
148,146,299,324
146,143,300,301
146,140,301,324
141,138,302,303
141,139,303,325
139,137,304,325
137,135,305,326
135,133,306,326
133,130,307,327
130,126,308,309
130,127,309,328
127,124,310,311
127,125,311,328
125,123,312,329
123,120,313,330
120,117,314,315
120,118,315,330
118,116,316,331
116,112,317,318
116,113,318,331
113,111,319,332
111,109,320,321
111,232,321,332
247,156,322,333
152,148,323,336
148,140,324,337
141,137,325,339
137,133,326,327
137,130,327,340
130,125,328,329
130,123,329,341
123,118,330,342
118,113,331,343
113,232,332,343
232,156,333,334
232,151,334,335
232,152,335,336
232,148,336,337
232,140,337,338
232,141,338,339
232,137,339,340
232,130,340,341
232,123,341,342
232,118,342,343
231,248,344,427
248,228,344,-1
228,231,344,347
231,229,345,346
231,227,346,347
249,250,348,459
250,248,348,-1
248,249,348,349
251,249,349,459
248,251,349,350
252,251,350,463
248,252,350,351
253,252,351,729
248,253,351,428
254,255,352,728
255,253,352,729
253,254,352,429
256,257,353,808
257,254,353,727
254,256,353,354
258,256,354,885
254,258,354,430
259,260,355,884
260,258,355,885
258,259,355,431
261,262,356,805
262,259,356,883
259,261,356,432
263,264,357,887
264,261,357,804
261,263,357,358
265,263,358,895
261,265,358,433
266,267,359,899
267,268,359,894
268,266,359,360
269,266,360,898
268,269,360,361
270,269,361,503
268,270,361,362
271,270,362,502
268,271,362,363
272,271,363,1027
268,272,363,364
273,272,364,1024
268,273,364,365
274,273,365,1026
268,274,365,435
275,276,366,1033
276,274,366,1026
274,275,366,367
277,275,367,1064
274,277,367,368
278,277,368,1063
274,278,368,369
279,278,369,1063
274,279,369,370
280,279,370,495
274,280,370,371
281,280,371,1073
274,281,371,436
282,283,372,1090
283,281,372,1091
281,282,372,437
284,285,373,1087
285,286,373,1088
286,284,373,439
287,288,374,1097
288,284,374,1087
284,287,374,440
289,290,375,1084
290,291,375,1085
291,289,375,376
292,289,376,-1
291,292,376,377
293,292,377,1152
291,293,377,378
294,293,378,1154
291,294,378,441
295,296,379,1153
296,294,379,1154
294,295,379,380
297,295,380,-1
294,297,380,381
298,297,381,-1
294,298,381,382
299,298,382,770
294,299,382,383
300,299,383,770
294,300,383,384
301,300,384,769
294,301,384,385
302,301,385,768
294,302,385,386
303,302,386,768
294,303,386,387
304,303,387,767
294,304,387,388
305,304,388,766
294,305,388,389
306,305,389,766
294,306,389,390
307,306,390,765
294,307,390,391
308,307,391,765
294,308,391,392
309,308,392,764
294,309,392,393
310,309,393,763
294,310,393,394
311,310,394,763
294,311,394,395
312,311,395,781
294,312,395,396
313,312,396,762
294,313,396,397
314,313,397,761
294,314,397,398
315,314,398,760
294,315,398,399
316,315,399,760
294,316,399,400
317,316,400,759
294,317,400,401
318,317,401,759
294,318,401,402
319,318,402,758
294,319,402,403
320,319,403,758
294,320,403,404
321,320,404,757
294,321,404,405
322,321,405,756
294,322,405,406
323,322,406,755
294,323,406,407
324,323,407,754
294,324,407,408
325,324,408,753
294,325,408,442
326,327,409,752
327,325,409,753
325,326,409,443
328,329,410,751
329,326,410,752
326,328,410,444
330,331,411,750
331,328,411,751
328,330,411,412
332,330,412,749
328,332,412,445
333,334,413,748
334,332,413,749
332,333,413,446
335,336,414,777
336,333,414,748
333,335,414,415
337,335,415,747
333,337,415,416
338,337,416,746
333,338,416,417
339,338,417,745
333,339,417,447
340,341,418,776
341,342,418,744
342,340,418,419
343,340,419,743
342,343,419,449
344,345,420,775
345,343,420,743
343,344,420,421
346,344,421,742
343,346,421,453
347,348,422,740
348,349,422,741
349,347,422,455
350,351,423,739
351,347,423,740
347,350,423,424
352,350,424,738
347,352,424,450
353,354,425,737
354,352,425,738
352,353,425,450
232,353,426,737
353,231,426,427
353,248,427,428
353,253,428,429
353,254,429,430
353,258,430,431
353,259,431,432
353,261,432,433
353,265,433,434
268,265,434,895
353,268,434,435
353,274,435,436
353,281,436,437
353,282,437,438
355,282,438,1089
353,355,438,451
286,355,439,1088
355,284,439,440
355,287,440,452
291,287,441,1086
287,294,441,442
287,325,442,443
287,326,443,444
287,328,444,445
287,332,445,446
287,333,446,447
287,339,447,448
342,339,448,744
287,342,448,449
287,343,449,452
347,353,450,451
347,355,451,455
355,343,452,453
355,346,453,454
349,346,454,741
355,349,454,455
356,357,456,466
357,250,456,-1
250,356,456,457
358,356,457,465
250,358,457,458
251,358,458,464
250,251,458,459
359,360,460,514
360,357,460,-1
357,359,460,461
361,359,461,513
357,361,461,466
252,362,462,722
362,361,462,512
361,252,462,463
361,251,463,464
361,358,464,465
361,356,465,466
363,364,467,553
364,360,467,-1
360,363,467,468
365,363,468,552
360,365,468,514
366,367,469,591
367,368,469,550
368,366,469,470
369,366,470,799
368,369,470,471
370,369,471,585
368,370,471,524
371,372,472,820
372,370,472,585
370,371,472,516
373,374,473,819
374,371,473,820
371,373,473,516
375,376,474,581
376,373,474,818
373,375,474,517
377,378,475,611
378,375,475,581
375,377,475,476
379,377,476,610
375,379,476,477
380,379,477,580
375,380,477,478
381,380,478,579
375,381,478,517
382,383,479,608
383,381,479,579
381,382,479,480
384,382,480,578
381,384,480,481
385,384,481,923
381,385,481,518
386,387,482,928
387,385,482,929
385,386,482,541
388,389,483,574
389,386,483,927
386,388,483,484
390,388,484,1038
386,390,484,485
391,390,485,1043
386,391,485,545
392,393,486,1039
393,394,486,1040
394,392,486,487
395,392,487,572
394,395,487,531
396,397,488,1069
397,398,488,1070
398,396,488,519
399,400,489,1067
400,396,489,1068
396,399,489,490
401,399,490,-1
396,401,490,491
402,401,491,1106
396,402,491,492
403,402,492,1110
396,403,492,519
404,405,493,1077
405,403,493,1111
403,404,493,527
280,406,494,1073
406,407,494,1100
407,280,494,495
407,279,495,496
408,279,496,1062
407,408,496,497
409,408,497,1061
407,409,497,498
410,409,498,1031
407,410,498,499
411,410,499,1037
407,411,499,520
412,413,500,1029
413,414,500,1030
414,412,500,501
415,412,501,1028
414,415,501,544
271,415,502,1027
415,270,502,503
415,269,503,504
416,269,504,898
415,416,504,540
417,418,505,896
418,416,505,897
416,417,505,521
419,420,506,889
420,417,506,896
417,419,506,507
421,419,507,888
417,421,507,521
422,423,508,802
423,421,508,803
421,422,508,522
424,425,509,800
425,426,509,801
426,424,509,530
427,428,510,733
428,429,510,734
429,427,510,511
362,427,511,722
429,362,511,512
429,361,512,513
429,359,513,523
359,365,514,515
368,365,515,551
359,368,515,523
370,373,516,525
373,381,517,518
373,385,518,525
398,403,519,526
407,430,520,1100
430,411,520,537
416,421,521,522
416,422,522,538
429,368,523,524
429,370,524,528
370,385,525,535
398,431,526,1070
431,403,526,527
431,404,527,529
429,424,528,725
424,370,528,530
431,395,529,1071
395,404,529,531
426,370,530,534
394,404,531,532
432,404,532,1076
394,432,532,533
430,432,533,1101
394,430,533,536
426,422,534,801
422,370,534,535
422,385,535,538
394,433,536,1040
433,430,536,537
433,411,537,539
416,385,538,540
433,434,539,1041
434,411,539,542
415,385,540,541
415,386,541,544
434,391,542,1042
391,411,542,543
414,411,543,1030
391,414,543,545
414,386,544,545
435,436,546,596
436,364,546,-1
364,435,546,547
437,435,547,595
364,437,547,553
438,439,548,594
439,437,548,595
437,438,548,554
367,440,549,592
440,441,549,593
441,367,549,550
441,368,550,551
441,365,551,552
441,363,552,555
363,437,553,554
363,438,554,555
441,438,555,593
442,443,556,641
443,436,556,-1
436,442,556,597
444,445,557,640
445,442,557,641
442,444,557,558
446,444,558,639
442,446,558,598
447,448,559,650
448,446,559,639
446,447,559,560
449,447,560,638
446,449,560,561
450,449,561,637
446,450,561,599
451,452,562,636
452,450,562,637
450,451,562,600
453,454,563,635
454,451,563,636
451,453,563,601
455,456,564,647
456,453,564,635
453,455,564,565
457,455,565,634
453,457,565,602
458,459,566,633
459,457,566,634
457,458,566,602
460,461,567,632
461,458,567,633
458,460,567,568
462,460,568,-1
458,462,568,569
463,462,569,1066
458,463,569,570
464,463,570,1065
458,464,570,571
395,464,571,1065
458,395,571,572
458,392,572,603
388,465,573,1038
465,392,573,1039
392,388,573,603
466,389,574,926
388,466,574,604
467,468,575,925
468,466,575,926
466,467,575,605
469,470,576,924
470,467,576,925
467,469,576,606
384,471,577,923
471,469,577,924
469,384,577,578
469,382,578,607
383,380,579,580
383,379,580,609
378,376,581,582
472,376,582,817
378,472,582,583
473,472,583,817
378,473,583,584
474,473,584,822
378,474,584,612
372,369,585,586
475,369,586,798
372,475,586,587
476,475,587,797
372,476,587,588
477,476,588,796
372,477,588,589
478,477,589,795
372,478,589,613
479,480,590,794
480,478,590,795
478,479,590,618
366,479,591,794
479,367,591,592
479,440,592,614
440,438,593,594
440,439,594,614
439,435,595,596
439,436,596,597
439,442,597,598
439,446,598,599
439,450,599,600
439,451,600,601
439,453,601,619
453,458,602,615
458,388,603,604
458,466,604,605
458,467,605,606
458,469,606,607
458,382,607,608
458,383,608,609
458,379,609,610
458,377,610,611
458,378,611,612
458,474,612,615
372,481,613,816
481,478,613,617
479,439,614,618
453,474,615,616
481,474,616,816
453,481,616,617
453,478,617,619
478,439,618,619
482,483,620,656
483,443,620,-1
443,482,620,621
484,482,621,655
443,484,621,622
485,484,622,654
443,485,622,623
486,485,623,653
443,486,623,624
487,486,624,653
443,487,624,625
488,487,625,-1
443,488,625,626
489,488,626,812
443,489,626,627
490,489,627,813
443,490,627,642
491,492,628,-1
492,490,628,813
490,491,628,629
493,491,629,814
490,493,629,630
494,493,630,815
490,494,630,643
460,495,631,-1
495,494,631,815
494,460,631,632
494,461,632,644
461,459,633,645
459,455,634,646
456,454,635,648
454,452,636,649
452,449,637,638
452,447,638,649
448,444,639,640
448,445,640,650
445,443,641,642
445,490,642,643
445,494,643,644
445,461,644,645
445,459,645,646
445,455,646,647
445,456,647,648
445,454,648,651
454,447,649,651
447,445,650,651
487,496,652,-1
496,483,652,-1
483,487,652,656
487,485,653,654
487,484,654,655
487,482,655,656
3,38,657,668
37,35,658,659
37,34,659,670
34,32,660,661
34,31,661,662
34,30,662,663
34,29,663,664
9,29,664,-1
34,9,664,665
34,10,665,671
10,8,666,671
6,4,667,673
4,38,668,669
4,37,669,670
4,34,670,673
34,8,671,672
34,6,672,673
13,61,674,707
61,59,675,676
61,60,676,677
61,57,677,678
61,58,678,708
58,54,679,680
497,54,680,861
58,497,680,681
498,497,681,860
58,498,681,709
499,500,682,859
500,498,682,860
498,499,682,683
501,499,683,858
498,501,683,710
502,503,684,857
503,501,684,858
501,502,684,711
504,505,685,856
505,502,685,857
502,504,685,712
506,507,686,855
507,504,686,856
504,506,686,713
508,509,687,853
509,510,687,854
510,508,687,715
511,512,688,851
512,513,688,852
513,511,688,689
514,511,689,850
513,514,689,717
515,516,690,849
516,514,690,850
514,515,690,691
517,515,691,848
514,517,691,692
518,517,692,847
514,518,692,718
519,520,693,846
520,518,693,847
518,519,693,694
27,519,694,-1
518,27,694,695
518,28,695,696
518,26,696,697
518,23,697,698
518,24,698,719
24,39,699,700
24,21,700,701
24,22,701,720
22,20,702,721
20,16,703,704
20,17,704,721
17,14,705,706
17,13,706,707
17,61,707,708
17,58,708,709
17,498,709,710
17,501,710,711
17,502,711,712
17,504,712,713
17,506,713,714
510,506,714,854
17,510,714,715
17,508,715,716
513,508,716,852
17,513,716,717
17,514,717,718
17,518,718,719
17,24,719,720
17,22,720,721
252,427,722,723
521,427,723,733
252,521,723,724
522,521,724,736
252,522,724,730
429,523,725,734
523,424,725,726
524,424,726,800
523,524,726,732
257,524,727,809
524,254,727,728
524,255,728,732
255,252,729,730
255,522,730,731
523,522,731,735
255,523,731,732
521,428,733,736
428,523,734,735
428,522,735,736
232,354,737,772
354,350,738,739
354,351,739,773
351,348,740,773
348,346,741,742
348,344,742,774
345,340,743,786
341,339,744,745
341,338,745,746
341,337,746,747
341,335,747,776
336,334,748,777
334,330,749,750
334,331,750,790
331,329,751,787
329,327,752,778
327,324,753,754
327,323,754,755
327,322,755,756
327,321,756,757
327,320,757,778
320,318,758,779
318,316,759,780
316,314,760,761
316,313,761,762
316,312,762,788
311,309,763,764
311,308,764,781
308,306,765,782
306,304,766,767
306,303,767,783
303,301,768,769
303,300,769,784
300,298,770,771
234,298,771,-1
300,234,771,785
234,354,772,792
354,348,773,774
354,344,774,775
354,345,775,789
340,335,776,786
335,334,777,793
329,320,778,779
329,318,779,780
329,316,780,787
312,308,781,782
312,306,782,783
312,303,783,784
312,300,784,785
312,234,785,788
345,335,786,789
331,316,787,790
316,234,788,791
354,335,789,792
334,316,790,791
334,234,791,793
234,335,792,793
366,480,794,799
480,477,795,796
480,476,796,797
480,475,797,798
480,369,798,799
524,425,800,810
425,422,801,802
425,423,802,803
425,421,803,811
264,421,804,887
421,261,804,805
421,262,805,806
525,262,806,883
421,525,806,807
526,525,807,882
421,526,807,811
256,526,808,882
526,257,808,809
526,524,809,810
526,425,810,811
492,488,812,-1
489,492,812,813
495,491,814,-1
493,495,814,815
372,474,816,821
473,376,817,818
473,373,818,819
473,374,819,822
374,372,820,821
374,474,821,822
54,107,823,862
107,106,824,863
106,104,825,864
104,101,826,827
104,100,827,828
104,99,828,829
104,97,829,830
527,97,830,904
104,527,830,831
528,527,831,918
104,528,831,832
529,528,832,917
104,529,832,833
530,529,833,916
104,530,833,834
531,530,834,915
104,531,834,835
532,531,835,914
104,532,835,865
533,534,836,913
534,532,836,914
532,533,836,866
535,536,837,991
536,537,837,910
537,535,837,838
538,535,838,1045
537,538,838,839
539,538,839,1055
537,539,839,869
540,541,840,1054
541,539,840,1055
539,540,840,870
542,543,841,1053
543,540,841,1054
540,542,841,871
544,545,842,1052
545,542,842,1053
542,544,842,843
546,544,843,1116
542,546,843,872
547,548,844,1129
548,549,844,1130
549,547,844,874
519,550,845,-1
550,547,845,1128
547,519,845,846
547,520,846,875
520,517,847,848
520,515,848,849
520,516,849,875
516,511,850,851
516,512,851,876
512,508,852,853
512,509,853,877
509,506,854,855
509,507,855,878
507,505,856,879
505,503,857,880
503,499,858,859
503,500,859,881
500,497,860,861
500,54,861,862
500,107,862,863
500,106,863,864
500,104,864,865
500,532,865,866
500,533,866,867
551,533,867,912
500,551,867,868
537,551,868,911
500,537,868,869
500,539,869,870
500,540,870,871
500,542,871,872
500,546,872,873
549,546,873,1130
500,549,873,874
500,547,874,881
547,516,875,876
547,512,876,877
547,509,877,878
547,507,878,879
547,505,879,880
547,503,880,881
256,525,882,886
525,259,883,884
525,260,884,886
260,256,885,886
263,421,887,888
263,419,888,889
263,420,889,890
552,420,890,903
263,552,890,891
553,552,891,902
263,553,891,892
554,553,892,901
263,554,892,893
267,554,893,900
263,267,893,894
263,268,894,895
420,418,896,897
420,416,897,903
416,266,898,899
416,267,899,900
416,554,900,901
416,553,901,902
416,552,902,903
527,225,904,905
555,225,905,932
527,555,905,918
556,557,906,995
557,555,906,996
555,556,906,919
558,559,907,994
559,556,907,995
556,558,907,920
560,561,908,993
561,558,908,994
558,560,908,921
536,562,909,992
562,560,909,993
560,536,909,910
560,537,910,911
560,551,911,912
560,533,912,913
560,534,913,922
534,531,914,915
534,530,915,916
534,529,916,917
534,528,917,922
528,555,918,919
528,556,919,920
528,558,920,921
528,560,921,922
385,471,923,930
471,470,924,931
470,468,925,931
468,389,926,927
468,386,927,928
468,387,928,929
468,385,929,930
468,471,930,931
555,226,932,997
226,224,933,998
224,220,934,999
221,219,935,1001
219,217,936,1002
217,213,937,938
217,214,938,1003
214,212,939,1004
212,208,940,941
212,209,941,1005
209,207,942,943
209,204,943,944
209,205,944,1006
205,202,945,1007
202,200,946,1008
200,198,947,1009
198,196,948,949
198,195,949,950
198,194,950,951
563,194,951,1176
198,563,951,952
564,563,952,1175
198,564,952,953
565,564,953,1174
198,565,953,954
566,565,954,1174
198,566,954,955
567,566,955,1173
198,567,955,956
568,567,956,1172
198,568,956,957
569,568,957,1172
198,569,957,958
570,569,958,1171
198,570,958,959
571,570,959,1171
198,571,959,960
572,571,960,1170
198,572,960,961
573,572,961,1170
198,573,961,962
574,573,962,1169
198,574,962,963
575,574,963,1168
198,575,963,964
576,575,964,1167
198,576,964,965
577,576,965,1166
198,577,965,1010
578,579,966,1165
579,577,966,1166
577,578,966,967
580,578,967,1164
577,580,967,1011
581,582,968,1197
582,580,968,1164
580,581,968,969
583,581,969,1163
580,583,969,970
584,583,970,1162
580,584,970,971
585,584,971,1161
580,585,971,1012
586,587,972,1160
587,585,972,1161
585,586,972,1013
588,589,973,1158
589,590,973,1159
590,588,973,974
591,588,974,1157
590,591,974,1015
592,593,975,1155
593,591,975,1156
591,592,975,1016
594,595,976,1193
595,592,976,1155
592,594,976,977
596,594,977,-1
592,596,977,978
597,596,978,1143
592,597,978,979
598,597,979,1142
592,598,979,980
599,598,980,1142
592,599,980,981
600,599,981,1151
592,600,981,982
601,600,982,1141
592,601,982,1017
602,603,983,1140
603,601,983,1141
601,602,983,984
604,602,984,1122
601,604,984,985
605,604,985,1135
601,605,985,986
606,605,986,1139
601,606,986,1018
607,608,987,1050
608,606,987,1134
606,607,987,988
609,607,988,1049
606,609,988,1019
610,611,989,1047
611,612,989,1048
612,610,989,990
613,610,990,1046
612,613,990,1021
535,613,991,1045
613,536,991,992
613,562,992,1022
562,561,993,1022
561,559,994,1023
559,557,995,996
559,555,996,997
559,226,997,998
559,224,998,999
559,220,999,1000
559,221,1000,1001
559,219,1001,1002
559,217,1002,1003
559,214,1003,1004
559,212,1004,1005
559,209,1005,1006
559,205,1006,1007
559,202,1007,1008
559,200,1008,1009
559,198,1009,1010
559,577,1010,1011
559,580,1011,1012
559,585,1012,1013
559,586,1013,1014
590,586,1014,1159
559,590,1014,1015
559,591,1015,1016
559,592,1016,1017
559,601,1017,1018
559,606,1018,1019
559,609,1019,1020
612,609,1020,1048
559,612,1020,1021
559,613,1021,1023
613,561,1022,1023
614,272,1024,1035
273,614,1024,1025
276,614,1025,1034
273,276,1025,1026
272,415,1027,1028
272,412,1028,1029
272,413,1029,1035
413,411,1030,1036
615,409,1031,1060
410,615,1031,1032
275,615,1032,1060
410,275,1032,1033
410,276,1033,1034
410,614,1034,1037
614,413,1035,1036
614,411,1036,1037
390,465,1038,1043
465,393,1039,1044
393,433,1040,1041
393,434,1041,1042
393,391,1042,1044
391,465,1043,1044
538,613,1045,1046
538,610,1046,1047
538,611,1047,1056
611,609,1048,1049
611,607,1049,1050
611,608,1050,1051
616,608,1051,1133
611,616,1051,1057
544,616,1052,1116
616,545,1052,1057
545,543,1053,1058
543,541,1054,1059
541,538,1055,1056
541,611,1056,1059
611,545,1057,1058
611,543,1058,1059
275,409,1060,1061
275,408,1061,1062
275,279,1062,1064
279,277,1063,1064
395,463,1065,1072
399,462,1066,-1
463,399,1066,1067
463,400,1067,1068
463,396,1068,1069
463,397,1069,1072
397,431,1070,1071
397,395,1071,1072
281,406,1073,1074
617,406,1074,1105
281,617,1074,1092
618,619,1075,1102
619,620,1075,1103
620,618,1075,1094
432,618,1076,1101
618,404,1076,1077
618,405,1077,1078
621,405,1078,1111
618,621,1078,1079
622,621,1079,1115
618,622,1079,1095
623,624,1080,1113
624,625,1080,1114
625,623,1080,1081
626,623,1081,1109
625,626,1081,1082
627,626,1082,1108
625,627,1082,1096
289,628,1083,-1
628,627,1083,1107
627,289,1083,1084
627,290,1084,1085
627,291,1085,1086
627,287,1086,1096
288,285,1087,1098
285,355,1088,1089
285,282,1089,1090
285,283,1090,1091
285,281,1091,1092
285,617,1092,1093
620,617,1093,1104
285,620,1093,1094
285,618,1094,1095
285,622,1095,1098
625,287,1096,1097
625,288,1097,1099
288,622,1098,1099
625,622,1099,1114
406,430,1100,1105
430,618,1101,1102
430,619,1102,1103
430,620,1103,1104
430,617,1104,1105
628,401,1106,-1
402,628,1106,1107
402,627,1107,1108
402,626,1108,1110
403,623,1109,1112
626,403,1109,1110
621,403,1111,1112
621,623,1112,1113
621,624,1113,1115
624,622,1114,1115
546,616,1116,1117
629,616,1117,1133
546,629,1117,1118
630,629,1118,1138
546,630,1118,1119
631,630,1119,1137
546,631,1119,1120
632,631,1120,1136
546,632,1120,1121
604,632,1121,1135
546,604,1121,1122
546,602,1122,1123
633,602,1123,1140
546,633,1123,1124
634,633,1124,1148
546,634,1124,1131
635,636,1125,1147
636,634,1125,1148
634,635,1125,1126
637,635,1126,1146
634,637,1126,1132
550,638,1127,-1
638,637,1127,1145
637,550,1127,1128
637,547,1128,1129
637,548,1129,1132
548,546,1130,1131
548,634,1131,1132
629,608,1133,1134
629,606,1134,1138
605,632,1135,1136
605,631,1136,1137
605,630,1137,1139
630,606,1138,1139
633,603,1140,1149
603,600,1141,1150
599,597,1142,1143
599,596,1143,1144
638,596,1144,-1
599,638,1144,1145
599,637,1145,1146
599,635,1146,1147
599,636,1147,1151
636,633,1148,1149
636,603,1149,1150
636,600,1150,1151
295,292,1152,-1
293,295,1152,1153
293,296,1153,1154
595,593,1155,1156
595,591,1156,1157
595,588,1157,1158
595,589,1158,1194
589,586,1159,1160
589,587,1160,1195
587,584,1161,1162
587,583,1162,1163
587,581,1163,1196
582,578,1164,1165
582,579,1165,1198
579,576,1166,1167
579,575,1167,1168
579,574,1168,1169
579,573,1169,1199
573,571,1170,1200
571,569,1171,1201
569,567,1172,1173
569,566,1173,1202
566,564,1174,1175
566,563,1175,1203
563,192,1176,1177
639,192,1177,1268
563,639,1177,1178
640,639,1178,1267
563,640,1178,1204
641,642,1179,1266
642,640,1179,1267
640,641,1179,1180
643,641,1180,1265
640,643,1180,1181
644,643,1181,1264
640,644,1181,1205
645,646,1182,1280
646,647,1182,1226
647,645,1182,1183
648,645,1183,1291
647,648,1183,1184
649,648,1184,1290
647,649,1184,1207
650,651,1185,1288
651,649,1185,1289
649,650,1185,1186
652,650,1186,1287
649,652,1186,1187
653,652,1187,1286
649,653,1187,1188
654,653,1188,1275
649,654,1188,1189
655,654,1189,1274
649,655,1189,1208
656,657,1190,1273
657,655,1190,1274
655,656,1190,1208
658,659,1191,1278
659,660,1191,1272
660,658,1191,1192
594,658,1192,-1
660,594,1192,1193
660,595,1193,1194
660,589,1194,1195
660,587,1195,1196
660,581,1196,1197
660,582,1197,1198
660,579,1198,1199
660,573,1199,1200
660,571,1200,1201
660,569,1201,1202
660,566,1202,1203
660,563,1203,1204
660,640,1204,1205
660,644,1205,1206
647,644,1206,1264
660,647,1206,1207
660,649,1207,1209
649,656,1208,1209
660,656,1209,1272
165,163,1210,1211
165,162,1211,1243
161,247,1212,1213
161,246,1213,1214
161,245,1214,1244
245,243,1215,1216
245,242,1216,1217
245,241,1217,1245
241,239,1218,1246
239,237,1219,1220
661,237,1220,1292
239,661,1220,1221
662,661,1221,1295
239,662,1221,1222
663,662,1222,-1
239,663,1222,1223
664,663,1223,1282
239,664,1223,1224
665,664,1224,1281
239,665,1224,1225
646,665,1225,1280
239,646,1225,1247
666,647,1226,1263
646,666,1226,1247
667,668,1227,1261
668,666,1227,1262
666,667,1227,1248
186,667,1228,1260
667,187,1228,1249
187,185,1229,1230
187,183,1230,1231
187,182,1231,1232
187,180,1232,1233
187,181,1233,1250
181,179,1234,1251
179,177,1235,1252
177,174,1236,1237
177,172,1237,1238
177,173,1238,1253
173,170,1239,1254
170,167,1240,1241
170,168,1241,1255
168,165,1242,1243
168,162,1243,1256
162,245,1244,1245
162,241,1245,1246
162,239,1246,1256
239,666,1247,1248
239,667,1248,1249
239,187,1249,1250
239,181,1250,1251
239,179,1251,1252
239,177,1252,1253
239,173,1253,1254
239,170,1254,1255
239,168,1255,1256
193,191,1257,1270
191,188,1258,1259
191,186,1259,1260
191,667,1260,1261
191,668,1261,1262
191,666,1262,1263
191,647,1263,1271
647,643,1264,1265
647,641,1265,1266
647,642,1266,1271
642,639,1267,1268
642,192,1268,1269
642,193,1269,1270
642,191,1270,1271
659,656,1272,1273
659,657,1273,1279
657,654,1274,1275
657,653,1275,1276
669,653,1276,1285
657,669,1276,1277
670,669,1277,1284
657,670,1277,1279
658,670,1278,-1
670,659,1278,1279
645,665,1280,1281
645,664,1281,1282
645,663,1282,1291
670,671,1283,-1
671,663,1283,-1
663,670,1283,1284
663,669,1284,1285
663,653,1285,1286
663,652,1286,1287
663,650,1287,1288
663,651,1288,1289
663,649,1289,1290
663,648,1290,1291
661,236,1292,1293
672,236,1293,1296
661,672,1293,1294
673,672,1294,1298
661,673,1294,1295
662,673,1295,-1
672,235,1296,1297
672,233,1297,1298
673,233,1298,-1