0,1,0,918
1,2,0,-1
2,0,0,1
3,0,1,918
2,3,1,2
4,3,2,917
2,4,2,3
5,4,3,917
2,5,3,4
6,5,4,916
2,6,4,156
7,8,5,915
8,6,5,916
6,7,5,157
9,10,6,914
10,7,6,915
7,9,6,158
11,12,7,913
12,9,7,914
9,11,7,159
13,14,8,911
14,15,8,912
15,13,8,161
16,17,9,909
17,13,9,910
13,16,9,10
18,16,10,908
13,18,10,162
19,20,11,904
20,21,11,905
21,19,11,221
22,23,12,902
23,24,12,903
24,22,12,165
25,26,13,900
26,22,13,901
22,25,13,166
27,28,14,898
28,25,14,899
25,27,14,167
29,30,15,896
30,27,15,897
27,29,15,168
31,32,16,895
32,29,16,896
29,31,16,17
33,31,17,894
29,33,17,18
34,33,18,893
29,34,18,168
35,36,19,892
36,34,19,893
34,35,19,169
37,38,20,891
38,35,20,892
35,37,20,169
39,40,21,889
40,41,21,890
41,39,21,171
42,43,22,946
43,44,22,886
44,42,22,23
45,42,23,945
44,45,23,24
46,45,24,885
44,46,24,253
47,48,25,943
48,46,25,885
46,47,25,26
49,47,26,884
46,49,26,27
50,49,27,883
46,50,27,254
51,52,28,942
52,50,28,883
50,51,28,29
53,51,29,882
50,53,29,30
54,53,30,881
50,54,30,174
55,56,31,880
56,54,31,881
54,55,31,174
57,58,32,878
58,55,32,879
55,57,32,175
59,60,33,1943
60,57,33,877
57,59,33,176
61,62,34,1941
62,59,34,1942
59,61,34,177
63,64,35,872
64,61,35,1839
61,63,35,36
65,63,36,872
61,65,36,37
66,65,37,871
61,66,37,177
67,68,38,870
68,66,38,871
66,67,38,178
69,70,39,868
70,71,39,869
71,69,39,225
72,73,40,867
73,69,40,868
69,72,40,180
74,75,41,866
75,72,41,867
72,74,41,180
76,77,42,1632
77,74,42,866
74,76,42,43
78,76,43,1631
74,78,43,181
79,80,44,1326
80,78,44,1631
78,79,44,45
81,79,45,1325
78,81,45,182
82,83,46,1324
83,81,46,1325
81,82,46,183
84,85,47,1323
85,82,47,1324
82,84,47,48
86,84,48,1323
82,86,48,49
87,86,49,1322
82,87,49,184
88,89,50,1321
89,87,50,1322
87,88,50,51
90,88,51,1320
87,90,51,185
91,92,52,1319
92,90,52,1320
90,91,52,53
93,91,53,1318
90,93,53,186
94,95,54,1316
95,96,54,1317
96,94,54,55
97,94,55,1315
96,97,55,188
98,99,56,1314
99,97,56,1315
97,98,56,57
100,98,57,1313
97,100,57,189
101,102,58,1312
102,100,58,1313
100,101,58,59
103,101,59,1312
100,103,59,60
104,103,60,1311
100,104,60,61
105,104,61,1310
100,105,61,62
106,105,62,1309
100,106,62,226
107,108,63,1308
108,106,63,1309
106,107,63,247
109,110,64,1307
110,107,64,1308
107,109,64,65
111,109,65,1306
107,111,65,66
112,111,66,1305
107,112,66,67
113,112,67,1304
107,113,67,248
114,115,68,1357
115,116,68,1301
116,114,68,69
117,114,69,1383
116,117,69,70
118,117,70,1382
116,118,70,71
119,118,71,1381
116,119,71,190
120,121,72,1300
121,119,72,1380
119,120,72,73
122,120,73,1299
119,122,73,74
123,122,74,1298
119,123,74,190
124,125,75,1297
125,123,75,1298
123,124,75,76
126,124,76,1296
123,126,76,191
127,128,77,1295
128,126,77,1296
126,127,77,192
129,130,78,1292
130,131,78,1293
131,129,78,79
132,129,79,1291
131,132,79,228
133,134,80,1290
134,132,80,1291
132,133,80,194
135,136,81,2472
136,133,81,1289
133,135,81,194
137,138,82,2469
138,139,82,2470
139,137,82,195
140,141,83,1287
141,137,83,2469
137,140,83,195
142,143,84,1286
143,140,84,1287
140,142,84,196
144,145,85,1284
145,146,85,1285
146,144,85,198
147,148,86,1283
148,144,86,1284
144,147,86,199
149,150,87,1282
150,147,87,1283
147,149,87,200
151,152,88,1280
152,153,88,1281
153,151,88,202
154,155,89,1279
155,151,89,1280
151,154,89,203
156,157,90,1278
157,154,90,1279
154,156,90,204
158,159,91,1277
159,156,91,1278
156,158,91,92
160,158,92,-1
156,160,92,93
161,160,93,2648
156,161,93,241
162,163,94,2652
163,164,94,2653
164,162,94,95
165,162,95,2651
164,165,95,96
166,165,96,2650
164,166,96,205
167,168,97,-1
168,166,97,2649
166,167,97,98
169,167,98,738
166,169,98,99
170,169,99,738
166,170,99,100
171,170,100,808
166,171,100,101
172,171,101,737
166,172,101,102
173,172,102,736
166,173,102,103
174,173,103,736
166,174,103,104
175,174,104,735
166,175,104,205
176,177,105,734
177,175,105,735
175,176,105,206
178,179,106,731
179,180,106,732
180,178,106,107
181,178,107,731
180,181,107,108
182,181,108,730
180,182,108,208
183,184,109,803
184,182,109,730
182,183,109,110
185,183,110,802
182,185,110,111
186,185,111,729
182,186,111,112
187,186,112,728
182,187,112,113
188,187,113,727
182,188,113,209
189,190,114,800
190,191,114,726
191,189,114,115
192,189,115,725
191,192,115,116
193,192,116,724
191,193,116,211
194,195,117,723
195,193,117,724
193,194,117,118
196,194,118,722
193,196,118,212
197,198,119,720
198,199,119,721
199,197,119,213
200,201,120,719
201,197,120,720
197,200,120,121
202,200,121,718
197,202,121,122
203,202,122,717
197,203,122,213
204,205,123,716
205,203,123,717
203,204,123,214
206,207,124,715
207,204,124,716
204,206,124,214
208,209,125,713
209,210,125,714
210,208,125,126
211,208,126,712
210,211,126,127
212,211,127,711
210,212,127,244
213,214,128,793
214,215,128,710
215,213,128,129
216,213,129,709
215,216,129,130
217,216,130,708
215,217,130,131
218,217,131,707
215,218,131,132
219,218,132,706
215,219,132,215
220,221,133,792
221,222,133,705
222,220,133,134
223,220,134,704
222,223,134,135
224,223,135,704
222,224,135,136
225,224,136,703
222,225,136,137
226,225,137,702
222,226,137,138
227,226,138,702
222,227,138,139
228,227,139,791
222,228,139,140
229,228,140,701
222,229,140,141
230,229,141,701
222,230,141,142
231,230,142,700
222,231,142,143
232,231,143,699
222,232,143,144
233,232,144,698
222,233,144,145
234,233,145,697
222,234,145,216
235,236,146,790
236,234,146,697
234,235,146,147
237,235,147,789
234,237,147,148
238,237,148,696
234,238,148,149
239,238,149,696
234,239,149,150
240,239,150,695
234,240,150,151
241,240,151,694
234,241,151,217
242,243,152,692
243,244,152,693
244,242,152,153
245,242,153,692
244,245,153,154
246,245,154,691
244,246,154,219
2,247,155,690
247,246,155,691
246,2,155,156
246,6,156,157
246,7,157,158
246,9,158,159
246,11,159,160
15,11,160,912
246,15,160,161
246,13,161,162
246,18,162,163
248,18,163,907
246,248,163,164
21,248,164,906
246,21,164,220
24,19,165,903
19,22,165,166
19,25,166,167
19,27,167,222
27,34,168,223
34,37,169,170
41,37,170,890
34,41,170,171
34,39,171,172
249,39,172,888
34,249,172,173
250,249,173,887
34,250,173,224
50,55,174,175
50,57,175,176
50,59,176,246
59,66,177,178
59,67,178,179
71,67,179,869
59,71,179,238
69,74,180,181
69,78,181,182
69,81,182,183
69,82,183,184
69,87,184,185
69,90,185,186
69,93,186,187
96,93,187,1317
69,96,187,188
69,97,188,189
69,100,189,225
116,123,190,191
116,126,191,192
116,127,192,193
251,127,193,1295
116,251,193,227
132,135,194,228
139,140,195,196
139,142,196,197
146,142,197,1285
139,146,197,198
139,144,198,199
139,147,199,200
139,149,200,201
153,149,201,1281
139,153,201,202
139,151,202,203
139,154,203,204
139,156,204,230
164,175,205,206
164,176,206,207
252,176,207,733
164,252,207,231
180,252,208,732
252,182,208,209
252,188,209,210
191,188,210,726
252,191,210,211
252,193,211,212
252,196,212,232
199,203,213,234
203,206,214,235
215,212,215,710
212,219,215,237
222,219,216,705
219,234,216,217
219,241,217,218
244,241,218,693
219,244,218,219
219,246,219,220
219,21,220,221
219,19,221,222
219,27,222,223
219,34,223,224
219,250,224,237
71,100,225,226
71,106,226,238
116,253,227,1301
253,251,227,239
131,135,228,229
254,135,229,2471
131,254,229,240
139,254,230,2470
254,156,230,240
164,255,231,2646
255,252,231,232
255,196,232,233
199,196,233,721
255,199,233,234
255,203,234,235
255,206,235,236
210,206,236,714
255,210,236,251
212,250,237,244
59,106,238,246
253,256,239,1302
256,251,239,255
131,156,240,241
131,161,241,242
257,161,242,2647
131,257,242,243
255,257,243,2646
131,255,243,250
210,250,244,245
44,250,245,886
210,44,245,252
50,106,246,247
50,107,247,248
50,113,248,249
256,113,249,1303
50,256,249,254
131,251,250,1294
251,255,250,251
251,210,251,252
251,44,252,253
251,46,253,255
46,256,254,255
258,259,256,354
259,260,256,-1
260,258,256,257
261,258,257,-1
260,261,257,258
262,261,258,2203
260,262,258,259
263,262,259,2202
260,263,259,260
264,263,260,2201
260,264,260,288
265,266,261,2200
266,264,261,2201
264,265,261,288
267,268,262,2198
268,265,262,2199
265,267,262,289
269,270,263,2196
270,271,263,2197
271,269,263,290
272,273,264,2195
273,269,264,2196
269,272,264,265
274,272,265,2194
269,274,265,291
275,276,266,2192
276,277,266,2193
277,275,266,267
278,275,267,2191
277,278,267,268
279,278,268,2190
277,279,268,292
280,281,269,2188
281,282,269,2189
282,280,269,270
283,280,270,2187
282,283,270,293
284,285,271,2185
285,286,271,2186
286,284,271,272
287,284,272,2184
286,287,272,273
288,287,273,2183
286,288,273,294
289,290,274,2181
290,291,274,2182
291,289,274,295
292,293,275,2180
293,289,275,2181
289,292,275,276
294,292,276,2179
289,294,276,295
295,296,277,2177
296,297,277,2178
297,295,277,278
298,295,278,2176
297,298,278,296
299,300,279,2174
300,301,279,2175
301,299,279,297
302,303,280,2172
303,299,280,2173
299,302,280,309
304,305,281,2171
305,302,281,2172
302,304,281,282
306,304,282,2170
302,306,282,310
307,308,283,2045
308,306,283,2169
306,307,283,284
309,307,284,2044
306,309,284,298
310,311,285,2043
311,309,285,2044
309,310,285,298
312,313,286,2083
313,314,286,2042
314,312,286,287
260,312,287,-1
314,260,287,300
260,265,288,289
260,267,289,301
271,267,290,2197
267,269,290,291
267,274,291,301
277,274,292,2193
274,279,292,302
282,279,293,2189
279,283,293,303
286,283,294,2186
283,288,294,304
291,294,295,306
297,294,296,2178
294,298,296,307
301,298,297,2175
298,299,297,308
306,310,298,299
314,310,299,2042
306,314,299,300
306,260,300,310
260,274,301,302
260,279,302,303
260,283,303,304
260,288,304,305
291,288,305,2182
260,291,305,306
260,294,306,307
260,298,307,308
260,299,308,309
260,302,309,310
315,316,311,477
316,259,311,-1
259,315,311,312
317,315,312,476
259,317,312,313
318,317,313,476
259,318,313,314
319,318,314,475
259,319,314,315
320,319,315,475
259,320,315,316
321,320,316,474
259,321,316,317
322,321,317,473
259,322,317,318
323,322,318,472
259,323,318,319
324,323,319,471
259,324,319,320
325,324,320,470
259,325,320,321
326,325,321,469
259,326,321,322
327,326,322,468
259,327,322,323
328,327,323,467
259,328,323,324
329,328,324,467
259,329,324,325
330,329,325,508
259,330,325,326
331,330,326,466
259,331,326,327
332,331,327,465
259,332,327,355
333,334,328,464
334,332,328,465
332,333,328,355
335,336,329,463
336,333,329,464
333,335,329,356
337,338,330,462
338,335,330,463
335,337,330,357
339,340,331,461
340,337,331,462
337,339,331,332
341,339,332,460
337,341,332,333
342,341,333,459
337,342,333,334
343,342,334,458
337,343,334,358
344,345,335,456
345,343,335,457
343,344,335,359
346,347,336,454
347,348,336,455
348,346,336,337
349,346,337,453
348,349,337,338
350,349,338,453
348,350,338,339
351,350,339,452
348,351,339,340
352,351,340,452
348,352,340,341
353,352,341,451
348,353,341,342
354,353,342,450
348,354,342,343
355,354,343,449
348,355,343,360
356,357,344,447
357,355,344,448
355,356,344,345
358,356,345,446
355,358,345,361
359,360,346,443
360,361,346,444
361,359,346,367
362,363,347,442
363,359,347,443
359,362,347,348
364,362,348,441
359,364,348,362
365,366,349,439
366,364,349,440
364,365,349,350
367,365,350,438
364,367,350,351
368,367,351,437
364,368,351,352
369,368,352,436
364,369,352,362
258,370,353,-1
370,371,353,434
371,258,353,354
371,259,354,363
259,333,355,356
259,335,356,357
259,337,357,358
259,343,358,359
259,344,359,364
348,344,360,455
344,355,360,361
344,358,361,364
359,369,362,368
371,369,363,435
369,259,363,368
259,358,364,365
372,358,365,445
259,372,365,366
361,372,366,444
259,361,366,367
259,359,367,368
373,374,369,574
374,316,369,-1
316,373,369,370
375,373,370,573
316,375,370,371
376,375,371,573
316,376,371,372
377,376,372,572
316,377,372,373
378,377,373,571
316,378,373,374
379,378,374,571
316,379,374,375
380,379,375,570
316,380,375,376
381,380,376,570
316,381,376,377
382,381,377,591
316,382,377,378
383,382,378,569
316,383,378,379
384,383,379,1588
316,384,379,380
385,384,380,1596
316,385,380,478
386,387,381,1595
387,385,381,1596
385,386,381,382
388,386,382,1594
385,388,382,479
389,390,383,1593
390,388,383,1594
388,389,383,480
391,392,384,1621
392,389,384,1592
389,391,384,480
393,394,385,563
394,395,385,1619
395,393,385,386
396,393,386,562
395,396,386,387
397,396,387,561
395,397,387,388
398,397,388,1643
395,398,388,482
399,400,389,1649
400,401,389,1650
401,399,389,390
402,399,390,557
401,402,390,485
403,404,391,556
404,402,391,557
402,403,391,485
405,406,392,554
406,407,392,555
407,405,392,486
408,409,393,553
409,405,393,554
405,408,393,487
410,411,394,550
411,412,394,551
412,410,394,395
413,410,395,1934
412,413,395,396
414,413,396,1936
412,414,396,488
415,416,397,1952
416,417,397,1940
417,415,397,489
418,419,398,1967
419,415,398,1951
415,418,398,399
420,418,399,1977
415,420,399,489
421,422,400,2038
422,420,400,1966
420,421,400,401
423,421,401,2037
420,423,401,518
424,425,402,2035
425,423,402,2036
423,424,402,490
426,427,403,2027
427,424,403,2034
424,426,403,404
428,426,404,2100
424,428,404,405
429,428,405,2127
424,429,405,406
430,429,406,2156
424,430,406,407
431,430,407,2155
424,431,407,490
432,433,408,2154
433,431,408,2155
431,432,408,491
434,435,409,2153
435,432,409,2154
432,434,409,410
436,434,410,2152
432,436,410,411
437,436,411,2151
432,437,411,492
438,439,412,2390
439,437,412,2150
437,438,412,413
440,438,413,2389
437,440,413,493
441,442,414,2316
442,440,414,2317
440,441,414,494
443,444,415,2365
444,445,415,2354
445,443,415,416
446,443,416,2353
445,446,416,417
447,446,417,2424
445,447,417,496
448,449,418,2467
449,447,418,2427
447,448,418,521
450,451,419,2517
451,448,419,2466
448,450,419,420
452,450,420,2531
448,452,420,527
453,454,421,2537
454,455,421,2530
455,453,421,422
456,453,422,2529
455,456,422,423
457,456,423,2528
455,457,423,497
458,459,424,2527
459,457,424,2528
457,458,424,425
460,458,425,2526
457,460,425,498
461,462,426,2558
462,463,426,2602
463,461,426,427
464,461,427,2557
463,464,427,428
465,464,428,2343
463,465,428,499
466,467,429,2342
467,465,429,2343
465,466,429,430
468,466,430,2341
465,468,430,500
469,470,431,2339
470,471,431,2340
471,469,431,432
472,469,432,2338
471,472,432,433
370,472,433,-1
471,370,433,434
471,371,434,435
471,369,435,436
471,368,436,437
471,367,437,438
471,365,438,439
471,366,439,440
471,364,440,441
471,362,441,442
471,363,442,501
363,360,443,502
360,372,444,445
360,358,445,446
360,356,446,447
360,357,447,448
360,355,448,449
360,354,449,450
360,353,450,451
360,352,451,526
352,350,452,503
350,346,453,454
350,347,454,503
347,344,455,456
347,345,456,457
347,343,457,458
347,342,458,459
347,341,459,460
347,339,460,461
347,340,461,504
340,338,462,504
338,336,463,505
336,334,464,506
334,331,465,466
334,330,466,507
329,327,467,468
329,326,468,469
329,325,469,470
329,324,470,471
329,323,471,472
329,322,472,473
329,321,473,474
329,320,474,509
320,318,475,510
318,315,476,477
318,316,477,478
318,385,478,479
318,388,479,511
388,391,480,481
395,391,481,1620
388,395,481,482
388,398,482,483
473,398,483,1652
388,473,483,484
401,473,484,1651
388,401,484,512
401,403,485,513
407,403,486,555
403,405,486,487
403,408,487,514
412,408,488,552
408,414,488,515
417,420,489,517
423,431,490,491
423,432,491,492
423,437,492,493
423,440,493,494
423,441,494,495
474,441,495,2316
423,474,495,519
445,474,496,2354
474,447,496,520
455,452,497,2530
452,457,497,498
452,460,498,525
463,475,499,2603
475,465,499,500
475,468,500,522
471,468,501,2341
468,363,501,502
468,360,502,523
352,347,503,524
347,338,504,505
347,336,505,506
347,334,506,507
347,330,507,508
347,329,508,509
347,320,509,510
347,318,510,511
347,388,511,512
347,401,512,513
347,403,513,514
347,408,514,515
347,414,515,516
417,414,516,1940
347,417,516,517
347,420,517,518
347,423,518,519
347,474,519,520
347,447,520,521
347,448,521,524
475,460,522,2604
460,468,522,523
460,360,523,525
352,448,524,526
452,360,525,527
360,448,526,527
476,477,528,630
477,374,528,-1
374,476,528,574
478,479,529,1493
479,476,529,1494
476,478,529,575
480,481,530,1491
481,478,530,1492
478,480,530,531
482,480,531,1490
478,482,531,576
483,484,532,629
484,482,532,1489
482,483,532,577
485,486,533,640
486,483,533,629
483,485,533,534
487,485,534,628
483,487,534,535
488,487,535,627
483,488,535,536
489,488,536,626
483,489,536,537
490,489,537,625
483,490,537,578
491,492,538,624
492,490,538,625
490,491,538,539
493,491,539,623
490,493,539,579
494,495,540,622
495,493,540,623
493,494,540,541
496,494,541,621
493,496,541,579
497,498,542,620
498,496,542,621
496,497,542,580
499,500,543,619
500,497,543,620
497,499,543,544
501,499,544,1803
497,501,544,545
502,501,545,1810
497,502,545,581
503,504,546,1809
504,502,546,1810
502,503,546,582
505,506,547,1820
506,507,547,1807
507,505,547,548
508,505,548,1819
507,508,548,584
410,509,549,1929
509,508,549,1819
508,410,549,550
508,411,550,551
508,412,551,552
508,408,552,553
508,409,553,584
409,406,554,585
406,403,555,556
406,404,556,586
404,399,557,558
510,399,558,1648
404,510,558,587
511,512,559,1655
512,513,559,1656
513,511,559,598
397,514,560,1643
514,515,560,1654
515,397,560,561
515,396,561,562
515,393,562,563
515,394,563,564
516,394,564,1618
515,516,564,565
517,516,565,1617
515,517,565,588
518,519,566,1616
519,517,566,1617
517,518,566,589
520,521,567,1590
521,518,567,1616
518,520,567,568
522,520,568,1589
518,522,568,589
383,522,569,1588
522,382,569,590
381,379,570,592
379,377,571,572
379,376,572,593
376,373,573,594
373,476,574,575
373,478,575,576
373,482,576,577
373,483,577,578
373,490,578,595
490,496,579,580
490,497,580,581
490,502,581,582
490,503,582,583
507,503,583,1808
490,507,583,596
507,409,584,585
507,406,585,586
507,404,586,587
507,510,587,596
515,511,588,1654
511,517,588,599
517,522,589,590
517,382,590,591
517,381,591,592
517,379,592,593
517,376,593,594
517,373,594,595
517,490,595,599
490,510,596,597
513,510,597,1647
490,513,597,598
490,511,598,599
523,524,600,674
524,477,600,-1
477,523,600,601
525,523,601,1434
477,525,601,631
526,527,602,1473
527,528,602,1466
528,526,602,642
529,530,603,1465
530,526,603,1477
526,529,603,647
531,532,604,1463
532,533,604,1464
533,531,604,633
534,535,605,1462
535,531,605,1463
531,534,605,606
536,534,606,1461
531,536,606,607
537,536,607,1460
531,537,607,608
538,537,608,1459
531,538,608,633
539,540,609,1457
540,541,609,1458
541,539,609,610
542,539,610,1456
541,542,610,648
543,544,611,1453
544,545,611,1454
545,543,611,612
546,543,612,1452
545,546,612,634
547,548,613,1451
548,546,613,1452
546,547,613,614
549,547,614,1451
546,549,614,615
550,549,615,1450
546,550,615,635
551,552,616,1449
552,550,616,1450
550,551,616,636
553,554,617,1805
554,551,617,1793
551,553,617,618
555,553,618,1804
551,555,618,636
499,555,619,1803
555,500,619,637
500,498,620,638
498,494,621,622
498,495,622,639
495,491,623,624
495,492,624,645
492,489,625,626
492,488,626,627
492,487,627,628
492,485,628,652
486,484,629,640
476,556,630,1487
556,477,630,631
556,525,631,632
528,525,632,1466
556,528,632,641
533,538,633,654
545,557,634,1454
557,546,634,635
557,550,635,643
550,555,636,637
550,500,637,638
550,498,638,639
550,495,639,644
485,484,640,653
556,558,641,1487
558,528,641,642
558,526,642,646
557,542,643,1455
542,550,643,644
542,495,644,645
542,492,645,648
558,559,646,1488
559,526,646,647
559,529,647,649
541,492,648,651
559,484,649,1489
484,529,649,650
533,529,650,1464
484,533,650,653
541,538,651,1458
538,492,651,652
538,485,652,654
485,533,653,654
560,561,655,783
561,524,655,-1
524,560,655,656
562,560,656,782
524,562,656,675
563,564,657,779
564,565,657,780
565,563,657,677
566,567,658,777
567,568,658,778
568,566,658,659
569,566,659,776
568,569,659,660
570,569,660,775
568,570,660,678
571,572,661,817
572,573,661,774
573,571,661,662
574,571,662,773
573,574,662,663
575,574,663,772
573,575,663,679
576,577,664,1444
577,575,664,1634
575,576,664,679
578,579,665,1483
579,580,665,1443
580,578,665,666
581,578,666,1442
580,581,666,667
582,581,667,1441
580,582,667,668
583,582,668,1440
580,583,668,681
584,585,669,1438
585,586,669,1439
586,584,669,683
587,588,670,1508
588,584,670,1438
584,587,670,684
589,590,671,1507
590,587,671,1508
587,589,671,672
591,589,672,1506
587,591,672,684
592,593,673,1436
593,591,673,1505
591,592,673,685
523,594,674,1434
594,524,674,675
594,562,675,676
565,562,676,781
594,565,676,677
594,563,677,687
568,563,678,778
563,570,678,688
573,576,679,680
580,576,680,1443
573,580,680,681
573,583,681,682
586,583,682,1439
573,586,682,683
573,584,683,689
584,591,684,685
584,592,685,686
594,592,686,1435
584,594,686,687
584,563,687,688
584,570,688,689
573,570,689,774
2,561,690,-1
561,247,690,784
247,245,691,785
245,243,692,786
243,241,693,694
243,240,694,695
243,239,695,787
239,237,696,788
236,233,697,698
236,232,698,699
236,231,699,700
236,230,700,790
230,228,701,820
227,225,702,703
227,224,703,791
224,220,704,827
221,219,705,706
221,218,706,707
221,217,707,708
221,216,708,709
221,213,709,792
214,212,710,711
214,211,711,712
214,208,712,713
214,209,713,794
209,206,714,715
209,207,715,794
207,205,716,795
205,202,717,718
205,200,718,719
205,201,719,796
201,198,720,797
198,196,721,722
198,194,722,723
198,195,723,798
195,192,724,725
195,189,725,799
190,188,726,727
190,187,727,728
190,186,728,729
190,185,729,801
184,181,730,804
181,179,731,804
179,252,732,733
179,176,733,734
179,177,734,805
177,174,735,806
174,172,736,737
174,171,737,807
170,167,738,739
595,167,739,-1
170,595,739,740
596,595,740,1690
170,596,740,741
597,596,741,1689
170,597,741,742
598,597,742,1688
170,598,742,743
599,598,743,1688
170,599,743,744
600,599,744,1687
170,600,744,745
601,600,745,1687
170,601,745,746
602,601,746,1686
170,602,746,747
603,602,747,1685
170,603,747,748
604,603,748,1684
170,604,748,749
605,604,749,1683
170,605,749,750
606,605,750,1682
170,606,750,808
607,608,751,1681
608,606,751,1682
606,607,751,809
609,610,752,1740
610,607,752,1681
607,609,752,753
611,609,753,1680
607,611,753,810
612,613,754,1765
613,614,754,1679
614,612,754,755
615,612,755,1678
614,615,755,756
616,615,756,1677
614,616,756,757
617,616,757,1676
614,617,757,758
618,617,758,1675
614,618,758,812
619,620,759,1673
620,618,759,1674
618,619,759,813
621,622,760,1669
622,623,760,1670
623,621,760,761
624,621,761,1668
623,624,761,814
625,626,762,1666
626,627,762,1667
627,625,762,763
628,625,763,1836
627,628,763,815
629,630,764,1664
630,631,764,1835
631,629,764,765
632,629,765,1759
631,632,765,766
633,632,766,1663
631,633,766,767
634,633,767,1662
631,634,767,768
635,634,768,1662
631,635,768,769
636,635,769,1661
631,636,769,770
637,636,770,1636
631,637,770,771
575,637,771,1635
631,575,771,772
631,574,772,773
631,571,773,816
572,570,774,775
572,569,775,776
572,566,776,777
572,567,777,817
567,563,778,779
567,564,779,780
567,565,780,781
567,562,781,782
567,560,782,783
567,561,783,784
567,247,784,785
567,245,785,786
567,243,786,787
567,239,787,788
567,237,788,789
567,235,789,818
235,230,790,819
228,224,791,821
220,213,792,793
220,214,793,822
214,207,794,795
214,205,795,796
214,201,796,797
214,198,797,798
214,195,798,799
214,189,799,800
214,190,800,801
214,185,801,802
214,183,802,803
214,184,803,822
184,179,804,805
184,177,805,806
184,174,806,807
184,171,807,823
171,606,808,809
171,607,809,810
171,611,810,811
614,611,811,1679
171,614,811,812
171,618,812,813
171,619,813,823
623,638,814,1670
638,624,814,829
627,624,815,1667
624,628,815,830
631,628,816,1835
628,571,816,826
571,567,817,818
571,235,818,819
571,230,819,820
571,228,820,821
571,224,821,826
220,184,822,828
184,619,823,824
639,619,824,1672
184,639,824,825
638,639,825,1671
184,638,825,828
628,224,826,827
628,220,827,830
220,638,828,829
220,624,829,830
640,641,831,1045
641,1,831,-1
1,640,831,832
642,640,832,1044
1,642,832,833
643,642,833,1043
1,643,833,834
644,643,834,1042
1,644,834,835
645,644,835,1041
1,645,835,919
646,647,836,1040
647,645,836,1041
645,646,836,920
648,649,837,1039
649,646,837,1040
646,648,837,921
650,651,838,1038
651,648,838,1039
648,650,838,922
652,653,839,1037
653,650,839,1038
650,652,839,923
654,655,840,1036
655,652,840,1037
652,654,840,841
656,654,841,1035
652,656,841,924
657,658,842,1034
658,656,842,1035
656,657,842,843
659,657,843,1034
656,659,843,844
660,659,844,1033
656,660,844,845
661,660,845,1032
656,661,845,925
662,663,846,1031
663,661,846,1032
661,662,846,847
664,662,847,1030
661,664,847,926
665,666,848,1029
666,664,848,1030
664,665,848,849
667,665,849,1028
664,667,849,850
668,667,850,1027
664,668,850,927
669,670,851,1075
670,671,851,1024
671,669,851,852
672,669,852,1023
671,672,852,928
673,674,853,1073
674,672,853,1023
672,673,853,854
675,673,854,1022
672,675,854,929
676,677,855,1021
677,675,855,1022
675,676,855,964
678,679,856,1020
679,676,856,1021
676,678,856,857
680,678,857,1019
676,680,857,965
681,682,858,1017
682,683,858,1018
683,681,858,930
684,685,859,1090
685,681,859,1017
681,684,859,860
686,684,860,1016
681,686,860,861
687,686,861,1016
681,687,861,862
688,687,862,1015
681,688,862,863
689,688,863,1628
681,689,863,930
690,691,864,1327
691,689,864,1627
689,690,864,865
692,690,865,1630
689,692,865,931
77,75,866,933
75,73,867,934
73,70,868,935
70,67,869,870
70,68,870,936
68,65,871,937
65,64,872,873
693,64,873,1839
65,693,873,938
694,695,874,1844
695,693,874,1845
693,694,874,939
696,697,875,1842
697,694,875,1843
694,696,875,940
60,698,876,1943
698,696,876,1842
696,60,876,877
696,57,877,878
696,58,878,879
696,55,879,880
696,56,880,941
56,53,881,882
56,51,882,960
52,49,883,884
52,47,884,942
48,45,885,944
43,250,886,887
43,249,887,888
43,39,888,889
43,40,889,947
40,37,890,891
40,38,891,948
38,36,892,949
36,33,893,894
36,31,894,895
36,32,895,949
32,30,896,897
32,27,897,898
32,28,898,899
32,25,899,900
32,26,900,901
32,22,901,902
32,23,902,950
23,19,903,904
23,20,904,905
23,21,905,906
23,248,906,907
23,18,907,908
23,16,908,909
23,17,909,910
23,13,910,911
23,14,911,950
14,11,912,913
14,12,913,951
12,10,914,952
10,8,915,953
8,5,916,954
5,3,917,955
3,1,918,919
3,645,919,920
3,646,920,921
3,648,921,922
3,650,922,923
3,652,923,924
3,656,924,925
3,661,925,926
3,664,926,927
3,668,927,956
671,699,928,1024
699,672,928,929
699,675,929,958
683,689,930,931
683,692,931,932
77,692,932,1632
683,77,932,933
683,75,933,934
683,73,934,935
683,70,935,936
683,68,936,937
683,65,937,938
683,693,938,939
683,694,939,940
683,696,940,941
683,56,941,959
51,47,942,943
51,48,943,944
51,45,944,945
51,42,945,946
51,43,946,947
51,40,947,948
51,38,948,961
38,32,949,961
32,14,950,951
32,12,951,952
32,10,952,953
32,8,953,954
32,5,954,955
32,3,955,956
32,668,956,957
700,668,957,1026
32,700,957,962
699,700,958,1025
700,675,958,963
683,680,959,1018
680,56,959,960
680,51,960,965
51,32,961,962
51,700,962,963
51,675,963,964
51,676,964,965
701,702,966,1149
702,641,966,-1
641,701,966,967
703,701,967,1148
641,703,967,968
704,703,968,1147
641,704,968,1046
705,706,969,1169
706,704,969,1147
704,705,969,970
707,705,970,1146
704,707,970,971
708,707,971,1145
704,708,971,1047
709,710,972,1144
710,708,972,1145
708,709,972,1048
711,712,973,1143
712,709,973,1144
709,711,973,1049
713,714,974,1142
714,711,974,1143
711,713,974,975
715,713,975,1141
711,715,975,1050
716,717,976,1140
717,715,976,1141
715,716,976,1051
718,719,977,1138
719,720,977,1139
720,718,977,978
721,718,978,1137
720,721,978,1053
722,723,979,1164
723,721,979,1137
721,722,979,980
724,722,980,1163
721,724,980,981
725,724,981,1136
721,725,981,1054
726,727,982,1162
727,728,982,1133
728,726,982,983
729,726,983,1161
728,729,983,984
730,729,984,1132
728,730,984,985
731,730,985,1131
728,731,985,986
732,731,986,1130
728,732,986,1056
733,734,987,1129
734,732,987,1130
732,733,987,1057
735,736,988,1127
736,737,988,1128
737,735,988,989
738,735,989,1126
737,738,989,1058
739,740,990,1122
740,741,990,1123
741,739,990,1059
742,743,991,1121
743,739,991,1122
739,742,991,1060
744,745,992,1172
745,746,992,1120
746,744,992,993
747,744,993,1119
746,747,993,994
748,747,994,1118
746,748,994,995
749,748,995,1117
746,749,995,1061
750,751,996,1116
751,749,996,1117
749,750,996,1062
752,753,997,1114
753,754,997,1115
754,752,997,998
755,752,998,1113
754,755,998,1087
756,757,999,1155
757,758,999,1112
758,756,999,1000
759,756,1000,1111
758,759,1000,1001
760,759,1001,1111
758,760,1001,1002
761,760,1002,-1
758,761,1002,1003
762,761,1003,1208
758,762,1003,1004
763,762,1004,1504
758,763,1004,1005
764,763,1005,1503
758,764,1005,1063
765,766,1006,1520
766,764,1006,1502
764,765,1006,1007
767,765,1007,1532
764,767,1007,1064
768,769,1008,1535
769,767,1008,1531
767,768,1008,1065
770,771,1009,1537
771,768,1009,1538
768,770,1009,1066
772,773,1010,1546
773,770,1010,1537
770,772,1010,1011
774,772,1011,1545
770,774,1011,1012
775,774,1012,1580
770,775,1012,1066
776,777,1013,1585
777,775,1013,1586
775,776,1013,1067
688,778,1014,1629
778,779,1014,1584
779,688,1014,1015
779,687,1015,1068
687,684,1016,1069
685,682,1017,1070
682,680,1018,1019
682,678,1019,1020
682,679,1020,1070
679,677,1021,1071
677,673,1022,1072
674,669,1023,1074
670,699,1024,1025
670,700,1025,1026
670,668,1026,1027
670,667,1027,1028
670,665,1028,1029
670,666,1029,1076
666,662,1030,1031
666,663,1031,1077
663,660,1032,1033
663,659,1033,1078
659,658,1034,1079
658,654,1035,1036
658,655,1036,1094
655,653,1037,1080
653,651,1038,1080
651,649,1039,1081
649,647,1040,1082
647,644,1041,1042
647,643,1042,1043
647,642,1043,1044
647,640,1044,1045
647,641,1045,1046
647,704,1046,1047
647,708,1047,1048
647,709,1048,1049
647,711,1049,1050
647,715,1050,1051
647,716,1051,1052
720,716,1052,1139
647,720,1052,1053
647,721,1053,1054
647,725,1054,1055
780,725,1055,1135
647,780,1055,1082
728,781,1056,1133
781,732,1056,1057
781,733,1057,1083
737,733,1058,1128
733,738,1058,1084
741,782,1059,1123
782,739,1059,1060
782,742,1060,1085
746,742,1061,1120
742,749,1061,1062
742,750,1062,1086
758,755,1063,1112
755,764,1063,1064
755,767,1064,1065
755,768,1065,1087
768,775,1066,1067
768,776,1067,1088
779,776,1068,1585
776,687,1068,1069
776,684,1069,1089
685,679,1070,1071
685,677,1071,1072
685,673,1072,1073
685,674,1073,1074
685,669,1074,1075
685,670,1075,1076
685,666,1076,1077
685,663,1077,1078
685,659,1078,1079
685,658,1079,1096
655,651,1080,1081
655,649,1081,1091
649,780,1082,1091
781,780,1083,1134
780,733,1083,1084
780,738,1084,1097
782,783,1085,1124
783,742,1085,1086
783,750,1086,1092
754,768,1087,1088
754,776,1088,1089
754,684,1089,1090
754,685,1090,1093
655,780,1091,1094
783,738,1092,1125
738,750,1092,1095
754,750,1093,1115
750,685,1093,1095
658,780,1094,1096
738,685,1095,1097
685,780,1096,1097
784,785,1098,1194
785,702,1098,-1
702,784,1098,1099
786,784,1099,1193
702,786,1099,1100
787,786,1100,1192
702,787,1100,1101
788,787,1101,1191
702,788,1101,1150
789,790,1102,1190
790,788,1102,1191
788,789,1102,1151
791,792,1103,1189
792,789,1103,1190
789,791,1103,1151
793,794,1104,1188
794,791,1104,1189
791,793,1104,1179
795,796,1105,1196
796,797,1105,1186
797,795,1105,1106
798,795,1106,1185
797,798,1106,1107
799,798,1107,1185
797,799,1107,1152
800,801,1108,1183
801,799,1108,1184
799,800,1108,1109
802,800,1109,1182
799,802,1109,1153
760,803,1110,-1
803,802,1110,1181
802,760,1110,1153
760,756,1111,1154
757,755,1112,1113
757,752,1113,1114
757,753,1114,1156
753,750,1115,1116
753,751,1116,1157
751,748,1117,1118
751,747,1118,1119
751,744,1119,1157
745,742,1120,1121
745,743,1121,1173
743,740,1122,1158
740,782,1123,1124
740,783,1124,1125
740,738,1125,1126
740,735,1126,1127
740,736,1127,1158
736,733,1128,1129
736,734,1129,1159
734,731,1130,1131
734,730,1131,1132
734,729,1132,1160
727,781,1133,1134
727,780,1134,1135
727,725,1135,1136
727,724,1136,1162
723,718,1137,1138
723,719,1138,1164
719,716,1139,1140
719,717,1140,1165
717,713,1141,1142
717,714,1142,1166
714,712,1143,1167
712,710,1144,1167
710,707,1145,1146
710,705,1146,1168
706,703,1147,1148
706,701,1148,1149
706,702,1149,1150
706,788,1150,1169
788,791,1151,1178
797,804,1152,1186
804,799,1152,1170
799,760,1153,1154
799,756,1154,1155
799,757,1155,1156
799,753,1156,1171
753,744,1157,1171
743,736,1158,1159
743,734,1159,1160
743,729,1160,1161
743,726,1161,1174
726,724,1162,1163
726,722,1163,1174
722,719,1164,1165
722,717,1165,1166
722,714,1166,1175
714,710,1167,1168
714,705,1168,1176
705,788,1169,1177
804,793,1170,1187
793,799,1170,1180
799,744,1171,1172
799,745,1172,1173
799,743,1173,1180
743,722,1174,1175
743,714,1175,1176
743,705,1176,1177
743,788,1177,1178
743,791,1178,1179
743,793,1179,1180
803,785,1181,-1
785,802,1181,1182
785,800,1182,1183
785,801,1183,1184
785,799,1184,1195
799,795,1185,1195
796,804,1186,1187
796,793,1187,1188
796,794,1188,1197
794,792,1189,1198
792,790,1190,1199
790,787,1191,1192
790,786,1192,1193
790,784,1193,1194
790,785,1194,1199
785,795,1195,1196
785,796,1196,1197
785,794,1197,1198
785,792,1198,1199
805,806,1200,1218
806,761,1200,-1
761,805,1200,1201
807,805,1201,1217
761,807,1201,1202
808,807,1202,1216
761,808,1202,1203
809,808,1203,1215
761,809,1203,1209
810,811,1204,1498
811,809,1204,1513
809,810,1204,1205
812,810,1205,1497
809,812,1205,1206
813,812,1206,1496
809,813,1206,1207
814,813,1207,1495
809,814,1207,1209
762,814,1208,1495
814,761,1208,1209
815,816,1210,1247
816,806,1210,-1
806,815,1210,1211
817,815,1211,1246
806,817,1211,1212
818,817,1212,1246
806,818,1212,1218
819,820,1213,1514
820,818,1213,1245
818,819,1213,1214
809,819,1214,1514
818,809,1214,1215
818,808,1215,1216
818,807,1216,1217
818,805,1217,1218
821,822,1219,1340
822,816,1219,-1
816,821,1219,1248
823,824,1220,1339
824,821,1220,1340
821,823,1220,1249
825,826,1221,1338
826,823,1221,1339
823,825,1221,1250
827,828,1222,1337
828,825,1222,1338
825,827,1222,1251
829,830,1223,1372
830,827,1223,1337
827,829,1223,1224
831,829,1224,1336
827,831,1224,1225
832,831,1225,1336
827,832,1225,1226
833,832,1226,1385
827,833,1226,1227
834,833,1227,1335
827,834,1227,1228
835,834,1228,1334
827,835,1228,1229
836,835,1229,1333
827,836,1229,1230
837,836,1230,1333
827,837,1230,1231
838,837,1231,1370
827,838,1231,1232
839,838,1232,1332
827,839,1232,1233
840,839,1233,1600
827,840,1233,1234
841,840,1234,1600
827,841,1234,1235
842,841,1235,1599
827,842,1235,1236
843,842,1236,1599
827,843,1236,1237
844,843,1237,1557
827,844,1237,1238
845,844,1238,1556
827,845,1238,1239
846,845,1239,1555
827,846,1239,1240
847,846,1240,1554
827,847,1240,1241
848,847,1241,1525
827,848,1241,1242
849,848,1242,1524
827,849,1242,1252
850,851,1243,1523
851,849,1243,1524
849,850,1243,1244
852,850,1244,1517
849,852,1244,1252
820,853,1245,1515
853,818,1245,1254
818,815,1246,1247
818,816,1247,1248
818,821,1248,1249
818,823,1249,1250
818,825,1250,1251
818,827,1251,1254
827,852,1252,1253
853,852,1253,1516
827,853,1253,1254
854,855,1255,1431
855,822,1255,-1
822,854,1255,1256
856,854,1256,1430
822,856,1256,1257
857,856,1257,1430
822,857,1257,1258
858,857,1258,1429
822,858,1258,1259
859,858,1259,1429
822,859,1259,1260
860,859,1260,1428
822,860,1260,1261
861,860,1261,1428
822,861,1261,1341
862,863,1262,1426
863,861,1262,1427
861,862,1262,1342
864,865,1263,1422
865,866,1263,1423
866,864,1263,1387
867,868,1264,1420
868,864,1264,1421
864,867,1264,1375
869,870,1265,1418
870,867,1265,1419
867,869,1265,1344
871,872,1266,1416
872,869,1266,1417
869,871,1266,1344
873,874,1267,1414
874,871,1267,1415
871,873,1267,1345
875,876,1268,1412
876,873,1268,1413
873,875,1268,1346
877,878,1269,1410
878,875,1269,1411
875,877,1269,1270
879,877,1270,1409
875,879,1270,1347
880,881,1271,1407
881,879,1271,1408
879,880,1271,1348
882,883,1272,1405
883,880,1272,1406
880,882,1272,1349
884,885,1273,1403
885,882,1273,1404
882,884,1273,1350
886,887,1274,1401
887,884,1274,1402
884,886,1274,1351
888,889,1275,-1
889,886,1275,1400
886,888,1275,1276
890,888,1276,-1
886,890,1276,1351
158,890,1277,-1
890,159,1277,1352
159,157,1278,1377
157,155,1279,1378
155,152,1280,1388
152,149,1281,1282
152,150,1282,1389
150,148,1283,1353
148,145,1284,1353
145,142,1285,1286
145,143,1286,1391
143,141,1287,1288
891,141,1288,2468
143,891,1288,1392
136,892,1289,2473
892,133,1289,1290
892,134,1290,1379
134,129,1291,1292
134,130,1292,1293
134,131,1293,1294
134,251,1294,1354
251,128,1295,1354
128,124,1296,1297
128,125,1297,1355
125,122,1298,1299
125,120,1299,1300
125,121,1300,1356
115,253,1301,1302
115,256,1302,1303
115,113,1303,1304
115,112,1304,1305
115,111,1305,1306
115,109,1306,1307
115,110,1307,1357
110,108,1308,1358
108,105,1309,1310
108,104,1310,1311
108,103,1311,1359
103,102,1312,1360
102,98,1313,1314
102,99,1314,1361
99,94,1315,1316
99,95,1316,1362
95,93,1317,1318
95,91,1318,1319
95,92,1319,1363
92,88,1320,1321
92,89,1321,1364
89,86,1322,1365
86,85,1323,1396
85,83,1324,1384
83,79,1325,1366
690,80,1326,1630
79,690,1326,1327
79,691,1327,1328
893,691,1328,1627
79,893,1328,1329
894,893,1329,1609
79,894,1329,1330
895,894,1330,1608
79,895,1330,1366
896,897,1331,1602
897,895,1331,1606
895,896,1331,1367
839,898,1332,1601
898,838,1332,1369
837,835,1333,1334
837,834,1334,1335
837,833,1335,1371
832,829,1336,1397
830,828,1337,1372
828,826,1338,1373
826,824,1339,1374
824,822,1340,1341
824,861,1341,1342
824,862,1342,1343
899,862,1343,1425
824,899,1343,1374
867,871,1344,1345
867,873,1345,1346
867,875,1346,1347
867,879,1347,1348
867,880,1348,1349
867,882,1349,1350
867,884,1350,1375
884,890,1351,1352
884,159,1352,1376
150,145,1353,1390
134,128,1354,1355
134,125,1355,1356
134,121,1356,1379
114,110,1357,1358
114,108,1358,1359
114,103,1359,1360
114,102,1360,1361
114,99,1361,1362
114,95,1362,1363
114,92,1363,1364
114,89,1364,1365
114,86,1365,1383
83,895,1366,1367
83,896,1367,1368
898,896,1368,1602
83,898,1368,1369
83,838,1369,1370
83,837,1370,1371
83,833,1371,1384
829,828,1372,1373
829,826,1373,1386
826,899,1374,1386
864,884,1375,1376
864,159,1376,1377
864,157,1377,1378
864,155,1378,1387
892,121,1379,1380
892,119,1380,1381
892,118,1381,1382
892,117,1382,1394
117,86,1383,1395
85,833,1384,1385
85,832,1385,1399
829,899,1386,1397
866,155,1387,1388
866,152,1388,1389
866,150,1389,1390
866,145,1390,1391
866,143,1391,1392
866,891,1392,1393
892,891,1393,2468
866,892,1393,1394
866,117,1394,1395
866,86,1395,1396
866,85,1396,1398
832,899,1397,1399
866,899,1398,1424
899,85,1398,1399
889,855,1400,-1
855,886,1400,1401
855,887,1401,1402
855,884,1402,1403
855,885,1403,1404
855,882,1404,1405
855,883,1405,1406
855,880,1406,1407
855,881,1407,1408
855,879,1408,1409
855,877,1409,1410
855,878,1410,1411
855,875,1411,1412
855,876,1412,1413
855,873,1413,1414
855,874,1414,1415
855,871,1415,1416
855,872,1416,1417
855,869,1417,1418
855,870,1418,1419
855,867,1419,1420
855,868,1420,1421
855,864,1421,1422
855,865,1422,1423
855,866,1423,1424
855,899,1424,1425
855,862,1425,1426
855,863,1426,1427
855,861,1427,1431
861,859,1428,1432
859,857,1429,1433
857,854,1430,1433
854,861,1431,1432
854,859,1432,1433
525,594,1434,1435
525,592,1435,1467
900,593,1436,1505
592,900,1436,1474
588,901,1437,1509
901,902,1437,1510
902,588,1437,1468
588,585,1438,1468
585,583,1439,1440
585,582,1440,1441
585,581,1441,1442
585,578,1442,1486
579,576,1443,1444
579,577,1444,1445
903,577,1445,1634
579,903,1445,1446
904,903,1446,1641
579,904,1446,1447
905,904,1447,1640
579,905,1447,1479
551,906,1448,1794
906,907,1448,1795
907,551,1448,1449
907,552,1449,1469
552,549,1450,1470
549,548,1451,1471
548,543,1452,1453
548,544,1453,1472
544,557,1454,1455
544,542,1455,1456
544,539,1456,1457
544,540,1457,1480
540,538,1458,1459
540,537,1459,1460
540,536,1460,1461
540,534,1461,1462
540,535,1462,1484
535,532,1463,1485
532,529,1464,1465
532,530,1465,1481
527,525,1466,1467
527,592,1467,1473
902,585,1468,1482
907,908,1469,1795
908,552,1469,1470
908,549,1470,1471
908,548,1471,1472
908,544,1472,1476
526,592,1473,1474
526,900,1474,1475
909,900,1475,1512
526,909,1475,1477
908,905,1476,1779
905,544,1476,1479
530,909,1477,1478
902,909,1478,1511
530,902,1478,1481
579,544,1479,1480
579,540,1480,1483
532,902,1481,1482
532,585,1482,1485
578,540,1483,1484
578,535,1484,1486
535,585,1485,1486
476,558,1487,1488
476,559,1488,1494
559,482,1489,1490
559,480,1490,1491
559,481,1491,1492
559,478,1492,1493
559,479,1493,1494
762,813,1495,1496
762,812,1496,1497
762,810,1497,1504
910,811,1498,1513
810,910,1498,1499
911,910,1499,1519
810,911,1499,1500
912,911,1500,1521
810,912,1500,1501
766,912,1501,1520
810,766,1501,1502
810,764,1502,1503
810,763,1503,1504
900,591,1505,1506
900,589,1506,1507
900,590,1507,1512
590,588,1508,1509
590,901,1509,1510
590,902,1510,1511
590,909,1511,1512
910,809,1513,1519
809,820,1514,1515
809,853,1515,1516
809,852,1516,1517
809,850,1517,1518
911,850,1518,1522
809,911,1518,1519
765,912,1520,1521
765,911,1521,1522
765,850,1522,1523
765,851,1523,1533
851,848,1524,1534
913,847,1525,1553
848,913,1525,1526
914,913,1526,1552
848,914,1526,1527
915,914,1527,1551
848,915,1527,1534
916,917,1528,1539
917,915,1528,1551
915,916,1528,1529
918,916,1529,1547
915,918,1529,1530
769,918,1530,1535
915,769,1530,1531
915,767,1531,1532
915,765,1532,1533
915,851,1533,1534
768,918,1535,1536
773,918,1536,1547
768,773,1536,1538
773,771,1537,1538
919,917,1539,1561
916,919,1539,1540
920,919,1540,1561
916,920,1540,1548
921,922,1541,1615
922,923,1541,1559
923,921,1541,1542
924,921,1542,1614
923,924,1542,1543
925,924,1543,1581
923,925,1543,1550
774,926,1544,1580
926,925,1544,1581
925,774,1544,1545
925,772,1545,1546
925,773,1546,1550
773,916,1547,1548
773,920,1548,1549
923,920,1549,1560
773,923,1549,1550
917,914,1551,1552
917,913,1552,1553
917,847,1553,1554
917,846,1554,1555
917,845,1555,1556
917,844,1556,1557
917,843,1557,1558
922,843,1558,1607
917,922,1558,1559
917,923,1559,1560
917,920,1560,1561
927,928,1562,-1274
928,929,1562,-1274
929,927,1562,1579
930,931,1563,-1274
931,927,1563,-1274
927,930,1563,1564
932,930,1564,-1274
927,932,1564,1565
933,932,1565,-1274
927,933,1565,1566
934,933,1566,-1274
927,934,1566,1567
935,934,1567,-1274
927,935,1567,1579
936,937,1568,-1274
937,935,1568,-1274
935,936,1568,1569
938,936,1569,-1274
935,938,1569,1570
939,938,1570,-1274
935,939,1570,1571
940,939,1571,-1274
935,940,1571,1572
941,940,1572,-1274
935,941,1572,1573
942,941,1573,-1274
935,942,1573,1574
943,942,1574,-1274
935,943,1574,1575
944,943,1575,-1274
935,944,1575,1576
945,944,1576,-1274
935,945,1576,1577
946,945,1577,-1274
935,946,1577,1578
929,946,1578,-1274
935,929,1578,1579
775,926,1580,1586
926,924,1581,1582
947,924,1582,1613
926,947,1582,1583
778,947,1583,1624
926,778,1583,1584
926,779,1584,1587
779,777,1585,1587
777,926,1586,1587
384,522,1588,1589
384,520,1589,1597
948,521,1590,1623
520,948,1590,1591
392,948,1591,1622
520,392,1591,1592
520,389,1592,1593
520,390,1593,1598
390,386,1594,1595
390,387,1595,1598
387,384,1596,1597
387,520,1597,1598
843,841,1599,1604
841,839,1600,1601
841,898,1601,1605
898,897,1602,1605
843,949,1603,1607
949,895,1603,1608
895,843,1603,1604
895,841,1604,1606
841,897,1605,1606
922,949,1607,1615
949,894,1608,1609
949,893,1609,1610
950,893,1610,1626
949,950,1610,1611
951,950,1611,1625
949,951,1611,1612
947,951,1612,1624
949,947,1612,1613
949,924,1613,1614
949,921,1614,1615
521,519,1616,1623
519,516,1617,1618
519,394,1618,1619
519,395,1619,1620
519,391,1620,1621
519,392,1621,1622
519,948,1622,1623
778,951,1624,1625
778,950,1625,1626
778,893,1626,1629
893,689,1627,1628
893,688,1628,1629
692,80,1630,1633
80,76,1631,1633
76,692,1632,1633
903,575,1634,1635
903,637,1635,1636
903,636,1636,1637
952,636,1637,1661
903,952,1637,1641
953,954,1638,1734
954,955,1638,1735
955,953,1638,1639
905,953,1639,1779
955,905,1639,1640
955,904,1640,1642
904,952,1641,1642
955,952,1642,1735
398,514,1643,1644
956,514,1644,1659
398,956,1644,1652
957,958,1645,1657
958,956,1645,1658
956,957,1645,1653
513,959,1646,1656
959,957,1646,1657
957,513,1646,1647
957,510,1647,1648
957,399,1648,1649
957,400,1649,1650
957,401,1650,1651
957,473,1651,1653
473,956,1652,1653
514,511,1654,1655
514,512,1655,1660
512,959,1656,1660
959,958,1657,1658
959,956,1658,1659
959,514,1659,1660
952,635,1661,1736
635,633,1662,1663
635,632,1663,1737
960,630,1664,1838
629,960,1664,1665
961,960,1665,1837
629,961,1665,1738
625,961,1666,1837
961,626,1666,1738
626,624,1667,1668
626,621,1668,1669
626,622,1669,1739
622,638,1670,1671
622,639,1671,1672
622,619,1672,1673
622,620,1673,1674
622,618,1674,1675
622,617,1675,1676
622,616,1676,1677
622,615,1677,1678
622,612,1678,1771
613,611,1679,1680
613,609,1680,1761
610,608,1681,1740
608,605,1682,1683
608,604,1683,1684
608,603,1684,1685
608,602,1685,1686
608,601,1686,1741
601,599,1687,1742
599,597,1688,1689
599,596,1689,1690
599,595,1690,1691
962,595,1691,-1
599,962,1691,1775
963,964,1692,2641
964,962,1692,2642
962,963,1692,1772
965,966,1693,-1
966,967,1693,2644
967,965,1693,1694
968,965,1694,2585
967,968,1694,1695
969,968,1695,2635
967,969,1695,1743
970,971,1696,2633
971,972,1696,2634
972,970,1696,1745
973,974,1697,2623
974,970,1697,2632
970,973,1697,1698
975,973,1698,2622
970,975,1698,1699
976,975,1699,2617
970,976,1699,1700
977,976,1700,2616
970,977,1700,1746
978,979,1701,2605
979,980,1701,2614
980,978,1701,1748
981,982,1702,2487
982,978,1702,2605
978,981,1702,1703
983,981,1703,2486
978,983,1703,1704
984,983,1704,2485
978,984,1704,1748
985,986,1705,2484
986,984,1705,2485
984,985,1705,1706
987,985,1706,2483
984,987,1706,1707
988,987,1707,1874
984,988,1707,1708
989,988,1708,1873
984,989,1708,1709
990,989,1709,1872
984,990,1709,1710
991,990,1710,1871
984,991,1710,1711
992,991,1711,1870
984,992,1711,1712
993,992,1712,1869
984,993,1712,1749
994,995,1713,1866
995,996,1713,1867
996,994,1713,1751
997,998,1714,1862
998,999,1714,1863
999,997,1714,1752
1000,1001,1715,1860
1001,997,1715,1861
997,1000,1715,1716
1002,1000,1716,1859
997,1002,1716,1777
1003,1004,1717,1858
1004,1002,1717,1859
1002,1003,1717,1753
1005,1006,1718,1904
1006,1003,1718,1858
1003,1005,1718,1719
1007,1005,1719,1923
1003,1007,1719,1720
1008,1007,1720,1857
1003,1008,1720,1753
1009,1010,1721,1856
1010,1008,1721,1857
1008,1009,1721,1722
1011,1009,1722,1855
1008,1011,1722,1723
1012,1011,1723,1854
1008,1012,1723,1754
1013,1014,1724,1852
1014,1012,1724,1853
1012,1013,1724,1755
1015,1016,1725,1850
1016,1013,1725,1851
1013,1015,1725,1726
1017,1015,1726,1849
1013,1017,1726,1756
1018,1019,1727,1848
1019,1017,1727,1849
1017,1018,1727,1728
1020,1018,1728,1848
1017,1020,1728,1773
1021,1022,1729,1783
1022,1023,1729,1846
1023,1021,1729,1730
1024,1021,1730,1798
1023,1024,1730,1731
1025,1024,1731,1782
1023,1025,1731,1732
1026,1025,1732,1782
1023,1026,1732,1733
1027,1026,1733,1781
1023,1027,1733,1757
953,1027,1734,1780
1027,954,1734,1758
954,952,1735,1736
954,635,1736,1737
954,632,1737,1758
629,626,1738,1739
629,622,1739,1760
609,608,1740,1741
609,601,1741,1742
609,599,1742,1761
967,1028,1743,2645
1028,969,1743,1744
972,969,1744,2634
1028,972,1744,1745
1028,970,1745,1746
1028,977,1746,1747
1029,977,1747,2615
1028,1029,1747,1762
980,984,1748,1749
980,993,1749,1750
996,993,1750,1868
980,996,1750,1751
980,994,1751,1763
999,1030,1752,1863
1030,997,1752,1776
1002,1008,1753,1754
1002,1012,1754,1755
1002,1013,1755,1756
1002,1017,1756,1778
1023,1031,1757,1846
1031,1027,1757,1764
1027,632,1758,1759
1027,629,1759,1760
1027,622,1760,1764
613,599,1761,1765
1028,1032,1762,2645
1032,1029,1762,1766
980,1029,1763,2614
1029,994,1763,1767
1031,622,1764,1770
612,599,1765,1774
1032,963,1766,2641
963,1029,1766,1767
963,994,1767,1768
1033,994,1768,1865
963,1033,1768,1769
1030,1033,1769,1864
963,1030,1769,1772
1031,1020,1770,1847
1020,622,1770,1771
1020,612,1771,1773
962,1030,1772,1775
1017,612,1773,1774
1017,599,1774,1778
599,1030,1775,1776
599,997,1776,1777
599,1002,1777,1778
908,953,1779,1780
908,1027,1780,1781
908,1026,1781,1796
1026,1024,1782,1797
1034,1022,1783,1901
1021,1034,1783,1784
1035,1034,1784,1900
1021,1035,1784,1785
1036,1035,1785,1956
1021,1036,1785,1786
1037,1036,1786,1955
1021,1037,1786,1787
1038,1037,1787,1930
1021,1038,1787,1788
1039,1038,1788,1817
1021,1039,1788,1789
1040,1039,1789,1816
1021,1040,1789,1798
1041,1042,1790,1825
1042,1043,1790,1826
1043,1041,1790,1800
1044,1045,1791,1812
1045,1041,1791,1825
1041,1044,1791,1792
554,1044,1792,1806
1041,554,1792,1793
1041,551,1793,1794
1041,906,1794,1800
906,908,1795,1796
906,1026,1796,1797
906,1024,1797,1801
1024,1040,1798,1799
1046,1040,1799,1827
1024,1046,1799,1801
1043,906,1800,1802
906,1046,1801,1802
1043,1046,1802,1826
501,555,1803,1804
501,553,1804,1805
501,554,1805,1806
501,1044,1806,1811
506,1044,1807,1820
1044,507,1807,1808
1044,503,1808,1809
1044,504,1809,1811
504,501,1810,1811
1047,1045,1812,1830
1044,1047,1812,1821
1048,1049,1813,1834
1049,1047,1813,1830
1047,1048,1813,1814
1050,1048,1814,1829
1047,1050,1814,1822
1040,1051,1815,1827
1051,1052,1815,1828
1052,1040,1815,1816
1052,1039,1816,1817
1052,1038,1817,1818
509,1038,1818,1929
1052,509,1818,1824
509,505,1819,1824
505,1044,1820,1821
505,1047,1821,1822
505,1050,1822,1823
1052,1050,1823,1829
505,1052,1823,1824
1045,1042,1825,1831
1042,1046,1826,1832
1046,1051,1827,1828
1046,1052,1828,1833
1052,1048,1829,1833
1049,1045,1830,1831
1049,1042,1831,1832
1049,1046,1832,1834
1046,1048,1833,1834
630,628,1835,1836
630,625,1836,1838
625,960,1837,1838
693,61,1839,1840
1053,61,1840,1941
693,1053,1840,1841
698,1053,1841,1944
693,698,1841,1845
698,697,1842,1843
698,694,1843,1844
698,695,1844,1845
1022,1031,1846,1847
1022,1020,1847,1902
1020,1019,1848,1903
1019,1015,1849,1850
1019,1016,1850,1851
1019,1013,1851,1852
1019,1014,1852,1853
1019,1012,1853,1854
1019,1011,1854,1855
1019,1009,1855,1856
1019,1010,1856,1903
1010,1007,1857,1928
1006,1004,1858,1904
1004,1000,1859,1860
1004,1001,1860,1861
1004,997,1861,1862
1004,998,1862,1905
998,1030,1863,1864
998,1033,1864,1865
998,994,1865,1866
998,995,1866,1867
998,996,1867,1868
998,993,1868,1869
998,992,1869,1870
998,991,1870,1871
998,990,1871,1872
998,989,1872,1873
998,988,1873,1906
1054,987,1874,2482
988,1054,1874,1875
1055,1054,1875,2509
988,1055,1875,1906
1056,1057,1876,2545
1057,1055,1876,2446
1055,1056,1876,1877
1058,1056,1877,2544
1055,1058,1877,1907
1059,1060,1878,2550
1060,1061,1878,2543
1061,1059,1878,1879
1062,1059,1879,2542
1061,1062,1879,1909
1063,1064,1880,2402
1064,1065,1880,2540
1065,1063,1880,1881
1066,1063,1881,2416
1065,1066,1881,1911
1067,1068,1882,2415
1068,1066,1882,2416
1066,1067,1882,1912
1069,1070,1883,2413
1070,1071,1883,2414
1071,1069,1883,1884
1072,1069,1884,2412
1071,1072,1884,1885
1073,1072,1885,2411
1071,1073,1885,1914
1074,1075,1886,2396
1075,1073,1886,2411
1073,1074,1886,1887
1076,1074,1887,2257
1073,1076,1887,1914
1077,1078,1888,2256
1078,1076,1888,2257
1076,1077,1888,1889
1079,1077,1889,2255
1076,1079,1889,1915
1080,1081,1890,2254
1081,1079,1890,2255
1079,1080,1890,1925
1082,1083,1891,2118
1083,1080,1891,2254
1080,1082,1891,1892
1084,1082,1892,2117
1080,1084,1892,1926
1085,1086,1893,2115
1086,1087,1893,2116
1087,1085,1893,1894
1088,1085,1894,2114
1087,1088,1894,1921
1089,1090,1895,2088
1090,1088,1895,2114
1088,1089,1895,1916
1091,1092,1896,2023
1092,1089,1896,2087
1089,1091,1896,1897
1093,1091,1897,1980
1089,1093,1897,1898
1094,1093,1898,1979
1089,1094,1898,1916
1035,1095,1899,1956
1095,1096,1899,1978
1096,1035,1899,1900
1096,1034,1900,1901
1096,1022,1901,1902
1096,1020,1902,1918
1020,1010,1903,1919
1005,1004,1904,1905
1005,998,1905,1920
998,1055,1906,1907
998,1058,1907,1908
1061,1058,1908,2543
998,1061,1908,1909
998,1062,1909,1910
1065,1062,1910,2541
998,1065,1910,1911
998,1066,1911,1912
998,1067,1912,1913
1071,1067,1913,2414
998,1071,1913,1920
1071,1076,1914,1915
1071,1079,1915,1924
1088,1094,1916,1917
1097,1094,1917,1979
1088,1097,1917,1921
1096,1097,1918,1978
1097,1020,1918,1919
1097,1010,1919,1922
1005,1071,1920,1923
1087,1097,1921,1922
1087,1010,1922,1927
1007,1071,1923,1924
1007,1079,1924,1925
1007,1080,1925,1926
1007,1084,1926,1928
1087,1084,1927,2116
1084,1010,1927,1928
410,1038,1929,1930
410,1037,1930,1935
1098,1099,1931,1946
1099,1037,1931,1955
1037,1098,1931,1932
1100,1098,1932,1945
1037,1100,1932,1933
1101,1100,1933,1937
1037,1101,1933,1935
413,1101,1934,1936
1101,410,1934,1935
414,1101,1936,1937
414,1100,1937,1938
1102,1100,1938,1945
414,1102,1938,1939
416,1102,1939,1953
414,416,1939,1940
1053,62,1941,1942
1053,59,1942,1944
59,698,1943,1944
1102,1098,1945,1946
1102,1099,1946,1954
1103,1104,1947,1971
1104,1099,1947,1972
1099,1103,1947,1948
1105,1103,1948,1970
1099,1105,1948,1949
1106,1105,1949,1969
1099,1106,1949,1950
1107,1106,1950,1968
1099,1107,1950,1954
419,1107,1951,1967
1107,415,1951,1952
1107,416,1952,1953
1107,1102,1953,1954
1099,1036,1955,1973
1036,1095,1956,1957
1108,1095,1957,1987
1036,1108,1957,1958
1109,1108,1958,1989
1036,1109,1958,1959
1110,1109,1959,1998
1036,1110,1959,1960
1111,1110,1960,1997
1036,1111,1960,1961
1112,1111,1961,1996
1036,1112,1961,1962
1113,1112,1962,2010
1036,1113,1962,1963
1114,1113,1963,2010
1036,1114,1963,1964
1115,1114,1964,2019
1036,1115,1964,1974
422,1116,1965,2038
1116,1117,1965,2039
1117,422,1965,1966
1117,420,1966,1976
418,1107,1967,1968
418,1106,1968,1969
418,1105,1969,1970
418,1103,1970,1971
418,1104,1971,1972
418,1099,1972,1973
418,1036,1973,1974
418,1115,1974,1975
1118,1115,1975,2016
418,1118,1975,1977
1117,1118,1976,2015
1118,420,1976,1977
1095,1097,1978,1988
1097,1093,1979,1980
1097,1091,1980,1981
1119,1091,1981,2022
1097,1119,1981,1982
1120,1119,1982,2003
1097,1120,1982,1983
1121,1120,1983,2003
1097,1121,1983,1984
1122,1121,1984,2002
1097,1122,1984,1985
1123,1122,1985,2001
1097,1123,1985,1988
1108,1124,1986,1989
1124,1123,1986,2001
1123,1108,1986,1987
1123,1095,1987,1988
1109,1124,1989,1990
1125,1124,1990,2009
1109,1125,1990,1991
1126,1125,1991,2008
1109,1126,1991,1999
1127,1128,1992,2006
1128,1126,1992,2007
1126,1127,1992,1993
1129,1127,1993,2020
1126,1129,1993,1994
1130,1129,1994,2029
1126,1130,1994,2000
1131,1132,1995,2012
1132,1130,1995,2032
1130,1131,1995,2000
1112,1131,1996,2011
1131,1111,1996,1997
1131,1110,1997,1998
1131,1109,1998,1999
1131,1126,1999,2000
1124,1122,2001,2002
1124,1121,2002,2009
1121,1119,2003,2004
1133,1119,2004,2021
1121,1133,2004,2005
1127,1133,2005,2020
1121,1127,2005,2006
1121,1128,2006,2007
1121,1126,2007,2008
1121,1125,2008,2009
1114,1112,2010,2011
1114,1131,2011,2012
1114,1132,2012,2017
1134,1135,2013,2041
1135,1132,2013,2032
1132,1134,2013,2014
1136,1134,2014,2031
1132,1136,2014,2017
1117,1137,2015,2030
1137,1118,2015,2016
1137,1115,2016,2018
1114,1136,2017,2019
1137,1136,2018,2030
1136,1115,2018,2019
1129,1133,2020,2021
1129,1119,2021,2022
1129,1091,2022,2023
1129,1092,2023,2024
1138,1092,2024,2087
1129,1138,2024,2029
1139,1140,2025,2102
1140,1138,2025,2103
1138,1139,2025,2026
426,1139,2026,2101
1138,426,2026,2027
1138,427,2027,2028
1130,427,2028,2033
1138,1130,2028,2029
1117,1136,2030,2031
1117,1134,2031,2040
1135,1130,2032,2033
1135,427,2033,2034
1135,424,2034,2035
1135,425,2035,2036
1135,423,2036,2037
1135,421,2037,2041
421,1116,2038,2039
421,1117,2039,2040
421,1134,2040,2041
313,310,2042,2043
313,311,2043,2072
311,307,2044,2045
311,308,2045,2046
1141,308,2046,2169
311,1141,2046,2047
1142,1141,2047,2228
311,1142,2047,2048
1143,1142,2048,2251
311,1143,2048,2049
1144,1143,2049,2227
311,1144,2049,2050
1145,1144,2050,2226
311,1145,2050,2051
1146,1145,2051,2225
311,1146,2051,2052
1147,1146,2052,2224
311,1147,2052,2072
1148,1149,2053,2223
1149,1147,2053,2224
1147,1148,2053,2073
1150,1151,2054,2222
1151,1148,2054,2223
1148,1150,2054,2074
1152,1153,2055,2221
1153,1150,2055,2222
1150,1152,2055,2075
1154,1155,2056,2219
1155,1156,2056,2220
1156,1154,2056,2077
1157,1158,2057,2218
1158,1154,2057,2219
1154,1157,2057,2078
1159,1160,2058,2216
1160,1161,2058,2217
1161,1159,2058,2079
1162,1163,2059,2243
1163,1159,2059,2216
1159,1162,2059,2060
1164,1162,2060,2215
1159,1164,2060,2061
1165,1164,2061,2214
1159,1165,2061,2080
1166,1167,2062,2213
1167,1165,2062,2214
1165,1166,2062,2085
1168,1169,2063,2211
1169,1166,2063,2212
1166,1168,2063,2081
1170,1171,2064,2240
1171,1168,2064,2211
1168,1170,2064,2065
1172,1170,2065,2210
1168,1172,2065,2066
1173,1172,2066,2209
1168,1173,2066,2067
1174,1173,2067,2209
1168,1174,2067,2068
1175,1174,2068,2208
1168,1175,2068,2081
1176,1177,2069,2206
1177,1175,2069,2207
1175,1176,2069,2082
1178,1179,2070,-1
1179,1176,2070,2205
1176,1178,2070,2071
312,1178,2071,-1
1176,312,2071,2082
313,1147,2072,2073
313,1148,2073,2074
313,1150,2074,2075
313,1152,2075,2076
1156,1152,2076,2220
313,1156,2076,2077
313,1154,2077,2078
313,1157,2078,2083
1161,1157,2079,2217
1157,1159,2079,2080
1157,1165,2080,2084
1166,1175,2081,2086
1175,312,2082,2086
312,1157,2083,2084
312,1165,2084,2085
312,1166,2085,2086
1138,1089,2087,2088
1138,1090,2088,2103
1180,1181,2089,2121
1181,1182,2089,2122
1182,1180,2089,2110
1183,1184,2090,2267
1184,1185,2090,2262
1185,1183,2090,2091
1186,1183,2091,2261
1185,1186,2091,2112
1187,1188,2092,2407
1188,1189,2092,2259
1189,1187,2092,2093
1190,1187,2093,2406
1189,1190,2093,2094
1191,1190,2094,2133
1189,1191,2094,2095
1192,1191,2095,2160
1189,1192,2095,2106
1193,1194,2096,2131
1194,1195,2096,2132
1195,1193,2096,2108
1196,1197,2097,2130
1197,1193,2097,2131
1193,1196,2097,2098
1198,1196,2098,2129
1193,1198,2098,2099
1199,1198,2099,2128
1193,1199,2099,2108
428,1199,2100,2127
1199,426,2100,2101
1199,1139,2101,2102
1199,1140,2102,2109
1140,1090,2103,2104
1200,1090,2104,2123
1140,1200,2104,2105
1182,1200,2105,2122
1140,1182,2105,2109
1189,1186,2106,2260
1186,1192,2106,2107
1195,1192,2107,2132
1186,1195,2107,2113
1195,1199,2108,2113
1199,1182,2109,2110
1199,1180,2110,2111
1185,1180,2111,2252
1199,1185,2111,2112
1199,1186,2112,2113
1090,1085,2114,2115
1090,1086,2115,2124
1086,1084,2116,2117
1086,1082,2117,2118
1086,1083,2118,2125
1201,1202,2119,2269
1202,1203,2119,2253
1203,1201,2119,2120
1180,1201,2120,2252
1203,1180,2120,2121
1203,1181,2121,2126
1181,1200,2122,2123
1181,1090,2123,2124
1181,1086,2124,2125
1181,1083,2125,2126
1203,1083,2126,2253
429,1199,2127,2128
429,1198,2128,2129
429,1196,2129,2130
429,1197,2130,2157
1197,1194,2131,2158
1194,1192,2132,2159
1204,1190,2133,2405
1191,1204,2133,2134
1205,1204,2134,2405
1191,1205,2134,2135
1206,1205,2135,2404
1191,1206,2135,2168
1207,1208,2136,2403
1208,1206,2136,2404
1206,1207,2136,2137
1209,1207,2137,2549
1206,1209,2137,2138
1210,1209,2138,2552
1206,1210,2138,2161
1211,1212,2139,2547
1212,1210,2139,2548
1210,1211,2139,2161
1213,1214,2140,2444
1214,1211,2140,2546
1211,1213,2140,2141
1215,1213,2141,2443
1211,1215,2141,2162
1216,1217,2142,2459
1217,1218,2142,2453
1218,1216,2142,2143
1219,1216,2143,2442
1218,1219,2143,2144
1220,1219,2144,2442
1218,1220,2144,2164
1221,1222,2145,2456
1222,1223,2145,2441
1223,1221,2145,2146
1224,1221,2146,2452
1223,1224,2146,2147
1225,1224,2147,2440
1223,1225,2147,2148
1226,1225,2148,2428
1223,1226,2148,2149
439,1226,2149,2391
1223,439,2149,2150
1223,437,2150,2151
1223,436,2151,2152
1223,434,2152,2153
1223,435,2153,2166
435,433,2154,2167
433,430,2155,2156
433,429,2156,2157
433,1197,2157,2158
433,1194,2158,2159
433,1192,2159,2160
433,1191,2160,2167
1206,1211,2161,2162
1206,1215,2162,2163
1218,1215,2163,2443
1206,1218,2163,2164
1206,1220,2164,2165
1223,1220,2165,2441
1206,1223,2165,2166
1206,435,2166,2168
435,1191,2167,2168
1141,306,2169,2170
1141,304,2170,2171
1141,305,2171,2228
305,303,2172,2173
305,299,2173,2174
305,300,2174,2229
300,298,2175,2176
300,295,2176,2177
300,296,2177,2230
296,294,2178,2179
296,292,2179,2180
296,293,2180,2231
293,290,2181,2232
290,288,2182,2183
290,287,2183,2184
290,284,2184,2185
290,285,2185,2233
285,283,2186,2187
285,280,2187,2188
285,281,2188,2234
281,279,2189,2190
281,278,2190,2191
281,275,2191,2192
281,276,2192,2235
276,274,2193,2194
276,272,2194,2195
276,273,2195,2236
273,270,2196,2237
270,267,2197,2198
270,268,2198,2199
270,265,2199,2200
270,266,2200,2238
266,263,2201,2202
266,262,2202,2203
266,261,2203,2204
1179,261,2204,-1
266,1179,2204,2205
266,1176,2205,2206
266,1177,2206,2207
266,1175,2207,2208
266,1174,2208,2239
1174,1172,2209,2210
1174,1170,2210,2239
1171,1169,2211,2212
1171,1166,2212,2213
1171,1167,2213,2241
1167,1164,2214,2215
1167,1162,2215,2242
1163,1160,2216,2244
1160,1157,2217,2218
1160,1158,2218,2245
1158,1155,2219,2246
1155,1152,2220,2221
1155,1153,2221,2247
1153,1151,2222,2248
1151,1149,2223,2249
1149,1146,2224,2225
1149,1145,2225,2226
1149,1144,2226,2227
1149,1143,2227,2250
1142,305,2228,2229
1142,300,2229,2230
1142,296,2230,2231
1142,293,2231,2232
1142,290,2232,2233
1142,285,2233,2234
1142,281,2234,2235
1142,276,2235,2236
1142,273,2236,2237
1142,270,2237,2238
1142,266,2238,2251
266,1170,2239,2240
266,1171,2240,2241
266,1167,2241,2242
266,1162,2242,2243
266,1163,2243,2244
266,1160,2244,2245
266,1158,2245,2246
266,1155,2246,2247
266,1153,2247,2248
266,1151,2248,2249
266,1149,2249,2250
266,1143,2250,2251
1185,1201,2252,2262
1202,1083,2253,2263
1083,1081,2254,2263
1081,1077,2255,2256
1081,1078,2256,2264
1078,1074,2257,2265
1227,1228,2258,2394
1228,1074,2258,2395
1074,1227,2258,2265
1188,1227,2259,2394
1227,1189,2259,2260
1227,1186,2260,2261
1227,1183,2261,2266
1184,1201,2262,2268
1202,1081,2263,2264
1202,1078,2264,2269
1078,1227,2265,2266
1078,1183,2266,2267
1078,1184,2267,2268
1078,1201,2268,2269
1229,1230,2270,-1274
1230,1231,2270,-1274
1231,1229,2270,2271
1232,1229,2271,-1274
1231,1232,2271,2272
1233,1232,2272,-1274
1231,1233,2272,2273
1234,1233,2273,-1274
1231,1234,2273,2274
1235,1234,2274,-1274
1231,1235,2274,2304
1236,1237,2275,-1274
1237,1238,2275,-1274
1238,1236,2275,2276
1239,1236,2276,-1274
1238,1239,2276,2305
1240,1241,2277,-1274
1241,1242,2277,-1274
1242,1240,2277,2278
1243,1240,2278,-1274
1242,1243,2278,2307
1244,1245,2279,-1274
1245,1246,2279,-1274
1246,1244,2279,2308
1247,1248,2280,-1274
1248,1244,2280,-1274
1244,1247,2280,2281
1249,1247,2281,-1274
1244,1249,2281,2308
1250,1251,2282,-1274
1251,1249,2282,-1274
1249,1250,2282,2309
1252,1253,2283,-1274
1253,1250,2283,-1274
1250,1252,2283,2284
1254,1252,2284,-1274
1250,1254,2284,2285
1255,1254,2285,-1274
1250,1255,2285,2286
1256,1255,2286,-1274
1250,1256,2286,2287
1257,1256,2287,-1274
1250,1257,2287,2288
1258,1257,2288,-1274
1250,1258,2288,2289
1259,1258,2289,-1274
1250,1259,2289,2290
1260,1259,2290,-1274
1250,1260,2290,2291
1261,1260,2291,-1274
1250,1261,2291,2292
1262,1261,2292,-1274
1250,1262,2292,2293
1263,1262,2293,-1274
1250,1263,2293,2294
1264,1263,2294,-1274
1250,1264,2294,2295
1265,1264,2295,-1274
1250,1265,2295,2310
1266,1267,2296,-1274
1267,1265,2296,-1274
1265,1266,2296,2297
1268,1266,2297,-1274
1265,1268,2297,2298
1269,1268,2298,-1274
1265,1269,2298,2299
1270,1269,2299,-1274
1265,1270,2299,2311
1271,1272,2300,-1274
1272,1270,2300,-1274
1270,1271,2300,2301
1273,1271,2301,-1274
1270,1273,2301,2312
1274,1275,2302,-1274
1275,1273,2302,-1274
1273,1274,2302,2303
1276,1274,2303,-1274
1273,1276,2303,2312
1231,1276,2304,-1274
1276,1235,2304,2313
1238,1235,2305,-1274
1235,1239,2305,2306
1242,1239,2306,-1274
1235,1242,2306,2307
1235,1243,2307,2314
1246,1249,2308,2309
1246,1250,2309,2310
1246,1265,2310,2311
1246,1270,2311,2315
1270,1276,2312,2313
1270,1235,2313,2314
1270,1243,2314,2315
1246,1243,2315,-1274
474,442,2316,2317
474,440,2317,2318
1277,440,2318,2389
474,1277,2318,2369
1278,1279,2319,2477
1279,1280,2319,2437
1280,1278,2319,2320
1281,1278,2320,2476
1280,1281,2320,2321
1282,1281,2321,2494
1280,1282,2321,2322
1283,1282,2322,2502
1280,1283,2322,2323
1284,1283,2323,2380
1280,1284,2323,2324
1285,1284,2324,2379
1280,1285,2324,2355
1286,1287,2325,2373
1287,1285,2325,2379
1285,1286,2325,2370
1288,1289,2326,2382
1289,1290,2326,2377
1290,1288,2326,2327
1291,1288,2327,2381
1290,1291,2327,2328
1292,1291,2328,2506
1290,1292,2328,2329
1293,1292,2329,2490
1290,1293,2329,2330
1294,1293,2330,2572
1290,1294,2330,2367
1295,1296,2331,2571
1296,1294,2331,2572
1294,1295,2331,2356
1297,1298,2332,2590
1298,1295,2332,2570
1295,1297,2332,2333
1299,1297,2333,2589
1295,1299,2333,2356
1300,1301,2334,2599
1301,1299,2334,2589
1299,1300,2334,2357
1302,1303,2335,2588
1303,1300,2335,2595
1300,1302,2335,2336
1304,1302,2336,2587
1300,1304,2336,2337
472,1304,2337,-1
1300,472,2337,2338
1300,469,2338,2339
1300,470,2339,2340
1300,471,2340,2358
471,466,2341,2342
471,467,2342,2358
467,464,2343,2344
1305,464,2344,2556
467,1305,2344,2359
1306,1307,2345,2555
1307,1305,2345,2556
1305,1306,2345,2360
1308,1309,2346,2554
1309,1306,2346,2555
1306,1308,2346,2361
1310,1311,2347,2520
1311,1312,2347,2521
1312,1310,2347,2348
1313,1310,2348,2519
1312,1313,2348,2363
1314,1315,2349,2463
1315,1313,2349,2518
1313,1314,2349,2350
1316,1314,2350,2462
1313,1316,2350,2351
1317,1316,2351,2425
1313,1317,2351,2352
446,1317,2352,2424
1313,446,2352,2353
1313,443,2353,2364
444,474,2354,2372
1280,1318,2355,2393
1318,1285,2355,2366
1294,1299,2356,2357
1294,1300,2357,2367
1300,467,2358,2359
1300,1305,2359,2360
1300,1306,2360,2361
1300,1308,2361,2362
1312,1308,2362,2553
1300,1312,2362,2363
1300,1313,2363,2364
1300,443,2364,2365
1300,444,2365,2368
1318,1277,2366,2393
1277,1285,2366,2369
1290,1300,2367,2368
1290,444,2368,2371
474,1285,2369,2370
474,1286,2370,2372
1290,1286,2371,2377
1286,444,2371,2372
1319,1287,2373,2385
1286,1319,2373,2374
1320,1319,2374,2384
1286,1320,2374,2378
1321,1322,2375,2388
1322,1320,2375,2384
1320,1321,2375,2376
1289,1321,2376,2383
1320,1289,2376,2378
1289,1286,2377,2378
1287,1284,2379,2386
1323,1283,2380,2502
1284,1323,2380,2387
1291,1323,2381,2506
1323,1288,2381,2382
1323,1289,2382,2383
1323,1321,2383,2387
1322,1319,2384,2385
1322,1287,2385,2386
1322,1284,2386,2388
1284,1321,2387,2388
1277,438,2389,2390
1277,439,2390,2391
1277,1226,2391,2392
1280,1226,2392,2428
1277,1280,2392,2393
1188,1228,2394,2395
1188,1074,2395,2396
1188,1075,2396,2397
1324,1075,2397,2420
1188,1324,2397,2408
1325,1326,2398,2423
1326,1324,2398,2420
1324,1325,2398,2399
1327,1325,2399,2419
1324,1327,2399,2400
1328,1327,2400,2418
1324,1328,2400,2401
1063,1328,2401,2417
1324,1063,2401,2402
1324,1064,2402,2409
1207,1064,2403,2540
1064,1208,2403,2410
1208,1205,2404,2410
1205,1190,2405,2406
1205,1187,2406,2407
1205,1188,2407,2408
1205,1324,2408,2409
1205,1064,2409,2410
1075,1072,2411,2412
1075,1069,2412,2413
1075,1070,2413,2421
1070,1067,2414,2415
1070,1068,2415,2422
1068,1063,2416,2417
1068,1328,2417,2418
1068,1327,2418,2419
1068,1325,2419,2422
1326,1075,2420,2421
1326,1070,2421,2423
1070,1325,2422,2423
447,1317,2424,2425
447,1316,2425,2426
1329,1316,2426,2462
447,1329,2426,2427
449,1329,2427,2467
1280,1225,2428,2429
1330,1225,2429,2440
1280,1330,2429,2430
1331,1330,2430,2451
1280,1331,2430,2437
1332,1333,2431,2461
1333,1334,2431,2449
1334,1332,2431,2432
1335,1332,2432,2448
1334,1335,2432,2433
1336,1335,2433,2507
1334,1336,2433,2434
1337,1336,2434,2512
1334,1337,2434,2435
1338,1337,2435,2479
1334,1338,2435,2436
1279,1338,2436,2475
1334,1279,2436,2439
1279,1331,2437,2438
1339,1331,2438,2450
1279,1339,2438,2439
1334,1339,2439,2449
1330,1224,2440,2451
1222,1220,2441,2457
1220,1216,2442,2458
1218,1213,2443,2444
1218,1214,2444,2445
1057,1214,2445,2545
1218,1057,2445,2446
1218,1055,2446,2453
1335,1340,2447,2507
1340,1341,2447,2508
1341,1335,2447,2448
1341,1332,2448,2460
1333,1339,2449,2450
1333,1331,2450,2455
1331,1224,2451,2452
1331,1221,2452,2455
1217,1055,2453,2454
1341,1055,2454,2508
1217,1341,2454,2459
1333,1221,2455,2456
1333,1222,2456,2457
1333,1220,2457,2458
1333,1216,2458,2461
1216,1341,2459,2460
1216,1332,2460,2461
1329,1314,2462,2463
1329,1315,2463,2464
1342,1315,2464,2518
1329,1342,2464,2465
451,1342,2465,2515
1329,451,2465,2466
1329,448,2466,2467
892,141,2468,2474
141,138,2469,2474
138,254,2470,2471
138,135,2471,2472
138,136,2472,2473
138,892,2473,2474
1343,1338,2475,2496
1279,1343,2475,2477
1281,1344,2476,2495
1344,1278,2476,2478
1278,1343,2477,2478
1344,1343,2478,2500
1345,1337,2479,2512
1338,1345,2479,2480
1346,1345,2480,2511
1338,1346,2480,2496
1054,1347,2481,2509
1347,1346,2481,2510
1346,1054,2481,2482
1346,987,2482,2483
1346,985,2483,2484
1346,986,2484,2497
986,983,2485,2486
986,981,2486,2498
1348,982,2487,2612
981,1348,2487,2488
1349,1348,2488,2575
981,1349,2488,2489
1350,1349,2489,2569
981,1350,2489,2501
1293,1351,2490,2568
1351,1292,2490,2491
1352,1292,2491,2505
1351,1352,2491,2492
1353,1352,2492,2504
1351,1353,2492,2493
1282,1353,2493,2503
1351,1282,2493,2494
1351,1281,2494,2495
1351,1344,2495,2499
1343,1346,2496,2497
1343,986,2497,2498
1343,981,2498,2500
1351,1350,2499,2568
1350,1344,2499,2501
1344,981,2500,2501
1323,1282,2502,2503
1323,1353,2503,2504
1323,1352,2504,2505
1323,1292,2505,2506
1336,1340,2507,2513
1340,1055,2508,2514
1055,1347,2509,2510
1055,1346,2510,2511
1055,1345,2511,2514
1345,1336,2512,2513
1345,1340,2513,2514
1354,1342,2515,2534
451,1354,2515,2516
1355,1354,2516,2533
451,1355,2516,2517
450,1355,2517,2532
1342,1313,2518,2519
1342,1310,2519,2520
1342,1311,2520,2521
1342,1312,2521,2522
1356,1312,2522,2553
1342,1356,2522,2523
1357,1356,2523,2562
1342,1357,2523,2534
1358,1359,2524,2561
1359,1357,2524,2562
1357,1358,2524,2539
1360,1361,2525,2560
1361,1358,2525,2561
1358,1360,2525,2535
460,1360,2526,2604
1360,458,2526,2527
1360,459,2527,2535
459,456,2528,2529
459,453,2529,2536
454,452,2530,2531
454,450,2531,2532
454,1355,2532,2533
454,1354,2533,2537
1354,1357,2534,2538
1358,459,2535,2536
1358,453,2536,2539
453,1354,2537,2538
453,1357,2538,2539
1207,1065,2540,2541
1207,1062,2541,2542
1207,1059,2542,2549
1060,1058,2543,2544
1060,1056,2544,2551
1056,1214,2545,2546
1056,1211,2546,2547
1056,1212,2547,2548
1056,1210,2548,2551
1209,1059,2549,2550
1209,1060,2550,2552
1060,1210,2551,2552
1356,1308,2553,2554
1356,1309,2554,2563
1309,1307,2555,2564
1307,464,2556,2557
1307,461,2557,2558
1307,462,2558,2559
1362,462,2559,2601
1307,1362,2559,2567
1360,1363,2560,2600
1363,1361,2560,2565
1361,1359,2561,2566
1359,1356,2562,2563
1359,1309,2563,2564
1359,1307,2564,2566
1363,1362,2565,2600
1362,1361,2565,2567
1361,1307,2566,2567
1293,1350,2568,2573
1364,1349,2569,2575
1350,1364,2569,2574
1298,1364,2570,2590
1364,1295,2570,2571
1364,1296,2571,2574
1296,1293,2572,2573
1296,1350,2573,2574
1364,1348,2575,2576
1365,1348,2576,2611
1364,1365,2576,2591
1366,1367,2577,2610
1367,1365,2577,2611
1365,1366,2577,2578
1368,1366,2578,2609
1365,1368,2578,2579
1369,1368,2579,2608
1365,1369,2579,2592
1370,1371,2580,2618
1371,1369,2580,2607
1369,1370,2580,2581
1372,1370,2581,2621
1369,1372,2581,2593
1373,1374,2582,2628
1374,1372,2582,2629
1372,1373,2582,2597
1375,1376,2583,2626
1376,1373,2583,2627
1373,1375,2583,2598
1377,1378,2584,2636
1378,1375,2584,2625
1375,1377,2584,2594
968,1377,2585,2636
1377,965,2585,2586
1304,965,2586,-1
1377,1304,2586,2587
1377,1302,2587,2588
1377,1303,2588,2594
1301,1297,2589,2596
1297,1364,2590,2591
1297,1365,2591,2592
1297,1369,2592,2593
1297,1372,2593,2596
1375,1303,2594,2595
1375,1300,2595,2598
1301,1372,2596,2597
1301,1373,2597,2599
1373,1300,2598,2599
1360,1362,2600,2601
1360,462,2601,2602
1360,463,2602,2603
1360,475,2603,2604
982,979,2605,2606
1379,979,2606,2619
982,1379,2606,2613
1371,1379,2607,2619
1379,1369,2607,2608
1379,1368,2608,2609
1379,1366,2609,2610
1379,1367,2610,2613
1367,1348,2611,2612
1367,982,2612,2613
979,1029,2614,2615
979,977,2615,2616
979,976,2616,2617
979,975,2617,2620
1370,975,2618,2621
975,1371,2618,2620
1371,979,2619,2620
1372,975,2621,2622
1372,973,2622,2623
1372,974,2623,2629
1378,1380,2624,2637
1380,1381,2624,2638
1381,1378,2624,2625
1381,1375,2625,2626
1381,1376,2626,2627
1381,1373,2627,2628
1381,1374,2628,2631
1374,974,2629,2630
1382,974,2630,2632
1374,1382,2630,2631
1381,1382,2631,2638
1382,970,2632,2633
1382,971,2633,2639
971,969,2634,2635
971,968,2635,2640
968,1378,2636,2637
968,1380,2637,2640
1380,1382,2638,2639
1380,971,2639,2640
1032,964,2641,2642
1032,962,2642,2643
966,962,2643,-1
1032,966,2643,2644
1032,967,2644,2645
164,257,2646,2647
164,161,2647,2648
164,160,2648,2653
168,160,2649,-1
160,166,2649,2650
160,165,2650,2651
160,162,2651,2652
160,163,2652,2653