0,1,0,-1
1,2,0,392
2,0,0,1
3,0,1,506
2,3,1,2
4,3,2,511
2,4,2,3
5,4,3,510
2,5,3,4
6,5,4,509
2,6,4,5
7,6,5,508
2,7,5,68
8,9,6,-1
9,10,6,507
10,8,6,7
11,8,7,546
10,11,7,8
12,11,8,586
10,12,8,9
13,12,9,586
10,13,9,10
14,13,10,585
10,14,10,11
15,14,11,584
10,15,11,12
16,15,12,584
10,16,12,13
17,16,13,583
10,17,13,14
18,17,14,583
10,18,14,15
19,18,15,582
10,19,15,70
20,21,16,581
21,19,16,582
19,20,16,17
22,20,17,580
19,22,17,71
23,24,18,579
24,22,18,580
22,23,18,19
25,23,19,578
22,25,19,20
26,25,20,578
22,26,20,21
27,26,21,577
22,27,21,22
28,27,22,576
22,28,22,72
29,30,23,575
30,28,23,576
28,29,23,24
31,29,24,574
28,31,24,73
32,33,25,572
33,34,25,573
34,32,25,26
35,32,26,571
34,35,26,75
36,37,27,568
37,38,27,569
38,36,27,28
39,36,28,845
38,39,28,77
40,41,29,844
41,39,29,845
39,40,29,78
42,43,30,843
43,40,30,844
40,42,30,79
44,45,31,841
45,42,31,842
42,44,31,80
46,47,32,839
47,48,32,840
48,46,32,33
49,46,33,838
48,49,33,81
50,51,34,883
51,52,34,837
52,50,34,35
53,50,35,836
52,53,35,36
54,53,36,835
52,54,36,82
55,56,37,834
56,54,37,835
54,55,37,83
57,58,38,833
58,55,38,834
55,57,38,84
59,60,39,697
60,57,39,832
57,59,39,85
61,62,40,695
62,59,40,696
59,61,40,41
63,61,41,686
59,63,41,42
64,63,42,685
59,64,42,86
65,66,43,323
66,64,43,685
64,65,43,44
67,65,44,679
64,67,44,87
68,69,45,684
69,67,45,679
67,68,45,88
70,71,46,677
71,68,46,678
68,70,46,47
72,70,47,318
68,72,47,48
73,72,48,675
68,73,48,89
74,75,49,611
75,76,49,316
76,74,49,91
77,78,50,610
78,74,50,611
74,77,50,92
79,80,51,313
80,77,51,609
77,79,51,52
81,79,52,539
77,81,52,93
82,83,53,545
83,81,53,539
81,82,53,94
84,85,54,537
85,82,54,538
82,84,54,55
86,84,55,309
82,86,55,56
87,86,56,403
82,87,56,57
88,87,57,402
82,88,57,95
89,90,58,401
90,88,58,402
88,89,58,96
91,92,59,423
92,89,59,401
89,91,59,60
93,91,60,400
89,93,60,61
94,93,61,399
89,94,61,97
95,96,62,398
96,94,62,399
94,95,62,98
97,98,63,395
98,99,63,396
99,97,63,64
100,97,64,394
99,100,64,100
101,102,65,393
102,100,65,394
100,101,65,101
103,104,66,418
104,101,66,393
101,103,66,67
2,103,67,392
101,2,67,68
101,7,68,69
10,7,69,507
101,10,69,70
101,19,70,71
101,22,71,72
101,28,72,73
101,31,73,74
34,31,74,573
101,34,74,75
101,35,75,76
38,35,76,570
101,38,76,77
101,39,77,78
101,40,78,79
101,42,79,80
101,44,80,102
48,44,81,840
44,49,81,103
52,49,82,837
49,54,82,83
49,55,83,84
49,57,84,85
49,59,85,86
49,64,86,87
49,67,87,88
49,68,88,89
49,73,89,90
76,73,90,674
49,76,90,91
49,74,91,92
49,77,92,93
49,81,93,94
49,82,94,95
49,88,95,96
49,89,96,97
49,94,97,98
49,95,98,99
105,95,99,397
49,105,99,103
99,105,100,396
105,100,100,101
105,101,101,102
105,44,102,103
106,107,104,749
107,108,104,750
108,106,104,122
109,110,105,748
110,106,105,749
106,109,105,123
111,112,106,808
112,109,106,748
109,111,106,107
113,111,107,747
109,113,107,108
114,113,108,1134
109,114,108,109
115,114,109,1153
109,115,109,110
116,115,110,1164
109,116,110,124
117,118,111,1152
118,116,111,1163
116,117,111,112
119,117,112,1151
116,119,112,113
120,119,113,1150
116,120,113,114
121,120,114,1149
116,121,114,125
122,123,115,1146
123,124,115,1147
124,122,115,116
125,122,116,754
124,125,116,117
126,125,117,754
124,126,117,118
127,126,118,753
124,127,118,128
128,129,119,752
129,127,119,753
127,128,119,120
130,128,120,751
127,130,120,121
131,130,121,1127
127,131,121,128
108,131,122,1126
131,106,122,123
131,109,123,124
131,116,124,125
131,121,125,126
132,121,126,1148
131,132,126,127
124,132,127,1147
131,124,127,128
133,134,129,197
134,135,129,-1
135,133,129,130
136,133,130,196
135,136,130,131
137,136,131,195
135,137,131,132
138,137,132,195
135,138,132,133
139,138,133,194
135,139,133,134
140,139,134,193
135,140,134,135
141,140,135,193
135,141,135,136
142,141,136,192
135,142,136,137
143,142,137,191
135,143,137,138
144,143,138,190
135,144,138,139
145,144,139,190
135,145,139,140
146,145,140,189
135,146,140,141
147,146,141,188
135,147,141,142
148,147,142,187
135,148,142,143
149,148,143,186
135,149,143,144
150,149,144,185
135,150,144,145
151,150,145,184
135,151,145,146
152,151,146,429
135,152,146,147
153,152,147,479
135,153,147,-1
154,155,148,272
155,134,148,-1
134,154,148,149
156,154,149,272
134,156,149,150
157,156,150,271
134,157,150,151
158,157,151,270
134,158,151,152
159,158,152,270
134,159,152,153
160,159,153,269
134,160,153,154
161,160,154,269
134,161,154,155
162,161,155,288
134,162,155,156
163,162,156,268
134,163,156,157
164,163,157,267
134,164,157,158
165,164,158,267
134,165,158,159
166,165,159,266
134,166,159,160
167,166,160,265
134,167,160,161
168,167,161,265
134,168,161,162
169,168,162,285
134,169,162,163
170,169,163,264
134,170,163,164
171,170,164,263
134,171,164,165
172,171,165,263
134,172,165,166
173,172,166,262
134,173,166,167
174,173,167,262
134,174,167,168
175,174,168,282
134,175,168,169
176,175,169,261
134,176,169,170
177,176,170,261
134,177,170,171
178,177,171,260
134,178,171,172
179,178,172,259
134,179,172,173
180,179,173,258
134,180,173,174
181,180,174,257
134,181,174,175
182,181,175,438
134,182,175,197
183,184,176,437
184,182,176,484
182,183,176,177
185,183,177,436
182,185,177,178
186,185,178,435
182,186,178,198
187,188,179,434
188,186,179,435
186,187,179,199
189,190,180,432
190,187,180,433
187,189,180,200
191,192,181,431
192,189,181,432
189,191,181,201
193,194,182,430
194,191,182,431
191,193,182,183
151,193,183,429
191,151,183,184
191,150,184,185
191,149,185,186
191,148,186,187
191,147,187,188
191,146,188,189
191,145,189,202
145,143,190,191
145,142,191,192
145,141,192,203
141,139,193,194
141,138,194,204
138,136,195,196
138,133,196,204
133,182,197,198
133,186,198,199
133,187,199,200
133,189,200,201
133,191,201,202
133,145,202,203
133,141,203,204
195,196,205,365
196,155,205,-1
155,195,205,206
197,195,206,365
155,197,206,207
198,197,207,387
155,198,207,208
199,198,208,364
155,199,208,209
200,199,209,363
155,200,209,210
201,200,210,362
155,201,210,211
202,201,211,361
155,202,211,212
203,202,212,360
155,203,212,213
204,203,213,360
155,204,213,214
205,204,214,359
155,205,214,215
206,205,215,358
155,206,215,216
207,206,216,357
155,207,216,217
208,207,217,357
155,208,217,218
209,208,218,356
155,209,218,219
210,209,219,355
155,210,219,220
211,210,220,355
155,211,220,221
212,211,221,354
155,212,221,222
213,212,222,354
155,213,222,223
214,213,223,353
155,214,223,224
215,214,224,352
155,215,224,225
216,215,225,352
155,216,225,226
217,216,226,351
155,217,226,227
218,217,227,350
155,218,227,228
219,218,228,350
155,219,228,229
220,219,229,349
155,220,229,230
221,220,230,348
155,221,230,231
222,221,231,347
155,222,231,232
223,222,232,347
155,223,232,233
224,223,233,346
155,224,233,234
225,224,234,345
155,225,234,235
226,225,235,344
155,226,235,236
227,226,236,343
155,227,236,237
228,227,237,343
155,228,237,238
229,228,238,342
155,229,238,239
230,229,239,341
155,230,239,240
231,230,240,341
155,231,240,241
232,231,241,340
155,232,241,242
233,232,242,340
155,233,242,243
234,233,243,339
155,234,243,244
235,234,244,338
155,235,244,245
236,235,245,337
155,236,245,273
237,238,246,336
238,236,246,337
236,237,246,274
239,240,247,447
240,241,247,334
241,239,247,276
242,243,248,489
243,239,248,447
239,242,248,249
244,242,249,446
239,244,249,277
245,246,250,444
246,244,250,445
244,245,250,278
247,248,251,443
248,245,251,444
245,247,251,252
249,247,252,442
245,249,252,279
250,251,253,441
251,249,253,442
249,250,253,254
252,250,254,440
249,252,254,280
253,254,255,439
254,252,255,440
252,253,255,256
181,253,256,438
252,181,256,257
252,180,257,258
252,179,258,259
252,178,259,260
252,177,260,280
177,175,261,281
174,172,262,283
172,170,263,264
172,169,264,284
168,166,265,266
168,165,266,286
165,163,267,268
165,162,268,287
161,159,269,289
159,157,270,271
159,156,271,290
156,155,272,273
156,236,273,274
156,237,274,275
241,237,275,335
156,241,275,276
156,239,276,277
156,244,277,278
156,245,278,279
156,249,279,290
249,177,280,281
249,175,281,282
249,174,282,283
249,172,283,284
249,169,284,285
249,168,285,286
249,165,286,287
249,162,287,288
249,161,288,289
249,159,289,290
255,256,291,-1
256,196,291,-1
196,255,291,292
257,255,292,391
196,257,292,293
258,257,293,416
196,258,293,294
259,258,294,415
196,259,294,295
260,259,295,414
196,260,295,296
261,260,296,413
196,261,296,297
262,261,297,412
196,262,297,298
263,262,298,411
196,263,298,299
264,263,299,410
196,264,299,300
265,264,300,410
196,265,300,301
266,265,301,409
196,266,301,302
267,266,302,408
196,267,302,303
268,267,303,407
196,268,303,304
269,268,304,407
196,269,304,305
270,269,305,406
196,270,305,306
271,270,306,406
196,271,306,307
272,271,307,405
196,272,307,366
86,273,308,404
273,272,308,405
272,86,308,309
272,84,309,310
274,84,310,537
272,274,310,367
275,276,311,543
276,274,311,544
274,275,311,368
277,278,312,541
278,275,312,542
275,277,312,369
79,277,313,540
277,80,313,314
279,80,314,609
277,279,314,370
280,281,315,612
281,279,315,613
279,280,315,371
75,280,316,612
280,76,316,317
282,76,317,674
280,282,317,372
72,283,318,676
283,70,318,319
284,70,319,677
283,284,319,320
285,284,320,683
283,285,320,321
286,285,321,682
283,286,321,322
287,286,322,681
283,287,322,374
65,287,323,680
287,66,323,324
288,66,324,690
287,288,324,375
289,290,325,689
290,288,325,690
288,289,325,376
291,292,326,688
292,289,326,689
289,291,326,327
293,291,327,687
289,293,327,328
294,293,328,693
289,294,328,329
295,294,329,693
289,295,329,377
296,297,330,451
297,295,330,700
295,296,330,331
298,296,331,450
295,298,331,332
299,298,332,449
295,299,332,378
240,300,333,448
300,299,333,449
299,240,333,334
299,241,334,335
299,237,335,336
299,238,336,379
238,235,337,338
238,234,338,339
238,233,339,379
233,231,340,380
231,229,341,342
231,228,342,380
228,226,343,344
228,225,344,345
228,224,345,346
228,223,346,381
223,221,347,348
223,220,348,349
223,219,349,381
219,217,350,351
219,216,351,382
216,214,352,353
216,213,353,383
213,211,354,383
211,209,355,356
211,208,356,384
208,206,357,358
208,205,358,359
208,204,359,385
204,202,360,361
204,201,361,362
204,200,362,363
204,199,363,364
204,198,364,386
197,196,365,366
197,272,366,367
197,274,367,368
197,275,368,369
197,277,369,370
197,279,370,371
197,280,371,372
197,282,372,373
283,282,373,676
197,283,373,374
197,287,374,375
197,288,375,376
197,289,376,377
197,295,377,378
197,299,378,388
299,233,379,389
233,228,380,389
228,219,381,382
228,216,382,390
216,211,383,384
216,208,384,385
216,204,385,386
216,198,386,387
216,197,387,388
216,299,388,390
299,228,389,390
1,255,391,-1
257,1,391,416
1,103,392,417
104,102,393,419
102,97,394,395
102,98,395,420
98,105,396,397
98,95,397,398
98,96,398,421
96,93,399,400
96,91,400,422
92,90,401,424
90,87,402,403
90,86,403,404
90,273,404,425
273,271,405,425
271,269,406,428
269,267,407,408
269,266,408,409
269,265,409,426
265,263,410,411
265,262,411,412
265,261,412,413
265,260,413,414
265,259,414,415
265,258,415,426
258,1,416,417
258,103,417,418
258,104,418,419
258,102,419,420
258,98,420,421
258,96,421,422
258,91,422,423
258,92,423,424
258,90,424,427
90,271,425,427
269,258,426,428
258,271,427,428
152,193,429,430
152,194,430,480
194,192,431,481
192,190,432,433
192,187,433,434
192,188,434,482
188,185,435,436
188,183,436,437
188,184,437,483
182,253,438,439
182,254,439,485
254,250,440,441
254,251,441,486
251,247,442,443
251,248,443,487
248,246,444,445
248,244,445,446
248,242,446,488
243,240,447,448
243,300,448,490
300,298,449,450
300,296,450,451
300,297,451,452
301,297,452,700
300,301,452,453
302,301,453,699
300,302,453,454
303,302,454,879
300,303,454,455
304,303,455,879
300,304,455,456
305,304,456,878
300,305,456,457
306,305,457,878
300,306,457,458
307,306,458,877
300,307,458,459
308,307,459,877
300,308,459,460
309,308,460,876
300,309,460,491
310,311,461,875
311,309,461,876
309,310,461,492
312,313,462,874
313,310,462,875
310,312,462,493
314,315,463,705
315,312,463,873
312,314,463,464
316,314,464,704
312,316,464,494
317,318,465,703
318,316,465,704
316,317,465,466
319,317,466,702
316,319,466,494
320,321,467,701
321,319,467,702
319,320,467,495
322,323,468,620
323,320,468,701
320,322,468,495
324,325,469,619
325,322,469,620
322,324,469,496
326,327,470,618
327,324,470,619
324,326,470,471
328,326,471,617
324,328,471,496
329,330,472,518
330,331,472,615
331,329,472,497
332,333,473,516
333,334,473,517
334,332,473,474
335,332,474,515
334,335,474,499
336,337,475,514
337,335,475,515
335,336,475,504
338,339,476,512
339,336,476,513
336,338,476,500
340,341,477,523
341,338,477,512
338,340,477,478
153,340,478,-1
338,153,478,479
338,152,479,480
338,194,480,481
338,192,481,482
338,188,482,483
338,184,483,484
338,182,484,485
338,254,485,486
338,251,486,487
338,248,487,488
338,242,488,489
338,243,489,490
338,300,490,491
338,309,491,492
338,310,492,493
338,312,493,500
312,319,494,501
319,322,495,501
322,328,496,502
331,342,497,615
342,329,497,498
334,329,498,517
342,334,498,499
342,335,499,503
336,312,500,505
312,322,501,502
312,328,502,505
342,328,503,616
328,335,503,504
328,336,504,505
9,0,506,-1
3,9,506,511
9,7,507,508
9,6,508,509
9,5,509,510
9,4,510,511
341,339,512,513
341,336,513,514
341,337,514,524
337,332,515,516
337,333,516,525
333,329,517,518
333,330,518,519
343,330,519,653
333,343,519,520
344,343,520,653
333,344,520,521
345,344,521,652
333,345,521,525
340,346,522,-1
346,345,522,651
345,340,522,523
345,341,523,524
345,337,524,525
347,348,526,-31426
348,349,526,-31426
349,347,526,527
350,347,527,-31426
349,350,527,528
351,350,528,-31426
349,351,528,529
352,351,529,-31426
349,352,529,530
353,352,530,-31426
349,353,530,533
354,355,531,-31426
355,353,531,-31426
353,354,531,532
356,354,532,-31426
353,356,532,533
349,356,533,-31426
357,358,534,-31426
358,359,534,-31426
359,357,534,535
360,357,535,-31426
359,360,535,536
361,360,536,-31426
359,361,536,-31426
274,85,537,538
274,82,538,544
83,79,539,540
83,277,540,541
83,278,541,542
83,275,542,543
83,276,543,545
276,82,544,545
362,8,546,-1
11,362,546,547
363,362,547,893
11,363,547,548
364,363,548,932
11,364,548,549
365,364,549,931
11,365,549,587
366,367,550,930
367,365,550,931
365,366,550,551
368,366,551,929
365,368,551,588
369,370,552,928
370,368,552,929
368,369,552,589
371,372,553,927
372,369,553,928
369,371,553,554
373,371,554,926
369,373,554,590
374,375,555,925
375,373,555,926
373,374,555,591
376,377,556,923
377,378,556,924
378,376,556,593
379,380,557,921
380,381,557,922
381,379,557,595
382,383,558,918
383,384,558,919
384,382,558,559
385,382,559,962
384,385,559,560
386,385,560,961
384,386,560,561
387,386,561,961
384,387,561,562
388,387,562,960
384,388,562,563
389,388,563,959
384,389,563,597
390,391,564,958
391,389,564,959
389,390,564,598
392,393,565,956
393,390,565,957
390,392,565,599
394,395,566,954
395,396,566,955
396,394,566,601
36,397,567,846
397,394,567,953
394,36,567,568
394,37,568,569
394,38,569,570
394,35,570,571
394,32,571,572
394,33,572,602
33,31,573,574
33,29,574,575
33,30,575,602
30,27,576,577
30,26,577,603
26,23,578,579
26,24,579,604
24,20,580,581
24,21,581,605
21,18,582,605
18,16,583,606
16,14,584,585
16,13,585,607
13,11,586,587
13,365,587,588
13,368,588,589
13,369,589,590
13,373,590,591
13,374,591,592
378,374,592,924
13,378,592,593
13,376,593,594
381,376,594,922
13,381,594,595
13,379,595,596
384,379,596,920
13,384,596,597
13,389,597,598
13,390,598,599
13,392,599,600
396,392,600,955
13,396,600,601
13,394,601,608
394,30,602,603
394,26,603,604
394,24,604,608
24,18,605,606
24,16,606,607
24,13,607,608
279,77,609,610
279,78,610,614
78,75,611,614
75,281,612,613
75,279,613,614
330,342,615,616
330,328,616,617
330,326,617,618
330,327,618,654
327,325,619,655
325,323,620,621
398,323,621,787
325,398,621,622
399,398,622,786
325,399,622,623
400,399,623,786
325,400,623,624
401,400,624,785
325,401,624,625
402,401,625,785
325,402,625,626
403,402,626,784
325,403,626,656
404,405,627,826
405,406,627,783
406,404,627,628
407,404,628,782
406,407,628,629
408,407,629,781
406,408,629,658
409,410,630,780
410,408,630,781
408,409,630,659
411,412,631,779
412,409,631,780
409,411,631,632
413,411,632,778
409,413,632,660
414,415,633,775
415,416,633,776
416,414,633,634
417,414,634,774
416,417,634,662
418,419,635,771
419,420,635,772
420,418,635,664
421,422,636,770
422,418,636,771
418,421,636,665
423,424,637,769
424,421,637,770
421,423,637,666
425,426,638,767
426,427,638,768
427,425,638,667
428,429,639,766
429,425,639,767
425,428,639,668
430,431,640,765
431,428,640,766
428,430,640,641
432,430,641,764
428,432,641,642
433,432,642,763
428,433,642,669
434,435,643,761
435,433,643,762
433,434,643,670
436,437,644,760
437,434,644,761
434,436,644,671
438,439,645,-1
439,436,645,760
436,438,645,646
440,438,646,1178
436,440,646,647
441,440,647,1178
436,441,647,648
442,441,648,1181
436,442,648,649
443,442,649,1180
436,443,649,650
346,443,650,-1
436,346,650,651
436,345,651,652
436,344,652,672
344,330,653,654
344,327,654,655
344,325,655,656
344,403,656,657
406,403,657,783
344,406,657,658
344,408,658,659
344,409,659,660
344,413,660,661
416,413,661,777
344,416,661,662
344,417,662,663
444,417,663,773
344,444,663,672
420,444,664,772
444,418,664,665
444,421,665,666
444,423,666,673
427,423,667,768
423,425,667,668
423,428,668,669
423,433,669,670
423,434,670,671
423,436,671,673
436,444,672,673
282,73,674,675
282,72,675,676
284,71,677,678
284,68,678,683
69,65,679,680
69,287,680,681
69,286,681,682
69,285,682,684
285,68,683,684
66,63,685,686
66,61,686,691
293,61,687,694
61,291,687,688
61,292,688,692
292,290,689,692
290,66,690,691
290,61,691,692
295,293,693,694
295,61,694,695
295,62,695,696
295,59,696,697
295,60,697,698
302,60,698,832
295,302,698,699
295,301,699,700
323,321,701,788
321,317,702,703
321,318,703,789
318,314,704,790
445,315,705,872
314,445,705,706
446,445,706,871
314,446,706,707
447,446,707,870
314,447,707,791
448,449,708,869
449,447,708,870
447,448,708,792
450,451,709,867
451,452,709,868
452,450,709,794
453,454,710,865
454,450,710,866
450,453,710,795
455,456,711,863
456,453,711,864
453,455,711,796
457,458,712,861
458,455,712,862
455,457,712,797
459,460,713,859
460,457,713,860
457,459,713,714
461,459,714,858
457,461,714,715
462,461,715,857
457,462,715,716
463,462,716,856
457,463,716,798
464,465,717,854
465,463,717,855
463,464,717,718
466,464,718,987
463,466,718,719
467,466,719,986
463,467,719,799
468,469,720,985
469,467,720,986
467,468,720,799
470,471,721,984
471,468,721,985
468,470,721,722
472,470,722,983
468,472,722,800
473,474,723,982
474,472,723,983
472,473,723,724
475,473,724,981
472,475,724,801
476,477,725,978
477,478,725,979
478,476,725,726
479,476,726,1072
478,479,726,727
480,479,727,1071
478,480,727,728
481,480,728,1071
478,481,728,729
482,481,729,1070
478,482,729,730
483,482,730,1069
478,483,730,731
484,483,731,1068
478,484,731,803
485,486,732,1067
486,484,732,1068
484,485,732,733
487,485,733,1066
484,487,733,804
488,489,734,1064
489,490,734,1065
490,488,734,735
491,488,735,1063
490,491,735,806
492,493,736,1100
493,491,736,1062
491,492,736,737
494,492,737,1214
491,494,737,738
495,494,738,1218
491,495,738,739
496,495,739,-1
491,496,739,740
497,496,740,1188
491,497,740,741
498,497,741,1187
491,498,741,742
499,498,742,1137
491,499,742,743
500,499,743,1183
491,500,743,744
501,500,744,1136
491,501,744,745
502,501,745,1135
491,502,745,746
113,502,746,1134
491,113,746,747
491,111,747,807
112,110,748,809
110,107,749,810
503,108,750,1126
107,503,750,811
130,504,751,1128
504,128,751,752
504,129,752,812
129,126,753,812
126,122,754,755
505,122,755,1145
126,505,755,756
506,505,756,1191
126,506,756,813
507,508,757,1199
508,509,757,1190
509,507,757,758
510,507,758,1189
509,510,758,759
439,510,759,-1
509,439,759,815
439,437,760,816
437,435,761,762
437,433,762,763
437,432,763,764
437,430,764,765
437,431,765,817
431,429,766,818
429,426,767,819
426,423,768,769
426,424,769,820
424,422,770,821
422,419,771,822
419,444,772,773
419,417,773,774
419,414,774,775
419,415,775,776
419,416,776,777
419,413,777,778
419,411,778,779
419,412,779,823
412,410,780,824
410,407,781,782
410,404,782,825
405,403,783,784
405,402,784,827
402,400,785,828
400,398,786,787
400,323,787,788
400,321,788,789
400,318,789,790
400,314,790,791
400,447,791,792
400,448,792,793
452,448,793,868
400,452,793,794
400,450,794,795
400,453,795,796
400,455,796,797
400,457,797,798
400,463,798,829
463,468,799,800
463,472,800,801
463,475,801,802
511,475,802,980
463,511,802,829
478,511,803,979
511,484,803,804
511,487,804,805
490,487,805,1065
511,490,805,806
511,491,806,807
511,111,807,808
511,112,808,809
511,110,809,810
511,107,810,811
511,503,811,830
504,126,812,813
504,506,813,814
509,506,814,1190
504,509,814,815
504,439,815,816
504,437,816,817
504,431,817,818
504,429,818,819
504,426,819,820
504,424,820,821
504,422,821,822
504,419,822,823
504,412,823,824
504,410,824,825
504,404,825,826
504,405,826,827
504,402,827,828
504,400,828,831
400,511,829,830
400,503,830,831
504,503,831,1128
302,57,832,833
302,58,833,880
58,56,834,881
56,53,835,836
56,50,836,882
51,49,837,838
51,46,838,839
51,47,839,884
47,44,840,841
47,45,841,842
47,42,842,843
47,43,843,885
43,41,844,886
41,36,845,846
41,397,846,847
512,397,847,953
41,512,847,848
513,512,848,993
41,513,848,849
514,513,849,992
41,514,849,850
515,514,850,991
41,515,850,851
516,515,851,990
41,516,851,852
517,516,852,989
41,517,852,853
464,517,853,988
41,464,853,854
41,465,854,855
41,463,855,856
41,462,856,857
41,461,857,858
41,459,858,859
41,460,859,860
41,457,860,861
41,458,861,862
41,455,862,863
41,456,863,864
41,453,864,865
41,454,865,866
41,450,866,867
41,451,867,887
451,448,868,869
451,449,869,888
449,446,870,871
449,445,871,872
449,315,872,873
449,312,873,874
449,313,874,888
313,311,875,889
311,308,876,890
308,306,877,891
306,304,878,892
304,302,879,880
304,58,880,881
304,56,881,882
304,50,882,883
304,51,883,884
304,47,884,885
304,43,885,886
304,41,886,887
304,451,887,892
451,313,888,889
451,311,889,890
451,308,890,891
451,306,891,892
518,362,893,-1
363,518,893,894
519,518,894,1040
363,519,894,932
520,521,895,1039
521,519,895,1040
519,520,895,933
522,523,896,1038
523,520,896,1039
520,522,896,897
524,522,897,1037
520,524,897,934
525,526,898,1035
526,524,898,1036
524,525,898,935
527,528,899,1033
528,525,899,1034
525,527,899,936
529,530,900,1031
530,527,900,1032
527,529,900,901
531,529,901,1030
527,531,901,937
532,533,902,1028
533,531,902,1029
531,532,902,903
534,532,903,1027
531,534,903,938
535,536,904,1025
536,534,904,1026
534,535,904,939
537,538,905,1023
538,535,905,1024
535,537,905,906
539,537,906,973
535,539,906,907
540,539,907,973
535,540,907,908
541,540,908,972
535,541,908,909
542,541,909,971
535,542,909,939
543,544,910,970
544,542,910,971
542,543,910,911
545,543,911,969
542,545,911,940
546,547,912,968
547,545,912,969
545,546,912,941
548,549,913,967
549,546,913,968
546,548,913,942
550,551,914,965
551,552,914,966
552,550,914,915
553,550,915,965
552,553,915,916
554,553,916,964
552,554,916,944
382,555,917,962
555,556,917,963
556,382,917,918
556,383,918,919
556,384,919,920
556,379,920,921
556,380,921,946
380,376,922,923
380,377,923,947
377,374,924,925
377,375,925,948
375,371,926,927
375,372,927,949
372,370,928,950
370,366,929,930
370,367,930,951
367,364,931,952
364,519,932,933
364,520,933,934
364,524,934,935
364,525,935,936
364,527,936,937
364,531,937,938
364,534,938,952
534,542,939,940
534,545,940,941
534,546,941,942
534,548,942,943
552,548,943,966
534,552,943,944
534,554,944,945
556,554,945,963
534,556,945,946
534,380,946,947
534,377,947,948
534,375,948,949
534,372,949,950
534,370,950,951
534,367,951,952
512,394,953,954
512,395,954,994
395,392,955,956
395,393,956,957
395,390,957,958
395,391,958,995
391,388,959,960
391,387,960,996
387,385,961,997
385,555,962,998
555,554,963,964
555,553,964,999
553,551,965,1000
551,548,966,967
551,549,967,1001
549,547,968,1002
547,543,969,970
547,544,970,1008
544,541,971,972
544,540,972,1003
540,537,973,974
557,537,974,1046
540,557,974,975
558,557,975,1045
540,558,975,976
559,558,976,1044
540,559,976,977
560,559,977,1043
540,560,977,1003
476,560,978,1043
560,477,978,1004
477,511,979,980
477,475,980,981
477,473,981,982
477,474,982,1005
474,470,983,984
474,471,984,1006
471,469,985,1007
469,466,986,987
469,464,987,988
469,517,988,989
469,516,989,990
469,515,990,991
469,514,991,992
469,513,992,993
469,512,993,994
469,395,994,995
469,391,995,996
469,387,996,997
469,385,997,998
469,555,998,999
469,553,999,1000
469,551,1000,1001
469,549,1001,1002
469,547,1002,1007
544,560,1003,1004
544,477,1004,1005
544,474,1005,1006
544,471,1006,1008
471,547,1007,1008
561,562,1009,1177
562,518,1009,-1
518,561,1009,1010
563,561,1010,1165
518,563,1010,1011
564,563,1011,1091
518,564,1011,1012
565,564,1012,1090
518,565,1012,1013
566,565,1013,1089
518,566,1013,1014
567,566,1014,1089
518,567,1014,1015
568,567,1015,1088
518,568,1015,1016
569,568,1016,1088
518,569,1016,1017
570,569,1017,1087
518,570,1017,1018
571,570,1018,1086
518,571,1018,1019
572,571,1019,1085
518,572,1019,1020
573,572,1020,1085
518,573,1020,1041
574,575,1021,1047
575,573,1021,1084
573,574,1021,1022
537,574,1022,1046
573,537,1022,1023
573,538,1023,1024
573,535,1024,1025
573,536,1025,1026
573,534,1026,1027
573,532,1027,1028
573,533,1028,1029
573,531,1029,1030
573,529,1030,1031
573,530,1031,1032
573,527,1032,1033
573,528,1033,1034
573,525,1034,1035
573,526,1035,1036
573,524,1036,1037
573,522,1037,1038
573,523,1038,1042
523,521,1039,1042
521,518,1040,1041
521,573,1041,1042
476,559,1043,1044
476,558,1044,1045
476,557,1045,1072
557,574,1046,1047
557,575,1047,1048
576,575,1048,1084
557,576,1048,1049
577,576,1049,1114
557,577,1049,1050
578,577,1050,1114
557,578,1050,1051
579,578,1051,1113
557,579,1051,1052
580,579,1052,1112
557,580,1052,1053
581,580,1053,1111
557,581,1053,1073
582,583,1054,1124
583,581,1054,1111
581,582,1054,1055
584,582,1055,1110
581,584,1055,1056
585,584,1056,1109
581,585,1056,1074
586,587,1057,1107
587,588,1057,1108
588,586,1057,1076
589,590,1058,1104
590,591,1058,1105
591,589,1058,1083
592,593,1059,1121
593,594,1059,1103
594,592,1059,1060
595,592,1060,1102
594,595,1060,1078
493,596,1061,1101
596,595,1061,1102
595,493,1061,1062
595,491,1062,1063
595,488,1063,1064
595,489,1064,1079
489,487,1065,1066
489,485,1066,1067
489,486,1067,1080
486,483,1068,1069
486,482,1069,1070
486,481,1070,1081
481,479,1071,1082
479,557,1072,1073
479,581,1073,1074
479,585,1074,1075
588,585,1075,1108
479,588,1075,1076
479,586,1076,1077
591,586,1077,1106
479,591,1077,1082
594,589,1078,1103
589,595,1078,1079
589,489,1079,1080
589,486,1080,1081
589,481,1081,1083
481,591,1082,1083
576,573,1084,1115
573,571,1085,1086
573,570,1086,1087
573,569,1087,1116
569,567,1088,1117
567,565,1089,1090
567,564,1090,1091
567,563,1091,1092
597,563,1092,1175
567,597,1092,1093
598,597,1093,1175
567,598,1093,1094
599,598,1094,1174
567,599,1094,1095
600,599,1095,1173
567,600,1095,1096
601,600,1096,1172
567,601,1096,1097
602,601,1097,-1
567,602,1097,1098
603,602,1098,1217
567,603,1098,1118
604,605,1099,1215
605,603,1099,1216
603,604,1099,1118
492,604,1100,1214
604,493,1100,1101
604,596,1101,1119
596,592,1102,1120
593,589,1103,1104
593,590,1104,1105
593,591,1105,1106
593,586,1106,1107
593,587,1107,1122
587,585,1108,1109
587,584,1109,1110
587,582,1110,1123
583,580,1111,1112
583,579,1112,1113
583,578,1113,1125
578,576,1114,1115
578,573,1115,1116
578,569,1116,1117
578,567,1117,1125
567,604,1118,1119
567,596,1119,1120
567,592,1120,1121
567,593,1121,1122
567,587,1122,1123
567,582,1123,1124
567,583,1124,1125
503,131,1126,1127
503,130,1127,1128
606,607,1129,-33458
607,608,1129,-33458
608,606,1129,1133
609,610,1130,-33458
610,606,1130,-33458
606,609,1130,1131
611,609,1131,-33458
606,611,1131,1132
612,611,1132,-33458
606,612,1132,1133
608,612,1133,-33458
114,502,1134,1135
114,501,1135,1136
114,500,1136,1153
499,613,1137,1183
613,498,1137,1138
614,498,1138,1187
613,614,1138,1139
615,614,1139,1197
613,615,1139,1156
616,617,1140,1203
617,615,1140,1196
615,616,1140,1141
618,616,1141,1203
615,618,1141,1142
619,618,1142,1202
615,619,1142,1157
620,621,1143,1209
621,622,1143,1210
622,620,1143,1159
623,624,1144,1193
624,625,1144,1213
625,623,1144,1160
505,623,1145,1192
623,122,1145,1146
623,123,1146,1161
123,132,1147,1148
123,121,1148,1149
123,120,1149,1150
123,119,1150,1151
123,117,1151,1152
123,118,1152,1162
115,500,1153,1154
626,500,1154,1182
115,626,1154,1155
613,626,1155,1182
115,613,1155,1156
115,615,1156,1157
115,619,1157,1158
622,619,1158,1202
115,622,1158,1159
115,620,1159,1164
625,620,1160,1208
620,623,1160,1161
620,123,1161,1162
620,118,1162,1163
620,116,1163,1164
627,561,1165,1177
563,627,1165,1166
628,627,1166,1176
563,628,1166,1167
629,628,1167,-1
563,629,1167,1168
630,629,1168,1184
563,630,1168,1169
631,630,1169,1186
563,631,1169,1170
632,631,1170,1186
563,632,1170,1171
601,632,1171,-1
563,601,1171,1172
563,600,1172,1173
563,599,1173,1174
563,598,1174,1175
628,562,1176,-1
562,627,1176,1177
441,438,1178,1179
633,438,1179,-1
441,633,1179,1181
443,633,1180,-1
633,442,1180,1181
613,500,1182,1183
634,629,1184,-1
630,634,1184,1185
632,634,1185,-1
630,632,1185,1186
614,497,1187,1188
614,496,1188,1198
510,496,1189,-1
496,507,1189,1201
508,506,1190,1191
508,505,1191,1192
508,623,1192,1193
508,624,1193,1194
635,624,1194,1213
508,635,1194,1199
636,637,1195,1205
637,635,1195,1212
635,636,1195,1200
617,636,1196,1204
636,615,1196,1197
636,614,1197,1198
636,496,1198,1200
507,635,1199,1201
635,496,1200,1201
622,618,1202,1210
618,617,1203,1204
618,636,1204,1205
618,637,1205,1206
638,637,1206,1211
618,638,1206,1207
625,638,1207,1211
618,625,1207,1208
618,620,1208,1209
618,621,1209,1210
625,637,1211,1212
625,635,1212,1213
494,604,1214,1215
494,605,1215,1216
494,603,1216,1218
495,602,1217,-1
603,495,1217,1218