0,1,0,176
1,2,0,177
2,0,0,1
3,0,1,175
2,3,1,2
4,3,2,174
2,4,2,56
5,6,3,197
6,4,3,174
4,5,3,4
7,5,4,173
4,7,4,57
8,9,5,172
9,7,5,173
7,8,5,6
10,8,6,171
7,10,6,58
11,12,7,194
12,10,7,171
10,11,7,8
13,11,8,170
10,13,8,59
14,15,9,169
15,13,9,170
13,14,9,10
16,14,10,168
13,16,10,60
17,18,11,166
18,19,11,167
19,17,11,12
20,17,12,165
19,20,12,13
21,20,13,164
19,21,13,14
22,21,14,163
19,22,14,62
23,24,15,161
24,25,15,162
25,23,15,64
26,27,16,160
27,23,16,161
23,26,16,17
28,26,17,159
23,28,17,65
29,30,18,157
30,28,18,158
28,29,18,66
31,32,19,155
32,29,19,156
29,31,19,67
33,34,20,152
34,35,20,153
35,33,20,70
36,37,21,150
37,38,21,151
38,36,21,22
39,36,22,149
38,39,22,72
40,41,23,147
41,39,23,148
39,40,23,73
42,43,24,145
43,44,24,146
44,42,24,75
45,46,25,144
46,42,25,145
42,45,25,76
47,48,26,143
48,45,26,144
45,47,26,77
49,50,27,142
50,47,27,143
47,49,27,78
51,52,28,141
52,49,28,142
49,51,28,79
53,54,29,139
54,51,29,140
51,53,29,80
55,56,30,229
56,53,30,138
53,55,30,31
57,55,31,357
53,57,31,32
58,57,32,356
53,58,32,33
59,58,33,355
53,59,33,34
60,59,34,354
53,60,34,35
61,60,35,353
53,61,35,36
62,61,36,352
53,62,36,37
63,62,37,351
53,63,37,38
64,63,38,350
53,64,38,39
65,64,39,349
53,65,39,81
66,67,40,345
67,68,40,346
68,66,40,84
69,70,41,342
70,71,41,343
71,69,41,86
72,73,42,340
73,69,42,341
69,72,42,43
74,72,43,339
69,74,43,87
75,76,44,337
76,74,44,338
74,75,44,45
77,75,45,336
74,77,45,88
78,79,46,334
79,77,46,335
77,78,46,89
80,81,47,332
81,78,47,333
78,80,47,90
82,83,48,328
83,84,48,329
84,82,48,93
85,86,49,326
86,82,49,327
82,85,49,94
87,88,50,324
88,85,50,325
85,87,50,95
89,90,51,-1
90,87,51,323
87,89,51,52
91,89,52,446
87,91,52,96
92,93,53,445
93,91,53,446
91,92,53,97
94,95,54,444
95,92,54,445
92,94,54,98
96,97,55,-1
97,94,55,444
94,96,55,98
2,96,56,-1
96,4,56,57
96,7,57,58
96,10,58,59
96,13,59,60
96,16,60,61
19,16,61,167
96,19,61,62
96,22,62,63
25,22,63,162
96,25,63,64
96,23,64,65
96,28,65,66
96,29,66,67
96,31,67,68
98,31,68,154
96,98,68,69
35,98,69,153
96,35,69,70
96,33,70,71
38,33,71,151
96,38,71,72
96,39,72,73
96,40,73,74
44,40,74,146
96,44,74,75
96,42,75,76
96,45,76,77
96,47,77,78
96,49,78,79
96,51,79,80
96,53,80,81
96,65,81,82
99,65,82,348
96,99,82,83
68,99,83,347
96,68,83,84
96,66,84,85
71,66,85,344
96,71,85,86
96,69,86,87
96,74,87,88
96,77,88,89
96,78,89,90
96,80,90,91
100,80,91,331
96,100,91,92
84,100,92,330
96,84,92,93
96,82,93,94
96,85,94,95
96,87,95,96
96,91,96,97
96,92,97,98
101,102,99,263
102,2,99,-1
2,101,99,100
103,101,100,262
2,103,100,101
104,103,101,262
2,104,101,102
105,104,102,261
2,105,102,103
106,105,103,260
2,106,103,104
107,106,104,259
2,107,104,105
108,107,105,258
2,108,105,106
109,108,106,258
2,109,106,107
110,109,107,257
2,110,107,108
111,110,108,257
2,111,108,109
112,111,109,256
2,112,109,110
113,112,110,255
2,113,110,111
114,113,111,255
2,114,111,112
115,114,112,254
2,115,112,113
116,115,113,254
2,116,113,114
117,116,114,253
2,117,114,115
118,117,115,253
2,118,115,116
119,118,116,252
2,119,116,117
120,119,117,251
2,120,117,118
121,120,118,251
2,121,118,119
122,121,119,250
2,122,119,120
123,122,120,250
2,123,120,121
124,123,121,249
2,124,121,122
125,124,122,248
2,125,122,123
126,125,123,247
2,126,123,124
127,126,124,247
2,127,124,125
128,127,125,280
2,128,125,126
129,128,126,246
2,129,126,127
130,129,127,245
2,130,127,128
131,130,128,244
2,131,128,129
132,131,129,243
2,132,129,130
133,132,130,242
2,133,130,131
134,133,131,241
2,134,131,177
135,136,132,239
136,137,132,240
137,135,132,133
138,135,133,238
137,138,133,179
139,140,134,236
140,138,134,237
138,139,134,180
141,142,135,234
142,139,135,235
139,141,135,181
143,144,136,232
144,141,136,233
141,143,136,182
56,145,137,230
145,143,137,231
143,56,137,138
143,53,138,139
143,54,139,140
143,51,140,141
143,52,141,183
52,50,142,184
50,48,143,185
48,46,144,186
46,43,145,187
43,40,146,147
43,41,147,148
43,39,148,149
43,36,149,150
43,37,150,188
37,33,151,152
37,34,152,189
34,98,153,154
34,31,154,155
34,32,155,156
34,29,156,157
34,30,157,158
34,28,158,159
34,26,159,160
34,27,160,190
27,24,161,190
24,22,162,163
24,21,163,164
24,20,164,165
24,17,165,166
24,18,166,191
18,16,167,168
18,14,168,169
18,15,169,192
15,11,170,193
12,8,171,172
12,9,172,195
9,5,173,196
6,3,174,175
6,0,175,176
6,1,176,198
1,134,177,178
137,134,178,240
1,137,178,179
1,138,179,180
1,139,180,181
1,141,181,182
1,143,182,183
1,52,183,184
1,50,184,185
1,48,185,186
1,46,186,187
1,43,187,188
1,37,188,189
1,34,189,198
34,24,190,191
34,18,191,192
34,15,192,193
34,11,193,194
34,12,194,195
34,9,195,196
34,5,196,197
34,6,197,198
146,147,199,-1
147,102,199,-1
102,146,199,200
148,146,200,-1
102,148,200,201
149,148,201,391
102,149,201,263
150,151,202,389
151,149,202,390
149,150,202,264
152,153,203,420
153,150,203,389
150,152,203,204
154,152,204,388
150,154,204,265
155,156,205,387
156,154,205,388
154,155,205,266
157,158,206,417
158,159,206,386
159,157,206,207
160,157,207,385
159,160,207,208
161,160,208,384
159,161,208,268
162,163,209,383
163,161,209,384
161,162,209,210
164,162,210,382
161,164,210,269
165,166,211,414
166,167,211,381
167,165,211,212
168,165,212,380
167,168,212,213
169,168,213,379
167,169,213,271
170,171,214,378
171,169,214,379
169,170,214,272
172,173,215,377
173,170,215,378
170,172,215,216
174,172,216,376
170,174,216,217
175,174,217,375
170,175,217,273
176,177,218,410
177,175,218,375
175,176,218,219
178,176,219,302
175,178,219,274
179,180,220,301
180,178,220,302
178,179,220,221
181,179,221,300
178,181,221,275
182,183,222,299
183,181,222,300
181,182,222,223
184,182,223,298
181,184,223,287
185,186,224,297
186,184,224,298
184,185,224,288
187,188,225,295
188,189,225,296
189,187,225,276
190,191,226,294
191,187,226,295
187,190,226,277
192,193,227,293
193,190,227,294
190,192,227,277
55,194,228,357
194,192,228,293
192,55,228,229
192,56,229,230
192,145,230,231
192,143,231,232
192,144,232,233
192,141,233,234
192,142,234,235
192,139,235,236
192,140,236,237
192,138,237,238
192,135,238,239
192,136,239,278
136,134,240,241
136,133,241,242
136,132,242,243
136,131,243,244
136,130,244,245
136,129,245,246
136,128,246,279
127,125,247,248
127,124,248,249
127,123,249,281
123,121,250,290
121,119,251,252
121,118,252,282
118,116,253,282
116,114,254,283
114,112,255,256
114,111,256,284
111,109,257,285
109,107,258,259
109,106,259,260
109,105,260,261
109,104,261,285
104,101,262,286
101,149,263,264
101,150,264,265
101,154,265,266
101,155,266,267
159,155,267,386
101,159,267,268
101,161,268,269
101,164,269,270
167,164,270,381
101,167,270,271
101,169,271,272
101,170,272,273
101,175,273,274
101,178,274,275
101,181,275,286
189,185,276,296
185,187,276,289
187,192,277,278
187,136,278,279
187,128,279,280
187,127,280,281
187,123,281,289
121,116,282,283
121,114,283,284
121,111,284,290
111,104,285,291
104,181,286,287
104,184,287,288
104,185,288,292
185,123,289,292
123,111,290,291
123,104,291,292
194,193,293,358
193,191,294,359
191,188,295,359
188,185,296,297
188,186,297,360
186,182,298,299
186,183,299,361
183,179,300,301
183,180,301,362
180,176,302,303
195,176,303,409
180,195,303,363
196,197,304,428
197,195,304,409
195,196,304,305
198,196,305,408
195,198,305,364
199,200,306,427
200,198,306,408
198,199,306,307
201,199,307,407
198,201,307,308
202,201,308,406
198,202,308,365
203,204,309,404
204,202,309,405
202,203,309,366
205,206,310,403
206,203,310,404
203,205,310,311
207,205,311,402
203,207,311,367
208,209,312,401
209,207,312,402
207,208,312,313
210,208,313,400
207,210,313,368
211,212,314,430
212,210,314,400
210,211,314,315
213,211,315,399
210,213,315,369
214,215,316,398
215,213,316,399
213,214,316,317
216,214,317,397
213,216,317,370
217,218,318,432
218,216,318,396
216,217,318,371
219,220,319,441
220,217,319,442
217,219,319,320
221,219,320,440
217,221,320,372
222,223,321,438
223,221,321,439
221,222,321,373
90,224,322,-1
224,222,322,437
222,90,322,323
222,87,323,324
222,88,324,325
222,85,325,326
222,86,326,327
222,82,327,328
222,83,328,329
222,84,329,330
222,100,330,331
222,80,331,332
222,81,332,333
222,78,333,334
222,79,334,335
222,77,335,336
222,75,336,337
222,76,337,338
222,74,338,339
222,72,339,340
222,73,340,341
222,69,341,342
222,70,342,343
222,71,343,344
222,66,344,345
222,67,345,346
222,68,346,347
222,99,347,348
222,65,348,349
222,64,349,350
222,63,350,351
222,62,351,352
222,61,352,353
222,60,353,354
222,59,354,355
222,58,355,356
222,57,356,374
57,194,357,358
57,193,358,374
193,188,359,360
193,186,360,361
193,183,361,362
193,180,362,363
193,195,363,364
193,198,364,365
193,202,365,366
193,203,366,367
193,207,367,368
193,210,368,369
193,213,369,370
193,216,370,371
193,217,371,372
193,221,372,373
193,222,373,374
177,174,375,376
177,172,376,377
177,173,377,411
173,171,378,412
171,168,379,380
171,165,380,413
166,164,381,382
166,162,382,383
166,163,383,415
163,160,384,385
163,157,385,416
158,155,386,387
158,156,387,418
156,152,388,419
153,151,389,390
153,149,390,421
225,148,391,-1
149,225,391,392
226,225,392,435
149,226,392,393
227,226,393,435
149,227,393,394
228,227,394,434
149,228,394,422
229,230,395,433
230,228,395,434
228,229,395,423
218,229,396,432
229,216,396,397
229,214,397,398
229,215,398,424
215,211,399,425
212,208,400,401
212,209,401,426
209,205,402,403
209,206,403,426
206,204,404,405
206,202,405,406
206,201,406,407
206,199,407,431
200,196,408,427
197,176,409,410
197,177,410,411
197,173,411,412
197,171,412,413
197,165,413,414
197,166,414,415
197,163,415,416
197,157,416,417
197,158,417,418
197,156,418,419
197,152,419,420
197,153,420,421
197,149,421,422
197,228,422,423
197,229,423,424
197,215,424,425
197,211,425,429
212,206,426,430
199,196,427,428
199,197,428,429
199,211,429,431
211,206,430,431
217,229,432,433
217,230,433,443
230,227,434,443
227,225,435,436
224,225,436,-1
227,224,436,437
227,222,437,438
227,223,438,439
227,221,439,440
227,219,440,441
227,220,441,442
227,217,442,443
97,95,444,448
95,93,445,449
93,89,446,447
231,89,447,-1
93,231,447,449
97,231,448,-1
231,95,448,449