-134.901024,36.765471,0,1,156,157,158,159,160,161,162,163,164,165,166,167,174,175
-135.0,36.766667,0,90,91,92,93,94,95,96,97,98,99,100,101,102,103,104,105,106,107,108,109,110,111,112,113,114,157
-135.0,22.5,0,1,2,3,4,5,6,7,8,9,10,11,12,13,14,15,16,17,18,19,20,21,22,23,24,25,26,27,28,29,67,68
-134.898658,36.699928,1,2,155,156
-134.434942,36.368282,2,3,155
-134.399454,36.368312,3,4,154,155,156,174
-134.000164,36.033678,4,5,153,154
-133.999618,36.000132,5,6,153
-133.834853,36.000773,6,7,152,153,154,173,174,175
-133.66592,35.834187,7,8,151,152
-133.666961,35.766712,8,9,150,151
-133.333396,35.599742,9,10,150
-133.266819,35.600334,10,11,149,150,151,152,172,173
-132.86757,35.232694,11,12,148,149
-132.866858,35.199398,12,13,148
-132.700223,35.132659,13,14,148,149,171,172
-132.266735,34.833725,14,15,147,170,171
-132.266437,34.76619,15,16,147
-132.033457,34.66767,16,17,146,147,169,170
-132.032316,34.599593,17,18,145,146
-131.433739,34.23362,18,19,145
-131.399631,34.234273,19,20,144,145,146,168,169
-131.066643,33.966517,20,21,143,144
-131.067897,33.93241,21,22,142,143
-130.700888,33.599195,22,23,141,142
-130.400462,33.267729,23,24,140,141
-129.933388,33.030843,24,25,140
-129.867769,33.033596,25,26,139,140,141,142,143,144,168
-129.332496,32.500132,26,27,138,139
-128.933341,32.267707,27,28,137,138
-128.566058,32.367012,28,29,136,137
-128.467158,32.365123,29,30,68,69,136
-128.000414,32.665847,30,31,32,69,70,135
-128.467506,32.434233,30,135,136,137,138,139,167,168,169,170,171,172,173,175
-127.900098,32.73448,31,32,133,134
-128.001054,32.734295,31,134,135,166,167
-127.600046,32.866425,32,33,70,71,133
-127.365722,32.89817,33,34,71,72,131,132
-127.599574,32.898974,33,132,133,134,165,166
-126.633497,33.232763,34,35,36,72,73,130
-126.668565,33.234072,34,130,131
-125.933393,33.666623,35,36,128,129
-126.533881,33.331992,35,129,130,131,132,164,165
-125.832742,33.666441,36,37,73,74,128
-125.13289,34.13376,37,38,39,74,75,127
-125.433215,34.033793,37,127,128,129,163,164
-124.966575,34.201014,38,39,125,126
-125.132497,34.198567,38,126,127,162,163
-124.633625,34.299663,39,75,76,124,125
-123.398158,34.699611,40,41,42,43,44,77,78,122,123
-123.966087,34.600888,40,123,124,125,126,161,162
-123.966964,34.533738,40,76,77,124
-121.800094,34.366544,41,42,304,305
-122.467005,35.00121,41,121,122,255,256,305,306
-121.799761,34.333151,42,43,303,304
-121.73348,34.299718,43,44,302,303
-121.400146,33.965439,44,45,46,78,79,301,302
-121.032179,33.599518,45,46,299,300
-121.366029,33.966322,45,300,301
-121.032655,33.566618,46,47,48,49,79,80,298,299
-120.633521,33.235191,47,48,296,297
-121.000242,33.567808,47,297,298
-120.166909,32.731967,48,49,295,296
-120.166363,32.698972,49,80,81,294,295
-119.100492,32.234485,50,51,291,292
-119.799613,32.632541,50,292,293
-119.933679,32.632417,50,51,52,53,81,82,293,294
-119.099551,32.16751,51,52,290,291
-118.568136,31.699641,52,53,289,290
-116.665999,29.7326,53,82,83,288,289
-115.634287,28.967204,54,55,84,85,285,286
-116.067221,29.467419,54,286,287
-116.133822,29.466485,54,83,84,287,288
-115.065854,28.667034,55,56,85,86,283,284
-115.466372,28.933005,55,284,285
-114.800255,28.399199,56,86,87,281,282
-114.999998,28.667442,56,282,283
-113.699643,27.566437,57,58,88,89,278,279
-114.09929,28.033655,57,279,280
-114.132929,28.033421,57,87,88,280,281
-113.199518,27.066324,58,59,60,61,62,63,64,89,276,277
-113.634151,27.566682,58,277,278
-112.5,25.166667,59,60,382,383
-112.5,26.7,59,275,276
-112.832563,24.83283,60,61,381,382
-112.866097,24.833906,61,62,380,381
-113.200004,23.967673,62,63,380
-113.200233,23.500449,63,64,379,380,381,382,383,385
-113.233773,23.499689,64,65,66,67,68,69,70,71,72,73,74,75,76,77,78,79,80,81,82,83,84,85,86,87,88,89,379
-113.433335,22.666826,65,66,378
-113.233244,23.067014,65,378,379,384,385
-113.5,22.5,66,67,378,384
-134.267733,40.667543,90,91,228,229,230,231,232,233,234,235,236,237,238,239,250,251
-135.0,40.733333,90,176,177,229
-133.832294,40.466375,91,92,227,228
-133.834086,40.43371,92,93,226,227
-133.299679,40.200199,93,94,226
-132.933586,40.199415,94,95,225,226,227,228,249,250
-132.267259,39.966223,95,96,225
-132.066738,39.933049,96,97,224,225,248,249
-131.466218,39.667519,97,98,223,224
-131.467236,39.633591,98,99,223
-130.999074,39.634431,99,100,222,223,224,247,248
-130.433875,39.399205,100,101,221,222
-130.432548,39.36496,101,102,221
-130.13314,39.36638,102,103,220,221,222,246,247
-129.866621,39.166373,103,104,220
-129.099421,39.100762,104,105,219,220,246
-129.099982,39.06601,105,106,219
-128.900817,39.06811,106,107,218,219,245,246,247,248,249,250,251,252,253,254
-128.301031,38.433562,107,108,217,218
-127.700537,37.867468,108,109,216,217
-127.700522,37.798677,109,110,215,216
-127.166049,37.533738,110,111,214,215
-126.666786,37.334327,111,112,214
-126.633283,37.333329,112,113,213,214,215,216,217,218,244,245
-126.369564,37.066562,113,114,212,213
-126.365612,36.999608,114,115,116,157,158,212
-125.26659,36.466179,115,116,210,211
-125.433671,36.632911,115,211,212,213,243,244
-125.266843,36.432631,116,117,118,119,158,159,210
-124.734078,36.198066,117,118,208,209
-125.032619,36.433987,117,209,210,211,242,243
-124.434318,35.932872,118,119,207,208
-124.434916,35.901386,119,159,160,206,207
-122.466129,35.033606,120,121,205,255
-122.899465,35.497509,120,205,206,207,208,209,241,242
-123.534394,35.6331,120,121,122,123,160,161,206
-112.5,45.0,176,177
-135.0,45.0,176
-112.5,42.866667,177,178,229,230,337,338
-112.866531,42.499842,178,179,180,181,230,231,336
-112.833838,42.500174,178,336,337
-113.333067,41.899532,179,180,334,335
-112.866164,42.43276,179,335,336,337,338,339,340,360,361
-113.666603,41.566738,180,181,333,334
-113.732331,41.566924,181,231,232,332,333
-114.433879,40.632881,182,183,331,358,359
-113.967231,41.167943,182,332,333,334,335,359,360
-113.968401,41.266309,182,183,184,232,233,332
-114.933657,40.132483,183,184,330,331
-114.966021,40.134269,184,185,186,233,234,330
-115.133252,39.867794,185,186,328,329
-114.967639,40.032338,185,329,330,331,357,358
-115.199376,39.866152,186,187,188,234,235,328
-115.300113,39.632692,187,188,326,327
-115.200979,39.732813,187,327,328,329,356,357
-115.366104,39.635025,188,189,190,191,235,236,326
-115.664124,39.166235,189,190,325,354,355
-115.36882,39.534052,189,326,327,355,356
-116.132099,38.700268,190,191,324,325
-116.16563,38.699211,191,192,236,237,324
-116.466278,38.16573,192,193,194,237,238,323
-116.166186,38.60003,192,323,324,325,353,354
-116.999086,37.533186,193,194,321,322
-116.466072,38.133861,193,322,323,352,353
-117.066216,37.532967,194,195,196,238,239,321
-117.399976,37.000252,195,196,319,320
-117.067755,37.401862,195,320,321,322,351,352
-117.567256,36.765286,196,197,198,199,200,239,251,252,319
-117.93375,36.500058,197,198,261,262,311,312,313,314,318
-117.566976,36.665237,197,262,319,320,350,351
-118.36529,36.433785,198,199,261
-118.698747,36.332811,199,200,260,261,310,311
-119.63135,36.167602,200,252,253,259,260
-120.26723,35.833306,201,202,258,308,309
-119.932637,36.001161,201,259,260,309,310
-119.932698,36.065176,201,202,253,254,259
-120.565507,35.833368,202,203,240,241,242,243,244,245,254,258
-121.500355,35.301072,203,204,240,257
-121.167071,35.433112,203,257,258,307,308
-122.100194,35.232607,204,205,240,241,255,256
-121.499036,35.266396,204,256,257,306,307
-117.232681,36.433732,262,263,264,312,350
-116.76637,36.298263,263,264,349,366,367
-117.032005,36.433886,263,350,351,352,353,354,355,356,357,358,359,360,361,362,363,364,365,367
-116.767431,36.231804,264,265,266,267,312,313,349
-116.299754,36.066741,265,266,348,365,366,367
-116.700549,36.233401,265,349,366
-115.864787,35.799659,266,267,347,348
-115.864889,35.766186,267,268,313,314,346,347
-115.133129,35.40108,268,314,315,316,317,318,344,345
-115.533439,35.632962,268,345,346
-114.432988,35.133523,269,270,271,315,316,343
-114.433539,35.200789,269,343,344,345,346,347,348,364,365
-114.600835,35.200031,269,315,344
-114.00016,35.000713,270,271,342,368
-114.267287,35.133235,270,342,343,363,364
-113.89944,34.899759,271,272,273,316,317,368,369,376,377
-113.200333,34.534313,272,273,374,375
-113.66601,34.900489,272,375,376
-113.199466,34.500815,273,274,275,276,277,278,279,280,281,282,283,284,285,286,287,288,289,290,291,292,293,294,295,296,297,298,299,300,301,302,303,304,305,306,307,308,309,310,311,317,318,373,374
-112.5,34.2,274,275,371,372
-112.999508,34.500249,274,372,373
-112.5,35.2,338,339,371
-113.001124,35.066662,339,340,370,371,372,373,374,375,376,377
-113.500762,35.134216,340,341,361,362,370
-113.833896,35.066228,341,342,362,363,368,369
-113.498536,35.068539,341,369,370,377
-112.5,22.5,383,384,385