0,1,2,1,1,1,29152
3,2,4,1,0,1
5,4,6,1,0,1
7,8,9,1,1,1
10,9,11,1,0,1
12,13,14,1,1,1
15,14,16,1,0,1
17,18,19,1,1,1
20,19,21,1,0,1
22,23,24,1,1,1
25,24,26,1,0,1
27,28,29,1,1,1
30,29,31,1,0,1
32,31,33,1,0,1
34,33,35,1,0,1
36,37,38,1,1,1
39,40,41,1,1,1
42,41,43,1,0,1
44,45,46,1,1,1
47,48,49,1,1,1
50,51,52,1,1,1
53,54,55,1,1,1
56,55,57,1,0,1
58,59,60,1,1,1
61,62,63,1,1,1
64,65,66,1,1,1
67,68,69,1,1,1
70,71,72,1,1,1
73,74,75,1,1,1
76,77,78,1,1,1
79,80,81,1,1,1
82,81,83,1,0,1
84,83,85,1,0,1
86,85,87,1,0,1
88,87,89,1,0,1
90,89,91,1,0,1
92,91,93,1,0,1
94,93,95,1,0,1
96,95,97,1,0,1
98,97,99,1,0,1
100,101,102,1,1,1
103,104,105,1,1,1
106,107,108,1,1,1
109,108,110,1,0,1
111,112,113,1,1,1
114,113,115,1,0,1
116,117,118,1,1,1
119,120,121,1,1,1
122,123,124,1,1,1
125,126,127,1,1,1
128,129,130,1,1,1
131,132,133,1,1,1
134,133,135,1,0,1
136,137,138,1,1,1
139,140,141,1,1,1
142,143,144,1,1,1
6,145,146,0,1,1
11,146,147,0,0,1
16,147,148,0,0,1
21,148,149,0,0,1
26,149,150,0,0,1
151,150,152,1,0,1
35,152,153,0,0,1
154,153,155,1,0,1
38,155,156,0,0,1
43,156,157,0,0,1
46,157,158,0,0,1
49,158,159,0,0,1
160,159,161,1,0,1
162,161,163,1,0,1
52,163,164,0,0,1
165,164,166,1,0,1
57,166,167,0,0,1
60,167,168,0,0,1
169,168,170,1,0,1
63,170,171,0,0,1
66,171,172,0,0,1
69,172,173,0,0,1
72,173,174,0,0,1
75,174,175,0,0,1
78,175,176,0,0,1
99,176,177,0,0,1
178,177,179,1,0,1
180,179,181,1,0,1
102,181,182,0,0,1
183,182,184,1,0,1
105,184,185,0,0,1
110,185,186,0,0,1
115,186,187,0,0,1
118,187,188,0,0,1
121,188,189,0,0,1
190,189,191,1,0,1
192,191,193,1,0,1
124,193,194,0,0,1
127,194,195,0,0,1
130,195,196,0,0,1
135,196,197,0,0,1
138,197,198,0,0,1
141,198,144,0,0,0
199,200,201,1,1,1,29920
202,201,203,1,0,1
204,203,205,1,0,1
206,205,207,1,0,1
208,207,209,1,0,1
210,209,211,1,0,1
212,211,213,1,0,1
214,213,215,1,0,1
216,215,217,1,0,1
218,217,219,1,0,1
220,219,221,1,0,1
222,221,223,1,0,1
224,223,225,1,0,1
226,225,227,1,0,1
228,227,229,1,0,1
230,229,231,1,0,1
232,231,233,1,0,1
234,233,235,1,0,1
236,235,237,1,0,1
238,237,239,1,0,1
240,239,241,1,0,1
242,241,243,1,0,1
244,243,245,1,0,1
246,245,247,1,0,1
248,247,249,1,0,1
250,249,251,1,0,1
252,251,253,1,0,1
254,253,255,1,0,1
256,255,257,1,0,1
258,257,259,1,0,1
260,259,261,1,0,1
262,261,263,1,0,1
264,263,265,1,0,1
266,267,268,1,1,1
269,268,270,1,0,1
271,272,273,1,1,1
274,275,276,1,1,1
277,278,279,1,1,1
280,281,282,1,1,1
80,282,283,0,0,1
76,283,284,0,0,1
77,284,285,0,0,1
73,285,286,0,0,1
70,74,287,0,0,1
67,71,288,0,0,1
64,68,289,0,0,1
61,65,290,0,0,1
169,62,291,0,0,1
58,291,292,0,0,1
59,292,293,0,0,1
56,293,294,0,0,1
53,294,295,0,0,1
165,54,296,0,0,1
50,296,297,0,0,1
162,51,298,0,0,1
160,298,299,0,0,1
47,299,300,0,0,1
48,300,301,0,0,1
44,301,302,0,0,1
45,302,303,0,0,1
42,303,304,0,0,1
39,304,305,0,0,1
36,40,306,0,0,1
154,37,307,0,0,1
34,307,308,0,0,1
32,308,309,0,0,1
30,309,310,0,0,1
27,310,311,0,0,1
151,28,312,0,0,1
25,312,313,0,0,1
22,313,314,0,0,1
20,23,315,0,0,1
15,18,316,0,0,1
12,316,317,0,0,1
10,13,318,0,0,1
5,8,319,0,0,1
3,319,320,0,0,1
0,320,321,0,0,1
265,1,322,0,0,1
323,322,324,1,0,1
270,324,325,0,0,1
273,325,326,0,0,1
276,326,327,0,0,1
279,327,328,0,0,1
286,328,329,0,0,1
287,329,330,0,0,1
288,330,331,0,0,1
289,331,332,0,0,1
290,332,333,0,0,1
295,333,334,0,0,1
297,334,335,0,0,1
306,305,336,0,0,1
311,336,337,0,0,1
314,337,338,0,0,1
315,338,339,0,0,1
17,339,340,0,0,1
317,340,341,0,0,1
318,341,342,0,0,1
7,342,343,0,0,1
321,343,335,0,0,0
344,345,346,1,1,1,29696
347,346,348,1,0,1
349,348,350,1,0,1
351,352,353,1,1,1
354,355,356,1,1,1
357,356,358,1,0,1
359,360,361,1,1,1
362,363,364,1,1,1
365,364,366,1,0,1
367,366,368,1,0,1
369,370,371,1,1,1
372,371,373,1,0,1
374,375,376,1,1,1
377,376,378,1,0,1
379,378,380,1,0,1
381,382,383,1,1,1
384,385,386,1,1,1
387,386,388,1,0,1
389,388,390,1,0,1
391,392,393,1,1,1
394,393,395,1,0,1
396,397,398,1,1,1
399,398,400,1,0,1
401,402,403,1,1,1
404,403,405,1,0,1
406,407,408,1,1,1
409,410,411,1,1,1
412,413,414,1,1,1
415,416,417,1,1,1
418,419,420,1,1,1
79,420,421,0,0,1
280,421,422,0,0,1
281,422,423,0,0,1
277,423,424,0,0,1
278,424,425,0,0,1
274,425,426,0,0,1
275,426,427,0,0,1
271,427,428,0,0,1
272,428,429,0,0,1
269,429,430,0,0,1
266,430,431,0,0,1
323,267,432,0,0,1
264,432,433,0,0,1
262,433,434,0,0,1
260,434,435,0,0,1
258,435,436,0,0,1
256,436,437,0,0,1
254,437,438,0,0,1
248,250,439,0,0,1
246,439,440,0,0,1
244,440,441,0,0,1
240,242,442,0,0,1
236,238,443,0,0,1
234,443,444,0,0,1
230,232,445,0,0,1
226,228,446,0,0,1
222,224,447,0,0,1
220,447,448,0,0,1
216,218,449,0,0,1
212,214,450,0,0,1
210,450,451,0,0,1
208,451,452,0,0,1
206,452,453,0,0,1
202,204,454,0,0,1
350,199,455,0,0,1
353,455,456,0,0,1
358,456,457,0,0,1
361,457,458,0,0,1
459,458,460,1,0,1
368,460,461,0,0,1
373,461,462,0,0,1
463,462,464,1,0,1
380,464,465,0,0,1
383,465,466,0,0,1
390,466,467,0,0,1
395,467,468,0,0,1
400,468,469,0,0,1
411,470,471,0,1,1
417,414,472,0,0,1
431,472,473,0,0,1
438,473,474,0,0,1
252,474,475,0,0,1
441,475,476,0,0,1
445,444,477,0,0,1
446,477,478,0,0,1
448,478,479,0,0,1
453,449,480,0,0,1
469,454,481,0,0,1
405,481,482,0,0,1
408,482,483,0,0,1
476,471,484,0,0,1
479,442,485,0,0,1
480,485,486,0,0,1
483,486,484,0,0,0
415,419,487,0,0,1,28928
412,416,488,0,0,1
409,413,489,0,0,1
470,410,490,0,0,1
406,490,491,0,0,1
404,407,492,0,0,1
401,492,493,0,0,1
399,402,494,0,0,1
396,494,495,0,0,1
394,397,496,0,0,1
497,496,498,1,0,1
499,500,501,1,1,1
502,501,503,1,0,1
504,505,506,1,1,1
507,506,508,1,0,1
509,508,510,1,0,1
511,512,513,1,1,1
514,515,516,1,1,1
517,516,518,1,0,1
519,520,521,1,1,1
522,521,523,1,0,1
524,525,526,1,1,1
527,526,528,1,0,1
529,530,531,1,1,1
532,531,533,1,0,1
534,535,536,1,1,1
537,538,539,1,1,1
540,539,541,1,0,1
542,543,544,1,1,1
545,546,547,1,1,1
132,547,548,0,0,1
128,548,549,0,0,1
129,549,550,0,0,1
125,550,551,0,0,1
126,551,552,0,0,1
122,552,553,0,0,1
123,553,554,0,0,1
192,554,555,0,0,1
190,555,556,0,0,1
119,556,557,0,0,1
120,557,558,0,0,1
116,558,559,0,0,1
117,559,560,0,0,1
114,560,561,0,0,1
111,561,562,0,0,1
112,562,563,0,0,1
109,563,564,0,0,1
106,564,565,0,0,1
107,565,566,0,0,1
103,566,567,0,0,1
104,567,568,0,0,1
183,568,569,0,0,1
100,569,570,0,0,1
101,570,571,0,0,1
180,571,572,0,0,1
178,572,573,0,0,1
98,573,574,0,0,1
96,574,575,0,0,1
94,575,576,0,0,1
92,576,577,0,0,1
90,577,578,0,0,1
88,578,579,0,0,1
86,579,580,0,0,1
84,580,581,0,0,1
418,82,582,0,0,1
487,582,583,0,0,1
489,488,584,0,0,1
491,584,585,0,0,1
493,585,586,0,0,1
495,586,587,0,0,1
498,587,588,0,0,1
503,588,589,0,0,1
510,589,590,0,0,1
513,590,591,0,0,1
518,591,592,0,0,1
523,592,593,0,0,1
528,593,594,0,0,1
533,594,595,0,0,1
536,595,596,0,0,1
541,596,597,0,0,1
544,597,598,0,0,1
581,598,583,0,0,0
389,392,599,0,0,1,30208
387,599,600,0,0,1
384,600,601,0,0,1
381,385,602,0,0,1
379,382,603,0,0,1
377,603,604,0,0,1
463,375,605,0,0,1
372,605,606,0,0,1
369,606,607,0,0,1
367,370,608,0,0,1
365,608,609,0,0,1
459,363,610,0,0,1
359,610,611,0,0,1
357,360,612,0,0,1
351,355,613,0,0,1
352,613,614,0,0,1
615,349,616,1,0,1
617,616,618,1,0,1
619,618,620,1,0,1
621,620,622,1,0,1
623,624,625,1,1,1
535,626,627,0,1,1
532,627,628,0,0,1
529,628,629,0,0,1
527,530,630,0,0,1
522,525,631,0,0,1
519,631,632,0,0,1
517,520,633,0,0,1
514,633,634,0,0,1
511,515,635,0,0,1
512,635,636,0,0,1
509,636,637,0,0,1
507,637,638,0,0,1
502,505,639,0,0,1
497,500,640,0,0,1
391,640,641,0,0,1
601,641,642,0,0,1
602,642,643,0,0,1
604,643,644,0,0,1
374,644,645,0,0,1
607,645,646,0,0,1
609,646,647,0,0,1
362,647,648,0,0,1
611,648,649,0,0,1
612,649,650,0,0,1
354,650,651,0,0,1
614,651,652,0,0,1
622,652,653,0,0,1
625,653,654,0,0,1
629,654,655,0,0,1
630,655,656,0,0,1
634,632,657,0,0,1
639,504,658,0,0,1
499,658,659,0,0,1
656,659,660,0,0,1
657,524,661,0,0,1
638,661,660,0,0,0
626,534,662,0,0,1,31232
623,662,663,0,0,1
621,624,664,0,0,1
617,619,665,0,0,1
666,665,667,1,0,1
546,667,668,0,0,1
542,668,669,0,0,1
543,669,670,0,0,1
540,670,671,0,0,1
537,671,672,0,0,1
538,672,673,0,0,1
663,673,664,0,0,0
139,143,674,0,0,1,29072
136,140,675,0,0,1
134,137,676,0,0,1
677,676,678,1,0,1
674,679,680,0,1,1
675,680,678,0,0,0