0,1,0,325
1,2,0,127
2,0,0,1
3,0,1,325
2,3,1,21
4,5,2,353
5,6,2,354
6,4,2,23
7,8,3,351
8,4,3,352
4,7,3,24
9,10,4,349
10,7,4,350
7,9,4,5
11,9,5,348
7,11,5,25
12,13,6,346
13,11,6,347
11,12,6,7
14,12,7,372
11,14,7,8
15,14,8,372
11,15,8,9
16,15,9,391
11,16,9,10
17,16,10,371
11,17,10,11
18,17,11,370
11,18,11,12
19,18,12,369
11,19,12,13
20,19,13,369
11,20,13,14
21,20,14,368
11,21,14,15
22,21,15,367
11,22,15,16
23,22,16,366
11,23,16,17
24,23,17,365
11,24,17,18
25,24,18,364
11,25,18,19
26,25,19,363
11,26,19,26
27,28,20,-1
28,26,20,363
26,27,20,26
2,27,21,-1
27,3,21,22
6,3,22,355
27,6,22,23
27,4,23,24
27,7,24,25
27,11,25,26
29,30,27,219
30,2,27,-1
2,29,27,28
31,29,28,219
2,31,28,29
32,31,29,218
2,32,29,30
33,32,30,217
2,33,30,128
34,35,31,216
35,33,31,217
33,34,31,32
36,34,32,215
33,36,32,129
37,38,33,214
38,36,33,215
36,37,33,34
39,37,34,213
36,39,34,35
40,39,35,212
36,40,35,130
41,42,36,210
42,43,36,211
43,41,36,132
44,45,37,208
45,46,37,209
46,44,37,134
47,48,38,206
48,44,38,207
44,47,38,135
49,50,39,272
50,47,39,205
47,49,39,40
51,49,40,584
47,51,40,41
52,51,41,583
47,52,41,136
53,54,42,582
54,52,42,583
52,53,42,137
55,56,43,581
56,53,43,582
53,55,43,44
57,55,44,580
53,57,44,138
58,59,45,578
59,57,45,579
57,58,45,139
60,61,46,577
61,58,46,578
58,60,46,140
62,63,47,576
63,60,47,577
60,62,47,48
64,62,48,575
60,64,48,141
65,66,49,574
66,64,49,575
64,65,49,142
67,68,50,572
68,69,50,573
69,67,50,51
70,67,51,571
69,70,51,144
71,72,52,568
72,73,52,569
73,71,52,147
74,75,53,567
75,71,53,568
71,74,53,148
76,77,54,565
77,78,54,566
78,76,54,150
79,80,55,782
80,76,55,564
76,79,55,56
81,79,56,718
76,81,56,57
82,81,57,726
76,82,57,58
83,82,58,712
76,83,58,151
84,85,59,727
85,86,59,717
86,84,59,153
87,88,60,722
88,89,60,730
89,87,60,61
90,87,61,721
89,90,61,182
91,92,62,784
92,93,62,785
93,91,62,63
94,91,63,790
93,94,63,64
95,94,64,791
93,95,64,65
96,95,65,855
93,96,65,66
97,96,66,854
93,97,66,67
98,97,67,853
93,98,67,68
99,98,68,852
93,99,68,155
100,101,69,851
101,99,69,852
99,100,69,70
102,100,70,850
99,102,70,156
103,104,71,848
104,105,71,849
105,103,71,72
106,103,72,847
105,106,72,157
107,108,73,846
108,106,73,847
106,107,73,158
109,110,74,844
110,111,74,845
111,109,74,159
112,113,75,843
113,109,75,844
109,112,75,159
114,115,76,841
115,116,76,842
116,114,76,161
117,118,77,840
118,114,77,841
114,117,77,78
119,117,78,839
114,119,78,162
120,121,79,838
121,119,79,839
119,120,79,80
122,120,80,837
119,122,80,185
123,124,81,835
124,125,81,836
125,123,81,163
126,127,82,833
127,128,82,834
128,126,82,83
129,126,83,749
128,129,83,84
130,129,84,748
128,130,84,85
131,130,85,747
128,131,85,86
132,131,86,747
128,132,86,87
133,132,87,746
128,133,87,88
134,133,88,745
128,134,88,89
135,134,89,745
128,135,89,90
136,135,90,744
128,136,90,164
137,138,91,743
138,136,91,744
136,137,91,92
139,137,92,742
136,139,92,93
140,139,93,741
136,140,93,165
141,142,94,739
142,140,94,740
140,141,94,166
143,144,95,737
144,141,95,738
141,143,95,96
145,143,96,736
141,145,96,167
146,147,97,734
147,145,97,735
145,146,97,98
148,146,98,733
145,148,98,99
149,148,99,732
145,149,99,168
150,151,100,707
151,149,100,731
149,150,100,101
152,150,101,706
149,152,101,169
153,154,102,625
154,152,102,705
152,153,102,170
155,156,103,624
156,153,103,625
153,155,103,171
157,158,104,621
158,159,104,622
159,157,104,105
160,157,105,446
159,160,105,106
161,160,106,445
159,161,106,107
162,161,107,444
159,162,107,108
163,162,108,443
159,163,108,173
164,165,109,442
165,163,109,443
163,164,109,110
166,164,110,441
163,166,110,174
167,168,111,439
168,166,111,440
166,167,111,112
169,167,112,438
166,169,112,175
170,171,113,338
171,169,113,437
169,170,113,114
172,170,114,337
169,172,114,176
173,174,115,335
174,172,115,336
172,173,115,177
175,176,116,361
176,173,116,335
173,175,116,117
177,175,117,334
173,177,117,118
178,177,118,333
173,178,118,119
179,178,119,332
173,179,119,120
180,179,120,331
173,180,120,178
181,182,121,359
182,180,121,331
180,181,121,122
183,181,122,358
180,183,122,123
184,183,123,330
180,184,123,124
185,184,124,329
180,185,124,179
186,187,125,328
187,185,125,329
185,186,125,180
1,188,126,326
188,186,126,327
186,1,126,127
186,2,127,128
186,33,128,129
186,36,129,130
186,40,130,131
43,40,131,211
186,43,131,132
186,41,132,133
46,41,133,209
186,46,133,134
186,44,134,135
186,47,135,136
186,52,136,137
186,53,137,138
186,57,138,139
186,58,139,140
186,60,140,141
186,64,141,142
186,65,142,143
69,65,143,573
186,69,143,144
186,70,144,145
189,70,145,570
186,189,145,146
73,189,146,569
186,73,146,147
186,71,147,148
186,74,148,149
78,74,149,566
186,78,149,150
186,76,150,151
186,83,151,152
86,83,152,712
186,86,152,153
186,84,153,154
89,84,154,730
186,89,154,181
93,90,155,720
90,99,155,156
90,102,156,183
105,102,157,849
102,106,157,158
102,107,158,183
111,112,159,160
116,112,160,842
111,116,160,161
111,114,161,162
111,119,162,184
125,122,163,836
122,123,163,186
128,123,164,834
123,136,164,165
123,140,165,166
123,141,166,167
123,145,167,168
123,149,168,169
123,152,169,170
123,153,170,171
123,155,171,172
159,155,172,623
123,159,172,173
123,163,173,174
123,166,174,175
123,169,175,176
123,172,176,177
123,173,177,178
123,180,178,179
123,185,179,180
123,186,180,181
123,89,181,182
123,90,182,186
90,107,183,187
111,107,184,845
107,119,184,185
107,122,185,187
122,90,186,187
190,191,188,289
191,30,188,-1
30,190,188,189
192,190,189,288
30,192,189,190
193,192,190,287
30,193,190,191
194,193,191,286
30,194,191,220
195,196,192,285
196,194,192,286
194,195,192,221
197,198,193,323
198,199,193,284
199,197,193,194
200,197,194,283
199,200,194,195
201,200,195,282
199,201,195,196
202,201,196,281
199,202,196,197
203,202,197,280
199,203,197,198
204,203,198,279
199,204,198,223
205,206,199,321
206,204,199,279
204,205,199,200
207,205,200,278
204,207,200,224
208,209,201,277
209,207,201,278
207,208,201,225
210,211,202,276
211,208,202,277
208,210,202,226
212,213,203,275
213,210,203,276
210,212,203,204
214,212,204,274
210,214,204,227
50,214,205,273
214,47,205,206
214,48,206,207
214,44,207,208
214,45,208,227
45,41,209,210
45,42,210,228
42,40,211,212
42,39,212,213
42,37,213,214
42,38,214,229
38,34,215,216
38,35,216,230
35,32,217,218
35,31,218,231
31,30,219,220
31,194,220,221
31,195,221,222
199,195,222,284
31,199,222,223
31,204,223,224
31,207,224,225
31,208,225,226
31,210,226,231
210,45,227,228
210,42,228,229
210,38,229,230
210,35,230,231
215,216,232,456
216,217,232,-1
217,215,232,233
218,215,233,472
217,218,233,234
219,218,234,471
217,219,234,235
220,219,235,470
217,220,235,291
221,222,236,469
222,220,236,470
220,221,236,291
223,224,237,466
224,225,237,467
225,223,237,293
226,227,238,464
227,223,238,465
223,226,238,294
228,229,239,460
229,230,239,461
230,228,239,296
231,232,240,458
232,228,240,459
228,231,240,297
233,234,241,-1
234,231,241,457
231,233,241,242
235,233,242,1321
231,235,242,243
236,235,243,1320
231,236,243,244
237,236,244,1319
231,237,244,298
238,239,245,1318
239,237,245,1319
237,238,245,246
240,238,246,1318
237,240,246,247
241,240,247,1317
237,241,247,299
242,243,248,1316
243,241,248,1317
241,242,248,249
244,242,249,1315
241,244,249,300
245,246,250,1314
246,244,250,1315
244,245,250,251
247,245,251,1313
244,247,251,301
248,249,252,1310
249,250,252,1311
250,248,252,303
251,252,253,531
252,248,253,1310
248,251,253,254
253,251,254,530
248,253,254,255
254,253,255,529
248,254,255,256
255,254,256,529
248,255,256,257
256,255,257,528
248,256,257,258
257,256,258,527
248,257,258,259
258,257,259,526
248,258,259,304
259,260,260,524
260,258,260,525
258,259,260,305
261,262,261,523
262,259,261,524
259,261,261,306
263,264,262,522
264,261,262,523
261,263,262,307
265,266,263,521
266,263,263,522
263,265,263,307
267,268,264,520
268,265,264,521
265,267,264,265
269,267,265,519
265,269,265,317
270,271,266,518
271,269,266,519
269,270,266,318
272,273,267,516
273,274,267,517
274,272,267,308
275,276,268,515
276,272,268,516
272,275,268,269
277,275,269,514
272,277,269,309
278,279,270,586
279,277,270,514
277,278,270,271
280,278,271,513
277,280,271,310
49,280,272,513
280,50,272,273
280,214,273,274
280,212,274,275
280,213,275,310
213,211,276,311
211,209,277,312
209,205,278,313
206,203,279,280
206,202,280,281
206,201,281,282
206,200,282,283
206,197,283,322
198,195,284,285
198,196,285,314
196,193,286,287
196,192,287,288
196,190,288,289
196,191,289,290
217,191,290,-1
196,217,290,314
217,221,291,292
281,221,292,468
217,281,292,324
225,281,293,468
281,223,293,294
281,226,294,295
282,226,295,463
281,282,295,315
230,282,296,462
282,228,296,297
282,231,297,298
282,237,298,299
282,241,299,300
282,244,300,301
282,247,301,302
250,247,302,1312
282,250,302,303
282,248,303,304
282,258,304,305
282,259,305,306
282,261,306,315
261,265,307,316
274,270,308,517
270,272,308,309
270,277,309,319
277,213,310,311
277,211,311,312
277,209,312,313
277,205,313,320
198,217,314,323
281,261,315,316
281,265,316,317
281,269,317,318
281,270,318,319
281,277,319,320
281,205,320,321
281,206,321,322
281,197,322,324
197,217,323,324
3,1,325,326
3,188,326,327
3,186,327,328
3,187,328,356
187,184,329,330
187,183,330,357
182,179,331,332
182,178,332,333
182,177,333,334
182,175,334,360
176,174,335,336
176,172,336,337
176,170,337,338
176,171,338,339
283,171,339,436
176,283,339,340
284,283,340,436
176,284,340,341
285,284,341,435
176,285,341,342
286,285,342,435
176,286,342,343
287,286,343,406
176,287,343,344
288,287,344,376
176,288,344,362
289,290,345,374
290,288,345,375
288,289,345,362
12,289,346,373
289,13,346,347
289,11,347,348
289,9,348,349
289,10,349,350
289,7,350,351
289,8,351,352
289,4,352,353
289,5,353,354
289,6,354,355
289,3,355,356
289,187,356,357
289,183,357,358
289,181,358,359
289,182,359,360
289,175,360,361
289,176,361,362
28,25,363,364
28,24,364,365
28,23,365,366
28,22,366,367
28,21,367,368
28,20,368,389
20,18,369,370
20,17,370,371
20,16,371,390
15,12,372,373
15,289,373,374
15,290,374,375
15,288,375,376
15,287,376,377
291,287,377,405
15,291,377,378
292,291,378,404
15,292,378,379
293,292,379,403
15,293,379,380
294,293,380,403
15,294,380,381
295,294,381,402
15,295,381,382
296,295,382,402
15,296,382,383
297,296,383,401
15,297,383,391
298,299,384,398
299,300,384,399
300,298,384,385
301,298,385,397
300,301,385,394
302,303,386,430
303,304,386,431
304,302,386,396
305,306,387,428
306,302,387,429
302,305,387,388
28,305,388,-1
302,28,388,389
302,20,389,390
302,16,390,396
16,297,391,392
307,297,392,400
16,307,392,393
300,307,393,399
16,300,393,394
16,301,394,395
304,301,395,397
16,304,395,396
304,298,397,398
304,299,398,432
299,307,399,400
299,297,400,401
299,296,401,433
296,294,402,434
294,292,403,404
294,291,404,405
294,287,405,406
294,286,406,407
308,286,407,453
294,308,407,408
309,308,408,452
294,309,408,409
310,309,409,451
294,310,409,410
311,310,410,450
294,311,410,411
312,311,411,449
294,312,411,412
313,312,412,448
294,313,412,413
314,313,413,481
294,314,413,414
315,314,414,480
294,315,414,415
316,315,415,480
294,316,415,416
317,316,416,509
294,317,416,417
318,317,417,479
294,318,417,418
319,318,418,479
294,319,418,419
320,319,419,478
294,320,419,420
321,320,420,478
294,321,420,421
322,321,421,477
294,322,421,422
323,322,422,477
294,323,422,423
324,323,423,476
294,324,423,424
325,324,424,475
294,325,424,425
326,325,425,474
294,326,425,434
327,328,426,504
328,326,426,474
326,327,426,427
305,327,427,-1
326,305,427,428
326,306,428,429
326,302,429,430
326,303,430,431
326,304,431,432
326,299,432,433
326,296,433,434
286,284,435,454
284,171,436,437
284,169,437,438
284,167,438,439
284,168,439,440
284,166,440,441
284,164,441,442
284,165,442,455
165,162,443,444
165,161,444,445
165,160,445,455
329,157,446,621
160,329,446,447
313,329,447,482
160,313,447,448
160,312,448,449
160,311,449,450
160,310,450,451
160,309,451,452
160,308,452,453
160,286,453,454
160,284,454,455
234,216,456,-1
215,234,456,457
215,231,457,458
215,232,458,459
215,228,459,460
215,229,460,461
215,230,461,462
215,282,462,463
215,226,463,464
215,227,464,465
215,223,465,466
215,224,466,467
215,225,467,472
225,221,468,469
225,222,469,473
222,219,470,471
222,218,471,473
218,225,472,473
328,325,474,475
328,324,475,476
328,323,476,505
323,321,477,506
321,319,478,507
319,317,479,508
316,314,480,481
316,313,481,482
316,329,482,483
330,329,483,635
316,330,483,484
331,330,484,634
316,331,484,510
332,333,485,633
333,331,485,634
331,332,485,486
334,332,486,632
331,334,486,511
335,336,487,631
336,334,487,632
334,335,487,488
337,335,488,630
334,337,488,512
338,339,489,628
339,337,489,629
337,338,489,490
340,338,490,646
337,340,490,491
341,340,491,645
337,341,491,492
342,341,492,644
337,342,492,493
343,342,493,644
337,343,493,494
344,343,494,643
337,344,494,495
345,344,495,642
337,345,495,496
346,345,496,641
337,346,496,497
347,346,497,640
337,347,497,498
348,347,498,640
337,348,498,499
349,348,499,663
337,349,499,500
350,349,500,639
337,350,500,512
351,352,501,638
352,350,501,639
350,351,501,502
353,351,502,638
350,353,502,503
327,353,503,-1
350,327,503,504
350,328,504,505
350,323,505,506
350,321,506,507
350,319,507,508
350,317,508,509
350,316,509,510
350,331,510,511
350,334,511,512
49,278,513,585
279,275,514,515
279,276,515,587
276,273,516,588
273,270,517,518
273,271,518,589
271,267,519,520
271,268,520,590
268,266,521,591
266,264,522,592
264,262,523,593
262,260,524,525
262,258,525,526
262,257,526,527
262,256,527,528
262,255,528,594
255,253,529,530
255,251,530,595
354,252,531,1078
251,354,531,532
355,354,532,1126
251,355,532,533
356,355,533,1077
251,356,533,534
357,356,534,1077
251,357,534,535
358,357,535,1076
251,358,535,536
359,358,536,1075
251,359,536,596
360,361,537,1124
361,359,537,1075
359,360,537,538
362,360,538,1074
359,362,538,539
363,362,539,1073
359,363,539,597
364,365,540,1071
365,366,540,1072
366,364,540,599
367,368,541,1070
368,364,541,1071
364,367,541,600
369,370,542,1069
370,367,542,1070
367,369,542,543
371,369,543,1068
367,371,543,601
372,373,544,1067
373,371,544,1068
371,372,544,545
374,372,545,1066
371,374,545,602
375,376,546,1065
376,374,546,1066
374,375,546,547
377,375,547,1064
374,377,547,603
378,379,548,1063
379,377,548,1064
377,378,548,604
380,381,549,1062
381,378,549,1063
378,380,549,550
382,380,550,1061
378,382,550,605
383,384,551,1059
384,382,551,1060
382,383,551,606
385,386,552,1057
386,383,552,1058
383,385,552,607
387,388,553,1055
388,385,553,1056
385,387,553,608
389,390,554,1054
390,387,554,1055
387,389,554,555
391,389,555,1054
387,391,555,556
392,391,556,1041
387,392,556,557
393,392,557,908
387,393,557,558
394,393,558,907
387,394,558,609
395,396,559,906
396,394,559,907
394,395,559,610
397,398,560,894
398,395,560,906
395,397,560,611
399,400,561,893
400,397,561,894
397,399,561,562
401,399,562,788
397,401,562,611
80,402,563,783
402,401,563,787
401,80,563,564
401,76,564,565
401,77,565,612
77,74,566,567
77,75,567,613
75,72,568,614
72,189,569,570
72,70,570,571
72,67,571,572
72,68,572,615
68,65,573,574
68,66,574,616
66,62,575,576
66,63,576,617
63,61,577,618
61,59,578,579
61,57,579,580
61,55,580,581
61,56,581,619
56,54,582,619
54,51,583,584
54,49,584,585
54,278,585,586
54,279,586,587
54,276,587,588
54,273,588,589
54,271,589,590
54,268,590,591
54,266,591,592
54,264,592,593
54,262,593,594
54,255,594,595
54,251,595,596
54,359,596,597
54,363,597,598
366,363,598,1072
54,366,598,599
54,364,599,600
54,367,600,601
54,371,601,602
54,374,602,603
54,377,603,604
54,378,604,605
54,382,605,606
54,383,606,607
54,385,607,608
54,387,608,609
54,394,609,610
54,395,610,620
395,401,611,612
395,77,612,613
395,75,613,614
395,72,614,615
395,68,615,616
395,66,616,617
395,63,617,618
395,61,618,620
61,54,619,620
329,158,621,622
329,159,622,623
329,155,623,624
329,156,624,636
156,154,625,626
403,154,626,705
156,403,626,627
338,403,627,711
156,338,627,628
156,339,628,629
156,337,629,630
156,335,630,631
156,336,631,637
336,332,632,633
336,333,633,637
333,330,634,635
333,329,635,636
333,156,636,637
353,352,638,661
352,349,639,662
348,346,640,641
348,345,641,642
348,344,642,643
348,343,643,664
343,341,644,645
343,340,645,646
343,338,646,647
404,338,647,710
343,404,647,648
405,404,648,709
343,405,648,649
406,405,649,709
343,406,649,650
407,406,650,670
343,407,650,651
408,407,651,669
343,408,651,652
409,408,652,669
343,409,652,653
410,409,653,668
343,410,653,654
411,410,654,667
343,411,654,655
412,411,655,666
343,412,655,656
413,412,656,666
343,413,656,657
414,413,657,700
343,414,657,658
415,414,658,665
343,415,658,659
416,415,659,665
343,416,659,664
353,417,660,-1
417,416,660,698
416,353,660,661
416,352,661,662
416,349,662,663
416,348,663,664
416,414,665,699
413,411,666,667
413,410,667,668
413,409,668,701
409,407,669,670
409,406,670,671
418,406,671,769
409,418,671,672
419,418,672,768
409,419,672,673
420,419,673,768
409,420,673,674
421,420,674,767
409,421,674,675
422,421,675,767
409,422,675,676
423,422,676,766
409,423,676,677
424,423,677,765
409,424,677,678
425,424,678,765
409,425,678,679
426,425,679,764
409,426,679,680
427,426,680,764
409,427,680,681
428,427,681,763
409,428,681,682
429,428,682,762
409,429,682,683
430,429,683,762
409,430,683,684
431,430,684,761
409,431,684,685
432,431,685,761
409,432,685,686
433,432,686,760
409,433,686,687
434,433,687,759
409,434,687,688
435,434,688,758
409,435,688,689
436,435,689,758
409,436,689,690
437,436,690,1343
409,437,690,702
438,439,691,1342
439,437,691,1343
437,438,691,702
440,441,692,1358
441,438,692,1342
438,440,692,703
442,443,693,1356
443,440,693,1357
440,442,693,694
444,442,694,1355
440,444,694,695
445,444,695,1354
440,445,695,704
446,447,696,1352
447,445,696,1353
445,446,696,697
417,446,697,-1
445,417,697,698
445,416,698,699
445,414,699,700
445,413,700,701
445,409,701,704
409,438,702,703
409,440,703,704
403,152,705,706
403,150,706,707
403,151,707,708
406,151,708,731
403,406,708,711
406,404,709,710
406,338,710,711
86,82,712,713
448,82,713,726
86,448,713,714
449,448,714,725
86,449,714,715
450,449,715,724
86,450,715,716
451,450,716,728
86,451,716,717
85,451,717,727
452,79,718,782
81,452,718,719
93,452,719,786
81,93,719,720
81,90,720,721
81,87,721,722
81,88,722,723
450,88,723,729
81,450,723,724
81,449,724,725
81,448,725,726
84,451,727,728
84,450,728,729
84,88,729,730
406,149,731,732
406,148,732,733
406,146,733,734
406,147,734,735
406,145,735,736
406,143,736,737
406,144,737,738
406,141,738,739
406,142,739,740
406,140,740,741
406,139,741,742
406,137,742,743
406,138,743,770
138,135,744,771
135,133,745,746
135,132,746,772
132,130,747,748
132,129,748,773
453,126,749,832
129,453,749,750
454,453,750,831
129,454,750,774
455,456,751,830
456,454,751,831
454,455,751,752
457,455,752,829
454,457,752,775
458,459,753,828
459,457,753,829
457,458,753,754
460,458,754,1279
457,460,754,755
461,460,755,1300
457,461,755,756
462,461,756,1299
457,462,756,757
436,462,757,1298
457,436,757,776
436,434,758,759
436,433,759,760
436,432,760,776
432,430,761,777
430,428,762,763
430,427,763,778
427,425,764,779
425,423,765,766
425,422,766,780
422,420,767,781
420,418,768,769
420,406,769,770
420,138,770,771
420,135,771,772
420,132,772,773
420,129,773,774
420,454,774,775
420,457,775,781
457,432,776,777
457,430,777,778
457,427,778,779
457,425,779,780
457,422,780,781
452,80,782,783
452,402,783,786
91,402,784,787
402,92,784,785
402,93,785,786
91,401,787,788
91,399,788,789
463,399,789,893
91,463,789,790
94,463,790,791
95,463,791,792
464,463,792,901
95,464,792,793
465,464,793,900
95,465,793,794
466,465,794,899
95,466,794,795
467,466,795,905
95,467,795,796
468,467,796,940
95,468,796,797
469,468,797,1002
95,469,797,798
470,469,798,1029
95,470,798,799
471,470,799,1001
95,471,799,800
472,471,800,1000
95,472,800,856
473,474,801,999
474,472,801,1000
472,473,801,802
475,473,802,998
472,475,802,857
476,477,803,996
477,478,803,997
478,476,803,859
479,480,804,995
480,476,804,996
476,479,804,860
481,482,805,1025
482,483,805,994
483,481,805,806
484,481,806,993
483,484,806,807
485,484,807,993
483,485,807,808
486,485,808,992
483,486,808,862
487,488,809,991
488,486,809,992
486,487,809,810
489,487,810,990
486,489,810,811
490,489,811,989
486,490,811,863
491,492,812,987
492,493,812,988
493,491,812,865
494,495,813,984
495,496,813,985
496,494,813,868
497,498,814,983
498,494,814,984
494,497,814,869
499,500,815,982
500,497,815,983
497,499,815,870
501,502,816,980
502,499,816,981
499,501,816,871
503,504,817,977
504,505,817,978
505,503,817,874
506,507,818,976
507,503,818,977
503,506,818,819
508,506,819,975
503,508,819,875
509,510,820,974
510,508,820,975
508,509,820,821
511,509,821,973
508,511,821,876
512,513,822,1396
513,511,822,972
511,512,822,823
514,512,823,1285
511,514,823,877
515,516,824,1284
516,514,824,1285
514,515,824,878
517,518,825,1282
518,515,825,1283
515,517,825,879
519,520,826,1280
520,521,826,1281
521,519,826,881
458,522,827,1279
522,519,827,1280
519,458,827,828
519,459,828,882
459,455,829,830
459,456,830,882
456,453,831,832
456,126,832,833
456,127,833,883
127,123,834,835
127,124,835,884
124,122,836,837
124,120,837,838
124,121,838,885
121,117,839,840
121,118,840,886
118,115,841,887
115,112,842,843
115,113,843,888
113,110,844,889
110,107,845,846
110,108,846,889
108,103,847,848
108,104,848,890
104,102,849,850
104,100,850,851
104,101,851,891
101,98,852,853
101,97,853,854
101,96,854,855
101,95,855,856
101,472,856,857
101,475,857,858
478,475,858,997
101,478,858,859
101,476,859,860
101,479,860,861
483,479,861,994
101,483,861,862
101,486,862,863
101,490,863,864
493,490,864,988
101,493,864,865
101,491,865,866
523,491,866,986
101,523,866,867
496,523,867,985
101,496,867,868
101,494,868,869
101,497,869,870
101,499,870,871
101,501,871,872
524,501,872,979
101,524,872,873
505,524,873,978
101,505,873,874
101,503,874,875
101,508,875,876
101,511,876,877
101,514,877,878
101,515,878,879
101,517,879,880
521,517,880,1281
101,521,880,881
101,519,881,891
519,456,882,883
519,127,883,884
519,124,884,885
519,121,885,886
519,118,886,887
519,115,887,888
519,113,888,892
113,108,889,890
113,104,890,892
104,519,891,892
463,400,893,901
400,398,894,895
525,398,895,917
400,525,895,896
526,525,896,920
400,526,896,897
527,526,897,902
400,527,897,898
466,527,898,902
400,466,898,899
400,465,899,900
400,464,900,901
466,526,902,903
528,526,903,931
466,528,903,904
529,528,904,930
466,529,904,905
467,529,905,940
398,396,906,918
396,393,907,908
396,392,908,909
530,392,909,1041
396,530,909,910
531,530,910,1046
396,531,910,911
532,531,911,1034
396,532,911,912
533,532,912,927
396,533,912,913
534,533,913,933
396,534,913,914
535,534,914,932
396,535,914,918
536,537,915,938
537,535,915,932
535,536,915,916
538,536,916,921
535,538,916,919
525,538,917,920
538,398,917,919
398,535,918,919
526,538,920,921
526,536,921,922
539,536,922,937
526,539,922,923
540,539,923,936
526,540,923,924
541,540,924,936
526,541,924,925
542,541,925,935
526,542,925,931
533,543,926,934
543,542,926,935
542,533,926,927
542,532,927,928
544,532,928,1040
542,544,928,929
529,544,929,941
542,529,929,930
542,528,930,931
537,534,932,933
537,533,933,934
537,543,934,939
543,541,935,939
541,539,936,937
541,536,937,938
541,537,938,939
468,529,940,941
468,544,941,942
545,544,942,1039
468,545,942,943
546,545,943,1147
468,546,943,944
547,546,944,1152
468,547,944,945
548,547,945,1151
468,548,945,946
549,548,946,1150
468,549,946,1002
550,551,947,1153
551,552,947,1149
552,550,947,948
553,550,948,1036
552,553,948,949
554,553,949,1051
552,554,949,950
555,554,950,1239
552,555,950,1003
556,557,951,1238
557,555,951,1239
555,556,951,952
558,556,952,1237
555,558,952,1004
559,560,953,1236
560,558,953,1237
558,559,953,1005
561,562,954,1234
562,559,954,1235
559,561,954,1006
563,564,955,1233
564,561,955,1234
561,563,955,956
565,563,956,1232
561,565,956,1007
566,567,957,1231
567,565,957,1232
565,566,957,958
568,566,958,1230
565,568,958,959
569,568,959,1229
565,569,959,1008
570,571,960,1227
571,572,960,1228
572,570,960,1010
573,574,961,1225
574,570,961,1226
570,573,961,1011
575,576,962,1223
576,577,962,1224
577,575,962,963
578,575,963,1222
577,578,963,1012
579,580,964,1221
580,578,964,1222
578,579,964,1013
581,582,965,1220
582,579,965,1221
579,581,965,966
583,581,966,1219
579,583,966,1033
584,585,967,1217
585,583,967,1218
583,584,967,1014
586,587,968,1215
587,584,968,1216
584,586,968,969
588,586,969,1398
584,588,969,970
589,588,970,1397
584,589,970,1014
513,590,971,1396
590,589,971,1397
589,513,971,972
589,511,972,973
589,509,973,974
589,510,974,1015
510,506,975,976
510,507,976,1016
507,504,977,1017
504,524,978,979
504,501,979,980
504,502,980,981
504,499,981,982
504,500,982,1018
500,498,983,1019
498,495,984,1020
495,523,985,986
495,491,986,987
495,492,987,1021
492,490,988,989
492,489,989,990
492,487,990,991
492,488,991,1022
488,485,992,1023
485,481,993,1024
482,479,994,995
482,480,995,1026
480,477,996,1026
477,475,997,998
477,473,998,999
477,474,999,1027
474,471,1000,1001
474,470,1001,1028
469,549,1002,1030
552,549,1003,1149
549,555,1003,1004
549,558,1004,1005
549,559,1005,1006
549,561,1006,1007
549,565,1007,1008
549,569,1008,1009
572,569,1009,1228
549,572,1009,1010
549,570,1010,1011
549,573,1011,1031
577,573,1012,1224
573,578,1012,1013
573,579,1013,1032
583,589,1014,1015
583,510,1015,1016
583,507,1016,1017
583,504,1017,1018
583,500,1018,1019
583,498,1019,1020
583,495,1020,1021
583,492,1021,1022
583,488,1022,1023
583,485,1023,1024
583,481,1024,1025
583,482,1025,1033
482,477,1026,1027
482,474,1027,1028
482,470,1028,1029
482,469,1029,1030
482,549,1030,1031
482,573,1031,1032
482,579,1032,1033
591,531,1034,1053
532,591,1034,1035
592,591,1035,1052
532,592,1035,1040
553,592,1036,1052
592,550,1036,1037
593,550,1037,1148
592,593,1037,1038
545,593,1038,1147
592,545,1038,1039
592,544,1039,1040
530,391,1041,1042
594,391,1042,1114
530,594,1042,1043
595,594,1043,1158
530,595,1043,1044
596,595,1044,1158
530,596,1044,1045
597,596,1045,1154
530,597,1045,1046
531,597,1046,1047
598,597,1047,1154
531,598,1047,1048
599,598,1048,1157
531,599,1048,1049
600,599,1049,1272
531,600,1049,1050
554,600,1050,1240
531,554,1050,1051
531,553,1051,1053
553,591,1052,1053
391,390,1054,1115
390,388,1055,1056
390,385,1056,1057
390,386,1057,1058
390,383,1058,1059
390,384,1059,1060
390,382,1060,1061
390,380,1061,1062
390,381,1062,1116
381,379,1063,1117
379,375,1064,1065
379,376,1065,1118
376,372,1066,1067
376,373,1067,1119
373,369,1068,1069
373,370,1069,1120
370,368,1070,1121
368,365,1071,1122
365,363,1072,1073
365,362,1073,1074
365,360,1074,1123
361,358,1075,1076
361,357,1076,1124
357,355,1077,1125
601,252,1078,1333
354,601,1078,1079
602,601,1079,1332
354,602,1079,1080
603,602,1080,1332
354,603,1080,1081
604,603,1081,1331
354,604,1081,1082
605,604,1082,1331
354,605,1082,1083
606,605,1083,1330
354,606,1083,1084
607,606,1084,1329
354,607,1084,1085
608,607,1085,1328
354,608,1085,1126
609,610,1086,1327
610,608,1086,1328
608,609,1086,1127
611,612,1087,1326
612,609,1087,1327
609,611,1087,1128
613,614,1088,1323
614,615,1088,1324
615,613,1088,1089
616,613,1089,-1
615,616,1089,1090
617,616,1090,1187
615,617,1090,1091
618,617,1091,1187
615,618,1091,1092
619,618,1092,1186
615,619,1092,1093
620,619,1093,1186
615,620,1093,1094
621,620,1094,1185
615,621,1094,1129
622,623,1095,1184
623,621,1095,1185
621,622,1095,1130
624,625,1096,1183
625,622,1096,1184
622,624,1096,1131
626,627,1097,1181
627,628,1097,1182
628,626,1097,1133
629,630,1098,1179
630,631,1098,1180
631,629,1098,1099
632,629,1099,1178
631,632,1099,1135
633,634,1100,1176
634,635,1100,1177
635,633,1100,1101
636,633,1101,1175
635,636,1101,1102
637,636,1102,1174
635,637,1102,1137
638,639,1103,1247
639,640,1103,1173
640,638,1103,1104
641,638,1104,1172
640,641,1104,1105
642,641,1105,1171
640,642,1105,1139
643,644,1106,1169
644,645,1106,1170
645,643,1106,1107
646,643,1107,1168
645,646,1107,1141
647,648,1108,1167
648,646,1108,1168
646,647,1108,1142
649,650,1109,1165
650,651,1109,1166
651,649,1109,1144
652,653,1110,1164
653,649,1110,1165
649,652,1110,1111
654,652,1111,1275
649,654,1111,1112
655,654,1112,1160
649,655,1112,1113
594,655,1113,1159
649,594,1113,1114
649,391,1114,1115
649,390,1115,1116
649,381,1116,1117
649,379,1117,1118
649,376,1118,1119
649,373,1119,1120
649,370,1120,1121
649,368,1121,1122
649,365,1122,1123
649,360,1123,1145
360,357,1124,1125
360,355,1125,1146
355,608,1126,1127
355,609,1127,1128
355,611,1128,1146
615,611,1129,1325
611,621,1129,1130
611,622,1130,1131
611,624,1131,1132
628,624,1132,1182
611,628,1132,1133
611,626,1133,1134
631,626,1134,1180
611,631,1134,1135
611,632,1135,1136
635,632,1136,1177
611,635,1136,1137
611,637,1137,1138
640,637,1138,1173
611,640,1138,1139
611,642,1139,1140
645,642,1140,1170
611,645,1140,1141
611,646,1141,1142
611,647,1142,1143
651,647,1143,1166
611,651,1143,1144
611,649,1144,1145
611,360,1145,1146
546,593,1147,1148
546,550,1148,1152
551,549,1149,1150
551,548,1150,1151
551,547,1151,1153
547,550,1152,1153
598,596,1154,1155
656,596,1155,1162
598,656,1155,1156
657,656,1156,1273
598,657,1156,1157
599,657,1157,1272
596,594,1158,1159
596,655,1159,1160
596,654,1160,1161
658,654,1161,1275
596,658,1161,1162
656,658,1162,1274
659,660,1163,1277
660,600,1163,1278
600,659,1163,1241
652,659,1164,1276
659,653,1164,1242
653,650,1165,1243
650,647,1166,1167
650,648,1167,1244
648,643,1168,1169
648,644,1169,1245
644,642,1170,1171
644,641,1171,1172
644,638,1172,1246
639,637,1173,1174
639,636,1174,1175
639,633,1175,1176
639,634,1176,1248
634,632,1177,1178
634,629,1178,1179
634,630,1179,1249
630,626,1180,1181
630,627,1181,1250
627,624,1182,1183
627,625,1183,1251
625,623,1184,1252
623,620,1185,1253
620,618,1186,1253
618,616,1187,1188
661,616,1188,-1
618,661,1188,1189
662,661,1189,1543
618,662,1189,1190
663,662,1190,1542
618,663,1190,1191
664,663,1191,1542
618,664,1191,1192
665,664,1192,1541
618,665,1192,1193
666,665,1193,1540
618,666,1193,1194
667,666,1194,1540
618,667,1194,1195
668,667,1195,1552
618,668,1195,1196
669,668,1196,1539
618,669,1196,1197
670,669,1197,1538
618,670,1197,1198
671,670,1198,1538
618,671,1198,1199
672,671,1199,1537
618,672,1199,1254
673,674,1200,1536
674,672,1200,1537
672,673,1200,1255
675,676,1201,1510
676,673,1201,1536
673,675,1201,1202
677,675,1202,1509
673,677,1202,1256
678,679,1203,1508
679,677,1203,1509
677,678,1203,1204
680,678,1204,1507
677,680,1204,1257
681,682,1205,1523
682,680,1205,1507
680,681,1205,1206
683,681,1206,1506
680,683,1206,1207
684,683,1207,1407
680,684,1207,1208
685,684,1208,1406
680,685,1208,1258
686,687,1209,1405
687,685,1209,1406
685,686,1209,1210
688,686,1210,1404
685,688,1210,1259
689,690,1211,1402
690,691,1211,1403
691,689,1211,1261
692,693,1212,1400
693,694,1212,1401
694,692,1212,1213
695,692,1213,1399
694,695,1213,1263
586,696,1214,1398
696,695,1214,1399
695,586,1214,1215
695,587,1215,1216
695,584,1216,1217
695,585,1217,1218
695,583,1218,1219
695,581,1219,1220
695,582,1220,1264
582,580,1221,1265
580,575,1222,1223
580,576,1223,1266
576,573,1224,1225
576,574,1225,1226
576,570,1226,1227
576,571,1227,1267
571,569,1228,1229
571,568,1229,1230
571,566,1230,1231
571,567,1231,1268
567,563,1232,1233
567,564,1233,1269
564,562,1234,1235
564,559,1235,1236
564,560,1236,1270
560,556,1237,1238
560,557,1238,1271
557,554,1239,1240
557,600,1240,1241
557,659,1241,1242
557,653,1242,1243
557,650,1243,1244
557,648,1244,1245
557,644,1245,1246
557,638,1246,1247
557,639,1247,1248
557,634,1248,1249
557,630,1249,1250
557,627,1250,1251
557,625,1251,1252
557,623,1252,1271
623,618,1253,1254
623,672,1254,1255
623,673,1255,1256
623,677,1256,1257
623,680,1257,1258
623,685,1258,1259
623,688,1259,1260
691,688,1260,1403
623,691,1260,1261
623,689,1261,1262
694,689,1262,1401
623,694,1262,1263
623,695,1263,1264
623,582,1264,1265
623,580,1265,1266
623,576,1266,1267
623,571,1267,1268
623,567,1268,1269
623,564,1269,1270
623,560,1270,1271
600,657,1272,1273
600,656,1273,1274
600,658,1274,1278
658,652,1275,1276
658,659,1276,1277
658,660,1277,1278
460,522,1279,1301
522,520,1280,1302
520,517,1281,1282
520,518,1282,1283
520,515,1283,1284
520,516,1284,1303
516,512,1285,1286
697,512,1286,1432
516,697,1286,1287
698,697,1287,1431
516,698,1287,1304
699,700,1288,1430
700,698,1288,1431
698,699,1288,1305
701,702,1289,1428
702,703,1289,1429
703,701,1289,1307
704,705,1290,1446
705,701,1290,1427
701,704,1290,1291
706,704,1291,1445
701,706,1291,1308
707,708,1292,1367
708,706,1292,1445
706,707,1292,1309
709,710,1293,1366
710,707,1293,1367
707,709,1293,1309
711,712,1294,1347
712,709,1294,1365
709,711,1294,1295
713,711,1295,1346
709,713,1295,1296
714,713,1296,1345
709,714,1296,1297
436,714,1297,1344
709,436,1297,1298
709,462,1298,1299
709,461,1299,1300
709,460,1300,1301
709,522,1301,1302
709,520,1302,1303
709,516,1303,1304
709,698,1304,1305
709,699,1305,1306
703,699,1306,1429
709,703,1306,1307
709,701,1307,1308
709,706,1308,1309
252,249,1310,1311
252,250,1311,1312
252,247,1312,1313
252,245,1313,1314
252,246,1314,1333
246,242,1315,1316
246,243,1316,1334
243,240,1317,1335
240,239,1318,1336
239,236,1319,1320
239,235,1320,1337
715,233,1321,-1
235,715,1321,1322
613,715,1322,-1
235,613,1322,1323
235,614,1323,1324
235,615,1324,1325
235,611,1325,1326
235,612,1326,1337
612,610,1327,1338
610,607,1328,1329
610,606,1329,1330
610,605,1330,1339
605,603,1331,1340
603,601,1332,1341
601,246,1333,1334
601,243,1334,1335
601,240,1335,1336
601,239,1336,1341
239,612,1337,1338
239,610,1338,1339
239,605,1339,1340
239,603,1340,1341
441,439,1342,1359
439,436,1343,1344
439,714,1344,1345
439,713,1345,1346
439,711,1346,1347
439,712,1347,1360
716,717,1348,1364
717,712,1348,1365
712,716,1348,1360
718,719,1349,1386
719,720,1349,1387
720,718,1349,1363
721,722,1350,1384
722,718,1350,1385
718,721,1350,1351
446,721,1351,-1
718,446,1351,1352
718,447,1352,1353
718,445,1353,1354
718,444,1354,1355
718,442,1355,1356
718,443,1356,1357
718,440,1357,1358
718,441,1358,1359
718,439,1359,1363
439,716,1360,1361
723,716,1361,1364
439,723,1361,1362
720,723,1362,1387
439,720,1362,1363
723,717,1364,1388
717,709,1365,1366
717,710,1366,1389
710,708,1367,1368
724,708,1368,1458
710,724,1368,1369
725,724,1369,1458
710,725,1369,1370
726,725,1370,1464
710,726,1370,1371
727,726,1371,1457
710,727,1371,1390
728,729,1372,1456
729,727,1372,1457
727,728,1372,1391
730,731,1373,1455
731,728,1373,1456
728,730,1373,1392
732,733,1374,1500
733,730,1374,1455
730,732,1374,1375
734,732,1375,1505
730,734,1375,1376
735,734,1376,1504
730,735,1376,1393
736,737,1377,1484
737,735,1377,1504
735,736,1377,1378
738,736,1378,1525
735,738,1378,1379
739,738,1379,1535
735,739,1379,1380
740,739,1380,1534
735,740,1380,1394
741,742,1381,1531
742,743,1381,1532
743,741,1381,1382
744,741,1382,-1
743,744,1382,1383
721,744,1383,-1
743,721,1383,1384
743,722,1384,1385
743,718,1385,1386
743,719,1386,1395
719,723,1387,1388
719,717,1388,1389
719,710,1389,1390
719,727,1390,1391
719,728,1391,1392
719,730,1392,1393
719,735,1393,1394
719,740,1394,1395
743,740,1395,1533
512,590,1396,1432
590,588,1397,1433
588,696,1398,1434
696,692,1399,1400
696,693,1400,1435
693,689,1401,1402
693,690,1402,1436
690,688,1403,1404
690,686,1404,1405
690,687,1405,1437
687,684,1406,1407
687,683,1407,1408
745,683,1408,1506
687,745,1408,1409
746,745,1409,1521
687,746,1409,1410
747,746,1410,1520
687,747,1410,1411
748,747,1411,1519
687,748,1411,1412
749,748,1412,1518
687,749,1412,1413
750,749,1413,1517
687,750,1413,1414
751,750,1414,1563
687,751,1414,1415
752,751,1415,1556
687,752,1415,1416
753,752,1416,1555
687,753,1416,1417
754,753,1417,1554
687,754,1417,1418
755,754,1418,1554
687,755,1418,1419
756,755,1419,1474
687,756,1419,1420
757,756,1420,1474
687,757,1420,1421
758,757,1421,1473
687,758,1421,1422
759,758,1422,1472
687,759,1422,1423
760,759,1423,1471
687,760,1423,1437
761,762,1424,1470
762,760,1424,1471
760,761,1424,1438
763,764,1425,1468
764,761,1425,1469
761,763,1425,1439
705,765,1426,1447
765,766,1426,1465
766,705,1426,1427
766,701,1427,1428
766,702,1428,1442
702,699,1429,1430
702,700,1430,1443
700,697,1431,1444
697,590,1432,1433
697,588,1433,1434
697,696,1434,1435
697,693,1435,1436
697,690,1436,1444
690,760,1437,1438
690,761,1438,1439
690,763,1439,1440
767,763,1440,1467
690,767,1440,1441
766,767,1441,1466
690,766,1441,1442
690,702,1442,1443
690,700,1443,1444
708,704,1445,1446
708,705,1446,1447
708,765,1447,1448
768,765,1448,1465
708,768,1448,1449
769,768,1449,1494
708,769,1449,1450
770,769,1450,1493
708,770,1450,1451
771,770,1451,1492
708,771,1451,1452
772,771,1452,1492
708,772,1452,1459
773,774,1453,1490
774,772,1453,1491
772,773,1453,1460
733,775,1454,1488
775,773,1454,1489
773,733,1454,1461
733,731,1455,1462
731,729,1456,1463
729,726,1457,1463
725,708,1458,1459
725,772,1459,1460
725,773,1460,1461
725,733,1461,1462
725,731,1462,1464
731,726,1463,1464
768,766,1465,1466
768,767,1466,1467
768,763,1467,1468
768,764,1468,1469
768,761,1469,1470
768,762,1470,1494
762,759,1471,1472
762,758,1472,1473
762,757,1473,1495
757,755,1474,1475
776,755,1475,1561
757,776,1475,1476
777,776,1476,1561
757,777,1476,1477
778,777,1477,1560
757,778,1477,1478
779,778,1478,1560
757,779,1478,1479
780,779,1479,-1
757,780,1479,1480
781,780,1480,1529
757,781,1480,1481
782,781,1481,1529
757,782,1481,1496
783,784,1482,1527
784,782,1482,1528
782,783,1482,1496
736,785,1483,1525
785,783,1483,1526
783,736,1483,1484
783,737,1484,1485
786,737,1485,1503
783,786,1485,1486
787,786,1486,1502
783,787,1486,1487
788,787,1487,1501
783,788,1487,1497
733,788,1488,1500
788,775,1488,1489
788,773,1489,1490
788,774,1490,1491
788,772,1491,1498
772,770,1492,1493
772,769,1493,1499
769,762,1494,1495
769,757,1495,1499
757,783,1496,1497
757,788,1497,1498
757,772,1498,1499
732,788,1500,1501
732,787,1501,1502
732,786,1502,1503
732,737,1503,1505
737,734,1504,1505
745,681,1506,1522
682,678,1507,1508
682,679,1508,1524
679,675,1509,1510
679,676,1510,1511
789,676,1511,1549
679,789,1511,1512
790,789,1512,1548
679,790,1512,1513
791,790,1513,1547
679,791,1513,1524
792,793,1514,1545
793,791,1514,1546
791,792,1514,1515
794,792,1515,-1
791,794,1515,1516
750,794,1516,1564
791,750,1516,1517
791,749,1517,1518
791,748,1518,1519
791,747,1519,1520
791,746,1520,1521
791,745,1521,1522
791,681,1522,1523
791,682,1523,1524
738,785,1525,1526
738,783,1526,1527
738,784,1527,1528
738,782,1528,1535
782,780,1529,1530
741,780,1530,-1
782,741,1530,1531
782,742,1531,1532
782,743,1532,1533
782,740,1533,1534
782,739,1534,1535
676,674,1536,1549
674,671,1537,1550
671,669,1538,1539
671,668,1539,1551
667,665,1540,1541
667,664,1541,1553
664,662,1542,1543
664,661,1543,1544
792,661,1544,-1
664,792,1544,1545
664,793,1545,1546
664,791,1546,1547
664,790,1547,1548
664,789,1548,1553
789,674,1549,1550
789,671,1550,1551
789,668,1551,1552
789,667,1552,1553
755,753,1554,1555
755,752,1555,1556
755,751,1556,1557
795,751,1557,1563
755,795,1557,1558
796,795,1558,1565
755,796,1558,1559
779,796,1559,-1
755,779,1559,1562
779,777,1560,1562
777,755,1561,1562
795,750,1563,1564
795,794,1564,1565
796,794,1565,-1