0,1,2,1,1,1,28944
3,2,4,1,0,1
5,6,7,1,1,1
8,9,10,1,1,1
11,12,13,1,1,1
14,13,15,1,0,1
16,17,18,1,1,1
19,18,20,1,0,1
21,20,22,1,0,1
23,22,24,1,0,1
25,24,26,1,0,1
27,26,28,1,0,1
29,28,30,1,0,1
31,30,32,1,0,1
33,32,34,1,0,1
35,34,36,1,0,1
37,36,38,1,0,1
39,38,40,1,0,1
41,40,42,1,0,1
43,42,44,1,0,1
45,46,47,1,1,1
4,48,49,0,1,1
50,49,51,1,0,1
7,51,52,0,0,1
10,52,53,0,0,1
15,53,54,0,0,1
44,54,47,0,0,0
55,56,57,1,1,1,30784
58,57,59,1,0,1
60,59,61,1,0,1
62,61,63,1,0,1
64,65,66,1,1,1
67,66,68,1,0,1
69,70,71,1,1,1
72,71,73,1,0,1
74,73,75,1,0,1
76,77,78,1,1,1
79,80,81,1,1,1
82,83,84,1,1,1
85,86,87,1,1,1
88,87,89,1,0,1
90,89,91,1,0,1
92,93,94,1,1,1
95,96,97,1,1,1
98,97,99,1,0,1
100,101,102,1,1,1
103,104,105,1,1,1
106,107,108,1,1,1
109,108,110,1,0,1
111,112,113,1,1,1
114,115,116,1,1,1
117,116,118,1,0,1
119,120,121,1,1,1
122,123,124,1,1,1
125,126,127,1,1,1
128,129,130,1,1,1
131,130,132,1,0,1
133,132,134,1,0,1
135,134,136,1,0,1
137,138,139,1,1,1
140,141,142,1,1,1
143,142,144,1,0,1
145,146,147,1,1,1
148,147,149,1,0,1
150,149,151,1,0,1
152,151,153,1,0,1
154,153,155,1,0,1
156,155,157,1,0,1
158,157,159,1,0,1
160,161,162,1,1,1
163,162,164,1,0,1
165,166,167,1,1,1
168,167,169,1,0,1
170,171,172,1,1,1
173,174,175,1,1,1
176,177,178,1,1,1
179,180,181,1,1,1
182,183,184,1,1,1
185,184,186,1,0,1
187,188,189,1,1,1
190,189,191,1,0,1
192,193,194,1,1,1
195,196,197,1,1,1
198,197,199,1,0,1
200,199,201,1,0,1
202,201,203,1,0,1
204,203,205,1,0,1
206,205,207,1,0,1
208,207,209,1,0,1
210,209,211,1,0,1
212,211,213,1,0,1
214,215,216,1,1,1
217,216,218,1,0,1
219,218,220,1,0,1
221,222,223,1,1,1
224,225,226,1,1,1
227,226,228,1,0,1
229,230,231,1,1,1
232,231,233,1,0,1
234,233,235,1,0,1
236,237,238,1,1,1
239,238,240,1,0,1
241,242,243,1,1,1
244,245,246,1,1,1
247,248,249,1,1,1
250,249,251,1,0,1
252,251,253,1,0,1
254,253,255,1,0,1
256,255,257,1,0,1
258,259,260,1,1,1
261,260,262,1,0,1
263,264,265,1,1,1
266,265,267,1,0,1
268,269,270,1,1,1
271,270,272,1,0,1
273,274,275,1,1,1
276,277,278,1,1,1
279,278,280,1,0,1
281,280,282,1,0,1
283,282,284,1,0,1
285,284,286,1,0,1
287,288,289,1,1,1
290,289,291,1,0,1
292,291,293,1,0,1
294,293,295,1,0,1
296,297,298,1,1,1
299,300,301,1,1,1
1,301,302,0,0,1
63,302,303,0,0,1
68,303,304,0,0,1
75,304,305,0,0,1
306,305,307,1,0,1
78,307,308,0,0,1
309,308,310,1,0,1
81,310,311,0,0,1
84,311,312,0,0,1
91,312,313,0,0,1
94,313,314,0,0,1
99,314,315,0,0,1
102,315,316,0,0,1
105,316,317,0,0,1
110,317,318,0,0,1
113,318,319,0,0,1
320,319,321,1,0,1
118,321,322,0,0,1
323,322,324,1,0,1
325,324,326,1,0,1
121,326,327,0,0,1
124,327,328,0,0,1
329,328,330,1,0,1
127,330,331,0,0,1
136,331,332,0,0,1
333,332,334,1,0,1
139,334,335,0,0,1
336,335,337,1,0,1
159,338,339,0,1,1
164,339,340,0,0,1
169,341,342,0,1,1
172,342,343,0,0,1
178,175,344,0,0,1
345,344,346,1,0,1
181,346,347,0,0,1
186,347,348,0,0,1
194,349,350,0,1,1
213,351,352,0,1,1
220,352,353,0,0,1
223,353,354,0,0,1
228,354,355,0,0,1
235,355,356,0,0,1
240,356,357,0,0,1
243,357,358,0,0,1
246,358,359,0,0,1
360,359,361,1,0,1
257,361,362,0,0,1
262,362,363,0,0,1
267,363,364,0,0,1
272,364,365,0,0,1
275,365,366,0,0,1
286,366,367,0,0,1
295,367,368,0,0,1
298,368,369,0,0,1
337,369,370,0,0,1
144,370,371,0,0,1
343,340,372,0,0,1
348,373,374,0,1,1
191,374,375,0,0,1
371,350,376,0,0,1
372,376,375,0,0,0
377,378,379,1,1,1,30944
380,379,381,1,0,1
382,381,383,1,0,1
384,383,385,1,0,1
386,387,388,1,1,1
389,390,391,1,1,1
392,391,393,1,0,1
394,393,395,1,0,1
396,395,397,1,0,1
398,397,399,1,0,1
400,399,401,1,0,1
402,403,404,1,1,1
405,404,406,1,0,1
407,408,409,1,1,1
410,411,412,1,1,1
413,414,415,1,1,1
416,415,417,1,0,1
86,418,419,0,1,1
82,419,420,0,0,1
83,420,421,0,0,1
79,421,422,0,0,1
309,80,423,0,0,1
76,423,424,0,0,1
306,77,425,0,0,1
74,425,426,0,0,1
72,426,427,0,0,1
69,427,428,0,0,1
67,70,429,0,0,1
64,429,430,0,0,1
62,65,431,0,0,1
60,431,432,0,0,1
55,58,433,0,0,1
385,433,434,0,0,1
388,434,435,0,0,1
436,435,437,1,0,1
401,437,438,0,0,1
406,438,439,0,0,1
409,439,440,0,0,1
412,440,441,0,0,1
422,417,442,0,0,1
424,442,443,0,0,1
428,443,444,0,0,1
430,444,445,0,0,1
432,445,441,0,0,0
446,447,448,1,1,1,30432
449,448,450,1,0,1
451,450,452,1,0,1
453,452,454,1,0,1
455,456,457,1,1,1
458,459,460,1,1,1
461,462,463,1,1,1
464,465,466,1,1,1
467,468,469,1,1,1
470,471,472,1,1,1
473,472,474,1,0,1
475,474,476,1,0,1
477,476,478,1,0,1
479,480,481,1,1,1
482,481,483,1,0,1
484,483,485,1,0,1
486,487,488,1,1,1
489,488,490,1,0,1
491,492,493,1,1,1
494,493,495,1,0,1
496,497,498,1,1,1
499,500,501,1,1,1
502,501,503,1,0,1
504,503,505,1,0,1
506,505,507,1,0,1
508,507,509,1,0,1
510,509,511,1,0,1
512,511,513,1,0,1
514,515,516,1,1,1
517,518,519,1,1,1
520,521,522,1,1,1
523,524,525,1,1,1
526,527,528,1,1,1
529,528,530,1,0,1
531,532,533,1,1,1
534,535,536,1,1,1
537,538,539,1,1,1
540,539,541,1,0,1
542,543,544,1,1,1
545,544,546,1,0,1
85,547,548,0,1,1
418,548,549,0,0,1
416,549,550,0,0,1
413,550,551,0,0,1
410,414,552,0,0,1
407,411,553,0,0,1
405,408,554,0,0,1
400,403,555,0,0,1
398,555,556,0,0,1
396,556,557,0,0,1
394,557,558,0,0,1
392,558,559,0,0,1
436,390,560,0,0,1
386,560,561,0,0,1
384,387,562,0,0,1
382,562,563,0,0,1
380,563,564,0,0,1
377,564,565,0,0,1
566,565,567,1,0,1
457,454,568,0,0,1
569,568,570,1,0,1
460,571,572,0,1,1
463,572,573,0,0,1
574,573,575,1,0,1
466,576,577,0,1,1
469,577,578,0,0,1
478,578,579,0,0,1
485,579,580,0,0,1
490,580,581,0,0,1
495,581,582,0,0,1
583,582,584,1,0,1
498,584,585,0,0,1
513,585,586,0,0,1
516,586,587,0,0,1
519,587,588,0,0,1
525,522,589,0,0,1
536,590,591,0,1,1
541,591,592,0,0,1
551,546,593,0,0,1
552,593,594,0,0,1
553,594,595,0,0,1
554,595,596,0,0,1
567,561,597,0,0,1
588,575,598,0,0,1
589,598,599,0,0,1
530,599,600,0,0,1
533,600,601,0,0,1
592,601,602,0,0,1
596,602,603,0,0,1
402,603,604,0,0,1
559,604,605,0,0,1
597,389,606,0,0,1
570,606,605,0,0,0
0,3,607,0,0,1,28992
299,607,608,0,0,1
300,608,609,0,0,1
296,609,610,0,0,1
294,297,611,0,0,1
292,611,612,0,0,1
285,288,613,0,0,1
283,613,614,0,0,1
281,614,615,0,0,1
279,615,616,0,0,1
273,277,617,0,0,1
274,617,618,0,0,1
271,618,619,0,0,1
268,619,620,0,0,1
621,620,622,1,0,1
623,622,624,1,0,1
625,624,626,1,0,1
627,626,628,1,0,1
629,628,630,1,0,1
631,630,632,1,0,1
633,634,635,1,1,1
16,636,637,0,1,1
17,637,638,0,0,1
14,638,639,0,0,1
11,639,640,0,0,1
12,640,641,0,0,1
8,641,642,0,0,1
9,642,643,0,0,1
5,643,644,0,0,1
6,644,645,0,0,1
50,645,646,0,0,1
610,646,647,0,0,1
612,647,648,0,0,1
290,648,649,0,0,1
287,649,650,0,0,1
616,650,651,0,0,1
276,651,652,0,0,1
632,652,635,0,0,0
43,46,653,0,0,1,28928
41,653,654,0,0,1
39,654,655,0,0,1
37,655,656,0,0,1
35,656,657,0,0,1
33,657,658,0,0,1
29,31,659,0,0,1
27,659,660,0,0,1
25,660,661,0,0,1
19,21,662,0,0,1
636,662,663,0,0,1
633,663,664,0,0,1
634,664,665,0,0,1
631,665,666,0,0,1
667,666,668,1,0,1
669,668,670,1,0,1
671,670,672,1,0,1
673,672,674,1,0,1
675,674,676,1,0,1
677,676,678,1,0,1
679,678,680,1,0,1
681,682,683,1,1,1
684,683,685,1,0,1
686,687,688,1,1,1
689,690,691,1,1,1
692,691,693,1,0,1
658,693,694,0,0,1
661,694,695,0,0,1
680,23,696,0,0,1
697,696,698,1,0,1
699,698,700,1,0,1
685,700,701,0,0,1
702,701,703,1,0,1
688,703,695,0,0,0
684,702,704,0,0,1,30208
681,704,705,0,0,1
699,682,706,0,0,1
697,706,707,0,0,1
679,707,708,0,0,1
675,677,709,0,0,1
671,673,710,0,0,1
669,710,711,0,0,1
667,711,712,0,0,1
629,712,713,0,0,1
714,713,715,1,0,1
716,715,717,1,0,1
718,717,719,1,0,1
720,719,721,1,0,1
722,721,723,1,0,1
724,723,725,1,0,1
726,725,727,1,0,1
728,727,729,1,0,1
730,729,731,1,0,1
732,731,733,1,0,1
734,733,735,1,0,1
736,735,737,1,0,1
738,737,739,1,0,1
740,739,741,1,0,1
742,741,743,1,0,1
744,743,745,1,0,1
746,745,747,1,0,1
748,747,749,1,0,1
750,749,751,1,0,1
752,753,754,1,1,1
755,754,756,1,0,1
689,756,757,0,0,1
690,757,758,0,0,1
686,758,759,0,0,1
687,759,760,0,0,1
705,760,761,0,0,1
708,761,762,0,0,1
709,762,751,0,0,0
625,627,763,0,0,1,30272
621,623,764,0,0,1
269,764,765,0,0,1
266,765,766,0,0,1
263,766,767,0,0,1
264,767,768,0,0,1
261,768,769,0,0,1
258,769,770,0,0,1
256,259,771,0,0,1
254,771,772,0,0,1
252,772,773,0,0,1
774,250,775,1,0,1
776,775,777,1,0,1
724,777,778,0,0,1
722,778,779,0,0,1
720,779,780,0,0,1
718,780,781,0,0,1
716,781,782,0,0,1
714,782,783,0,0,1
763,783,784,0,0,1
770,784,773,0,0,0
785,446,786,1,0,1,29152
471,786,787,0,0,1
467,787,788,0,0,1
468,788,789,0,0,1
464,789,790,0,0,1
465,790,791,0,0,1
576,791,792,0,0,1
574,792,793,0,0,1
461,793,794,0,0,1
462,794,795,0,0,1
458,795,796,0,0,1
459,796,797,0,0,1
569,571,798,0,0,1
455,798,799,0,0,1
453,456,800,0,0,1
451,800,801,0,0,1
797,449,802,0,0,1
799,802,801,0,0,0
750,753,803,0,0,1,28928
748,803,804,0,0,1
746,804,805,0,0,1
742,744,806,0,0,1
738,740,807,0,0,1
734,736,808,0,0,1
728,730,809,0,0,1
726,809,810,0,0,1
776,810,811,0,0,1
812,811,813,1,0,1
814,813,815,1,0,1
816,817,818,1,1,1
819,818,820,1,0,1
821,822,823,1,1,1
824,823,825,1,0,1
826,827,828,1,1,1
829,828,830,1,0,1
831,830,832,1,0,1
833,832,834,1,0,1
835,834,836,1,0,1
837,836,838,1,0,1
839,838,840,1,0,1
841,840,842,1,0,1
843,842,844,1,0,1
845,844,846,1,0,1
847,846,848,1,0,1
849,848,850,1,0,1
851,852,853,1,1,1
854,853,855,1,0,1
856,855,857,1,0,1
752,857,858,0,0,1
805,858,859,0,0,1
806,859,860,0,0,1
807,860,861,0,0,1
808,861,862,0,0,1
732,862,863,0,0,1
815,863,864,0,0,1
820,864,865,0,0,1
825,865,850,0,0,0
545,547,866,0,0,1,30272
540,543,867,0,0,1
537,867,868,0,0,1
534,538,869,0,0,1
590,535,870,0,0,1
531,870,871,0,0,1
529,532,872,0,0,1
526,872,873,0,0,1
523,527,874,0,0,1
520,524,875,0,0,1
517,521,876,0,0,1
514,518,877,0,0,1
515,877,878,0,0,1
512,878,879,0,0,1
510,879,880,0,0,1
508,880,881,0,0,1
504,506,882,0,0,1
502,882,883,0,0,1
884,499,885,1,0,1
886,885,887,1,0,1
888,887,889,1,0,1
890,889,891,1,0,1
892,891,893,1,0,1
894,893,895,1,0,1
896,897,898,1,1,1
899,898,900,1,0,1
901,900,902,1,0,1
903,904,905,1,1,1
906,907,908,1,1,1
909,910,911,1,1,1
912,911,913,1,0,1
914,915,916,1,1,1
917,916,918,1,0,1
919,920,921,1,1,1
922,921,923,1,0,1
924,925,926,1,1,1
927,928,929,1,1,1
930,929,931,1,0,1
932,933,934,1,1,1
935,936,937,1,1,1
938,939,940,1,1,1
941,942,943,1,1,1
944,943,945,1,0,1
946,945,947,1,0,1
948,947,949,1,0,1
950,949,951,1,0,1
952,953,954,1,1,1
955,956,957,1,1,1
958,959,960,1,1,1
961,960,962,1,0,1
963,964,965,1,1,1
129,965,966,0,0,1
125,966,967,0,0,1
329,126,968,0,0,1
122,968,969,0,0,1
119,123,970,0,0,1
325,120,971,0,0,1
323,971,972,0,0,1
117,972,973,0,0,1
114,973,974,0,0,1
320,115,975,0,0,1
111,975,976,0,0,1
109,112,977,0,0,1
106,977,978,0,0,1
103,107,979,0,0,1
100,104,980,0,0,1
101,980,981,0,0,1
98,981,982,0,0,1
95,982,983,0,0,1
92,96,984,0,0,1
90,93,985,0,0,1
88,985,986,0,0,1
866,986,987,0,0,1
542,987,988,0,0,1
868,988,989,0,0,1
869,989,990,0,0,1
871,990,991,0,0,1
873,991,992,0,0,1
874,992,993,0,0,1
875,993,994,0,0,1
876,994,995,0,0,1
881,995,996,0,0,1
883,996,997,0,0,1
895,997,998,0,0,1
902,998,999,0,0,1
1000,999,1001,1,0,1
905,1001,1002,0,0,1
908,1002,1003,0,0,1
913,1003,1004,0,0,1
918,1004,1005,0,0,1
923,1005,1006,0,0,1
926,1006,1007,0,0,1
931,1007,1008,0,0,1
934,1008,1009,0,0,1
937,1009,1010,0,0,1
940,1010,1011,0,0,1
951,1011,1012,0,0,1
954,1012,1013,0,0,1
962,957,1014,0,0,1
967,1014,1015,0,0,1
969,1015,1016,0,0,1
970,1016,1017,0,0,1
974,1017,1018,0,0,1
976,1018,1019,0,0,1
978,1019,1020,0,0,1
979,1020,1021,0,0,1
984,983,1022,0,0,1
1013,1022,1021,0,0,0
247,774,1023,0,0,1,28992
248,1023,1024,0,0,1
360,1024,1025,0,0,1
244,1025,1026,0,0,1
241,245,1027,0,0,1
1028,1027,1029,1,0,1
1030,1029,1031,1,0,1
826,1031,1032,0,0,1
827,1032,1033,0,0,1
824,1033,1034,0,0,1
821,1034,1035,0,0,1
819,822,1036,0,0,1
816,1036,1037,0,0,1
814,817,1038,0,0,1
812,1038,1039,0,0,1
1026,1039,1040,0,0,1
1035,1040,1037,0,0,0
851,854,1041,0,0,1,30208
849,852,1042,0,0,1
843,845,1043,0,0,1
841,1043,1044,0,0,1
839,1044,1045,0,0,1
837,1045,1046,0,0,1
833,835,1047,0,0,1
831,1047,1048,0,0,1
829,1048,1049,0,0,1
1050,1049,1051,1,0,1
1052,1051,1053,1,0,1
1054,1053,1055,1,0,1
1056,1055,1057,1,0,1
1058,1057,1059,1,0,1
1060,1059,1061,1,0,1
1062,1061,1063,1,0,1
1064,1063,1065,1,0,1
1066,1065,1067,1,0,1
1068,1067,1069,1,0,1
1070,1069,1071,1,0,1
1072,1071,1073,1,0,1
1074,1073,1075,1,0,1
1076,1077,1078,1,1,1
1041,1078,1079,0,0,1
1042,1079,1080,0,0,1
847,1080,1081,0,0,1
1046,1081,1075,0,0,0
1072,1074,1082,0,0,1,28928
1066,1068,1083,0,0,1
1064,1083,1084,0,0,1
1062,1084,1085,0,0,1
1058,1060,1086,0,0,1
1056,1086,1087,0,0,1
1088,1087,1089,1,0,1
1090,1089,1091,1,0,1
1092,1091,1093,1,0,1
1094,1093,1095,1,0,1
1096,1095,1097,1,0,1
1098,1097,1099,1,0,1
1100,1099,1101,1,0,1
1102,1101,1103,1,0,1
1104,1103,1105,1,0,1
1106,1105,1107,1,0,1
1108,1107,1109,1,0,1
1110,1109,1111,1,0,1
1112,1111,1113,1,0,1
1114,1113,1115,1,0,1
1116,1115,1117,1,0,1
1118,1117,1119,1,0,1
1120,1119,1121,1,0,1
1122,1121,1123,1,0,1
1124,1123,1125,1,0,1
1126,1125,1127,1,0,1
1128,1129,1130,1,1,1
1131,1132,1133,1,1,1
1134,1135,1136,1,1,1
1137,1136,1138,1,0,1
1139,1138,1140,1,0,1
1141,1142,1143,1,1,1
1144,1143,1145,1,0,1
1077,1145,1146,0,0,1
1082,1146,1147,0,0,1
1070,1147,1148,0,0,1
1085,1148,1149,0,0,1
1130,1127,1150,0,0,1
1133,1150,1151,0,0,1
1140,1151,1149,0,0,0
242,1028,1152,0,0,1,30272
239,1152,1153,0,0,1
236,1153,1154,0,0,1
1155,1154,1156,1,0,1
1052,1054,1157,0,0,1
1050,1157,1158,0,0,1
1030,1158,1156,0,0,0
135,333,1159,0,0,1,38976
1160,1159,1161,1,0,1
1162,1161,1163,1,0,1
1164,1163,1165,1,0,1
1166,1165,1167,1,0,1
1168,1167,138,1,0,0
1169,131,1170,1,0,1,34880
1171,1170,1172,1,0,1
338,1172,1173,0,0,1
143,1173,1174,0,0,1
140,1174,1175,0,0,1
1176,1175,1177,1,0,1
1164,1177,1178,0,0,1
1162,1178,1179,0,0,1
1160,1179,133,0,0,0
1168,137,1180,0,0,1,26692
1166,1180,1181,0,0,1
1176,1181,1182,0,0,1
141,1182,336,0,0,0
237,1155,1183,0,0,1,28992
234,1183,1184,0,0,1
232,1184,1185,0,0,1
229,1185,1186,0,0,1
230,1186,1187,0,0,1
227,1187,1188,0,0,1
224,1188,1189,0,0,1
225,1189,1190,0,0,1
221,1190,1191,0,0,1
222,1191,1192,0,0,1
219,1192,1193,0,0,1
217,1193,1194,0,0,1
214,1194,1195,0,0,1
212,215,1196,0,0,1
208,210,1197,0,0,1
206,1197,1198,0,0,1
202,204,1199,0,0,1
200,1199,1200,0,0,1
1201,198,1202,1,0,1
1203,1202,1204,1,0,1
1205,1206,1207,1,1,1
1208,1207,1209,1,0,1
1210,1211,1212,1,1,1
1213,1212,1214,1,0,1
1215,1214,1216,1,0,1
1217,1216,1218,1,0,1
1219,1218,1220,1,0,1
1122,1124,1221,0,0,1
1120,1221,1222,0,0,1
1118,1222,1223,0,0,1
1114,1116,1224,0,0,1
1110,1112,1225,0,0,1
1108,1225,1226,0,0,1
1104,1106,1227,0,0,1
1100,1102,1228,0,0,1
1098,1228,1229,0,0,1
1094,1096,1230,0,0,1
1090,1092,1231,0,0,1
1088,1231,1232,0,0,1
1195,1232,1233,0,0,1
1196,1233,1234,0,0,1
1198,1234,1235,0,0,1
1200,1235,1236,0,0,1
1204,1236,1237,0,0,1
1209,1237,1238,0,0,1
1223,1220,1239,0,0,1
1224,1239,1240,0,0,1
1226,1240,1241,0,0,1
1227,1241,1242,0,0,1
1229,1242,1243,0,0,1
1230,1243,1238,0,0,0
128,1169,1244,0,0,1,10307
963,1244,1245,0,0,1
145,1246,1247,0,1,1
146,1247,1248,0,0,1
1171,1248,1245,0,0,0
964,1246,1249,0,0,1,34368
961,1249,1250,0,0,1
1251,1250,1252,1,0,1
1253,1252,148,1,0,0
1253,150,1254,0,0,1,30272
1255,1254,1256,1,0,1
1257,1256,1258,1,0,1
1259,1258,1260,1,0,1
1261,1260,1262,1,0,1
1263,1262,1264,1,0,1
1265,1264,1266,1,0,1
1267,1266,1268,1,0,1
1269,1268,1270,1,0,1
1271,1270,1272,1,0,1
1273,1274,1275,1,1,1
1276,1275,1277,1,0,1
1278,1279,1280,1,1,1
1281,1282,1283,1,1,1
1284,1285,1286,1,1,1
1287,1286,1288,1,0,1
1289,1288,1290,1,0,1
1291,1290,1292,1,0,1
1293,1294,1295,1,1,1
1296,1295,1297,1,0,1
1298,1297,1299,1,0,1
1300,1301,1302,1,1,1
1303,1304,1305,1,1,1
1306,1307,1308,1,1,1
1309,1310,1311,1,1,1
1312,1313,1314,1,1,1
1315,1316,1317,1,1,1
1318,1319,1320,1,1,1
1321,1320,1322,1,0,1
1323,1324,1325,1,1,1
1326,1325,1327,1,0,1
1328,1329,1330,1,1,1
1331,1330,1332,1,0,1
1333,1334,1335,1,1,1
1336,1337,1338,1,1,1
1339,1340,1341,1,1,1
1342,1343,1344,1,1,1
1210,1344,1345,0,0,1
1208,1211,1346,0,0,1
1205,1346,1347,0,0,1
1203,1206,1348,0,0,1
1201,1348,1349,0,0,1
195,1349,1350,0,0,1
351,196,1351,0,0,1
192,1351,1352,0,0,1
349,193,1353,0,0,1
190,1353,1354,0,0,1
187,1354,1355,0,0,1
185,188,1356,0,0,1
182,1356,1357,0,0,1
179,183,1358,0,0,1
345,180,1359,0,0,1
176,1359,1360,0,0,1
173,177,1361,0,0,1
373,174,1362,0,0,1
170,1362,1363,0,0,1
168,171,1364,0,0,1
165,1364,1365,0,0,1
341,166,1366,0,0,1
163,1366,1367,0,0,1
160,1367,1368,0,0,1
158,161,1369,0,0,1
156,1369,1370,0,0,1
154,1370,1371,0,0,1
152,1371,1372,0,0,1
1272,1372,1373,0,0,1
1277,1373,1374,0,0,1
1375,1374,1376,1,0,1
1280,1376,1377,0,0,1
1283,1377,1378,0,0,1
1379,1378,1380,1,0,1
1292,1380,1381,0,0,1
1299,1381,1382,0,0,1
1383,1382,1384,1,0,1
1302,1384,1385,0,0,1
1386,1385,1387,1,0,1
1388,1387,1389,1,0,1
1305,1389,1390,0,0,1
1308,1390,1391,0,0,1
1311,1391,1392,0,0,1
1314,1392,1393,0,0,1
1394,1393,1395,1,0,1
1396,1395,1397,1,0,1
1317,1397,1398,0,0,1
1322,1398,1399,0,0,1
1327,1399,1400,0,0,1
1332,1400,1401,0,0,1
1335,1401,1402,0,0,1
1338,1402,1403,0,0,1
1404,1403,1405,1,0,1
1341,1405,1406,0,0,1
1347,1345,1407,0,0,1
1350,1407,1408,0,0,1
1352,1408,1409,0,0,1
1355,1409,1410,0,0,1
1357,1410,1411,0,0,1
1358,1411,1412,0,0,1
1360,1412,1413,0,0,1
1363,1361,1414,0,0,1
1365,1414,1415,0,0,1
1406,1368,1416,0,0,1
1413,1416,1415,0,0,0
958,1251,1417,0,0,1,38464
955,959,1418,0,0,1
1419,1418,1420,1,0,1
1421,1420,1422,1,0,1
1423,1422,1424,1,0,1
1425,1424,1426,1,0,1
1259,1426,1427,0,0,1
1257,1427,1428,0,0,1
1255,1428,1417,0,0,0
1423,1425,1429,0,0,1,28996
1430,1429,1431,1,0,1
1432,1431,1433,1,0,1
1434,1433,1261,1,0,0
952,956,1435,0,0,1,34368
950,953,1436,0,0,1
948,1436,1437,0,0,1
1438,1437,1439,1,0,1
1440,1439,1441,1,0,1
1442,1441,1443,1,0,1
1444,1443,1445,1,0,1
1446,1445,1447,1,0,1
1448,1447,1449,1,0,1
1450,1451,1452,1,1,1
1453,1452,1454,1,0,1
1419,1455,1456,0,1,1
1449,1435,1457,0,0,1
1454,1457,1456,0,0,0
1455,1421,1458,0,0,1,37184
1453,1458,1459,0,0,1
1460,1459,1461,1,0,1
1462,1461,1463,1,0,1
1464,1463,1465,1,0,1
1466,1465,1467,1,0,1
1468,1469,1470,1,1,1
1444,1470,1471,0,0,1
1472,1471,1473,1,0,1
1474,1473,1475,1,0,1
1432,1475,1476,0,0,1
1430,1476,1467,0,0,0
1448,1451,1477,0,0,1,33088
1446,1477,1478,0,0,1
1468,1478,1479,0,0,1
1466,1469,1480,0,0,1
1462,1464,1481,0,0,1
1460,1481,1482,0,0,1
1450,1482,1483,0,0,1
1479,1483,1480,0,0,0
1434,1263,1484,0,0,1,28992
1474,1484,1485,0,0,1
1486,1485,1487,1,0,1
1488,1487,1489,1,0,1
1490,1489,1491,1,0,1
1492,1491,1493,1,0,1
1494,1493,1495,1,0,1
1496,1497,1498,1,1,1
1499,1498,1500,1,0,1
1501,1500,1502,1,0,1
1503,1502,1504,1,0,1
1505,1506,1507,1,1,1
1508,1507,1509,1,0,1
1510,1511,1512,1,1,1
1513,1514,1515,1,1,1
1516,1517,1518,1,1,1
1519,1518,1520,1,0,1
1521,1522,1523,1,1,1
1524,1523,1525,1,0,1
1526,1525,1527,1,0,1
1528,1529,1530,1,1,1
1531,1532,1533,1,1,1
1534,1535,1536,1,1,1
1537,1536,1538,1,0,1
1539,1540,1541,1,1,1
1542,1543,1544,1,1,1
1545,1544,1546,1,0,1
1547,1548,1549,1,1,1
1550,1551,1552,1,1,1
1553,1552,1554,1,0,1
1555,1554,1556,1,0,1
1557,1558,1559,1,1,1
1329,1559,1560,0,0,1
1326,1560,1561,0,0,1
1323,1561,1562,0,0,1
1321,1324,1563,0,0,1
1318,1563,1564,0,0,1
1315,1319,1565,0,0,1
1396,1316,1566,0,0,1
1394,1566,1567,0,0,1
1312,1567,1568,0,0,1
1313,1568,1569,0,0,1
1309,1569,1570,0,0,1
1306,1310,1571,0,0,1
1303,1307,1572,0,0,1
1388,1304,1573,0,0,1
1386,1573,1574,0,0,1
1300,1574,1575,0,0,1
1383,1301,1576,0,0,1
1298,1576,1577,0,0,1
1296,1577,1578,0,0,1
1293,1578,1579,0,0,1
1291,1294,1580,0,0,1
1287,1289,1581,0,0,1
1379,1285,1582,0,0,1
1281,1582,1583,0,0,1
1278,1282,1584,0,0,1
1375,1279,1585,0,0,1
1276,1585,1586,0,0,1
1273,1586,1587,0,0,1
1271,1274,1588,0,0,1
1269,1588,1589,0,0,1
1495,1265,1590,0,0,1
1504,1591,1592,0,1,1
1509,1592,1593,0,0,1
1512,1593,1594,0,0,1
1515,1594,1595,0,0,1
1520,1595,1596,0,0,1
1527,1596,1597,0,0,1
1598,1597,1599,1,0,1
1530,1599,1600,0,0,1
1533,1600,1601,0,0,1
1538,1602,1603,0,1,1
1541,1603,1604,0,0,1
1556,1549,1605,0,0,1
1562,1605,1606,0,0,1
1564,1606,1607,0,0,1
1565,1607,1608,0,0,1
1570,1608,1609,0,0,1
1571,1609,1610,0,0,1
1572,1610,1611,0,0,1
1575,1611,1612,0,0,1
1579,1612,1613,0,0,1
1580,1613,1614,0,0,1
1581,1614,1615,0,0,1
1284,1615,1616,0,0,1
1584,1583,1617,0,0,1
1587,1617,1618,0,0,1
1589,1618,1619,0,0,1
1267,1619,1620,0,0,1
1590,1620,1621,0,0,1
1601,1621,1622,0,0,1
1604,1622,1623,0,0,1
1546,1623,1616,0,0,0
1624,1442,1625,1,0,1,38464
1626,1625,1627,1,0,1
1499,1628,1629,0,1,1
1630,1629,1631,1,0,1
1632,1631,1633,1,0,1
1486,1633,1634,0,0,1
1472,1634,1627,0,0,0
946,1438,1635,0,0,1,16712
1636,1635,1637,1,0,1
1638,1637,1639,1,0,1
1640,1639,1641,1,0,1
1642,1641,1643,1,0,1
1643,1440,1644,0,0,1,17990
1645,1644,1646,1,0,1
1647,1646,1648,1,0,1
1649,1648,1650,1,0,1
1651,1650,1652,1,0,1
1501,1652,1653,0,0,1
1626,1628,1654,0,0,1
1624,1654,1653,0,0,0
941,944,1655,0,0,1,28992
938,942,1656,0,0,1
939,1656,1657,0,0,1
935,1657,1658,0,0,1
936,1658,1659,0,0,1
932,1659,1660,0,0,1
933,1660,1661,0,0,1
930,1661,1662,0,0,1
927,1662,1663,0,0,1
924,928,1664,0,0,1
922,925,1665,0,0,1
919,1665,1666,0,0,1
917,920,1667,0,0,1
914,1667,1668,0,0,1
912,915,1669,0,0,1
909,1669,1670,0,0,1
906,910,1671,0,0,1
903,907,1672,0,0,1
1000,904,1673,0,0,1
901,1673,1674,0,0,1
899,1674,1675,0,0,1
894,897,1676,0,0,1
892,1676,1677,0,0,1
888,890,1678,0,0,1
1679,884,1680,1,0,1
1681,1680,1682,1,0,1
1683,1682,1684,1,0,1
1685,1684,1686,1,0,1
1687,1686,1688,1,0,1
1689,1688,1690,1,0,1
1691,1690,1692,1,0,1
1693,1692,1694,1,0,1
1695,1696,1697,1,1,1
1698,1699,1700,1,1,1
1701,1702,1703,1,1,1
1704,1703,1705,1,0,1
1706,1705,1707,1,0,1
1708,1707,1709,1,0,1
1710,1709,1711,1,0,1
1712,1711,1713,1,0,1
1714,1713,1715,1,0,1
1716,1717,1718,1,1,1
1719,1720,1721,1,1,1
1722,1723,1724,1,1,1
1725,1726,1727,1,1,1
1728,1727,1729,1,0,1
1730,1731,1732,1,1,1
1733,1732,1734,1,0,1
1735,1734,1736,1,0,1
1737,1738,1739,1,1,1
1740,1739,1741,1,0,1
1742,1741,1743,1,0,1
1744,1745,1746,1,1,1
1747,1746,1748,1,0,1
1749,1750,1751,1,1,1
1752,1753,1754,1,1,1
1755,1756,1757,1,1,1
1758,1757,1759,1,0,1
1760,1759,1761,1,0,1
1762,1761,1763,1,0,1
1636,1763,1764,0,0,1
1655,1764,1765,0,0,1
1663,1765,1766,0,0,1
1664,1766,1767,0,0,1
1666,1767,1768,0,0,1
1668,1768,1769,0,0,1
1670,1769,1770,0,0,1
1671,1770,1771,0,0,1
1672,1771,1772,0,0,1
1675,1772,1773,0,0,1
1677,896,1774,0,0,1
1678,1774,1775,0,0,1
1694,886,1776,0,0,1
1697,1776,1777,0,0,1
1700,1777,1778,0,0,1
1715,1779,1780,0,1,1
1718,1780,1781,0,0,1
1721,1781,1782,0,0,1
1783,1782,1784,1,0,1
1724,1784,1785,0,0,1
1786,1785,1787,1,0,1
1729,1787,1788,0,0,1
1789,1788,1790,1,0,1
1736,1790,1791,0,0,1
1792,1791,1793,1,0,1
1743,1793,1794,0,0,1
1795,1794,1796,1,0,1
1748,1796,1797,0,0,1
1751,1797,1798,0,0,1
1799,1798,1800,1,0,1
1754,1800,1801,0,0,1
1773,1801,1802,0,0,1
1775,1802,1778,0,0,0
1632,1488,1803,0,0,1,30272
1630,1803,1804,0,0,1
1591,1497,1805,0,0,1
1494,1805,1806,0,0,1
1492,1806,1807,0,0,1
1804,1490,1808,0,0,1
1496,1808,1807,0,0,0
1642,1645,1809,0,0,1,9800
1810,1809,1811,1,0,1
1812,1811,1813,1,0,1
1814,1813,1647,1,0,0
1638,1640,1815,0,0,1,8518
1762,1815,1816,0,0,1
1760,1816,1817,0,0,1
1818,1817,1819,1,0,1
1820,1819,1810,1,0,0
1821,1822,1823,1,1,1,30272
1755,1824,1825,0,1,1
1752,1756,1826,0,0,1
1799,1753,1827,0,0,1
1749,1827,1828,0,0,1
1747,1750,1829,0,0,1
1744,1829,1830,0,0,1
1795,1745,1831,0,0,1
1742,1831,1832,0,0,1
1740,1832,1833,0,0,1
1792,1738,1834,0,0,1
1735,1834,1835,0,0,1
1733,1835,1836,0,0,1
1730,1836,1837,0,0,1
1789,1731,1838,0,0,1
1728,1838,1839,0,0,1
1725,1839,1840,0,0,1
1786,1726,1841,0,0,1
1722,1841,1842,0,0,1
1783,1723,1843,0,0,1
1719,1843,1844,0,0,1
1716,1720,1845,0,0,1
1714,1717,1846,0,0,1
1710,1712,1847,0,0,1
1706,1708,1848,0,0,1
1849,1848,1850,1,0,1
1851,1850,1852,1,0,1
1853,1852,1854,1,0,1
1855,1854,1856,1,0,1
1857,1856,1858,1,0,1
1859,1858,1860,1,0,1
1861,1860,1862,1,0,1
1863,1862,1864,1,0,1
1865,1864,1866,1,0,1
1867,1866,1868,1,0,1
1869,1868,1870,1,0,1
1871,1870,1872,1,0,1
1873,1874,1875,1,1,1
1876,1877,1878,1,1,1
1879,1878,1880,1,0,1
1881,1882,1883,1,1,1
1884,1883,1885,1,0,1
1886,1887,1888,1,1,1
1889,1888,1890,1,0,1
1891,1890,1892,1,0,1
1893,1892,1894,1,0,1
1895,1896,1897,1,1,1
1898,1897,1899,1,0,1
1900,1901,1902,1,1,1
1903,1904,1905,1,1,1
1906,1905,1907,1,0,1
1908,1909,1910,1,1,1
1550,1910,1911,0,0,1
1551,1911,1912,0,0,1
1547,1912,1913,0,0,1
1548,1913,1914,0,0,1
1545,1914,1915,0,0,1
1542,1915,1916,0,0,1
1539,1543,1917,0,0,1
1537,1540,1918,0,0,1
1534,1918,1919,0,0,1
1602,1535,1920,0,0,1
1531,1920,1921,0,0,1
1532,1921,1922,0,0,1
1528,1922,1923,0,0,1
1598,1529,1924,0,0,1
1526,1924,1925,0,0,1
1524,1925,1926,0,0,1
1521,1926,1927,0,0,1
1519,1522,1928,0,0,1
1516,1928,1929,0,0,1
1513,1517,1930,0,0,1
1514,1930,1931,0,0,1
1510,1931,1932,0,0,1
1508,1511,1933,0,0,1
1505,1933,1934,0,0,1
1503,1506,1935,0,0,1
1651,1935,1936,0,0,1
1823,1936,1937,0,0,1
1825,1937,1938,0,0,1
1826,1938,1939,0,0,1
1828,1939,1940,0,0,1
1830,1940,1941,0,0,1
1833,1941,1942,0,0,1
1737,1942,1943,0,0,1
1837,1943,1944,0,0,1
1840,1944,1945,0,0,1
1842,1945,1946,0,0,1
1844,1946,1947,0,0,1
1845,1947,1948,0,0,1
1847,1846,1949,0,0,1
1872,1949,1950,0,0,1
1875,1950,1951,0,0,1
1880,1951,1952,0,0,1
1885,1952,1953,0,0,1
1894,1953,1954,0,0,1
1899,1954,1955,0,0,1
1956,1955,1957,1,0,1
1902,1957,1958,0,0,1
1959,1958,1960,1,0,1
1907,1960,1961,0,0,1
1916,1961,1962,0,0,1
1917,1962,1963,0,0,1
1919,1963,1964,0,0,1
1923,1964,1965,0,0,1
1927,1965,1966,0,0,1
1929,1966,1967,0,0,1
1932,1967,1968,0,0,1
1934,1968,1948,0,0,0
1814,1649,1969,0,0,1,30274
1812,1969,1970,0,0,1
1820,1970,1971,0,0,1
1758,1818,1972,0,0,1
1824,1972,1973,0,0,1
1821,1973,1974,0,0,1
1822,1974,1971,0,0,0
1342,1213,1975,0,0,1,31040
1339,1343,1976,0,0,1
1404,1340,1977,0,0,1
1336,1977,1978,0,0,1
1337,1978,1979,0,0,1
1333,1979,1980,0,0,1
1331,1334,1981,0,0,1
1982,1981,1983,1,0,1
1984,1983,1985,1,0,1
1986,1987,1988,1,1,1
1989,1990,1991,1,1,1
1992,1993,1994,1,1,1
1995,1994,1996,1,0,1
1997,1998,1999,1,1,1
2000,2001,2002,1,1,1
2003,2004,2005,1,1,1
2006,2005,2007,1,0,1
2008,2007,2009,1,0,1
2010,2009,2011,1,0,1
1219,2011,2012,0,0,1
1217,2012,2013,0,0,1
1215,2013,2014,0,0,1
1975,2014,2015,0,0,1
1976,2015,2016,0,0,1
1980,2016,2017,0,0,1
1985,2017,2018,0,0,1
1988,2018,2019,0,0,1
2020,2019,2021,1,0,1
1991,2021,2022,0,0,1
1996,2022,2023,0,0,1
1999,2023,2002,0,0,0
496,500,2024,0,0,1,29152
497,2024,2025,0,0,1
583,2025,2026,0,0,1
494,2026,2027,0,0,1
491,2027,2028,0,0,1
489,492,2029,0,0,1
486,2029,2030,0,0,1
484,487,2031,0,0,1
479,482,2032,0,0,1
477,480,2033,0,0,1
475,2033,2034,0,0,1
2035,473,2036,1,0,1
2037,2036,2038,1,0,1
1701,2038,2039,0,0,1
1702,2039,2040,0,0,1
1779,2040,2041,0,0,1
1698,2041,2042,0,0,1
1695,1699,2043,0,0,1
1693,1696,2044,0,0,1
1691,2044,2045,0,0,1
1689,2045,2046,0,0,1
1685,1687,2047,0,0,1
1681,1683,2048,0,0,1
2028,1679,2049,0,0,1
2030,2049,2050,0,0,1
2031,2050,2051,0,0,1
2032,2051,2052,0,0,1
2042,2034,2053,0,0,1
2043,2053,2054,0,0,1
2046,2054,2055,0,0,1
2047,2055,2056,0,0,1
2048,2056,2052,0,0,0
1128,1132,2057,0,0,1,30976
1126,1129,2058,0,0,1
2010,2058,2059,0,0,1
2008,2059,2060,0,0,1
2006,2060,2061,0,0,1
2003,2061,2062,0,0,1
2063,2064,2065,1,1,1
2066,2067,2068,1,1,1
2069,2070,2071,1,1,1
2072,2071,2073,1,0,1
1141,2073,2074,0,0,1
1142,2074,2075,0,0,1
1139,2075,2076,0,0,1
1137,2076,2077,0,0,1
1134,2077,2078,0,0,1
1135,2078,2079,0,0,1
1131,2079,2080,0,0,1
2057,2080,2081,0,0,1
2065,2062,2082,0,0,1
2083,2082,2084,1,0,1
2085,2084,2086,1,0,1
2068,2086,2081,0,0,0
2063,2083,2087,0,0,1,30992
2004,2064,2088,0,0,1
2000,2088,2089,0,0,1
1997,2001,2090,0,0,1
2091,2090,2092,1,0,1
2093,2092,2094,1,0,1
2095,2094,2096,1,0,1
2097,2096,2098,1,0,1
2099,2100,2101,1,1,1
2102,2103,2104,1,1,1
2105,2106,2107,1,1,1
2108,2107,2109,1,0,1
2110,2109,2111,1,0,1
2112,2113,2114,1,1,1
2115,2114,2116,1,0,1
2117,2116,2118,1,0,1
2119,2118,2120,1,0,1
2121,2122,2123,1,1,1
2124,2123,2125,1,0,1
2126,2125,2127,1,0,1
2069,2127,2128,0,0,1
2070,2128,2129,0,0,1
2066,2129,2130,0,0,1
2085,2067,2131,0,0,1
2087,2131,2132,0,0,1
2089,2132,2133,0,0,1
2098,2133,2134,0,0,1
2101,2134,2135,0,0,1
2104,2135,2136,0,0,1
2111,2136,2137,0,0,1
2120,2137,2138,0,0,1
2139,2138,2130,1,0,0
1557,1328,2140,0,0,1,31296
1555,1558,2141,0,0,1
1908,1553,2142,0,0,1
1906,1909,2143,0,0,1
1903,2143,2144,0,0,1
1959,1904,2145,0,0,1
1900,2145,2146,0,0,1
1956,1901,2147,0,0,1
1898,2147,2148,0,0,1
1895,2148,2149,0,0,1
1893,1896,2150,0,0,1
1891,2150,2151,0,0,1
2152,2151,2153,1,0,1
2154,2153,2155,1,0,1
2156,2155,2157,1,0,1
2158,2157,2159,1,0,1
2160,2159,2161,1,0,1
2162,2161,2163,1,0,1
2164,2163,2165,1,0,1
2166,2165,2167,1,0,1
2168,2167,2169,1,0,1
2170,2169,2171,1,0,1
2172,2171,2173,1,0,1
2174,2173,2175,1,0,1
2176,2175,2177,1,0,1
2178,2177,2179,1,0,1
2180,2179,2181,1,0,1
2182,2181,2183,1,0,1
2184,2185,2186,1,1,1
2187,2188,2189,1,1,1
2190,2191,2192,1,1,1
1993,2192,2193,0,0,1
1989,2193,2194,0,0,1
2020,1990,2195,0,0,1
1986,2195,2196,0,0,1
1984,1987,2197,0,0,1
2140,1982,2198,0,0,1
2141,2198,2199,0,0,1
2142,2199,2200,0,0,1
2144,2200,2201,0,0,1
2146,2201,2202,0,0,1
2183,2149,2203,0,0,1
2186,2203,2204,0,0,1
2189,2204,2205,0,0,1
2206,2205,2207,1,0,1
2208,2207,2209,1,0,1
2194,2209,2210,0,0,1
2196,2210,2211,0,0,1
2197,2211,2202,0,0,0
1995,1998,2212,0,0,1,31008
1992,2212,2213,0,0,1
2190,2213,2214,0,0,1
2215,2214,2216,1,0,1
2217,2216,2218,1,0,1
2219,2218,2220,1,0,1
2221,2220,2222,1,0,1
2223,2222,2224,1,0,1
2225,2226,2227,1,1,1
2228,2229,2230,1,1,1
2102,2106,2231,0,0,1
2099,2103,2232,0,0,1
2097,2100,2233,0,0,1
2091,2093,2234,0,0,1
2224,2234,2235,0,0,1
2227,2235,2236,0,0,1
2230,2236,2237,0,0,1
2231,2237,2238,0,0,1
2233,2232,2239,0,0,1
2095,2239,2238,0,0,0
2191,2215,2240,0,0,1,31264
2208,2240,2241,0,0,1
2206,2241,2242,0,0,1
2187,2242,2243,0,0,1
2188,2243,2244,0,0,1
2184,2244,2245,0,0,1
2182,2185,2246,0,0,1
2180,2246,2247,0,0,1
2178,2247,2248,0,0,1
2174,2176,2249,0,0,1
2250,2249,2251,1,0,1
2252,2251,2253,1,0,1
2254,2253,2255,1,0,1
2256,2255,2257,1,0,1
2258,2257,2259,1,0,1
2260,2259,2261,1,0,1
2262,2261,2263,1,0,1
2264,2265,2266,1,1,1
2267,2268,2269,1,1,1
2112,2269,2270,0,0,1
2271,2270,2272,1,0,1
2273,2272,2274,1,0,1
2275,2274,2276,1,0,1
2228,2277,2278,0,1,1
2229,2278,2279,0,0,1
2225,2279,2280,0,0,1
2226,2280,2281,0,0,1
2221,2223,2282,0,0,1
2219,2282,2283,0,0,1
2245,2217,2284,0,0,1
2248,2284,2285,0,0,1
2266,2263,2286,0,0,1
2276,2286,2287,0,0,1
2281,2287,2288,0,0,1
2283,2288,2285,0,0,0
2277,2105,2289,0,0,1,31248
2275,2289,2290,0,0,1
2273,2290,2291,0,0,1
2271,2291,2292,0,0,1
2110,2113,2293,0,0,1
2108,2293,2292,0,0,0
1889,2152,2294,0,0,1,28736
1884,1887,2295,0,0,1
1881,2295,2296,0,0,1
1879,1882,2297,0,0,1
1876,2297,2298,0,0,1
2299,2298,2300,1,0,1
2301,2300,2302,1,0,1
2303,2302,2304,1,0,1
2305,2306,2307,1,1,1
2308,2307,2309,1,0,1
2310,2309,2311,1,0,1
2162,2311,2312,0,0,1
2160,2312,2313,0,0,1
2158,2313,2314,0,0,1
2156,2314,2315,0,0,1
2154,2315,2316,0,0,1
2294,2316,2317,0,0,1
1886,2317,2318,0,0,1
2296,2318,2304,0,0,0
2267,2115,2319,0,0,1,31248
2268,2319,2320,0,0,1
2264,2320,2321,0,0,1
2265,2321,2322,0,0,1
2260,2262,2323,0,0,1
2324,2323,2325,1,0,1
2121,2325,2326,0,0,1
2122,2326,2327,0,0,1
2139,2327,2328,0,0,1
2119,2328,2329,0,0,1
2117,2329,2322,0,0,0
1873,1877,2330,0,0,1,29504
1871,1874,2331,0,0,1
1867,1869,2332,0,0,1
1865,2332,2333,0,0,1
1859,1861,2334,0,0,1
1857,2334,2335,0,0,1
1853,1855,2336,0,0,1
1851,2336,2337,0,0,1
2338,2337,2339,1,0,1
2305,2339,2340,0,0,1
2306,2340,2341,0,0,1
2303,2341,2342,0,0,1
2301,2342,2343,0,0,1
2330,2299,2344,0,0,1
2331,2344,2345,0,0,1
2333,2345,2346,0,0,1
1863,2346,2347,0,0,1
2335,2347,2343,0,0,0
2170,2172,2348,0,0,1,31312
2168,2348,2349,0,0,1
2166,2349,2350,0,0,1
2351,2350,2352,1,0,1
2353,2352,2354,1,0,1
2355,2354,2356,1,0,1
2254,2256,2357,0,0,1
2250,2252,2358,0,0,1
2356,2358,2357,0,0,0
2164,2351,2359,0,0,1,28752
2310,2359,2360,0,0,1
2361,2360,2353,1,0,0