0,1,0,89
1,2,0,-1
2,0,0,35
3,4,1,88
4,0,1,89
0,3,1,36
5,6,2,87
6,3,2,88
3,5,2,37
7,8,3,108
8,5,3,87
5,7,3,4
9,7,4,86
5,9,4,38
10,11,5,85
11,9,5,86
9,10,5,49
12,13,6,758
13,10,6,85
10,12,6,39
14,15,7,764
15,12,7,765
12,14,7,39
16,17,8,762
17,14,8,763
14,16,8,40
18,19,9,103
19,20,9,761
20,18,9,10
21,18,10,83
20,21,10,41
22,23,11,101
23,21,11,83
21,22,11,12
24,22,12,82
21,24,12,54
25,26,13,80
26,27,13,81
27,25,13,42
28,29,14,79
29,25,14,80
25,28,14,43
30,31,15,774
31,28,15,78
28,30,15,16
32,30,16,773
28,32,16,17
33,32,17,772
28,33,17,43
34,35,18,771
35,33,18,772
33,34,18,51
36,37,19,770
37,38,19,768
38,36,19,20
39,36,20,-1
38,39,20,21
40,39,21,767
38,40,21,22
41,40,22,766
38,41,22,44
42,43,23,-1
43,41,23,766
41,42,23,24
44,42,24,756
41,44,24,25
45,44,25,755
41,45,25,26
46,45,26,754
41,46,26,45
47,48,27,746
48,49,27,747
49,47,27,28
50,47,28,731
49,50,28,29
51,50,29,730
49,51,29,30
52,51,30,743
49,52,30,56
53,54,31,726
54,52,31,742
52,53,31,32
55,53,32,712
52,55,32,52
56,57,33,707
57,55,33,712
55,56,33,48
2,58,34,-1
58,56,34,707
56,2,34,35
56,0,35,36
56,3,36,37
56,5,37,38
56,9,38,48
10,14,39,40
10,16,40,53
20,16,41,762
16,21,41,57
27,24,42,81
24,25,42,50
25,33,43,50
38,34,44,771
34,41,44,45
34,46,45,46
59,46,46,753
34,59,46,47
49,59,47,747
34,49,47,55
55,9,48,49
55,10,49,52
24,33,50,51
24,34,51,54
52,10,52,53
52,16,53,56
21,34,54,55
21,49,55,57
49,16,56,57
60,61,58,187
61,1,58,-1
1,60,58,59
62,60,59,186
1,62,59,90
63,64,60,217
64,62,60,186
62,63,60,61
65,63,61,185
62,65,61,62
66,65,62,184
62,66,62,91
67,68,63,183
68,66,63,184
66,67,63,91
69,70,64,182
70,67,64,183
67,69,64,65
71,69,65,181
67,71,65,92
72,73,66,179
73,74,66,180
74,72,66,93
75,76,67,214
76,72,67,179
72,75,67,68
77,75,68,178
72,77,68,69
78,77,69,177
72,78,69,94
79,80,70,176
80,78,70,177
78,79,70,95
81,82,71,211
82,83,71,175
83,81,71,72
84,81,72,174
83,84,72,73
85,84,73,173
83,85,73,97
86,87,74,172
87,85,74,173
85,86,74,75
88,86,75,-1
85,88,75,76
89,88,76,775
85,89,76,77
31,89,77,775
85,31,77,78
85,28,78,79
85,29,79,98
29,26,80,99
26,24,81,82
26,22,82,100
23,18,83,102
90,91,84,759
91,19,84,760
19,90,84,104
13,11,85,106
11,7,86,107
8,6,87,111
6,4,88,109
4,1,89,90
4,62,90,109
62,67,91,92
62,71,92,110
74,71,93,180
71,72,93,94
71,78,94,95
71,79,95,96
83,79,96,175
71,83,96,97
71,85,97,98
71,29,98,99
71,26,99,100
71,22,100,101
71,23,101,102
71,18,102,103
71,19,103,104
71,90,104,105
13,90,105,758
71,13,105,106
71,11,106,107
71,7,107,108
71,8,108,110
6,62,109,111
62,8,110,111
92,93,112,315
93,61,112,-1
61,92,112,113
94,92,113,315
61,94,113,114
95,94,114,314
61,95,114,115
96,95,115,314
61,96,115,116
97,96,116,352
61,97,116,117
98,97,117,365
61,98,117,118
99,98,118,313
61,99,118,119
100,99,119,312
61,100,119,120
101,100,120,311
61,101,120,121
102,101,121,310
61,102,121,188
103,104,122,309
104,102,122,310
102,103,122,189
105,106,123,363
106,103,123,309
103,105,123,124
107,105,124,308
103,107,124,125
108,107,125,308
103,108,125,126
109,108,126,307
103,109,126,127
110,109,127,306
103,110,127,190
111,112,128,305
112,110,128,306
110,111,128,191
113,114,129,361
114,111,129,305
111,113,129,130
115,113,130,304
111,115,130,192
116,117,131,303
117,115,131,304
115,116,131,193
118,119,132,302
119,116,132,303
116,118,132,133
120,118,133,301
116,120,133,134
121,120,134,300
116,121,134,194
122,123,135,346
123,121,135,300
121,122,135,136
124,122,136,345
121,124,136,137
125,124,137,299
121,125,137,194
126,127,138,298
127,125,138,299
125,126,138,139
128,126,139,297
125,128,139,195
129,130,140,296
130,128,140,297
128,129,140,141
131,129,141,295
128,131,141,196
132,133,142,293
133,131,142,294
131,132,142,197
134,135,143,291
135,136,143,292
136,134,143,198
137,138,144,290
138,134,144,291
134,137,144,198
139,140,145,340
140,141,145,289
141,139,145,146
142,139,146,288
141,142,146,199
143,144,147,338
144,142,147,288
142,143,147,148
145,143,148,287
142,145,148,149
146,145,149,286
142,146,149,200
147,148,150,285
148,146,150,286
146,147,150,151
149,147,151,284
146,149,151,152
150,149,152,283
146,150,152,201
151,152,153,282
152,150,153,283
150,151,153,154
153,151,154,899
150,153,154,155
154,153,155,279
150,154,155,202
155,156,156,277
156,154,156,278
154,155,156,203
157,158,157,276
158,155,157,277
155,157,157,158
159,157,158,275
155,159,158,204
160,161,159,273
161,159,159,274
159,160,159,160
162,160,160,272
159,162,160,161
163,162,161,-1
159,163,161,162
164,163,162,895
159,164,162,163
165,164,163,894
159,165,163,164
166,165,164,893
159,166,164,165
167,166,165,892
159,167,165,205
168,169,166,898
169,167,166,892
167,168,166,167
170,168,167,897
167,170,167,168
171,170,168,891
167,171,168,206
172,173,169,-1
173,174,169,890
174,172,169,170
175,172,170,889
174,175,170,208
86,176,171,-1
176,177,171,888
177,86,171,172
177,87,172,210
87,84,173,174
87,81,174,210
82,79,175,176
82,80,176,212
80,77,177,178
80,75,178,213
76,73,179,214
73,71,180,181
73,69,181,182
73,70,182,215
70,68,183,216
68,65,184,185
68,63,185,216
64,60,186,187
64,61,187,188
64,102,188,189
64,103,189,190
64,110,190,191
64,111,191,192
64,115,192,193
64,116,193,217
116,125,194,195
116,128,195,196
116,131,196,197
116,132,197,223
136,137,198,218
141,137,199,289
137,142,199,200
137,146,200,201
137,150,201,202
137,154,202,203
137,155,203,204
137,159,204,205
137,167,205,206
137,171,206,207
174,171,207,890
137,174,207,208
137,175,208,209
177,175,209,888
137,177,209,218
177,81,210,211
177,82,211,212
177,80,212,213
177,75,213,221
75,73,214,215
75,70,215,222
70,63,216,219
63,116,217,219
136,177,218,220
70,116,219,222
136,132,220,292
132,177,220,221
132,75,221,223
75,116,222,223
178,179,224,448
179,93,224,-1
93,178,224,225
180,178,225,448
93,180,225,226
181,180,226,447
93,181,226,227
182,181,227,446
93,182,227,228
183,182,228,446
93,183,228,229
184,183,229,445
93,184,229,316
185,186,230,444
186,184,230,445
184,185,230,231
187,185,231,443
184,187,231,317
188,189,232,441
189,187,232,442
187,188,232,318
190,191,233,476
191,188,233,441
188,190,233,234
192,190,234,440
188,192,234,235
193,192,235,439
188,193,235,236
194,193,236,438
188,194,236,237
195,194,237,437
188,195,237,319
196,197,238,475
197,195,238,437
195,196,238,239
198,196,239,436
195,198,239,240
199,198,240,436
195,199,240,241
200,199,241,435
195,200,241,320
201,202,242,434
202,200,242,435
200,201,242,321
203,204,243,433
204,201,243,434
201,203,243,322
205,206,244,471
206,203,244,433
203,205,244,245
207,205,245,432
203,207,245,323
208,209,246,431
209,207,246,432
207,208,246,324
210,211,247,430
211,208,247,431
208,210,247,248
212,210,248,429
208,212,248,325
213,214,249,428
214,212,249,429
212,213,249,326
215,216,250,427
216,213,250,428
213,215,250,251
217,215,251,426
213,217,251,354
218,219,252,425
219,217,252,426
217,218,252,253
220,218,253,424
217,220,253,355
221,222,254,422
222,220,254,423
220,221,254,366
223,224,255,421
224,221,255,422
221,223,255,356
225,226,256,482
226,227,256,420
227,225,256,257
228,225,257,419
227,228,257,258
229,228,258,418
227,229,258,327
230,231,259,417
231,229,259,418
229,230,259,260
232,230,260,416
229,232,260,328
233,234,261,415
234,232,261,416
232,233,261,329
235,236,262,414
236,233,262,415
233,235,262,330
237,238,263,413
238,235,263,414
235,237,263,264
239,237,264,413
235,239,264,265
240,239,265,412
235,240,265,266
241,240,266,411
235,241,266,331
242,243,267,409
243,241,267,410
241,242,267,332
244,245,268,407
245,242,268,408
242,244,268,333
246,247,269,405
247,248,269,406
248,246,269,270
249,246,270,-1
248,249,270,271
162,249,271,-1
248,162,271,272
248,160,272,273
248,161,273,274
248,159,274,275
248,157,275,276
248,158,276,334
158,156,277,278
158,154,278,279
158,153,279,280
250,153,280,900
158,250,280,281
251,250,281,900
158,251,281,335
151,251,282,899
251,152,282,336
152,149,283,284
152,147,284,285
152,148,285,336
148,145,286,287
148,143,287,337
144,139,288,339
140,137,289,290
140,138,290,341
138,135,291,341
135,132,292,293
135,133,293,294
135,131,294,295
135,129,295,296
135,130,296,342
130,126,297,298
130,127,298,343
127,124,299,344
123,120,300,301
123,118,301,302
123,119,302,347
119,117,303,348
117,113,304,348
114,112,305,349
112,109,306,307
112,108,307,349
108,105,308,350
106,104,309,351
104,101,310,311
104,100,311,312
104,99,312,313
104,98,313,351
96,94,314,352
94,93,315,316
94,184,316,317
94,187,317,318
94,188,318,319
94,195,319,320
94,200,320,321
94,201,321,322
94,203,322,323
94,207,323,324
94,208,324,325
94,212,325,326
94,213,326,353
227,223,327,420
223,229,327,328
223,232,328,329
223,233,329,330
223,235,330,331
223,241,331,332
223,242,332,333
223,244,333,356
248,244,334,406
244,158,334,335
244,251,335,357
251,148,336,337
251,143,337,338
251,144,338,339
251,139,339,340
251,140,340,358
140,135,341,342
140,130,342,343
140,127,343,344
140,124,344,345
140,122,345,346
140,123,346,347
140,119,347,359
119,113,348,360
114,108,349,350
114,105,350,362
106,98,351,364
97,94,352,353
97,213,353,354
97,217,354,355
97,220,355,365
221,244,356,357
221,251,357,358
221,140,358,359
221,119,359,360
221,113,360,361
221,114,361,362
221,105,362,363
221,106,363,364
221,98,364,366
98,220,365,366
252,253,367,613
253,179,367,-1
179,252,367,368
254,252,368,612
179,254,368,369
255,254,369,611
179,255,369,370
256,255,370,610
179,256,370,371
257,256,371,609
179,257,371,449
258,259,372,672
259,257,372,609
257,258,372,373
260,258,373,608
257,260,373,450
261,262,374,606
262,260,374,607
260,261,374,451
263,264,375,605
264,261,375,606
261,263,375,376
265,263,376,605
261,265,376,377
266,265,377,604
261,266,377,378
267,266,378,603
261,267,378,379
268,267,379,603
261,268,379,380
269,268,380,602
261,269,380,381
270,269,381,601
261,270,381,382
271,270,382,600
261,271,382,452
272,273,383,667
273,274,383,599
274,272,383,384
275,272,384,598
274,275,384,454
276,277,385,597
277,275,385,598
275,276,385,386
278,276,386,596
275,278,386,455
279,280,387,595
280,278,387,596
278,279,387,456
281,282,388,593
282,279,388,594
279,281,388,457
283,284,389,592
284,281,389,593
281,283,389,458
285,286,390,591
286,283,390,592
283,285,390,459
287,288,391,590
288,285,391,591
285,287,391,392
289,287,392,589
285,289,392,460
290,291,393,660
291,289,393,589
289,290,393,394
292,290,394,588
289,292,394,395
293,292,395,587
289,293,395,460
294,295,396,586
295,293,396,587
293,294,396,461
296,297,397,585
297,294,397,586
294,296,397,398
298,296,398,584
294,298,398,462
299,300,399,583
300,298,399,584
298,299,399,492
301,302,400,581
302,299,400,582
299,301,400,493
303,304,401,579
304,301,401,580
301,303,401,494
305,306,402,576
306,307,402,577
307,305,402,485
308,309,403,573
309,310,403,574
310,308,403,463
246,311,404,-1
311,308,404,572
308,246,404,405
308,247,405,463
247,244,406,407
247,245,407,408
247,242,408,409
247,243,409,410
247,241,410,411
247,240,411,412
247,239,412,464
239,238,413,481
238,236,414,489
236,234,415,490
234,230,416,417
234,231,417,496
231,228,418,419
231,225,419,486
226,223,420,421
226,224,421,465
224,222,422,423
224,220,423,424
224,218,424,425
224,219,425,465
219,215,426,427
219,216,427,466
216,214,428,467
214,210,429,430
214,211,430,468
211,209,431,469
209,205,432,470
206,204,433,472
204,202,434,472
202,199,435,473
199,196,436,474
197,194,437,438
197,193,438,439
197,192,439,440
197,190,440,475
191,189,441,442
191,187,442,443
191,185,443,444
191,186,444,476
186,183,445,477
183,181,446,447
183,180,447,477
180,179,448,449
180,257,449,450
180,260,450,451
180,261,451,452
180,271,452,453
274,271,453,599
180,274,453,454
180,275,454,455
180,278,455,456
180,279,456,457
180,281,457,458
180,283,458,459
180,285,459,478
285,293,460,461
285,294,461,462
285,298,462,479
310,247,463,464
310,239,464,480
226,219,465,466
226,216,466,467
226,214,467,468
226,211,468,469
226,209,469,470
226,205,470,471
226,206,471,482
206,202,472,473
206,199,473,474
206,196,474,483
196,190,475,487
190,186,476,484
186,180,477,478
186,285,478,479
186,298,479,484
310,305,480,575
305,239,480,481
305,238,481,485
225,206,482,483
225,196,483,486
190,298,484,487
307,238,485,488
231,196,486,491
196,298,487,491
307,312,488,577
312,238,488,489
312,236,489,490
312,234,490,495
231,298,491,492
231,299,492,493
231,301,493,494
231,303,494,496
312,303,495,578
303,234,495,496
313,314,497,696
314,253,497,-1
253,313,497,614
315,316,498,695
316,313,498,696
313,315,498,615
317,318,499,694
318,315,499,695
315,317,499,616
319,320,500,693
320,317,500,694
317,319,500,617
321,322,501,692
322,319,501,693
319,321,501,618
323,324,502,691
324,321,502,692
321,323,502,619
325,326,503,690
326,323,503,691
323,325,503,620
327,328,504,689
328,325,504,690
325,327,504,621
329,330,505,688
330,327,505,689
327,329,505,622
331,332,506,687
332,329,506,688
329,331,506,623
333,334,507,686
334,331,507,687
331,333,507,508
335,333,508,-1
331,335,508,509
336,335,509,819
331,336,509,510
337,336,510,818
331,337,510,511
338,337,511,817
331,338,511,623
339,340,512,816
340,338,512,817
338,339,512,513
341,339,513,816
338,341,513,514
342,341,514,815
338,342,514,515
343,342,515,814
338,343,515,624
344,345,516,813
345,343,516,814
343,344,516,625
346,347,517,812
347,344,517,813
344,346,517,626
348,349,518,811
349,346,518,812
346,348,518,627
350,351,519,810
351,348,519,811
348,350,519,520
352,350,520,809
348,352,520,521
353,352,521,808
348,353,521,628
354,355,522,807
355,353,522,808
353,354,522,629
356,357,523,806
357,354,523,807
354,356,523,630
358,359,524,804
359,360,524,805
360,358,524,632
361,362,525,802
362,358,525,803
358,361,525,633
363,364,526,799
364,365,526,800
365,363,526,527
366,363,527,798
365,366,527,635
367,368,528,794
368,369,528,795
369,367,528,637
370,371,529,887
371,367,529,794
367,370,529,530
372,370,530,793
367,372,530,531
373,372,531,792
367,373,531,637
374,375,532,791
375,373,532,792
373,374,532,638
376,377,533,790
377,374,533,791
374,376,533,534
378,376,534,789
374,378,534,639
379,380,535,787
380,381,535,788
381,379,535,640
382,383,536,865
383,384,536,866
384,382,536,641
385,386,537,863
386,382,537,864
382,385,537,641
387,388,538,862
388,385,538,863
385,387,538,642
389,390,539,861
390,387,539,862
387,389,539,643
391,392,540,882
392,389,540,861
389,391,540,541
393,391,541,860
389,393,541,643
394,395,542,859
395,393,542,860
393,394,542,543
396,394,543,858
393,396,543,644
397,398,544,857
398,396,544,858
396,397,544,645
399,400,545,855
400,401,545,856
401,399,545,546
402,399,546,854
401,402,546,678
403,404,547,852
404,402,547,853
402,403,547,548
405,403,548,851
402,405,548,647
406,407,549,849
407,405,549,850
405,406,549,647
408,409,550,846
409,410,550,847
410,408,550,551
411,408,551,845
410,411,551,648
412,413,552,842
413,414,552,843
414,412,552,553
415,412,553,841
414,415,553,649
416,417,554,839
417,415,554,840
415,416,554,555
418,416,555,838
415,418,555,650
419,420,556,836
420,418,556,837
418,419,556,557
421,419,557,835
418,421,557,650
422,423,558,833
423,421,558,834
421,422,558,559
424,422,559,832
421,424,559,560
425,424,560,831
421,425,560,651
426,427,561,829
427,425,561,830
425,426,561,562
428,426,562,828
425,428,562,563
429,428,563,827
425,429,563,652
430,431,564,825
431,429,564,826
429,430,564,565
432,430,565,824
429,432,565,653
433,434,566,822
434,432,566,823
432,433,566,567
435,433,567,821
432,435,567,568
436,435,568,-1
432,436,568,569
437,436,569,901
432,437,569,570
438,437,570,901
432,438,570,654
311,439,571,-1
439,438,571,902
438,311,571,572
438,308,572,573
438,309,573,574
438,310,574,575
438,305,575,576
438,306,576,655
306,312,577,578
306,303,578,579
306,304,579,580
306,301,580,581
306,302,581,582
306,299,582,583
306,300,583,656
300,296,584,585
300,297,585,657
297,295,586,658
295,292,587,588
295,290,588,659
291,287,589,590
291,288,590,661
288,286,591,662
286,284,592,663
284,282,593,594
284,279,594,595
284,280,595,664
280,276,596,597
280,277,597,665
277,272,598,666
273,271,599,600
273,270,600,601
273,269,601,602
273,268,602,668
268,266,603,604
268,265,604,669
265,264,605,670
264,262,606,607
264,260,607,608
264,258,608,671
259,256,609,610
259,255,610,611
259,254,611,612
259,252,612,613
259,253,613,614
259,313,614,615
259,315,615,616
259,317,616,617
259,319,617,618
259,321,618,619
259,323,619,620
259,325,620,621
259,327,621,622
259,329,622,673
329,338,623,624
329,343,624,625
329,344,625,626
329,346,626,627
329,348,627,628
329,353,628,629
329,354,629,630
329,356,630,631
360,356,631,805
329,360,631,632
329,358,632,633
329,361,633,634
365,361,634,801
329,365,634,635
329,366,635,636
440,366,636,797
329,440,636,673
369,373,637,638
369,374,638,639
369,378,639,675
381,378,640,788
378,379,640,676
384,385,641,642
384,387,642,677
387,393,643,644
387,396,644,645
387,397,645,646
401,397,646,857
387,401,646,677
402,406,647,678
410,406,648,848
406,411,648,679
414,411,649,844
411,415,649,680
415,421,650,651
415,425,651,652
415,429,652,653
415,432,653,654
415,438,654,655
415,306,655,656
415,300,656,657
415,297,657,658
415,295,658,659
415,290,659,660
415,291,660,661
415,288,661,662
415,286,662,663
415,284,663,664
415,280,664,665
415,277,665,666
415,272,666,667
415,273,667,668
415,268,668,669
415,265,669,670
415,264,670,671
415,258,671,672
415,259,672,681
259,440,673,674
441,440,674,796
259,441,674,682
369,441,675,795
441,378,675,676
441,379,676,682
384,401,677,684
401,406,678,679
401,411,679,680
401,415,680,681
401,259,681,684
259,379,682,683
384,379,683,787
259,384,683,684
442,443,685,-1
443,314,685,-1
314,442,685,697
333,442,686,-1
442,334,686,698
334,332,687,698
332,330,688,699
330,328,689,699
328,326,690,700
326,324,691,701
324,322,692,702
322,320,693,703
320,318,694,704
318,316,695,705
316,314,696,697
316,442,697,706
442,332,698,706
332,328,699,700
332,326,700,701
332,324,701,702
332,322,702,703
332,320,703,704
332,318,704,705
332,316,705,706
58,57,707,708
444,57,708,718
58,444,708,711
445,446,709,720
446,444,709,717
444,445,709,711
58,447,710,-1
447,445,710,720
445,58,710,711
57,53,712,718
448,449,713,723
449,53,713,726
53,448,713,719
450,451,714,-1
451,448,714,723
448,450,714,715
452,450,715,722
448,452,715,716
446,452,716,721
448,446,716,717
448,444,717,719
444,53,718,719
447,446,720,721
447,452,721,722
447,450,722,-1
451,449,723,724
453,449,724,738
451,453,724,725
454,453,725,737
451,454,725,-1
449,54,726,727
455,54,727,742
449,455,727,728
456,455,728,744
449,456,728,739
51,457,729,743
457,456,729,744
456,51,729,730
456,50,730,731
456,47,731,732
458,47,732,746
456,458,732,733
459,458,733,-1
456,459,733,734
460,459,734,741
456,460,734,735
461,460,735,740
456,461,735,739
454,462,736,-1
462,461,736,740
461,454,736,737
461,453,737,738
461,449,738,739
462,460,740,741
462,459,741,-1
455,52,742,745
52,457,743,745
457,455,744,745
458,48,746,751
48,59,747,748
463,59,748,753
48,463,748,749
464,463,749,752
48,464,749,750
465,464,750,752
48,465,750,751
458,465,751,-1
465,463,752,757
463,46,753,754
463,45,754,755
463,44,755,756
463,42,756,757
465,42,757,-1
12,90,758,759
12,91,759,760
12,19,760,761
12,20,761,765
20,17,762,763
20,14,763,764
20,15,764,765
43,40,766,767
43,39,767,-1
466,38,768,780
37,466,768,769
467,466,769,783
37,467,769,770
36,467,770,-1
38,35,771,781
35,32,772,773
35,30,773,774
35,31,774,782
31,88,775,776
468,88,776,-1
31,468,776,777
469,468,777,786
31,469,777,778
470,469,778,785
31,470,778,779
471,470,779,784
31,471,779,782
466,471,780,783
471,38,780,781
471,35,781,782
467,471,783,784
467,470,784,785
467,469,785,786
467,468,786,-1
384,380,787,866
380,378,788,789
380,376,789,790
380,377,790,867
377,375,791,868
375,372,792,793
375,370,793,869
371,368,794,870
368,441,795,796
368,440,796,797
368,366,797,798
368,363,798,799
368,364,799,800
368,365,800,801
368,361,801,802
368,362,802,803
368,358,803,804
368,359,804,870
359,356,805,806
359,357,806,871
357,355,807,872
355,352,808,809
355,350,809,810
355,351,810,873
351,349,811,874
349,347,812,875
347,345,813,876
345,342,814,815
345,341,815,877
341,340,816,878
340,337,817,818
340,336,818,819
340,335,819,820
435,335,820,-1
340,435,820,821
340,433,821,822
340,434,822,823
340,432,823,824
340,430,824,825
340,431,825,826
340,429,826,827
340,428,827,828
340,426,828,829
340,427,829,830
340,425,830,831
340,424,831,832
340,422,832,833
340,423,833,834
340,421,834,835
340,419,835,836
340,420,836,837
340,418,837,838
340,416,838,839
340,417,839,840
340,415,840,841
340,412,841,842
340,413,842,843
340,414,843,844
340,411,844,845
340,408,845,846
340,409,846,847
340,410,847,848
340,406,848,849
340,407,849,850
340,405,850,851
340,403,851,852
340,404,852,853
340,402,853,854
340,399,854,855
340,400,855,856
340,401,856,878
401,398,857,879
398,394,858,859
398,395,859,880
395,391,860,881
392,390,861,883
390,388,862,884
388,386,863,864
388,382,864,865
388,383,865,885
383,380,866,867
383,377,867,868
383,375,868,869
383,370,869,886
371,359,870,871
371,357,871,872
371,355,872,873
371,351,873,874
371,349,874,875
371,347,875,876
371,345,876,877
371,341,877,887
341,401,878,879
341,398,879,880
341,395,880,881
341,391,881,882
341,392,882,883
341,390,883,884
341,388,884,885
341,383,885,886
341,370,886,887
176,175,888,889
176,172,889,-1
173,171,890,891
173,170,891,896
169,166,892,893
169,165,893,894
169,164,894,895
169,163,895,898
173,163,896,-1
163,170,896,897
163,168,897,898
153,251,899,900
438,436,901,902
439,436,902,-1