112.665811,67.533998,0,1,36,37,96
112.5,67.533333,0,59,60,96,97
112.5,67.5,0,35,36
113.131725,67.701615,1,2,37,38,95
112.667085,67.567749,1,95,96,97,108
113.665929,67.76715,2,3,4,5,6,38,49,53,54,94
113.13388,67.734978,2,94,95,107,108,109
114.134041,67.80085,3,4,93,105,106
113.666254,67.799433,3,94,106,107
114.133567,67.767569,4,5,92,93
115.099961,67.767529,5,6,91,92
115.100026,67.732573,6,7,39,40,41,54,55,91
115.46621,67.732611,7,8,39,90
115.466312,67.767869,7,90,91,92,93,104,105
116.065147,67.700773,8,9,39,40,697,703
116.132837,67.766482,8,89,90,103,104,697
116.266993,67.666655,9,10,40,41,701,702
116.266299,67.701114,9,702,703,704
116.433384,67.633719,10,41,42,55,56,57,58,700
116.432522,67.666562,10,700,701
116.833485,67.732218,11,12,86,87
116.598788,67.734309,11,87,88,698,699
116.599706,67.700045,11,12,42,699,700,701,702,704
117.433936,67.666754,12,13,42,50,51,52,56,86
119.033212,67.734037,13,43,50,84,85
118.099954,67.801505,13,85,86,87,88,101,102
119.800686,67.63323,14,15,81,82
119.80001,67.667382,14,82,83
119.03311,67.699326,14,15,16,17,43,83,84
120.233711,67.531429,15,16,80,81,712,713,714,715,719,720
118.765281,67.633449,16,17,711,712
118.667684,67.699593,17,18,43,50,51,711
118.466902,67.633081,18,44,45,46,47,51,52,710
118.666841,67.634512,18,710,711,712,718,719
118.366667,67.5,19,20,709
118.433359,67.567214,19,707,708,709
118.433055,67.601337,19,20,21,22,44,707,710,717,718
116.4,67.5,20,21,706
116.399508,67.533363,21,22,705,706
116.334538,67.533708,22,23,24,25,26,44,45,705
116.2,67.5,23,24,694,695
116.333333,67.5,23,705,706
116.199486,67.532313,24,25,694
116.13442,67.53202,25,26,693,694,695,696
116.134229,67.56713,26,45,46,692,693
115.499188,67.532393,27,28,666,667,685
115.632525,67.533962,27,685,686,689,690
115.633936,67.565679,27,28,29,30,47,52,56,57,686
115.399594,67.53362,28,29,665,666
115.400369,67.567606,29,30,664,665,681
115.099149,67.667227,30,48,57,58,680,681,684
114.69988,67.566574,31,32,663,674,675,679
115.000284,67.565694,31,679,680,683,684
114.998549,67.598653,31,32,33,48,680
114.667151,67.565423,32,33,649,650,655,656,663
114.433818,67.733253,33,48,53,54,55,58,648,649
113.368938,67.564906,34,35,36,37,38,49,643
113.665628,67.567303,34,643,644,648,649,655
113.999393,67.732696,34,49,53,648
113.366667,67.5,35,643,644,646,647
115.866806,67.568238,46,47,686,687,690,692
112.901844,67.965752,59,60,172,173
112.5,67.966667,59,110,111,112,113,114,115,116,117,118,119,120,121,122,123,124,173,174
113.33152,68.03278,60,61,62,63,97,108,109,172
113.833332,68.099688,61,62,171,190,191,194,195
113.332008,68.067978,61,172,173,174,175,176,177,191
113.832871,68.067729,62,63,170,171
115.33383,68.031746,63,64,98,99,100,101,102,103,104,105,106,107,109,170
115.968595,68.066074,64,65,66,67,98,169
115.333568,68.068078,64,169,170,171,190
116.234127,68.099885,65,66,168,194,195,198
115.965718,68.099665,65,169,190,194
116.233684,68.068119,66,67,167,168
116.967779,68.033107,67,68,69,70,71,72,98,99,167
117.299625,68.067226,68,69,166
117.300487,68.100201,68,166,167,168,189,197,198
118.132033,68.09901,69,70,166,189
118.865776,68.100027,70,71,165,188,189,193,196,197
118.866797,68.065232,71,72,164,165
119.566659,67.967707,72,73,74,75,99,100,164
120.766348,67.831769,73,74,162,163
119.766783,67.967346,73,163,164,165,188
121.100748,67.766907,74,75,161,162
121.099753,67.733244,75,76,77,78,79,80,81,82,83,84,85,100,101,160,161
122.199589,67.599441,76,77,158,159
121.733235,67.701146,76,159,160
122.266667,67.5,77,78,157,158
120.333333,67.5,78,79,713,714
120.331934,67.533621,79,80,713
116.300679,67.766841,88,89,102,103,698
116.301258,67.733513,89,697,698,699,703,704
112.665979,68.532851,110,111,269
112.5,68.533333,110,199,200,201,269,270
112.866033,68.634453,111,112,268,269,270,271,272,273,274,275,276,277,278,279,280,281,302,303
113.068509,68.566278,112,113,268
113.233385,68.634762,113,114,267,268,302
113.232575,68.601246,114,115,267
113.999991,68.667444,115,116,267,301,302,303,304,305,312
114.799661,68.667877,116,117,266,300,301
114.799893,68.632573,117,118,266
115.233736,68.666633,118,119,265,266,300
115.232159,68.631718,119,120,264,265
116.033502,68.633641,120,121,264
116.398285,68.700449,121,122,263,264,265,299,300,301,311,312
116.399525,68.665716,122,123,263
116.799428,68.668335,123,124,262,263,298,299
117.134486,68.599772,124,125,174,175,262
117.500471,68.634445,125,126,127,175,176,261
117.132333,68.632752,125,261,262,298
118.099194,68.666462,126,127,260,297,309,310
117.501149,68.668392,126,261,298,299,310,311
118.099822,68.632108,127,128,176,177,260
118.566687,68.601028,128,129,130,131,132,177,178,179,180,191,195,196,197,198,259
118.568576,68.634051,128,259,260,297
119.700239,68.533151,129,130,257,258
119.099871,68.633698,129,258,259,296,297,308,309
119.701514,68.501463,130,131,257
120.333178,68.433343,131,132,256,257,258,295,296
120.766751,68.33363,132,133,134,178,256
121.566202,68.266482,133,134,255,293,294
121.199303,68.333897,133,256,294,295
121.567174,68.200185,134,135,178,179,255
122.066552,68.133013,135,136,137,179,180,253,254
121.86652,68.198772,135,254,255,292,293
123.966589,67.799604,136,137,251,252
123.099929,68.000725,136,252,253
123.965043,67.76518,137,180,192,193,196,250,251
127.399099,68.099782,138,139,248,291,292,293,294,295,296,307,308
126.333386,68.032854,138,249,250,251,252,253,254,292
126.33226,67.999379,138,139,140,181,249
128.364547,68.033351,139,140,247,248
130.067636,68.033195,140,141,142,181,182,247
130.533195,68.001223,141,142,245,246
130.168114,68.100641,141,246,247,248,290,291
130.532428,67.96657,142,182,183,244,245
131.866325,67.698859,143,144,242,243
131.133782,68.000844,143,243,244,245,246,289,290
130.833099,67.93398,143,144,145,146,147,148,149,150,183,184,244
131.866576,67.667344,144,145,241,242
132.333333,67.5,145,146,240,241
129.966667,67.5,146,147,831,832,833,834
129.800045,67.566181,147,148,830,831
129.366556,67.667083,148,149,829,830
129.133625,67.700168,149,150,828,829
128.699466,67.733082,150,151,152,153,184,185,828
127.966476,67.566423,151,152,833,834
128.532246,67.665879,151,828,829,830,831,834
127.332963,67.532583,152,153,827,832,833
127.000843,67.600943,153,185,186,826,827
126.066667,67.5,154,155,825
126.166667,67.5,154,826,827,832
126.166719,67.533565,154,155,156,186,187,826
126.066639,67.533491,155,156,824,825
126.034083,67.535301,156,157,158,159,160,161,162,163,187,188,192,193,824
126.033333,67.5,157,824,825
124.733192,67.766679,181,182,183,184,185,186,187,192,249,250
112.899472,69.799454,199,200,387
112.5,69.8,199,313,314,315,316,317,318,319,387,388
113.834146,69.933701,200,201,386,387,388,389,390,391,392,393,394,395,396,397,398,399,400,401,402,422
114.83449,69.900154,201,202,203,270,271,386
115.199745,69.932532,202,203,384,385
114.932125,69.999796,202,385,386,421,422,426
115.200753,69.898977,203,204,271,272,383,384
116.133912,69.83387,204,205,206,207,208,209,272,273,382
115.833172,69.899463,204,382,383
116.234201,70.001294,205,206,381,420,421,426,431
116.033315,69.999504,205,382,383,384,385,421
116.234218,69.900304,206,207,380,381
116.600542,69.899183,207,208,379,380
116.601082,69.866969,208,209,378,379
117.167071,69.900088,209,210,211,212,213,273,274,378
117.432758,69.932677,210,211,377,419,420,425,430,431,432,434
117.167377,69.933655,210,378,379,380,381,420
117.431887,69.900262,211,212,377
117.901,69.867046,212,213,376,377,418,419
117.898454,69.833317,213,214,274,275,376
118.266786,69.79935,214,215,275,276,375
118.266712,69.833336,214,375,376,417,418
118.600631,69.766796,215,216,217,276,277,374
118.600731,69.800223,215,374,375,417
120.565545,69.632337,216,217,373,415,416
119.567531,69.732724,216,374,416,417,418,419,424,425
121.465685,69.434889,217,218,277,278,373
121.967529,69.400415,218,219,220,278,279,372
121.967622,69.434232,218,372,373,414,415
122.666899,69.299944,219,220,370,371
122.165574,69.39974,219,371,372,413,414
122.665901,69.266471,220,221,279,280,370
123.132804,69.19889,221,222,223,280,281,369
123.132536,69.233255,221,369,370,371,412,413
123.866011,69.099722,222,223,367,368
123.333358,69.199697,222,368,369,411,412
124.100186,69.032618,223,224,281,303,304,366,367
124.700435,68.968393,224,225,304,305,364,365
124.699973,69.000019,224,365,366
126.001172,68.999202,225,226,305,306,307,308,309,310,311,312,363
125.499011,68.998476,225,363,364
126.566696,69.033461,226,282,283,284,285,286,287,288,306,361,362
126.001172,69.032537,226,362,363,364,365,366,367,368,411
127.700852,69.16741,227,228,360,424,425,430
127.266338,69.133948,227,361,362,411,412,413,414,415,416,424
127.267311,69.101842,227,228,229,282,361
127.699486,69.133268,228,229,359,360
128.466975,69.132266,229,230,231,232,282,283,359
129.734104,69.199497,230,231,358,428,429
129.335274,69.199659,230,359,360,429,430,433,434,435
130.166422,69.134008,231,232,357,358
131.133929,69.065683,232,233,283,284,357
131.33271,69.032684,233,234,284,285,356
131.334118,69.066229,233,356,357,358,410,423,427,428
132.266665,68.766826,234,235,285,286,355
131.599076,69.032758,234,355,356,409,410
132.80105,68.568529,235,236,286,287,353,354
132.367143,68.765386,235,354,355,408,409
133.498482,68.398324,236,237,287,288,352
133.499998,68.433573,236,352,353
133.833678,68.366908,237,288,289,290,291,306,307,350,351
133.832919,68.400269,237,351,352,353,354,407,408
135.0,68.4,238,239,348,349
134.266799,68.3997,238,349,350,351,406,407
134.267737,68.365559,238,239,240,241,242,243,289,350
135.0,67.5,239,240
112.732819,72.400999,313,314,546,547
112.5,72.433333,313,436,547,548
113.132913,72.300446,314,315,545,546
113.133445,72.266481,315,316,544,545
113.500338,72.233711,316,317,543,544
113.499677,72.200775,317,318,542,543
113.800646,72.200374,318,319,541,542
114.300468,72.399479,319,320,321,322,388,389,541
115.166935,72.432662,320,321,540,606,607
114.300948,72.432553,320,541,542,543,544,545,546,547,548,549,550,551,552,553,554,555,556,607,608,609,616,617,618,619,620
115.631994,72.333714,321,322,539,540
115.967201,72.297509,322,389,390,538,539
118.300553,72.232366,323,324,391,392,537
118.300161,72.267426,323,537,538,539,540,605,606
117.299847,72.233716,323,390,391,538
118.799046,72.199695,324,325,326,392,393,536
118.799238,72.233535,324,536,537,604,605
119.59981,72.133707,325,326,534,535
119.132997,72.200588,325,535,536,603,604
119.600538,72.100273,326,393,394,533,534
121.099856,71.901286,327,328,531,532
120.766583,71.999679,327,532,533,534,535,602,603
120.668447,71.999071,327,328,394,395,533
121.099084,71.865787,328,329,395,396,531
122.233546,71.733284,329,330,396,397,530
121.367343,71.867103,329,530,531,532,601,602
123.232081,71.566831,330,331,332,397,398,529
122.6016,71.732873,330,529,530,600,601
123.966546,71.400745,331,332,527,528
123.400375,71.566934,331,528,529,599,600
123.965904,71.367486,332,333,398,399,527
124.333267,71.267504,333,334,399,400,525,526
124.201663,71.36671,333,526,527,528,598,599
125.865895,71.033185,334,335,400,401,524
124.866657,71.200057,334,524,525
127.799385,70.965292,335,336,401,402,523
126.53455,71.033852,335,523,524,525,526,597,598
128.265131,70.966859,336,337,402,403,404,405,422,426,431,432,522
127.799386,70.999916,336,522,523,596,597
128.731251,71.034505,337,338,403,521
128.2667,71.033198,337,521,522,595,596
129.000219,71.066816,338,339,340,403,404,520
128.733184,71.065999,338,520,521,594,595
129.833778,71.166516,339,340,518,519
129.833454,71.1992,339,519,520,593,594
130.200508,71.166636,340,341,342,404,405,518
132.198775,71.36808,341,342,516,517
130.633985,71.232707,341,517,518,519,592,593
132.466914,71.366865,342,343,344,405,432,434,435,516
133.266115,71.699486,343,344,514,515
132.465516,71.400287,343,515,516,517,591,592
133.366793,71.700994,344,345,433,435,513,514
133.734082,71.898672,345,427,428,429,433,511,512
133.667952,71.90019,345,512,513
134.431313,72.600128,346,347,406,407,408,409,410,423,509,510
134.000169,72.231848,346,510,511,512,513,514,515,590,591
134.001375,72.167298,346,423,427,511
134.899427,73.366274,347,348,349,406,507,508
134.732439,73.132569,347,508,509
135.0,73.7,348,506,507
116.533993,89.333191,436,437,548,549,632
112.5,89.333333,436,621,632,633
119.800825,89.36762,437,438,549,550,631
116.534336,89.367489,437,631,632,633,641,642
121.76739,89.401047,438,439,550,551,630
119.800564,89.399468,438,630,631,640,641
123.399578,89.433782,439,440,551,552,629
121.767208,89.433948,439,629,630,639,640
124.59919,89.466403,440,441,552,553,628
123.400056,89.467571,440,628,629,638,639
125.99895,89.499673,441,442,553,554,627
124.600502,89.500447,441,627,628,637,638
127.033168,89.533238,442,443,554,555,626
126.000137,89.531677,442,626,627,636,637
128.066386,89.566286,443,444,555,556,625
127.032842,89.567059,443,625,626,635,636
128.467338,89.601376,444,445,556,557,558,559,560,561,562,563,564,565,566,567,568,569,570,571,608,624
128.068722,89.600399,444,624,625,635
130.63311,89.633742,445,446,447,448,449,450,557,623
128.468171,89.633972,445,623,624,634,635,636,637,638,639,640,641,642
135.0,89.666667,446,447,622
130.633012,89.666765,446,622,623,634
135.0,85.733333,447,448,762,763
134.933734,85.733824,448,449,761,762
134.931472,85.699405,449,450,760,761
134.366916,85.699936,450,451,452,453,454,557,558,760
134.500186,85.466738,451,452,759
134.932696,85.600484,451,759,760,761,762,763,764,765,766,767,768,769,770,771,772,773,774,775,776,777,778,779,780,781,782,783,784,785,786,787,788,789,790,791,792,793,794,795,796,797,798,799,800,801,802,803,804,820
134.499533,85.433562,452,453,758,759,819,820,821,822,823
134.033251,85.433809,453,454,757,758
133.532958,85.499823,454,455,558,559,757
133.201374,85.368267,455,456,457,458,559,560,756
133.798479,85.400483,455,756,757,758,818,819
132.532867,85.336,456,457,754,755
133.199845,85.332408,456,755,756,817,818
132.532493,85.367232,457,458,753,754
132.231769,85.366924,458,560,561,752,753
131.401041,85.199257,459,460,562,563,751
131.732825,85.201008,459,751,752,753,754,755,816,817
131.732361,85.232338,459,561,562,752
130.332354,85.09948,460,461,462,563,564,750
131.402231,85.16533,460,750,751,815,816
128.66617,84.899212,461,462,748,749
130.100595,84.967428,461,749,750,814,815
128.434363,84.900714,462,463,564,565,748
127.602543,84.799568,463,565,566,746,747
127.966586,84.799677,463,747,748,749,813,814
126.899345,84.699585,464,465,567,568,744,745
127.19977,84.69839,464,745,746,747,812,813
127.198956,84.733377,464,566,567,746
126.433619,84.633573,465,568,569,742,743
126.599906,84.63278,465,743,744
125.533414,84.465443,466,467,739,740
125.999522,84.500156,466,740,741
126.000196,84.533715,466,467,569,570,741,742
125.13404,84.466714,467,570,571,738,739
126.366259,83.567307,468,469,470,471,572,735
126.265855,83.667558,468,735,736,737,738,739,740,741,742,743,744,745,812
126.065412,83.701752,468,572,573,574,575,610,736
126.433784,83.4663,469,470,734,811,822,823
126.434247,83.56652,469,735,812,813,814,815,816,817,818,819,823
126.167793,83.398253,470,471,733,734
125.834132,83.267893,471,472,572,573,733
125.198526,83.133896,472,473,474,475,573,574,732
125.834605,83.232625,472,732,733,734,810,811
124.667964,82.933816,473,474,730,731
124.86529,82.934259,473,731,732,809,810
124.366857,82.865316,474,475,729,730
124.200686,82.865775,475,574,575,728,729
123.900054,82.534808,476,477,725,726
124.267684,82.600493,476,726,727,728,729,730,731,808,809
123.900873,82.698577,476,477,576,727
123.732676,82.46572,477,576,618,619,725
123.832829,81.967047,478,479,577,806,807
123.699465,82.099918,478,807,808,809,810,811,821,822
123.598808,82.099779,478,577,578,611,619,620,725,726,808
124.266335,81.699443,479,480,577,578,805
124.265836,81.733017,479,805,806
124.535101,81.466784,480,481,578,579,580,581,611,803,804
124.699538,81.535053,480,804,805,806,807,820,821
125.299897,81.033409,481,482,483,579,801,802
124.89958,81.367529,481,802,803
125.365306,80.967064,482,483,799,800
125.367699,81.032847,482,800,801
125.167206,80.866906,483,484,579,580,798,799
124.866628,80.533844,484,485,486,580,581,796,797
125.233225,80.733053,484,797,798
124.898868,80.199029,485,486,794,795
124.931838,80.232746,485,795,796
124.900715,80.16592,486,487,488,581,611,612,613,614,615,616,620,793,794
125.500574,80.031968,487,488,791,792
125.099822,80.166014,487,792,793
125.498059,80.000113,488,489,490,582,612,790,791
126.300542,79.833748,489,490,788,789
125.667034,79.998905,489,789,790
126.300293,79.799397,490,491,582,787,788
126.999648,79.565021,491,582,583,612,613,785,786
126.733136,79.764639,491,786,787
127.834205,79.200673,492,493,782,783
127.666854,79.566509,492,783,784
127.266224,79.500513,492,493,583,784,785
127.833941,79.066855,493,494,583,584,613,614,781,782
128.666549,78.70016,494,495,584,779,780
128.033638,79.066558,494,780,781
129.134345,78.400402,495,496,497,584,585,586,587,588,614,615,777,778
129.033742,78.667127,495,778,779
129.665959,78.300372,496,497,775,776
129.433228,78.399908,496,776,777
130.199922,77.900845,497,498,585,774,775
130.732812,77.533068,498,585,586,772,773
130.399813,77.899137,498,773,774
132.666569,76.40048,499,500,769,770
132.666844,76.498503,499,770,771
131.866303,76.866205,499,500,586,587,771,772
133.101579,75.966425,500,501,587,588,768,769
133.367595,75.665775,501,502,588,589,590,591,592,593,594,595,596,597,598,599,600,601,602,603,604,605,606,607,615,616,766,767
133.234714,75.966849,501,767,768
133.766784,75.434377,502,503,504,505,589,764,765
133.766314,75.465675,502,765,766
135.0,74.0,503,504,835,836
135.0,75.033333,503,763,764
134.965758,73.998963,504,505,835
134.966726,73.866359,505,506,507,508,509,510,589,590,835,836
135.0,73.866667,506,836
124.899077,84.334481,571,608,609,737,738
123.900131,82.733437,575,576,610,617,618,727,728
124.899828,84.298359,609,610,617,736,737
135.0,90.0,621,622,633,634,642
112.5,90.0,621
113.734877,67.566694,644,645,647,654,655,656
113.701178,67.533826,645,646,647,657
113.733197,67.532736,645,653,654,657,658
113.7,67.5,646,657,658,659
113.799023,67.533807,650,651,652,653,654,656,660
113.866016,67.533481,650,660,661,663,673,674
113.766667,67.5,651,652,659
113.8,67.5,651,660,661,662
113.766203,67.532833,652,653,658,659
114.001334,67.53392,661,662,672,673
114.0,67.5,662,671,672
115.066975,67.56725,664,681,682,683,684
115.066993,67.530777,664,665,666,667,668,669,670,676,682
115.5,67.5,667,668,685,688,689
114.333333,67.5,668,669,678
114.333897,67.531796,669,670,677,678
114.100814,67.535202,670,671,672,673,674,675,676,677
114.1,67.5,671,677,678
114.699331,67.532685,675,676,679,682,683
115.800098,67.533966,687,688,689,690,691
115.866806,67.533814,687,691,692,693,696
115.8,67.5,688,691,695,696
118.734215,67.567633,707,708,717,721
118.733333,67.5,708,709,721,722,723,724
119.533333,67.5,714,715,724
119.53447,67.53353,715,716,720,723,724
118.933399,67.566026,716,717,718,719,720,721,722
118.933912,67.532904,716,722,723