0,1,0,20
1,2,0,-1
2,0,0,1
3,0,1,19
2,3,1,2
4,3,2,18
2,4,2,13
5,6,3,308
6,4,3,37
4,5,3,4
7,5,4,307
4,7,4,5
8,7,5,306
4,8,5,6
9,8,6,305
4,9,6,7
10,9,7,304
4,10,7,8
11,10,8,303
4,11,8,14
12,13,9,301
13,11,9,302
11,12,9,10
14,12,10,300
11,14,10,14
15,16,11,298
16,14,11,299
14,15,11,12
2,15,12,-1
14,2,12,13
14,4,13,14
17,18,15,39
18,1,15,-1
1,17,15,16
19,17,16,38
1,19,16,20
4,20,17,37
20,19,17,38
19,4,17,18
19,3,18,19
19,0,19,20
21,22,21,105
22,18,21,-1
18,21,21,22
23,21,22,105
18,23,22,23
24,23,23,104
18,24,23,39
25,26,24,374
26,24,24,103
24,25,24,25
27,25,25,374
24,27,25,26
28,27,26,373
24,28,26,27
29,28,27,372
24,29,27,40
30,31,28,371
31,29,28,372
29,30,28,41
32,33,29,203
33,30,29,371
30,32,29,30
34,32,30,361
30,34,30,41
35,36,31,360
36,34,31,361
34,35,31,42
37,38,32,359
38,35,32,360
35,37,32,43
39,40,33,358
40,37,33,359
37,39,33,44
41,42,34,357
42,39,34,358
39,41,34,45
43,44,35,199
44,41,35,357
41,43,35,36
45,43,36,198
41,45,36,49
6,20,37,46
20,17,38,47
17,24,39,40
17,29,40,48
29,34,41,42
29,35,42,43
29,37,43,44
29,39,44,45
29,41,45,48
6,45,46,198
45,20,46,47
45,17,47,49
17,41,48,49
46,47,50,177
47,22,50,-1
22,46,50,51
48,46,51,176
22,48,51,106
49,50,52,175
50,48,52,176
48,49,52,53
51,49,53,174
48,51,53,107
52,53,54,172
53,54,54,173
54,52,54,109
55,56,55,171
56,52,55,172
52,55,55,56
57,55,56,170
52,57,56,110
58,59,57,169
59,57,57,170
57,58,57,111
60,61,58,166
61,62,58,167
62,60,58,114
63,64,59,165
64,60,59,166
60,63,59,115
65,66,60,162
66,67,60,163
67,65,60,118
68,69,61,186
69,70,61,161
70,68,61,62
71,68,62,160
70,71,62,63
72,71,63,159
70,72,63,120
73,74,64,158
74,72,64,159
72,73,64,121
75,76,65,156
76,77,65,157
77,75,65,123
78,79,66,182
79,75,66,156
75,78,66,67
80,78,67,155
75,80,67,68
81,80,68,154
75,81,68,69
82,81,69,153
75,82,69,124
83,84,70,151
84,85,70,152
85,83,70,71
86,83,71,394
85,86,71,72
87,86,72,244
85,87,72,73
88,87,73,243
85,88,73,74
89,88,74,242
85,89,74,126
90,91,75,241
91,89,75,242
89,90,75,76
92,90,76,240
89,92,76,126
93,94,77,238
94,92,77,239
92,93,77,127
95,96,78,237
96,93,78,238
93,95,78,79
97,95,79,236
93,97,79,137
98,99,80,235
99,97,80,236
97,98,80,138
100,101,81,234
101,98,81,235
98,100,81,128
102,103,82,233
103,100,82,234
100,102,82,83
104,102,83,232
100,104,83,84
105,104,84,231
100,105,84,85
106,105,85,230
100,106,85,128
107,108,86,228
108,106,86,229
106,107,86,140
109,110,87,227
110,107,87,228
107,109,87,129
111,112,88,226
112,109,88,227
109,111,88,89
113,111,89,225
109,113,89,90
114,113,90,224
109,114,90,91
115,114,91,223
109,115,91,92
116,115,92,222
109,116,92,129
117,118,93,221
118,116,93,222
116,117,93,130
119,120,94,220
120,117,94,221
117,119,94,130
121,122,95,219
122,119,95,220
119,121,95,131
123,124,96,217
124,121,96,218
121,123,96,132
125,126,97,216
126,123,97,217
123,125,97,98
127,125,98,215
123,127,98,133
128,129,99,214
129,127,99,215
127,128,99,133
130,131,100,212
131,132,100,213
132,130,100,101
133,130,101,211
132,133,101,102
134,133,102,210
132,134,102,134
26,134,103,209
134,24,103,104
134,23,104,135
23,22,105,106
23,48,106,107
23,51,107,108
54,51,108,173
23,54,108,109
23,52,109,110
23,57,110,111
23,58,111,112
135,58,112,168
23,135,112,113
62,135,113,167
23,62,113,114
23,60,114,115
23,63,115,116
136,63,116,164
23,136,116,117
67,136,117,163
23,67,117,118
23,65,118,119
70,65,119,161
23,70,119,120
23,72,120,121
23,73,121,122
77,73,122,157
23,77,122,123
23,75,123,124
23,82,124,125
85,82,125,152
23,85,125,136
85,92,126,127
85,93,127,136
98,106,128,139
107,116,129,141
116,119,130,131
116,121,131,132
116,123,132,142
123,128,133,143
132,128,134,213
128,134,134,135
128,23,135,143
23,93,136,137
23,97,137,138
23,98,138,139
23,106,139,140
23,107,140,141
23,116,141,142
23,123,142,143
137,138,144,197
138,47,144,-1
47,137,144,178
139,140,145,195
140,137,145,196
137,139,145,179
141,142,146,-1
142,139,146,194
139,141,146,147
143,141,147,385
139,143,147,148
144,143,148,385
139,144,148,149
145,144,149,392
139,145,149,180
83,146,150,391
146,145,150,392
145,83,150,151
145,84,151,180
84,82,152,153
84,81,153,154
84,80,154,155
84,78,155,181
79,76,156,183
76,73,157,158
76,74,158,184
74,71,159,160
74,68,160,185
69,65,161,162
69,66,162,187
66,136,163,164
66,63,164,165
66,64,165,188
64,61,166,189
61,135,167,168
61,58,168,169
61,59,169,190
59,55,170,171
59,56,171,191
56,53,172,192
53,51,173,174
53,49,174,175
53,50,175,193
50,46,176,177
50,47,177,178
50,137,178,179
50,139,179,193
139,84,180,181
139,78,181,182
139,79,182,183
139,76,183,184
139,74,184,185
139,68,185,186
139,69,186,187
139,66,187,188
139,64,188,189
139,61,189,190
139,59,190,191
139,56,191,192
139,53,192,193
142,147,194,-1
147,139,194,195
147,140,195,196
147,137,196,197
147,138,197,-1
6,43,198,308
148,44,199,366
43,148,199,200
149,148,200,365
43,149,200,309
150,151,201,364
151,149,201,365
149,150,201,202
152,150,202,363
149,152,202,310
153,33,203,380
32,153,203,204
154,153,204,379
32,154,204,311
155,156,205,384
156,154,205,379
154,155,205,206
157,155,206,378
154,157,206,207
158,157,207,377
154,158,207,208
159,158,208,376
154,159,208,312
26,160,209,375
160,134,209,210
160,133,210,211
160,130,211,212
160,131,212,313
131,128,213,214
131,129,214,314
129,125,215,216
129,126,216,315
126,124,217,218
126,121,218,219
126,122,219,316
122,120,220,317
120,118,221,318
118,115,222,223
118,114,223,224
118,113,224,225
118,111,225,226
118,112,226,318
112,110,227,319
110,108,228,229
110,106,229,230
110,105,230,231
110,104,231,232
110,102,232,233
110,103,233,319
103,101,234,320
101,99,235,320
99,95,236,237
99,96,237,321
96,94,238,239
96,92,239,240
96,90,240,241
96,91,241,322
91,88,242,243
91,87,243,244
91,86,244,245
161,86,245,451
91,161,245,246
162,161,246,451
91,162,246,247
163,162,247,450
91,163,247,248
164,163,248,449
91,164,248,249
165,164,249,448
91,165,249,323
166,167,250,467
167,165,250,448
165,166,250,251
168,166,251,447
165,168,251,324
169,170,252,446
170,168,252,447
168,169,252,253
171,169,253,445
168,171,253,325
172,173,254,443
173,171,254,444
171,172,254,255
174,172,255,442
171,174,255,326
175,176,256,440
176,174,256,441
174,175,256,327
177,178,257,438
178,175,257,439
175,177,257,328
179,180,258,437
180,177,258,438
177,179,258,329
181,182,259,464
182,183,259,436
183,181,259,260
184,181,260,435
183,184,260,331
185,186,261,434
186,184,261,435
184,185,261,262
187,185,262,433
184,187,262,332
188,189,263,431
189,187,263,432
187,188,263,333
190,191,264,429
191,192,264,430
192,190,264,265
193,190,265,428
192,193,265,335
194,195,266,425
195,196,266,426
196,194,266,337
197,198,267,588
198,194,267,490
194,197,267,268
199,197,268,595
194,199,268,338
200,201,269,594
201,199,269,595
199,200,269,339
202,203,270,597
203,200,270,593
200,202,270,271
204,202,271,636
200,204,271,340
205,206,272,633
206,207,272,634
207,205,272,342
208,209,273,631
209,205,273,632
205,208,273,274
210,208,274,556
205,210,274,343
211,212,275,554
212,213,275,555
213,211,275,276
214,211,276,554
213,214,276,277
215,214,277,553
213,215,277,345
216,217,278,552
217,215,278,553
215,216,278,279
218,216,279,552
215,218,279,280
219,218,280,551
215,219,280,346
220,221,281,581
221,219,281,551
219,220,281,282
222,220,282,550
219,222,282,283
223,222,283,549
219,223,283,284
224,223,284,549
219,224,284,285
225,224,285,548
219,225,285,286
226,225,286,547
219,226,286,287
227,226,287,546
219,227,287,347
228,229,288,578
229,230,288,545
230,228,288,289
231,228,289,544
230,231,289,290
232,231,290,543
230,232,290,349
233,234,291,542
234,232,291,543
232,233,291,292
235,233,292,541
232,235,292,350
236,237,293,539
237,235,293,540
235,236,293,351
238,239,294,538
239,236,294,539
236,238,294,295
240,238,295,537
236,240,295,296
241,240,296,537
236,241,296,297
15,241,297,-1
236,15,297,298
236,16,298,299
236,14,299,300
236,12,300,301
236,13,301,302
236,11,302,303
236,10,303,304
236,9,304,305
236,8,305,306
236,7,306,307
236,5,307,352
5,43,308,309
5,149,309,310
5,152,310,352
32,152,311,362
152,154,311,312
152,159,312,353
160,159,313,376
159,131,313,314
159,129,314,315
159,126,315,316
159,122,316,317
159,120,317,354
120,112,318,355
112,103,319,356
103,99,320,321
103,96,321,322
103,91,322,323
103,165,323,324
103,168,324,325
103,171,325,326
103,174,326,327
103,175,327,328
103,177,328,329
103,179,329,330
183,179,330,436
103,183,330,331
103,184,331,332
103,187,332,333
103,188,333,334
192,188,334,430
103,192,334,335
103,193,335,336
196,193,336,427
103,196,336,337
103,194,337,338
103,199,338,339
103,200,339,340
103,204,340,341
207,204,341,635
103,207,341,342
103,205,342,343
103,210,343,344
213,210,344,555
103,213,344,345
103,215,345,346
103,219,346,347
103,227,347,348
230,227,348,545
103,230,348,349
103,232,349,350
103,235,350,351
103,236,351,356
236,152,352,353
236,159,353,354
236,120,354,355
236,112,355,356
44,42,357,367
42,40,358,368
40,38,359,369
38,36,360,370
36,32,361,362
36,152,362,363
36,150,363,364
36,151,364,370
151,148,365,366
151,44,366,367
151,42,367,368
151,40,368,369
151,38,369,370
33,31,371,381
31,28,372,373
31,27,373,382
27,26,374,375
27,160,375,383
160,158,376,377
160,157,377,378
160,155,378,383
156,153,379,380
156,33,380,381
156,31,381,382
156,27,382,384
27,155,383,384
144,141,385,386
242,141,386,-1
144,242,386,387
243,242,387,473
144,243,387,388
244,243,388,536
144,244,388,389
245,244,389,535
144,245,389,390
246,245,390,534
144,246,390,393
83,246,391,394
246,146,391,393
146,144,392,393
86,246,394,395
247,246,395,533
86,247,395,396
248,247,396,532
86,248,396,397
249,248,397,531
86,249,397,452
250,251,398,529
251,249,398,530
249,250,398,399
252,250,399,528
249,252,399,400
253,252,400,527
249,253,400,453
254,255,401,525
255,253,401,526
253,254,401,454
256,257,402,523
257,254,402,524
254,256,402,403
258,256,403,522
254,258,403,455
259,260,404,520
260,258,404,521
258,259,404,456
261,262,405,518
262,259,405,519
259,261,405,406
263,261,406,517
259,263,406,407
264,263,407,516
259,264,407,457
265,266,408,514
266,264,408,515
264,265,408,409
267,265,409,513
264,267,409,410
268,267,410,512
264,268,410,411
269,268,411,511
264,269,411,412
270,269,412,510
264,270,412,458
271,272,413,508
272,270,413,509
270,271,413,414
273,271,414,507
270,273,414,458
274,275,415,505
275,273,415,506
273,274,415,416
276,274,416,504
273,276,416,470
277,278,417,502
278,276,417,503
276,277,417,418
279,277,418,501
276,279,418,459
280,281,419,499
281,279,419,500
279,280,419,420
282,280,420,498
279,282,420,459
283,284,421,496
284,282,421,497
282,283,421,460
285,286,422,494
286,283,422,495
283,285,422,423
287,285,423,493
283,287,423,461
194,288,424,491
288,287,424,492
287,194,424,425
287,195,425,426
287,196,426,427
287,193,427,428
287,190,428,429
287,191,429,461
191,188,430,431
191,189,431,432
191,187,432,433
191,185,433,434
191,186,434,462
186,181,435,463
182,179,436,437
182,180,437,465
180,178,438,439
180,175,439,440
180,176,440,441
180,174,441,442
180,172,442,443
180,173,443,444
180,171,444,445
180,169,445,446
180,170,446,465
170,166,447,466
167,164,448,449
167,163,449,450
167,162,450,468
162,86,451,452
162,249,452,453
162,253,453,454
162,254,454,455
162,258,455,456
162,259,456,457
162,264,457,468
264,273,458,469
276,282,459,460
276,283,460,471
283,191,461,462
283,186,462,463
283,181,463,464
283,182,464,472
182,170,465,466
182,166,466,467
182,167,467,472
167,264,468,469
167,273,469,470
167,276,470,471
167,283,471,472
289,242,473,-1
243,289,473,536
290,291,474,652
291,289,474,-1
289,290,474,475
292,290,475,651
289,292,475,476
293,292,476,607
289,293,476,477
294,293,477,650
289,294,477,478
295,294,478,650
289,295,478,479
296,295,479,649
289,296,479,480
297,296,480,605
289,297,480,481
298,297,481,642
289,298,481,482
299,298,482,641
289,299,482,483
300,299,483,641
289,300,483,484
301,300,484,640
289,301,484,485
302,301,485,640
289,302,485,486
303,302,486,600
289,303,486,487
304,303,487,590
289,304,487,488
305,304,488,589
289,305,488,489
198,305,489,588
289,198,489,490
289,194,490,491
289,288,491,492
289,287,492,493
289,285,493,494
289,286,494,495
289,283,495,496
289,284,496,497
289,282,497,498
289,280,498,499
289,281,499,500
289,279,500,501
289,277,501,502
289,278,502,503
289,276,503,504
289,274,504,505
289,275,505,506
289,273,506,507
289,271,507,508
289,272,508,509
289,270,509,510
289,269,510,511
289,268,511,512
289,267,512,513
289,265,513,514
289,266,514,515
289,264,515,516
289,263,516,517
289,261,517,518
289,262,518,519
289,259,519,520
289,260,520,521
289,258,521,522
289,256,522,523
289,257,523,524
289,254,524,525
289,255,525,526
289,253,526,527
289,252,527,528
289,250,528,529
289,251,529,530
289,249,530,531
289,248,531,532
289,247,532,533
289,246,533,534
289,245,534,535
289,244,535,536
241,238,537,538
241,239,538,575
239,237,539,540
239,235,540,541
239,233,541,542
239,234,542,576
234,231,543,544
234,228,544,577
229,227,545,546
229,226,546,547
229,225,547,548
229,224,548,579
224,222,549,550
224,220,550,580
221,218,551,582
218,217,552,583
217,214,553,584
214,212,554,585
212,210,555,556
212,208,556,557
306,208,557,630
212,306,557,558
307,306,558,629
212,307,558,559
308,307,559,628
212,308,559,560
309,308,560,627
212,309,560,561
310,309,561,626
212,310,561,562
311,310,562,625
212,311,562,563
312,311,563,624
212,312,563,564
313,312,564,623
212,313,564,565
314,313,565,622
212,314,565,566
315,314,566,621
212,315,566,567
316,315,567,620
212,316,567,568
317,316,568,619
212,317,568,569
318,317,569,618
212,318,569,570
319,318,570,617
212,319,570,586
320,321,571,615
321,319,571,616
319,320,571,586
322,323,572,613
323,320,572,614
320,322,572,587
324,325,573,-1
325,322,573,612
322,324,573,574
241,324,574,-1
322,241,574,575
322,239,575,576
322,234,576,577
322,228,577,578
322,229,578,579
322,224,579,580
322,220,580,581
322,221,581,582
322,218,582,583
322,217,583,584
322,214,584,585
322,212,585,587
212,320,586,587
197,305,588,589
197,304,589,590
197,303,590,591
326,303,591,599
197,326,591,596
203,327,592,597
327,326,592,598
326,203,592,593
326,200,593,594
326,201,594,596
201,197,595,596
202,327,597,598
202,326,598,599
202,303,599,600
202,302,600,601
328,302,601,648
202,328,601,602
329,328,602,647
202,329,602,603
330,329,603,646
202,330,603,636
297,331,604,643
331,332,604,644
332,297,604,605
332,296,605,606
293,296,606,649
332,293,606,607
332,292,607,608
333,292,608,651
332,333,608,637
334,335,609,655
335,333,609,656
333,334,609,610
336,334,610,654
333,336,610,638
325,337,611,-1
337,336,611,653
336,325,611,612
336,322,612,613
336,323,613,614
336,320,614,615
336,321,615,616
336,319,616,617
336,318,617,618
336,317,618,619
336,316,619,620
336,315,620,621
336,314,621,622
336,313,622,623
336,312,623,624
336,311,624,625
336,310,625,626
336,309,626,627
336,308,627,628
336,307,628,629
336,306,629,630
336,208,630,631
336,209,631,632
336,205,632,633
336,206,633,634
336,207,634,635
336,204,635,639
204,330,636,639
332,330,637,645
330,333,637,638
330,336,638,639
302,300,640,648
300,298,641,642
300,297,642,643
300,331,643,644
300,332,644,645
300,330,645,646
300,329,646,647
300,328,647,648
293,295,649,650
333,290,651,656
337,291,652,-1
290,337,652,653
290,336,653,654
290,334,654,655
290,335,655,656