0,1,2,1,1,1,29152
3,2,4,1,0,1
5,4,6,1,0,1
7,8,9,1,1,1
10,11,12,1,1,1
13,14,15,1,1,1
16,15,17,1,0,1
18,19,20,1,1,1
21,22,23,1,1,1
24,23,25,1,0,1
26,27,28,1,1,1
29,30,31,1,1,1
32,33,34,1,1,1
35,36,37,1,1,1
38,39,40,1,1,1
41,40,42,1,0,1
43,44,45,1,1,1
46,47,48,1,1,1
49,50,51,1,1,1
52,53,54,1,1,1
55,56,57,1,1,1
58,59,60,1,1,1
61,60,62,1,0,1
63,62,64,1,0,1
65,64,66,1,0,1
67,66,68,1,0,1
69,68,70,1,0,1
71,72,73,1,1,1
74,73,75,1,0,1
76,75,77,1,0,1
78,77,79,1,0,1
80,81,82,1,1,1
83,82,84,1,0,1
85,84,86,1,0,1
87,86,88,1,0,1
89,90,91,1,1,1
92,91,93,1,0,1
94,93,95,1,0,1
96,95,97,1,0,1
98,99,100,1,1,1
101,100,102,1,0,1
103,104,105,1,1,1
106,105,107,1,0,1
108,107,109,1,0,1
110,111,112,1,1,1
113,112,114,1,0,1
115,114,116,1,0,1
117,118,119,1,1,1
120,119,121,1,0,1
122,123,124,1,1,1
125,124,126,1,0,1
127,126,128,1,0,1
129,128,130,1,0,1
131,130,132,1,0,1
133,132,134,1,0,1
135,134,136,1,0,1
137,136,138,1,0,1
139,138,140,1,0,1
141,140,142,1,0,1
143,142,144,1,0,1
145,144,146,1,0,1
147,148,149,1,1,1
150,151,152,1,1,1
153,154,155,1,1,1
156,157,158,1,1,1
159,160,161,1,1,1
162,163,164,1,1,1
165,164,166,1,0,1
167,168,169,1,1,1
170,169,171,1,0,1
172,173,174,1,1,1
175,174,176,1,0,1
177,178,179,1,1,1
180,181,182,1,1,1
183,184,185,1,1,1
186,185,187,1,0,1
6,187,188,0,0,1
9,188,189,0,0,1
12,189,190,0,0,1
191,190,192,1,0,1
17,192,193,0,0,1
20,193,194,0,0,1
25,194,195,0,0,1
196,195,197,1,0,1
28,197,198,0,0,1
31,198,199,0,0,1
34,199,200,0,0,1
37,200,201,0,0,1
202,201,203,1,0,1
42,203,204,0,0,1
45,204,205,0,0,1
206,205,207,1,0,1
48,207,208,0,0,1
209,208,210,1,0,1
211,210,212,1,0,1
51,212,213,0,0,1
214,213,215,1,0,1
54,215,216,0,0,1
57,216,217,0,0,1
70,217,218,0,0,1
79,218,219,0,0,1
88,219,220,0,0,1
97,220,221,0,0,1
102,221,222,0,0,1
109,222,223,0,0,1
116,223,224,0,0,1
121,224,225,0,0,1
152,149,226,0,0,1
155,226,227,0,0,1
158,227,228,0,0,1
161,228,229,0,0,1
230,229,231,1,0,1
166,231,232,0,0,1
171,232,233,0,0,1
176,233,234,0,0,1
179,234,235,0,0,1
236,235,237,1,0,1
225,238,239,0,1,1
237,146,240,0,0,1
182,240,239,0,0,0
241,242,243,1,1,1,30432
244,243,245,1,0,1
246,247,248,1,1,1
249,250,251,1,1,1
252,253,254,1,1,1
255,256,257,1,1,1
258,259,260,1,1,1
261,262,263,1,1,1
55,59,264,0,0,1
56,264,265,0,0,1
52,265,266,0,0,1
214,53,267,0,0,1
49,267,268,0,0,1
211,50,269,0,0,1
209,269,270,0,0,1
46,270,271,0,0,1
206,47,272,0,0,1
43,272,273,0,0,1
44,273,274,0,0,1
41,274,275,0,0,1
38,275,276,0,0,1
202,39,277,0,0,1
35,277,278,0,0,1
32,36,279,0,0,1
29,33,280,0,0,1
26,30,281,0,0,1
196,27,282,0,0,1
24,282,283,0,0,1
21,283,284,0,0,1
22,284,285,0,0,1
18,285,286,0,0,1
16,19,287,0,0,1
13,287,288,0,0,1
191,14,289,0,0,1
10,289,290,0,0,1
7,11,291,0,0,1
5,8,292,0,0,1
3,292,293,0,0,1
245,0,294,0,0,1
248,294,295,0,0,1
296,295,297,1,0,1
251,297,298,0,0,1
299,298,300,1,0,1
254,300,301,0,0,1
257,301,302,0,0,1
303,302,304,1,0,1
260,304,305,0,0,1
306,305,307,1,0,1
266,263,308,0,0,1
268,308,309,0,0,1
271,309,310,0,0,1
276,310,311,0,0,1
278,311,312,0,0,1
279,312,313,0,0,1
280,313,314,0,0,1
281,314,315,0,0,1
286,315,316,0,0,1
288,316,317,0,0,1
290,317,318,0,0,1
291,318,319,0,0,1
293,319,307,0,0,0
320,321,322,1,1,1,30208
323,322,324,1,0,1
325,324,326,1,0,1
327,326,328,1,0,1
329,328,330,1,0,1
331,332,333,1,1,1
334,333,335,1,0,1
336,335,337,1,0,1
338,337,339,1,0,1
340,341,342,1,1,1
343,344,345,1,1,1
346,345,347,1,0,1
348,349,350,1,1,1
351,350,352,1,0,1
353,352,354,1,0,1
355,354,356,1,0,1
357,358,359,1,1,1
261,360,361,0,1,1
306,262,362,0,0,1
258,362,363,0,0,1
303,259,364,0,0,1
255,364,365,0,0,1
252,256,366,0,0,1
299,253,367,0,0,1
249,367,368,0,0,1
296,250,369,0,0,1
246,369,370,0,0,1
244,247,371,0,0,1
241,371,372,0,0,1
373,372,374,1,0,1
330,374,375,0,0,1
356,347,376,0,0,1
361,359,377,0,0,1
366,365,378,0,0,1
370,368,379,0,0,1
375,379,380,0,0,1
339,380,381,0,0,1
376,342,382,0,0,1
377,382,383,0,0,1
363,383,384,0,0,1
378,384,381,0,0,0
238,184,385,0,0,1,33248
180,385,386,0,0,1
181,386,387,0,0,1
236,387,388,0,0,1
177,388,389,0,0,1
178,389,390,0,0,1
175,390,391,0,0,1
172,391,392,0,0,1
170,173,393,0,0,1
167,393,394,0,0,1
165,168,395,0,0,1
162,395,396,0,0,1
230,163,397,0,0,1
159,397,398,0,0,1
156,160,399,0,0,1
153,157,400,0,0,1
150,154,401,0,0,1
147,151,402,0,0,1
145,148,403,0,0,1
143,403,404,0,0,1
139,141,405,0,0,1
137,405,406,0,0,1
133,135,407,0,0,1
131,407,408,0,0,1
127,129,409,0,0,1
410,409,411,1,0,1
183,411,412,0,0,1
392,412,413,0,0,1
394,413,414,0,0,1
396,414,415,0,0,1
398,415,416,0,0,1
399,416,417,0,0,1
400,417,418,0,0,1
401,418,419,0,0,1
404,402,420,0,0,1
406,420,421,0,0,1
408,421,419,0,0,0
422,320,423,1,0,1,29696
424,425,426,1,1,1
427,426,428,1,0,1
429,428,430,1,0,1
431,430,432,1,0,1
433,432,434,1,0,1
435,434,436,1,0,1
437,436,438,1,0,1
439,438,440,1,0,1
441,440,442,1,0,1
443,442,444,1,0,1
445,444,446,1,0,1
447,446,448,1,0,1
449,448,450,1,0,1
451,450,452,1,0,1
453,452,454,1,0,1
455,454,456,1,0,1
457,456,458,1,0,1
459,458,460,1,0,1
461,460,462,1,0,1
463,462,464,1,0,1
465,464,466,1,0,1
467,466,468,1,0,1
469,468,470,1,0,1
471,470,472,1,0,1
61,472,473,0,0,1
474,473,475,1,0,1
476,475,477,1,0,1
478,477,479,1,0,1
480,479,481,1,0,1
482,481,483,1,0,1
484,483,485,1,0,1
486,485,487,1,0,1
488,487,489,1,0,1
490,489,491,1,0,1
492,491,493,1,0,1
349,493,494,0,0,1
346,494,495,0,0,1
343,495,496,0,0,1
344,496,497,0,0,1
340,497,498,0,0,1
341,498,499,0,0,1
338,499,500,0,0,1
336,500,501,0,0,1
334,501,502,0,0,1
331,502,503,0,0,1
332,503,504,0,0,1
329,504,505,0,0,1
327,505,506,0,0,1
325,506,507,0,0,1
323,507,423,0,0,0
357,360,508,0,0,1,28928
355,358,509,0,0,1
353,509,510,0,0,1
492,348,511,0,0,1
490,511,512,0,0,1
488,512,513,0,0,1
486,513,514,0,0,1
484,514,515,0,0,1
482,515,516,0,0,1
480,516,517,0,0,1
476,478,518,0,0,1
474,518,519,0,0,1
58,519,520,0,0,1
508,520,521,0,0,1
510,521,522,0,0,1
351,522,517,0,0,0
471,63,523,0,0,1,29920
467,469,524,0,0,1
463,465,525,0,0,1
459,461,526,0,0,1
457,526,527,0,0,1
453,455,528,0,0,1
449,451,529,0,0,1
447,529,530,0,0,1
443,445,531,0,0,1
439,441,532,0,0,1
437,532,533,0,0,1
433,435,534,0,0,1
429,431,535,0,0,1
427,535,536,0,0,1
537,424,538,1,0,1
123,538,539,0,0,1
120,539,540,0,0,1
117,540,541,0,0,1
118,541,542,0,0,1
115,542,543,0,0,1
113,543,544,0,0,1
110,544,545,0,0,1
111,545,546,0,0,1
108,546,547,0,0,1
106,547,548,0,0,1
103,548,549,0,0,1
104,549,550,0,0,1
101,550,551,0,0,1
98,551,552,0,0,1
99,552,553,0,0,1
96,553,554,0,0,1
94,554,555,0,0,1
92,555,556,0,0,1
89,556,557,0,0,1
90,557,558,0,0,1
87,558,559,0,0,1
85,559,560,0,0,1
83,560,561,0,0,1
80,561,562,0,0,1
81,562,563,0,0,1
78,563,564,0,0,1
76,564,565,0,0,1
74,565,566,0,0,1
71,566,567,0,0,1
69,72,568,0,0,1
67,568,569,0,0,1
523,65,570,0,0,1
524,570,571,0,0,1
525,571,572,0,0,1
527,572,573,0,0,1
530,528,574,0,0,1
533,531,575,0,0,1
536,534,576,0,0,1
567,576,577,0,0,1
569,577,578,0,0,1
574,573,579,0,0,1
575,579,578,0,0,0