0,1,0,1784
1,2,0,1783
2,0,0,1
3,0,1,1785
2,3,1,2
4,3,2,1785
2,4,2,49
5,6,3,1787
6,4,3,1786
4,5,3,50
7,8,4,-1
8,5,4,1787
5,7,4,5
9,7,5,2650
5,9,5,6
10,9,6,2650
5,10,6,7
11,10,7,2658
5,11,7,8
12,11,8,2651
5,12,8,83
13,14,9,2653
14,15,9,2652
15,13,9,10
16,13,10,2654
15,16,10,79
17,18,11,2918
18,19,11,-1
19,17,11,51
20,21,12,2917
21,17,12,2918
17,20,12,13
22,20,13,2917
17,22,13,52
23,24,14,2936
24,22,14,2935
22,23,14,53
25,26,15,2933
26,27,15,2932
27,25,15,55
28,29,16,2915
29,25,16,2933
25,28,16,17
30,28,17,2914
25,30,17,55
31,32,18,2928
32,30,18,2914
30,31,18,19
33,31,19,2913
30,33,19,56
34,35,20,3224
35,36,20,3225
36,34,20,21
37,34,21,2835
36,37,21,57
38,39,22,2833
39,40,22,2832
40,38,22,23
41,38,23,3171
40,41,23,58
42,43,24,25,331
43,41,24,3170
41,42,24,59
44,43,25,2605
42,44,25,26
45,44,26,2604
42,45,26,27
46,45,27,2603
42,46,27,59
47,48,28,2493
48,46,28,2602
46,47,28,29
49,47,29,2403
46,49,29,30
50,49,30,2404
46,50,30,31
51,50,31,2405
46,51,31,32
52,51,32,2291
46,52,32,33
53,52,33,2292
46,53,33,60
54,55,34,2294
55,53,34,2293
53,54,34,61
56,57,35,2137
57,58,35,2295
58,56,35,36
59,56,36,2138
58,59,36,63
60,61,37,-37090
61,59,37,-37090
59,60,37,64
62,63,38,2142
63,64,38,2141
64,62,38,65
65,66,39,2145
66,67,39,2144
67,65,39,78
68,69,40,2147
69,65,40,2146
65,68,40,67
70,71,41,2149
71,68,41,2148
68,70,41,42
72,70,42,2150
68,72,42,67
73,74,43,1817
74,72,43,2150
72,73,43,44
75,73,44,1818
72,75,44,68
76,77,45,1820
77,75,45,1819
75,76,45,46
78,76,46,1821
75,78,46,69
79,80,47,1677
80,78,47,1822
78,79,47,48
2,79,48,1782
78,2,48,49
78,4,49,50
78,5,50,70
19,81,51,2655
81,17,51,52
81,22,52,53
81,23,53,54
82,23,54,2937
81,82,54,71
27,30,55,56
27,33,56,73
36,33,57,2912
33,37,57,74
40,83,58,2832
83,41,58,76
41,46,59,60
41,53,60,61
41,54,61,62
58,54,62,2295
41,58,62,63
41,59,63,64
41,60,64,77
64,60,65,2140
60,62,65,66
84,62,66,2142
60,84,66,82
65,72,67,68
65,75,68,69
65,78,69,70
65,5,70,78
81,16,71,2654
16,82,71,72
27,82,72,2932
16,27,72,73
16,33,73,74
16,37,74,75
83,37,75,2836
16,83,75,76
16,41,76,77
16,60,77,79
67,5,78,80
15,60,79,81
67,84,80,2143
84,5,80,82
15,12,81,2651
12,60,81,83
60,5,82,83
85,86,84,118
86,87,84,-1
87,85,84,85
88,85,85,118
87,88,85,86
89,88,86,117
87,89,86,87
90,89,87,117
87,90,87,88
91,90,88,116
87,91,88,89
92,91,89,115
87,92,89,90
93,92,90,115
87,93,90,91
94,93,91,114
87,94,91,92
95,94,92,113
87,95,92,93
96,95,93,113
87,96,93,94
97,96,94,112
87,97,94,95
98,97,95,112
87,98,95,98
99,100,96,111
100,98,96,130
98,99,96,98
87,101,97,-1
101,99,97,111
99,87,97,98
102,103,99,150
103,86,99,-1
86,102,99,100
104,102,100,150
86,104,100,101
105,104,101,149
86,105,101,119
106,107,102,148
107,105,102,149
105,106,102,120
108,109,103,174
109,106,103,175
106,108,103,121
110,111,104,173
111,108,104,174
108,110,104,122
112,113,105,682
113,110,105,172
110,112,105,106
114,112,106,706
110,114,106,123
115,116,107,705
116,114,107,706
114,115,107,124
117,118,108,702
118,119,108,703
119,117,108,127
120,121,109,700
121,117,109,701
117,120,109,128
101,122,110,-1
122,120,110,699
120,101,110,128
101,100,111,129
98,96,112,131
96,94,113,114
96,93,114,132
93,91,115,116
93,90,116,133
90,88,117,134
88,86,118,119
88,105,119,120
88,106,120,121
88,108,121,122
88,110,122,123
88,114,123,124
88,115,124,125
123,115,125,704
88,123,125,126
119,123,126,703
88,119,126,127
88,117,127,134
117,101,128,129
117,100,129,130
117,98,130,131
117,96,131,132
117,93,132,133
117,90,133,134
124,125,135,184
125,103,135,-1
103,124,135,136
126,124,136,184
103,126,136,137
127,126,137,183
103,127,137,138
128,127,138,182
103,128,138,139
129,128,139,182
103,129,139,140
130,129,140,181
103,130,140,141
131,130,141,181
103,131,141,142
132,131,142,180
103,132,142,143
133,132,143,179
103,133,143,144
134,133,144,178
103,134,144,145
135,134,145,178
103,135,145,146
136,135,146,177
103,136,146,151
106,137,147,175
137,138,147,176
138,106,147,148
138,107,148,152
107,104,149,153
104,103,150,151
104,136,151,153
138,136,152,176
136,107,152,153
139,140,154,232
140,125,154,-1
125,139,154,155
141,139,155,233
125,141,155,156
142,141,156,234
125,142,156,157
143,142,157,235
125,143,157,158
144,143,158,236
125,144,158,159
145,144,159,651
125,145,159,160
146,145,160,674
125,146,160,185
147,148,161,672
148,146,161,673
146,147,161,198
149,150,162,670
150,151,162,671
151,149,162,163
152,149,163,669
151,152,163,186
153,154,164,668
154,152,164,669
152,153,164,187
155,156,165,667
156,153,165,668
153,155,165,188
157,158,166,666
158,155,166,667
155,157,166,167
159,157,167,665
155,159,167,189
160,161,168,663
161,159,168,664
159,160,168,169
162,160,169,685
159,162,169,190
163,164,170,684
164,162,170,685
162,163,170,171
165,163,171,683
162,165,171,191
113,165,172,682
165,110,172,173
165,111,173,192
111,109,174,193
109,137,175,194
137,136,176,177
137,135,177,195
135,133,178,179
135,132,179,180
135,131,180,196
131,129,181,199
129,127,182,183
129,126,183,197
126,125,184,185
126,146,185,197
151,147,186,671
147,152,186,187
147,153,187,188
147,155,188,189
147,159,189,190
147,162,190,191
147,165,191,192
147,111,192,193
147,109,193,194
147,137,194,195
147,135,195,196
147,131,196,198
129,146,197,199
146,131,198,199
166,167,200,1019
167,168,200,3393
168,166,200,259
169,170,201,444
170,166,201,443
166,169,201,260
171,172,202,446
172,169,202,445
169,171,202,273
173,174,203,448
174,171,203,447
171,173,203,204
175,173,204,448
171,175,204,205
176,175,205,449
171,176,205,206
177,176,206,449
171,177,206,207
178,177,207,450
171,178,207,261
179,180,208,-28882
180,178,208,450
178,179,208,209
181,179,209,-28882
178,181,209,261
182,183,210,454
183,184,210,453
184,182,210,211
185,182,211,531
184,185,211,212
186,185,212,455
184,186,212,263
187,188,213,456
188,186,213,455
186,187,213,214
189,187,214,456
186,189,214,264
190,191,215,534
191,189,215,457
189,190,215,216
192,190,216,458
189,192,216,264
193,194,217,459
194,192,217,458
192,193,217,265
195,196,218,461
196,193,218,460
193,195,218,219
197,195,219,462
193,197,219,220
198,197,220,462
193,198,220,221
199,198,221,537
193,199,221,222
200,199,222,463
193,200,222,265
201,202,223,464
202,200,223,463
200,201,223,266
203,204,224,466
204,201,224,465
201,203,224,267
205,206,225,-28882
206,203,225,-28882
203,205,225,277
207,208,226,470
208,209,226,469
209,207,226,268
210,211,227,472
211,212,227,471
212,210,227,228
213,210,228,472
212,213,228,269
214,215,229,474
215,213,229,473
213,214,229,270
216,217,230,543
217,214,230,474
214,216,230,231
140,216,231,-1
214,140,231,232
214,139,232,233
214,141,233,234
214,142,234,235
214,143,235,236
214,144,236,237
218,144,237,651
214,218,237,238
219,218,238,-31442
214,219,238,239
220,219,239,-31442
214,220,239,240
221,220,240,653
214,221,240,241
222,221,241,654
214,222,241,242
223,222,242,654
214,223,242,243
224,223,243,655
214,224,243,244
225,224,244,678
214,225,244,245
226,225,245,656
214,226,245,270
227,228,246,657
228,226,246,656
226,227,246,247
229,227,247,828
226,229,247,248
230,229,248,829
226,230,248,249
231,230,249,829
226,231,249,250
232,231,250,830
226,232,250,251
233,232,251,830
226,233,251,252
234,233,252,947
226,234,252,253
235,234,253,948
226,235,253,254
236,235,254,948
226,236,254,255
237,236,255,949
226,237,255,271
238,239,256,969
239,237,256,950
237,238,256,257
168,238,257,968
237,168,257,258
240,168,258,259,14
237,240,258,271
240,166,259,260
240,169,260,272
171,181,261,262
184,181,262,452
171,184,262,263
171,186,263,274
186,192,264,275
192,200,265,266
192,201,266,267
192,203,267,276
209,205,268,468
205,207,268,278
212,207,269,470
207,213,269,279
213,226,270,279
226,240,271,272
226,169,272,273
226,171,273,274
226,186,274,275
226,192,275,276
226,203,276,277
226,205,277,278
226,207,278,279
241,242,280,-1
242,216,280,-1
216,241,280,281
243,241,281,575
216,243,281,282
244,243,282,622
216,244,282,283
245,244,283,621
216,245,283,284
246,245,284,621
216,246,284,285
247,246,285,620
216,247,285,286
248,247,286,620
216,248,286,287
249,248,287,619
216,249,287,288
250,249,288,619
216,250,288,289
251,250,289,618
216,251,289,290
252,251,290,618
216,252,290,291
253,252,291,617
216,253,291,292
254,253,292,617
216,254,292,293
255,254,293,616
216,255,293,294
256,255,294,615
216,256,294,295
257,256,295,615
216,257,295,296
258,257,296,614
216,258,296,297
259,258,297,613
216,259,297,298
260,259,298,613
216,260,298,299
261,260,299,612
216,261,299,300
262,261,300,611
216,262,300,301
263,262,301,611
216,263,301,302
264,263,302,610
216,264,302,303
265,264,303,609
216,265,303,304
266,265,304,608
216,266,304,305
267,266,305,608
216,267,305,306
268,267,306,607
216,268,306,307
269,268,307,607
216,269,307,308
270,269,308,606
216,270,308,309
271,270,309,605
216,271,309,310
272,271,310,605
216,272,310,311
273,272,311,604
216,273,311,312
274,273,312,604
216,274,312,313
275,274,313,603
216,275,313,314
276,275,314,603
216,276,314,315
277,276,315,602
216,277,315,316
278,277,316,601
216,278,316,317
279,278,317,601
216,279,317,318
280,279,318,600
216,280,318,319
281,280,319,600
216,281,319,320
282,281,320,632
216,282,320,321
283,282,321,599
216,283,321,322
284,283,322,598
216,284,322,323
285,284,323,598
216,285,323,324
286,285,324,597
216,286,324,325
287,286,325,597
216,287,325,326
288,287,326,596
216,288,326,327
289,288,327,595
216,289,327,328
290,289,328,749
216,290,328,329
291,290,329,1606
216,291,329,330
292,291,330,1616
216,292,330,563
293,294,331,1614
294,292,331,1615
292,293,331,544
295,296,332,1612
296,293,332,1613
293,295,332,333
297,295,333,1844
293,297,333,334
298,297,334,1838
293,298,334,475
299,300,335,1842
300,298,335,1843
298,299,335,336
301,299,336,1906
298,301,336,337
302,301,337,2016
298,302,337,475
303,304,338,2022
304,305,338,2023
305,303,338,477
306,307,339,1903
307,308,339,2019
308,306,339,340
309,306,340,1939
308,309,340,341
310,309,341,1902
308,310,341,480
311,312,342,1901
312,310,342,1902
310,311,342,481
313,314,343,1899
314,315,343,1900
315,313,343,344
316,313,344,1898
315,316,344,345
317,316,345,2076
315,317,345,346
318,317,346,2120
315,318,346,347
319,318,347,2075
315,319,347,348
320,319,348,2074
315,320,348,349
321,320,349,2073
315,321,349,482
322,323,350,2042
323,324,350,2072
324,322,350,351
325,322,351,2041
324,325,351,352
326,325,352,3285
324,326,352,353
327,326,353,3286
324,327,353,354
328,327,354,1237
324,328,354,355
329,328,355,1236
324,329,355,356
330,329,356,1235
324,330,356,357
331,330,357,1234
324,331,357,358
332,331,358,1233
324,332,358,483
333,334,359,1267
334,332,359,1233
332,333,359,360
335,333,360,1232
332,335,360,484
336,337,361,1230
337,338,361,1231
338,336,361,486
339,340,362,1229
340,336,362,1230
336,339,362,487
341,342,363,1226
342,343,363,1227
343,341,363,489
344,345,364,1224
345,346,364,1225
346,344,364,490
347,348,365,1223
348,344,365,1224
344,347,365,549
349,350,366,1219
350,351,366,1220
351,349,366,552
352,353,367,1217
353,354,367,1218
354,352,367,368
355,352,368,1216
354,355,368,491
356,357,369,1215
357,355,369,1216
355,356,369,492
358,359,370,1214
359,356,370,1215
356,358,370,493
360,361,371,1213
361,358,371,1214
358,360,371,372
362,360,372,1212
358,362,372,554
363,364,373,1210
364,362,373,1211
362,363,373,555
365,366,374,1209
366,363,374,1210
363,365,374,375
367,365,375,1209
363,367,375,564
368,369,376,1255
369,367,376,1256
367,368,376,377
370,368,377,1254
367,370,377,565
371,372,378,1252
372,373,378,1253
373,371,378,379
374,371,379,1252
373,374,379,380
375,374,380,1251
373,375,380,494
376,377,381,1276
377,375,381,1251
375,376,381,382
378,376,382,1250
375,378,382,495
379,380,383,1249
380,378,383,1250
378,379,383,496
381,382,384,1472
382,383,384,1247
383,381,384,385
384,381,385,1494
383,384,385,386
385,384,386,1493
383,385,386,497
386,387,387,1491
387,385,387,1492
385,386,387,557
388,389,388,1490
389,386,388,1491
386,388,388,389
390,388,389,1489
386,390,389,498
391,392,390,1488
392,390,390,1489
390,391,390,498
393,394,391,1486
394,391,391,1487
391,393,391,499
395,396,392,1483
396,397,392,1484
397,395,392,393
398,395,393,1727
397,398,393,394
399,398,394,1698
397,399,394,395
400,399,395,1657
397,400,395,396
401,400,396,1657
397,401,396,397
402,401,397,1619
397,402,397,398
403,402,398,1618
397,403,398,399
404,403,399,1551
397,404,399,400
405,404,400,1135
397,405,400,401
406,405,401,1134
397,406,401,402
407,406,402,1133
397,407,402,501
408,409,403,1132
409,407,403,1133
407,408,403,502
410,411,404,1130
411,412,404,1131
412,410,404,405
413,410,405,1129
412,413,405,504
414,415,406,1128
415,413,406,1129
413,414,406,407
416,414,407,1127
413,416,407,505
417,418,408,1126
418,416,408,1127
416,417,408,409
419,417,409,1125
416,419,409,506
420,421,410,1123
421,419,410,1124
419,420,410,507
422,423,411,1153
423,424,411,1154
424,422,411,508
425,426,412,1151
426,427,412,1152
427,425,412,509
428,429,413,1150
429,425,413,1151
425,428,413,414
430,428,414,1149
425,430,414,510
431,432,415,1147
432,433,415,1148
433,431,415,511
434,435,416,1144
435,436,416,1145
436,434,416,513
437,438,417,1288
438,434,417,1143
434,437,417,418
439,437,418,1287
434,439,418,419
440,439,419,1286
434,440,419,420
441,440,420,1177
434,441,420,421
442,441,421,1176
434,442,421,513
443,444,422,1175
444,442,422,1176
442,443,422,423
445,443,423,863
442,445,423,424
446,445,424,862
442,446,424,425
447,446,425,861
442,447,425,426
448,447,426,860
442,448,426,514
449,450,427,859
450,448,427,860
448,449,427,515
451,452,428,857
452,449,428,858
449,451,428,516
453,454,429,855
454,455,429,856
455,453,429,518
456,457,430,852
457,458,430,853
458,456,430,520
459,460,431,851
460,456,431,852
456,459,431,521
461,462,432,849
462,459,432,850
459,461,432,522
463,464,433,883
464,465,433,884
465,463,433,523
466,467,434,889
467,468,434,881
468,466,434,435
469,466,435,880
468,469,435,524
470,471,436,879
471,469,436,880
469,470,436,562
472,473,437,876
473,474,437,877
474,472,437,438
475,472,438,875
474,475,438,439
476,475,439,874
474,476,439,440
477,476,440,873
474,477,440,441
478,477,441,872
474,478,441,525
166,479,442,1014
479,478,442,871
478,166,442,443
478,170,443,444
478,169,444,445
478,172,445,446
478,171,446,447
478,174,447,526
174,175,448,527
175,177,449,528
177,180,450,451
480,180,451,-31698
177,480,451,529
181,480,452,-31698
480,184,452,453
480,183,453,454
480,182,454,530
185,188,455,532
188,189,456,457
188,191,457,533
190,194,458,459
190,193,459,460
190,196,460,461
190,195,461,535
195,198,462,536
199,202,463,464
199,201,464,465
199,204,465,538
481,203,466,-31698
204,481,466,467
205,481,467,-31698
204,205,467,468
204,209,468,469
204,208,469,539
208,212,470,471
208,211,471,540
211,213,472,473
211,215,473,541
215,217,474,542
293,302,475,476
305,302,476,2023
293,305,476,477
293,303,477,478
482,303,478,2021
293,482,478,479
308,482,479,2020
293,308,479,480
293,310,480,481
293,311,481,544
315,311,482,1900
311,321,482,545
324,321,483,2072
321,332,483,484
321,335,484,485
338,335,485,1231
321,338,485,486
321,336,486,487
321,339,487,488
483,339,488,1228
321,483,488,546
343,483,489,1227
483,341,489,547
346,341,490,1225
341,344,490,548
354,349,491,1218
349,355,491,492
349,356,492,493
349,358,493,553
373,370,494,1253
370,375,494,495
370,378,495,496
370,379,496,556
383,379,497,1248
379,385,497,556
386,391,498,499
386,393,499,500
397,393,500,1485
386,397,500,501
386,407,501,502
386,408,502,503
412,408,503,1131
386,412,503,504
386,413,504,505
386,416,505,506
386,419,506,507
386,420,507,557
424,484,508,1154
484,422,508,558
427,422,509,1152
422,425,509,510
422,430,510,558
433,430,511,1148
430,431,511,512
436,431,512,1146
430,436,512,559
436,442,513,514
436,448,514,515
436,449,515,516
436,451,516,517
455,451,517,856
436,455,517,518
436,453,518,519
458,453,519,854
436,458,519,520
436,456,520,521
436,459,521,522
436,461,522,560
465,485,523,884
485,463,523,572
468,486,524,881
486,469,524,574
474,470,525,878
470,478,525,526
470,174,526,527
470,175,527,528
470,177,528,529
470,480,529,530
470,182,530,531
470,185,531,532
470,188,532,533
470,191,533,534
470,190,534,535
470,195,535,536
470,198,536,537
470,199,537,538
470,204,538,539
470,208,539,540
470,211,540,541
470,215,541,542
470,217,542,543
470,216,543,562
292,311,544,545
292,321,545,546
292,483,546,547
292,341,547,548
292,344,548,549
292,347,549,550
487,347,550,1222
292,487,550,551
351,487,551,1221
292,351,551,552
292,349,552,553
292,358,553,554
292,362,554,555
292,363,555,563
370,385,556,566
385,420,557,567
484,430,558,559
484,436,559,560
484,461,560,561
488,461,561,848
484,488,561,570
469,216,562,574
216,363,563,564
216,367,564,565
216,370,565,566
216,385,566,567
216,420,567,568
489,420,568,1122
216,489,568,569
484,489,569,1122
216,484,569,570
216,488,570,571
485,488,571,848
216,485,571,572
216,463,572,573
486,463,573,882
216,486,573,574
490,241,575,-1
243,490,575,576
491,490,576,717
243,491,576,577
492,491,577,768
243,492,577,578
493,492,578,767
243,493,578,623
494,495,579,766
495,493,579,767
493,494,579,580
496,494,580,765
493,496,580,624
497,498,581,763
498,499,581,764
499,497,581,626
500,501,582,791
501,497,582,763
497,500,582,583
502,500,583,762
497,502,583,584
503,502,584,761
497,503,584,585
504,503,585,760
497,504,585,645
505,506,586,758
506,507,586,759
507,505,586,627
508,509,587,757
509,505,587,758
505,508,587,588
510,508,588,757
505,510,588,589
511,510,589,756
505,511,589,590
512,511,590,755
505,512,590,647
513,514,591,753
514,515,591,754
515,513,591,592
516,513,592,752
515,516,592,628
517,518,593,751
518,516,593,752
516,517,593,629
289,519,594,750
519,517,594,751
517,289,594,595
517,288,595,596
517,287,596,629
287,285,597,630
285,283,598,599
285,282,599,631
281,279,600,633
279,277,601,602
279,276,602,634
276,274,603,635
274,272,604,636
272,270,605,606
272,269,606,637
269,267,607,638
267,265,608,609
267,264,609,610
267,263,610,638
263,261,611,612
263,260,612,639
260,258,613,614
260,257,614,640
257,255,615,616
257,254,616,641
254,252,617,641
252,250,618,642
250,248,619,643
248,246,620,644
246,244,621,622
246,243,622,623
246,493,623,624
246,496,624,625
499,496,625,764
246,499,625,626
246,497,626,644
507,504,627,759
504,505,627,646
515,512,628,754
512,516,628,648
516,287,629,630
516,285,630,631
516,282,631,632
516,281,632,633
516,279,633,634
516,276,634,635
516,274,635,636
516,272,636,637
516,269,637,649
269,263,638,639
269,260,639,640
269,257,640,650
257,252,641,642
257,250,642,643
257,248,643,650
248,497,644,645
248,504,645,646
248,505,646,647
248,512,647,648
248,516,648,649
248,269,649,650
145,218,651,652
520,218,652,-31698
145,520,652,675
220,520,653,-31698
520,221,653,676
221,223,654,655
221,224,655,677
225,228,656,657
225,227,657,658
521,227,658,827
225,521,658,659
522,521,659,796
225,522,659,660
523,522,660,795
225,523,660,661
524,523,661,686
225,524,661,662
160,524,662,686
225,160,662,663
225,161,663,664
225,159,664,665
225,157,665,666
225,158,666,678
158,156,667,679
156,154,668,680
154,149,669,670
154,150,670,681
150,147,671,672
150,148,672,673
150,146,673,674
150,145,674,675
150,520,675,676
150,221,676,677
150,224,677,681
224,158,678,679
224,156,679,680
224,154,680,681
112,165,682,683
112,163,683,684
112,164,684,707
164,160,685,708
160,523,686,687
525,523,687,795
160,525,687,709
526,527,688,817
527,528,688,818
528,526,688,689
529,526,689,816
528,529,689,711
530,531,690,815
531,529,690,816
529,530,690,712
532,533,691,813
533,530,691,814
530,532,691,713
534,535,692,812
535,532,692,813
532,534,692,693
536,534,693,811
532,536,693,694
537,536,694,810
532,537,694,714
538,539,695,808
539,537,695,809
537,538,695,715
540,541,696,891
541,538,696,807
538,540,696,697
542,540,697,892
538,542,697,698
122,542,698,-1
538,122,698,699
538,120,699,700
538,121,700,701
538,117,701,702
538,118,702,716
118,123,703,704
118,115,704,705
118,116,705,716
116,112,706,707
116,164,707,708
116,160,708,709
116,525,709,710
528,525,710,818
116,528,710,711
116,529,711,712
116,530,712,713
116,532,713,714
116,537,714,715
116,538,715,716
543,490,717,-1
491,543,717,718
544,543,718,2938
491,544,718,719
545,544,719,2944
491,545,719,768
546,547,720,2943
547,545,720,2944
545,546,720,721
548,546,721,2942
545,548,721,769
549,550,722,3086
550,551,722,2941
551,549,722,723
552,549,723,3085
551,552,723,770
553,554,724,-1
554,552,724,3084
552,553,724,725
555,553,725,2754
552,555,725,726
556,555,726,2753
552,556,726,727
557,556,727,2752
552,557,727,728
558,557,728,2751
552,558,728,771
559,560,729,2750
560,558,729,2751
558,559,729,730
561,559,730,2749
558,561,730,772
562,563,731,2748
563,561,731,2749
561,562,731,773
564,565,732,2479
565,562,732,2747
562,564,732,774
566,567,733,2478
567,564,733,2479
564,566,733,775
568,569,734,2487
569,566,734,2478
566,568,734,735
570,568,735,2477
566,570,735,776
571,572,736,2476
572,570,736,2477
570,571,736,737
573,571,737,2475
570,573,737,777
574,575,738,1966
575,573,738,2474
573,574,738,739
576,574,739,1965
573,576,739,778
577,578,740,1963
578,579,740,1964
579,577,740,780
580,581,741,1973
581,582,741,1962
582,580,741,742
583,580,742,1961
582,583,742,743
584,583,743,1960
582,584,743,744
585,584,744,1610
582,585,744,745
586,585,745,1609
582,586,745,782
587,588,746,1608
588,586,746,1609
586,587,746,747
589,587,747,1607
586,589,747,783
290,590,748,1606
590,589,748,1607
589,290,748,749
589,289,749,750
589,519,750,784
519,518,751,785
518,513,752,753
518,514,753,786
514,512,754,755
514,511,755,756
514,510,756,787
510,509,757,788
509,506,758,789
506,504,759,760
506,503,760,761
506,502,761,762
506,500,762,790
501,498,763,792
498,496,764,765
498,494,765,766
498,495,766,793
495,492,767,794
492,545,768,769
492,548,769,794
551,548,770,2941
548,552,770,771
548,558,771,772
548,561,772,773
548,562,773,774
548,564,774,775
548,566,775,776
548,570,776,777
548,573,777,778
548,576,778,779
579,576,779,1964
548,579,779,780
548,577,780,781
582,577,781,1962
548,582,781,782
548,586,782,783
548,589,783,784
548,519,784,785
548,518,785,786
548,514,786,787
548,510,787,788
548,509,788,789
548,506,789,790
548,500,790,791
548,501,791,792
548,498,792,793
548,495,793,794
525,522,795,796
525,521,796,797
591,521,797,827
525,591,797,819
592,593,798,842
593,591,798,843
591,592,798,799
594,592,799,841
591,594,799,800
595,594,800,840
591,595,800,820
596,597,801,839
597,595,801,840
595,596,801,802
598,596,802,904
595,598,802,821
599,600,803,916
600,601,803,906
601,599,803,804
602,599,804,907
601,602,804,805
603,602,805,907
601,603,805,822
541,604,806,891
604,605,806,909
605,541,806,807
605,538,807,808
605,539,808,809
605,537,809,810
605,536,810,811
605,534,811,812
605,535,812,824
535,533,813,814
535,530,814,815
535,531,815,825
531,526,816,817
531,527,817,826
527,525,818,819
527,591,819,820
527,595,820,821
527,598,821,826
601,598,822,905
598,603,822,823
605,603,823,908
598,605,823,824
598,535,824,825
598,531,825,826
591,227,827,828
591,229,828,843
229,231,829,844
231,233,830,831
606,233,831,947
231,606,831,832
607,606,832,946
231,607,832,833
608,607,833,946
231,608,833,834
609,608,834,922
231,609,834,845
610,611,835,940
611,609,835,941
609,610,835,836
612,610,836,902
609,612,836,837
613,612,837,903
609,613,837,846
596,614,838,904
614,613,838,903
613,596,838,839
613,597,839,847
597,594,840,841
597,592,841,842
597,593,842,847
593,229,843,844
593,231,844,845
593,609,845,846
593,613,846,847
485,461,848,849
485,462,849,850
485,459,850,851
485,460,851,885
460,457,852,853
460,458,853,854
460,453,854,855
460,454,855,886
454,451,856,857
454,452,857,858
454,449,858,859
454,450,859,887
450,447,860,861
450,446,861,862
450,445,862,863
450,443,863,864
615,443,864,1174
450,615,864,865
616,615,865,1173
450,616,865,866
617,616,866,1111
450,617,866,867
618,617,867,1110
450,618,867,868
619,618,868,1082
450,619,868,869
620,619,869,1015
450,620,869,870
479,620,870,1014
450,479,870,871
450,478,871,872
450,477,872,873
450,476,873,874
450,475,874,875
450,472,875,876
450,473,876,877
450,474,877,878
450,470,878,879
450,471,879,888
471,466,880,888
467,486,881,882
467,463,882,883
467,464,883,890
464,485,884,885
464,460,885,886
464,454,886,887
464,450,887,890
450,466,888,889
450,467,889,890
604,540,891,910
621,542,892,-1
540,621,892,893
622,621,893,919
540,622,893,911
623,624,894,895,285
624,622,894,918
622,623,894,912
625,624,895,3402
623,625,895,896
626,625,896,897,290
623,626,896,913
627,625,897,3417
626,627,897,898
628,627,898,3416
626,628,898,899
629,628,899,3415
626,629,899,900
630,629,900,938
626,630,900,901
610,630,901,939
626,610,901,902
626,612,902,914
612,614,903,915
614,598,904,905
614,601,905,906
614,600,906,915
599,603,907,908
599,605,908,909
599,604,909,910
599,540,910,911
599,622,911,912
599,623,912,913
599,626,913,914
599,612,914,916
612,600,915,916
631,632,917,3404,285
632,633,917,3405,285
633,631,917,921
624,631,918,3403,285
631,622,918,919
631,621,919,921
633,634,920,3405,285
634,621,920,-1
621,633,920,921
635,608,922,957
609,635,922,941
636,637,923,956
637,635,923,957
635,636,923,942
638,639,924,955
639,636,924,956
636,638,924,943
640,641,925,953
641,638,925,954
638,640,925,926
642,640,926,963
638,642,926,927
643,642,927,995
638,643,927,928
644,643,928,996
638,644,928,929
645,644,929,974
638,645,929,930
646,645,930,973
638,646,930,931
647,646,931,973
638,647,931,932
648,647,932,972
638,648,932,933
649,648,933,972
638,649,933,944
650,651,934,984
651,649,934,985
649,650,934,945
652,653,935,3412
653,650,935,983
650,652,935,936
654,652,936,3413
650,654,936,937
629,654,937,3414
650,629,937,938
650,630,938,939
650,610,939,940
650,611,940,945
611,635,941,942
611,636,942,943
611,638,943,944
611,649,944,945
608,606,946,958
606,234,947,962
234,236,948,949
234,237,949,959
655,239,950,970
237,655,950,951
656,655,951,971
237,656,951,959
640,657,952,963
657,656,952,971
656,640,952,953
656,641,953,954
656,638,954,955
656,639,955,960
639,637,956,961
637,608,957,958
637,606,958,961
234,656,959,960
234,639,960,962
639,606,961,962
657,642,963,964
658,642,964,995
657,658,964,965
659,658,965,994
657,659,965,966
660,659,966,3382
657,660,966,967
168,660,967,3392,14
657,168,967,968
657,238,968,969
657,239,969,970
657,655,970,971
649,647,972,985
647,645,973,974
647,644,974,975
661,644,975,997
647,661,975,976
662,661,976,986
647,662,976,977
663,662,977,1028
647,663,977,978
664,663,978,1005
647,664,978,979
665,664,979,1006
647,665,979,980
666,665,980,1007
647,666,980,981
667,666,981,3411
647,667,981,982
653,667,982,3412
647,653,982,983
647,650,983,984
647,651,984,985
668,662,986,1028
661,668,986,987
669,668,987,1048
661,669,987,988
670,669,988,1047
661,670,988,989
671,670,989,1046
661,671,989,990
672,671,990,1045
661,672,990,991
673,672,991,1020
661,673,991,998
674,675,992,993,14
675,673,992,1026
673,674,992,998
659,675,993,3382
674,659,993,994
674,658,994,999
658,643,995,996
658,644,996,997
658,661,997,999
661,674,998,999
676,677,1000,3310
677,678,1000,3390,290
678,676,1000,1001
679,676,1001,1090
678,679,1001,1002
680,679,1002,1095
678,680,1002,1003
681,680,1003,1030
678,681,1003,1004
663,681,1004,1029
678,663,1004,1005
678,664,1005,1006
678,665,1006,1012
682,666,1007,3411
665,682,1007,1008
683,682,1008,3426
665,683,1008,1009
684,683,1009,3410
665,684,1009,1013
685,686,1010,3424
686,684,1010,3410
684,685,1010,1011
687,685,1011,3386,290
684,687,1011,1013
678,687,1012,3386,290
687,665,1012,1013
166,620,1014,1015
166,619,1015,1016
688,619,1016,1081
166,688,1016,1017
689,688,1017,1080
166,689,1017,1018
690,689,1018,-8407
166,690,1018,1019
167,690,1019,-19414
691,672,1020,1044
673,691,1020,1021
692,691,1021,1105
673,692,1021,1022
693,692,1022,1088
673,693,1022,1023
689,693,1023,1080
673,689,1023,1027
660,694,1024,3392
694,689,1024,-16598
689,660,1024,1025
695,660,1025,3381,14
689,695,1025,1027
675,695,1026,3381,14
695,673,1026,1027
668,663,1028,1029
668,681,1029,1030
668,680,1030,1031
696,680,1031,1094
668,696,1031,1049
697,698,1032,1093
698,696,1032,1094
696,697,1032,1033
699,697,1033,3379,290
696,699,1033,1050
700,701,1034,3377
701,699,1034,3379,290
699,700,1034,1051
702,703,1035,3327
703,704,1035,3375
704,702,1035,1036
705,702,1036,3326
704,705,1036,1037
706,705,1037,3325
704,706,1037,1053
707,708,1038,3347
708,706,1038,3325
706,707,1038,1039
709,707,1039,3324
706,709,1039,1040
710,709,1040,1206
706,710,1040,1054
711,712,1041,1208
712,710,1041,1207
710,711,1041,1042
713,711,1042,1168
710,713,1042,1055
714,715,1043,1109
715,713,1043,1169
713,714,1043,1055
691,714,1044,1109
714,672,1044,1045
714,671,1045,1046
714,670,1046,1047
714,669,1047,1048
714,668,1048,1049
714,696,1049,1050
714,699,1050,1051
714,700,1051,1052
704,700,1052,3376
714,704,1052,1053
714,706,1053,1054
714,710,1054,1055
716,717,1056,3446
717,718,1056,3385
718,716,1056,1057
719,716,1057,3445
718,719,1057,1058
720,719,1058,1059,290
718,720,1058,1075
721,719,1059,3433
720,721,1059,1060
722,721,1060,-1
720,722,1060,1061
723,722,1061,1316
720,723,1061,1062
724,723,1062,1317
720,724,1062,1063
725,724,1063,1307
720,725,1063,1076
726,727,1064,3312
727,725,1064,3313
725,726,1064,1065
728,726,1065,1069,290
725,728,1065,1066
729,728,1066,1068,290
725,729,1066,1067
730,729,1067,1068,290
725,730,1067,1076
730,728,1068,1077
731,726,1069,1100
728,731,1069,1070
732,731,1070,1099
728,732,1070,1078
718,733,1071,3389
733,732,1071,1098
732,718,1071,1072
734,718,1072,1074,290
732,734,1072,1073
735,734,1073,1074,290
732,735,1073,1078
735,718,1074,1075
735,720,1075,1079
720,730,1076,1077
720,728,1077,1079
728,735,1078,1079
693,688,1080,1081
693,619,1081,1082
693,618,1082,1083
736,618,1083,1110
693,736,1083,1084
737,736,1084,1114
693,737,1084,1085
738,737,1085,1115
693,738,1085,1086
739,738,1086,1121
693,739,1086,1089
740,741,1087,1106
741,739,1087,1162
739,740,1087,1089
692,740,1088,1105
740,693,1088,1089
742,676,1090,3309
679,742,1090,1091
743,742,1091,3372,290
679,743,1091,1092
744,743,1092,3372,290
679,744,1092,1096
697,744,1093,3371,290
744,698,1093,1096
698,680,1094,1095
698,679,1095,1096
733,745,1097,3389
745,677,1097,3390
677,733,1097,1098
677,732,1098,1099
677,731,1099,1100
677,726,1100,1101
746,726,1101,3312,290
677,746,1101,1102
747,746,1102,3311,290
677,747,1102,1103
748,747,1103,3311,290
677,748,1103,1104
749,748,1104,3341,290
677,749,1104,3310,290
691,740,1105,1106
691,741,1106,1107
750,741,1107,1162
691,750,1107,1108
715,750,1108,1170
691,715,1108,1109
736,617,1110,1111
736,616,1111,1112
751,616,1112,1173
736,751,1112,1113
752,751,1113,1116
736,752,1113,1114
737,752,1114,1115
738,752,1115,1116
738,751,1116,1117
753,751,1117,1186
738,753,1117,1118
754,753,1118,1197
738,754,1118,1119
755,754,1119,1196
738,755,1119,1120
756,755,1120,1164
738,756,1120,1121
739,756,1121,1163
484,420,1122,1123
484,421,1123,1124
484,419,1124,1125
484,417,1125,1126
484,418,1126,1155
418,414,1127,1128
418,415,1128,1156
415,410,1129,1130
415,411,1130,1157
411,408,1131,1132
411,409,1132,1158
409,406,1133,1134
409,405,1134,1135
409,404,1135,1136
757,404,1136,1551
409,757,1136,1137
758,757,1137,1458
409,758,1137,1138
759,758,1138,1457
409,759,1138,1139
760,759,1139,1361
409,760,1139,1140
761,760,1140,1360
409,761,1140,1141
762,761,1141,1359
409,762,1141,1142
438,762,1142,1289
409,438,1142,1143
409,434,1143,1144
409,435,1144,1145
409,436,1145,1146
409,431,1146,1147
409,432,1147,1159
432,430,1148,1149
432,428,1149,1150
432,429,1150,1159
429,426,1151,1160
426,422,1152,1153
426,423,1153,1161
423,484,1154,1155
423,418,1155,1156
423,415,1156,1157
423,411,1157,1158
423,409,1158,1161
409,429,1159,1160
409,426,1160,1161
750,739,1162,1163
750,756,1163,1164
750,755,1164,1165
763,755,1165,1195
750,763,1165,1166
764,763,1166,1284
750,764,1166,1171
765,766,1167,1200
766,764,1167,1294
764,765,1167,1171
711,767,1168,1199
767,713,1168,1169
767,715,1169,1170
767,750,1170,1172
750,765,1171,1172
767,765,1172,1199
751,615,1173,1174
751,443,1174,1175
751,444,1175,1187
444,441,1176,1177
444,440,1177,1178
768,440,1178,1286
444,768,1178,1179
769,768,1179,1293
444,769,1179,1180
770,769,1180,1301
444,770,1180,1181
771,770,1181,1191
444,771,1181,1182
772,771,1182,1190
444,772,1182,1183
773,772,1183,1190
444,773,1183,1184
774,773,1184,1189
444,774,1184,1185
775,774,1185,1188
444,775,1185,1187
753,775,1186,1188
775,751,1186,1187
753,774,1188,1189
753,773,1189,1198
773,771,1190,1198
776,770,1191,1301
771,776,1191,1192
777,776,1192,1306
771,777,1192,1193
778,777,1193,1280
771,778,1193,1194
763,778,1194,1280
771,763,1194,1195
771,755,1195,1196
771,754,1196,1197
771,753,1197,1198
711,765,1199,1200
711,766,1200,1201
779,766,1201,1294
711,779,1201,1202
780,779,1202,1300
711,780,1202,1203
781,780,1203,1332
711,781,1203,1204
782,781,1204,1331
711,782,1204,1208
709,783,1205,3323
783,782,1205,1334
782,709,1205,1206
782,710,1206,1207
782,712,1207,1208
367,366,1209,1256
366,364,1210,1211
366,362,1211,1212
366,360,1212,1213
366,361,1213,1257
361,359,1214,1258
359,357,1215,1259
357,352,1216,1217
357,353,1217,1260
353,349,1218,1219
353,350,1219,1220
353,351,1220,1221
353,487,1221,1222
353,347,1222,1223
353,348,1223,1261
348,345,1224,1262
345,341,1225,1226
345,342,1226,1263
342,483,1227,1228
342,339,1228,1229
342,340,1229,1264
340,337,1230,1265
337,335,1231,1232
337,333,1232,1266
334,331,1233,1234
334,330,1234,1235
334,329,1235,1236
334,328,1236,1237
334,327,1237,1238
784,327,1238,3287
334,784,1238,1239
785,784,1239,3297
334,785,1239,1268
786,787,1240,1480
787,785,1240,1726
785,786,1240,1268
788,789,1241,1479
789,786,1241,1480
786,788,1241,1269
790,791,1242,1477
791,792,1242,1478
792,790,1242,1271
793,794,1243,1476
794,790,1243,1477
790,793,1243,1244
795,793,1244,1475
790,795,1244,1272
796,797,1245,1474
797,795,1245,1475
795,796,1245,1246
798,796,1246,1473
795,798,1246,1273
382,798,1247,1472
798,383,1247,1248
798,379,1248,1249
798,380,1249,1274
380,376,1250,1275
377,374,1251,1277
374,372,1252,1278
372,370,1253,1254
372,368,1254,1255
372,369,1255,1279
369,366,1256,1257
369,361,1257,1258
369,359,1258,1259
369,357,1259,1260
369,353,1260,1261
369,348,1261,1262
369,345,1262,1263
369,342,1263,1264
369,340,1264,1265
369,337,1265,1266
369,333,1266,1267
369,334,1267,1279
334,786,1268,1269
334,788,1269,1270
792,788,1270,1478
334,792,1270,1271
334,790,1271,1272
334,795,1272,1273
334,798,1273,1274
334,380,1274,1275
334,376,1275,1276
334,377,1276,1277
334,374,1277,1278
334,372,1278,1279
763,777,1280,1281
799,777,1281,1306
763,799,1281,1282
800,799,1282,1351
763,800,1282,1285
801,802,1283,1296
802,800,1283,1350
800,801,1283,1285
764,801,1284,1295
801,763,1284,1285
768,439,1286,1287
768,437,1287,1288
768,438,1288,1289
768,762,1289,1290
803,762,1290,1359
768,803,1290,1291
804,803,1291,1364
768,804,1291,1292
805,804,1292,1343
768,805,1292,1293
769,805,1293,1302
779,764,1294,1295
779,801,1295,1296
779,802,1296,1297
806,802,1297,1350
779,806,1297,1300
807,808,1298,1323
808,806,1298,1324
806,807,1298,1299
780,807,1299,1323
806,780,1299,1300
776,769,1301,1302
776,805,1302,1303
809,805,1303,1343
776,809,1303,1304
810,809,1304,1349
776,810,1304,1305
799,810,1305,1352
776,799,1305,1306
811,725,1307,3313
724,811,1307,1318
812,813,1308,3315
813,811,1308,3314
811,812,1308,1309
814,812,1309,1374
811,814,1309,1319
815,816,1310,-16569
816,814,1310,1374
814,815,1310,1319
817,818,1311,1420
818,819,1311,1439
819,817,1311,1321
820,821,1312,1520
821,817,1312,1420
817,820,1312,1322
822,823,1313,1522
823,820,1313,1521
820,822,1313,1314
824,822,1314,1523
820,824,1314,1315
722,824,1315,-1
820,722,1315,1316
820,723,1316,1317
820,724,1317,1318
820,811,1318,1322
811,815,1319,1320
819,815,1320,-16569
811,819,1320,1321
811,817,1321,1322
780,808,1323,1333
825,806,1324,1358
808,825,1324,1325
826,825,1325,1394
808,826,1325,1326
827,826,1326,1402
808,827,1326,1327
828,827,1327,1381
808,828,1327,1328
829,828,1328,1337
808,829,1328,1329
830,829,1329,1336
808,830,1329,1330
831,830,1330,1336
808,831,1330,1333
782,831,1331,1335
831,781,1331,1332
831,780,1332,1333
783,832,1334,3323
832,782,1334,1335
832,831,1335,1341
831,829,1336,1337
831,828,1337,1342
833,834,1338,-8667
834,828,1338,1382
828,833,1338,1342
835,836,1339,1385
836,833,1339,-8667
833,835,1339,1340
832,835,1340,3322
833,832,1340,1341
833,831,1341,1342
809,804,1343,1344
837,804,1344,1364
809,837,1344,1345
838,837,1345,1409
809,838,1345,1346
839,838,1346,1408
809,839,1346,1347
840,839,1347,1407
809,840,1347,1348
841,840,1348,1411
809,841,1348,1349
810,841,1349,1353
806,800,1350,1351
806,799,1351,1352
806,810,1352,1353
806,841,1353,1354
842,841,1354,1411
806,842,1354,1358
843,844,1355,1396
844,842,1355,1419
842,843,1355,1356
845,843,1356,1395
842,845,1356,1357
825,845,1357,1394
842,825,1357,1358
803,761,1359,1360
803,760,1360,1361
803,759,1361,1362
846,759,1362,1457
803,846,1362,1363
837,846,1363,1403
803,837,1363,1364
847,848,1365,3317
848,812,1365,3316
812,847,1365,1366
849,847,1366,1377
812,849,1366,1367
850,849,1367,1450
812,850,1367,1368
851,850,1368,1545
812,851,1368,1369
852,851,1369,1586
812,852,1369,1370
853,852,1370,1585
812,853,1370,1371
854,853,1371,1442
812,854,1371,1372
855,854,1372,1443
812,855,1372,1373
816,855,1373,1437
812,816,1373,1374
856,857,1375,3344
857,858,1375,3318
858,856,1375,1376
847,856,1376,3355
858,847,1376,1377
858,849,1377,1388
859,860,1378,1452
860,849,1378,1451
849,859,1378,1389
861,862,1379,1454
862,859,1379,1453
859,861,1379,1390
827,863,1380,1402
863,864,1380,1444
864,827,1380,1381
864,828,1381,1382
864,834,1382,1383
865,834,1383,-8667
864,865,1383,1384
836,865,1384,-8667
864,836,1384,1391
858,835,1385,3321
836,858,1385,1386
866,858,1386,1388,290
836,866,1386,1387
867,866,1387,1393,290
836,867,1387,1392
866,849,1388,1389
866,859,1389,1390
866,861,1390,1393
864,861,1391,1444
861,836,1391,1392
861,867,1392,1393
826,845,1394,1395
826,843,1395,1396
826,844,1396,1397
868,844,1397,1418
826,868,1397,1398
869,868,1398,1465
826,869,1398,1399
870,869,1399,1465
826,870,1399,1400
871,870,1400,1446
826,871,1400,1401
863,871,1401,1445
826,863,1401,1402
872,846,1403,1464
837,872,1403,1409
873,874,1404,1543
874,875,1404,1544
875,873,1404,1405
876,873,1405,1413
875,876,1405,1406
840,876,1406,1412
875,840,1406,1407
875,839,1407,1408
875,838,1408,1410
838,872,1409,1410
875,872,1410,1537
842,840,1411,1412
842,876,1412,1419
877,873,1413,1543
876,877,1413,1414
878,877,1414,1588
876,878,1414,1415
879,878,1415,1562
876,879,1415,1416
880,879,1416,1466
876,880,1416,1417
868,880,1417,1466
876,868,1417,1418
876,844,1418,1419
818,821,1420,1421
881,821,1421,1520
818,881,1421,1422
882,881,1422,1519
818,882,1422,1423
883,882,1423,1518
818,883,1423,1424
884,883,1424,1431,234
818,884,1424,1425
885,884,1425,1430,234
818,885,1425,1426
886,885,1426,1430,234
818,886,1426,1427
887,886,1427,1429,234
818,887,1427,1428
888,887,1428,1429,234
818,888,1428,1440
888,886,1429,1441
886,884,1430,1431
886,883,1431,1432
889,883,1432,1507
886,889,1432,1433
890,889,1433,1506
886,890,1433,1434
891,890,1434,1505
886,891,1434,1435
892,891,1435,1583
886,892,1435,1436
853,892,1436,1584
886,853,1436,1441
893,816,1437,-1978
855,893,1437,1438
819,893,1438,-1978
855,819,1438,1439
855,818,1439,1440
855,888,1440,1443
888,853,1441,1442
888,854,1442,1443
861,863,1444,1445
861,871,1445,1455
894,870,1446,1471
871,894,1446,1447
895,894,1447,1470
871,895,1447,1456
896,897,1448,1595
897,895,1448,1469
895,896,1448,1449
898,896,1449,1546
895,898,1449,1456
850,898,1450,1545
898,849,1450,1451
898,860,1451,1452
898,859,1452,1453
898,862,1453,1454
898,861,1454,1455
898,871,1455,1456
846,758,1457,1458
846,757,1458,1459
899,757,1459,1555
846,899,1459,1460
900,899,1460,1554
846,900,1460,1461
901,900,1461,1557
846,901,1461,1462
902,901,1462,1557
846,902,1462,1463
903,902,1463,1538
846,903,1463,1464
872,903,1464,1537
870,868,1465,1471
868,879,1466,1467
904,879,1467,1569
868,904,1467,1468
897,904,1468,1595
868,897,1468,1469
868,895,1469,1470
868,894,1470,1471
381,798,1472,1473
381,796,1473,1474
381,797,1474,1494
797,793,1475,1476
797,794,1476,1495
794,791,1477,1496
791,788,1478,1479
791,789,1479,1497
789,787,1480,1481
905,787,1481,1735
789,905,1481,1482
395,905,1482,1727
789,395,1482,1483
789,396,1483,1484
789,397,1484,1485
789,393,1485,1486
789,394,1486,1487
789,391,1487,1488
789,392,1488,1498
392,388,1489,1490
392,389,1490,1499
389,387,1491,1492
389,385,1492,1493
389,384,1493,1499
384,797,1494,1495
384,794,1495,1496
384,791,1496,1497
384,789,1497,1498
384,392,1498,1499
906,907,1500,1680
907,908,1500,1780
908,906,1500,1501
909,906,1501,1681
908,909,1501,1502
910,909,1502,1682
908,910,1502,1503
911,910,1503,1683
908,911,1503,1534
891,912,1504,1582
912,913,1504,1673
913,891,1504,1505
913,890,1505,1506
913,889,1506,1525
914,883,1507,1517,234
889,914,1507,1526
915,916,1508,1516,234
916,914,1508,1517,234
914,915,1508,1527
917,918,1509,1515,234
918,915,1509,1516,234
915,917,1509,1528
919,920,1510,1514,234
920,917,1510,1515,234
917,919,1510,1511
921,919,1511,1513,234
917,921,1511,1529
922,923,1512,1535,234
923,921,1512,1513,234
921,922,1512,1530
923,919,1513,1514
923,920,1514,1531
920,918,1515,1531
918,916,1516,1532
916,883,1517,1518
916,882,1518,1519
916,881,1519,1532
881,820,1520,1521
881,823,1521,1522
881,822,1522,1523
881,824,1523,1524
908,824,1524,-1
881,908,1524,1533
913,911,1525,1684
911,889,1525,1526
911,914,1526,1527
911,915,1527,1528
911,917,1528,1529
911,921,1529,1530
911,922,1530,1534
923,918,1531,1536
918,881,1532,1533
918,908,1533,1536
908,922,1534,1535
908,923,1535,1536
875,903,1537,1538
875,902,1538,1539
924,902,1539,1561
875,924,1539,1540
925,924,1540,1626
875,925,1540,1541
926,925,1541,1589
875,926,1541,1542
877,926,1542,1588
875,877,1542,1544
877,874,1543,1544
851,898,1545,1546
851,896,1546,1550
927,928,1547,1571
928,896,1547,1605
896,927,1547,1550
929,930,1548,1570
930,927,1548,1571
927,929,1548,1549
851,929,1549,1570
927,851,1549,1550
757,403,1551,1555
931,932,1552,1559
932,933,1552,1625
933,931,1552,1553
900,931,1553,1558
933,900,1553,1554
933,899,1554,1556
899,403,1555,1556
933,403,1556,1618
902,900,1557,1558
902,931,1558,1561
934,932,1559,1624
931,934,1559,1560
924,934,1560,1626
931,924,1560,1561
935,878,1562,1594
879,935,1562,1563
936,935,1563,1594
879,936,1563,1564
937,936,1564,1651
879,937,1564,1565
938,937,1565,1631
879,938,1565,1566
939,938,1566,1631
879,939,1566,1567
940,939,1567,1637
879,940,1567,1568
941,940,1568,1597
879,941,1568,1569
904,941,1569,1596
851,930,1570,1587
930,928,1571,1572
942,928,1572,1604
930,942,1572,1573
943,942,1573,1603
930,943,1573,1587
944,945,1574,1601
945,943,1574,1602
943,944,1574,1575
946,944,1575,1707
943,946,1575,1576
947,946,1576,1717
943,947,1576,1577
948,947,1577,1762
943,948,1577,1578
949,948,1578,1762
943,949,1578,1579
950,949,1579,1769
943,950,1579,1580
951,950,1580,1674
943,951,1580,1581
912,951,1581,1673
943,912,1581,1582
943,891,1582,1583
943,892,1583,1584
943,853,1584,1585
943,852,1585,1586
943,851,1586,1587
878,926,1588,1589
878,925,1589,1590
952,925,1590,1630
878,952,1590,1591
953,952,1591,1656
878,953,1591,1592
954,953,1592,1638
878,954,1592,1593
936,954,1593,1638
878,936,1593,1594
896,904,1595,1596
896,941,1596,1597
896,940,1597,1598
955,940,1598,1637
896,955,1598,1599
956,955,1599,1665
896,956,1599,1605
944,957,1600,1707
957,956,1600,1671
956,944,1600,1601
956,945,1601,1602
956,943,1602,1603
956,942,1603,1604
956,928,1604,1605
291,590,1606,1617
590,587,1607,1608
590,588,1608,1617
588,585,1609,1610
588,584,1610,1611
295,584,1611,1960
588,295,1611,1612
588,296,1612,1613
588,293,1613,1614
588,294,1614,1615
588,292,1615,1616
588,291,1616,1617
933,402,1618,1619
933,401,1619,1620
958,401,1620,1663
933,958,1620,1621
959,958,1621,1662
933,959,1621,1622
960,959,1622,1661
933,960,1622,1623
961,960,1623,1686
933,961,1623,1625
934,961,1624,1627
961,932,1624,1625
925,934,1626,1627
925,961,1627,1628
962,961,1628,1695
925,962,1628,1629
963,962,1629,1694
925,963,1629,1630
952,963,1630,1654
939,937,1631,1632
964,937,1632,1650
939,964,1632,1633
965,964,1633,1649
939,965,1633,1634
966,965,1634,1648
939,966,1634,1635
967,966,1635,1666
939,967,1635,1636
955,967,1636,1665
939,955,1636,1637
936,953,1638,1639
968,953,1639,1656
936,968,1639,1652
969,970,1640,1693
970,968,1640,1655
968,969,1640,1641
971,969,1641,1754
968,971,1641,1642
972,971,1642,1739
968,972,1642,1643
973,972,1643,1739
968,973,1643,1652
974,975,1644,1751
975,973,1644,1752
973,974,1644,1653
976,977,1645,1750
977,974,1645,1751
974,976,1645,1646
978,976,1646,1749
974,978,1646,1647
966,978,1647,1667
974,966,1647,1648
974,965,1648,1649
974,964,1649,1650
974,937,1650,1651
974,936,1651,1653
936,973,1652,1653
970,963,1654,1693
952,970,1654,1655
952,968,1655,1656
401,399,1657,1664
979,980,1658,1697
980,399,1658,1698
399,979,1658,1659
981,979,1659,1696
399,981,1659,1664
960,982,1660,1686
982,981,1660,1696
981,960,1660,1661
981,959,1661,1662
981,958,1662,1663
981,401,1663,1664
956,967,1665,1666
956,966,1666,1667
956,978,1667,1668
983,978,1668,1748
956,983,1668,1669
984,983,1669,1791
956,984,1669,1672
985,986,1670,1709
986,984,1670,1800
984,985,1670,1672
957,985,1671,1708
985,956,1671,1672
913,951,1673,1684
987,950,1674,1768
951,987,1674,1675
988,987,1675,1823
951,988,1675,1676
80,988,1676,1822
951,80,1676,1677
951,79,1677,1678
989,79,1678,1781
951,989,1678,1685
907,990,1679,1780
990,989,1679,1781
989,907,1679,1680
989,906,1680,1681
989,909,1681,1682
989,910,1682,1683
989,911,1683,1685
911,951,1684,1685
961,982,1686,1687
991,982,1687,1705
961,991,1687,1688
992,991,1688,1704
961,992,1688,1689
993,992,1689,1718
961,993,1689,1690
994,993,1690,1718
961,994,1690,1691
995,994,1691,1755
961,995,1691,1692
969,995,1692,1754
961,969,1692,1695
969,963,1693,1694
969,962,1694,1695
982,979,1696,1697
982,980,1697,1705
980,398,1698,1699
996,398,1699,1728
980,996,1699,1700
997,996,1700,1729
980,997,1700,1701
998,997,1701,1730
980,998,1701,1702
999,998,1702,1773
980,999,1702,1703
1000,999,1703,1720
980,1000,1703,1706
992,1000,1704,1719
1000,991,1704,1706
991,980,1705,1706
946,957,1707,1708
946,985,1708,1709
946,986,1709,1710
1001,986,1710,1799
946,1001,1710,1711
1002,1001,1711,1798
946,1002,1711,1712
1003,1002,1712,1797
946,1003,1712,1713
1004,1003,1713,1797
946,1004,1713,1714
1005,1004,1714,2006
946,1005,1714,1715
1006,1005,1715,2005
946,1006,1715,1716
1007,1006,1716,1764
946,1007,1716,1717
947,1007,1717,1763
994,992,1718,1719
994,1000,1719,1725
1008,999,1720,1774
1000,1008,1720,1721
1009,1008,1721,1775
1000,1009,1721,1722
1010,1009,1722,1804
1000,1010,1722,1725
1011,1012,1723,1810
1012,1010,1723,1811
1010,1011,1723,1724
994,1011,1724,1756
1010,994,1724,1725
785,1013,1726,3298
1013,787,1726,1734
905,398,1727,1728
905,996,1728,1729
905,997,1729,1730
905,998,1730,1731
1014,998,1731,1772
905,1014,1731,1736
1015,1013,1732,1733,333
1013,1016,1732,1801
1016,1015,1732,1737
1015,1017,1733,1738,333
1017,1013,1733,1734
1017,787,1734,1735
1017,905,1735,1736
1017,1014,1736,1738
1016,1014,1737,1801
1014,1015,1737,1738
973,971,1739,1740
1018,971,1740,1760
973,1018,1740,1741
1019,1018,1741,1833
973,1019,1741,1742
1020,1019,1742,1832
973,1020,1742,1743
1021,1020,1743,2015
973,1021,1743,1744
1022,1021,1744,1989
973,1022,1744,1745
1023,1022,1745,1990
973,1023,1745,1746
1024,1023,1746,1991
973,1024,1746,1752
983,1025,1747,1791
1025,1024,1747,1976
1024,983,1747,1748
1024,978,1748,1749
1024,976,1749,1750
1024,977,1750,1753
977,975,1751,1753
975,1024,1752,1753
971,995,1754,1755
971,994,1755,1756
971,1011,1756,1757
1026,1011,1757,1809
971,1026,1757,1758
1027,1026,1758,1808
971,1027,1758,1761
1028,1029,1759,1825
1029,1027,1759,1826
1027,1028,1759,1761
1018,1028,1760,1825
1028,971,1760,1761
949,947,1762,1763
949,1007,1763,1764
949,1006,1764,1765
1030,1006,1765,2005
949,1030,1765,1770
1031,1032,1766,1813
1032,1030,1766,2004
1030,1031,1766,1770
987,1033,1767,1823
1033,1034,1767,1812
1034,987,1767,1768
1034,950,1768,1769
1034,949,1769,1771
949,1031,1770,1771
1034,1031,1771,1812
1014,1035,1772,1802
1035,998,1772,1773
1035,999,1773,1774
1035,1008,1774,1779
1036,1009,1775,1804
1008,1036,1775,1776
1037,1036,1776,3278
1008,1037,1776,1777
1038,1037,1777,3305,333
1008,1038,1777,1778
1039,1038,1778,3304,333
1008,1039,1778,1779
1035,1039,1779,3304,333
908,990,1780,1789
990,79,1781,1782
990,2,1782,1783
990,1,1783,1784
990,0,1784,1790
0,4,1785,1786
0,6,1786,1790
6,8,1787,1788
908,8,1788,-1
6,908,1788,1789
6,990,1789,1790
984,1025,1791,1792
1040,1025,1792,1976
984,1040,1792,1793
1041,1040,1793,1977
984,1041,1793,1794
1042,1041,1794,1978
984,1042,1794,1795
1043,1042,1795,1995
984,1043,1795,1796
1004,1043,1796,2006
984,1004,1796,1800
1004,1002,1797,1798
1004,1001,1798,1799
1004,986,1799,1800
1013,1014,1801,1802
1013,1035,1802,1803
1044,1035,1803,3299,333
1013,1044,1803,3298,333
1010,1036,1804,1805
1045,1036,1805,3279
1010,1045,1805,1811
1046,1047,1806,1828
1047,1045,1806,2025
1045,1046,1806,1807
1027,1046,1807,1827
1045,1027,1807,1808
1045,1026,1808,1809
1045,1011,1809,1810
1045,1012,1810,1811
1033,1031,1812,1813
1033,1032,1813,1814
1048,1032,1814,2003
1033,1048,1814,1815
1049,1048,1815,2002
1033,1049,1815,1816
74,1049,1816,2128
1033,74,1816,1817
1033,73,1817,1818
1033,75,1818,1819
1033,77,1819,1820
1033,76,1820,1821
1033,78,1821,1824
78,988,1822,1824
988,1033,1823,1824
1018,1029,1825,1826
1018,1027,1826,1827
1018,1046,1827,1828
1018,1047,1828,1829
1050,1047,1829,2034
1018,1050,1829,1830
1051,1050,1830,2034
1018,1051,1830,1834
1052,1053,1831,2009
1053,1051,1831,2035
1051,1052,1831,1834
1020,1054,1832,2015
1054,1019,1832,1833
1054,1018,1833,1836
1018,1052,1834,1835
1055,1052,1835,2008
1018,1055,1835,1836
1054,1055,1836,2008
1037,1056,1837,3305
1056,1057,1837,3301
1057,1037,1837,3278,333
1058,297,1838,1910
298,1058,1838,1839
1059,1058,1839,1909
298,1059,1839,1840
1060,1059,1840,1908
298,1060,1840,1841
1061,1060,1841,1908
298,1061,1841,1843
299,1061,1842,1907
1061,300,1842,1843
1062,295,1844,1972
297,1062,1844,1845
1063,1062,1845,1971
297,1063,1845,1846
1064,1063,1846,1970
297,1064,1846,1910
1065,1066,1847,1969
1066,1064,1847,1970
1064,1065,1847,1848
1067,1065,1848,2484
1064,1067,1848,1849
1068,1067,1849,2520
1064,1068,1849,1850
1069,1068,1850,2546
1064,1069,1850,1851
1070,1069,1851,2545
1064,1070,1851,1852
1071,1070,1852,2544
1064,1071,1852,1911
1072,1073,1853,2543
1073,1071,1853,2544
1071,1072,1853,1854
1074,1072,1854,2542
1071,1074,1854,1912
1075,1076,1855,2541
1076,1074,1855,2542
1074,1075,1855,1913
1077,1078,1856,2540
1078,1075,1856,2541
1075,1077,1856,1913
1079,1080,1857,2555
1080,1077,1857,2540
1077,1079,1857,1858
1081,1079,1858,2539
1077,1081,1858,1859
1082,1081,1859,2538
1077,1082,1859,1943
1083,1084,1860,2536
1084,1085,1860,2537
1085,1083,1860,1914
1086,1087,1861,2534
1087,1083,1861,2535
1083,1086,1861,1915
1088,1089,1862,2552
1089,1086,1862,2534
1086,1088,1862,1863
1090,1088,1863,2533
1086,1090,1863,1916
1091,1092,1864,2532
1092,1090,1864,2533
1090,1091,1864,1865
1093,1091,1865,2948
1090,1093,1865,1866
1094,1093,1866,2947
1090,1094,1866,1867
1095,1094,1867,2431
1090,1095,1867,1917
1096,1097,1868,2430
1097,1095,1868,2431
1095,1096,1868,1869
1098,1096,1869,2429
1095,1098,1869,1917
1099,1100,1870,2424
1100,1101,1870,2425
1101,1099,1870,1920
1102,1103,1871,2422
1103,1099,1871,2423
1099,1102,1871,1921
1104,1105,1872,2421
1105,1102,1872,2422
1102,1104,1872,1921
1106,1107,1873,2417
1107,1108,1873,2418
1108,1106,1873,1950
1109,1110,1874,2414
1110,1111,1874,2415
1111,1109,1874,1955
1112,1113,1875,2451
1113,1114,1875,2452
1114,1112,1875,1924
1115,1116,1876,2450
1116,1112,1876,2451
1112,1115,1876,1877
1117,1115,1877,2449
1112,1117,1877,1924
1118,1119,1878,2448
1119,1117,1878,2449
1117,1118,1878,1879
1120,1118,1879,2447
1117,1120,1879,1925
1121,1122,1880,2446
1122,1120,1880,2447
1120,1121,1880,1926
1123,1124,1881,2444
1124,1125,1881,2445
1125,1123,1881,1927
1126,1127,1882,2693
1127,1123,1882,2443
1123,1126,1882,1928
1128,1129,1883,2707
1129,1126,1883,2708
1126,1128,1883,1947
1130,1131,1884,2704
1131,1132,1884,2705
1132,1130,1884,1885
1133,1130,1885,2778
1132,1133,1885,1886
1134,1133,1886,2088
1132,1134,1886,1887
1135,1134,1887,2088
1132,1135,1887,1888
1136,1135,1888,2087
1132,1136,1888,1929
1137,1138,1889,2086
1138,1136,1889,2087
1136,1137,1889,1890
1139,1137,1890,2085
1136,1139,1890,1930
1140,1141,1891,2084
1141,1139,1891,2085
1139,1140,1891,1931
1142,1143,1892,2121
1143,1140,1892,2084
1140,1142,1892,1893
1144,1142,1893,2083
1140,1144,1893,1894
1145,1144,1894,2082
1140,1145,1894,1932
1146,1147,1895,2081
1147,1145,1895,2082
1145,1146,1895,1933
1148,1149,1896,2079
1149,1146,1896,2080
1146,1148,1896,1934
316,1150,1897,2076
1150,1151,1897,2077
1151,316,1897,1898
1151,313,1898,1899
1151,314,1899,1936
314,311,1900,1901
314,312,1901,1937
312,309,1902,1938
1152,307,1903,2018
306,1152,1903,1904
1153,1152,1904,2018
306,1153,1904,1905
1154,1153,1905,2017
306,1154,1905,1940
301,1154,1906,2016
1154,299,1906,1907
1154,1061,1907,1941
1061,1059,1908,1909
1061,1058,1909,1941
1058,1064,1910,1911
1058,1071,1911,1912
1058,1074,1912,1942
1074,1077,1913,1954
1085,1082,1914,2537
1082,1083,1914,1915
1082,1086,1915,1916
1082,1090,1916,1943
1090,1098,1917,1918
1155,1098,1918,2428
1090,1155,1918,1919
1156,1155,1919,2427
1090,1156,1919,1944
1101,1157,1920,2425
1157,1099,1920,1945
1099,1104,1921,1922
1158,1104,1922,2420
1099,1158,1922,1923
1108,1158,1923,2419
1099,1108,1923,1949
1114,1117,1924,1925
1114,1120,1925,1926
1114,1121,1926,1946
1125,1121,1927,2445
1121,1123,1927,1928
1121,1126,1928,1953
1132,1128,1929,2706
1128,1136,1929,1930
1128,1139,1930,1931
1128,1140,1931,1932
1128,1145,1932,1933
1128,1146,1933,1934
1128,1148,1934,1935
1151,1148,1935,2078
1128,1151,1935,1936
1128,314,1936,1937
1128,312,1937,1938
1128,309,1938,1939
1128,306,1939,1940
1128,1154,1940,1947
1154,1058,1941,1942
1154,1074,1942,1957
1077,1090,1943,1944
1077,1156,1944,1948
1157,1156,1945,2426
1156,1099,1945,1948
1114,1159,1946,2452
1159,1121,1946,1952
1126,1154,1947,1953
1077,1099,1948,1949
1077,1108,1949,1950
1077,1106,1950,1951
1111,1106,1951,2416
1077,1111,1951,1954
1159,1160,1952,2453
1160,1121,1952,1956
1121,1154,1953,1956
1074,1111,1954,1955
1074,1109,1955,1957
1160,1154,1956,1959
1154,1109,1957,1958
1161,1109,1958,2413
1154,1161,1958,1959
1160,1161,1959,2413
295,583,1960,1961
295,580,1961,1972
581,577,1962,1963
581,578,1963,1974
578,576,1964,1965
578,574,1965,1966
578,575,1966,1967
1162,575,1967,2474
578,1162,1967,1968
1065,1162,1968,2485
578,1065,1968,1969
578,1066,1969,1975
1066,1063,1970,1971
1066,1062,1971,1975
1062,580,1972,1973
1062,581,1973,1974
1062,578,1974,1975
1024,1040,1976,1977
1024,1041,1977,1992
1163,1042,1978,1995
1041,1163,1978,1979
1164,1163,1979,2165
1041,1164,1979,1980
1165,1164,1980,2164
1041,1165,1980,1993
1166,1167,1981,1982,235
1167,1165,1981,2164
1165,1166,1981,1993
1166,1168,1982,1994,235
1168,1167,1982,1983
1169,1167,1983,3274
1168,1169,1983,1984
1170,1169,1984,2240
1168,1170,1984,1985
1171,1170,1985,2228
1168,1171,1985,1986
1172,1171,1986,2071
1168,1172,1986,1987
1173,1172,1987,2013
1168,1173,1987,1988
1021,1173,1988,2014
1168,1021,1988,1989
1168,1022,1989,1990
1168,1023,1990,1991
1168,1024,1991,1992
1168,1041,1992,1994
1041,1166,1993,1994
1043,1163,1995,1996
1174,1163,1996,2165
1043,1174,1996,1997
1175,1174,1997,2166
1043,1175,1997,1998
1176,1175,1998,2157
1043,1176,1998,1999
1177,1176,1999,2163
1043,1177,1999,2000
1178,1177,2000,2129
1043,1178,2000,2001
1049,1178,2001,2128
1043,1049,2001,2002
1043,1048,2002,2003
1043,1032,2003,2004
1043,1030,2004,2007
1030,1005,2005,2007
1005,1043,2006,2007
1054,1052,2008,2009
1054,1053,2009,2010
1179,1053,2010,2039
1054,1179,2010,2011
1180,1179,2011,2066
1054,1180,2011,2012
1172,1180,2012,2071
1054,1172,2012,2013
1054,1173,2013,2014
1054,1021,2014,2015
302,1154,2016,2017
302,1153,2017,2024
1153,307,2018,2019
1153,308,2019,2020
1153,482,2020,2021
1153,303,2021,2022
1153,304,2022,2024
304,302,2023,2024
1181,1045,2025,3280
1047,1181,2025,2026
1182,1181,2026,3281
1047,1182,2026,2027
1183,1182,2027,2065
1047,1183,2027,2028
1184,1183,2028,2064
1047,1184,2028,2029
1185,1184,2029,2063
1047,1185,2029,2030
1186,1185,2030,2182
1047,1186,2030,2031
1187,1186,2031,2192
1047,1187,2031,2032
1188,1187,2032,2191
1047,1188,2032,2033
1051,1188,2033,2035
1047,1051,2033,2034
1053,1188,2035,2036
1189,1188,2036,2190
1053,1189,2036,2037
1190,1189,2037,2223
1053,1190,2037,2038
1191,1190,2038,2227
1053,1191,2038,2039
1179,1191,2039,2066
1192,1193,2040,3284
1193,1194,2040,3283
1194,1192,2040,2053
325,1192,2041,3284
1192,322,2041,2054
1195,323,2042,2108
322,1195,2042,2043
1196,1195,2043,2195
322,1196,2043,2044
1197,1196,2044,2215
322,1197,2044,2045
1198,1197,2045,2287
322,1198,2045,2046
1199,1198,2046,2302
322,1199,2046,2047
1200,1199,2047,2176
322,1200,2047,2048
1201,1200,2048,2181
322,1201,2048,2049
1202,1201,2049,2175
322,1202,2049,2050
1203,1202,2050,2175
322,1203,2050,2051
1204,1203,2051,2057
322,1204,2051,2054
1194,1205,2052,2056
1205,1204,2052,2057
1204,1194,2052,2053
1204,1192,2053,2054
1194,1206,2055,3283
1206,1182,2055,3282
1182,1194,2055,2056
1182,1205,2056,2065
1205,1203,2057,2058
1207,1203,2058,2180
1205,1207,2058,2059
1208,1207,2059,2179
1205,1208,2059,2060
1209,1208,2060,2178
1205,1209,2060,2061
1210,1209,2061,2183
1205,1210,2061,2062
1185,1210,2062,2182
1205,1185,2062,2063
1205,1184,2063,2064
1205,1183,2064,2065
1180,1191,2066,2067
1211,1191,2067,2227
1180,1211,2067,2068
1212,1211,2068,2226
1180,1212,2068,2069
1213,1212,2069,2229
1180,1213,2069,2070
1171,1213,2070,2228
1180,1171,2070,2071
323,321,2072,2073
323,320,2073,2074
323,319,2074,2075
323,318,2075,2109
317,1150,2076,2077
317,1151,2077,2078
317,1148,2078,2079
317,1149,2079,2080
317,1146,2080,2081
317,1147,2081,2127
1147,1144,2082,2083
1147,1142,2083,2125
1143,1141,2084,2110
1141,1137,2085,2086
1141,1138,2086,2110
1138,1135,2087,2111
1135,1133,2088,2089
1214,1133,2089,2777
1135,1214,2089,2090
1215,1214,2090,2684
1135,1215,2090,2091
1216,1215,2091,2683
1135,1216,2091,2092
1217,1216,2092,2614
1135,1217,2092,2093
1218,1217,2093,2614
1135,1218,2093,2094
1219,1218,2094,2613
1135,1219,2094,2095
1220,1219,2095,2612
1135,1220,2095,2096
1221,1220,2096,2611
1135,1221,2096,2112
1222,1223,2097,2617
1223,1224,2097,2618
1224,1222,2097,2114
1225,1226,2098,2512
1226,1222,2098,2616
1222,1225,2098,2115
1227,1228,2099,2206
1228,1225,2099,2511
1225,1227,2099,2100
1229,1227,2100,2205
1225,1229,2100,2116
1230,1231,2101,2204
1231,1229,2101,2205
1229,1230,2101,2117
1232,1233,2102,2202
1233,1230,2102,2203
1230,1232,2102,2118
1234,1235,2103,2200
1235,1236,2103,2201
1236,1234,2103,2104
1237,1234,2104,2199
1236,1237,2104,2126
1238,1239,2105,2197
1239,1237,2105,2198
1237,1238,2105,2124
1240,1241,2106,2196
1241,1238,2106,2197
1238,1240,2106,2119
1195,1242,2107,2195
1242,1240,2107,2196
1240,1195,2107,2108
1240,323,2108,2109
1240,318,2109,2119
1143,1138,2110,2111
1143,1135,2111,2112
1143,1221,2112,2113
1243,1221,2113,2611
1143,1243,2113,2121
1224,1243,2114,2618
1243,1222,2114,2115
1243,1225,2115,2116
1243,1229,2116,2117
1243,1230,2117,2118
1243,1232,2118,2122
1238,318,2119,2120
1238,317,2120,2124
1142,1243,2121,2122
1142,1232,2122,2123
1236,1232,2123,2201
1142,1236,2123,2125
1237,317,2124,2126
1147,1236,2125,2127
1236,317,2126,2127
74,1178,2128,2151
1244,1177,2129,2163
1178,1244,2129,2130
1245,1244,2130,2241
1178,1245,2130,2131
1246,1245,2131,2250
1178,1246,2131,2132
1247,1246,2132,2249
1178,1247,2132,2133
1248,1247,2133,2248
1178,1248,2133,2152
1249,1250,2134,2247
1250,1248,2134,2248
1248,1249,2134,2135
1251,1249,2135,2246
1248,1251,2135,2153
1252,1253,2136,2297
1253,1251,2136,2246
1251,1252,2136,2154
57,1252,2137,2296
1252,56,2137,2138
1252,59,2138,2139
1254,59,2139,-38626
1252,1254,2139,2155
60,1254,2140,-38626
1254,64,2140,2141
1254,63,2141,2156
63,84,2142,2143
63,67,2143,2144
63,66,2144,2145
63,65,2145,2146
63,69,2146,2147
63,68,2147,2148
63,71,2148,2149
63,70,2149,2156
70,74,2150,2151
70,1178,2151,2152
70,1248,2152,2153
70,1251,2153,2154
70,1252,2154,2155
70,1254,2155,2156
1255,1175,2157,2167
1176,1255,2157,2158
1256,1255,2158,2168
1176,1256,2158,2159
1257,1256,2159,2255
1176,1257,2159,2160
1258,1257,2160,-483
1176,1258,2160,2161
1259,1258,2161,2242
1176,1259,2161,2162
1244,1259,2162,2241
1176,1244,2162,2163
1167,1164,2164,2174
1164,1174,2165,2166
1164,1175,2166,2167
1164,1255,2167,2168
1164,1256,2168,2169
1260,1256,2169,2254
1164,1260,2169,2170
1261,1260,2170,2254
1164,1261,2170,2171
1262,1261,2171,2269
1164,1262,2171,2172
1263,1262,2172,3267,235
1164,1263,2172,2173
1264,1263,2173,3267,235
1164,1264,2173,2174
1167,1264,2174,3275,235
1203,1201,2175,2180
1265,1199,2176,2306
1200,1265,2176,2177
1209,1265,2177,2184
1200,1209,2177,2178
1200,1208,2178,2179
1200,1207,2179,2181
1207,1201,2180,2181
1186,1210,2182,2183
1186,1209,2183,2184
1186,1265,2184,2185
1266,1265,2185,2306
1186,1266,2185,2186
1267,1266,2186,2314
1186,1267,2186,2187
1268,1267,2187,2327
1186,1268,2187,2192
1269,1270,2188,2231
1270,1271,2188,2307
1271,1269,2188,2189
1272,1269,2189,2224
1271,1272,2189,2194
1189,1272,2190,2223
1272,1188,2190,2191
1272,1187,2191,2194
1187,1268,2192,2193
1271,1268,2193,2307
1187,1271,2193,2194
1196,1242,2195,2216
1242,1241,2196,2217
1241,1239,2197,2198
1241,1237,2198,2199
1241,1234,2199,2200
1241,1235,2200,2218
1235,1232,2201,2202
1235,1233,2202,2203
1235,1230,2203,2204
1235,1231,2204,2219
1231,1227,2205,2220
1273,1228,2206,2510
1227,1273,2206,2207
1274,1273,2207,2335
1227,1274,2207,2208
1275,1274,2208,2386
1227,1275,2208,2209
1276,1275,2209,2385
1227,1276,2209,2210
1277,1276,2210,2384
1227,1277,2210,2211
1278,1277,2211,2383
1227,1278,2211,2212
1279,1278,2212,2382
1227,1279,2212,2220
1280,1281,2213,2381
1281,1279,2213,2382
1279,1280,2213,2221
1282,1283,2214,2283
1283,1280,2214,2381
1280,1282,2214,2221
1197,1282,2215,2283
1282,1196,2215,2216
1282,1242,2216,2217
1282,1241,2217,2218
1282,1235,2218,2219
1282,1231,2219,2222
1231,1279,2220,2222
1279,1282,2221,2222
1190,1272,2223,2224
1190,1269,2224,2225
1212,1269,2225,2230
1190,1212,2225,2226
1190,1211,2226,2227
1170,1213,2228,2229
1170,1212,2229,2230
1170,1269,2230,2231
1170,1270,2231,2232
1284,1270,2232,2312
1170,1284,2232,2233
1285,1284,2233,2348
1170,1285,2233,2234
1286,1285,2234,2359
1170,1286,2234,2235
1287,1286,2235,2358
1170,1287,2235,2236
1288,1287,2236,2365
1170,1288,2236,2237
1289,1288,2237,2365
1170,1289,2237,2238
1290,1289,2238,2275
1170,1290,2238,2239
1291,1290,2239,2275
1170,1291,2239,2240
1169,1291,2240,3274
1245,1259,2241,2250
1292,1258,2242,-483
1259,1292,2242,2243
1293,1292,2243,2301
1259,1293,2243,2251
1294,1295,2244,2299
1295,1293,2244,2300
1293,1294,2244,2245
1253,1294,2245,2298
1293,1253,2245,2252
1253,1249,2246,2247
1253,1250,2247,2253
1250,1247,2248,2249
1250,1246,2249,2253
1246,1259,2250,2251
1246,1293,2251,2252
1246,1253,2252,2253
1261,1256,2254,2255
1261,1257,2255,2256
1296,1257,2256,-1763
1261,1296,2256,2257
1292,1296,2257,-38626
1261,1292,2257,2270
1297,1298,2258,2399
1298,1299,2258,2288
1299,1297,2258,2259
1300,1297,2259,2379
1299,1300,2259,2260
1301,1300,2260,2278
1299,1301,2260,2272
1302,1303,2261,3270
1303,1301,2261,3271
1301,1302,2261,2272
1262,1304,2262,3268
1304,1302,2262,3269
1302,1262,2262,2263
1305,1262,2263,2268,235
1302,1305,2263,2264
1306,1305,2264,2267,235
1302,1306,2264,2265
1307,1306,2265,2266,235
1302,1307,2265,2273
1307,1308,2266,2274,235
1308,1306,2266,2267
1308,1305,2267,2268
1308,1262,2268,2269
1308,1261,2269,2270
1308,1292,2270,2271
1299,1292,2271,2288
1308,1299,2271,2274
1299,1302,2272,2273
1299,1307,2273,2274
1291,1289,2275,2282
1309,1310,2276,2371
1310,1289,2276,2370
1289,1309,2276,2277
1300,1309,2277,2371
1289,1300,2277,2278
1289,1301,2278,2279
1311,1301,2279,3272
1289,1311,2279,2280
1312,1311,2280,3273
1289,1312,2280,2282
1291,1313,2281,3277
1313,1312,2281,3273
1312,1291,2281,2282
1197,1283,2283,2284
1314,1283,2284,2332
1197,1314,2284,2285
1315,1314,2285,2332
1197,1315,2285,2286
1316,1315,2286,2331
1197,1316,2286,2287
1198,1316,2287,2302
1292,1298,2288,2289
1317,1298,2289,2399
1292,1317,2289,2290
51,1317,2290,2405
1292,51,2290,2291
1292,52,2291,2292
1292,53,2292,2293
1292,55,2293,2294
1292,54,2294,2301
54,57,2295,2296
54,1252,2296,2297
54,1253,2297,2298
54,1294,2298,2299
54,1295,2299,2300
54,1293,2300,2301
1199,1316,2302,2303
1318,1316,2303,2331
1199,1318,2303,2304
1319,1318,2304,2315
1199,1319,2304,2305
1266,1319,2305,2314
1199,1266,2305,2306
1270,1268,2307,2308
1320,1268,2308,2327
1270,1320,2308,2309
1321,1320,2309,2326
1270,1321,2309,2313
1322,1323,2310,2349
1323,1321,2310,2362
1321,1322,2310,2313
1284,1324,2311,2348
1324,1322,2311,2349
1322,1284,2311,2312
1322,1270,2312,2313
1267,1319,2314,2328
1325,1318,2315,2346
1319,1325,2315,2316
1326,1325,2316,2345
1319,1326,2316,2329
1327,1328,2317,2343
1328,1326,2317,2344
1326,1327,2317,2318
1329,1327,2318,2342
1326,1329,2318,2319
1330,1329,2319,2570
1326,1330,2319,2320
1331,1330,2320,2499
1326,1331,2320,2321
1332,1331,2321,2498
1326,1332,2321,2322
1333,1332,2322,2497
1326,1333,2322,2323
1334,1333,2323,2406
1326,1334,2323,2324
1335,1334,2324,2351
1326,1335,2324,2325
1336,1335,2325,2350
1326,1336,2325,2330
1321,1336,2326,2350
1336,1320,2326,2330
1320,1267,2327,2328
1320,1319,2328,2329
1320,1326,2329,2330
1318,1315,2331,2347
1315,1283,2332,2333
1337,1283,2333,2389
1315,1337,2333,2347
1274,1338,2334,2387
1338,1337,2334,2388
1337,1274,2334,2335
1337,1273,2335,2336
1339,1273,2336,2510
1337,1339,2336,2337
1340,1339,2337,2517
1337,1340,2337,2338
1341,1340,2338,2516
1337,1341,2338,2339
1342,1341,2339,2589
1337,1342,2339,2340
1343,1342,2340,2560
1337,1343,2340,2341
1329,1343,2341,2560
1337,1329,2341,2342
1337,1327,2342,2343
1337,1328,2343,2344
1337,1326,2344,2345
1337,1325,2345,2346
1337,1318,2346,2347
1285,1324,2348,2360
1324,1323,2349,2361
1321,1335,2350,2363
1344,1334,2351,2411
1335,1344,2351,2352
1345,1344,2352,2410
1335,1345,2352,2363
1346,1347,2353,2505
1347,1348,2353,2408
1348,1346,2353,2354
1349,1346,2354,2587
1348,1349,2354,2355
1350,1349,2355,2466
1348,1350,2355,2356
1351,1350,2356,2391
1348,1351,2356,2357
1287,1351,2357,2366
1348,1287,2357,2358
1348,1286,2358,2359
1348,1285,2359,2360
1348,1324,2360,2361
1348,1323,2361,2362
1348,1321,2362,2364
1321,1345,2363,2364
1348,1345,2364,2409
1289,1287,2365,2366
1289,1351,2366,2367
1352,1351,2367,2390
1289,1352,2367,2368
1353,1352,2368,2390
1289,1353,2368,2369
1354,1353,2369,2398
1289,1354,2369,2370
1310,1354,2370,2372
1300,1310,2371,2372
1300,1354,2372,2373
1355,1354,2373,2398
1300,1355,2373,2380
1356,1357,2374,2396
1357,1355,2374,2397
1355,1356,2374,2375
1358,1356,2375,2489
1355,1358,2375,2380
1359,1360,2376,2495
1360,1358,2376,2496
1358,1359,2376,2377
1361,1359,2377,2401
1358,1361,2377,2378
1297,1361,2378,2400
1358,1297,2378,2379
1358,1300,2379,2380
1283,1281,2381,2389
1281,1278,2382,2383
1281,1277,2383,2384
1281,1276,2384,2385
1281,1275,2385,2386
1281,1274,2386,2387
1281,1338,2387,2388
1281,1337,2388,2389
1353,1351,2390,2391
1353,1350,2391,2392
1362,1350,2392,2467
1353,1362,2392,2393
1363,1362,2393,2468
1353,1363,2393,2394
1364,1363,2394,2469
1353,1364,2394,2395
1356,1364,2395,2489
1353,1356,2395,2396
1353,1357,2396,2397
1353,1355,2397,2398
1317,1297,2399,2400
1317,1361,2400,2401
1317,1359,2401,2402
47,1359,2402,2494
1317,47,2402,2403
1317,49,2403,2404
1317,50,2404,2405
1365,1333,2406,2497
1334,1365,2406,2411
1347,1366,2407,2506
1366,1367,2407,2507
1367,1347,2407,2408
1367,1348,2408,2409
1367,1345,2409,2410
1367,1344,2410,2412
1344,1365,2411,2412
1367,1365,2412,2508
1160,1109,2413,2414
1160,1110,2414,2415
1160,1111,2415,2416
1160,1106,2416,2417
1160,1107,2417,2418
1160,1108,2418,2419
1160,1158,2419,2420
1160,1104,2420,2421
1160,1105,2421,2454
1105,1103,2422,2423
1105,1099,2423,2424
1105,1100,2424,2455
1100,1157,2425,2426
1100,1156,2426,2427
1100,1155,2427,2428
1100,1098,2428,2429
1100,1096,2429,2430
1100,1097,2430,2456
1097,1094,2431,2432
1368,1094,2432,2946
1097,1368,2432,2433
1369,1368,2433,2946
1097,1369,2433,2434
1370,1369,2434,2809
1097,1370,2434,2435
1371,1370,2435,2700
1097,1371,2435,2436
1372,1371,2436,2700
1097,1372,2436,2437
1373,1372,2437,2699
1097,1373,2437,2438
1374,1373,2438,2699
1097,1374,2438,2439
1375,1374,2439,2698
1097,1375,2439,2457
1376,1377,2440,2696
1377,1375,2440,2697
1375,1376,2440,2441
1378,1376,2441,2695
1375,1378,2441,2457
1127,1379,2442,2693
1379,1378,2442,2694
1378,1127,2442,2443
1378,1123,2443,2444
1378,1124,2444,2458
1124,1121,2445,2446
1124,1122,2446,2459
1122,1118,2447,2448
1122,1119,2448,2460
1119,1115,2449,2450
1119,1116,2450,2461
1116,1113,2451,2462
1113,1159,2452,2453
1113,1160,2453,2454
1113,1105,2454,2455
1113,1100,2455,2456
1113,1097,2456,2462
1097,1378,2457,2458
1097,1124,2458,2459
1097,1122,2459,2460
1097,1119,2460,2461
1097,1116,2461,2462
1380,1381,2463,3265,331
1381,1382,2463,3266,331
1382,1380,2463,2473
1383,1384,2464,2581
1384,1380,2464,3264,331
1380,1383,2464,2465
1385,1383,2465,2581
1380,1385,2465,2473
1349,1385,2466,2588
1385,1350,2466,2467
1385,1362,2467,2468
1385,1363,2468,2469
1385,1364,2469,2470
1386,1364,2470,2490
1385,1386,2470,2471
1387,1386,2471,2573
1385,1387,2471,2472
1382,1387,2472,2572
1385,1382,2472,2473
1162,573,2474,2475
1162,571,2475,2476
1162,572,2476,2485
572,568,2477,2486
569,567,2478,2488
567,565,2479,2480
1388,565,2480,2747
567,1388,2480,2481
1389,1388,2481,2763
567,1389,2481,2482
1390,1389,2482,2521
567,1390,2482,2483
1067,1390,2483,2520
567,1067,2483,2484
567,1065,2484,2488
1065,572,2485,2486
1065,568,2486,2487
1065,569,2487,2488
1358,1364,2489,2490
1358,1386,2490,2496
1391,1392,2491,2575
1392,1386,2491,2574
1386,1391,2491,2492
48,1391,2492,2601
1386,48,2492,2493
1386,47,2493,2494
1386,1359,2494,2495
1386,1360,2495,2496
1365,1332,2497,2498
1365,1331,2498,2509
1393,1330,2499,2569
1331,1393,2499,2500
1394,1393,2500,2568
1331,1394,2500,2509
1395,1396,2501,2625
1396,1394,2501,2567
1394,1395,2501,2502
1397,1395,2502,2626
1394,1397,2502,2503
1398,1397,2503,2607
1394,1398,2503,2504
1346,1398,2504,2586
1394,1346,2504,2505
1394,1347,2505,2506
1394,1366,2506,2507
1394,1367,2507,2508
1394,1365,2508,2509
1339,1228,2510,2511
1339,1225,2511,2512
1339,1226,2512,2513
1399,1226,2513,2616
1339,1399,2513,2518
1400,1401,2514,2591
1401,1399,2514,2682
1399,1400,2514,2518
1341,1402,2515,2589
1402,1403,2515,2590
1403,1341,2515,2516
1403,1340,2516,2517
1403,1339,2517,2519
1339,1400,2518,2519
1403,1400,2519,2590
1068,1390,2520,2546
1404,1389,2521,2814
1390,1404,2521,2522
1405,1404,2522,2830
1390,1405,2522,2523
1406,1405,2523,2829
1390,1406,2523,2524
1407,1406,2524,2828
1390,1407,2524,2525
1408,1407,2525,2827
1390,1408,2525,2526
1409,1408,2526,2826
1390,1409,2526,2547
1410,1411,2527,2824
1411,1409,2527,2825
1409,1410,2527,2548
1412,1413,2528,2821
1413,1414,2528,2822
1414,1412,2528,2529
1415,1412,2529,-1
1414,1415,2529,2530
1416,1415,2530,3080
1414,1416,2530,2531
1417,1416,2531,3079
1414,1417,2531,2550
1091,1417,2532,2949
1417,1092,2532,2550
1092,1088,2533,2551
1089,1087,2534,2535
1089,1083,2535,2536
1089,1084,2536,2553
1084,1082,2537,2538
1084,1081,2538,2539
1084,1079,2539,2554
1080,1078,2540,2556
1078,1076,2541,2557
1076,1072,2542,2543
1076,1073,2543,2558
1073,1070,2544,2545
1073,1069,2545,2559
1069,1390,2546,2547
1069,1409,2547,2548
1069,1410,2548,2549
1414,1410,2549,2823
1069,1414,2549,2559
1414,1092,2550,2551
1414,1088,2551,2552
1414,1089,2552,2553
1414,1084,2553,2554
1414,1079,2554,2555
1414,1080,2555,2556
1414,1078,2556,2557
1414,1076,2557,2558
1414,1073,2558,2559
1329,1342,2560,2561
1418,1342,2561,2596
1329,1418,2561,2570
1419,1420,2562,2642
1420,1418,2562,2595
1418,1419,2562,2563
1421,1419,2563,2649
1418,1421,2563,2564
1422,1421,2564,2673
1418,1422,2564,2565
1423,1422,2565,2623
1418,1423,2565,2566
1396,1423,2566,2624
1418,1396,2566,2567
1418,1394,2567,2568
1418,1393,2568,2569
1418,1330,2569,2570
1424,1425,2571,3198,331
1425,1426,2571,3199,331
1426,1424,2571,2578
1382,1424,2572,3197,331
1424,1387,2572,2573
1424,1386,2573,2574
1424,1392,2574,2575
1424,1391,2575,2579
1427,1428,2576,2599
1428,1391,2576,2600
1391,1427,2576,2579
1429,1430,2577,2598
1430,1427,2577,2599
1427,1429,2577,2580
1426,1429,2578,2597
1429,1424,2578,2580
1424,1427,2579,2580
1385,1384,2581,2582
1431,1384,2582,3178,331
1385,1431,2582,2583
1432,1431,2583,3177,331
1385,1432,2583,2584
1433,1432,2584,3176,331
1385,1433,2584,2588
1398,1434,2585,2608
1434,1433,2585,3176,331
1433,1398,2585,2586
1433,1346,2586,2587
1433,1349,2587,2588
1342,1402,2589,2596
1402,1400,2590,2591
1402,1401,2591,2592
1435,1401,2592,2692
1402,1435,2592,2593
1436,1435,2593,2643
1402,1436,2593,2594
1420,1436,2594,2642
1402,1420,2594,2595
1402,1418,2595,2596
1426,1437,2597,3165,331
1437,1429,2597,2598
1437,1430,2598,2606
1430,1428,2599,2600
1430,1391,2600,2601
1430,48,2601,2602
1430,46,2602,2603
1430,45,2603,2604
1430,44,2604,2606
1437,43,2605,3169,331
44,1437,2605,2606
1397,1438,2607,2627
1438,1398,2607,2608
1438,1434,2608,2609
1439,1434,2609,3158,331
1438,1439,2609,2610
1440,1439,2610,3163,331
1438,1440,2610,2628
1243,1220,2611,2612
1243,1219,2612,2613
1243,1218,2613,2619
1218,1216,2614,2615
1399,1216,2615,2682
1218,1399,2615,2620
1399,1222,2616,2617
1399,1223,2617,2620
1223,1243,2618,2619
1223,1218,2619,2620
1441,1442,2621,3145
1442,1443,2621,3155,331
1443,1441,2621,2622
1444,1441,2622,2674
1443,1444,2622,2629
1422,1444,2623,2674
1444,1423,2623,2624
1444,1396,2624,2625
1444,1395,2625,2626
1444,1397,2626,2627
1444,1438,2627,2628
1444,1440,2628,2629
1443,1440,2629,3156,331
1445,1446,2630,-38626
1446,1447,2630,-38626
1447,1445,2630,2631
1448,1445,2631,-38626
1447,1448,2631,2632
1449,1448,2632,-38626
1447,1449,2632,2633
1450,1449,2633,-38626
1447,1450,2633,2639
1451,1452,2634,-38626
1452,1450,2634,-38626
1450,1451,2634,2635
1453,1451,2635,-38626
1450,1453,2635,2640
1454,1455,2636,-38626
1455,1456,2636,-38626
1456,1454,2636,2637
1457,1454,2637,-38626
1456,1457,2637,2641
1447,1458,2638,-38626
1458,1457,2638,-38626
1457,1447,2638,2639
1457,1450,2639,2640
1457,1453,2640,2641
1456,1453,2641,-38626
1419,1436,2642,2643
1419,1435,2643,2644
1459,1435,2644,2691
1419,1459,2644,2645
1460,1459,2645,2690
1419,1460,2645,2646
1461,1460,2646,2726
1419,1461,2646,2647
1462,1461,2647,2729
1419,1462,2647,2648
1463,1462,2648,2671
1419,1463,2648,2649
1421,1463,2649,2672
7,10,2650,2657
11,15,2651,2652
11,14,2652,2653
11,13,2653,2659
13,81,2654,2655
13,19,2655,2656
1464,19,2656,-1
13,1464,2656,2659
7,1464,2657,-1
1464,10,2657,2658
1464,11,2658,2659
1465,1466,2660,3160
1466,1467,2660,3261
1467,1465,2660,2661
1468,1465,2661,3161
1467,1468,2661,2662
1469,1468,2662,3161
1467,1469,2662,2663
1470,1469,2663,3152
1467,1470,2663,2664
1471,1470,2664,3153
1467,1471,2664,2665
1472,1471,2665,2715
1467,1472,2665,2666
1473,1472,2666,2731
1467,1473,2666,2667
1474,1473,2667,2730
1467,1474,2667,2668
1475,1474,2668,2730
1467,1475,2668,2669
1476,1475,2669,3194
1467,1476,2669,3195
1462,1477,2670,2729
1477,1478,2670,2774
1478,1462,2670,2671
1478,1463,2671,2672
1478,1421,2672,2673
1478,1422,2673,2681
1422,1441,2674,2675
1479,1441,2675,3145
1422,1479,2675,2676
1480,1479,2676,3148,331
1422,1480,2676,2677
1481,1480,2677,3146
1422,1481,2677,2678
1482,1481,2678,3146
1422,1482,2678,2679
1483,1482,2679,3149,331
1422,1483,2679,2680
1484,1483,2680,3149,331
1422,1484,2680,2681
1478,1484,2681,2774
1401,1216,2682,2683
1401,1215,2683,2684
1401,1214,2684,2685
1485,1214,2685,2777
1401,1485,2685,2686
1486,1485,2686,2782
1401,1486,2686,2687
1487,1486,2687,2795
1401,1487,2687,2688
1488,1487,2688,2738
1401,1488,2688,2689
1489,1488,2689,2738
1401,1489,2689,2692
1460,1489,2690,2726
1489,1459,2690,2691
1489,1435,2691,2692
1126,1379,2693,2694
1126,1378,2694,2695
1126,1376,2695,2696
1126,1377,2696,2697
1126,1375,2697,2698
1126,1374,2698,2709
1374,1372,2699,2709
1372,1370,2700,2701
1490,1370,2701,2808
1372,1490,2701,2702
1491,1490,2702,2808
1372,1491,2702,2703
1130,1491,2703,2779
1372,1130,2703,2704
1372,1131,2704,2705
1372,1132,2705,2706
1372,1128,2706,2707
1372,1129,2707,2708
1372,1126,2708,2709
1492,1480,2710,3148
1480,1493,2710,3147,331
1493,1492,2710,2724
1442,1479,2711,3145,331
1479,1492,2711,3148
1492,1442,2711,2712
1494,1442,2712,3155
1492,1494,2712,2713
1495,1494,2713,3154
1492,1495,2713,2714
1471,1495,2714,3153
1492,1471,2714,2715
1492,1472,2715,2716
1496,1472,2716,2731
1492,1496,2716,2717
1497,1496,2717,2838
1492,1497,2717,2718
1498,1497,2718,2839
1492,1498,2718,2719
1499,1498,2719,2865
1492,1499,2719,2720
1500,1499,2720,2859
1492,1500,2720,2725
1501,1502,2721,2785
1502,1500,2721,2786
1500,1501,2721,2722
1503,1501,2722,2784
1500,1503,2722,2725
1493,1482,2723,3147,331
1482,1503,2723,3150
1503,1493,2723,2724
1503,1492,2724,2725
1461,1489,2726,2727
1504,1489,2727,2744
1461,1504,2727,2728
1477,1504,2728,2773
1461,1477,2728,2729
1475,1473,2730,2737
1473,1496,2731,2732
1505,1496,2732,2838
1473,1505,2732,2733
1506,1505,2733,2853
1473,1506,2733,2734
1507,1506,2734,2853
1473,1507,2734,2735
1508,1507,2735,3192
1473,1508,2735,2736
1509,1508,2736,3193
1473,1509,2736,2737
1475,1509,2737,3193
1489,1487,2738,2739
1510,1487,2739,2798
1489,1510,2739,2745
1511,1512,2740,2807
1512,1510,2740,2800
1510,1511,2740,2741
1513,1511,2741,2799
1510,1513,2741,2745
1514,1515,2742,2771
1515,1516,2742,2806
1516,1514,2742,2743
1504,1514,2743,2772
1516,1504,2743,2744
1516,1489,2744,2746
1489,1513,2745,2746
1516,1513,2746,2799
1388,562,2747,2748
1388,563,2748,2764
563,559,2749,2750
563,560,2750,2765
560,557,2751,2752
560,556,2752,2753
560,555,2753,2754
560,553,2754,2755
1517,553,2755,-1
560,1517,2755,2756
1518,1517,2756,2819
560,1518,2756,2757
1519,1518,2757,2819
560,1519,2757,2758
1520,1519,2758,2818
560,1520,2758,2759
1521,1520,2759,2817
560,1521,2759,2760
1522,1521,2760,2816
560,1522,2760,2765
1523,1524,2761,2815
1524,1522,2761,2816
1522,1523,2761,2762
1389,1523,2762,2814
1522,1389,2762,2763
1522,1388,2763,2764
1522,563,2764,2765
1525,1526,2766,2791
1526,1527,2766,3144,331
1527,1525,2766,2767
1528,1525,2767,2794
1527,1528,2767,2776
1529,1530,2768,2881
1530,1528,2768,2790
1528,1529,2768,2769
1531,1529,2769,2873
1528,1531,2769,2770
1515,1531,2770,2805
1528,1515,2770,2771
1528,1514,2771,2772
1528,1504,2772,2773
1528,1477,2773,2776
1477,1484,2774,2775
1527,1484,2775,3144,331
1477,1527,2775,2776
1485,1133,2777,2778
1485,1130,2778,2779
1485,1491,2779,2780
1532,1491,2780,2813
1485,1532,2780,2782
1486,1533,2781,2795
1533,1532,2781,2851
1532,1486,2781,2782
1503,1534,2783,3151
1534,1526,2783,3143
1526,1503,2783,2784
1526,1501,2784,2785
1526,1502,2785,2786
1526,1500,2786,2787
1535,1500,2787,2859
1526,1535,2787,2788
1536,1535,2788,-16602
1526,1536,2788,2789
1537,1536,2789,-10988
1526,1537,2789,2792
1530,1537,2790,2881
1537,1528,2790,2793
1538,1526,2791,2792,331
1525,1538,2791,2794
1538,1537,2792,2793
1538,1528,2793,2794
1487,1533,2795,2796
1539,1533,2796,2850
1487,1539,2796,2797
1540,1539,2797,2801
1487,1540,2797,2798
1510,1540,2798,2800
1516,1511,2799,2806
1512,1540,2800,2801
1512,1539,2801,2802
1541,1539,2802,2849
1512,1541,2802,2803
1542,1541,2803,2866
1512,1542,2803,2804
1531,1542,2804,2866
1512,1531,2804,2805
1512,1515,2805,2807
1515,1511,2806,2807
1491,1370,2808,2809
1491,1369,2809,2810
1543,1369,2810,2956
1491,1543,2810,2811
1544,1543,2811,2845
1491,1544,2811,2812
1545,1544,2812,2844
1491,1545,2812,2813
1532,1545,2813,2844
1404,1523,2814,2815
1404,1524,2815,2831
1524,1521,2816,2817
1524,1520,2817,2818
1524,1519,2818,2831
1519,1517,2819,2820
1412,1517,2820,-1
1519,1412,2820,2821
1519,1413,2821,2822
1519,1414,2822,2823
1519,1410,2823,2824
1519,1411,2824,2825
1519,1409,2825,2826
1519,1408,2826,2827
1519,1407,2827,2828
1519,1406,2828,2829
1519,1405,2829,2830
1519,1404,2830,2831
83,39,2832,2837
1546,38,2833,3172
39,1546,2833,2837
34,1547,2834,3223
1547,1546,2834,3173
1546,34,2834,2835
1546,37,2835,2836
1546,83,2836,2837
1505,1497,2838,2839
1505,1498,2839,2840
1548,1498,2840,2865
1505,1548,2840,2841
1549,1548,2841,2909
1505,1549,2841,2842
1550,1549,2842,2908
1505,1550,2842,2843
1551,1550,2843,2855
1505,1551,2843,2854
1532,1544,2844,2852
1552,1543,2845,2955
1544,1552,2845,2846
1553,1552,2846,2954
1544,1553,2846,2847
1554,1553,2847,2874
1544,1554,2847,2852
1541,1555,2848,2867
1555,1554,2848,2874
1554,1541,2848,2849
1554,1539,2849,2850
1554,1533,2850,2851
1554,1532,2851,2852
1507,1505,2853,2854
1507,1551,2854,2858
1556,1550,2855,2903
1551,1556,2855,2856
1557,1556,2856,2900
1551,1557,2856,2857
1558,1557,2857,3191
1551,1558,2857,2858
1507,1558,2858,3192
1499,1535,2859,2860
1559,1535,2860,2896
1499,1559,2860,2861
1560,1559,2861,2895
1499,1560,2861,2862
1561,1560,2862,2894
1499,1561,2862,2863
1562,1561,2863,2985
1499,1562,2863,2864
1548,1562,2864,2909
1499,1548,2864,2865
1531,1541,2866,2873
1563,1555,2867,2880
1541,1563,2867,2868
1564,1563,2868,2976
1541,1564,2868,2869
1565,1564,2869,2975
1541,1565,2869,2870
1566,1565,2870,2965
1541,1566,2870,2871
1567,1566,2871,2883
1541,1567,2871,2872
1529,1567,2872,2882
1541,1529,2872,2873
1555,1553,2874,2875
1568,1553,2875,2953
1555,1568,2875,2876
1569,1568,2876,2953
1555,1569,2876,2877
1570,1569,2877,2952
1555,1570,2877,2878
1571,1570,2878,3069
1555,1571,2878,2879
1572,1571,2879,2970
1555,1572,2879,2880
1563,1572,2880,2970
1537,1529,2881,2882
1537,1567,2882,2883
1537,1566,2883,2884
1573,1566,2884,2965
1537,1573,2884,2885
1574,1573,2885,2958
1537,1574,2885,2886
1575,1574,2886,2890
1537,1575,2886,2888
1576,1577,2887,2889
1577,1575,2887,2890
1575,1576,2887,2888
1537,1576,2888,-8423
1576,1535,2889,-8423
1535,1577,2889,2896
1577,1574,2890,2891
1578,1574,2891,2964
1577,1578,2891,2892
1579,1578,2892,3025
1577,1579,2892,2893
1561,1579,2893,2984
1577,1561,2893,2894
1577,1560,2894,2895
1577,1559,2895,2896
1580,1581,2897,3142,331
1581,1582,2897,3140,331
1582,1580,2897,2902
1583,1584,2898,3138,331
1584,1580,2898,3139,331
1580,1583,2898,2899
1556,1583,2899,2903
1580,1556,2899,2900
1580,1557,2900,2901
1585,1557,2901,3191
1580,1585,2901,2902
1582,1585,2902,3190
1550,1583,2903,2904
1586,1583,2904,3129,331
1550,1586,2904,2905
1587,1586,2905,3129,331
1550,1587,2905,2906
1588,1587,2906,2978
1550,1588,2906,2907
1589,1588,2907,2977
1550,1589,2907,2908
1549,1589,2908,2911
1549,1562,2909,2910
1590,1562,2910,2986
1549,1590,2910,2911
1589,1590,2911,2977
36,1591,2912,3225
1591,33,2912,2913
1591,31,2913,2927
32,28,2914,2915
32,29,2915,2916
22,29,2916,2934
32,22,2916,2929
22,21,2917,2930
21,18,2918,2919
1592,18,2919,-1
21,1592,2919,2920
1593,1592,2920,3114
21,1593,2920,2921
1594,1593,2921,3098
21,1594,2921,2922
1595,1594,2922,3098
21,1595,2922,2923
1596,1595,2923,3001
21,1596,2923,2924
1597,1596,2924,3233
21,1597,2924,2930
1591,1598,2925,3232
1598,1597,2925,3233
1597,1591,2925,2926
1599,1591,2926,2927,32
1597,1599,2926,2931
1599,31,2927,2928
1599,32,2928,2929
1599,22,2929,2931
22,1597,2930,2931
82,26,2932,2937
26,29,2933,2934
26,22,2934,2935
26,24,2935,2936
26,23,2936,2937
1600,543,2938,-1
544,1600,2938,2939
1601,1600,2939,3083
544,1601,2939,2940
550,1601,2940,3087
544,550,2940,2945
550,548,2941,2942
550,546,2942,2943
550,547,2943,2945
547,544,2944,2945
1369,1094,2946,2947
1369,1093,2947,2948
1369,1091,2948,2957
1602,1417,2949,3079
1091,1602,2949,2950
1603,1602,2950,3106
1091,1603,2950,2951
1570,1603,2951,3070
1091,1570,2951,2952
1091,1569,2952,2957
1569,1553,2953,2954
1569,1552,2954,2955
1569,1543,2955,2956
1569,1369,2956,2957
1604,1573,2958,2969
1574,1604,2958,2959
1605,1604,2959,2968
1574,1605,2959,2960
1606,1605,2960,3038
1574,1606,2960,2961
1607,1606,2961,3068
1574,1607,2961,2962
1608,1607,2962,3057
1574,1608,2962,2963
1609,1608,2963,-213
1574,1609,2963,2964
1578,1609,2964,-213
1573,1565,2965,2966
1610,1565,2966,2975
1573,1610,2966,2967
1611,1610,2967,2974
1573,1611,2967,2969
1605,1611,2968,3032
1611,1604,2968,2969
1563,1571,2970,2971
1612,1571,2971,3069
1563,1612,2971,2972
1613,1612,2972,3073
1563,1613,2972,2973
1611,1613,2973,3032
1563,1611,2973,2974
1563,1610,2974,2976
1610,1564,2975,2976
1590,1588,2977,2987
1614,1587,2978,3128,331
1588,1614,2978,2979
1615,1614,2979,3121
1588,1615,2979,2980
1616,1615,2980,3120
1588,1616,2980,2981
1617,1616,2981,3014
1588,1617,2981,2982
1618,1617,2982,3013
1588,1618,2982,2988
1619,1620,2983,3026
1620,1618,2983,3013
1618,1619,2983,2988
1579,1619,2984,3025
1619,1561,2984,2985
1619,1562,2985,2986
1619,1590,2986,2987
1619,1588,2987,2988
1621,1622,2989,3256
1622,1596,2989,3234
1596,1621,2989,2990
1623,1621,2990,3235
1596,1623,2990,3001
1624,1625,2991,3236
1625,1623,2991,3235
1623,1624,2991,3002
1626,1627,2992,3237
1627,1624,2992,3236
1624,1626,2992,3003
1628,1629,2993,3132
1629,1626,2993,3237
1626,1628,2993,2994
1630,1628,2994,3011
1626,1630,2994,2995
1631,1630,2995,3049
1626,1631,2995,2996
1632,1631,2996,3049
1626,1632,2996,3003
1633,1634,2997,3054
1634,1632,2997,3055
1632,1633,2997,2998
1635,1633,2998,3111
1632,1635,2998,2999
1636,1635,2999,3093
1632,1636,2999,3000
1595,1636,3000,3093
1632,1595,3000,3004
1595,1623,3001,3002
1595,1624,3002,3004
1624,1632,3003,3004
1637,1638,3005,3126
1638,1639,3005,3134
1639,1637,3005,3006
1640,1637,3006,-3028
1639,1640,3006,3007
1641,1640,3007,-3028
1639,1641,3007,3012
1642,1643,3008,-1
1643,1641,3008,3040
1641,1642,3008,3009
1644,1642,3009,3051
1641,1644,3009,3010
1630,1644,3010,3050
1641,1630,3010,3011
1641,1628,3011,3012
1639,1628,3012,3133
1620,1617,3013,3014
1620,1616,3014,3015
1645,1616,3015,3119
1620,1645,3015,3016
1646,1645,3016,3119
1620,1646,3016,3017
1647,1646,3017,3022,331
1620,1647,3017,3018
1648,1647,3018,3028,331
1620,1648,3018,3019
1649,1648,3019,3021,331
1620,1649,3019,3020
1650,1649,3020,3021,331
1620,1650,3020,3027
1650,1648,3021,3030
1651,1646,3022,3042
1647,1651,3022,3023
1652,1651,3023,3061
1647,1652,3023,3028
1653,1608,3024,-16617
1608,1652,3024,3057
1652,1653,3024,3031
1578,1619,3025,3026
1578,1620,3026,3027
1578,1650,3027,3029
1648,1652,3028,3030
1578,1653,3029,-16617
1653,1650,3029,3031
1650,1652,3030,3031
1605,1613,3032,3033
1654,1613,3033,3073
1605,1654,3033,3034
1655,1654,3034,3099
1605,1655,3034,3035
1656,1655,3035,3105
1605,1656,3035,3036
1657,1656,3036,3088
1605,1657,3036,3039
1658,1659,3037,3062
1659,1657,3037,3074
1657,1658,3037,3039
1606,1658,3038,3062
1658,1605,3038,3039
1641,1660,3040,-1765
1660,1643,3040,3041
1661,1643,3041,-1
1660,1661,3041,3048
1662,1646,3042,3123,331
1651,1662,3042,3046
1663,1664,3043,3122,331
1664,1662,3043,3123,331
1662,1663,3043,3047
1637,1614,3044,3127
1614,1663,3044,3122,331
1663,1637,3044,3045
1660,1637,3045,-1765
1663,1660,3045,3047
1651,1661,3046,3061
1661,1662,3046,3048
1662,1660,3047,3048
1632,1630,3049,3050
1632,1644,3050,3051
1632,1642,3051,3052
1665,1642,3052,-1
1632,1665,3052,3056
1666,1667,3053,3112
1667,1665,3053,3113
1665,1666,3053,3056
1633,1666,3054,3111
1666,1634,3054,3055
1666,1632,3055,3056
1652,1607,3057,3058
1668,1607,3058,3067
1652,1668,3058,3059
1669,1668,3059,3066
1652,1669,3059,3060
1661,1669,3060,-1
1652,1661,3060,3061
1606,1659,3062,3063
1670,1659,3063,3074
1606,1670,3063,3068
1671,1672,3064,3077
1672,1670,3064,3078
1670,1671,3064,3065
1669,1671,3065,-1
1670,1669,3065,3066
1670,1668,3066,3067
1670,1607,3067,3068
1612,1570,3069,3070
1612,1603,3070,3071
1673,1603,3071,3110
1612,1673,3071,3072
1654,1673,3072,3099
1612,1654,3072,3073
1670,1657,3074,3075
1674,1657,3075,3092
1670,1674,3075,3076
1675,1674,3076,3092
1670,1675,3076,3078
1671,1675,3077,-1
1675,1672,3077,3078
1602,1416,3079,3080
1602,1415,3080,3082
1676,1677,3081,3107
1677,1415,3081,-1
1415,1676,3081,3082
1602,1676,3082,3106
1678,1600,3083,-1
1601,1678,3083,3087
554,1678,3084,-1
1678,552,3084,3085
1678,549,3085,3086
1678,550,3086,3087
1679,1656,3088,3104
1657,1679,3088,3089
1680,1679,3089,3103
1657,1680,3089,3090
1681,1680,3090,3102
1657,1681,3090,3091
1675,1681,3091,-1
1657,1675,3091,3092
1595,1635,3093,3094
1682,1635,3094,3116
1595,1682,3094,3095
1683,1682,3095,3116
1595,1683,3095,3096
1684,1683,3096,3115
1595,1684,3096,3097
1593,1684,3097,3114
1595,1593,3097,3098
1655,1673,3099,3100
1685,1673,3100,3109
1655,1685,3100,3101
1686,1685,3101,3108
1655,1686,3101,3105
1681,1686,3102,-1
1686,1680,3102,3103
1686,1679,3103,3104
1686,1656,3104,3105
1603,1676,3106,3107
1603,1677,3107,3110
1686,1677,3108,-1
1677,1685,3108,3109
1677,1673,3109,3110
1635,1666,3111,3112
1635,1667,3112,3113
1635,1665,3113,3117
1592,1684,3114,3115
1592,1683,3115,3118
1683,1635,3116,3117
1683,1665,3117,3118
1592,1665,3118,-1
1646,1616,3119,3120
1646,1615,3120,3121
1646,1614,3121,3124
1614,1664,3122,3124
1664,1646,3123,3124
1687,1688,3125,3136
1688,1587,3125,3130
1587,1687,3125,3128
1638,1687,3126,3135
1687,1637,3126,3127
1687,1614,3127,3128
1587,1583,3129,3130
1688,1583,3130,3137
1689,1690,3131,3239
1690,1582,3131,3240
1582,1689,3131,3140
1629,1691,3132,3238
1691,1628,3132,3133
1691,1639,3133,3134
1691,1638,3134,3135
1691,1687,3135,3136
1691,1688,3136,3137
1691,1583,3137,3138
1691,1584,3138,3139
1691,1580,3139,3141
1581,1689,3140,3142
1691,1689,3141,3238
1689,1580,3141,3142
1534,1484,3143,3151
1484,1526,3143,3144
1482,1480,3146,3147
1484,1482,3149,3150
1484,1503,3150,3151
1469,1440,3152,3162
1440,1470,3152,3157
1470,1495,3153,3154
1470,1494,3154,3157
1494,1443,3155,3156
1494,1440,3156,3157
1692,1434,3158,3180
1439,1692,3158,3164
1466,1693,3159,3262
1693,1692,3159,3179
1692,1466,3159,3160
1692,1465,3160,3164
1465,1469,3161,3162
1465,1440,3162,3163
1465,1439,3163,3164
1694,1437,3165,3168,331
1426,1694,3165,3166
1695,1694,3166,3168,331
1426,1695,3166,3167
1696,1695,3167,3175,331
1426,1696,3167,3199
1695,1437,3168,3169
1695,43,3169,3170
1695,41,3170,3171
1695,38,3171,3172
1695,1546,3172,3173
1695,1547,3173,3174
1697,1547,3174,3222
1695,1697,3174,3175
1696,1697,3175,3221
1434,1432,3176,3177
1434,1431,3177,3180
1693,1384,3178,3263
1431,1693,3178,3179
1431,1692,3179,3180
1698,1699,3181,3220,331
1699,1696,3181,3221,331
1696,1698,3181,3200
1700,1701,3182,3219,331
1701,1698,3182,3220,331
1698,1700,3182,3183
1702,1700,3183,3218,331
1698,1702,3183,3201
1703,1704,3184,3217,331
1704,1702,3184,3218,331
1702,1703,3184,3202
1705,1706,3185,3215,331
1706,1707,3185,3216,331
1707,1705,3185,3203
1708,1709,3186,3214,331
1709,1705,3186,3215,331
1705,1708,3186,3203
1710,1711,3187,3243,331
1711,1708,3187,3214,331
1708,1710,3187,3188
1712,1710,3188,3213,331
1708,1712,3188,3204
1713,1714,3189,3212,331
1714,1712,3189,3213,331
1712,1713,3189,3205
1582,1713,3190,3212,331
1713,1585,3190,3206
1585,1558,3191,3207
1558,1508,3192,3208
1508,1475,3193,3194
1508,1476,3194,3209
1715,1467,3195,3261
1476,1715,3195,3196
1382,1715,3196,3266
1476,1382,3196,3197
1476,1424,3197,3198
1476,1425,3198,3210
1425,1696,3199,3200
1425,1698,3200,3201
1425,1702,3201,3202
1425,1703,3202,3210
1707,1708,3203,3204
1707,1712,3204,3205
1707,1713,3205,3206
1707,1585,3206,3207
1707,1558,3207,3208
1707,1508,3208,3209
1707,1476,3209,3211
1476,1703,3210,3211
1707,1703,3211,3216,331
1582,1714,3212,3241
1714,1710,3213,3242
1711,1709,3214,3244
1709,1706,3215,3245
1706,1703,3216,3217
1706,1704,3217,3245
1704,1700,3218,3219
1704,1701,3219,3246
1701,1699,3220,3247
1699,1697,3221,3222
1699,1547,3222,3223
1699,34,3223,3224
1699,35,3224,3248
35,1591,3225,3226
1716,1591,3226,3231,32
35,1716,3226,3227
1717,1716,3227,3231,32
35,1717,3227,3249
1718,1719,3228,3230,32
1719,1717,3228,3255,32
1717,1718,3228,3250
1720,1721,3229,3258,32
1721,1718,3229,3230,32
1718,1720,3229,3251
1721,1719,3230,3259
1717,1591,3231,3232
1717,1598,3232,3252
1598,1596,3233,3234
1598,1622,3234,3252
1621,1625,3235,3260
1625,1627,3236,3257
1627,1629,3237,3253
1629,1689,3238,3239
1629,1690,3239,3240
1629,1582,3240,3241
1629,1714,3241,3242
1629,1710,3242,3243
1629,1711,3243,3244
1629,1709,3244,3253
1709,1704,3245,3246
1709,1701,3246,3247
1709,1699,3247,3248
1709,35,3248,3249
1709,1717,3249,3250
1709,1718,3250,3251
1709,1720,3251,3254
1717,1622,3252,3255
1627,1709,3253,3254
1627,1720,3254,3257
1719,1622,3255,3256
1719,1621,3256,3259
1625,1720,3257,3258
1625,1721,3258,3260
1721,1621,3259,3260
1715,1466,3261,3262
1715,1693,3262,3263
1715,1384,3263,3264
1715,1380,3264,3265
1715,1381,3265,3266
1264,1262,3267,3268
1264,1304,3268,3269
1264,1302,3269,3270
1264,1303,3270,3271
1264,1301,3271,3272
1264,1311,3272,3276
1311,1313,3273,3276
1291,1167,3274,3275
1291,1264,3275,3277
1264,1313,3276,3277
1057,1036,3278,3279
1057,1045,3279,3280
1057,1181,3280,3281
1057,1182,3281,3282
1057,1206,3282,3292
1206,1193,3283,3293
1193,325,3284,3285
1193,326,3285,3286
1193,327,3286,3287
1193,784,3287,3288
1722,784,3288,3296
1193,1722,3288,3289
1723,1722,3289,3295
1193,1723,3289,3290
1724,1723,3290,3291,333
1193,1724,3290,3294
1725,1723,3291,3303
1724,1725,3291,3294
1057,1725,3292,3303
1725,1206,3292,3293
1725,1193,3293,3294
1723,1057,3295,3303,333
1057,1722,3295,3296
1057,784,3296,3297
1057,785,3297,3302
785,1044,3298,3302
1726,1035,3299,3307
1044,1726,3299,3300
1056,1726,3300,3306
1044,1056,3300,3301
1044,1057,3301,3302
1035,1038,3304,3307
1038,1056,3305,3306
1038,1726,3306,3307
742,1727,3308,3339,290
1727,749,3308,3340,290
749,742,3308,3309
749,676,3309,3310
748,746,3311,3342
746,727,3312,3343
727,811,3313,3314
727,813,3314,3315
727,812,3315,3316
727,848,3316,3317
727,847,3317,3359
1728,858,3318,3321,290
857,1728,3318,3319
1729,1728,3319,3345,290
857,1729,3319,3320
1730,1729,3320,3360,290
857,1730,3320,3344
1728,835,3321,3322
1728,832,3322,3345
832,709,3323,3324
832,707,3324,3346
708,705,3325,3326
708,702,3326,3348
1731,703,3327,3375
702,1731,3327,3328
1732,1731,3328,3335,290
702,1732,3328,3329
1733,1732,3329,3334,290
702,1733,3329,3348
1734,1735,3330,3332,290
1735,1736,3330,3333,290
1736,1734,3330,3350
1737,1738,3331,3357,290
1738,1734,3331,3332,290
1734,1737,3331,3351
1738,1735,3332,3352
1733,1736,3333,3349,290
1735,1733,3333,3334
1735,1732,3334,3352
1739,1731,3335,3366
1732,1739,3335,3353
1740,1741,3336,3365
1741,1739,3336,3366
1739,1740,3336,3358
1742,1743,3337,3363
1743,1744,3337,3364
1744,1742,3337,3338
742,1742,3338,3363
1744,742,3338,3339
1744,1727,3339,3340
1744,749,3340,3341
1744,748,3341,3342
1744,746,3342,3343
1744,727,3343,3354
856,1730,3344,3355
1729,832,3345,3346
1729,707,3346,3347
1729,708,3347,3356
708,1733,3348,3349
708,1736,3349,3350
708,1734,3350,3351
708,1737,3351,3356
1738,1732,3352,3353
1738,1739,3353,3357
1744,1740,3354,3364
1740,727,3354,3358
847,1730,3355,3359
1729,1737,3356,3360
1737,1739,3357,3361
1739,727,3358,3361
727,1730,3359,3362
1730,1737,3360,3362
1737,727,3361,3362
742,1743,3363,3373
1743,1740,3364,3365
1743,1741,3365,3374
1741,1731,3366,3367
1745,1731,3367,3378,290
1741,1745,3367,3368
701,1745,3368,3378,290
1741,701,3368,3369
1746,701,3369,3380
1741,1746,3369,3370
697,1746,3370,3380
1741,697,3370,3371
1741,744,3371,3374
744,742,3372,3373
744,1743,3373,3374
1731,704,3375,3376
1731,700,3376,3377
1731,701,3377,3378
701,697,3379,3380
675,660,3381,3382
1747,1748,3383,3448
1748,1749,3383,3449
1749,1747,3383,3384
717,1747,3384,3447
1749,717,3384,3388
678,718,3385,3391,290
717,678,3385,3388
678,685,3386,3387
1749,685,3387,3449
678,1749,3387,3388
718,745,3389,3391
745,678,3390,3391
168,694,3392,3393
167,694,3393,-16598
1750,1751,3394,3432,290
1751,634,3394,-1
634,1750,3394,3395
1752,1750,3395,3431,290
634,1752,3395,3396
1753,1752,3396,3431,290
634,1753,3396,3397
1754,1753,3397,3439,290
634,1754,3397,3398
1755,1754,3398,3399,290
634,1755,3398,3406
1756,1754,3399,3420,290
1755,1756,3399,3407
1757,1758,3400,3430,290
1758,1756,3400,3420,290
1756,1757,3400,3401
1759,1757,3401,3419,290
1756,1759,3401,3408
625,1760,3402,3418,290
1760,624,3402,3403
1760,631,3403,3404
1760,632,3404,3409
632,634,3405,3406
632,1755,3406,3407
632,1756,3407,3408
632,1759,3408,3409
1760,1759,3409,3419,290
686,683,3410,3425
682,667,3411,3427
667,652,3412,3413
667,654,3413,3414
667,629,3414,3415
667,628,3415,3416
667,627,3416,3417
667,625,3417,3418
667,1760,3418,3428
1760,1757,3419,3429
1758,1754,3420,3421
1761,1754,3421,3439,290
1758,1761,3421,3422
1762,1761,3422,3438,290
1758,1762,3422,3430
685,1763,3423,3442,290
1763,1762,3423,3437,290
1762,685,3423,3424
1762,686,3424,3425
1762,683,3425,3426
1762,682,3426,3427
1762,667,3427,3428
1762,1760,3428,3429
1762,1757,3429,3430
1753,1750,3431,3440
721,1751,3432,-1
1750,721,3432,3441
1764,719,3433,3444,290
721,1764,3433,3434
1765,1764,3434,3444,290
721,1765,3434,3435
1766,1765,3435,3443,290
721,1766,3435,3436
1763,1766,3436,3442,290
721,1763,3436,3437
721,1762,3437,3438
721,1761,3438,3441
1761,1753,3439,3440
1761,1750,3440,3441
685,1766,3442,3443
685,1765,3443,3450
1765,719,3444,3445
1765,716,3445,3446
1765,717,3446,3447
1765,1747,3447,3448
1765,1748,3448,3450
1748,685,3449,3450