0,1,2,1,1,1,50416
3,4,5,1,1,1
6,5,7,1,0,1
8,7,9,1,0,1
10,9,11,1,0,1
12,11,13,1,0,1
14,13,15,1,0,1
16,17,18,1,1,1
19,20,21,1,1,1
22,23,24,1,1,1
25,24,26,1,0,1
27,26,28,1,0,1
29,28,30,1,0,1
31,30,32,1,0,1
33,34,35,1,1,1
36,37,38,1,1,1
39,40,41,1,1,1
42,43,44,1,1,1
45,44,46,1,0,1
47,46,48,1,0,1
49,48,50,1,0,1
51,52,53,1,1,1
54,55,56,1,1,1
57,56,58,1,0,1
2,58,59,0,0,1
15,59,60,0,0,1
18,60,61,0,0,1
21,61,62,0,0,1
32,62,63,0,0,1
64,63,65,1,0,1
35,65,66,0,0,1
38,66,67,0,0,1
41,67,68,0,0,1
50,68,53,0,0,0
69,70,71,1,1,1,770
72,73,74,1,1,1
75,76,77,1,1,1
78,77,79,1,0,1
80,79,81,1,0,1
82,83,84,1,1,1
85,86,87,1,1,1
88,89,90,1,1,1
91,90,92,1,0,1
93,94,95,1,1,1
96,97,98,1,1,1
99,98,100,1,0,1
101,102,103,1,1,1
104,105,106,1,1,1
107,106,108,1,0,1
109,108,110,1,0,1
111,110,112,1,0,1
113,112,114,1,0,1
115,114,116,1,0,1
117,118,119,1,1,1
120,119,121,1,0,1
122,121,123,1,0,1
124,123,125,1,0,1
126,127,128,1,1,1
129,128,130,1,0,1
131,130,132,1,0,1
133,134,135,1,1,1
136,137,138,1,1,1
139,138,140,1,0,1
141,140,142,1,0,1
143,144,145,1,1,1
146,145,147,1,0,1
71,147,148,0,0,1
149,148,150,1,0,1
151,150,152,1,0,1
81,74,153,0,0,1
84,154,155,0,1,1
87,155,156,0,0,1
92,157,158,0,1,1
100,95,159,0,0,1
160,159,161,1,0,1
116,103,162,0,0,1
125,162,163,0,0,1
132,163,164,0,0,1
135,164,165,0,0,1
166,165,167,1,0,1
142,167,168,0,0,1
152,169,170,0,1,1
156,153,171,0,0,1
158,171,172,0,0,1
173,172,174,1,0,1
168,161,175,0,0,1
174,170,176,0,0,1
177,176,175,1,0,0
178,179,180,1,1,1,770
181,180,182,1,0,1
183,184,185,1,1,1
186,185,187,1,0,1
188,187,189,1,0,1
190,189,191,1,0,1
192,191,193,1,0,1
194,193,195,1,0,1
196,197,198,1,1,1
199,198,200,1,0,1
201,200,202,1,0,1
203,202,204,1,0,1
205,204,206,1,0,1
207,206,208,1,0,1
209,208,210,1,0,1
211,212,213,1,1,1
214,215,216,1,1,1
217,216,218,1,0,1
182,218,219,0,0,1
195,219,220,0,0,1
210,220,213,0,0,0
221,222,223,1,1,1,9460
224,223,225,1,0,1
226,225,227,1,0,1
228,227,229,1,0,1
230,229,231,1,0,1
232,231,233,1,0,1
234,233,235,1,0,1
236,235,237,1,0,1
238,239,240,1,1,1,46320
241,240,242,1,0,1
57,242,243,0,0,1
51,55,244,0,0,1
49,52,245,0,0,1
45,47,246,0,0,1
247,246,248,1,0,1
249,248,250,1,0,1
243,250,251,0,0,1
244,54,252,0,0,1
245,252,251,0,0,0
253,254,255,1,1,1,46096
241,255,238,0,0,0
256,257,258,1,1,1,50192
259,260,261,1,1,1
262,261,263,1,0,1
264,263,265,1,0,1
266,267,268,1,1,1
3,269,270,0,1,1
4,270,271,0,0,1
0,271,272,0,0,1
1,272,273,0,0,1
253,273,274,0,0,1
265,258,275,0,0,1
276,275,277,1,0,1
278,277,279,1,0,1
274,268,280,0,0,1
281,280,279,1,0,0
282,283,284,1,1,1,33808
285,284,286,1,0,1
287,288,289,1,1,1
290,289,291,1,0,1
292,293,294,1,1,1
295,294,296,1,0,1
297,296,298,1,0,1
299,300,301,1,1,1
302,301,303,1,0,1
257,303,304,0,0,1
286,304,305,0,0,1
298,291,306,0,0,1
307,306,305,1,0,0
308,309,310,1,1,1,33552
311,312,313,1,1,1
314,313,315,1,0,1
316,315,317,1,0,1
318,317,319,1,0,1
320,319,321,1,0,1
322,321,323,1,0,1
324,323,325,1,0,1
326,325,327,1,0,1
328,329,330,1,1,1
331,332,333,1,1,1
293,333,334,0,0,1
290,334,335,0,0,1
287,335,336,0,0,1
285,288,337,0,0,1
282,337,338,0,0,1
310,338,339,0,0,1
340,339,341,1,0,1
327,341,342,0,0,1
330,342,336,0,0,0
312,343,344,0,1,1,35088
340,344,308,0,0,0
345,346,347,1,1,1,35088
348,347,349,1,0,1
350,351,352,1,1,1
353,352,354,1,0,1
355,354,356,1,0,1
357,358,359,1,1,1
360,361,362,1,1,1
363,362,364,1,0,1
365,366,367,1,1,1
368,369,370,1,1,1
316,370,371,0,0,1
314,371,372,0,0,1
349,373,374,0,1,1
356,374,375,0,0,1
359,375,376,0,0,1
364,376,377,0,0,1
367,377,372,0,0,0
378,379,380,1,1,1,35072
381,380,346,1,0,0
382,383,384,1,1,1,33536
385,384,386,1,0,1
387,386,388,1,0,1
389,388,390,1,0,1
391,390,392,1,0,1
393,392,394,1,0,1
395,396,397,1,1,1
398,397,399,1,0,1
400,399,401,1,0,1
402,401,403,1,0,1
404,403,405,1,0,1
406,405,407,1,0,1
408,407,409,1,0,1
410,409,411,1,0,1
412,411,413,1,0,1
414,413,415,1,0,1
416,415,417,1,0,1
418,419,420,1,1,1
421,422,423,1,1,1
424,425,426,1,1,1
427,426,428,1,0,1
429,430,431,1,1,1
432,431,433,1,0,1
434,435,436,1,1,1
437,436,438,1,0,1
439,438,440,1,0,1
441,442,443,1,1,1
444,443,445,1,0,1
446,447,448,1,1,1
449,450,451,1,1,1
452,451,453,1,0,1
454,453,455,1,0,1
456,455,457,1,0,1
458,457,459,1,0,1
460,459,461,1,0,1
462,461,463,1,0,1
464,463,465,1,0,1
466,465,467,1,0,1
468,467,469,1,0,1
470,469,471,1,0,1
472,471,473,1,0,1
474,473,475,1,0,1
476,475,477,1,0,1
478,477,479,1,0,1
480,481,482,1,1,1
483,482,484,1,0,1
485,486,487,1,1,1
488,489,490,1,1,1
491,492,493,1,1,1
494,493,495,1,0,1
496,497,498,1,1,1
499,500,501,1,1,1
502,503,504,1,1,1
505,504,506,1,0,1
507,506,508,1,0,1
509,510,511,1,1,1
512,511,513,1,0,1
514,513,515,1,0,1
292,515,516,0,0,1
331,516,517,0,0,1
332,517,518,0,0,1
328,518,519,0,0,1
329,519,520,0,0,1
326,520,521,0,0,1
324,521,522,0,0,1
322,522,523,0,0,1
318,320,524,0,0,1
368,524,525,0,0,1
526,525,527,1,0,1
528,529,530,1,1,1
360,531,532,0,1,1
357,361,533,0,0,1
534,533,535,1,0,1
536,537,538,1,1,1
345,538,539,0,0,1
381,539,540,0,0,1
394,378,541,0,0,1
420,542,543,0,1,1
544,543,545,1,0,1
423,545,546,0,0,1
440,433,547,0,0,1
445,547,548,0,0,1
448,548,549,0,0,1
479,549,550,0,0,1
484,550,551,0,0,1
487,551,552,0,0,1
490,552,553,0,0,1
495,553,554,0,0,1
498,554,555,0,0,1
501,555,556,0,0,1
508,556,557,0,0,1
523,557,558,0,0,1
527,558,559,0,0,1
560,559,561,1,0,1
535,532,562,0,0,1
541,540,563,0,0,1
417,563,564,0,0,1
561,428,565,0,0,1
564,562,566,0,0,1
565,546,567,0,0,1
530,567,566,0,0,0
568,569,570,1,1,1,33552
571,570,572,1,0,1
387,572,573,0,0,1
385,573,382,0,0,0
574,575,576,1,1,1,786
577,576,578,1,0,1
579,578,580,1,0,1
581,580,582,1,0,1
583,582,584,1,0,1
585,584,568,1,0,0
586,587,588,1,1,1,2322
389,589,590,0,1,1
571,590,591,0,0,1
585,591,592,0,0,1
583,592,593,0,0,1
581,593,594,0,0,1
579,594,595,0,0,1
577,595,596,0,0,1
574,596,588,0,0,0
597,598,599,1,1,1,787
600,599,601,1,0,1
602,601,586,1,0,0
603,604,605,1,1,1,786
606,605,607,1,0,1
608,609,610,1,1,1
600,611,612,0,1,1
607,597,613,0,0,1
610,613,612,0,0,0
614,615,616,1,1,1,785
617,618,619,1,1,1
620,619,621,1,0,1
622,621,623,1,0,1
624,623,625,1,0,1
626,625,627,1,0,1
628,627,629,1,0,1
603,629,616,0,0,0
630,631,632,1,1,1,1297
633,632,634,1,0,1
617,634,635,0,0,1
618,635,614,0,0,0
636,637,638,1,1,1,37904
639,638,640,1,0,1
641,640,630,1,0,0
353,355,642,0,0,1,33552
350,642,643,0,0,1
348,351,644,0,0,1
536,644,645,0,0,1
537,645,646,0,0,1
534,646,647,0,0,1
358,647,643,0,0,0
641,633,648,0,0,1,37648
639,648,649,0,0,1
650,649,651,1,0,1
652,653,654,1,1,1
624,654,655,0,0,1
622,655,656,0,0,1
620,656,651,0,0,0
276,278,657,0,0,1,21523
264,657,658,0,0,1
259,262,659,0,0,1
660,260,661,1,0,1
662,661,663,1,0,1
6,663,664,0,0,1
269,664,665,0,0,1
266,665,666,0,0,1
267,666,667,0,0,1
658,667,659,0,0,0
531,363,668,0,0,1,35072
560,529,669,0,0,1
526,669,670,0,0,1
369,670,671,0,0,1
365,671,672,0,0,1
668,366,673,0,0,1
528,673,672,0,0,0
674,391,675,1,0,1,35072
396,675,393,0,0,0
676,589,677,1,0,1,2306
678,677,679,1,0,1
680,679,681,1,0,1
395,682,683,0,1,1
674,683,681,0,0,0
608,611,684,0,0,1,771
685,684,686,1,0,1
687,686,688,1,0,1
689,690,691,1,1,1
678,691,692,0,0,1
676,692,693,0,0,1
602,693,688,0,0,0
606,609,694,0,0,1,770
628,694,695,0,0,1
696,697,698,1,1,1
699,700,701,1,1,1
702,701,703,1,0,1
689,680,704,0,0,1
687,690,705,0,0,1
695,685,706,0,0,1
707,706,708,1,0,1
698,708,709,0,0,1
704,703,710,0,0,1
705,710,709,0,0,0
652,626,711,0,0,1,769
712,711,713,1,0,1
714,713,715,1,0,1
716,715,717,1,0,1
718,719,720,1,1,1
699,721,722,0,1,1
707,697,723,0,0,1
717,723,724,0,0,1
722,720,725,0,0,1
700,725,726,0,0,1
696,726,724,0,0,0
702,682,727,0,0,1,2305
728,721,729,1,0,1
730,729,731,1,0,1
398,732,733,0,1,1
727,733,731,0,0,0
734,653,735,1,0,1,37632
736,737,738,1,1,1
739,740,741,1,1,1
742,743,744,1,1,1
745,746,747,1,1,1
748,747,749,1,0,1
750,749,751,1,0,1
719,751,752,0,0,1
716,752,753,0,0,1
714,753,754,0,0,1
712,754,755,0,0,1
735,755,756,0,0,1
738,756,757,0,0,1
741,757,744,0,0,0
730,732,758,0,0,1,35072
759,728,760,1,0,1
761,762,763,1,1,1
764,765,766,1,1,1
767,766,768,1,0,1
769,768,770,1,0,1
771,770,772,1,0,1
773,772,774,1,0,1
775,776,777,1,1,1
778,777,779,1,0,1
408,779,780,0,0,1
406,780,781,0,0,1
404,781,782,0,0,1
402,782,783,0,0,1
400,783,784,0,0,1
758,784,785,0,0,1
760,785,786,0,0,1
763,786,774,0,0,0
514,295,787,0,0,1,33792
512,787,788,0,0,1
507,510,789,0,0,1
505,789,790,0,0,1
502,790,791,0,0,1
499,503,792,0,0,1
500,792,793,0,0,1
496,793,794,0,0,1
494,497,795,0,0,1
488,492,796,0,0,1
489,796,797,0,0,1
485,797,798,0,0,1
483,486,799,0,0,1
480,799,800,0,0,1
478,481,801,0,0,1
476,801,802,0,0,1
472,474,803,0,0,1
470,803,804,0,0,1
466,468,805,0,0,1
462,464,806,0,0,1
460,806,807,0,0,1
456,458,808,0,0,1
449,452,809,0,0,1
810,809,811,1,0,1
812,811,813,1,0,1
814,813,815,1,0,1
816,815,817,1,0,1
818,817,819,1,0,1
820,819,821,1,0,1
822,823,824,1,1,1
825,824,826,1,0,1
827,826,828,1,0,1
829,828,830,1,0,1
831,830,832,1,0,1
833,832,834,1,0,1
835,834,836,1,0,1
837,836,838,1,0,1
839,838,840,1,0,1
841,840,842,1,0,1
843,842,844,1,0,1
845,844,846,1,0,1
847,846,848,1,0,1
849,850,851,1,1,1
852,851,853,1,0,1
854,853,855,1,0,1
856,855,857,1,0,1
858,857,859,1,0,1
860,859,861,1,0,1
862,863,864,1,1,1
865,864,866,1,0,1
867,868,869,1,1,1
870,869,871,1,0,1
872,871,873,1,0,1
874,873,875,1,0,1
876,877,878,1,1,1
879,880,881,1,1,1
882,881,883,1,0,1
884,885,886,1,1,1
887,888,889,1,1,1
890,889,891,1,0,1
892,891,893,1,0,1
894,895,896,1,1,1
897,898,899,1,1,1
900,901,902,1,1,1
903,902,904,1,0,1
905,906,907,1,1,1
908,909,910,1,1,1
911,912,913,1,1,1
914,915,916,1,1,1
917,918,919,1,1,1
920,921,922,1,1,1
923,924,925,1,1,1
926,927,928,1,1,1
929,928,930,1,0,1
931,932,933,1,1,1
934,935,936,1,1,1
937,938,939,1,1,1
940,941,942,1,1,1
943,942,944,1,0,1
945,946,947,1,1,1
948,947,949,1,0,1
950,949,951,1,0,1
952,951,953,1,0,1
954,955,956,1,1,1
29,957,958,0,1,1
959,958,960,1,0,1
302,960,961,0,0,1
299,961,962,0,0,1
307,300,963,0,0,1
297,963,964,0,0,1
788,964,965,0,0,1
509,965,966,0,0,1
791,966,967,0,0,1
794,967,968,0,0,1
795,968,969,0,0,1
491,969,970,0,0,1
798,970,971,0,0,1
800,971,972,0,0,1
802,972,973,0,0,1
804,973,974,0,0,1
805,974,975,0,0,1
807,975,976,0,0,1
821,454,977,0,0,1
848,977,978,0,0,1
861,978,979,0,0,1
866,979,980,0,0,1
875,980,981,0,0,1
982,981,983,1,0,1
878,983,984,0,0,1
883,984,985,0,0,1
886,985,986,0,0,1
899,896,987,0,0,1
904,987,988,0,0,1
910,907,989,0,0,1
916,913,990,0,0,1
919,990,991,0,0,1
992,991,993,1,0,1
922,993,994,0,0,1
925,994,995,0,0,1
930,995,996,0,0,1
933,996,997,0,0,1
936,997,998,0,0,1
944,939,999,0,0,1
956,953,1000,0,0,1
962,1000,1001,0,0,1
976,1001,1002,0,0,1
986,808,1003,0,0,1
1004,1003,1005,1,0,1
998,989,1006,0,0,1
999,1006,1007,0,0,1
1005,1002,1008,0,0,1
893,1008,1009,0,0,1
988,1009,1010,0,0,1
1011,1010,1007,1,0,0
414,416,1012,0,0,1,33792
412,1012,1013,0,0,1
778,410,1014,0,0,1
773,776,1015,0,0,1
771,1015,1016,0,0,1
767,769,1017,0,0,1
764,1017,1018,0,0,1
1019,1018,1020,1,0,1
1021,1020,1022,1,0,1
1023,1022,1024,1,0,1
1025,1024,1026,1,0,1
1027,1026,1028,1,0,1
1029,1028,1030,1,0,1
1031,1030,1032,1,0,1
1033,1032,1034,1,0,1
1035,1034,1036,1,0,1
1037,1036,1038,1,0,1
1039,1038,1040,1,0,1
1041,1040,1042,1,0,1
444,447,1043,0,0,1
441,1043,1044,0,0,1
439,442,1045,0,0,1
437,1045,1046,0,0,1
432,435,1047,0,0,1
429,1047,1048,0,0,1
427,430,1049,0,0,1
424,1049,1050,0,0,1
421,425,1051,0,0,1
544,422,1052,0,0,1
418,1052,1053,0,0,1
542,419,1054,0,0,1
1013,1054,1055,0,0,1
1014,1055,1056,0,0,1
775,1056,1057,0,0,1
1042,1016,1058,0,0,1
1044,1058,1059,0,0,1
1046,1059,1060,0,0,1
434,1060,1061,0,0,1
1048,1061,1062,0,0,1
1050,1062,1063,0,0,1
1051,1063,1064,0,0,1
1053,1064,1057,0,0,0
959,256,1065,0,0,1,50176
25,27,1066,0,0,1
1067,1066,1068,1,0,1
660,1068,1065,0,0,0
662,8,1069,0,0,1,1268
1067,1069,1070,0,0,1
22,1070,1071,0,0,1
1072,1071,10,1,0,0
718,759,1073,0,0,1,33536
750,1073,1074,0,0,1
748,1074,1075,0,0,1
1076,1075,1077,1,0,1
1078,1077,1079,1,0,1
1080,1079,1081,1,0,1
1019,1082,1083,0,1,1
765,1083,1084,0,0,1
761,1084,1085,0,0,1
762,1085,1081,0,0,0
1072,12,1086,0,0,1,1265
19,23,1087,0,0,1
16,20,1088,0,0,1
14,17,1089,0,0,1
1086,1089,1090,0,0,1
1087,1090,1088,0,0,0
745,1076,1091,0,0,1,35072
1092,1091,1093,1,0,1
1094,1095,1096,1,1,1
1023,1096,1097,0,0,1
1021,1097,1098,0,0,1
1082,1098,1099,0,0,1
1080,1099,1100,0,0,1
1078,1100,1093,0,0,0
954,957,1101,0,0,1,34032
952,955,1102,0,0,1
950,1102,1103,0,0,1
945,948,1104,0,0,1
943,946,1105,0,0,1
940,1105,1106,0,0,1
937,941,1107,0,0,1
934,938,1108,0,0,1
931,935,1109,0,0,1
929,932,1110,0,0,1
923,927,1111,0,0,1
924,1111,1112,0,0,1
920,1112,1113,0,0,1
992,921,1114,0,0,1
917,1114,1115,0,0,1
918,1115,1116,0,0,1
914,1116,1117,0,0,1
1118,1117,1119,1,0,1
1120,1119,1121,1,0,1
1122,1121,1123,1,0,1
1124,1123,1125,1,0,1
1126,1125,1127,1,0,1
1128,1127,1129,1,0,1
1130,1129,1131,1,0,1
1132,1131,1133,1,0,1
1134,1135,1136,1,1,1
1137,1136,1138,1,0,1
1139,1140,1141,1,1,1
1142,1143,1144,1,1,1
1145,1144,1146,1,0,1
1147,1148,1149,1,1,1
1150,1151,1152,1,1,1
1153,1152,1154,1,0,1
1155,1156,1157,1,1,1
1158,1159,1160,1,1,1
1161,1160,1162,1,0,1
1163,1162,1164,1,0,1
1165,1164,1166,1,0,1
1167,1168,1169,1,1,1
1170,1169,1171,1,0,1
1172,1171,1173,1,0,1
1174,1175,1176,1,1,1
1177,1176,1178,1,0,1
1179,1178,1180,1,0,1
1181,1182,1183,1,1,1
1184,1185,1186,1,1,1
1187,1186,1188,1,0,1
1189,1188,1190,1,0,1
1191,1192,1193,1,1,1
1194,1195,1196,1,1,1
1197,1196,1198,1,0,1
1199,1198,1200,1,0,1
1201,1200,1202,1,0,1
1203,1202,1204,1,0,1
1205,1204,1206,1,0,1
1207,1208,1209,1,1,1
1210,1209,1211,1,0,1
1212,1211,1213,1,0,1
1214,1215,1216,1,1,1
1217,1218,1219,1,1,1
1220,1221,1222,1,1,1
237,1222,1223,0,0,1
1224,234,1225,1,0,1
1226,1227,1228,1,1,1
1229,1228,1230,1,0,1
1231,1232,1233,1,1,1
1234,1235,1236,1,1,1
43,1236,1237,0,0,1
39,1237,1238,0,0,1
36,40,1239,0,0,1
33,37,1240,0,0,1
64,34,1241,0,0,1
31,1241,1242,0,0,1
1101,1242,1243,0,0,1
1103,1243,1244,0,0,1
1104,1244,1245,0,0,1
1106,1245,1246,0,0,1
1107,1246,1247,0,0,1
1108,1247,1248,0,0,1
1109,1248,1249,0,0,1
1110,1249,1250,0,0,1
926,1250,1251,0,0,1
1113,1251,1252,0,0,1
1138,1133,1253,0,0,1
1141,1253,1254,0,0,1
1146,1254,1255,0,0,1
1149,1255,1256,0,0,1
1154,1256,1257,0,0,1
1157,1257,1258,0,0,1
1166,1258,1259,0,0,1
1173,1259,1260,0,0,1
1180,1260,1261,0,0,1
1183,1261,1262,0,0,1
1190,1262,1263,0,0,1
1193,1263,1264,0,0,1
1213,1206,1265,0,0,1
1216,1266,1267,0,1,1
1223,1219,1268,0,0,1
1233,1230,1269,0,0,1
1238,1269,1270,0,0,1
1239,1270,1271,0,0,1
1240,1271,1272,0,0,1
1264,1252,1273,0,0,1
1274,1273,1275,1,0,1
1276,1275,1277,1,0,1
1265,1277,1278,0,0,1
1279,1278,1280,1,0,1
1267,1280,1281,0,0,1
1268,1281,1282,0,0,1
236,1282,1283,0,0,1
1225,1283,1272,0,0,0
742,746,1284,0,0,1,39168
1285,1284,1286,1,0,1
1287,1286,1288,1,0,1
1289,1288,1290,1,0,1
1291,1290,1292,1,0,1
1293,1292,1294,1,0,1
1295,1294,1296,1,0,1
1297,1296,1298,1,0,1
1299,1298,1300,1,0,1
1301,1302,1303,1,1,1
1304,1303,1305,1,0,1
1306,1307,1308,1,1,1
1309,1310,1311,1,1,1
1312,1313,1314,1,1,1
1315,1314,1316,1,0,1
1317,1316,1318,1,0,1
1319,1318,1320,1,0,1
1321,1322,1323,1,1,1
1094,1025,1324,0,0,1
1092,1095,1325,0,0,1
1300,1325,1326,0,0,1
1327,1326,1328,1,0,1
1305,1328,1329,0,0,1
1330,1329,1331,1,0,1
1320,1311,1332,0,0,1
1324,1323,1333,0,0,1
1331,1333,1334,0,0,1
1308,1334,1332,0,0,0
1335,1336,1337,1,1,1,1267
1338,1339,1340,1,1,1
1341,1340,1342,1,0,1
1343,1342,1344,1,0,1
1345,1344,1346,1,0,1
1347,1346,1348,1,0,1
1349,1348,1350,1,0,1
1351,1352,1353,1,1,1
1354,1355,1356,1,1,1
1357,1356,1358,1,0,1
1359,1358,1360,1,0,1
1361,1362,1363,1,1,1
1337,1363,1364,0,0,1
1365,1364,1366,1,0,1
1353,1350,1367,0,0,1
1360,1367,1368,0,0,1
1369,1368,1366,1,0,0
739,743,1370,0,0,1,769
736,740,1371,0,0,1
1372,737,1373,1,0,1
1374,1375,1376,1,1,1
1377,1378,1379,1,1,1
1285,1380,1381,0,1,1
1370,1381,1382,0,0,1
1371,1382,1383,0,0,1
1373,1383,1384,0,0,1
1376,1384,1379,0,0,0
1377,1380,1385,0,0,1,2306
1374,1378,1386,0,0,1
1387,1375,1388,1,0,1
1389,1388,1390,1,0,1
1289,1390,1391,0,0,1
1385,1287,1392,0,0,1
1386,1392,1391,0,0,0
1321,1027,1393,0,0,1,37888
1322,1393,1394,0,0,1
1395,1394,1396,1,0,1
1397,1396,1398,1,0,1
1399,1400,1401,1,1,1
1402,1401,1403,1,0,1
1404,1403,1405,1,0,1
1406,1405,1407,1,0,1
1408,1407,1409,1,0,1
1410,1411,1412,1,1,1
1413,1412,1414,1,0,1
1415,1414,1416,1,0,1
1417,1416,1418,1,0,1
1419,1418,1420,1,0,1
1421,1420,1422,1,0,1
825,1422,1423,0,0,1
822,1423,1424,0,0,1
1425,1424,1426,1,0,1
1427,1426,1428,1,0,1
1429,1428,1430,1,0,1
1431,1430,1432,1,0,1
1433,1432,1434,1,0,1
1435,1434,1436,1,0,1
1437,1438,1439,1,1,1
1029,1439,1440,0,0,1
1398,1440,1441,0,0,1
1409,1441,1442,0,0,1
1443,1442,1436,1,0,0
1444,1389,1445,1,0,1,770
1446,1445,1447,1,0,1
1448,1447,1449,1,0,1
1450,1451,1452,1,1,1
1453,1452,1454,1,0,1
1455,1454,1456,1,0,1
1293,1456,1457,0,0,1
1291,1457,1449,0,0,0
1437,1031,1458,0,0,1,1025
1438,1458,1459,0,0,1
1433,1435,1460,0,0,1
1431,1460,1461,0,0,1
1429,1461,1462,0,0,1
1427,1462,1463,0,0,1
1464,1463,1465,1,0,1
1466,1467,1468,1,1,1
1469,1470,1471,1,1,1
1472,1471,1473,1,0,1
1474,1475,1476,1,1,1
1033,1477,1478,0,1,1
1459,1478,1479,0,0,1
1473,1468,1480,0,0,1
1476,1480,1481,0,0,1
1479,1482,1483,0,1,1
1481,1465,1484,0,0,1
1485,1484,1486,1,0,1
1487,1486,1483,1,0,0
1477,1035,1488,0,0,1,1026
1482,1488,1489,0,0,1
1487,1489,1490,0,0,1
1485,1490,1491,0,0,1
1474,1491,1492,0,0,1
1493,1492,1494,1,0,1
1495,1494,1496,1,0,1
1497,1496,1037,1,0,0
1498,1446,1499,1,0,1,771
1451,1499,1448,0,0,0
1500,1455,1501,1,0,1,2322
1502,1503,1504,1,1,1
1505,1504,1506,1,0,1
1507,1506,1508,1,0,1
1509,1508,1510,1,0,1
1511,1512,1513,1,1,1
1514,1513,1515,1,0,1
1295,1515,1516,0,0,1
1501,1516,1510,0,0,0
1517,1453,1518,1,0,1,2323
1503,1518,1500,0,0,0
1497,1039,1519,0,0,1,769
1520,1519,1521,1,0,1
1522,1523,1524,1,1,1
1525,1526,1527,1,1,1
1528,1527,1529,1,0,1
1472,1530,1531,0,1,1
812,1469,1532,0,0,1
810,1532,1533,0,0,1
450,1533,1534,0,0,1
1521,1041,1535,0,0,1
1529,1536,1537,0,1,1
1531,1537,1538,0,0,1
1534,1538,1539,0,0,1
1535,446,1540,0,0,1
1524,1540,1539,0,0,0
1541,1299,1542,1,0,1,769
1543,1544,1545,1,1,1
1546,1545,1547,1,0,1
1301,1547,1548,0,0,1
1327,1302,1549,0,0,1
1542,1549,1550,0,0,1
1551,1550,1548,1,0,0
1493,1495,1552,0,0,1,770
1530,1475,1553,0,0,1
1528,1553,1554,0,0,1
1536,1526,1555,0,0,1
1522,1555,1556,0,0,1
1523,1556,1557,0,0,1
1520,1557,1558,0,0,1
1554,1552,1559,0,0,1
1525,1559,1558,0,0,0
1514,1297,1560,0,0,1,770
1561,1560,1562,1,0,1
1563,1564,1565,1,1,1
1566,1567,1568,1,1,1
1544,1569,1570,0,1,1
1551,1570,1571,0,0,1
1541,1571,1572,0,0,1
1562,1572,1573,0,0,1
1565,1573,1568,0,0,0
1507,1509,1574,0,0,1,787
1575,1505,1576,1,0,1
1577,1576,1578,1,0,1
1579,1578,1580,1,0,1
1512,1580,1574,0,0,0
1579,1511,1581,0,0,1,769
1582,1583,1584,1,1,1
1585,1584,1586,1,0,1
1567,1586,1587,0,0,1
1563,1587,1588,0,0,1
1564,1588,1589,0,0,1
1581,1561,1590,0,0,1
1577,1590,1589,0,0,0
1591,1347,1592,1,0,1,1268
1593,1594,1595,1,1,1
1596,1597,1598,1,1,1
1599,1600,1601,1,1,1
1602,1601,1603,1,0,1
1604,1603,1605,1,0,1
1606,1605,1607,1,0,1
1608,1609,1610,1,1,1
1611,1610,1612,1,0,1
1613,1612,1614,1,0,1
1615,1614,1616,1,0,1
1617,1616,1618,1,0,1
1619,1618,1620,1,0,1
1621,1620,1622,1,0,1
1623,1622,1624,1,0,1
1592,1625,1626,0,1,1
1595,1626,1627,0,0,1
1598,1628,1629,0,1,1
1607,1629,1630,0,0,1
1624,1630,1627,0,0,0
1546,1304,1631,0,0,1,37632
1309,1313,1632,0,0,1
1306,1310,1633,0,0,1
1330,1307,1634,0,0,1
1632,1631,1635,0,0,1
1633,1635,1634,0,0,0
1566,1569,1636,0,0,1,2306
1585,1636,1637,0,0,1
1638,1582,1639,1,0,1
1640,1639,1641,1,0,1
1312,1642,1643,0,1,1
1543,1643,1644,0,0,1
1637,1644,1641,0,0,0
1317,1319,1645,0,0,1,37632
1315,1645,1646,0,0,1
1647,1646,1648,1,0,1
1649,1648,1650,1,0,1
1400,1650,1651,0,0,1
1397,1651,1395,0,0,0
1652,1653,1654,1,1,1,1266
1621,1654,1655,0,0,1
1619,1655,1656,0,0,1
1657,1656,1658,1,0,1
1659,1658,1660,1,0,1
1661,1660,1662,1,0,1
1640,1642,1663,0,0,1,770
1664,1663,1665,1,0,1
1666,1665,1667,1,0,1
1668,1667,1669,1,0,1
1670,1669,1647,1,0,0
1670,1649,1671,0,0,1,1025
1672,1671,1673,1,0,1
1674,1673,1675,1,0,1
1676,1675,1677,1,0,1
1678,1677,1679,1,0,1
1680,1679,1681,1,0,1
1682,1681,1683,1,0,1
1684,1683,1685,1,0,1
1686,1687,1688,1,1,1
1417,1688,1689,0,0,1
1415,1689,1690,0,0,1
1691,1690,1692,1,0,1
1399,1692,1685,0,0,0
1666,1668,1693,0,0,1,1026
1694,1693,1695,1,0,1
1696,1695,1697,1,0,1
1698,1697,1699,1,0,1
1700,1701,1702,1,1,1
1703,1702,1704,1,0,1
1705,1704,1706,1,0,1
1707,1706,1708,1,0,1
1709,1708,1710,1,0,1
1711,1710,1712,1,0,1
1713,1712,1714,1,0,1
1715,1714,1716,1,0,1
1717,1716,1718,1,0,1
1719,1718,1720,1,0,1
1721,1720,1722,1,0,1
1723,1722,1724,1,0,1
1725,1726,1727,1,1,1
1728,1727,1729,1,0,1
1730,1731,1732,1,1,1
1733,1734,1735,1,1,1
1736,1735,1737,1,0,1
1738,1737,1739,1,0,1
1740,1739,1741,1,0,1
1742,1741,1743,1,0,1
1744,1743,1745,1,0,1
1746,1747,1748,1,1,1
1749,1750,1751,1,1,1
1752,1751,1753,1,0,1
1754,1753,1755,1,0,1
1756,1755,1757,1,0,1
1758,1757,1759,1,0,1
1760,1761,1762,1,1,1
1763,1764,1765,1,1,1
1419,1765,1766,0,0,1
1686,1766,1767,0,0,1
1687,1767,1768,0,0,1
1684,1768,1769,0,0,1
1770,1682,1771,1,0,1
1772,1771,1773,1,0,1
1774,1775,1776,1,1,1
1678,1777,1778,0,1,1
1676,1778,1779,0,0,1
1699,1672,1780,0,0,1
1745,1732,1781,0,0,1
1782,1781,1783,1,0,1
1759,1748,1784,0,0,1
1785,1784,1786,1,0,1
1769,1762,1787,0,0,1
1773,1787,1788,0,0,1
1776,1788,1789,0,0,1
1780,1674,1790,0,0,1
1783,1791,1792,0,1,1
1789,1786,1793,0,0,1
1790,1779,1794,0,0,1
1724,1794,1795,0,0,1
1792,1729,1796,0,0,1
1797,1796,1798,1,0,1
1799,1798,1800,1,0,1
1793,1800,1795,0,0,0
1466,1470,1801,0,0,1,33793
1467,1801,1802,0,0,1
1425,1464,1803,0,0,1
823,1803,1804,0,0,1
820,1804,1805,0,0,1
816,818,1806,0,0,1
814,1806,1807,0,0,1
1802,1807,1805,0,0,0
1406,1408,1808,0,0,1,37632
1404,1808,1809,0,0,1
1413,1691,1810,0,0,1
1410,1810,1811,0,0,1
1411,1811,1812,0,0,1
1809,1443,1813,0,0,1
1402,1813,1812,0,0,0
1777,1680,1814,0,0,1,770
1774,1814,1815,0,0,1
1775,1815,1816,0,0,1
1772,1816,1770,0,0,0
1817,1696,1818,1,0,1,2306
1700,1818,1819,0,0,1
1701,1819,1698,0,0,0
1763,1421,1820,0,0,1,37632
1821,1822,1823,1,1,1
1824,1825,1826,1,1,1
827,1826,1827,0,0,1
1823,1820,1828,0,0,1
1829,1828,1827,1,0,0
1821,1829,1830,0,0,1,37888
1831,1830,1832,1,0,1
1833,1832,1834,1,0,1
1835,1834,1836,1,0,1
1824,829,1837,0,0,1
1825,1837,1836,0,0,0
1760,1764,1838,0,0,1,1025
1839,1838,1840,1,0,1
1754,1840,1841,0,0,1
1746,1750,1842,0,0,1
1747,1842,1843,0,0,1
1799,1843,1844,0,0,1
1797,1844,1845,0,0,1
1782,1845,1846,0,0,1
1744,1846,1847,0,0,1
1848,1742,1849,1,0,1
1850,1849,1851,1,0,1
1852,1851,1853,1,0,1
1854,1855,1856,1,1,1
1857,1856,1858,1,0,1
849,1858,1859,0,0,1
1860,1859,1861,1,0,1
841,1861,1862,0,0,1
839,1862,1863,0,0,1
837,1863,1864,0,0,1
1865,1864,1866,1,0,1
1867,1866,1868,1,0,1
1869,1870,1871,1,1,1
1872,1873,1874,1,1,1
833,1875,1876,0,1,1
831,1876,1877,0,0,1
1835,1877,1878,0,0,1
1833,1878,1879,0,0,1
1822,1831,1880,0,0,1
1841,1880,1881,0,0,1
1868,1853,1882,0,0,1
1871,1882,1883,0,0,1
1881,1879,1884,0,0,1
1752,1884,1885,0,0,1
1749,1885,1886,0,0,1
1883,1847,1887,0,0,1
1888,1887,1889,1,0,1
1874,1889,1886,0,0,0
1890,1761,1891,1,0,1,769
1756,1892,1893,0,1,1
1839,1893,1891,0,0,0
1894,1705,1895,1,0,1,2306
1711,1896,1897,0,1,1
1709,1897,1898,0,0,1
1707,1898,1895,0,0,0
1785,1890,1899,0,0,1,770
1758,1899,1892,0,0,0
884,1004,1900,0,0,1,1025
885,1900,1901,0,0,1
1902,882,1903,1,0,1
1904,1903,1905,1,0,1
1906,1905,1907,1,0,1
1908,1907,1909,1,0,1
1910,1909,1911,1,0,1
1912,1911,1913,1,0,1
1914,1913,1915,1,0,1
1916,1915,1917,1,0,1
1918,1917,1919,1,0,1
1920,1919,1921,1,0,1
1922,1923,1924,1,1,1
1925,1926,1927,1,1,1
1928,1929,1930,1,1,1
1931,1932,1933,1,1,1
1934,1933,1935,1,0,1
1936,1935,1937,1,0,1
1938,1937,1939,1,0,1
1940,1941,1942,1,1,1
1943,1942,1944,1,0,1
1945,1944,1946,1,0,1
1947,1946,1948,1,0,1
1949,1948,1950,1,0,1
1951,1952,1953,1,1,1
1954,1953,1955,1,0,1
888,1956,1957,0,1,1
1921,1901,1958,0,0,1
1924,1958,1959,0,0,1
1930,1927,1960,0,0,1
1939,1960,1961,0,0,1
1950,1962,1963,0,1,1
1955,1963,1964,0,0,1
1959,1957,1965,0,0,1
1961,1965,1966,0,0,1
1967,1966,1968,1,0,1
1969,1968,1970,1,0,1
1964,1971,1972,0,1,1
1973,1972,1970,1,0,0
1896,1713,1974,0,0,1,2305
1975,1974,1976,1,0,1
1977,1976,1978,1,0,1
1979,1978,1715,1,0,0
1980,1977,1981,1,0,1,2306
1982,1981,1983,1,0,1
1984,1983,1985,1,0,1
1986,1985,1987,1,0,1
1988,1989,1990,1,1,1
1991,1990,1992,1,0,1
1719,1992,1993,0,0,1
1717,1993,1994,0,0,1
1979,1994,1987,0,0,0
1918,1920,1995,0,0,1,1026
1914,1916,1996,0,0,1
1910,1912,1997,0,0,1
1906,1908,1998,0,0,1
1928,1932,1999,0,0,1
1925,1929,2000,0,0,1
1922,1926,2001,0,0,1
1923,2001,2002,0,0,1
1995,2002,2003,0,0,1
1996,2003,2004,0,0,1
1997,2004,2005,0,0,1
1999,1998,2006,0,0,1
2000,2006,2005,0,0,0
1956,887,2007,0,0,1,37888
1973,2007,2008,0,0,1
1954,2008,2009,0,0,1
1951,2009,2010,0,0,1
1949,1952,2011,0,0,1
1947,2011,2012,0,0,1
2013,1945,2014,1,0,1
2015,2016,2017,1,1,1
2018,2019,2020,1,1,1
2021,2020,2022,1,0,1
2023,2022,2024,1,0,1
890,2024,2025,0,0,1
2010,2025,2026,0,0,1
2012,2026,2027,0,0,1
2014,2027,2017,0,0,0
2028,1982,2029,1,0,1,2305
2030,2029,2031,1,0,1
1989,2032,2033,0,1,1
1986,2033,2034,0,0,1
2031,1984,2035,0,0,1
2036,2035,2034,1,0,0
2037,879,2038,1,0,1,37888
2039,2038,2040,1,0,1
2041,2040,2042,1,0,1
874,2043,2044,0,1,1
872,2044,2045,0,0,1
2046,2045,2047,1,0,1
2048,2047,2049,1,0,1
2050,2049,2051,1,0,1
2052,2053,2054,1,1,1
2055,2054,2056,1,0,1
2057,2056,2058,1,0,1
2059,2060,2061,1,1,1
2062,2061,2063,1,0,1
2064,2063,2065,1,0,1
2066,2065,2067,1,0,1
2068,2069,2070,1,1,1
2071,2070,2072,1,0,1
2073,2074,2075,1,1,1
2076,2077,2078,1,1,1
2079,2078,2080,1,0,1
1934,2081,2082,0,1,1
1904,1931,2083,0,0,1
2042,1902,2084,0,0,1
2051,2085,2086,0,1,1
2058,2086,2087,0,0,1
2067,2087,2088,0,0,1
2072,2088,2089,0,0,1
2082,2080,2090,0,0,1
2083,2090,2091,0,0,1
2084,2091,2092,0,0,1
2089,2093,2094,0,1,1
2075,2094,2092,0,0,0
2095,2096,2097,1,1,1,2305
2098,1725,2099,1,1,1
2100,2099,2101,1,0,1
2102,2101,2103,1,0,1
2104,2105,2106,1,1,1
2107,2106,2108,1,0,1
1991,2108,2109,1,0,1
1721,2109,2110,1,0,1
2097,2110,2103,0,0,0
2107,1988,2111,0,1,1,4865
2104,2111,2112,0,0,1
2113,2112,2114,1,0,1
2115,2114,2116,1,0,1
2030,2117,2118,1,1,1
2036,2118,2119,1,0,1
2032,2119,2116,1,0,0
1872,1875,2120,0,0,1,37888
1888,1873,2121,0,0,1
1869,2121,2122,0,0,1
1870,2122,2123,0,0,1
1867,2123,2124,0,0,1
1865,2124,2125,0,0,1
835,2125,2120,0,0,0
1938,1967,2126,0,0,1,1026
2079,2081,2127,0,0,1
2128,2127,2129,1,0,1
2130,2131,2132,1,1,1
2069,2133,2134,0,1,1
2135,2066,2136,1,0,1
2137,2136,2138,1,0,1
2139,2138,2140,1,0,1
2141,2142,2143,1,1,1
2144,2143,2145,1,0,1
2146,2145,2147,1,0,1
2148,2149,2150,1,1,1
2151,2150,2152,1,0,1
2013,2016,2153,0,0,1
1943,2153,2154,0,0,1
1962,1941,2155,0,0,1
1971,2155,2156,0,0,1
2157,2156,2158,1,0,1
2159,2160,2161,1,1,1
2126,2161,2162,0,0,1
1936,2162,2163,0,0,1
2129,2163,2164,0,0,1
2132,2164,2165,0,0,1
2140,2134,2166,0,0,1
2147,2166,2167,0,0,1
2154,2152,2168,0,0,1
2158,1940,2169,0,0,1
2165,2170,2171,0,1,1
2167,2171,2172,0,0,1
2168,2173,2174,0,1,1
2169,2174,2172,0,0,0
876,880,2175,0,0,1,1025
982,877,2176,0,0,1
2043,2176,2177,0,0,1
2085,2177,2178,0,0,1
2093,2178,2179,0,0,1
2041,2179,2180,0,0,1
2039,2180,2181,0,0,1
2037,2181,2175,0,0,0
2170,2160,2182,0,0,1,1027
2157,2182,2183,0,0,1
1969,2183,2159,0,0,0
2184,2185,2186,1,1,1,1267
2187,2186,2188,1,0,1
2189,2188,2190,1,0,1
2191,2192,2193,1,1,1
2194,2193,2195,1,0,1
2196,2195,2197,1,0,1
2198,2197,2190,1,0,0
2023,892,2199,0,0,1,1026
2200,2199,2201,1,0,1
2202,2203,2204,1,1,1
895,2204,2201,0,0,0
2205,2206,2207,1,1,1,1025
2208,2209,2210,1,1,1
2211,2210,2212,1,0,1
2213,2212,2214,1,0,1
2215,2214,2216,1,0,1
2217,2216,2218,1,0,1
2219,2220,2221,1,1,1
2222,2221,2223,1,0,1
2224,2223,2225,1,0,1
136,2225,2226,1,0,1
2227,2226,2228,1,0,1
2229,2228,2230,1,0,1
2231,2230,2232,1,0,1
143,2233,2234,1,1,1
146,2234,2235,1,0,1
2236,70,2237,1,1,1
2238,2237,2239,1,0,1
2240,2239,2241,1,0,1
2242,2243,2244,1,1,1
2245,2244,2246,1,0,1
2247,2246,2248,1,0,1
2249,2250,2251,1,1,1
2252,2253,2254,1,1,1
2255,2256,2257,1,1,1
2258,2257,2259,1,0,1
2260,2261,2262,1,1,1
2207,2260,2263,0,0,1
2218,2263,2264,0,0,1
2232,2264,2265,0,0,1
2235,2265,2266,0,0,1
2241,2266,2267,0,0,1
2251,2248,2268,0,0,1
2254,2268,2269,0,0,1
2259,2269,2270,0,0,1
2262,2270,2267,0,0,0
2073,2077,2271,0,0,1,1025
2071,2074,2272,0,0,1
2068,2272,2273,0,0,1
2133,2273,2274,0,0,1
2130,2274,2275,0,0,1
2128,2131,2276,0,0,1
2076,2276,2277,0,0,1
2271,2277,2275,0,0,0
2148,2151,2278,0,0,1,1027
2173,2149,2279,0,0,1
2146,2279,2280,0,0,1
2144,2280,2281,0,0,1
2139,2142,2282,0,0,1
2137,2282,2283,0,0,1
2135,2283,2284,0,0,1
2285,2284,2286,1,0,1
2287,2288,2289,1,1,1
2290,2289,2291,1,0,1
2292,2293,2294,1,1,1
2295,2296,2297,1,1,1
2298,2299,2300,1,1,1
2301,2302,2303,1,1,1
2304,2303,2305,1,0,1
2306,2305,2307,1,0,1
2308,2307,2309,1,0,1
2310,2309,2311,1,0,1
2312,2311,2313,1,0,1
2314,2313,2315,1,0,1
2316,2317,2318,1,1,1
2319,2320,2321,1,1,1
2322,2321,2323,1,0,1
2324,2323,2325,1,0,1
2326,2327,2328,1,1,1
2329,2328,2330,1,0,1
2331,2330,2332,1,0,1
2333,2332,2334,1,0,1
2335,2334,2336,1,0,1
2337,2338,2339,1,1,1
2340,2339,2341,1,0,1
2342,2343,2344,1,1,1
2345,2344,2346,1,0,1
2347,2346,2348,1,0,1
2349,2348,2350,1,0,1
2351,2350,2352,1,0,1
2353,2354,2355,1,1,1
2356,2355,2357,1,0,1
2358,2357,2359,1,0,1
2360,2359,2361,1,0,1
2362,2363,2364,1,1,1
2365,2366,2367,1,1,1
2368,2367,2369,1,0,1
2370,2371,2372,1,1,1
2373,2372,2374,1,0,1
2375,2376,2377,1,1,1
2378,2377,2379,1,0,1
2380,2379,2381,1,0,1
2019,2381,2382,0,0,1
2015,2382,2383,0,0,1
2278,2383,2384,0,0,1
2286,2141,2385,0,0,1
2294,2291,2386,0,0,1
2300,2297,2387,0,0,1
2315,2387,2388,0,0,1
2318,2388,2389,0,0,1
2325,2390,2391,0,1,1
2341,2336,2392,0,0,1
2352,2392,2393,0,0,1
2394,2393,2395,1,0,1
2361,2395,2396,0,0,1
2397,2396,2398,1,0,1
2369,2364,2399,0,0,1
2384,2374,2400,0,0,1
2281,2400,2401,0,0,1
2391,2389,2402,0,0,1
2398,2402,2403,0,0,1
2399,2403,2404,0,0,1
2401,2405,2406,0,1,1
2385,2406,2407,0,0,1
2386,2407,2404,0,0,0
2202,894,2408,0,0,1,37888
2409,2408,2410,1,0,1
2411,2412,2413,1,1,1
2414,2413,2415,1,0,1
2416,2415,2417,1,0,1
898,2417,2410,0,0,0
2258,2261,2418,0,0,1,4865
2252,2256,2419,0,0,1
2249,2253,2420,0,0,1
2421,2420,2422,1,0,1
2423,2422,2424,1,0,1
2418,2424,2425,0,0,1
2255,2425,2419,0,0,0
1728,1791,2426,0,0,1,1025
2427,2098,2428,1,1,1
2429,2428,2430,1,0,1
2431,2430,2432,1,0,1
1730,2433,2434,0,1,1
1731,2434,2435,0,0,1
2426,2435,2432,0,0,0
2021,2200,2436,0,0,1,1027
2437,2436,2438,1,0,1
2439,2438,2440,1,0,1
2441,2440,2442,1,0,1
2443,2442,2444,1,0,1
2445,2444,2446,1,0,1
2447,2446,2448,1,0,1
2449,2448,2450,1,0,1
2451,2450,2452,1,0,1
2411,2452,2453,0,0,1
2412,2453,2454,0,0,1
2409,2454,2203,0,0,0
2368,2405,2455,0,0,1,1028
2362,2366,2456,0,0,1
2397,2363,2457,0,0,1
2360,2457,2458,0,0,1
2358,2458,2459,0,0,1
2460,2356,2461,1,0,1
2462,2463,2464,1,1,1
2465,2466,2467,1,1,1
2447,2468,2469,0,1,1
2445,2469,2470,0,0,1
2471,2470,2472,1,0,1
2473,2474,2475,1,1,1
2378,2476,2477,0,1,1
2373,2376,2478,0,0,1
2455,2371,2479,0,0,1
2456,2365,2480,0,0,1
2459,2480,2481,0,0,1
2461,2481,2482,0,0,1
2464,2482,2483,0,0,1
2467,2483,2484,0,0,1
2472,2484,2485,0,0,1
2475,2485,2486,0,0,1
2478,2375,2487,0,0,1
2479,2370,2488,0,0,1
2486,2488,2489,0,0,1
2477,2489,2487,0,0,0
2490,2243,2491,1,1,1,1026
2238,2491,2240,1,0,1
2018,2437,2492,0,0,1,1026
2380,2492,2493,0,0,1
2476,2493,2494,0,0,1
2473,2494,2495,0,0,1
2474,2495,2496,0,0,1
2471,2496,2497,0,0,1
2441,2443,2498,0,0,1
2439,2498,2497,0,0,0
2416,897,2499,0,0,1,1025
2500,2499,2501,1,0,1
2502,2501,2503,1,0,1
2504,2505,2506,1,1,1
901,2507,2508,0,1,1
2503,2508,2506,0,0,0
843,845,2509,0,0,1,33536
1860,2509,2510,0,0,1
850,2510,847,0,0,0
1738,1740,2511,0,0,1,769
2512,2511,2513,1,0,1
2514,2513,2515,1,0,1
2516,2517,2518,1,1,1
1855,2518,2519,0,0,1
1852,2519,2520,0,0,1
1850,2520,2521,0,0,1
1848,2521,2515,0,0,0
2522,2523,2524,1,1,1,37632
2525,2526,2527,1,1,1
2528,2527,2529,1,0,1
2530,2531,2532,1,1,1
2517,2532,2533,0,0,1
2514,2533,2534,0,0,1
2512,2534,2535,0,0,1
1736,2535,2536,0,0,1
1733,2536,2537,0,0,1
2524,2537,2529,0,0,0
2451,2414,2538,0,0,1,1026
2539,2538,2540,1,0,1
2541,2542,2543,1,1,1
2544,2543,2545,1,0,1
2500,2545,2540,0,0,0
2064,2285,2546,0,0,1,1026
2062,2546,2547,0,0,1
2059,2547,2548,0,0,1
2057,2060,2549,0,0,1
2550,2551,2552,1,1,1
2553,2552,2554,1,0,1
2555,2554,2556,1,0,1
2557,2556,2558,1,0,1
2559,2558,2560,1,0,1
2561,2560,2562,1,0,1
2563,2564,2565,1,1,1
2566,2565,2567,1,0,1
2568,2567,2569,1,0,1
2570,2571,2572,1,1,1
2573,2572,2574,1,0,1
2575,2574,2576,1,0,1
2577,2578,2579,1,1,1
2580,2579,2581,1,0,1
2582,2581,2583,1,0,1
2584,2583,2585,1,0,1
2586,2585,2587,1,0,1
2588,2587,2589,1,0,1
2590,2591,2592,1,1,1
2593,2592,2594,1,0,1
2595,2594,2596,1,0,1
2597,2598,2599,1,1,1
2600,2601,2602,1,1,1
2329,2602,2603,0,0,1
2326,2603,2604,0,0,1
2324,2327,2605,0,0,1
2322,2605,2606,0,0,1
2319,2606,2607,0,0,1
2390,2320,2608,0,0,1
2316,2608,2609,0,0,1
2317,2609,2610,0,0,1
2314,2610,2611,0,0,1
2312,2611,2612,0,0,1
2308,2310,2613,0,0,1
2298,2302,2614,0,0,1
2299,2614,2615,0,0,1
2295,2615,2616,0,0,1
2292,2296,2617,0,0,1
2293,2617,2618,0,0,1
2290,2618,2619,0,0,1
2287,2619,2620,0,0,1
2548,2288,2621,0,0,1
2549,2621,2622,0,0,1
2562,2623,2624,0,1,1
2569,2624,2625,0,0,1
2589,2576,2626,0,0,1
2627,2626,2628,1,0,1
2596,2628,2629,0,0,1
2604,2599,2630,0,0,1
2607,2630,2631,0,0,1
2612,2631,2632,0,0,1
2613,2632,2633,0,0,1
2306,2633,2634,0,0,1
2620,2616,2635,0,0,1
2622,2635,2636,0,0,1
2637,2636,2638,1,0,1
2625,2638,2639,0,0,1
2634,2629,2640,0,0,1
2304,2640,2641,0,0,1
2301,2641,2639,0,0,0
2507,900,2642,0,0,1,37888
2504,2642,2643,0,0,1
2644,2643,2645,1,0,1
2646,2645,2647,1,0,1
2648,2647,2649,1,0,1
2650,2651,2652,1,1,1
2653,2652,2654,1,0,1
2655,2654,2656,1,0,1
2657,2656,2658,1,0,1
2659,2658,2660,1,0,1
2661,2660,2662,1,0,1
2663,2664,2665,1,1,1
2666,2667,2668,1,1,1
2669,2670,2671,1,1,1
2672,2671,2673,1,0,1
2674,2673,2675,1,0,1
2676,2675,2677,1,0,1
2678,2677,2679,1,0,1
1011,2680,2681,0,1,1
903,2681,2682,0,0,1
2662,2683,2684,0,1,1
2685,2684,2686,1,0,1
2679,2668,2687,0,0,1
2682,2688,2689,0,1,1
2686,2649,2690,0,0,1
2691,2690,2692,1,0,1
2693,2692,2694,1,0,1
2687,2665,2695,0,0,1
2689,2695,2694,0,0,0
2046,2048,2696,0,0,1,1025
870,2696,2697,0,0,1
2698,2697,2699,1,0,1
2700,2701,2702,1,1,1
2550,2702,2703,0,0,1
2623,2551,2704,0,0,1
2052,2055,2705,0,0,1
2699,2050,2706,0,0,1
2703,2706,2707,0,0,1
2704,2707,2708,0,0,1
2705,2637,2709,0,0,1
2053,2709,2708,0,0,0
2544,2502,2710,0,0,1,9220
2541,2710,2711,0,0,1
2712,2711,2713,1,0,1
2714,2713,2715,1,0,1
2716,2715,2717,1,0,1
2718,2717,2719,1,0,1
2720,2719,2721,1,0,1
2516,1854,2722,0,0,1,37888
2530,2722,2723,0,0,1
2724,2723,2725,1,0,1
2211,2725,2726,1,0,1
2213,2726,2727,1,0,1
2728,2727,2729,1,0,1
2730,2729,2731,1,0,1
2220,2731,2732,1,0,1
2733,2732,2734,1,0,1
2735,2734,2736,1,0,1
2737,2738,2739,1,1,1
2740,2739,2741,1,0,1
2742,2743,2744,1,1,1
2745,2746,2747,1,1,1
2748,2747,2749,1,0,1
2750,2749,2751,1,0,1
2752,2753,2754,1,1,1
2755,2756,2757,1,1,1
2758,2757,2759,1,0,1
2760,2761,2762,1,1,1
2763,2764,2765,1,1,1
2766,2767,2768,1,1,1
2769,2768,2770,1,0,1
2771,2770,2772,1,0,1
2773,2772,2774,1,0,1
2775,2774,2776,1,0,1
2777,2776,2778,1,0,1
2779,2778,2780,1,0,1
2781,2780,2782,1,0,1
2783,2782,2784,1,0,1
2785,2786,2787,1,1,1
2788,2787,2789,1,0,1
2790,2791,2792,1,1,1
2793,2794,2795,1,1,1
2796,2797,2798,1,1,1
2799,2798,2800,1,0,1
2801,2800,2802,1,0,1
2803,2802,2804,1,0,1
2805,2804,2806,1,0,1
2807,2808,2809,1,1,1
2810,2809,2811,1,0,1
2812,2813,2814,1,1,1
2815,2816,2817,1,1,1
2818,2817,2819,1,0,1
2820,2819,2821,1,0,1
2822,2823,2824,1,1,1
2580,2824,2825,0,0,1
2577,2825,2826,0,0,1
2575,2578,2827,0,0,1
2573,2827,2828,0,0,1
2568,2571,2829,0,0,1
2566,2829,2830,0,0,1
2831,2563,2832,1,0,1
2555,2833,2834,0,1,1
2553,2834,2835,0,0,1
2700,2835,2836,0,0,1
2698,2701,2837,0,0,1
867,2837,2838,0,0,1
868,2838,2839,0,0,1
865,2839,2840,0,0,1
860,863,2841,0,0,1
856,858,2842,0,0,1
852,854,2843,0,0,1
1857,2843,2844,0,0,1
2736,2844,2845,0,0,1
2741,2846,2847,0,1,1
2848,2847,2849,1,0,1
2744,2849,2850,0,0,1
2751,2851,2852,0,1,1
2754,2852,2853,0,0,1
2759,2853,2854,0,0,1
2765,2855,2856,0,1,1
2784,2856,2857,0,0,1
2789,2857,2858,0,0,1
2792,2858,2859,0,0,1
2795,2859,2860,0,0,1
2861,2860,2862,1,0,1
2806,2862,2863,0,0,1
2811,2863,2864,0,0,1
2865,2864,2866,1,0,1
2814,2866,2867,0,0,1
2821,2867,2868,0,0,1
2869,2868,2870,1,0,1
2826,2870,2871,0,0,1
2828,2871,2872,0,0,1
2570,2872,2873,0,0,1
2830,2873,2874,0,0,1
2832,2874,2875,0,0,1
2836,2875,2876,0,0,1
2840,2876,2877,0,0,1
862,2877,2878,0,0,1
2841,2878,2879,0,0,1
2842,2879,2880,0,0,1
2845,2880,2881,0,0,1
2854,2850,2882,0,0,1
2762,2882,2881,0,0,0
2449,2539,2883,0,0,1,21508
2468,2883,2884,0,0,1
2465,2884,2885,0,0,1
2886,2885,2887,1,0,1
2888,2887,2889,1,0,1
2890,2889,2891,1,0,1
2714,2891,2892,0,0,1
2712,2892,2542,0,0,0
2688,2680,2893,0,0,1,1026
2676,2678,2894,0,0,1
2895,2894,2896,1,0,1
905,2897,2898,0,1,1
906,2898,2899,0,0,1
2893,2899,2896,0,0,0
2466,2886,2900,0,0,1,1026
2462,2900,2901,0,0,1
2902,2901,2903,1,0,1
2904,2903,2905,1,0,1
2906,2907,2908,1,1,1
2909,2908,2910,1,0,1
2911,2910,2905,1,0,0
2460,2463,2912,0,0,1,9220
2353,2912,2913,0,0,1
2914,2913,2915,1,0,1
2345,2915,2916,0,0,1
2342,2916,2917,0,0,1
2918,2917,2919,1,0,1
2920,2919,2921,1,0,1
2922,2921,2923,1,0,1
2924,2925,2926,1,1,1
2927,2926,2928,1,0,1
2929,2928,2930,1,0,1
2931,2930,2932,1,0,1
2933,2932,2934,1,0,1
2935,2934,2936,1,0,1
2907,2936,2937,0,0,1
2923,2902,2938,0,0,1
2937,2939,2940,0,1,1
2904,2940,2938,0,0,0
2721,2505,2941,0,0,1,13315
2720,2941,2942,0,0,1
2943,2942,2944,1,0,1
2906,2945,2946,0,1,1
2935,2946,2947,0,0,1
2948,2947,2949,1,0,1
2644,2949,2944,0,0,0
2888,2890,2950,0,0,1,9219
2911,2950,2951,0,0,1
2909,2951,2952,0,0,1
2943,2945,2953,0,0,1
2718,2953,2954,0,0,1
2716,2954,2952,0,0,0
2685,2691,2955,0,0,1,21507
2956,2955,2957,1,0,1
2664,2957,2693,0,0,0
2895,2897,2958,0,0,1,1027
2674,2958,2959,0,0,1
2960,2959,2961,1,0,1
2962,2961,2963,1,0,1
2964,2963,2965,1,0,1
2966,2965,909,1,0,0
2948,2646,2967,0,0,1,21508
2933,2967,2968,0,0,1
2931,2968,2969,0,0,1
2970,2969,2971,1,0,1
2972,2971,2973,1,0,1
2974,2973,2975,1,0,1
2976,2975,2648,1,0,0
144,2233,2977,0,1,1,1026
141,169,2978,0,0,1
2979,139,2980,1,0,1
2231,2981,2982,1,1,1
2977,2982,2983,0,0,1
2978,2983,2980,0,0,0
2966,908,2984,0,0,1,37888
2964,2984,2985,0,0,1
2986,2985,2987,1,0,1
2988,2987,912,1,0,0
2394,2354,2989,0,0,1,1028
2349,2351,2990,0,0,1
2914,2347,2991,0,0,1
2989,2991,2990,0,0,0
2343,2918,2992,0,0,1,1028
2340,2992,2993,0,0,1
2337,2993,2994,0,0,1
2335,2338,2995,0,0,1
2996,2995,2997,1,0,1
2998,2999,3000,1,1,1
3001,3000,3002,1,0,1
3003,3002,3004,1,0,1
3005,3004,3006,1,0,1
2922,3006,3007,0,0,1
2920,3007,3008,0,0,1
2994,3008,2997,0,0,0
3005,2939,3009,0,0,1,1027
3003,3009,3010,0,0,1
3001,3010,3011,0,0,1
3012,3011,3013,1,0,1
3014,3013,3015,1,0,1
3016,3015,3017,1,0,1
3018,3017,3019,1,0,1
3020,3019,2925,1,0,0
2988,911,3021,0,0,1,1267
2960,2962,3022,0,0,1
2672,3022,3023,0,0,1
3024,3023,3025,1,0,1
3026,3025,3027,1,0,1
3028,3027,3029,1,0,1
3030,3029,3031,1,0,1
3021,915,3032,0,0,1
3031,2986,3033,0,0,1
1118,3033,3032,0,0,0
2661,2956,3034,0,0,1,21508
2659,3034,3035,0,0,1
2657,3035,3036,0,0,1
2655,3036,3037,0,0,1
3038,3037,3039,1,0,1
3040,3039,3041,1,0,1
3042,3041,3043,1,0,1
2667,3043,2663,0,0,0
2833,2557,3044,0,0,1,1025
2831,3044,3045,0,0,1
2561,2564,3046,0,0,1
2559,3046,3045,0,0,0
3047,2974,3048,1,0,1,13315
3049,3048,3050,1,0,1
2683,3050,2976,0,0,0
2219,2733,3051,1,0,1,37632
3052,3053,3054,1,1,1
2737,3054,3055,0,0,1
2738,3055,3056,0,0,1
2846,3056,3057,0,0,1
2735,3057,3051,0,0,0
2924,2927,3058,0,0,1,21507
3020,3058,3059,0,0,1
3060,3059,3061,1,0,1
3062,3061,3063,1,0,1
3064,3063,3065,1,0,1
2970,3065,2929,0,0,0
3030,1120,3066,0,0,1,38128
3028,3066,3067,0,0,1
3068,3067,3069,1,0,1
3070,3071,3072,1,1,1
3073,3072,3074,1,0,1
3075,3074,3076,1,0,1
3077,3078,3079,1,1,1
3080,3079,3081,1,0,1
1126,3081,3082,0,0,1
1122,1124,3083,0,0,1
3076,3069,3084,0,0,1
3085,3084,3086,1,0,1
3082,3087,3088,0,1,1
3083,3088,3086,0,0,0
3089,3040,3090,1,0,1,9221
3091,3090,3092,1,0,1
3093,3092,3094,1,0,1
3095,3094,3096,1,0,1
2670,3096,3097,0,0,1
2666,3097,3042,0,0,0
3064,2972,3098,0,0,1,21509
3099,3098,3100,1,0,1
3101,3100,3102,1,0,1
3103,3102,3104,1,0,1
3105,3104,3106,1,0,1
3107,3106,3108,1,0,1
2651,3109,3110,0,1,1
3049,3110,3111,0,0,1
3047,3111,3108,0,0,0
2333,2996,3112,0,0,1,37888
2600,2331,3113,0,0,1
2597,2601,3114,0,0,1
3115,3114,3116,1,0,1
3117,3118,3119,1,1,1
2593,3119,3120,0,0,1
3121,3120,3122,1,0,1
3123,3122,3124,1,0,1
3125,3126,3127,1,1,1
3128,3127,3129,1,0,1
3130,3129,3131,1,0,1
3014,3131,3132,0,0,1
3012,3132,3133,0,0,1
2998,3133,3134,0,0,1
3112,2999,3135,0,0,1
3113,3135,3136,0,0,1
3116,3136,3137,0,0,1
3124,3137,3134,0,0,0
2222,3053,3138,1,0,1,769
2224,3138,3139,1,0,1
166,137,3140,0,0,1
133,3140,3141,0,0,1
131,134,3142,0,0,1
3143,3142,3144,1,0,1
3139,3144,3141,0,0,0
2669,3024,3145,0,0,1,21748
3095,3145,3146,0,0,1
3147,3146,3148,1,0,1
3149,3148,3150,1,0,1
3151,3150,3152,1,0,1
3153,3152,3154,1,0,1
3155,3156,3157,1,1,1
3158,3159,3160,1,1,1
3161,3160,3162,1,0,1
3163,3162,3164,1,0,1
3165,3164,3166,1,0,1
3167,3166,3168,1,0,1
3169,3168,3170,1,0,1
3171,3170,3172,1,0,1
3173,3172,3174,1,0,1
3175,3174,3176,1,0,1
3177,3176,3178,1,0,1
3070,3178,3179,0,0,1
3068,3071,3180,0,0,1
3026,3180,3181,0,0,1
3154,3181,3182,0,0,1
3157,3182,3179,0,0,0
2653,3038,3183,0,0,1,21507
3184,3183,3185,1,0,1
3091,3186,3187,0,1,1
3089,3187,3185,0,0,0
3143,3052,3188,0,0,1,1025
129,3188,3189,0,0,1
3190,3189,3191,1,0,1
3192,3193,3194,1,1,1
3195,3196,3197,1,1,1
3198,3199,3200,1,1,1
3201,3202,3203,1,1,1
3204,3205,3206,1,1,1
3207,3206,3208,1,0,1
3209,3210,3211,1,1,1
3212,3213,3214,1,1,1
3215,3216,3217,1,1,1
2756,3217,3218,0,0,1
2752,3218,3219,0,0,1
2753,3219,3220,0,0,1
2750,3220,3221,0,0,1
2748,3221,3222,0,0,1
2851,2746,3223,0,0,1
2742,3223,3224,0,0,1
2848,2743,3225,0,0,1
2740,3225,3226,0,0,1
3191,3226,3227,0,0,1
3228,3227,3229,1,0,1
3200,3230,3231,0,1,1
3203,3231,3232,0,0,1
3208,3232,3233,0,0,1
3211,3233,3234,0,0,1
3222,3214,3235,0,0,1
3229,3224,3236,0,0,1
3194,3236,3237,0,0,1
3197,3237,3238,0,0,1
3235,3234,3239,0,0,1
2745,3239,3238,0,0,0
3062,3099,3240,0,0,1,9220
3241,3240,3242,1,0,1
3243,3242,3244,1,0,1
3245,3246,3247,1,1,1
3248,3249,3250,1,1,1
3251,3252,3253,1,1,1
3101,3253,3254,0,0,1
3244,3254,3255,0,0,1
3247,3255,3250,0,0,0
3018,3060,3256,0,0,1,1026
3016,3256,3257,0,0,1
3130,3257,3258,0,0,1
3259,3258,3260,1,0,1
3261,3260,3241,1,0,0
3262,3263,3264,1,1,1,21748
3265,3264,3266,1,0,1
3267,3266,3268,1,0,1
3269,3268,3270,1,0,1
3271,3270,3272,1,0,1
3273,3274,3275,1,1,1
3276,3275,3277,1,0,1
3278,3277,3272,1,0,0
3107,3109,3279,0,0,1,38128
3280,3279,3281,1,0,1
3282,3283,3284,1,1,1
3285,3286,3287,1,1,1
3246,3288,3289,0,1,1
3261,3243,3290,0,0,1
3291,3290,3292,1,0,1
3293,3294,3295,1,1,1
3296,3297,3298,1,1,1
3299,3298,3300,1,0,1
3301,3300,3302,1,0,1
3303,3302,3304,1,0,1
3305,3304,3306,1,0,1
3307,3308,3309,1,1,1
3310,3311,3312,1,1,1
3313,3312,3314,1,0,1
3184,3314,3315,0,0,1
2650,3315,3316,0,0,1
3281,3316,3317,0,0,1
3284,3317,3318,0,0,1
3287,3318,3319,0,0,1
3292,3289,3320,0,0,1
3295,3320,3321,0,0,1
3306,3321,3322,0,0,1
3309,3322,3319,0,0,0
2595,2598,3323,0,0,1,1025
3117,3323,3324,0,0,1
3118,3324,3115,0,0,0
3075,3085,3325,0,0,1,21747
3177,3073,3326,0,0,1
3327,3326,3328,1,0,1
3329,3328,3330,1,0,1
3087,3331,3332,0,1,1
3325,3332,3330,0,0,0
3186,3093,3333,0,0,1,21747
3313,3333,3334,0,0,1
3310,3334,3335,0,0,1
3336,3335,3147,1,0,0
173,177,3337,0,0,1,771
3338,91,3339,1,0,1
3340,3339,3341,1,0,1
3342,3341,3343,1,0,1
94,3344,3345,0,1,1
3337,3345,3343,0,0,0
3080,1128,3346,0,0,1,9460
3077,3346,3347,0,0,1
3348,3347,3349,1,0,1
3350,3351,3352,1,1,1
3353,3352,3354,1,0,1
3355,3354,3356,1,0,1
3357,3356,3358,1,0,1
3359,3358,3360,1,0,1
3361,3360,3362,1,0,1
3363,3362,3364,1,0,1
3365,3364,3349,1,0,0
3103,3105,3366,0,0,1,21749
3251,3366,3367,0,0,1
3248,3252,3368,0,0,1
3369,3368,3370,1,0,1
3371,3370,3372,1,0,1
3286,3372,3373,0,0,1
3282,3373,3374,0,0,1
3283,3374,3375,0,0,1
3280,3375,3367,0,0,0
3329,3331,3376,0,0,1,21748
3377,3376,3378,1,0,1
3379,3380,3381,1,1,1
3382,3381,3383,1,0,1
3384,3383,3385,1,0,1
3386,3385,3387,1,0,1
3350,3387,3388,0,0,1
3351,3388,3389,0,0,1
3348,3389,3390,0,0,1
3078,3390,3378,0,0,0
3365,1130,3391,0,0,1,38128
3363,3391,3392,0,0,1
3393,3361,3394,1,0,1
3395,3394,3396,1,0,1
3397,3396,3398,1,0,1
3399,3398,3400,1,0,1
3401,3400,3402,1,0,1
3403,3404,3405,1,1,1
3406,3405,3407,1,0,1
3408,3409,3410,1,1,1
3411,3410,3412,1,0,1
3413,3412,3414,1,0,1
3415,3416,3417,1,1,1
3418,3417,3419,1,0,1
1142,3419,3420,0,0,1
3421,3420,3422,1,0,1
3423,3422,3424,1,0,1
3425,3424,3426,1,0,1
1135,3427,3428,0,1,1
3392,1132,3429,0,0,1
3402,3429,3430,0,0,1
3407,3430,3431,0,0,1
3432,3431,3433,1,0,1
3414,3433,3434,0,0,1
3426,3434,3435,0,0,1
3436,3435,3428,1,0,0
99,160,3437,0,0,1,1026
93,97,3438,0,0,1
3344,3438,3439,0,0,1
3342,3439,3440,0,0,1
3441,3440,3442,1,0,1
3443,3442,3444,1,0,1
104,3444,3445,0,0,1
105,3445,3446,0,0,1
101,3446,3447,0,0,1
3437,102,3448,0,0,1
96,3448,3447,0,0,0
3449,149,3450,1,0,1,1027
3451,3450,3452,1,0,1
73,3452,151,0,0,0
3128,3259,3453,0,0,1,1266
3454,3453,3455,1,0,1
3456,3455,3457,1,0,1
3294,3457,3291,0,0,0
3458,3459,3460,1,1,1,771
3461,3462,3463,1,1,1
3464,3463,3465,1,0,1
3466,3465,3467,1,0,1
3468,3467,3469,1,0,1
3470,3469,3471,1,0,1
3472,3471,3473,1,0,1
3460,3474,3475,0,1,1
3476,3475,3473,1,0,0
1134,1137,3477,0,0,1,1265
3436,3427,3478,0,0,1
3425,3478,3479,0,0,1
3423,3479,3480,0,0,1
3421,3480,3481,0,0,1
1139,1143,3482,0,0,1
3477,1140,3483,0,0,1
3481,3483,3482,0,0,0
3245,3249,3484,0,0,1,1267
3288,3484,3485,0,0,1
3371,3285,3486,0,0,1
3369,3486,3485,0,0,0
3487,3488,3489,1,1,1,1268
3490,3491,3492,1,1,1
3493,3492,3494,1,0,1
3495,3494,3496,1,0,1
3497,3496,3498,1,0,1
3499,3498,3500,1,0,1
3501,3500,3489,1,0,0
3175,3327,3502,0,0,1,9460
3503,3502,3504,1,0,1
3379,3504,3505,0,0,1
3380,3505,3377,0,0,0
3336,3149,3506,0,0,1,9461
3311,3506,3507,0,0,1
3307,3507,3508,0,0,1
3509,3508,3510,1,0,1
3155,3159,3511,0,0,1
3153,3156,3512,0,0,1
3510,3151,3513,0,0,1
3511,3513,3512,0,0,0
3121,3123,3514,0,0,1,33792
2590,3514,3515,0,0,1
3516,3515,3517,1,0,1
3518,3517,3519,1,0,1
3520,3521,3522,1,1,1
2586,3523,3524,0,1,1
2582,2584,3525,0,0,1
2822,3525,3526,0,0,1
2869,2823,3527,0,0,1
2820,3527,3528,0,0,1
2818,3528,3529,0,0,1
3530,3529,3531,1,0,1
3532,3531,3533,1,0,1
3534,3533,3535,1,0,1
3536,3535,3537,1,0,1
3538,3539,3540,1,1,1
3541,3540,3542,1,0,1
2799,3542,3543,0,0,1
3544,3543,3545,1,0,1
3546,3547,3548,1,1,1
3549,3548,3550,1,0,1
3551,3552,3553,1,1,1
3554,3555,3556,1,1,1
3557,3558,3559,1,1,1
3560,3561,3562,1,1,1
3563,3562,3564,1,0,1
3565,3566,3567,1,1,1
3568,3569,3570,1,1,1
3571,3570,3572,1,0,1
3573,3572,3574,1,0,1
3575,3576,3577,1,1,1
3578,3577,3579,1,0,1
3580,3581,3582,1,1,1
3583,3584,3585,1,1,1
3586,3585,3587,1,0,1
3588,3587,3589,1,0,1
3590,3591,3592,1,1,1
3593,3594,3595,1,1,1
3596,3597,3598,1,1,1
3599,3600,3601,1,1,1
3602,3603,3604,1,1,1
3605,3604,3606,1,0,1
3607,3608,3609,1,1,1
3610,3609,3611,1,0,1
3612,3613,3614,1,1,1
3615,3614,3616,1,0,1
3617,3618,3619,1,1,1
3620,3621,3622,1,1,1
3623,3624,3625,1,1,1
3626,3625,3627,1,0,1
3628,3629,3630,1,1,1
3631,3632,3633,1,1,1
3454,3633,3634,0,0,1
3125,3634,3635,0,0,1
3519,3126,3636,0,0,1
3522,3636,3637,0,0,1
3638,3637,3639,1,0,1
3524,3639,3640,0,0,1
3526,3640,3641,0,0,1
3537,3641,3642,0,0,1
3550,3545,3643,0,0,1
3553,3643,3644,0,0,1
3556,3644,3645,0,0,1
3559,3645,3646,0,0,1
3574,3647,3648,0,1,1
3649,3648,3650,1,0,1
3579,3650,3651,0,0,1
3582,3651,3652,0,0,1
3653,3652,3654,1,0,1
3655,3654,3656,1,0,1
3657,3656,3658,1,0,1
3592,3589,3659,0,0,1
3595,3659,3660,0,0,1
3598,3660,3661,0,0,1
3601,3661,3662,0,0,1
3606,3662,3663,0,0,1
3611,3663,3664,0,0,1
3665,3664,3666,1,0,1
3616,3666,3667,0,0,1
3622,3619,3668,0,0,1
3627,3668,3669,0,0,1
3630,3669,3670,0,0,1
3635,3671,3672,0,1,1
3642,3672,3673,0,0,1
3658,3567,3674,0,0,1
3667,3674,3675,0,0,1
3676,3675,3677,1,0,1
3670,3678,3679,0,1,1
3673,3679,3680,0,0,1
3646,3680,3681,0,0,1
3564,3681,3677,0,0,0
3340,3441,3682,0,0,1,1027
3338,3682,3683,0,0,1
88,3683,3684,0,0,1
3685,3684,3686,1,0,1
3687,3686,3688,1,0,1
3689,3688,3690,1,0,1
3691,3690,3692,1,0,1
3693,3692,3694,1,0,1
107,3694,3443,0,0,0
3695,3451,3696,1,0,1,771
76,3696,72,0,0,0
126,3190,3697,0,0,1,769
124,127,3698,0,0,1
120,122,3699,0,0,1
3196,3699,3700,0,0,1
3192,3700,3701,0,0,1
3228,3193,3702,0,0,1
3697,3702,3703,0,0,1
3698,3703,3701,0,0,0
3406,3432,3704,0,0,1,21746
3403,3704,3705,0,0,1
3401,3404,3706,0,0,1
3707,3706,3708,1,0,1
3709,3708,3710,1,0,1
3711,3710,3712,1,0,1
3408,3712,3713,0,0,1
3409,3713,3705,0,0,0
3671,3632,3714,0,0,1,34032
3628,3714,3715,0,0,1
3626,3629,3716,0,0,1
3623,3716,3717,0,0,1
3620,3624,3718,0,0,1
3617,3621,3719,0,0,1
3678,3618,3720,0,0,1
3676,3720,3721,0,0,1
3615,3721,3722,0,0,1
3612,3722,3723,0,0,1
3613,3723,3724,0,0,1
3665,3724,3725,0,0,1
3610,3725,3726,0,0,1
3607,3726,3727,0,0,1
3605,3608,3728,0,0,1
3602,3728,3729,0,0,1
3599,3603,3730,0,0,1
3596,3600,3731,0,0,1
3593,3597,3732,0,0,1
3594,3732,3733,0,0,1
3590,3733,3734,0,0,1
3591,3734,3735,0,0,1
3736,3588,3737,1,0,1
3738,3737,3739,1,0,1
3740,3739,3741,1,0,1
3742,3741,3743,1,0,1
3744,3745,3746,1,1,1
3747,3746,3748,1,0,1
3749,3748,3750,1,0,1
3751,3752,3753,1,1,1
3754,3753,3755,1,0,1
3756,3757,3758,1,1,1
3759,3760,3761,1,1,1
3762,3763,3764,1,1,1
3765,3764,3766,1,0,1
3767,3766,3768,1,0,1
3769,3770,3771,1,1,1
3772,3773,3774,1,1,1
3775,3776,3777,1,1,1
3778,3777,3779,1,0,1
3780,3781,3782,1,1,1
3783,3782,3784,1,0,1
3785,3784,3786,1,0,1
3787,3786,3788,1,0,1
3789,3788,3790,1,0,1
3791,3792,3793,1,1,1
3794,3793,3795,1,0,1
3796,3797,3798,1,1,1
3799,3798,3800,1,0,1
3801,3802,3803,1,1,1
3804,3803,3805,1,0,1
3806,3807,3808,1,1,1
3809,3810,3811,1,1,1
3812,3813,3814,1,1,1
3815,3814,3816,1,0,1
3817,3818,3819,1,1,1
3820,3819,3821,1,0,1
3822,3821,3823,1,0,1
3824,3823,3825,1,0,1
3826,3827,3828,1,1,1
3829,3828,3830,1,0,1
3831,3830,3832,1,0,1
3833,3832,3834,1,0,1
3296,3834,3835,0,0,1
3293,3297,3836,0,0,1
3456,3836,3837,0,0,1
3631,3837,3838,0,0,1
3715,3838,3839,0,0,1
3717,3839,3840,0,0,1
3727,3719,3841,0,0,1
3729,3841,3842,0,0,1
3735,3731,3843,0,0,1
3743,3843,3844,0,0,1
3750,3844,3845,0,0,1
3755,3845,3846,0,0,1
3758,3846,3847,0,0,1
3761,3847,3848,0,0,1
3849,3848,3850,1,0,1
3768,3850,3851,0,0,1
3771,3851,3852,0,0,1
3774,3852,3853,0,0,1
3779,3853,3854,0,0,1
3790,3854,3855,0,0,1
3795,3855,3856,0,0,1
3800,3856,3857,0,0,1
3805,3857,3858,0,0,1
3808,3858,3859,0,0,1
3811,3859,3860,0,0,1
3816,3860,3861,0,0,1
3825,3861,3862,0,0,1
3835,3862,3863,0,0,1
3840,3863,3864,0,0,1
3842,3718,3865,0,0,1
3730,3865,3864,0,0,0
89,3685,3866,0,0,1,1026
157,3866,3867,0,0,1
85,3867,3868,0,0,1
86,3868,3869,0,0,1
3870,82,3871,1,0,1
3691,3872,3873,0,1,1
3689,3873,3874,0,0,1
3869,3687,3875,0,0,1
3871,3875,3874,0,0,0
2627,2591,3876,0,0,1,1025
3523,2588,3877,0,0,1
3638,3877,3878,0,0,1
3520,3878,3879,0,0,1
3518,3521,3880,0,0,1
3516,3880,3881,0,0,1
3876,3881,3879,0,0,0
3382,3384,3882,0,0,1,9461
3173,3503,3883,0,0,1
3171,3883,3884,0,0,1
3885,3884,3886,1,0,1
3887,3886,3888,1,0,1
3889,3888,3890,1,0,1
3891,3890,3892,1,0,1
3893,3892,3894,1,0,1
3895,3894,3896,1,0,1
3355,3896,3897,0,0,1
3353,3897,3898,0,0,1
3386,3898,3882,0,0,0
3305,3308,3899,0,0,1,1267
3301,3303,3900,0,0,1
3833,3299,3901,0,0,1
3831,3901,3902,0,0,1
3903,3902,3904,1,0,1
3905,3904,3906,1,0,1
3907,3906,3908,1,0,1
3158,3908,3909,0,0,1
3509,3909,3910,0,0,1
3899,3910,3900,0,0,0
3911,3487,3912,1,0,1,1267
3913,3912,3914,1,0,1
3915,3914,3916,1,0,1
3917,3918,3919,1,1,1
3490,3919,3920,0,0,1
3491,3920,3916,0,0,0
3921,3269,3922,1,0,1,1266
3923,3922,3924,1,0,1
3925,3924,3926,1,0,1
3927,3926,3928,1,0,1
3411,3413,3929,0,0,1,1267
3709,3711,3930,0,0,1
3931,3930,3932,1,0,1
3933,3932,3934,1,0,1
3935,3934,3936,1,0,1
3415,3936,3937,0,0,1
3416,3937,3929,0,0,0
113,115,3938,0,0,1,769
3939,3938,3940,1,0,1
217,3940,3941,0,0,1
3942,3941,3943,1,0,1
3202,3943,3944,0,0,1
3198,3944,3945,0,0,1
3946,3945,118,1,0,0
3872,3693,3947,0,0,1,771
3870,3947,3948,0,0,1
83,3948,3949,0,0,1
154,3949,3950,0,0,1
3951,3950,3952,1,0,1
3953,3952,3954,1,0,1
3955,3954,109,1,0,0
3165,3167,3956,0,0,1,38128
3957,3956,3958,1,0,1
3959,3958,3960,1,0,1
3961,3960,3962,1,0,1
3827,3963,3964,0,1,1
3824,3964,3965,0,0,1
3822,3965,3966,0,0,1
3967,3966,3968,1,0,1
3969,3968,3970,1,0,1
3971,3970,3972,1,0,1
3973,3972,3962,1,0,0
3974,78,3975,1,0,1,1026
181,184,3976,0,0,1
178,3976,3977,0,0,1
3939,179,3978,0,0,1
111,3978,3979,0,0,1
3955,3979,3980,0,0,1
3981,3980,3982,1,0,1
3983,3982,3984,1,0,1
3985,3986,3987,1,1,1
3951,3987,3988,0,0,1
80,3988,3989,0,0,1
3975,3989,3990,0,0,1
3977,183,3991,0,0,1
3984,3991,3992,0,0,1
3993,3992,3994,1,0,1
3995,3994,3990,1,0,0
3973,3169,3996,0,0,1,25846
3887,3997,3998,0,1,1
3885,3998,3996,0,0,0
3946,117,3999,0,0,1,1026
3199,3999,4000,0,0,1
3230,4000,3195,0,0,0
3399,3707,4001,0,0,1,9460
3397,4001,4002,0,0,1
4003,4002,4004,1,0,1
4005,4004,4006,1,0,1
4007,4006,4008,1,0,1
4009,4008,4010,1,0,1
4011,4012,4013,1,1,1
4014,4013,4015,1,0,1
4016,4015,4017,1,0,1
4018,4017,4019,1,0,1
4020,4019,4021,1,0,1
1145,4022,4023,0,1,1
3418,4023,4024,0,0,1
3935,4024,4025,0,0,1
3933,4025,4026,0,0,1
3931,4026,4027,0,0,1
4010,4027,4021,0,0,0
4028,3163,4029,1,0,1,1268
4030,4031,4032,1,1,1
4033,4032,4034,1,0,1
4035,4036,4037,1,1,1
3957,4037,4038,0,0,1
4029,4038,4034,0,0,0
3907,3161,4039,0,0,1,38128
3903,3905,4040,0,0,1
4041,3829,4042,1,0,1
4043,4042,4044,1,0,1
4030,4044,4045,0,0,1
4028,4031,4046,0,0,1
4039,4046,4047,0,0,1
4040,4047,4045,0,0,0
3895,3357,4048,0,0,1,25843
3893,4048,4049,0,0,1
4050,3891,4051,1,0,1
3393,4052,4053,0,1,1
3359,4053,4054,0,0,1
4049,4054,4051,0,0,0
3971,3997,4055,0,0,1,21748
4056,4055,4057,1,0,1
4058,4057,4059,1,0,1
4060,4059,4061,1,0,1
4062,4061,4063,1,0,1
4064,4063,4065,1,0,1
4066,4065,4067,1,0,1
4068,4067,4069,1,0,1
4070,4069,4071,1,0,1
4072,4071,3889,1,0,0
3985,3953,4073,0,0,1,1027
3995,3986,4074,0,0,1
3993,4074,4075,0,0,1
3983,4075,4076,0,0,1
3981,4076,4073,0,0,0
4005,4007,4077,0,0,1,9461
3395,4003,4078,0,0,1
4052,4078,4079,0,0,1
4050,4079,4080,0,0,1
4072,4080,4081,0,0,1
4082,4081,4083,1,0,1
4084,4083,4085,1,0,1
4086,4085,4087,1,0,1
4088,4087,4089,1,0,1
4090,4089,4091,1,0,1
4092,4091,4093,1,0,1
4094,4093,4095,1,0,1
4096,4095,4097,1,0,1
4098,4097,4099,1,0,1
4100,4099,4101,1,0,1
4102,4101,4103,1,0,1
4104,4103,4105,1,0,1
4106,4107,4108,1,1,1
4109,4110,4111,1,1,1
4112,4113,4114,1,1,1
4115,4114,4116,1,0,1
4117,4116,4118,1,0,1
4119,4118,4120,1,0,1
4011,4120,4121,0,0,1
4012,4121,4122,0,0,1
4009,4122,4123,0,0,1
4077,4123,4124,0,0,1
4108,4105,4125,0,0,1
4111,4125,4126,0,0,1
4127,4126,4124,1,0,0
4043,4033,4128,0,0,1,1267
4041,4128,4129,0,0,1
3826,4129,4130,0,0,1
3961,3963,4131,0,0,1
3959,4131,4132,0,0,1
4035,4132,4133,0,0,1
4036,4133,4130,0,0,0
4020,4022,4134,0,0,1,38128
4135,4018,4136,1,0,1
4137,4136,4138,1,0,1
4139,4138,4140,1,0,1
1150,4141,4142,0,1,1
1147,1151,4143,0,0,1
4134,1148,4144,0,0,1
4142,4140,4145,0,0,1
4143,4145,4144,0,0,0
4146,4147,4148,1,1,1,1266
4149,4150,4151,1,1,1
4152,4153,4154,1,1,1
4155,4156,4157,1,1,1
4158,4157,4159,1,0,1
4148,4159,4160,0,0,1
4151,4160,4154,0,0,0
3969,4056,4161,0,0,1,1267
4162,4163,4164,1,1,1
4165,4164,4166,1,0,1
4064,4166,4167,0,0,1
4062,4167,4168,0,0,1
4060,4168,4169,0,0,1
4058,4169,4161,0,0,0
4068,4070,4170,0,0,1,9460
4171,4170,4172,1,0,1
4173,4172,4174,1,0,1
4175,4174,4176,1,0,1
4177,4178,4179,1,1,1
4084,4179,4180,0,0,1
4082,4180,4176,0,0,0
4165,4066,4181,0,0,1,38128
4182,4181,4183,1,0,1
4184,4183,4185,1,0,1
3817,4185,4186,0,0,1
3818,4186,4187,0,0,1
4188,3812,4189,1,0,1
4190,4189,4191,1,0,1
4192,4191,4193,1,0,1
4194,4193,4195,1,0,1
4173,4196,4197,0,1,1
4171,4197,4198,0,0,1
4187,4198,4199,0,0,1
3815,4199,4195,0,0,0
3942,3201,4200,0,0,1,1026
214,4200,4201,0,0,1
4202,4203,4204,1,1,1
4205,4206,4207,1,1,1
3204,4208,4209,0,1,1
4201,3205,4210,0,0,1
4204,4210,4211,0,0,1
4207,4211,4209,0,0,0
4212,4155,4213,1,0,1,1268
4214,4215,4216,1,1,1
4217,4218,4219,1,1,1
4220,4219,4221,1,0,1
4222,4221,4223,1,0,1
4224,4225,4226,1,1,1
4213,4226,4227,0,0,1
4216,4227,4223,0,0,0
4014,4016,4228,0,0,1,21748
4117,4119,4229,0,0,1
4230,4229,4231,1,0,1
4232,4231,4233,1,0,1
4139,4234,4235,0,1,1
4137,4235,4236,0,0,1
4228,4135,4237,0,0,1
4233,4237,4236,0,0,0
3967,4163,4238,0,0,1,1266
4184,3820,4239,0,0,1
4182,4239,4240,0,0,1
4162,4240,4238,0,0,0
4141,1153,4241,0,0,1,9459
4234,4241,4242,0,0,1
4243,4232,4244,1,0,1
4245,4244,4246,1,0,1
4247,4246,4248,1,0,1
1155,1159,4249,0,0,1
4242,1156,4250,0,0,1
4248,4250,4249,0,0,0
4208,3207,4251,0,0,1,770
4205,4251,4252,0,0,1
4202,4206,4253,0,0,1
4254,4253,4255,1,0,1
4256,4255,4257,1,0,1
4258,4257,4259,1,0,1
4260,4261,4262,1,1,1
4263,4262,4264,1,0,1
4265,4264,4266,1,0,1
4267,4266,4268,1,0,1
4269,4268,4270,1,0,1
4252,3210,4271,0,0,1
4259,4271,4272,0,0,1
4273,4272,4270,1,0,0
4269,3209,4274,0,0,1,769
4267,4274,4275,0,0,1
4276,4275,4277,1,0,1
2761,4278,4279,0,1,1
2758,4279,4280,0,0,1
2755,4280,4281,0,0,1
3215,4281,4282,0,0,1
3216,4282,4283,0,0,1
3212,4283,4284,0,0,1
4277,3213,4285,0,0,1
4286,4285,4284,1,0,0
4109,4127,4287,0,0,1,1270
4110,4287,4288,0,0,1
4289,4288,4113,1,0,0
4177,4086,4290,0,0,1,1268
4291,4178,4292,1,0,1
4293,4292,4294,1,0,1
4295,4294,4296,1,0,1
4088,4296,4290,0,0,0
4196,4175,4297,0,0,1,1266
4194,4297,4298,0,0,1
4192,4298,4299,0,0,1
3813,4188,4300,0,0,1
3809,4300,4301,0,0,1
4302,4301,4303,1,0,1
4293,4303,4304,0,0,1
4299,4291,4305,0,0,1
4190,4305,4304,0,0,0
4203,4254,4306,0,0,1,771
211,215,4307,0,0,1
4308,4307,4309,1,0,1
4310,4309,4311,1,0,1
4312,4311,4313,1,0,1
4261,4313,4314,0,0,1
4258,4273,4315,0,0,1
4306,4256,4316,0,0,1
4314,4316,4315,0,0,0
4115,4230,4317,0,0,1,9460
4318,4319,4320,1,1,1
4321,4320,4322,1,0,1
4243,4323,4324,0,1,1
4317,4324,4322,0,0,0
4323,4245,4325,0,0,1,13555
4321,4325,4326,0,0,1
4327,4318,4328,1,0,1
4329,4328,4330,1,0,1
4331,4330,4332,1,0,1
4333,4332,4334,1,0,1
4335,4334,4336,1,0,1
4337,4336,4338,1,0,1
1161,4339,4340,0,1,1
4247,1158,4341,0,0,1
4326,4341,4342,0,0,1
4338,4342,4340,0,0,0
1163,1165,4343,0,0,1,9460
4339,4343,4344,0,0,1
4335,4337,4345,0,0,1
4346,4333,4347,1,0,1
4348,4349,4350,1,1,1
4351,4350,4352,1,0,1
4353,4354,4355,1,1,1
4356,4357,4358,1,1,1
4359,4360,4361,1,1,1
1177,4362,4363,0,1,1
1174,4363,4364,0,0,1
1172,1175,4365,0,0,1
1167,1170,4366,0,0,1
4344,1168,4367,0,0,1
4345,4367,4368,0,0,1
4347,4368,4369,0,0,1
4352,4369,4370,0,0,1
4355,4370,4371,0,0,1
4361,4358,4372,0,0,1
4364,4372,4373,0,0,1
4365,4373,4374,0,0,1
4366,4374,4371,0,0,0
4312,4260,4375,0,0,1,1026
4376,4375,4377,1,0,1
4378,4377,4379,1,0,1
4380,4381,4382,1,1,1
4383,4384,4385,1,1,1
212,4385,4386,0,0,1
209,4386,4387,0,0,1
207,4387,4388,0,0,1
205,4388,4389,0,0,1
203,4389,4390,0,0,1
4391,4390,4392,1,0,1
4393,4392,4394,1,0,1
4276,4394,4395,0,0,1
4265,4395,4396,0,0,1
4379,4263,4397,0,0,1
4382,4397,4396,0,0,0
4295,4090,4398,0,0,1,38128
4302,4398,4399,0,0,1
3806,3810,4400,0,0,1
4401,4400,4402,1,0,1
4403,4402,4404,1,0,1
4405,4404,4406,1,0,1
4092,4407,4408,0,1,1
4399,4408,4406,0,0,0
4310,4376,4409,0,0,1,1027
4383,4308,4410,0,0,1
4380,4384,4411,0,0,1
4381,4411,4412,0,0,1
4378,4412,4413,0,0,1
4409,4413,4410,0,0,0
4414,188,4415,1,0,1,2306
4416,4415,4417,1,0,1
4418,4417,4419,1,0,1
4420,4419,4421,1,0,1
4422,4421,4423,1,0,1
4424,4423,4425,1,0,1
4426,4425,4427,1,0,1
194,197,4428,0,0,1
192,4428,4429,0,0,1
190,4429,4427,0,0,0
4289,4112,4430,0,0,1,1269
4106,4430,4431,0,0,1
4107,4431,4432,0,0,1
4433,4432,4434,1,0,1
4435,4434,4436,1,0,1
4437,4436,4438,1,0,1
4439,4438,4440,1,0,1
4441,4440,4442,1,0,1
4443,4444,4445,1,1,1
4446,4445,4447,1,0,1
4329,4448,4449,0,1,1
4319,4327,4450,0,0,1
4442,4450,4451,0,0,1
4447,4451,4449,0,0,0
4393,4286,4452,0,0,1,1025
4453,4452,4454,1,0,1
2855,4455,4456,0,1,1
2760,4456,4457,0,0,1
4278,4457,4454,0,0,0
4448,4331,4458,0,0,1,13556
4446,4458,4459,0,0,1
4460,4443,4461,1,0,1
4348,4461,4462,0,0,1
4346,4349,4463,0,0,1
4459,4463,4462,0,0,0
4405,4407,4464,0,0,1,1266
4403,4464,4465,0,0,1
4098,4466,4467,0,1,1
4096,4467,4468,0,0,1
4094,4468,4465,0,0,0
2812,2816,4469,0,0,1,1025
2865,2813,4470,0,0,1
4471,2810,4472,1,0,1
4473,4474,4475,1,1,1
4476,4475,4477,1,0,1
3532,4477,4478,0,0,1
2815,3530,4479,0,0,1
4469,4479,4480,0,0,1
4472,4470,4481,0,0,1
4482,4481,4483,1,0,1
4478,4483,4480,0,0,0
4391,4453,4484,0,0,1,769
196,199,4485,0,0,1
4426,4485,4486,0,0,1
4487,4424,4488,1,0,1
4489,4490,4491,1,1,1
4492,4493,4494,1,1,1
4495,4494,4496,1,0,1
4497,4496,4498,1,0,1
4499,4500,4501,1,1,1
4502,4501,4503,1,0,1
4504,4503,4505,1,0,1
2766,4506,4507,0,1,1
4508,4507,4509,1,0,1
4455,2764,4510,0,0,1
4484,4510,4511,0,0,1
4488,4486,4512,0,0,1
4491,4512,4513,0,0,1
4498,4514,4515,0,1,1
4505,4515,4516,0,0,1
4509,4516,4517,0,0,1
4511,4518,4519,0,1,1
201,4519,4520,0,0,1
4513,4520,4517,0,0,0
4521,4522,4523,1,1,1,771
4524,4523,4525,1,0,1
4526,4525,4527,1,0,1
4528,4529,4530,1,1,1
4531,4530,4532,1,0,1
4533,4532,4534,1,0,1
4535,4534,4536,1,0,1
4537,4538,4539,1,1,1
4527,4539,4536,0,0,0
4466,4100,4540,0,0,1,1267
4401,4540,4541,0,0,1
3807,4541,4542,0,0,1
4543,4542,4544,1,0,1
4545,4546,4547,1,1,1
4548,4547,4549,1,0,1
3802,4550,4551,0,1,1
3799,4551,4552,0,0,1
3796,4552,4553,0,0,1
3794,3797,4554,0,0,1
3791,4554,4555,0,0,1
4556,4555,4557,1,0,1
4558,4559,4560,1,1,1
4561,4562,4563,1,1,1
4564,4563,4565,1,0,1
4566,4567,4568,1,1,1
4102,4568,4569,0,0,1
4549,4544,4570,0,0,1
4571,4570,4572,1,0,1
4553,4573,4574,0,1,1
4560,4575,4576,0,1,1
4565,4576,4577,0,0,1
4572,4569,4578,0,0,1
4574,4578,4579,0,0,1
4557,4579,4577,0,0,0
4471,4482,4580,0,0,1,1026
2807,4580,4581,0,0,1
4582,4581,4583,1,0,1
4584,4583,4585,1,0,1
4586,4585,4587,1,0,1
4588,4587,4589,1,0,1
4590,4589,4591,1,0,1
4592,4591,4593,1,0,1
4594,4593,4595,1,0,1
3536,3539,4596,0,0,1
3534,4596,4597,0,0,1
4473,4476,4598,0,0,1
4595,4474,4599,0,0,1
4597,4599,4598,0,0,0
4460,4351,4600,0,0,1,9461
4444,4600,4601,0,0,1
4602,4601,4603,1,0,1
4604,4603,4605,1,0,1
4606,4607,4608,1,1,1
4609,4608,4610,1,0,1
4611,4612,4613,1,1,1
4614,4613,4615,1,0,1
4616,4617,4618,1,1,1
4619,4620,4621,1,1,1
4622,4623,4624,1,1,1
4625,4626,4627,1,1,1
4628,4629,4630,1,1,1
4631,4632,4633,1,1,1
4634,4633,4635,1,0,1
4636,4635,4637,1,0,1
4638,4637,4639,1,0,1
1199,4640,4641,0,1,1
4642,4641,4643,1,0,1
4644,4645,4646,1,1,1
4647,4646,4648,1,0,1
1187,4649,4650,0,1,1
4651,4650,4652,1,0,1
4356,4653,4654,0,1,1
4353,4357,4655,0,0,1
4605,4354,4656,0,0,1
4610,4656,4657,0,0,1
4618,4615,4658,0,0,1
4630,4627,4659,0,0,1
4660,4659,4661,1,0,1
4662,4661,4663,1,0,1
4643,4639,4664,0,0,1
4652,4665,4666,0,1,1
4654,4666,4667,0,0,1
4657,4655,4668,0,0,1
4658,4668,4669,0,0,1
4663,4670,4671,0,1,1
4664,4671,4672,0,0,1
4648,4672,4673,0,0,1
4669,4667,4674,0,0,1
4621,4674,4675,0,0,1
4624,4675,4673,0,0,0
4104,4433,4676,0,0,1,1268
4566,4676,4677,0,0,1
4567,4677,4678,0,0,1
4679,4564,4680,1,0,1
4681,4680,4682,1,0,1
4435,4682,4678,0,0,0
4683,4684,4685,1,1,1,1266
4686,4685,4687,1,0,1
4688,4687,4689,1,0,1
4690,4691,4692,1,1,1
4693,4692,4694,1,0,1
4695,4696,4697,1,1,1
4689,4697,4694,0,0,0
4698,4416,4699,1,0,1,770
4700,4701,4702,1,1,1
4703,4704,4705,1,1,1
4706,4707,4708,1,1,1
4709,4710,4711,1,1,1
4712,4713,4714,1,1,1
4715,4716,4717,1,1,1
4718,4719,4720,1,1,1
4721,4722,4723,1,1,1
4724,4723,4725,1,0,1
4493,4725,4726,0,0,1
4514,4726,4727,0,0,1
4489,4727,4728,0,0,1
4487,4490,4729,0,0,1
4420,4422,4730,0,0,1
4699,4418,4731,0,0,1
4732,4731,4733,1,0,1
4702,4733,4734,0,0,1
4705,4734,4735,0,0,1
4711,4708,4736,0,0,1
4714,4736,4737,0,0,1
4717,4737,4738,0,0,1
4720,4738,4739,0,0,1
4728,4739,4740,0,0,1
4729,4740,4741,0,0,1
4730,4741,4735,0,0,0
4681,4437,4742,0,0,1,9461
4743,4742,4744,1,0,1
4745,4744,4746,1,0,1
4747,4746,4748,1,0,1
4749,4750,4751,1,1,1
4752,4751,4753,1,0,1
4754,4753,4755,1,0,1
4756,4755,4757,1,0,1
4439,4757,4748,0,0,0
4679,4743,4758,0,0,1,9460
4558,4562,4759,0,0,1
4760,4759,4761,1,0,1
4762,4761,4763,1,0,1
4764,4763,4765,1,0,1
4766,4765,4767,1,0,1
4768,4769,4770,1,1,1
3775,4771,4772,0,1,1
3772,3776,4773,0,0,1
3769,3773,4774,0,0,1
4775,4774,4776,1,0,1
4777,4776,4778,1,0,1
4779,4778,4780,1,0,1
4781,4780,4782,1,0,1
4783,4782,4784,1,0,1
4785,4784,4786,1,0,1
4787,4788,4789,1,1,1
4790,4789,4791,1,0,1
4747,4750,4792,0,0,1
4758,4745,4793,0,0,1
4561,4793,4794,0,0,1
4767,4794,4795,0,0,1
4773,4772,4796,0,0,1
4786,4796,4797,0,0,1
4791,4797,4798,0,0,1
4795,4792,4799,0,0,1
4770,4799,4798,0,0,0
4545,4548,4800,0,0,1,38128
4543,4546,4801,0,0,1
3804,4801,4802,0,0,1
3801,4802,4803,0,0,1
4550,4803,4804,0,0,1
4573,4804,4805,0,0,1
4571,4805,4800,0,0,0
4508,4518,4806,0,0,1,37632
2767,4806,2763,0,0,0
4441,4602,4807,0,0,1,1270
4756,4807,4808,0,0,1
4754,4808,4809,0,0,1
4810,4809,4604,1,0,0
4811,4812,4813,1,1,1,1268
4814,4813,4815,1,0,1
4816,4815,4817,1,0,1
4818,4817,4819,1,0,1
4820,4819,4821,1,0,1
4822,4821,4823,1,0,1
4824,4823,4825,1,0,1
4826,4827,4828,1,1,1
4829,4830,4831,1,1,1
4832,4831,4833,1,0,1
4825,4833,4828,0,0,0
4834,4732,4835,1,0,1,2306
4703,4707,4836,0,0,1
4704,4836,4837,0,0,1
4700,4837,4838,0,0,1
4701,4838,4835,0,0,0
4362,1179,4839,0,0,1,38128
4653,4360,4840,0,0,1
4651,4840,4841,0,0,1
1184,4841,4842,0,0,1
1181,1185,4843,0,0,1
4839,1182,4844,0,0,1
4359,4844,4845,0,0,1
4842,4845,4843,0,0,0
4752,4810,4846,0,0,1,1269
4749,4846,4847,0,0,1
4848,4790,4849,1,0,1
4850,4851,4852,1,1,1
4853,4854,4855,1,1,1
4856,4857,4858,1,1,1
4859,4858,4860,1,0,1
4861,4862,4863,1,1,1
4864,4863,4865,1,0,1
4866,4865,4867,1,0,1
4868,4867,4869,1,0,1
4870,4869,4871,1,0,1
4872,4871,4873,1,0,1
4607,4874,4875,0,1,1
4847,4875,4876,0,0,1
4849,4876,4877,0,0,1
4878,4877,4879,1,0,1
4852,4879,4880,0,0,1
4855,4880,4881,0,0,1
4873,4860,4882,0,0,1
4883,4882,4881,1,0,0
2805,2808,4884,0,0,1,1025
2801,2803,4885,0,0,1
3538,3541,4886,0,0,1
4594,4886,4887,0,0,1
4592,4887,4888,0,0,1
4590,4888,4889,0,0,1
4586,4588,4890,0,0,1
4884,4582,4891,0,0,1
4890,4889,4892,0,0,1
4891,4584,4893,0,0,1
4885,4893,4892,0,0,0
4504,4506,4894,0,0,1,1025
4502,4894,4895,0,0,1
2771,4499,4896,0,0,1
2769,4896,4895,0,0,0
2773,2775,4897,0,0,1,1025
4500,4897,4898,0,0,1
4497,4898,4899,0,0,1
4495,4899,4900,0,0,1
4901,4724,4902,1,0,1
4903,4902,4904,1,0,1
4905,4904,4906,1,0,1
4907,4906,4908,1,0,1
4909,4910,4911,1,1,1
4912,4913,4914,1,1,1
4915,4914,4916,1,0,1
4917,4916,4918,1,0,1
4919,4920,4921,1,1,1
4922,4921,4923,1,0,1
4924,4923,4925,1,0,1
2785,4925,4926,0,0,1
2786,4926,4927,0,0,1
2783,4927,4928,0,0,1
2781,4928,4929,0,0,1
2777,2779,4930,0,0,1
4900,4930,4931,0,0,1
4908,4492,4932,0,0,1
4933,4932,4934,1,0,1
4918,4911,4935,0,0,1
4929,4935,4936,0,0,1
4931,4936,4934,0,0,0
4883,4874,4937,0,0,1,1270
4872,4937,4938,0,0,1
4870,4938,4939,0,0,1
4864,4866,4940,0,0,1
4941,4942,4943,1,1,1
4944,4945,4946,1,1,1
4947,4946,4948,1,0,1
4617,4948,4949,0,0,1
4614,4949,4950,0,0,1
4611,4950,4951,0,0,1
4609,4612,4952,0,0,1
4606,4952,4953,0,0,1
4939,4953,4954,0,0,1
4940,4868,4955,0,0,1
4943,4955,4956,0,0,1
4951,4956,4954,0,0,0
4556,4575,4957,0,0,1,38128
3792,4957,4958,0,0,1
3789,4958,4959,0,0,1
4960,3787,4961,1,0,1
4762,4961,4962,0,0,1
4760,4962,4963,0,0,1
4559,4963,4959,0,0,0
4848,4878,4964,0,0,1,9461
4785,4788,4965,0,0,1
4783,4965,4966,0,0,1
4856,4966,4967,0,0,1
4853,4857,4968,0,0,1
4850,4854,4969,0,0,1
4964,4851,4970,0,0,1
4787,4970,4971,0,0,1
4967,4971,4972,0,0,1
4968,4972,4969,0,0,0
2793,2861,4973,0,0,1,1025
2790,2794,4974,0,0,1
2788,2791,4975,0,0,1
4976,4975,4977,1,0,1
4978,4977,4979,1,0,1
4980,4979,4981,1,0,1
3547,4982,4983,0,1,1
3544,4983,4984,0,0,1
2796,4984,4985,0,0,1
4973,2797,4986,0,0,1
4974,4986,4987,0,0,1
4981,4987,4988,0,0,1
4989,4988,4985,1,0,0
4960,4764,4990,0,0,1,1267
3785,4990,4991,0,0,1
3783,4991,4992,0,0,1
3780,4992,4993,0,0,1
3778,3781,4994,0,0,1
4771,4994,4995,0,0,1
4768,4995,4996,0,0,1
4769,4996,4997,0,0,1
4766,4997,4993,0,0,0
4715,4719,4998,0,0,1,2306
4716,4998,4999,0,0,1
5000,4712,5001,1,0,1
5002,5003,5004,1,1,1
5005,5004,5006,1,0,1
5007,5008,5009,1,1,1
4999,5010,5011,0,1,1
5001,5011,5012,0,0,1
5006,5012,5009,0,0,0
4649,1189,5013,0,0,1,38128
4665,5013,5014,0,0,1
4647,5014,5015,0,0,1
5016,5017,5018,1,1,1
1191,5018,5019,0,0,1
1192,5019,5015,0,0,0
5020,4818,5021,1,0,1,1267
5022,5021,5023,1,0,1
5024,5025,5026,1,1,1
5027,5028,5029,1,1,1
5030,5029,5031,1,0,1
5032,5033,5034,1,1,1
5035,5034,5036,1,0,1
4824,5036,5037,0,0,1
4822,5037,5038,0,0,1
5023,4820,5039,0,0,1
5026,5039,5040,0,0,1
5031,5040,5038,0,0,0
5010,4718,5041,0,0,1,2307
5007,5041,5042,0,0,1
5005,5008,5043,0,0,1
5044,5045,5046,1,1,1
5047,5048,5049,1,1,1
5050,5049,5051,1,0,1
5052,5051,5053,1,0,1
5054,5053,5055,1,0,1
5056,5057,5058,1,1,1
5059,5058,5060,1,0,1
5061,5062,5063,1,1,1
5064,5065,5066,1,1,1
5042,4722,5067,0,0,1
5046,5002,5068,0,0,1
5055,5068,5069,0,0,1
5060,5069,5070,0,0,1
5063,5070,5071,0,0,1
5067,5066,5072,0,0,1
5043,5072,5071,0,0,0
5064,4721,5073,0,0,1,2306
5065,5073,5074,0,0,1
5059,5062,5075,0,0,1
5054,5057,5076,0,0,1
5052,5076,5077,0,0,1
5044,5048,5078,0,0,1
5079,5078,5080,1,0,1
5081,5080,5082,1,0,1
5083,5082,5084,1,0,1
5085,5084,5086,1,0,1
5087,5086,5088,1,0,1
5089,5088,5090,1,0,1
5091,5090,5092,1,0,1
5093,5092,5094,1,0,1
5095,5096,5097,1,1,1
5098,5097,5099,1,0,1
5100,5099,5101,1,0,1
5102,5101,5103,1,0,1
5104,5103,5105,1,0,1
5106,5107,5108,1,1,1
5109,5108,5110,1,0,1
5111,5112,5113,1,1,1
5114,5113,5115,1,0,1
4915,5116,5117,0,1,1
5118,4912,5119,1,0,1
5120,5119,5121,1,0,1
4903,5121,5122,0,0,1
5074,4901,5123,0,0,1
5061,5123,5124,0,0,1
5077,5056,5125,0,0,1
5094,5047,5126,0,0,1
5127,5126,5128,1,0,1
5105,5128,5129,0,0,1
5110,5129,5130,0,0,1
5117,5115,5131,0,0,1
5124,5122,5132,0,0,1
5130,5050,5133,0,0,1
5132,5131,5134,0,0,1
5133,5125,5135,0,0,1
5136,5135,5137,1,0,1
5134,5138,5139,0,1,1
5075,5139,5137,0,0,0
4976,4978,5140,0,0,1,1026
4924,5140,5141,0,0,1
5142,5141,5143,1,0,1
5144,5143,5145,1,0,1
5146,5145,5147,1,0,1
5148,5149,5150,1,1,1
5151,5150,5152,1,0,1
3546,5152,5153,0,0,1
4982,5153,5154,0,0,1
4989,5154,5155,0,0,1
5147,4980,5156,0,0,1
5157,5156,5155,1,0,0
4905,4907,5158,0,0,1,769
5120,5158,5159,0,0,1
5118,5159,5160,0,0,1
4913,5160,5161,0,0,1
4909,5161,5162,0,0,1
4910,5162,4933,0,0,0
4709,4713,5163,0,0,1,771
5164,4710,5165,1,0,1
5166,5165,5167,1,0,1
5168,5167,5169,1,0,1
5170,5169,5171,1,0,1
5079,5171,5172,0,0,1
5045,5172,5173,0,0,1
5003,5173,5174,0,0,1
5000,5174,5163,0,0,0
4644,5017,5175,0,0,1,1266
5176,5175,5177,1,0,1
5178,5177,5179,1,0,1
1195,5180,5181,0,1,1
1276,5181,5182,0,0,1
1274,5182,5183,0,0,1
5016,5183,5179,0,0,0
5184,5157,5185,1,0,1,2306
5186,5185,5187,1,0,1
5188,5189,5190,1,1,1
5191,5190,5192,1,0,1
5193,5194,5195,1,1,1
5196,5195,5197,1,0,1
5198,5197,5199,1,0,1
5200,5199,5201,1,0,1
5149,5201,5202,0,0,1
5187,5202,5192,0,0,0
5148,5151,5203,0,0,1,1025
5204,5200,5205,1,0,1
5206,5207,5208,1,1,1
5209,5210,5211,1,1,1
5212,5211,5213,1,0,1
3561,5213,5214,0,0,1
3557,5214,5215,0,0,1
3558,5215,5216,0,0,1
3554,5216,5217,0,0,1
3555,5217,5218,0,0,1
3551,5218,5219,0,0,1
3549,3552,5220,0,0,1
5203,5220,5221,0,0,1
5205,5221,5222,0,0,1
5208,5222,5219,0,0,0
5223,5224,5225,1,1,1,9461
5226,5227,5228,1,1,1
5229,5228,5230,1,0,1
5231,5232,5233,1,1,1
4861,4942,5234,0,0,1
4859,4862,5235,0,0,1
4781,5235,5236,0,0,1
5225,4779,5237,0,0,1
5230,5237,5238,0,0,1
5233,5238,5239,0,0,1
5234,5239,5236,0,0,0
4642,4645,5240,0,0,1,9460
1197,5240,5241,0,0,1
5180,1194,5242,0,0,1
5178,5242,5243,0,0,1
5176,5243,5241,0,0,0
5144,5146,5244,0,0,1,1027
5245,5244,5246,1,0,1
5247,5246,5248,1,0,1
5249,5248,5250,1,0,1
5251,5250,5252,1,0,1
5253,5254,5255,1,1,1
5256,5257,5258,1,1,1
5259,5258,5260,1,0,1
5184,5261,5262,0,1,1
5252,5262,5263,0,0,1
5255,5263,5260,0,0,0
5116,4917,5264,0,0,1,1026
5265,5264,5266,1,0,1
5267,5266,5268,1,0,1
5269,5268,5270,1,0,1
5271,5272,5273,1,1,1
4920,5273,5270,0,0,0
4919,4922,5274,0,0,1,2306
5271,5274,5275,0,0,1
5269,5272,5276,0,0,1
5277,5276,5278,1,0,1
5279,5278,5280,1,0,1
5281,5280,5282,1,0,1
5283,5282,5284,1,0,1
5285,5286,5287,1,1,1
5288,5287,5289,1,0,1
5290,5291,5292,1,1,1
5293,5292,5294,1,0,1
5142,5295,5296,0,1,1
5275,5296,5297,0,0,1
5284,5297,5298,0,0,1
5289,5298,5294,0,0,0
5261,5186,5299,0,0,1,1026
5259,5299,5300,0,0,1
5256,5300,5301,0,0,1
5253,5257,5302,0,0,1
5303,5254,5304,1,0,1
5305,5304,5306,1,0,1
5307,5308,5309,1,1,1
5310,5311,5312,1,1,1
5189,5312,5313,0,0,1
5301,5313,5314,0,0,1
5302,5314,5315,0,0,1
5306,5315,5309,0,0,0
5295,5245,5316,0,0,1,2307
5293,5316,5317,0,0,1
5290,5317,5318,0,0,1
5288,5291,5319,0,0,1
5320,5286,5321,1,0,1
5322,5321,5323,1,0,1
5324,5323,5325,1,0,1
5326,5325,5327,1,0,1
5328,5327,5329,1,0,1
5330,5331,5332,1,1,1
5333,5332,5334,1,0,1
5335,5336,5337,1,1,1
5338,5339,5340,1,1,1
5341,5340,5342,1,0,1
5343,5342,5344,1,0,1
5345,5346,5347,1,1,1
5303,5347,5348,0,0,1
5251,5348,5349,0,0,1
5249,5349,5350,0,0,1
5318,5247,5351,0,0,1
5319,5351,5352,0,0,1
5329,5285,5353,0,0,1
5334,5353,5354,0,0,1
5355,5354,5356,1,0,1
5337,5356,5357,0,0,1
5344,5357,5358,0,0,1
5359,5358,5360,1,0,1
5350,5360,5352,0,0,0
5188,5191,5361,0,0,1,2307
5310,5361,5362,0,0,1
5363,5362,5364,1,0,1
5365,5364,5366,1,0,1
5367,5366,5194,1,0,0
5136,5138,5368,0,0,1,2305
5106,5109,5369,0,0,1
5104,5107,5370,0,0,1
5371,5370,5372,1,0,1
5373,5374,5375,1,1,1
5267,5277,5376,0,0,1
5265,5376,5377,0,0,1
5111,5114,5378,0,0,1
5368,5112,5379,0,0,1
5372,5369,5380,0,0,1
5375,5380,5381,0,0,1
5377,5381,5382,0,0,1
5378,5382,5379,0,0,0
5307,5311,5383,0,0,1,1027
5305,5308,5384,0,0,1
5345,5384,5385,0,0,1
5359,5346,5386,0,0,1
5343,5386,5387,0,0,1
5341,5387,5388,0,0,1
5335,5339,5389,0,0,1
5390,5389,5391,1,0,1
5392,5391,5393,1,0,1
5394,5393,5395,1,0,1
5396,5395,5397,1,0,1
5398,5397,5399,1,0,1
5400,5399,5401,1,0,1
5402,5403,5404,1,1,1
5405,5404,5406,1,0,1
5367,5406,5407,0,0,1
5365,5407,5408,0,0,1
5383,5363,5409,0,0,1
5385,5409,5410,0,0,1
5388,5410,5411,0,0,1
5401,5338,5412,0,0,1
5408,5412,5411,0,0,0
5413,5166,5414,1,0,1,2307
5085,5087,5415,0,0,1
5081,5083,5416,0,0,1
5170,5416,5417,0,0,1
5414,5168,5418,0,0,1
5415,5418,5417,0,0,0
4947,4616,5419,0,0,1,1269
4941,4945,5420,0,0,1
5231,5420,5421,0,0,1
5232,5421,5422,0,0,1
5229,5422,5423,0,0,1
5226,5423,5424,0,0,1
5425,5424,5426,1,0,1
5427,5428,5429,1,1,1
4625,5429,5430,0,0,1
4626,5430,5431,0,0,1
4670,5431,5432,0,0,1
4622,5432,5433,0,0,1
4619,4623,5434,0,0,1
4620,5434,5435,0,0,1
5419,5435,5436,0,0,1
4944,5436,5437,0,0,1
5426,5437,5433,0,0,0
5196,5198,5438,0,0,1,1026
5193,5438,5439,0,0,1
5400,5403,5440,0,0,1
5396,5398,5441,0,0,1
5392,5394,5442,0,0,1
5443,5442,5444,1,0,1
5445,5444,5446,1,0,1
5447,5446,5448,1,0,1
5449,5448,5450,1,0,1
5451,5450,5452,1,0,1
5453,5452,5454,1,0,1
5455,5454,5456,1,0,1
3560,5456,5457,0,0,1
5212,5457,5458,0,0,1
5206,5210,5459,0,0,1
5204,5207,5460,0,0,1
5439,5460,5461,0,0,1
5405,5461,5462,0,0,1
5402,5462,5463,0,0,1
5440,5463,5464,0,0,1
5458,5441,5465,0,0,1
5209,5465,5466,0,0,1
5459,5466,5464,0,0,0
4638,4640,5467,0,0,1,9460
4636,5467,5468,0,0,1
4634,5468,5469,0,0,1
5470,5469,5471,1,0,1
1205,5472,5473,0,1,1
1203,5473,5474,0,0,1
1201,5474,5471,0,0,0
5475,5476,5477,1,1,1,1268
5478,5479,5480,1,1,1
5481,5482,5483,1,1,1
5484,5483,5485,1,0,1
5486,5487,5488,1,1,1
5489,5488,5490,1,0,1
5491,5490,5492,1,0,1
5477,5493,5494,0,1,1
5480,5494,5495,0,0,1
5485,5495,5492,0,0,0
5102,5371,5496,0,0,1,1025
5100,5496,5497,0,0,1
5498,5497,5499,1,0,1
5500,5499,5374,1,0,0
5470,5472,5501,0,0,1,9459
4631,5501,5502,0,0,1
5503,5502,5504,1,0,1
5505,5504,5506,1,0,1
1210,5507,5508,0,1,1
1207,5508,5509,0,0,1
1208,5509,5506,0,0,0
5500,5373,5510,0,0,1,1026
5498,5510,5511,0,0,1
5098,5511,5512,0,0,1
5513,5514,5515,1,1,1
5320,5516,5517,0,1,1
5283,5517,5518,0,0,1
5281,5518,5519,0,0,1
5279,5519,5520,0,0,1
5512,5520,5521,0,0,1
5515,5522,5523,0,1,1
5524,5523,5521,1,0,0
5525,5091,5526,1,0,1,1026
5527,5528,5529,1,1,1
5096,5530,5531,0,1,1
5127,5531,5532,0,0,1
5526,5093,5533,0,0,1
5529,5533,5532,0,0,0
5493,5534,5535,0,1,1,1266
5489,5491,5536,0,0,1
5484,5487,5537,0,0,1
5538,5481,5539,1,0,1
5540,5539,5541,1,0,1
5542,5543,5544,1,1,1
5545,5546,5547,1,1,1
5548,5547,5549,1,0,1
5550,5549,5551,1,0,1
5552,5551,5553,1,0,1
5554,5555,5556,1,1,1
5557,5556,5558,1,0,1
5559,5560,5561,1,1,1
5562,5563,5564,1,1,1
5535,5565,5566,0,1,1
5536,5566,5567,0,0,1
5486,5567,5568,0,0,1
5537,5568,5569,0,0,1
5553,5544,5570,0,0,1
5558,5570,5571,0,0,1
5569,5572,5573,0,1,1
5571,5574,5575,0,1,1
5576,5575,5577,1,0,1
5561,5577,5578,0,0,1
5573,5564,5579,0,0,1
5541,5579,5578,0,0,0
5527,5530,5580,0,0,1,1027
5581,5528,5582,1,0,1
5583,5582,5584,1,0,1
5585,5584,5586,1,0,1
5587,5588,5589,1,1,1
5590,5589,5591,1,0,1
5592,5593,5594,1,1,1
5595,5594,5596,1,0,1
5597,5598,5599,1,1,1
5600,5601,5602,1,1,1
5603,5604,5605,1,1,1
5606,5607,5608,1,1,1
5609,5610,5611,1,1,1
5612,5611,5613,1,0,1
5614,5613,5615,1,0,1
5616,5615,5617,1,0,1
5618,5617,5619,1,0,1
5620,5621,5622,1,1,1
5623,5622,5624,1,0,1
5625,5624,5626,1,0,1
5627,5626,5628,1,0,1
5629,5630,5631,1,1,1
5632,5633,5634,1,1,1
5635,5634,5636,1,0,1
5637,5638,5639,1,1,1
5640,5639,5641,1,0,1
5642,5643,5644,1,1,1
5645,5644,5646,1,0,1
5324,5646,5647,0,0,1
5322,5647,5648,0,0,1
5516,5648,5649,0,0,1
5524,5649,5650,0,0,1
5513,5650,5651,0,0,1
5522,5514,5652,0,0,1
5095,5652,5653,0,0,1
5580,5653,5654,0,0,1
5586,5654,5655,0,0,1
5591,5655,5656,0,0,1
5657,5656,5658,1,0,1
5596,5658,5659,0,0,1
5599,5659,5660,0,0,1
5602,5660,5661,0,0,1
5605,5661,5662,0,0,1
5663,5662,5664,1,0,1
5619,5608,5665,0,0,1
5666,5665,5667,1,0,1
5628,5668,5669,0,1,1
5670,5669,5671,1,0,1
5631,5672,5673,0,1,1
5636,5673,5674,0,0,1
5641,5674,5675,0,0,1
5651,5676,5677,0,1,1
5664,5677,5678,0,0,1
5667,5679,5680,0,1,1
5671,5680,5681,0,0,1
5675,5681,5682,0,0,1
5683,5682,5678,1,0,0
4632,5503,5684,0,0,1,9460
4662,5684,5685,0,0,1
4660,5685,5686,0,0,1
5427,4629,5687,0,0,1
5688,5687,5689,1,0,1
1279,5689,5690,0,0,1
1212,5690,5691,0,0,1
5507,5691,5692,0,0,1
5686,5505,5693,0,0,1
4628,5693,5692,0,0,0
3770,4775,5694,0,0,1,1267
3767,5694,5695,0,0,1
3765,5695,5696,0,0,1
5697,5696,5698,1,0,1
5224,5698,4777,0,0,0
5699,5583,5700,1,0,1,1026
5588,5700,5585,0,0,0
5697,5223,5701,0,0,1,9460
3762,5701,5702,0,0,1
3763,5702,5703,0,0,1
5704,5703,5705,1,0,1
5706,5705,5707,1,0,1
5708,5707,5709,1,0,1
5710,5709,5711,1,0,1
5425,5712,5713,0,1,1
5227,5713,5711,0,0,0
5333,5355,5714,0,0,1,2306
5715,5714,5716,1,0,1
5717,5716,5718,1,0,1
5719,5718,5720,1,0,1
5449,5720,5721,0,0,1
5447,5721,5722,0,0,1
5445,5722,5723,0,0,1
5443,5723,5724,0,0,1
5390,5724,5336,0,0,0
5725,5328,5726,1,0,1,1027
5727,5728,5729,1,1,1
5715,5729,5730,0,0,1
5330,5730,5731,0,0,1
5331,5731,5726,0,0,0
5645,5326,5732,0,0,1,1026
5642,5732,5733,0,0,1
5635,5638,5734,0,0,1
5629,5633,5735,0,0,1
5672,5630,5736,0,0,1
5627,5670,5737,0,0,1
5668,5621,5738,0,0,1
5739,5666,5740,1,0,1
5741,5740,5742,1,0,1
5743,5742,5744,1,0,1
5745,5744,5746,1,0,1
5747,5746,5748,1,0,1
5749,5748,5750,1,0,1
5751,5752,5753,1,1,1
5754,5753,5755,1,0,1
5756,5755,5757,1,0,1
5758,5759,5760,1,1,1
5761,5760,5762,1,0,1
5763,5764,5765,1,1,1
5766,5767,5768,1,1,1
5769,5768,5770,1,0,1
5771,5770,5772,1,0,1
5773,5772,5774,1,0,1
5775,5774,5776,1,0,1
5777,5776,5778,1,0,1
5779,5780,5781,1,1,1
5782,5783,5784,1,1,1
5785,5786,5787,1,1,1
5788,5787,5789,1,0,1
5790,5791,5792,1,1,1
5793,5794,5795,1,1,1
5796,5797,5798,1,1,1
5799,5798,5800,1,0,1
5717,5800,5801,0,0,1
5727,5801,5802,0,0,1
5728,5802,5803,0,0,1
5733,5725,5804,0,0,1
5805,5804,5806,1,0,1
5734,5806,5807,0,0,1
5737,5736,5808,0,0,1
5625,5808,5809,0,0,1
5750,5738,5810,0,0,1
5757,5810,5811,0,0,1
5778,5765,5812,0,0,1
5781,5812,5813,0,0,1
5814,5813,5815,1,0,1
5784,5815,5816,0,0,1
5789,5816,5817,0,0,1
5792,5817,5818,0,0,1
5803,5795,5819,0,0,1
5807,5819,5820,0,0,1
5809,5735,5821,0,0,1
5623,5821,5822,0,0,1
5811,5620,5823,0,0,1
5762,5823,5824,0,0,1
5818,5824,5825,0,0,1
5820,5826,5827,0,1,1
5632,5827,5828,0,0,1
5822,5828,5825,0,0,0
5683,5676,5829,0,0,1,2307
5640,5829,5830,0,0,1
5637,5830,5831,0,0,1
5805,5831,5643,0,0,0
5453,5455,5832,0,0,1,1025
5719,5451,5833,0,0,1
5799,5833,5834,0,0,1
5796,5834,5835,0,0,1
5793,5797,5836,0,0,1
5826,5794,5837,0,0,1
5790,5837,5838,0,0,1
5788,5791,5839,0,0,1
5782,5786,5840,0,0,1
5814,5783,5841,0,0,1
5779,5841,5842,0,0,1
5777,5780,5843,0,0,1
5775,5843,5844,0,0,1
5771,5773,5845,0,0,1
5846,5845,5847,1,0,1
5848,5847,5849,1,0,1
5850,5851,5852,1,1,1
5853,5852,5854,1,0,1
5855,5854,5856,1,0,1
3575,5857,5858,0,1,1
3649,3576,5859,0,0,1
3647,3569,5860,0,0,1
3565,5860,5861,0,0,1
3566,5861,5862,0,0,1
3563,5862,5863,0,0,1
5832,5863,5864,0,0,1
5835,5864,5865,0,0,1
5836,5865,5866,0,0,1
5838,5866,5867,0,0,1
5849,5844,5868,0,0,1
5856,5868,5869,0,0,1
5858,5869,5870,0,0,1
5867,3568,5871,0,0,1
5870,5842,5872,0,0,1
5871,3571,5873,0,0,1
5839,5873,5874,0,0,1
5872,5840,5875,0,0,1
5859,5875,5876,0,0,1
5874,3573,5877,0,0,1
5785,5877,5876,0,0,0
3849,5704,5878,0,0,1,1267
3756,3760,5879,0,0,1
5880,5879,5881,1,0,1
5882,5881,5883,1,0,1
5884,5883,5885,1,0,1
5886,5885,5887,1,0,1
5708,5887,5888,0,0,1
5878,5706,5889,0,0,1
3759,5889,5888,0,0,0
5890,5482,5891,1,0,1,1267
5892,5891,5893,1,0,1
5894,5893,5895,1,0,1
5545,5895,5896,0,0,1
5546,5896,5897,0,0,1
5542,5897,5898,0,0,1
5543,5898,5899,0,0,1
5540,5574,5900,0,0,1
5538,5900,5899,0,0,0
5559,5901,5902,0,1,1,1265
5560,5902,5903,0,0,1
5557,5576,5904,0,0,1
5905,5554,5906,1,0,1
5907,5906,5908,1,0,1
5909,5908,5910,1,0,1
5911,5910,5912,1,0,1
5913,5914,5915,1,1,1
5903,5915,5916,0,0,1
5912,5904,5917,0,0,1
5918,5917,5916,1,0,0
5886,5710,5919,0,0,1,1268
5884,5919,5920,0,0,1
5921,5920,5922,1,0,1
5923,5922,5924,1,0,1
5925,5924,5926,1,0,1
5927,5928,5929,1,1,1
5930,5929,5931,1,0,1
1215,5931,5932,0,0,1
1266,5932,5933,0,0,1
5688,5933,5934,0,0,1
5428,5934,5935,0,0,1
5712,5935,5926,0,0,0
5930,1214,5936,0,0,1,9461
5925,5928,5937,0,0,1
5938,5937,5939,1,0,1
5940,5939,5941,1,0,1
5942,5941,5943,1,0,1
5944,5943,5945,1,0,1
5936,1218,5946,0,0,1
5927,5946,5945,0,0,0
5882,5921,5947,0,0,1,9460
5940,5948,5949,0,1,1
5923,5938,5950,0,0,1
5947,5950,5951,0,0,1
5952,5951,5949,1,0,0
5953,5590,5954,1,0,1,1026
5593,5954,5657,0,0,0
5955,5595,5956,1,0,1,1026
5606,5610,5957,0,0,1
5679,5607,5958,0,0,1
5663,5958,5959,0,0,1
5603,5959,5960,0,0,1
5604,5960,5961,0,0,1
5600,5961,5962,0,0,1
5597,5601,5963,0,0,1
5956,5598,5964,0,0,1
5609,5964,5965,0,0,1
5957,5965,5966,0,0,1
5962,5966,5963,0,0,0
5942,5944,5967,0,0,1,1268
5952,5948,5968,0,0,1
3757,5880,5969,0,0,1
3754,5969,5970,0,0,1
5971,5970,5972,1,0,1
5973,5974,5975,1,1,1
5976,5977,5978,1,1,1
5979,5978,5980,1,0,1
1221,5981,5982,0,1,1
1217,5982,5983,0,0,1
5967,5983,5984,0,0,1
5968,5984,5985,0,0,1
5972,5985,5986,0,0,1
5975,5986,5980,0,0,0
5987,5618,5988,1,0,1,9219
5989,5988,5990,1,0,1
5991,5990,5992,1,0,1
5993,5994,5995,1,1,1
5741,5996,5997,0,1,1
5739,5997,5998,0,0,1
5992,5998,5995,0,0,0
5999,5616,6000,1,0,1,9221
6001,6000,6002,1,0,1
6003,6002,6004,1,0,1
6005,6004,6006,1,0,1
6007,6008,6009,1,1,1
6010,6011,6012,1,1,1
6013,6014,6015,1,1,1
6016,6015,6017,1,0,1
6018,6017,6019,1,0,1
6020,6019,6021,1,0,1
6022,6021,6023,1,0,1
6024,6023,6025,1,0,1
6026,6025,6027,1,0,1
5989,6028,6029,0,1,1
6006,5987,6030,0,0,1
6009,6030,6031,0,0,1
6027,6012,6032,0,0,1
6029,6032,6031,0,0,0
3749,3752,6033,0,0,1,1266
6034,6033,6035,1,0,1
5977,6036,6037,0,1,1
5973,6037,6038,0,0,1
5971,5974,6039,0,0,1
3751,6039,6040,0,0,1
6035,6040,6038,0,0,0
6041,5614,6042,1,0,1,13315
6008,6043,6044,0,1,1
6005,6044,6045,0,0,1
6003,6045,6046,0,0,1
6001,6046,6047,0,0,1
5999,6047,6042,0,0,0
5855,5857,6048,0,0,1,37888
5853,6048,6049,0,0,1
5850,6049,6050,0,0,1
5848,5851,6051,0,0,1
6052,6051,6053,1,0,1
6054,6053,6055,1,0,1
6056,6055,6057,1,0,1
6058,6059,6060,1,1,1
6061,6060,6062,1,0,1
6063,6062,6064,1,0,1
6065,6066,6067,1,1,1
6068,6067,6069,1,0,1
6070,6069,6071,1,0,1
6072,6071,6073,1,0,1
3655,6073,6074,0,0,1
3653,6074,6075,0,0,1
3580,6075,6076,0,0,1
3578,3581,6077,0,0,1
6050,6077,6078,0,0,1
6057,6078,6079,0,0,1
6080,6079,6081,1,0,1
6064,6081,6076,0,0,0
5993,5996,6082,0,0,1,13315
6026,6028,6083,0,0,1
6024,6083,6084,0,0,1
6085,6086,6087,1,1,1
5743,6088,6089,0,1,1
6082,6089,6090,0,0,1
5994,6090,6091,0,0,1
6084,5991,6092,0,0,1
6087,6092,6091,0,0,0
6085,6088,6093,0,0,1,17412
6086,6093,6094,0,0,1
6022,6094,6095,0,0,1
6020,6095,6096,0,0,1
6097,6096,6098,1,0,1
6099,6100,6101,1,1,1
6102,6103,6104,1,1,1
5745,6104,6105,0,0,1
6098,6105,6101,0,0,0
5979,5981,6106,0,0,1,1267
6036,5976,6107,0,0,1
6034,6107,6108,0,0,1
3744,3747,6109,0,0,1
6110,6109,6111,1,0,1
6112,6113,6114,1,1,1
6115,6116,6117,1,1,1
6118,6117,6119,1,0,1
6120,6119,6121,1,0,1
6122,6121,6123,1,0,1
6124,6123,6125,1,0,1
6126,6127,6128,1,1,1
6129,6128,6130,1,0,1
6131,6130,6132,1,0,1
221,6133,6134,0,1,1
1220,222,6135,0,0,1
6106,6135,6136,0,0,1
6114,6111,6137,0,0,1
6132,6125,6138,0,0,1
6139,6138,6140,1,0,1
6136,6134,6141,0,0,1
6108,6141,6142,0,0,1
6140,6137,6143,0,0,1
6144,6143,6145,1,0,1
6146,6145,6142,1,0,0
6102,5747,6147,0,0,1,9219
6148,6147,6149,1,0,1
6150,6151,6152,1,1,1
6153,6152,6154,1,0,1
6155,6154,6156,1,0,1
5752,6156,6157,0,0,1
5749,6157,6149,0,0,0
6158,6043,6159,1,0,1,9220
6010,6014,6160,0,0,1
6007,6011,6161,0,0,1
6159,6161,6160,0,0,0
6099,6103,6162,0,0,1,9221
6100,6162,6163,0,0,1
6164,6163,6165,1,0,1
6166,6165,6167,1,0,1
6168,6167,6169,1,0,1
6151,6169,6148,0,0,0
6170,6018,6171,1,0,1,9220
6172,6171,6173,1,0,1
6174,6173,6175,1,0,1
6176,6175,6177,1,0,1
6178,6177,6179,1,0,1
6164,6179,6097,0,0,0
6155,5751,6180,0,0,1,1027
6181,6180,6182,1,0,1
6183,6184,6185,1,1,1
6186,6187,6188,1,1,1
6189,6190,6191,1,1,1
6192,6191,6193,1,0,1
6194,6193,6195,1,0,1
6196,6195,6197,1,0,1
6198,6197,6199,1,0,1
6200,6201,6202,1,1,1
6203,6202,6204,1,0,1
6205,6204,6206,1,0,1
6207,6206,6208,1,0,1
6209,6210,6211,1,1,1
6212,6213,6214,1,1,1
6215,6216,6217,1,1,1
5766,6217,6218,0,0,1
5767,6218,6219,0,0,1
5761,5764,6220,0,0,1
5756,5759,6221,0,0,1
5754,6221,6222,0,0,1
6182,6222,6223,0,0,1
6224,6223,6225,1,0,1
6226,6225,6227,1,0,1
6185,6227,6228,0,0,1
6188,6228,6229,0,0,1
6208,6199,6230,0,0,1
6211,6230,6231,0,0,1
6214,6231,6232,0,0,1
6233,6232,6234,1,0,1
6229,5758,6235,0,0,1
6234,6236,6237,0,1,1
6219,6237,6238,0,0,1
6235,6220,6239,0,0,1
6238,6240,6241,0,1,1
5763,6241,6239,0,0,0
6166,6168,6242,0,0,1,13316
6176,6178,6243,0,0,1
6244,6245,6246,1,1,1
6194,6246,6247,0,0,1
6248,6247,6249,1,0,1
6250,6249,6251,1,0,1
6252,6251,6253,1,0,1
6150,6253,6254,0,0,1
6242,6254,6243,0,0,0
6255,6256,6257,1,1,1,9461
6258,6257,6259,1,0,1
6260,6261,6262,1,1,1
6263,6262,6259,1,0,0
6146,6133,6264,0,0,1,1268
6144,6264,6265,0,0,1
6139,6265,6266,0,0,1
6129,6131,6267,0,0,1
6268,6127,6269,1,0,1
6270,6269,6271,1,0,1
6272,6271,6273,1,0,1
6274,6273,6275,1,0,1
228,6275,6276,0,0,1
226,6276,6277,0,0,1
224,6277,6278,0,0,1
6267,6266,6279,0,0,1
6126,6279,6278,0,0,0
6252,6153,6280,0,0,1,9220
6250,6280,6281,0,0,1
6192,6248,6282,0,0,1
6283,6282,6284,1,0,1
6285,6284,6286,1,0,1
6287,6286,6288,1,0,1
6224,6288,6289,0,0,1
6181,6289,6281,0,0,0
6290,6016,6291,1,0,1,13316
6292,6291,6293,1,0,1
6294,6295,6296,1,1,1
6170,6296,6293,0,0,0
6294,6172,6297,0,0,1,9221
6298,6295,6299,1,0,1
6300,6301,6302,1,1,1
6303,6302,6304,1,0,1
6305,6306,6307,1,1,1
6308,6307,6309,1,0,1
6245,6310,6311,0,1,1
6174,6311,6312,0,0,1
6297,6312,6313,0,0,1
6299,6313,6314,0,0,1
6304,6314,6309,0,0,0
232,1224,6315,0,0,1,1266
6316,6315,6317,1,0,1
6318,6319,6320,1,1,1
6321,6320,6322,1,0,1
6323,6324,6325,1,1,1
1229,6325,6326,0,0,1
1226,6326,6327,0,0,1
6317,1227,6328,0,0,1
6322,6328,6327,0,0,0
6274,230,6329,0,0,1,1267
6270,6272,6330,0,0,1
6331,6330,6332,1,0,1
6333,6332,6334,1,0,1
6335,6334,6336,1,0,1
6321,6324,6337,0,0,1
6318,6337,6338,0,0,1
6316,6319,6339,0,0,1
6329,6339,6340,0,0,1
6336,6340,6338,0,0,0
6341,6292,6342,1,0,1,13315
6301,6342,6298,0,0,0
6310,6244,6343,0,0,1,21508
6308,6343,6344,0,0,1
6345,6305,6346,1,0,1
6347,6346,6348,1,0,1
6200,6348,6349,0,0,1
6201,6349,6350,0,0,1
6198,6350,6351,0,0,1
6196,6351,6344,0,0,0
6352,6303,6353,1,0,1,21507
6354,6353,6355,1,0,1
6203,6356,6357,0,1,1
6347,6357,6358,0,0,1
6306,6345,6359,0,0,1
6355,6359,6358,0,0,0
6072,3657,6360,0,0,1,1025
6070,6360,6361,0,0,1
6065,6068,6362,0,0,1
6063,6066,6363,0,0,1
6080,6059,6364,0,0,1
6056,6364,6365,0,0,1
6054,6365,6366,0,0,1
6361,3584,6367,0,0,1
6366,6058,6368,0,0,1
6367,3583,6369,0,0,1
6362,6369,6370,0,0,1
6363,6370,6371,0,0,1
6368,6061,6372,0,0,1
6373,6372,6371,1,0,0
6285,6287,6374,0,0,1,1028
6189,6283,6375,0,0,1
6190,6375,6376,0,0,1
6236,6376,6377,0,0,1
6186,6240,6378,0,0,1
6183,6187,6379,0,0,1
6226,6184,6380,0,0,1
6374,6380,6381,0,0,1
6377,6381,6382,0,0,1
6378,6382,6379,0,0,0
6268,6331,6383,0,0,1,9460
6384,6122,6385,1,0,1
6386,6385,6387,1,0,1
6388,6389,6390,1,1,1
1231,1235,6391,0,0,1
6323,1232,6392,0,0,1
6335,6392,6393,0,0,1
6333,6393,6394,0,0,1
6387,6124,6395,0,0,1
6390,6396,6397,0,1,1
6391,6397,6398,0,0,1
6394,6398,6399,0,0,1
6395,6383,6400,0,0,1
6401,6400,6399,1,0,0
6402,6354,6403,1,0,1,9220
6404,6405,6406,1,1,1
6407,6408,6409,1,1,1
6403,6409,6406,0,0,0
6386,6401,6410,0,0,1,9461
6384,6410,6411,0,0,1
6412,6118,6413,1,0,1
6414,6413,6415,1,0,1
6416,6417,6418,1,1,1
6419,6418,6420,1,0,1
6421,6422,6423,1,1,1
6389,6423,6424,0,0,1
6396,6424,6425,0,0,1
6415,6120,6426,0,0,1
6425,6420,6427,0,0,1
6426,6411,6428,0,0,1
6429,6428,6427,1,0,0
6407,6356,6430,0,0,1,1025
6404,6408,6431,0,0,1
6432,6405,6433,1,0,1
6434,6433,6435,1,0,1
6436,6437,6438,1,1,1
6439,6440,6441,1,1,1
6442,6441,6443,1,0,1
6444,6445,6446,1,1,1
6205,6446,6447,0,0,1
6430,6447,6448,0,0,1
6431,6448,6449,0,0,1
6435,6449,6450,0,0,1
6438,6450,6443,0,0,0
6414,6429,6451,0,0,1,1269
6422,6452,6453,0,1,1
6419,6453,6454,0,0,1
6416,6454,6455,0,0,1
6417,6455,6451,0,0,0
6444,6207,6456,0,0,1,1026
6442,6445,6457,0,0,1
6458,6457,6459,1,0,1
6233,6216,6460,0,0,1
6212,6460,6461,0,0,1
6213,6461,6462,0,0,1
6209,6462,6463,0,0,1
6456,6210,6464,0,0,1
6459,6464,6463,0,0,0
3742,3745,6465,0,0,1,1266
3740,6465,6466,0,0,1
6116,6467,6468,0,1,1
6112,6468,6469,0,0,1
6113,6469,6470,0,0,1
6466,6110,6471,0,0,1
3738,6471,6470,0,0,0
6472,6434,6473,1,0,1,1537
6440,6474,6475,0,1,1
6436,6475,6476,0,0,1
6437,6476,6473,0,0,0
2102,2423,6477,0,0,1,4865
2100,6477,6478,0,0,1
2427,6478,6479,1,0,1
2429,6479,6480,1,0,1
2431,6480,6481,1,0,1
1734,2433,6482,1,1,1
2523,6482,6483,1,0,1
2522,6483,6484,1,0,1
2526,6484,6485,1,0,1
2531,2528,6486,1,1,1
2724,6486,6487,1,0,1
2208,6487,6488,0,0,1
2209,6488,6489,0,0,1
2205,6489,6490,0,0,1
6481,2206,6491,0,0,1
6485,6491,6492,0,0,1
2525,6492,6490,1,0,0
2247,6493,6494,0,1,1,4865
6495,2245,6496,1,0,1
2115,6496,6497,0,0,1
2113,6497,6494,0,0,0
2421,2105,6498,0,0,1,2305
2250,6498,6493,0,0,0