0,1,0,-1
1,2,0,-1
2,0,0,1
3,0,1,170
2,3,1,2
4,3,2,277
2,4,2,3
5,4,3,276
2,5,3,4
6,5,4,275
2,6,4,5
7,6,5,275
2,7,5,6
8,7,6,274
2,8,6,7
9,8,7,274
2,9,7,8
10,9,8,312
2,10,8,9
11,10,9,273
2,11,9,10
12,11,10,272
2,12,10,11
13,12,11,271
2,13,11,12
14,13,12,270
2,14,12,13
15,14,13,269
2,15,13,14
16,15,14,269
2,16,14,15
17,16,15,268
2,17,15,16
18,17,16,268
2,18,16,17
19,18,17,267
2,19,17,18
20,19,18,266
2,20,18,19
21,20,19,266
2,21,19,20
22,21,20,265
2,22,20,21
23,22,21,265
2,23,21,22
24,23,22,264
2,24,22,23
25,24,23,263
2,25,23,24
26,25,24,263
2,26,24,25
27,26,25,262
2,27,25,26
28,27,26,261
2,28,26,27
29,28,27,260
2,29,27,28
30,29,28,259
2,30,28,29
31,30,29,259
2,31,29,30
32,31,30,258
2,32,30,31
33,32,31,258
2,33,31,32
34,33,32,307
2,34,32,33
35,34,33,257
2,35,33,34
36,35,34,257
2,36,34,35
37,36,35,256
2,37,35,36
38,37,36,255
2,38,36,37
39,38,37,255
2,39,37,38
40,39,38,254
2,40,38,39
41,40,39,254
2,41,39,40
42,41,40,253
2,42,40,41
43,42,41,252
2,43,41,42
44,43,42,252
2,44,42,43
45,44,43,251
2,45,43,44
46,45,44,251
2,46,44,45
47,46,45,250
2,47,45,46
48,47,46,249
2,48,46,47
49,48,47,248
2,49,47,48
50,49,48,247
2,50,48,49
51,50,49,246
2,51,49,50
52,51,50,245
2,52,50,51
53,52,51,245
2,53,51,52
54,53,52,244
2,54,52,53
55,54,53,244
2,55,53,54
56,55,54,243
2,56,54,55
57,56,55,242
2,57,55,56
58,57,56,242
2,58,56,57
59,58,57,241
2,59,57,58
60,59,58,240
2,60,58,59
61,60,59,239
2,61,59,60
62,61,60,238
2,62,60,61
63,62,61,238
2,63,61,62
64,63,62,237
2,64,62,63
65,64,63,237
2,65,63,64
66,65,64,236
2,66,64,65
67,66,65,235
2,67,65,66
68,67,66,235
2,68,66,67
69,68,67,234
2,69,67,68
70,69,68,233
2,70,68,69
71,70,69,232
2,71,69,70
72,71,70,232
2,72,70,71
73,72,71,231
2,73,71,72
74,73,72,230
2,74,72,73
75,74,73,230
2,75,73,74
76,75,74,229
2,76,74,75
77,76,75,229
2,77,75,76
78,77,76,228
2,78,76,77
79,78,77,227
2,79,77,78
80,79,78,478
2,80,78,114
81,82,79,476
82,80,79,477
80,81,79,115
83,84,80,519
84,81,80,476
81,83,80,81
85,83,81,475
81,85,81,116
86,87,82,474
87,85,82,475
85,86,82,83
88,86,83,473
85,88,83,84
89,88,84,472
85,89,84,117
90,91,85,471
91,89,85,472
89,90,85,118
92,93,86,470
93,90,86,471
90,92,86,119
94,95,87,469
95,92,87,470
92,94,87,88
96,94,88,468
92,96,88,119
97,98,89,513
98,96,89,468
96,97,89,90
99,97,90,461
96,99,90,91
100,99,91,436
96,100,91,92
101,100,92,435
96,101,92,93
102,101,93,348
96,102,93,94
103,102,94,348
96,103,94,95
104,103,95,347
96,104,95,96
105,104,96,347
96,105,96,97
106,105,97,346
96,106,97,98
107,106,98,346
96,107,98,99
108,107,99,345
96,108,99,120
109,110,100,344
110,108,100,345
108,109,100,101
111,109,101,343
108,111,101,121
112,113,102,341
113,114,102,342
114,112,102,122
115,116,103,391
116,112,103,341
112,115,103,104
117,115,104,340
112,117,104,105
118,117,105,339
112,118,105,122
119,120,106,336
120,121,106,337
121,119,106,124
122,123,107,335
123,119,107,336
119,122,107,108
124,122,108,334
119,124,108,125
125,126,109,333
126,124,109,334
124,125,109,126
127,128,110,331
128,125,110,332
125,127,110,111
129,127,111,330
125,129,111,127
130,131,112,165
131,129,112,329
129,130,112,113
2,130,113,164
129,2,113,114
129,80,114,115
129,81,115,116
129,85,116,117
129,89,117,118
129,90,118,128
90,96,119,120
90,108,120,121
90,111,121,128
114,118,122,123
121,118,123,338
114,121,123,124
114,119,124,125
114,124,125,126
114,125,126,127
114,129,127,129
129,111,128,129
114,111,129,342
132,133,130,163
133,134,130,-1
134,132,130,131
135,132,131,163
134,135,131,132
136,135,132,167
134,136,132,133
137,136,133,373
134,137,133,134
138,137,134,372
134,138,134,135
139,138,135,372
134,139,135,136
140,139,136,371
134,140,136,137
141,140,137,370
134,141,137,138
142,141,138,370
134,142,138,139
143,142,139,369
134,143,139,140
144,143,140,369
134,144,140,141
145,144,141,368
134,145,141,142
146,145,142,368
134,146,142,143
147,146,143,367
134,147,143,144
148,147,144,366
134,148,144,158
149,150,145,365
150,148,145,366
148,149,145,146
151,149,146,364
148,151,146,147
152,151,147,364
148,152,147,148
153,152,148,363
148,153,148,149
154,153,149,362
148,154,149,159
155,156,150,361
156,154,150,362
154,155,150,151
157,155,151,361
154,157,151,152
158,157,152,360
154,158,152,153
159,158,153,359
154,159,153,159
160,161,154,358
161,159,154,359
159,160,154,155
162,160,155,357
159,162,155,156
163,162,156,356
159,163,156,157
134,163,157,-1
159,134,157,158
159,148,158,159
164,165,160,168
165,133,160,-1
133,164,160,161
166,164,161,168
133,166,161,162
135,166,162,167
133,135,162,163
2,165,164,-1
165,130,164,165
165,131,165,166
136,131,166,329
165,136,166,169
136,166,167,169
166,165,168,169
167,0,170,-1
3,167,170,171
168,167,171,393
3,168,171,172
169,168,172,411
3,169,172,278
170,171,173,410
171,169,173,411
169,170,173,279
172,173,174,409
173,170,174,410
170,172,174,280
174,175,175,408
175,172,175,409
172,174,175,176
176,174,176,407
172,176,176,281
177,178,177,406
178,176,177,407
176,177,177,282
179,180,178,404
180,181,178,405
181,179,178,179
182,179,179,403
181,182,179,180
183,182,180,402
181,183,180,284
184,185,181,400
185,186,181,401
186,184,181,314
187,188,182,397
188,189,182,398
189,187,182,183
190,187,183,396
189,190,183,184
191,190,184,395
189,191,184,285
192,193,185,-1
193,191,185,394
191,192,185,186
194,192,186,422
191,194,186,187
195,194,187,434
191,195,187,188
196,195,188,433
191,196,188,189
197,196,189,432
191,197,189,190
198,197,190,431
191,198,190,191
199,198,191,430
191,199,191,192
200,199,192,429
191,200,192,193
201,200,193,449
191,201,193,286
202,203,194,452
203,201,194,453
201,202,194,287
200,204,195,449
204,205,195,450
205,200,195,196
206,200,196,429
205,206,196,197
207,206,197,428
205,207,197,198
208,207,198,427
205,208,198,315
209,210,199,424
210,211,199,425
211,209,199,200
212,209,200,423
211,212,200,201
213,212,201,-1
211,213,201,202
214,213,202,-1
211,214,202,203
215,214,203,498
211,215,203,204
216,215,204,498
211,216,204,205
217,216,205,529
211,217,205,206
218,217,206,497
211,218,206,207
219,218,207,496
211,219,207,208
220,219,208,496
211,220,208,209
221,220,209,495
211,221,209,210
222,221,210,494
211,222,210,211
223,222,211,493
211,223,211,212
224,223,212,493
211,224,212,213
225,224,213,492
211,225,213,214
226,225,214,491
211,226,214,215
227,226,215,490
211,227,215,216
228,227,216,489
211,228,216,217
229,228,217,488
211,229,217,218
230,229,218,488
211,230,218,219
231,230,219,525
211,231,219,289
232,233,220,486
233,231,220,487
231,232,220,290
234,235,221,484
235,232,221,485
232,234,221,291
236,237,222,483
237,234,222,484
234,236,222,223
238,236,223,482
234,238,223,292
239,240,224,522
240,241,224,481
241,239,224,225
242,239,225,480
241,242,225,226
243,242,226,479
241,243,226,294
79,243,227,478
243,78,227,228
243,77,228,295
77,75,229,296
75,73,230,231
75,72,231,297
72,70,232,233
72,69,233,234
72,68,234,298
68,66,235,236
68,65,236,299
65,63,237,300
63,61,238,239
63,60,239,240
63,59,240,241
63,58,241,301
58,56,242,243
58,55,243,301
55,53,244,302
53,51,245,246
53,50,246,247
53,49,247,248
53,48,248,249
53,47,249,250
53,46,250,302
46,44,251,303
44,42,252,253
44,41,253,304
41,39,254,305
39,37,255,256
39,36,256,306
36,34,257,317
33,31,258,307
31,29,259,260
31,28,260,261
31,27,261,262
31,26,262,308
26,24,263,264
26,23,264,309
23,21,265,310
21,19,266,267
21,18,267,311
18,16,268,322
16,14,269,270
16,13,270,271
16,12,271,272
16,11,272,273
16,10,273,318
9,7,274,312
7,5,275,276
7,4,276,277
7,3,277,278
7,169,278,279
7,170,279,280
7,172,280,281
7,176,281,282
7,177,282,283
181,177,283,405
7,181,283,284
7,183,284,313
189,184,285,399
184,191,285,286
184,201,286,287
184,202,287,288
244,202,288,451
184,244,288,314
211,208,289,426
208,231,289,290
208,232,290,291
208,234,291,292
208,238,292,293
241,238,293,481
208,241,293,294
208,243,294,295
208,77,295,296
208,75,296,297
208,72,297,298
208,68,298,299
208,65,299,300
208,63,300,315
63,55,301,316
55,46,302,303
55,44,303,304
55,41,304,305
55,39,305,306
55,36,306,321
34,31,307,308
34,26,308,309
34,23,309,310
34,21,310,311
34,18,311,317
10,7,312,313
10,183,313,318
186,244,314,319
205,63,315,316
205,55,316,320
36,18,317,324
16,183,318,322
186,183,319,402
183,244,319,323
205,244,320,450
244,55,320,321
244,36,321,323
18,183,322,324
183,36,323,324
245,246,325,-31202
246,247,325,-31202
247,245,325,328
248,249,326,-31202
249,245,326,-31202
245,248,326,327
250,248,327,-31202
245,250,327,328
247,250,328,-31202
136,129,329,330
136,127,330,331
136,128,331,332
136,125,332,333
136,126,333,374
126,122,334,335
126,123,335,375
123,120,336,337
123,121,337,338
123,118,338,339
123,117,339,340
123,115,340,376
116,113,341,377
113,111,342,343
113,109,343,344
113,110,344,377
110,107,345,378
107,105,346,379
105,103,347,380
103,101,348,349
251,101,349,435
103,251,349,350
252,251,350,-1
103,252,350,351
253,252,351,419
103,253,351,352
254,253,352,419
103,254,352,353
255,254,353,418
103,255,353,381
256,257,354,417
257,255,354,418
255,256,354,382
163,258,355,-1
258,256,355,417
256,163,355,356
256,162,356,357
256,160,357,358
256,161,358,383
161,158,359,360
161,157,360,384
157,156,361,385
156,153,362,363
156,152,363,386
152,149,364,365
152,150,365,392
150,147,366,367
150,146,367,387
146,144,368,387
144,142,369,388
142,140,370,371
142,139,371,389
139,137,372,373
139,136,373,374
139,126,374,375
139,123,375,376
139,115,376,390
116,110,377,378
116,107,378,379
116,105,379,380
116,103,380,381
116,255,381,382
116,256,382,383
116,161,383,384
116,157,384,385
116,156,385,386
116,152,386,391
150,144,387,388
150,142,388,389
150,139,389,390
150,115,390,392
115,152,391,392
193,167,393,-1
168,193,393,394
168,191,394,395
168,190,395,396
168,187,396,397
168,188,397,398
168,189,398,399
168,184,399,400
168,185,400,401
168,186,401,412
186,182,402,403
186,179,403,404
186,180,404,413
180,177,405,406
180,178,406,413
178,174,407,408
178,175,408,414
175,173,409,415
173,171,410,416
171,168,411,412
171,186,412,416
186,178,413,414
186,175,414,415
186,173,415,416
258,257,417,421
257,254,418,421
254,252,419,420
258,252,420,-1
254,258,420,421
212,192,422,-1
194,212,422,423
194,209,423,424
194,210,424,425
194,211,425,426
194,208,426,427
194,207,427,428
194,206,428,434
206,199,429,430
206,198,430,431
206,197,431,432
206,196,432,433
206,195,433,434
251,100,435,436
251,99,436,437
259,99,437,461
251,259,437,445
260,261,438,458
261,259,438,460
259,260,438,446
262,263,439,-1
263,260,439,458
260,262,439,440
264,262,440,457
260,264,440,441
265,264,441,456
260,265,441,446
266,267,442,-1
267,265,442,456
265,266,442,443
268,266,443,455
265,268,443,447
251,269,444,-1
269,270,444,454
270,251,444,445
270,259,445,448
259,265,446,447
259,268,447,448
270,268,448,454
201,204,449,453
204,244,450,451
204,202,451,452
204,203,452,453
269,268,454,455
269,266,455,-1
267,264,456,457
267,262,457,-1
263,261,458,459
271,261,459,460
263,271,459,-1
271,259,460,467
259,97,461,462
272,97,462,512
259,272,462,467
273,274,463,510
274,272,463,511
272,273,463,464
275,273,464,535
272,275,464,465
276,275,465,547
272,276,465,466
271,276,466,-1
272,271,466,467
98,94,468,469
98,95,469,514
95,93,470,515
93,91,471,516
91,88,472,473
91,86,473,474
91,87,474,517
87,83,475,518
84,82,476,477
84,80,477,520
80,243,478,479
80,242,479,480
80,239,480,521
240,238,481,482
240,236,482,483
240,237,483,523
237,235,484,485
237,232,485,486
237,233,486,487
237,231,487,524
230,228,488,489
230,227,489,490
230,226,490,491
230,225,491,492
230,224,492,526
224,222,493,494
224,221,494,495
224,220,495,527
220,218,496,497
220,217,497,528
216,214,498,499
277,214,499,-1
216,277,499,500
278,277,500,545
216,278,500,501
279,278,501,544
216,279,501,530
280,281,502,543
281,279,502,544
279,280,502,503
282,280,503,542
279,282,503,530
283,284,504,541
284,282,504,542
282,283,504,531
285,286,505,550
286,283,505,541
283,285,505,506
287,285,506,540
283,287,506,507
288,287,507,539
283,288,507,532
289,290,508,537
290,291,508,538
291,289,508,509
292,289,509,536
291,292,509,534
273,292,510,535
292,274,510,511
292,272,511,512
292,97,512,513
292,98,513,514
292,95,514,515
292,93,515,516
292,91,516,517
292,87,517,518
292,83,518,519
292,84,519,520
292,80,520,521
292,239,521,522
292,240,522,523
292,237,523,524
292,231,524,525
292,230,525,526
292,224,526,527
292,220,527,528
292,217,528,529
292,216,529,534
216,282,530,531
216,283,531,532
216,288,532,533
291,288,533,538
216,291,533,534
275,292,535,536
275,289,536,537
275,290,537,548
290,288,538,539
290,287,539,540
290,285,540,549
286,284,541,551
284,280,542,543
284,281,543,552
281,278,544,545
281,277,545,546
293,277,546,-1
281,293,546,552
276,293,547,-1
293,275,547,548
293,290,548,549
293,285,549,550
293,286,550,551
293,284,551,552