157.899764,-19.298664,0,1,71
157.5,-19.166667,0,28,29,71,72
157.5,-22.5,0,1,2,3,4,5,6,7,8,9,10,11,12,13,23,24
157.999584,-19.30022,1,2,70,71,72,73,74,75,91,92
158.001073,-19.367497,2,3,70
158.167917,-19.366486,3,4,70,91
158.566883,-19.466968,4,5,91,92,93,94,97
158.965757,-19.599498,5,6,69,90,96,97
159.432438,-19.932858,6,7,69
159.7335,-19.934681,7,8,68,69,89,90
160.333073,-20.233648,8,9,68
160.567652,-20.233602,9,10,67,68,89
160.567503,-20.299847,10,11,67
160.767043,-20.298224,11,12,66,67,88,89,90,95,96
161.167494,-20.534044,12,13,65,66
161.664999,-20.533902,13,14,15,16,24,25,65
162.235094,-20.634766,14,15,63,64
161.899403,-20.399224,14,64,65,66,87,88
162.233195,-20.667639,15,16,62,63
162.866069,-20.999807,16,17,25,26,62
163.500652,-21.233345,17,18,19,20,26,27,61
163.06593,-20.99874,17,61,62,63,64,86,87
163.899739,-21.30041,18,19,59,60
163.698912,-21.233977,18,60,61,85,86
164.765778,-21.866846,19,20,58,59
164.765979,-21.901936,20,21,27,57,58
165.132948,-22.099601,21,22,23,24,25,26,27,55,56
165.134168,-22.06717,21,56,57
166.066667,-22.5,22,23,53,54
165.398789,-22.101507,22,54,55
158.299675,-18.432793,28,29,226,227,228,242
157.5,-18.433333,28,98,99,100,101,102,103,104,105,106,107,108,109,110,111,112,113,114,115,116,117,118,119,120,121,122,123,124,125,126,127,128,129,130,131,132,133,134,135,136,137,138,139,140,141,142,143,144,145,146,147,148,149,150,151,152,153,154,155,156,157,158,159,160,161,162,163,164,165,166,167,168,169,170,171,172,173,174,175,176,177,178,179,180,181,227
158.566213,-18.633761,29,30,31,72,73,226
159.300351,-18.666488,30,31,224,225
158.832876,-18.434671,30,225,226,241,242,243,244
159.300603,-18.701088,31,32,33,73,74,224
160.099844,-19.164364,32,33,222,223
159.634361,-18.699602,32,223,224,225,240,241
160.100426,-19.201178,33,34,74,75,221,222
160.600608,-19.432596,34,75,92,93,219,220
160.599126,-19.401039,34,220,221
162.632773,-19.266202,35,36,217,239,240,241,244
161.369287,-19.267153,35,218,219,220,221,222,223,240
161.366776,-19.334016,35,36,37,38,39,76,218
162.899434,-19.533054,36,37,216,217
162.900422,-19.600714,37,38,215,216
163.267288,-19.934192,38,39,214,215
163.26715,-19.966005,39,40,76,77,213,214
163.833442,-20.266944,40,77,94,95,96,97,211,212
163.56547,-20.065147,40,212,213
166.36607,-19.799324,41,42,209,237,238
165.966586,-19.801787,41,210,211,212,213,214,215,216,217,238,239
165.96743,-19.832655,41,42,43,78,210
166.899983,-20.266255,42,43,208,209
166.901006,-20.299975,43,44,78,79,207,208
167.334686,-20.532455,44,45,79,80,205,206
167.334077,-20.49873,44,206,207
168.065338,-20.833895,45,80,81,203,204
168.067267,-20.799393,45,204,205
169.067006,-21.33319,46,47,201,202
168.633205,-21.000112,46,202,203,204,205,206,207,208,209,236,237
168.600194,-21.000381,46,47,81,82,203
169.068191,-21.366661,47,48,82,83,201
169.701209,-21.566804,48,49,50,51,83,84,200
169.400678,-21.368086,48,200,201,202,235,236
169.934173,-21.799502,49,50,199,233,234
169.733518,-21.567119,49,200,234,235
169.934911,-21.933273,50,51,198,199
170.032669,-22.099507,51,52,53,54,55,56,57,58,59,60,84,85,198
170.066667,-22.5,52,53,196,197
170.066635,-22.100058,52,197,198,199,232,233
161.267732,-19.433163,76,77,93,94,218,219
165.533199,-20.267936,78,79,80,81,82,83,84,85,86,87,88,95,210,211
158.1,0.0,98,99,245
157.5,0.0,98
158.334598,-0.266517,99,100,245,246,247,353,354
158.767832,-0.63231,100,101,353
158.800326,-0.632224,101,102,352,353,354,355,356,357,358,359,389,390
159.299962,-1.133328,102,103,351,352
159.298802,-1.167273,103,104,351
159.800278,-1.499315,104,105,350,351,352,388,389
159.800567,-1.565632,105,106,350
159.900286,-1.567934,106,107,349,350,388
160.332185,-1.800263,107,108,349
160.367221,-1.801188,108,109,348,349,388,389,390,395
160.801215,-2.234075,109,110,347,348
160.800673,-2.265884,110,111,346,347
161.166375,-2.467106,111,112,345,346
161.266496,-2.567092,112,113,345
161.366177,-2.567029,113,114,344,345,346,347,348,395,398
161.365863,-2.600155,114,115,343,344
161.933752,-3.165585,115,116,343
161.966875,-3.165984,116,117,342,343,344,387,394,398,401
162.100127,-3.399792,117,118,341,342
162.100581,-3.500392,118,119,340,341
162.266984,-3.799084,119,120,339,340
162.599776,-4.199787,120,121,339
162.632853,-4.200864,121,122,338,339,340,341,342,386,387
162.799525,-4.731609,122,123,337,338
162.967272,-4.966466,123,124,337
163.03494,-4.967152,124,125,336,337,338,385,386
163.134995,-5.200276,125,126,335,336
163.533142,-5.60055,126,127,335
163.599766,-5.598836,127,128,334,335,336,384,385
163.602111,-5.831634,128,129,333,334
163.666321,-5.968093,129,130,333
163.734111,-5.968446,130,131,332,333,334,383,384
163.733156,-6.133728,131,132,331,332
164.133434,-6.49883,132,133,331
164.19949,-6.500536,133,134,330,331,332,382,383
164.366722,-6.900345,134,135,329,330
164.732908,-7.567376,135,136,328,329
164.732493,-7.599,136,137,327,328
164.99969,-7.767003,137,138,327
165.067476,-7.764896,138,139,326,327,328,329,330,382
165.666179,-8.301042,139,140,326
166.934296,-9.065136,140,141,325,326,381,382,383,384,385,386,387,394
166.932611,-9.166375,141,142,325
167.199679,-9.333092,142,143,324,325,380,381
167.199748,-9.369062,143,144,324
167.56594,-9.732675,144,145,324,379,380
167.866774,-10.067187,145,146,323,378,379
167.86637,-10.232484,146,147,322,323
168.099253,-10.465012,147,148,322
168.167102,-10.46517,148,149,321,322,323,377,378
168.166351,-10.633313,149,150,321
168.199939,-10.63194,150,151,320,321,376,377
168.701259,-11.16572,151,152,320
168.766526,-11.165718,152,153,319,320,376
168.932595,-11.399517,153,154,318,319
169.799938,-12.033591,154,155,317,318
169.799847,-12.099666,155,156,316,317
170.09967,-12.33351,156,157,316
170.66634,-12.63238,157,158,315,316,317,318,319,375,376,377,378,379,380,381,393,394,397,400,401
170.664903,-12.700021,158,159,314,315
170.799347,-12.900123,159,160,314
170.834205,-12.899468,160,161,313,314,315,374,375
171.201395,-13.267375,161,162,312,313
171.199508,-13.299971,162,163,311,312
171.365859,-13.432705,163,164,310,311
171.365855,-13.50094,164,165,310
171.466261,-13.499713,165,166,309,310,311,312,313,373,374
171.831882,-13.834681,166,167,309
171.866951,-13.834306,167,168,308,309,372,373
171.866546,-13.866759,168,169,307,308
172.298186,-14.300553,169,170,307
172.332008,-14.298689,170,171,306,307,308,371,372
172.433058,-14.499795,171,172,305,306
172.666494,-14.833456,172,173,304,305
172.900235,-15.065255,173,174,303,304
172.901929,-15.133926,174,175,302,303
173.299751,-15.466033,175,176,301,302
173.499999,-15.666969,176,177,301
173.599992,-15.665627,177,178,300,301,302,303,304,305,306,370,371
173.932279,-15.999038,178,179,299,300
173.965155,-16.20033,179,180,298,299
174.133619,-16.300611,180,181,298,460
174.133287,-16.466909,181,182,227,228,459,460,461,462,502,503
173.831435,-16.732594,182,183,184,228,229,242,243,458
173.867759,-16.733042,182,458,459
173.667967,-17.398958,183,184,457,501,502,503,516,517
173.83317,-16.967237,183,458,459,502
173.132691,-18.500449,184,185,186,187,229,457
172.932201,-18.900093,185,186,455,456
173.133258,-18.599373,185,456,457,500,501
172.599436,-19.299309,186,187,454,455
172.566715,-19.299127,187,188,189,190,229,230,231,232,233,234,235,236,237,238,239,243,244,454
172.432838,-19.864823,188,189,453,498,499
172.568509,-19.567056,188,454,455,456,499,500
172.301191,-20.066804,189,190,452,453
172.266416,-20.066764,190,191,192,193,194,230,452
172.132856,-20.534456,191,192,496,497
172.266821,-20.200693,191,452,453,497,498
171.73236,-21.40112,192,193,495,496
171.432867,-21.866069,193,194,451,494,495
171.400712,-21.865943,194,195,230,231,451
170.899962,-22.234172,195,196,197,231,232,441
171.400016,-21.899188,195,441,442,451,493,494
170.633333,-22.5,196,441,442,447,448
162.133333,0.0,245,246,402
162.266411,-0.067468,246,247,402,403,404,405,421,422
162.432155,-0.233677,247,248,249,250,251,354,355,421
163.066712,-0.799997,248,249,420,426,427
162.500521,-0.232809,248,421,422,423,427
163.066786,-0.933983,249,250,419,420
163.266775,-1.165803,250,251,418,419
163.268538,-1.232559,251,252,253,355,356,418
163.600955,-1.499102,252,253,416,417
163.366586,-1.266682,252,417,418,419,420,425,426
163.600862,-1.566251,253,254,255,356,357,416
163.967148,-1.833676,254,255,414,415
163.698907,-1.566927,254,415,416,417,424,425
163.967023,-1.867011,255,256,257,357,358,414
164.833452,-2.634711,256,257,412,413
164.066011,-1.866945,256,413,414,415,424
164.835274,-2.800341,257,258,358,359,411,412
165.133597,-3.132035,258,359,390,395,398,399,400,401,410
165.132322,-3.066615,258,410,411
164.766665,-1.999841,259,391,392,396,407,408
164.768252,-2.100045,259,408,409
165.132745,-2.634663,259,396,399,409,410,411,412,413,423,424,425,426,427
163.8326,-0.632405,260,360,361,362,363,364,391,392,404,405
163.900121,-1.031839,260,405,406,407,408,409,422,423
163.933929,-1.034005,260,360,406
167.566667,0.0,261,262,428
163.3,0.0,261,402,403
163.501287,-0.200629,261,262,263,264,265,361,403,404
167.866296,-0.300311,262,263,428,429,430,431,432,433,434,439,440
168.100143,-0.933145,263,264,438,439
168.098008,-0.998611,264,265,437,438
168.400112,-1.401075,265,266,361,362,437
168.500249,-1.732067,266,362,363,435,436
168.433193,-1.400403,266,436,437,438,439,440
168.933717,-0.833088,267,365,366,367,368,369,370,371,372,373,374,375,393,431,432
168.931284,-1.099826,267,432,433
169.032924,-1.76784,267,393,397,433,434
168.466667,0.0,268,269,428,429
168.633384,-0.400004,268,429,430
168.76629,-0.566296,268,269,270,271,272,273,274,275,276,277,278,279,280,281,282,283,284,285,286,287,288,289,365,430,431
180.0,0.0,269,270
180.0,-9.6,270,271,479,480
179.900386,-9.600289,271,272,479
179.900018,-9.700037,272,273,478,479,480,481,482,483,484,485,486,510
179.600165,-10.000551,273,274,478
179.433453,-10.232583,274,275,477,478,509,510,511,512,513,514,515,516,517,518,520
179.365857,-10.232976,275,276,476,477
178.934403,-10.567141,276,277,476
178.599677,-10.932559,277,278,475,476,477,508,509
178.500646,-10.932959,278,279,475
178.500487,-11.03188,279,280,474,475,508
178.033834,-11.633804,280,281,474
178.033045,-11.700721,281,282,473,474,507,508,509,519,520
177.465295,-12.032473,282,283,472,473
177.400161,-12.032574,283,284,472
177.332379,-12.200305,284,285,471,472,473,507
177.133013,-12.46666,285,286,470,471
177.100187,-12.467471,286,287,470
177.100159,-12.633066,287,288,469,470,471,506,507,519
177.034661,-12.63423,288,289,469
176.767212,-13.000031,289,290,291,365,366,468,469,505,506
175.96787,-13.865685,290,291,466,467
176.265904,-13.565847,290,467,468
175.934104,-13.867435,291,292,293,366,367,466
175.700688,-14.265741,292,293,464,465
175.933035,-13.967735,292,465,466,467,468,504,505
175.631798,-14.266474,293,294,367,368,464
175.300828,-14.89955,294,295,296,297,368,369,463
175.334066,-14.900813,294,463,464,465,504
174.867296,-15.732586,295,296,462,503,517,518
174.93388,-15.632225,295,463,504,505,506,518,519,520
174.49972,-16.000878,296,297,461,462
174.233274,-16.134118,297,298,299,300,369,370,460,461
164.569197,-1.733964,360,391,406,407
168.799917,-2.265296,363,364,435
169.098585,-2.46571,364,392,396,397,399,400,434,435,436,440
171.932896,-21.899741,442,443,448,449,493
172.265645,-21.868052,443,449,450,491,492
171.932896,-21.865595,443,492,493,494,495,496,497,498,499,500,501,515,516
175.233114,-21.90293,444,445,490,521
172.399006,-21.66856,444,490,491,492,514,515
172.399998,-21.733181,444,445,450,491
175.300514,-22.03357,445,446,447,448,449,450,521,522,532
175.766667,-22.5,446,447,531,535,536
175.333848,-22.033024,446,532,533,534,536
180.0,-17.9,480,481,529,530
179.666957,-17.898661,481,482,528,529
178.401242,-19.199006,482,483,528
178.033195,-19.600191,483,484,527,528,529,530,531,535
177.80108,-19.766868,484,485,526,527
177.265648,-20.300507,485,486,525,526
176.865796,-20.733405,486,487,510,511,525
176.39931,-20.900704,487,488,511,512,524
176.866003,-20.766213,487,524,525,526,527,534,535,536
176.066824,-21.26601,488,489,512,513,523
176.400267,-20.966306,488,523,524,533,534
175.399668,-21.633108,489,490,513,514,521,522
176.066195,-21.300423,489,522,523,532,533
180.0,-22.5,530,531