0,1,0,92
1,2,0,-1
2,0,0,16
3,4,1,91
4,0,1,92
0,3,1,2
5,3,2,329
0,5,2,3
6,5,3,328
0,6,3,17
7,8,4,318
8,6,4,328
6,7,4,18
9,10,5,657
10,7,5,317
7,9,5,6
11,9,6,535
7,11,6,7
12,11,7,337
7,12,7,19
13,14,8,307
14,12,8,337
12,13,8,20
15,16,9,306
16,13,9,307
13,15,9,21
17,18,10,302
18,15,10,306
15,17,10,11
19,17,11,79
15,19,11,12
20,19,12,85
15,20,12,13
21,20,13,84
15,21,13,14
22,21,14,83
15,22,14,15
23,22,15,87
15,23,15,21
2,23,16,86
23,0,16,17
23,6,17,18
23,7,18,19
23,12,19,20
23,13,20,21
24,25,22,973
25,26,22,983
26,24,22,23
27,24,23,1013
26,27,23,36
28,29,24,1021
29,27,24,1022
27,28,24,25
30,28,25,1187
27,30,25,26
31,30,26,1202
27,31,26,27
32,31,27,1201
27,32,27,37
33,34,28,1170
34,32,28,1179
32,33,28,29
35,33,29,1169
32,35,29,30
36,35,30,1002
32,36,30,31
37,36,31,1028
32,37,31,32
38,37,32,1027
32,38,32,33
39,38,33,1026
32,39,33,34
40,39,34,1025
32,40,34,37
26,41,35,858
41,40,35,1024
40,26,35,36
40,27,36,37
42,43,38,53
43,44,38,-1
44,42,38,39
45,42,39,250
44,45,39,40
46,45,40,259
44,46,40,41
47,46,41,258
44,47,41,42
48,47,42,282
44,48,42,-1
49,50,43,62
50,43,43,-1
43,49,43,54
51,52,44,330
52,49,44,68
49,51,44,45
53,51,45,295
49,53,45,55
54,55,46,294
55,53,46,295
53,54,46,47
56,54,47,293
53,56,47,48
57,56,48,255
53,57,48,49
58,57,49,254
53,58,49,50
59,58,50,254
53,59,50,55
60,61,51,252
61,59,51,253
59,60,51,56
42,62,52,250
62,63,52,251
63,42,52,53
63,43,53,54
63,49,54,57
49,59,55,56
49,60,56,57
63,60,57,251
64,65,58,75
65,66,58,72
66,64,58,59
67,64,59,71
66,67,59,60
68,67,60,70
66,68,60,63
49,69,61,69
69,68,61,70
68,49,61,62
68,50,62,63
66,50,63,-1
70,71,64,77
71,66,64,-1
66,70,64,65
72,70,65,271
66,72,65,66
73,72,66,270
66,73,66,72
52,74,67,267
74,75,67,268
75,52,67,68
75,49,68,69
75,69,69,73
69,67,70,71
69,64,71,74
65,73,72,75
75,73,73,269
73,69,73,74
73,64,74,75
76,77,76,81
77,71,76,-1
71,76,76,77
70,76,77,263
19,78,78,85
78,77,78,-1
77,19,78,79
77,17,79,80
79,17,80,305
77,79,80,81
76,79,81,263
22,80,82,87
80,78,82,-1
78,22,82,83
78,21,83,84
78,20,84,85
2,80,86,-1
80,23,86,87
81,82,88,109
82,1,88,-1
1,81,88,89
83,81,89,108
1,83,89,93
84,85,90,107
85,83,90,108
83,84,90,94
3,84,91,325
84,4,91,94
4,1,92,93
4,83,93,94
86,87,95,119
87,82,95,-1
82,86,95,109
88,89,96,117
89,90,96,118
90,88,96,111
91,92,97,-1
92,88,97,116
88,91,97,98
93,91,98,172
88,93,98,99
94,93,99,382
88,94,99,111
95,96,100,378
96,97,100,289
97,95,100,101
98,95,101,571
97,98,101,102
99,98,102,570
97,99,102,103
100,99,103,311
97,100,103,104
101,100,104,311
97,101,104,105
102,101,105,320
97,102,105,106
84,102,106,325
97,84,106,107
97,85,107,113
85,81,108,114
81,86,109,110
90,86,110,119
81,90,110,115
90,94,111,112
103,94,112,287
90,103,112,115
97,103,113,289
103,85,113,114
103,81,114,115
92,87,116,-1
87,88,116,117
87,89,117,118
87,90,118,119
104,105,120,227
105,91,120,-1
91,104,120,121
106,104,121,226
91,106,121,122
107,106,122,226
91,107,122,123
108,107,123,225
91,108,123,124
109,108,124,225
91,109,124,125
110,109,125,224
91,110,125,126
111,110,126,223
91,111,126,127
112,111,127,223
91,112,127,128
113,112,128,222
91,113,128,129
114,113,129,222
91,114,129,130
115,114,130,221
91,115,130,131
116,115,131,220
91,116,131,132
117,116,132,220
91,117,132,133
118,117,133,219
91,118,133,134
119,118,134,219
91,119,134,135
120,119,135,218
91,120,135,136
121,120,136,217
91,121,136,137
122,121,137,217
91,122,137,181
123,124,138,215
124,122,138,216
122,123,138,182
125,126,139,214
126,123,139,215
123,125,139,140
127,125,140,213
123,127,140,173
128,129,141,417
129,127,141,212
127,128,141,142
130,128,142,416
127,130,142,143
131,130,143,415
127,131,143,144
132,131,144,414
127,132,144,145
133,132,145,414
127,133,145,146
134,133,146,413
127,134,146,147
135,134,147,412
127,135,147,148
136,135,148,411
127,136,148,149
137,136,149,410
127,137,149,150
138,137,150,409
127,138,150,151
139,138,151,408
127,139,151,152
140,139,152,407
127,140,152,173
141,142,153,405
142,143,153,406
143,141,153,154
144,141,154,404
143,144,154,174
145,146,155,403
146,144,155,404
144,145,155,175
147,148,156,401
148,145,156,402
145,147,156,176
149,150,157,399
150,147,157,400
147,149,157,184
151,152,158,398
152,149,158,399
149,151,158,177
153,154,159,397
154,151,159,398
151,153,159,160
155,153,160,396
151,155,160,161
156,155,161,395
151,156,161,162
157,156,162,394
151,157,162,163
158,157,163,393
151,158,163,177
159,160,164,391
160,161,164,392
161,159,164,165
162,159,165,390
161,162,165,178
163,164,166,388
164,162,166,389
162,163,166,187
165,166,167,387
166,163,167,388
163,165,167,188
167,168,168,386
168,165,168,387
165,167,168,179
169,170,169,385
170,167,169,386
167,169,169,170
171,169,170,384
167,171,170,179
93,172,171,477
172,171,171,384
171,93,171,172
171,91,172,180
123,140,173,182
143,140,174,406
140,144,174,175
140,145,175,176
140,147,176,183
149,158,177,185
161,158,178,392
158,162,178,186
165,171,179,180
165,91,180,181
165,122,181,188
122,140,182,183
122,147,183,184
122,149,184,185
122,158,185,186
122,162,186,187
122,163,187,188
173,174,189,-1
174,105,189,-1
105,173,189,190
175,173,190,1312
105,175,190,228
176,177,191,1310
177,175,191,1311
175,176,191,229
178,179,192,1341
179,176,192,1310
176,178,192,193
180,178,193,1309
176,180,193,194
181,180,194,1308
176,181,194,230
182,183,195,1307
183,181,195,1308
181,182,195,231
184,185,196,1305
185,186,196,1306
186,184,196,197
187,184,197,1304
186,187,197,233
188,189,198,1337
189,187,198,1304
187,188,198,199
190,188,199,1336
187,190,199,200
191,190,200,1303
187,191,200,234
192,193,201,1302
193,191,201,1303
191,192,201,234
194,195,202,1301
195,192,202,1302
192,194,202,235
196,197,203,1300
197,194,203,1301
194,196,203,236
198,199,204,426
199,196,204,1299
196,198,204,205
200,198,205,425
196,200,205,206
201,200,206,424
196,201,206,237
202,203,207,423
203,201,207,424
201,202,207,238
204,205,208,422
205,202,208,423
202,204,208,239
206,207,209,421
207,204,209,422
204,206,209,210
208,206,210,420
204,208,210,240
209,210,211,418
210,208,211,419
208,209,211,241
129,209,212,417
209,127,212,213
209,125,213,214
209,126,214,242
126,124,215,216
126,122,216,243
122,120,217,218
122,119,218,244
119,117,219,245
117,115,220,221
117,114,221,246
114,112,222,247
112,110,223,224
112,109,224,248
109,107,225,249
107,104,226,227
107,105,227,228
107,175,228,229
107,176,229,230
107,181,230,231
107,182,231,232
186,182,232,1306
107,186,232,233
107,187,233,249
187,192,234,235
187,194,235,236
187,196,236,237
187,201,237,238
187,202,238,239
187,204,239,240
187,208,240,241
187,209,241,242
187,126,242,243
187,122,243,244
187,119,244,245
187,117,245,246
187,114,246,247
187,112,247,248
187,109,248,249
45,62,250,260
62,60,251,252
62,61,252,253
62,59,253,261
59,57,254,261
211,56,255,292
57,211,255,256
212,211,256,283
57,212,256,262
47,213,257,282
213,212,257,283
212,47,257,258
212,46,258,259
212,45,259,260
212,62,260,262
62,57,261,262
70,79,263,264
214,79,264,305
70,214,264,271
215,216,265,356
216,214,265,371
214,215,265,266
52,215,266,330
214,52,266,267
214,74,267,268
214,75,268,269
214,73,269,270
214,72,270,271
217,218,272,-1718
218,219,272,-1718
219,217,272,280
220,221,273,-1718
221,217,273,-1718
217,220,273,274
222,220,274,-1718
217,222,274,275
223,222,275,-1718
217,223,275,276
224,223,276,-1718
217,224,276,277
225,224,277,-1718
217,225,277,278
226,225,278,-1718
217,226,278,281
227,228,279,-1718
228,226,279,-1718
226,227,279,281
219,227,280,-1718
227,217,280,281
48,213,282,286
213,211,283,284
229,211,284,292
213,229,284,285
230,229,285,290
213,230,285,286
48,230,286,-1
231,94,287,374
103,231,287,288
96,231,288,379
103,96,288,289
232,229,290,301
230,232,290,291
233,232,291,300
230,233,291,-1
229,56,292,293
229,54,293,294
229,55,294,301
55,51,295,296
234,51,296,336
55,234,296,297
235,234,297,336
55,235,297,298
236,235,298,546
55,236,298,299
233,236,299,-1
55,233,299,300
55,232,300,301
237,18,302,310
17,237,302,303
238,237,303,527
17,238,303,304
214,238,304,371
17,214,304,305
18,16,306,310
16,14,307,308
239,14,308,362
16,239,308,309
237,239,309,527
16,237,309,310
101,99,311,312
240,99,312,569
101,240,312,321
241,242,313,661
242,240,313,667
240,241,313,322
243,244,314,665
244,245,314,666
245,243,314,324
246,247,315,675
247,243,315,664
243,246,315,316
10,246,316,657
243,10,316,317
243,7,317,318
243,8,318,319
248,8,319,327
243,248,319,324
102,248,320,326
248,101,320,321
248,240,321,322
248,241,322,323
245,241,323,661
248,245,323,324
3,102,325,326
3,248,326,327
3,8,327,329
8,5,328,329
51,215,330,331
249,215,331,355
51,249,331,332
250,249,332,549
51,250,332,333
251,250,333,552
51,251,333,334
252,251,334,583
51,252,334,335
235,252,335,546
51,235,335,336
14,11,337,338
253,11,338,543
14,253,338,339
254,253,339,542
14,254,339,363
255,256,340,637
256,254,340,615
254,255,340,341
257,255,341,636
254,257,341,364
258,259,342,650
259,257,342,635
257,258,342,343
260,258,343,728
257,260,343,344
261,260,344,695
257,261,344,365
262,263,345,699
263,261,345,697
261,262,345,346
264,262,346,598
261,264,346,347
265,264,347,598
261,265,347,348
266,265,348,597
261,266,348,349
267,266,349,597
261,267,349,350
268,267,350,596
261,268,350,351
269,268,351,595
261,269,351,352
270,269,352,594
261,270,352,365
271,272,353,586
272,270,353,594
270,271,353,366
249,273,354,549
273,271,354,585
271,249,354,355
271,215,355,356
271,216,356,357
274,216,357,373
271,274,357,367
275,276,358,532
276,274,358,373
274,275,358,359
277,275,359,532
274,277,359,360
278,277,360,531
274,278,360,368
239,279,361,528
279,280,361,529
280,239,361,362
280,14,362,363
280,254,363,364
280,257,364,370
257,270,365,366
257,271,366,367
257,274,367,368
257,278,368,369
281,278,369,531
257,281,369,370
280,281,370,530
216,238,371,372
276,238,372,533
216,276,372,373
282,94,374,383
231,282,374,375
283,282,375,475
231,283,375,376
284,283,376,623
231,284,376,380
285,286,377,554
286,284,377,555
284,285,377,380
95,287,378,553
287,96,378,379
287,231,379,381
231,285,380,381
287,285,381,553
288,93,382,477
94,288,382,383
282,288,383,476
172,169,384,385
172,170,385,525
170,168,386,478
168,166,387,478
166,164,388,389
166,162,389,390
166,159,390,391
166,160,391,479
160,158,392,393
160,157,393,394
160,156,394,395
160,155,395,396
160,153,396,397
160,154,397,480
154,152,398,481
152,150,399,400
152,147,400,401
152,148,401,402
152,145,402,403
152,146,403,481
146,141,404,405
146,142,405,482
142,140,406,407
142,139,407,408
142,138,408,409
142,137,409,410
142,136,410,411
142,135,411,412
142,134,412,413
142,133,413,483
133,131,414,415
133,130,415,416
133,128,416,484
128,209,417,418
128,210,418,419
128,208,419,420
128,206,420,421
128,207,421,484
207,205,422,485
205,203,423,486
203,200,424,425
203,198,425,487
289,199,426,1299
198,289,426,427
290,289,427,1258
198,290,427,428
291,290,428,1290
198,291,428,429
292,291,429,1257
198,292,429,430
293,292,430,1256
198,293,430,488
294,295,431,1255
295,293,431,1256
293,294,431,432
296,294,432,1254
293,296,432,489
297,298,433,1252
298,299,433,1253
299,297,433,491
300,301,434,1250
301,302,434,1251
302,300,434,435
303,300,435,1249
302,303,435,436
304,303,436,1248
302,304,436,493
305,306,437,1247
306,304,437,1248
304,305,437,494
307,308,438,1246
308,305,438,1247
305,307,438,439
309,307,439,1245
305,309,439,495
310,311,440,1244
311,309,440,1245
309,310,440,441
312,310,441,1243
309,312,441,442
313,312,442,1242
309,313,442,443
314,313,443,1097
309,314,443,444
315,314,444,1096
309,315,444,445
316,315,445,1095
309,316,445,496
317,318,446,1094
318,316,446,1095
316,317,446,497
319,320,447,1091
320,321,447,1092
321,319,447,448
322,319,448,1090
321,322,448,500
323,324,449,1089
324,322,449,1090
322,323,449,450
325,323,450,1088
322,325,450,501
326,327,451,1143
327,328,451,1087
328,326,451,452
329,326,452,1086
328,329,452,453
330,329,453,1085
328,330,453,503
331,332,454,1084
332,330,454,1085
330,331,454,504
333,334,455,1083
334,331,455,1084
331,333,455,505
335,336,456,1081
336,337,456,1082
337,335,456,457
338,335,457,1080
337,338,457,507
339,340,458,1078
340,341,458,1079
341,339,458,509
342,343,459,1075
343,344,459,1076
344,342,459,512
345,346,460,1074
346,342,460,1075
342,345,460,461
347,345,461,1073
342,347,461,513
348,349,462,1071
349,347,462,1072
347,348,462,514
350,351,463,1070
351,348,463,1071
348,350,463,515
352,353,464,1069
353,350,464,1070
350,352,464,516
354,355,465,1067
355,352,465,1068
352,354,465,517
356,357,466,1065
357,358,466,1066
358,356,466,519
359,360,467,1063
360,356,467,1064
356,359,467,520
361,362,468,998
362,359,468,1062
359,361,468,469
363,361,469,789
359,363,469,470
364,363,470,619
359,364,470,471
365,364,471,619
359,365,471,472
366,365,472,618
359,366,472,473
367,366,473,617
359,367,473,521
368,369,474,616
369,367,474,617
367,368,474,522
283,368,475,616
368,282,475,476
368,288,476,523
288,172,477,524
170,166,478,479
170,160,479,480
170,154,480,526
154,146,481,482
154,142,482,483
154,133,483,526
133,207,484,485
133,205,485,486
133,203,486,487
133,198,487,488
133,293,488,489
133,296,489,490
299,296,490,1253
133,299,490,491
133,297,491,492
302,297,492,1251
133,302,492,493
133,304,493,494
133,305,494,495
133,309,495,496
133,316,496,497
133,317,497,498
370,317,498,1093
133,370,498,499
321,370,499,1092
133,321,499,500
133,322,500,501
133,325,501,502
328,325,502,1087
133,328,502,503
133,330,503,504
133,331,504,505
133,333,505,506
337,333,506,1082
133,337,506,507
133,338,507,508
341,338,508,1079
133,341,508,509
133,339,509,510
371,339,510,1077
133,371,510,511
344,371,511,1076
133,344,511,512
133,342,512,513
133,347,513,514
133,348,514,515
133,350,515,516
133,352,516,517
133,354,517,518
358,354,518,1066
133,358,518,519
133,356,519,520
133,359,520,521
133,367,521,522
133,368,522,523
133,288,523,524
133,172,524,525
133,170,525,526
238,239,527,528
238,279,528,529
238,280,529,530
238,281,530,534
281,277,531,534
277,276,532,533
277,238,533,534
372,9,535,660
11,372,535,536
373,372,536,659
11,373,536,537
374,373,537,670
11,374,537,538
375,374,538,642
11,375,538,543
376,377,539,611
377,378,539,609
378,376,539,540
379,376,540,610
378,379,540,541
254,379,541,610
378,254,541,542
378,253,542,545
253,375,543,544
380,375,544,605
253,380,544,545
378,380,545,605
236,252,546,547
381,252,547,592
236,381,547,548
382,381,548,591
236,382,548,-1
250,273,549,550
383,273,550,585
250,383,550,551
384,383,551,584
250,384,551,552
251,384,552,583
95,285,553,554
95,286,554,582
385,284,555,622
286,385,555,577
386,387,556,787
387,385,556,788
385,386,556,557
388,386,557,714
385,388,557,572
389,390,558,713
390,388,558,714
388,389,558,559
391,389,559,691
388,391,559,560
392,391,560,690
388,392,560,561
393,392,561,689
388,393,561,562
394,393,562,688
388,394,562,572
395,396,563,685
396,397,563,686
397,395,563,580
398,399,564,692
399,400,564,693
400,398,564,573
401,389,565,712
389,398,565,692
398,401,565,573
402,403,566,723
403,404,566,724
404,402,566,567
405,402,567,679
404,405,567,568
406,405,568,668
404,406,568,575
240,406,569,667
406,99,569,570
406,98,570,571
406,95,571,576
385,394,572,577
400,401,573,574
404,401,574,712
400,404,574,575
400,406,575,576
400,95,576,581
286,394,577,578
407,394,578,687
286,407,578,579
397,407,579,686
286,397,579,580
286,395,580,582
400,395,581,685
395,95,581,582
252,384,583,584
252,383,584,593
383,271,585,586
383,272,586,587
408,272,587,601
383,408,587,588
409,408,588,625
383,409,588,593
410,411,589,731
411,409,589,630
409,410,589,590
382,410,590,-1
409,382,590,591
409,381,591,592
409,252,592,593
272,269,594,595
272,268,595,596
272,267,596,602
267,265,597,603
265,262,598,599
412,262,599,698
265,412,599,603
408,413,600,625
413,414,600,703
414,408,600,601
414,272,601,602
414,267,602,604
267,412,603,604
414,412,604,698
378,375,605,609
415,416,606,631
416,375,606,654
375,415,606,607
417,415,607,631
375,417,607,608
377,417,608,611
375,377,608,609
254,376,610,615
376,417,611,612
418,417,612,638
376,418,612,613
419,418,613,638
376,419,613,614
256,419,614,637
376,256,614,615
283,369,616,624
369,366,617,618
369,365,618,624
365,363,619,620
420,363,620,789
365,420,620,621
385,420,621,796
365,385,621,622
365,284,622,623
365,283,623,624
409,413,625,626
421,413,626,702
409,421,626,627
422,421,627,753
409,422,627,628
423,422,628,752
409,423,628,629
424,423,629,780
409,424,629,630
411,424,630,731
417,416,631,632
425,416,632,653
417,425,632,639
426,427,633,652
427,425,633,653
425,426,633,634
428,426,634,651
425,428,634,640
259,428,635,651
428,257,635,636
428,255,636,641
255,419,637,641
419,417,638,639
419,425,639,640
419,428,640,641
429,374,642,674
375,429,642,643
430,429,643,705
375,430,643,644
431,430,644,743
375,431,644,645
432,431,645,803
375,432,645,646
433,432,646,835
375,433,646,647
434,433,647,810
375,434,647,648
435,434,648,755
375,435,648,649
436,435,649,755
375,436,649,655
258,436,650,728
436,259,650,656
259,426,651,652
259,427,652,656
427,416,653,654
427,375,654,655
427,436,655,656
9,246,657,658
437,246,658,675
9,437,658,660
373,437,659,670
437,372,659,660
245,242,661,666
438,439,662,677
439,242,662,669
242,438,662,663
247,438,663,676
242,247,663,664
242,243,664,665
242,244,665,666
242,406,667,668
242,405,668,669
439,405,669,678
374,437,670,671
440,437,671,683
374,440,671,672
441,440,672,706
374,441,672,673
442,441,673,711
374,442,673,674
429,442,674,705
437,247,675,676
437,438,676,677
437,439,677,678
437,405,678,679
437,402,679,680
443,402,680,722
437,443,680,684
444,445,681,738
445,443,681,721
443,444,681,682
446,444,682,707
443,446,682,684
440,446,683,706
446,437,683,684
400,396,685,693
396,407,686,687
396,394,687,688
396,393,688,689
396,392,689,690
396,391,690,691
396,389,691,694
389,399,692,694
399,396,693,694
447,260,695,730
261,447,695,696
448,447,696,772
261,448,696,697
263,448,697,700
414,262,698,699
414,263,699,700
414,448,700,704
449,450,701,748
450,448,701,749
448,449,701,704
421,449,702,748
449,413,702,703
449,414,703,704
430,442,705,710
441,446,706,707
441,444,707,708
451,444,708,746
441,451,708,709
452,451,709,745
441,452,709,711
430,452,710,744
452,442,710,711
404,389,712,713
404,390,713,724
390,386,714,715
453,386,715,787
390,453,715,725
454,455,716,794
455,453,716,795
453,454,716,717
456,454,717,793
453,456,717,718
457,456,718,758
453,457,718,725
458,459,719,763
459,460,719,764
460,458,719,720
445,458,720,738
460,445,720,721
460,443,721,722
460,402,722,723
460,403,723,726
403,390,724,727
390,457,725,727
460,457,726,758
457,403,726,727
260,436,728,729
461,436,729,757
260,461,729,730
447,461,730,797
410,424,731,732
462,424,732,779
410,462,732,733
463,462,733,869
410,463,733,734
464,463,734,823
410,464,734,737
465,466,735,782
466,464,735,783
464,465,735,737
410,467,736,-1
467,465,736,782
465,410,736,737
444,458,738,739
468,458,739,762
444,468,739,746
469,470,740,850
470,471,740,766
471,469,740,741
472,469,741,804
471,472,741,742
431,472,742,803
471,431,742,743
471,430,743,744
471,452,744,745
471,451,745,747
451,468,746,747
471,468,747,766
421,450,748,749
421,448,749,754
473,474,750,771
474,448,750,772
448,473,750,751
475,473,751,770
448,475,751,754
423,475,752,770
475,422,752,753
475,421,753,754
436,434,755,756
476,434,756,813
436,476,756,757
461,476,757,797
460,456,758,765
477,478,759,816
478,456,759,943
456,477,759,760
479,477,760,815
456,479,760,765
468,480,761,767
480,479,761,814
479,468,761,762
479,458,762,763
479,459,763,764
479,460,764,765
470,468,766,767
470,480,767,768
481,480,768,814
470,481,768,769
482,481,769,893
470,482,769,850
423,473,770,771
423,474,771,781
474,447,772,773
483,447,773,802
474,483,773,774
484,483,774,801
474,484,774,775
485,484,775,874
474,485,775,776
486,485,776,884
474,486,776,781
487,488,777,891
488,486,777,884
486,487,777,778
462,487,778,869
486,462,778,779
486,424,779,780
486,423,780,781
467,466,782,783
467,464,783,784
489,464,784,831
467,489,784,785
490,489,785,830
467,490,785,786
491,490,786,855
467,491,786,-1
453,387,787,788
453,385,788,795
420,361,789,790
492,361,790,997
420,492,790,791
493,492,791,996
420,493,791,792
456,493,792,943
420,456,792,793
420,454,793,794
420,455,794,796
455,385,795,796
447,476,797,798
494,476,798,813
447,494,798,799
495,494,799,838
447,495,799,800
496,495,800,908
447,496,800,802
484,496,801,875
496,483,801,802
432,472,803,804
432,469,804,805
497,469,805,843
432,497,805,806
498,497,806,849
432,498,806,807
499,498,807,848
432,499,807,808
500,499,808,847
432,500,808,809
501,500,809,846
432,501,809,835
502,433,810,841
434,502,810,811
503,502,811,840
434,503,811,812
494,503,812,839
434,494,812,813
481,479,814,815
481,477,815,822
504,478,816,954
477,504,816,817
505,504,817,899
477,505,817,818
506,505,818,899
477,506,818,819
507,506,819,898
477,507,819,822
508,509,820,894
509,507,820,897
507,508,820,821
481,508,821,893
507,481,821,822
510,463,823,879
464,510,823,824
511,510,824,883
464,511,824,832
512,513,825,913
513,511,825,878
511,512,825,826
514,512,826,967
511,514,826,827
515,514,827,978
511,515,827,833
516,517,828,957
517,515,828,958
515,516,828,833
490,518,829,855
518,519,829,966
519,490,829,830
519,489,830,831
519,464,831,832
519,511,832,834
511,516,833,834
519,516,834,957
433,501,835,841
520,521,836,942
521,501,836,846
501,520,836,837
522,520,837,985
501,522,837,842
495,522,838,908
522,494,838,839
522,503,839,840
522,502,840,842
502,501,841,842
523,469,843,854
497,523,843,844
524,523,844,853
497,524,844,845
521,524,845,934
497,521,845,849
521,500,846,847
521,499,847,848
521,498,848,849
469,482,850,851
525,482,851,896
469,525,851,852
526,525,852,925
469,526,852,854
524,526,853,934
526,523,853,854
491,518,855,865
527,528,856,964
528,518,856,965
518,527,856,866
529,530,857,974
530,527,857,963
527,529,857,867
26,529,858,974
529,41,858,859
531,41,859,1024
529,531,859,868
532,533,860,1029
533,531,860,1030
531,532,860,861
534,532,861,1001
531,534,861,862
535,534,862,990
531,535,862,863
536,535,863,928
531,536,863,868
491,537,864,-1
537,536,864,928
536,491,864,865
536,518,865,866
536,527,866,867
536,529,867,868
463,487,869,870
538,487,870,890
463,538,870,871
539,538,871,889
463,539,871,879
540,541,872,888
541,539,872,889
539,540,872,880
542,543,873,886
543,544,873,887
544,542,873,882
485,542,874,885
542,484,874,875
542,496,875,876
545,496,876,915
542,545,876,877
513,545,877,914
542,513,877,878
542,511,878,882
510,539,879,880
510,540,880,881
544,540,881,887
510,544,881,883
544,511,882,883
488,485,884,885
488,542,885,886
488,543,886,892
543,540,887,888
543,541,888,892
541,538,889,890
541,487,890,891
541,488,891,892
482,508,893,894
482,509,894,895
546,509,895,897
482,546,895,896
525,546,896,917
546,507,897,898
546,506,898,907
506,504,899,900
547,504,900,953
506,547,900,901
548,547,901,952
506,548,901,902
549,548,902,920
506,549,902,903
550,549,903,920
506,550,903,904
551,550,904,919
506,551,904,905
552,551,905,919
506,552,905,906
553,552,906,918
506,553,906,907
546,553,907,917
496,522,908,909
554,522,909,989
496,554,909,910
555,554,910,969
496,555,910,911
556,555,911,969
496,556,911,915
512,557,912,967
557,558,912,968
558,512,912,913
558,513,913,914
558,545,914,916
545,556,915,916
558,556,916,968
525,553,917,918
525,552,918,926
552,550,919,927
550,548,920,921
559,548,921,951
550,559,921,922
560,559,922,938
550,560,922,923
561,560,923,937
550,561,923,927
526,562,924,935
562,561,924,936
561,526,924,925
561,525,925,926
561,552,926,927
537,535,928,933
563,564,929,-1
564,535,929,990
535,563,929,930
565,563,930,956
535,565,930,931
566,565,931,955
535,566,931,933
537,567,932,-1
567,566,932,955
566,537,932,933
521,526,934,935
521,562,935,936
521,561,936,937
521,560,937,938
521,559,938,939
568,559,939,950
521,568,939,942
569,570,940,986
570,568,940,1033
568,569,940,941
520,569,941,985
568,520,941,942
478,493,943,944
571,493,944,996
478,571,944,945
572,571,945,1000
478,572,945,946
573,572,946,1007
478,573,946,947
574,573,947,1011
478,574,947,954
575,576,948,1164
576,574,948,1010
574,575,948,949
568,575,949,1034
574,568,949,950
574,559,950,951
574,548,951,952
574,547,952,953
574,504,953,954
567,565,955,956
567,563,956,-1
519,517,957,958
519,515,958,959
577,515,959,977
519,577,959,966
578,579,960,981
579,577,960,977
577,578,960,961
580,578,961,976
577,580,961,962
530,580,962,975
577,530,962,963
577,527,963,964
577,528,964,965
577,518,965,966
514,557,967,979
557,556,968,982
556,554,969,970
581,554,970,989
556,581,970,971
582,581,971,992
556,582,971,972
583,582,972,995
556,583,972,980
24,583,973,1013
583,25,973,980
26,530,974,975
26,580,975,976
26,578,976,984
579,515,977,978
579,514,978,979
579,557,979,981
556,25,980,982
578,557,981,984
557,25,982,983
557,26,983,984
522,569,985,986
522,570,986,987
584,570,987,1033
522,584,987,988
581,584,988,992
522,581,988,989
564,534,990,991
585,534,991,1006
564,585,991,-1
582,584,992,993
586,584,993,1051
582,586,993,994
587,586,994,1014
582,587,994,995
583,587,995,1023
571,492,996,997
571,361,997,998
571,362,998,1000
572,588,999,1007
588,362,999,1062
362,572,999,1000
36,532,1001,1028
534,36,1001,1002
534,35,1002,1003
589,35,1003,1168
534,589,1003,1006
590,591,1004,1178
591,589,1004,1168
589,590,1004,1005
585,590,1005,-1
589,585,1005,1006
573,588,1007,1012
592,593,1008,1133
593,588,1008,1134
588,592,1008,1009
594,592,1009,1165
588,594,1009,1012
576,594,1010,1164
594,574,1010,1011
594,573,1011,1012
27,583,1013,1022
595,586,1014,1050
587,595,1014,1015
596,595,1015,1163
587,596,1015,1016
597,596,1016,1162
587,597,1016,1017
598,597,1017,1161
587,598,1017,1018
599,598,1018,1047
587,599,1018,1019
600,599,1019,1188
587,600,1019,1020
28,600,1020,1187
587,28,1020,1021
587,29,1021,1023
29,583,1022,1023
531,40,1024,1025
531,39,1025,1026
531,38,1026,1027
531,37,1027,1030
37,532,1028,1029
37,533,1029,1030
601,602,1031,-10471
602,603,1031,-10471
603,601,1031,1032
604,601,1032,-10471
603,604,1032,-10471
584,568,1033,1034
584,575,1034,1035
605,575,1035,1167
584,605,1035,1036
606,605,1036,1167
584,606,1036,1052
607,608,1037,1129
608,609,1037,1130
609,607,1037,1038
610,607,1038,1214
609,610,1038,1053
611,612,1039,1219
612,610,1039,1220
610,611,1039,1054
613,614,1040,1122
614,611,1040,1218
611,613,1040,1041
615,613,1041,1121
611,615,1041,1042
616,615,1042,-1
611,616,1042,1054
617,618,1043,1193
618,616,1043,1194
616,617,1043,1044
619,617,1044,1192
616,619,1044,1055
620,621,1045,1190
621,619,1045,1191
619,620,1045,1056
622,623,1046,1189
623,620,1046,1190
620,622,1046,1057
599,622,1047,1188
622,598,1047,1048
624,598,1048,1160
622,624,1048,1049
625,624,1049,1160
622,625,1049,1058
595,626,1050,1158
626,586,1050,1051
626,584,1051,1052
626,606,1052,1059
609,606,1053,1131
606,610,1053,1060
610,616,1054,1055
610,619,1055,1056
610,620,1056,1057
610,622,1057,1058
610,625,1058,1060
626,627,1059,1158
627,606,1059,1061
606,625,1060,1061
627,625,1061,1159
588,359,1062,1063
588,360,1063,1064
588,356,1064,1065
588,357,1065,1134
357,354,1066,1067
357,355,1067,1068
357,352,1068,1069
357,353,1069,1135
353,351,1070,1136
351,349,1071,1072
351,347,1072,1073
351,345,1073,1074
351,346,1074,1137
346,343,1075,1138
343,371,1076,1077
343,339,1077,1078
343,340,1078,1139
340,338,1079,1080
340,335,1080,1081
340,336,1081,1140
336,333,1082,1083
336,334,1083,1141
334,332,1084,1142
332,329,1085,1086
332,326,1086,1157
327,325,1087,1088
327,323,1088,1089
327,324,1089,1143
324,319,1090,1091
324,320,1091,1144
320,370,1092,1093
320,317,1093,1094
320,318,1094,1145
318,315,1095,1096
318,314,1096,1097
318,313,1097,1098
628,313,1098,1242
318,628,1098,1099
629,628,1099,1282
318,629,1099,1100
630,629,1100,1241
318,630,1100,1101
631,630,1101,1240
318,631,1101,1102
632,631,1102,1240
318,632,1102,1103
633,632,1103,1239
318,633,1103,1104
634,633,1104,1238
318,634,1104,1105
635,634,1105,1237
318,635,1105,1106
636,635,1106,1236
318,636,1106,1146
637,638,1107,1235
638,636,1107,1236
636,637,1107,1147
639,640,1108,1234
640,637,1108,1235
637,639,1108,1148
641,642,1109,1232
642,639,1109,1233
639,641,1109,1149
643,644,1110,1277
644,645,1110,1231
645,643,1110,1111
646,643,1111,1230
645,646,1111,1112
647,646,1112,1229
645,647,1112,1113
648,647,1113,1228
645,648,1113,1114
649,648,1114,1227
645,649,1114,1151
650,651,1115,1226
651,649,1115,1227
649,650,1115,1152
652,653,1116,1225
653,650,1116,1226
650,652,1116,1153
654,655,1117,1224
655,652,1117,1225
652,654,1117,1118
656,654,1118,1223
652,656,1118,1154
657,658,1119,1222
658,656,1119,1223
656,657,1119,1155
615,659,1120,-1
659,657,1120,1222
657,615,1120,1121
657,613,1121,1122
657,614,1122,1123
660,614,1123,1217
657,660,1123,1124
661,660,1124,1217
657,661,1124,1125
662,661,1125,1221
657,662,1125,1126
663,662,1126,1216
657,663,1126,1127
664,663,1127,1215
657,664,1127,1128
607,664,1128,1214
657,607,1128,1129
657,608,1129,1130
657,609,1130,1131
657,606,1131,1132
592,606,1132,1166
657,592,1132,1133
657,593,1133,1156
593,357,1134,1135
593,353,1135,1136
593,351,1136,1137
593,346,1137,1138
593,343,1138,1139
593,340,1139,1140
593,336,1140,1141
593,334,1141,1142
593,332,1142,1156
326,324,1143,1144
326,320,1144,1145
326,318,1145,1146
326,636,1146,1147
326,637,1147,1148
326,639,1148,1149
326,641,1149,1150
645,641,1150,1231
326,645,1150,1151
326,649,1151,1152
326,650,1152,1153
326,652,1153,1154
326,656,1154,1155
326,657,1155,1157
657,332,1156,1157
595,627,1158,1159
595,625,1159,1163
625,598,1160,1161
625,597,1161,1162
625,596,1162,1163
575,594,1164,1165
575,592,1165,1166
575,606,1166,1167
591,35,1168,1169
591,33,1169,1170
591,34,1170,1171
665,34,1171,1179
591,665,1171,1172
666,665,1172,1186
591,666,1172,1173
667,666,1173,1185
591,667,1173,1174
668,667,1174,1184
591,668,1174,1175
669,668,1175,1208
591,669,1175,1176
670,669,1176,1207
591,670,1176,1177
671,670,1177,1207
591,671,1177,1178
590,671,1178,-1
665,32,1179,1180
672,32,1180,1201
665,672,1180,1181
673,672,1181,1200
665,673,1181,1182
674,673,1182,1200
665,674,1182,1186
668,675,1183,1208
675,674,1183,1199
674,668,1183,1184
674,667,1184,1185
674,666,1185,1186
30,600,1187,1202
600,622,1188,1189
600,623,1189,1203
623,621,1190,1191
623,619,1191,1192
623,617,1192,1193
623,618,1193,1204
676,616,1194,-1
618,676,1194,1195
677,676,1195,1211
618,677,1195,1196
678,677,1196,1211
618,678,1196,1197
679,678,1197,1210
618,679,1197,1198
675,679,1198,1209
618,675,1198,1199
618,674,1199,1205
674,672,1200,1206
672,31,1201,1206
31,600,1202,1203
31,623,1203,1204
31,618,1204,1205
31,674,1205,1206
671,669,1207,1213
669,675,1208,1209
669,679,1209,1210
669,678,1210,1213
678,676,1211,1212
671,676,1212,-1
678,671,1212,1213
610,664,1214,1215
610,663,1215,1216
610,662,1216,1220
661,614,1217,1218
661,611,1218,1219
661,612,1219,1221
612,662,1220,1221
659,658,1222,1272
658,654,1223,1224
658,655,1224,1273
655,653,1225,1274
653,651,1226,1275
651,648,1227,1228
651,647,1228,1229
651,646,1229,1230
651,643,1230,1276
644,641,1231,1232
644,642,1232,1233
644,639,1233,1234
644,640,1234,1278
640,638,1235,1279
638,635,1236,1237
638,634,1237,1238
638,633,1238,1239
638,632,1239,1280
632,630,1240,1241
632,629,1241,1281
628,312,1242,1243
628,310,1243,1244
628,311,1244,1283
311,307,1245,1246
311,308,1246,1284
308,306,1247,1285
306,303,1248,1249
306,300,1249,1250
306,301,1250,1286
301,297,1251,1252
301,298,1252,1287
298,296,1253,1254
298,294,1254,1255
298,295,1255,1288
295,292,1256,1257
295,291,1257,1289
680,289,1258,1331
290,680,1258,1259
681,680,1259,1330
290,681,1259,1291
682,683,1260,1329
683,681,1260,1330
681,682,1260,1261
684,682,1261,1328
681,684,1261,1291
685,686,1262,1327
686,684,1262,1328
684,685,1262,1263
687,685,1263,1326
684,687,1263,1292
688,689,1264,1324
689,690,1264,1325
690,688,1264,1265
691,688,1265,1323
690,691,1265,1293
692,693,1266,1321
693,691,1266,1322
691,692,1266,1267
694,692,1267,1320
691,694,1267,1297
695,696,1268,1317
696,697,1268,1318
697,695,1268,1294
698,699,1269,1315
699,695,1269,1316
695,698,1269,1295
700,701,1270,-1
701,698,1270,1314
698,700,1270,1271
659,700,1271,-1
698,659,1271,1272
698,658,1272,1273
698,655,1273,1274
698,653,1274,1275
698,651,1275,1276
698,643,1276,1277
698,644,1277,1278
698,640,1278,1279
698,638,1279,1280
698,632,1280,1281
698,629,1281,1282
698,628,1282,1283
698,311,1283,1284
698,308,1284,1285
698,306,1285,1286
698,301,1286,1287
698,298,1287,1288
698,295,1288,1289
698,291,1289,1290
698,290,1290,1298
290,684,1291,1292
290,687,1292,1296
690,687,1293,1326
687,691,1293,1296
697,694,1294,1319
694,695,1294,1295
694,698,1295,1297
290,691,1296,1298
691,698,1297,1298
289,196,1299,1300
289,197,1300,1332
197,195,1301,1333
195,193,1302,1334
193,190,1303,1335
189,184,1304,1305
189,185,1305,1338
185,182,1306,1307
185,183,1307,1339
183,180,1308,1309
183,178,1309,1340
179,177,1310,1311
179,175,1311,1342
702,173,1312,-1
175,702,1312,1313
701,702,1313,-1
175,701,1313,1314
175,698,1314,1315
175,699,1315,1316
175,695,1316,1317
175,696,1317,1318
175,697,1318,1319
175,694,1319,1320
175,692,1320,1321
175,693,1321,1322
175,691,1322,1323
175,688,1323,1324
175,689,1324,1325
175,690,1325,1343
690,685,1326,1327
690,686,1327,1343
686,682,1328,1329
686,683,1329,1344
683,680,1330,1331
683,289,1331,1332
683,197,1332,1333
683,195,1333,1334
683,193,1334,1335
683,190,1335,1336
683,188,1336,1337
683,189,1337,1338
683,185,1338,1339
683,183,1339,1340
683,178,1340,1341
683,179,1341,1342
683,175,1342,1344
175,686,1343,1344