45.164646,24.400477,0,1,2,3,16,17,92
45.0,24.266667,0,88,89,92,93
45.0,23.733333,0,16,86
45.20018,24.43304,1,2,91,325,326,327,329
45.168299,24.434768,1,91,92,93,94
45.266111,24.43244,2,3,328,329
45.332766,24.367021,3,4,17,18,328
45.666061,24.331932,4,5,6,7,18,19,317,318
45.334925,24.499123,4,318,319,327,328,329
45.69986,24.299904,5,6,535,657,658,660
45.699615,24.333502,5,316,317,657
45.40052,23.933164,6,7,337,338,535,536,537,538,543
45.266115,23.9007,7,8,19,20,337
45.199735,23.766173,8,9,20,21,307
45.267149,23.766816,8,307,308,337,338,339,362,363
45.165935,23.667456,9,10,11,12,13,14,15,21,306
45.201083,23.666607,9,306,307,308,309,310
45.167949,23.433527,10,11,79,80,302,303,304,305
45.166827,23.632771,10,302,306,310
45.132889,23.433198,11,12,78,79,85
45.134191,23.600641,12,13,84,85
45.100519,23.601309,13,14,83,84
45.033231,23.668029,14,15,82,83,87
45.034043,23.735109,15,16,17,18,19,20,21,86,87
46.933303,23.465774,22,23,973,1013
46.899528,23.466696,22,973,980,982,983
46.832203,22.965651,22,23,35,36,858,974,975,976,983,984
46.999046,23.366536,23,24,25,26,27,36,37,1013,1022
47.200748,23.598672,24,25,1020,1021,1187
47.000749,23.466112,24,1021,1022,1023
47.199458,23.467818,25,26,1187,1202
47.265716,23.465251,26,27,1201,1202,1203,1204,1205,1206
47.266633,23.067426,27,28,29,30,31,32,33,34,37,1179,1180,1201
47.200748,22.833013,28,29,1169,1170
47.202279,22.799591,28,1170,1171,1179
47.166418,22.832612,29,30,1002,1003,1168,1169
47.133459,22.834039,30,31,1001,1002,1028
47.131313,22.966795,31,32,1027,1028,1029,1030
47.067033,22.967113,32,33,1026,1027
47.066527,22.998943,33,34,1025,1026
47.034969,23.000649,34,35,36,37,1024,1025
46.999996,22.93434,35,858,859,1024
45.032754,22.667052,38,39,52,53,250
45.0,22.666667,38,43,53,54
45.0,22.5,38,39,40,41,42
45.034411,22.566578,39,40,250,259,260
45.101081,22.567032,40,41,258,259
45.099477,22.534121,41,42,257,258,282
45.1,22.5,42,282,286
45.167527,22.865961,43,44,45,54,55,56,57,61,62,68,69
45.0,22.7,43,62,63
45.333971,22.633035,44,45,295,296,330,331,332,333,334,335,336
45.265914,22.833626,44,67,68,266,267,330
45.301115,22.632356,45,46,47,48,49,50,55,295
45.265986,22.534609,46,47,293,294
45.300656,22.534164,46,294,295,296,297,298,299,300,301
45.167407,22.634358,47,48,255,292,293
45.165233,22.667076,48,49,254,255,256,261,262
45.233447,22.664445,49,50,254
45.23281,22.734409,50,51,55,56,253,254,261
45.133606,22.733108,51,56,57,251,252
45.133536,22.698841,51,252,253
45.100951,22.666843,52,250,251,252,253,260,261,262
45.099565,22.732542,52,53,54,57,251
45.167655,23.032734,58,59,71,74,75
45.133195,23.100149,58,72,75
45.0,23.1,58,59,60,63,64,65,66,72
45.100186,23.03493,59,60,70,71
45.100314,22.964891,60,61,62,63,70
45.166218,22.966532,61,69,70,71,73,74
45.034872,23.1995,64,65,77,263,264,271
45.0,23.2,64,76,77
45.034155,23.16745,65,66,270,271
45.200747,23.165606,66,72,73,74,75,269,270
45.267075,22.899366,67,267,268
45.233673,22.899206,67,68,69,73,268,269
45.032955,23.233747,76,77,81,263
45.0,23.233333,76,78,79,80,81
45.0,23.433333,78,82,83,84,85
45.166612,23.266897,80,81,263,264,305
45.0,23.666667,82,86,87
45.065206,24.501262,88,89,108,109,110,114,115
45.0,24.5,88,95,109
45.132589,24.432463,89,90,93,94,108
45.201254,24.49986,90,91,94,106,107,325
45.133866,24.500039,90,107,108,113,114
45.066863,25.198844,95,109,110,119
45.0,25.2,95,116,117,118,119
45.033217,25.300071,96,97,98,99,111,116,117
45.033198,25.266909,96,117,118
45.067045,25.266572,96,110,111,112,115,118,119
45.0,25.466667,97,98,120,121,122,123,124,125,126,127,128,129,130,131,132,133,134,135,136,137,172,180,181
45.0,25.3,97,116
45.300424,25.565268,98,99,171,172,382,477
45.297955,25.333642,99,111,112,287,374,382,383
45.43346,25.099894,100,101,378,553,554,571,576,581,582
45.401055,25.10078,100,288,289,378,379
45.331804,25.032443,100,101,102,103,104,105,106,107,113,289
45.433118,25.065401,101,102,570,571
45.632664,24.86666,102,103,311,312,569,570
45.467288,24.767727,103,104,311
45.466694,24.699216,104,105,311,312,320,321
45.235528,24.567626,105,106,320,325,326
45.100067,25.200847,112,113,114,115,287,288,289
46.298574,42.59952,120,121,226,227
45.0,42.7,120,189,190,227,228
46.299784,42.567081,121,122,226
47.566249,42.56751,122,123,225,226,227,228,229,230,231,232,233,249
47.564709,42.533393,123,124,225
48.43372,42.533507,124,125,224,225,248,249
49.09884,42.333727,125,126,223,224
49.098819,42.300023,126,127,223
49.666812,42.29931,127,128,222,223,224,247,248
49.667028,42.265949,128,129,222
50.033405,42.265669,129,130,221,222,246,247
50.701062,42.065895,130,131,220,221
50.700895,42.034125,131,132,220
51.266377,42.033863,132,133,219,220,221,245,246
51.266924,41.999516,133,134,219
51.666266,42.000672,134,135,218,219,244,245
52.06746,41.799027,135,136,217,218
52.067368,41.766139,136,137,217
52.665146,41.765517,137,138,181,182,183,184,185,186,187,188,216,217,218,243,244
53.432982,41.50007,138,139,140,173,182,215
53.432575,41.534243,138,215,216
54.031436,41.46483,139,140,213,214
54.033141,41.498505,139,214,215,216,242,243
54.499764,41.2672,140,141,142,143,144,145,146,147,148,149,150,151,152,173,212,213
55.16545,40.500269,141,142,416,417,418,419,420,421,484
55.165517,41.168534,141,212,417
54.733394,40.101606,142,143,415,416
54.70048,40.098423,143,144,414,415
54.633187,39.53335,144,145,414
54.633249,39.16609,145,146,413,414,415,416,483,484,485,486,487,488,489,490,491,492,493,494,495,496,497,498,499,500,501,502,503,504,505,506,507,508,509,510,511,512,513,514,515,516,517,518,519,520,521,522,523,524,525,526
54.067657,38.63385,146,147,412,413
53.699783,38.233315,147,148,411,412
53.335246,37.899305,148,149,410,411
53.000186,37.535176,149,150,409,410
52.932703,37.534698,150,151,408,409
52.531893,37.098807,151,152,407,408
51.466076,36.066062,152,173,174,175,176,182,183,406,407
51.366766,35.39928,153,154,404,405
51.399582,35.400413,153,405,406,407,408,409,410,411,412,413,482,483
51.399238,35.566476,153,154,174,406
50.967519,35.001174,154,155,174,175,404
50.199558,34.532715,155,156,175,176,402,403
50.965937,34.967096,155,403,404,405,481,482
49.634416,33.932358,156,157,176,183,184,400,401
49.666218,33.933245,156,401,402
49.301327,33.1674,157,158,177,184,185,399
49.333343,33.166075,157,399,400
49.266314,32.933034,158,159,160,161,162,163,177,398
49.299204,32.932749,158,398,399,400,401,402,403,481
48.866623,32.065874,159,160,396,397
49.267638,32.466294,159,397,398,480,481,482,483,526
48.832493,32.065775,160,161,395,396
48.500687,31.600135,161,162,394,395
48.46594,31.600784,162,163,393,394
48.000804,30.96739,163,177,178,185,186,392,393
47.233551,29.900203,164,165,390,391
47.90114,30.532684,164,391,392,393,394,395,396,397,479,480
47.901178,30.666381,164,165,178,392
47.200188,29.900076,165,166,178,186,187,389,390
46.901258,29.332949,166,167,187,188,388
46.932538,29.33269,166,388,389
46.633509,28.800574,167,168,179,180,181,188,387
46.834031,29.065387,167,387,388,389,390,391,478,479
46.600657,28.366231,168,169,170,179,386
46.633726,28.366333,168,386,387,478
45.899799,26.700166,169,170,384,385
46.598668,27.934256,169,385,386,478,479,480,525,526
45.799168,26.499612,170,171,172,179,180,384
45.800661,26.166602,171,384,385,477,524,525
62.533333,45.0,189,190,1312
45.0,45.0,189
62.400151,44.59958,190,191,228,229,1311,1312,1313,1314,1315,1316,1317,1318,1319,1320,1321,1322,1323,1324,1325,1342,1343,1344
62.134742,44.198196,191,192,193,194,229,230,1310
62.166528,44.199421,191,1310,1311
62.0004,43.833626,192,193,1309,1340,1341
62.135036,44.099419,192,1310,1311,1341,1342
61.931708,43.834125,193,194,1308,1309
61.699724,43.531996,194,195,230,231,1308
61.534566,43.366452,195,231,232,1306,1307
61.700668,43.49918,195,1307,1308,1309,1339,1340
61.164745,42.100744,196,197,1304,1305
61.367622,42.468413,196,1305,1306,1307,1338,1339
61.366943,43.06658,196,197,232,233,1306
61.132205,42.100368,197,198,199,200,233,234,235,236,237,238,239,240,241,242,243,244,245,246,247,248,249,1304
61.065251,41.466702,198,199,1336,1337
61.133583,41.766576,198,1304,1305,1337,1338
60.833285,41.067617,199,200,1303,1335,1336
60.468007,40.735094,200,201,234,1303
60.134605,40.16681,201,202,234,235,1302
60.433517,40.467876,201,1302,1303,1334,1335
60.000076,40.033848,202,203,235,236,1301
60.133086,40.100011,202,1301,1302,1333,1334
59.899664,39.96705,203,204,205,206,236,237,1299,1300
60.000804,39.966498,203,1300,1301,1332,1333
59.500031,39.900565,204,205,425,426,427,428,429,430,487,488
59.767728,39.799155,204,426,1299
59.167272,40.100193,205,206,424,425
59.167693,40.134454,206,207,237,238,424
58.899644,40.167506,207,208,238,239,423
58.898927,40.132709,207,423,424,425,486,487
58.432615,40.200292,208,209,210,239,240,422
58.432258,40.165732,208,422,423,485,486
57.299338,40.899925,209,210,420,421
57.96664,40.199445,209,421,422,484,485
57.300168,40.932776,210,211,240,241,419,420
55.931536,41.199536,211,212,213,214,241,242,417,418
56.999165,40.934404,211,418,419
45.166175,22.599379,255,256,283,284,292
45.133926,22.600317,256,257,258,259,260,262,283
45.132868,22.532981,257,282,283,284,285,286
45.333688,23.199805,264,265,266,267,268,269,270,271,304,305,371
45.366815,22.898901,265,266,330,331,355,356
45.366515,22.967434,265,356,357,371,372,373
45.13325,23.9991,272,273,274,275,276,277,278,280,281
45.069031,23.99994,272
45.068095,23.933108,272,280
45.167111,24.035236,273,274
45.133112,24.031681,273
45.166152,23.999779,274,275
45.233142,23.999055,275,276
45.233218,23.932925,276,277
45.165467,23.934323,277,278
45.16545,23.898916,278,279,281
45.133538,23.967019,279,280,281
45.132397,23.899913,279
45.166339,22.533935,284,285,290,292,293,294,301
45.166667,22.5,285,286,290,291
45.299357,25.199801,287,288,374,375,376,379,380,381
45.200078,22.532159,290,291,300,301
45.2,22.5,291,299,300
45.333365,22.60055,296,297,336
45.401556,22.533957,297,298,335,336,546
45.4,22.5,298,299,546,547,548
45.332569,23.533098,302,303,309,310,527
45.332956,23.400439,303,304,371,372,527,528,529,530,533,534
45.367437,23.533508,308,309,361,362,527,528
45.731443,24.800586,312,313,321,322,569,667
45.699293,24.732749,313,322,323,661
45.73375,24.733882,313,661,662,663,664,665,666,667,668,669
45.733108,24.534024,314,315,316,317,318,319,324,664,665
45.733412,24.63289,314,665,666
45.700772,24.633813,314,323,324,661,666
45.835251,24.465144,315,316,657,658,675
45.833307,24.531927,315,663,664,675,676
45.332495,24.567722,319,320,321,322,323,324,326,327
45.434552,22.866089,331,332,354,355,549
45.434285,22.76752,332,333,549,550,551,552
45.498315,22.733828,333,334,552,583
45.501811,22.531146,334,335,546,547,583,584,592,593
45.567917,24.000011,338,339,542,543,544,545
45.632809,23.634645,339,340,341,363,364,541,542,610,615
45.832988,23.66754,340,341,636,637,641
45.767613,23.665898,340,614,615,637
45.9009,23.599775,341,342,343,344,364,365,366,367,368,369,370,635,636
46.000321,23.565736,342,343,650,728
45.90063,23.664792,342,635,650,651,652,656
45.966472,23.433025,343,344,695,728,729,730
45.900973,23.233803,344,345,346,347,348,349,350,351,352,365,695,696,697
45.966701,23.16776,345,346,598,599,698,699
46.032548,23.232251,345,697,699,700
45.934972,23.165143,346,347,598
45.933256,23.098588,347,348,597,598,599,603
45.866492,23.100058,348,349,597
45.798543,22.933846,349,350,596,597,602,603,604
45.766789,22.933946,350,351,595,596
45.76681,22.966777,351,352,594,595
45.600141,22.966757,352,353,365,366,594
45.565878,22.933696,353,354,355,356,357,366,367,585,586
45.599832,22.933767,353,586,587,594,595,596,601,602
45.567919,22.866053,354,549,550,585
45.46622,23.199766,357,358,359,360,367,368,373
45.432982,23.401033,358,359,532
45.36725,23.399241,358,372,373,532,533
45.433109,23.468597,359,360,531,532,533,534
45.468137,23.465757,360,368,369,531
45.366139,23.467633,361,528,529
45.433968,23.533986,361,362,363,364,370,529,530
45.466543,23.532145,369,370,530,531,534
45.499317,25.532598,374,375,383,475,476
45.634082,25.50002,375,376,475,616,623,624
45.967613,25.300232,376,377,380,555,622,623
45.766244,25.266876,377,380,381,553,554
45.964965,25.267687,377,554,555,577,578,579,580,582
45.433805,25.168662,378,379,381,553
45.499458,25.566626,382,383,476,477,523,524
59.766635,39.765239,426,427,1258,1299,1300,1331,1332
59.667208,39.53197,427,428,1258,1259,1290,1291,1292,1296,1298
59.364824,39.100969,428,429,1257,1289,1290
59.200346,38.934189,429,430,1256,1257
59.133282,38.933807,430,431,432,488,489,1256
58.734223,38.366378,431,432,1254,1255
59.13399,38.797936,431,1255,1256,1257,1288,1289
58.698955,38.365142,432,489,490,1253,1254
57.867928,37.034004,433,491,492,1251,1252
58.199338,37.401108,433,1252,1253,1254,1255,1287,1288
58.200167,37.466904,433,490,491,1253
57.434776,35.767258,434,435,1249,1250
57.866181,36.432244,434,1250,1251,1252,1286,1287
57.733444,36.732028,434,435,436,492,493,1251
57.365895,35.767067,435,436,1248,1249
57.10005,35.231182,436,437,493,494,1248
56.733482,34.533041,437,438,439,494,495,1247
57.098497,35.132657,437,1247,1248,1249,1250,1285,1286
56.432909,34.134123,438,439,1245,1246
56.733047,34.499479,438,1246,1247,1284,1285
56.400395,34.132859,439,440,441,442,443,444,445,495,496,1245
56.166546,33.567346,440,441,1243,1244
56.398822,33.800621,440,1244,1245,1246,1283,1284
56.100763,33.567345,441,442,1242,1243
55.86747,33.134333,442,443,1097,1098,1242
55.567397,33.032411,443,444,1096,1097
55.433258,33.033492,444,445,1095,1096
55.333784,32.932831,445,446,496,497,1095
54.867364,32.867276,446,497,498,1093,1094
55.332897,32.867673,446,1094,1095,1096,1097,1098,1099,1100,1101,1102,1103,1104,1105,1106,1145,1146
53.767267,32.100607,447,448,1090,1091
54.165577,32.332927,447,1091,1092,1093,1094,1144,1145
54.167797,32.399683,447,448,499,500,1092
53.698671,32.099438,448,449,450,500,501,1090
53.333689,31.633123,449,450,1088,1089
53.700341,32.033441,449,1089,1090,1091,1143,1144
53.300613,31.634685,450,501,502,1087,1088
52.933219,30.865944,451,452,1086,1143,1144,1145,1146,1147,1148,1149,1150,1151,1152,1153,1154,1155,1157
53.032621,31.033966,451,1087,1088,1089,1143
53.168191,31.400006,451,452,453,502,503,1087
52.766884,30.700033,452,453,1085,1086
52.699278,30.700019,453,454,503,504,1085
51.933649,29.734318,454,455,504,505,1084
52.400235,30.165146,454,1084,1085,1086,1142,1156,1157
51.766395,29.699324,455,505,506,1082,1083
51.933979,29.700938,455,1083,1084,1141,1142
50.90048,28.832051,456,457,1080,1081
51.199761,29.032803,456,1081,1082,1083,1140,1141
51.201668,29.068085,456,457,506,507,1082
50.833283,28.832951,457,507,508,1079,1080
49.733702,28.066272,458,509,510,1077,1078
50.032497,28.099572,458,1078,1079,1080,1081,1139,1140
50.499462,28.598464,458,508,509,1079
49.066954,27.466764,459,460,461,512,513,1075
49.134503,27.46711,459,1075,1076,1077,1078,1138,1139
49.13397,27.499479,459,511,512,1076
48.668061,27.033667,460,461,1073,1074
49.068286,27.433033,460,1074,1075,1137,1138
48.633148,27.033498,461,462,513,514,1072,1073
48.298422,26.634056,462,463,514,515,1071
48.333894,26.632459,462,1071,1072
48.032841,26.266732,463,464,515,516,1070
48.300717,26.499236,463,1070,1071,1072,1073,1074,1136,1137
47.934382,26.198837,464,465,516,517,1068,1069
48.033405,26.199769,464,1069,1070,1135,1136
47.665949,26.000827,465,517,518,1066,1067
47.700911,25.998966,465,1067,1068
47.366059,25.602066,466,467,519,520,1064,1065
47.434598,25.600149,466,1065,1066,1067,1068,1069,1134,1135
47.434166,25.665076,466,518,519,1066
47.099694,25.332331,467,468,469,470,471,472,473,520,521,1062,1063
47.134113,25.332059,467,1063,1064
46.931472,25.033053,468,469,789,790,997,998
46.998974,25.03217,468,998,999,1000,1062
46.634656,25.199147,469,470,619,620,789
46.633578,25.232321,470,471,619
46.432532,25.234332,471,472,618,619,620,621,622,623,624
46.032412,25.398497,472,473,617,618
46.033271,25.43303,473,474,521,522,617
45.633658,25.533746,474,475,476,522,523,616
45.934554,25.431857,474,616,617,618,624
54.467048,32.699833,498,499,1092,1093
49.500099,27.900858,510,511,1076,1077
45.766565,24.300354,535,536,659,660
45.833066,24.232648,536,537,659,670
45.86785,24.16646,537,538,642,670,671,672,673,674
45.700776,24.066656,538,543,544,605,606,607,608,609,642,643,644,645,646,647,648,649,654,655
45.666375,23.666228,539,540,610,611,612,613,614,615
45.66774,23.899817,539,608,609,611
45.599703,23.899593,539,540,541,542,545,605,609
45.632571,23.665781,540,541,610
45.600673,23.96745,544,545,605
45.535165,22.534086,547,548,591,592
45.533333,22.5,548,590,591
45.601537,22.765961,550,551,584,585,586,587,588,593
45.500957,22.766409,551,552,583,584
46.36621,25.167684,555,556,557,572,577,621,622,788,795,796
46.198599,24.969171,556,557,714,715,787
46.366729,25.099429,556,787,788
46.166733,24.966932,557,558,559,560,561,562,572,714
45.998164,24.933108,558,559,565,691,692,694,712,713
46.165896,24.932326,558,713,714,715,724,725,727
45.998971,24.968125,559,560,690,691
46.033346,24.9682,560,561,689,690
46.132966,25.132004,561,562,688,689
46.134521,25.198953,562,572,577,578,687,688
45.866192,25.068391,563,580,581,582,685
45.899809,25.066289,563,685,686,687,688,689,690,691,693,694
45.901917,25.097809,563,579,580,686
45.96652,24.933404,564,565,573,692
45.966318,24.966701,564,692,693,694
45.867089,24.966068,564,573,574,575,576,581,685,693
45.93408,24.865905,565,573,574,712
45.965899,24.56493,566,567,679,680,722,723
46.033938,24.7002,566,723,724,726,727
45.933474,24.700315,566,567,568,574,575,712,713,724
45.899649,24.598951,567,568,668,669,678,679
45.900315,24.766346,568,569,570,571,575,576,667,668
46.065486,25.199708,578,579,686,687
45.7001,22.899984,587,588,600,601,625
45.799546,22.567002,588,589,590,591,592,593,625,626,627,628,629,630
46.033333,22.5,589,590,731,732,733,734,736,737
46.034809,22.566621,589,630,731
45.931877,23.06627,599,603,604,698
45.964541,22.93347,600,625,626,702,703
45.933697,22.93388,600,601,602,604,698,699,700,703,704
45.733024,23.966331,606,607,631
45.766482,23.966988,606,631,632,653,654
45.734143,23.901771,607,608,611,612,631,632,638,639
45.699086,23.766897,612,613,638
45.766168,23.765584,613,614,637,638,639,640,641
46.634029,25.167579,620,621,789,790,791,792,793,794,796
46.10005,23.03331,626,627,702,748,749,753,754
46.099285,23.000838,627,628,752,753
46.167866,23.000004,628,629,752,770,771,780,781
46.165877,22.899425,629,630,731,732,779,780
45.832861,23.765466,632,633,634,639,640,653
45.866894,23.699922,633,634,651,652
45.967789,23.69863,633,652,653,654,655,656
45.866101,23.666888,634,635,636,640,641,651
45.933651,24.098479,642,643,674,705
46.166516,23.999053,643,644,705,710,743,744
46.23388,23.968312,644,645,742,743,803
46.299587,23.899433,645,646,803,804,805,806,807,808,809,835
46.299652,23.866204,646,647,810,835,841
46.299636,23.83293,647,648,755,756,810,811,812,813
46.133074,23.865795,648,649,755
46.131813,23.600773,649,650,655,656,728,729,755,756,757
45.899878,24.334037,658,659,660,670,671,675,676,677,678,679,680,683,684
45.866325,24.533364,662,663,676,677
45.866505,24.599863,662,669,677,678
45.934538,24.333708,671,672,683,706
46.032819,24.332313,672,673,706,707,708,709,711
46.03442,24.165353,673,674,705,710,711
46.065645,24.498827,680,681,682,684,721,722
46.033213,24.366574,681,682,707,708,738,739,746
46.067226,24.466015,681,720,721,738
45.933818,24.365423,682,683,684,706,707
46.2321,23.432461,695,696,730,772,773,797,798,799,800,802
46.166494,23.233211,696,697,700,701,704,749,750,751,754,772
46.100837,23.133465,701,702,703,704,748
46.133084,23.133967,701,748,749
46.066176,24.365123,708,709,745,746,747
46.065827,24.2009,709,710,711,744,745
46.433325,24.899389,715,716,717,718,725,787,788,795
46.465594,25.000199,716,717,793,794
46.466503,25.066096,716,794,795,796
46.666433,24.833548,717,718,758,759,760,765,792,793,943
46.100288,24.765452,718,725,726,727,758
46.131111,24.468018,719,720,738,739,762,763
46.167924,24.60018,719,763,764
46.100679,24.600174,719,720,721,722,723,726,758,764,765
46.233136,23.56681,729,730,757,797
46.3327,22.90112,732,733,778,779,869
46.333104,22.699155,733,734,823,869,870,871,879
46.300052,22.634762,734,735,737,783,784,823,824,831,832
46.200914,22.567973,735,736,737,782
46.232245,22.567097,735,782,783
46.2,22.5,736,782,783,784,785,786
46.233488,24.432641,739,746,747,761,762,766,767
46.299747,24.132658,740,741,804,805,843,850,851,852,854
46.299428,24.168335,740,766,767,768,769,850
46.133834,24.233193,740,741,742,743,744,745,747,766
46.267414,24.132705,741,742,803,804
46.202266,23.100669,750,751,770,771
46.266512,23.166677,750,771,772,773,774,775,776,781
46.165161,23.099128,751,752,753,754,770
46.298468,23.600578,756,757,797,798,813
46.500053,24.632854,759,760,815,816,817,818,819,822
46.665593,24.632712,759,816,943,944,945,946,947,954
46.366592,24.699804,760,761,762,763,764,765,814,815
46.266562,24.433345,761,767,768,814
46.334402,24.366786,768,769,814,815,821,822,893
46.334302,24.266528,769,850,851,893,894,895,896
46.333945,23.433685,773,774,801,802
46.400453,23.200265,774,775,801,874,875
46.400643,23.099192,775,776,874,884,885
46.332911,23.099019,776,777,778,779,780,781,884
46.400493,22.899709,777,778,869,870,890,891
46.399605,23.033515,777,884,885,886,891,892
46.333223,22.63375,784,785,830,831
46.332767,22.600799,785,786,829,830,855
46.333333,22.5,786,855,864,865
46.834296,24.868181,790,791,996,997
46.79872,24.866972,791,792,943,944,996
46.500936,23.632727,798,799,812,813,838,839
46.533521,23.632305,799,800,838,908
46.533052,23.566951,800,801,802,875,876,908,909,910,911,915
46.300975,24.067835,805,806,843,844,845,849
46.333554,24.066644,806,807,848,849
46.331673,24.001199,807,808,847,848
46.367048,23.999987,808,809,846,847
46.365391,23.900014,809,835,836,837,841,842,846
46.400203,23.866443,810,811,840,841,842
46.399236,23.800598,811,812,839,840
46.600615,24.56532,816,817,899,900,953,954
46.533352,24.566541,817,818,899
46.534146,24.533701,818,819,898,899,900,901,902,903,904,905,906,907
46.466669,24.534109,819,820,821,822,897,898
46.401302,24.433351,820,821,893,894
46.465766,24.432807,820,894,895,897
46.533912,22.800536,823,824,879,880,881,883
46.565489,22.799657,824,825,826,827,832,833,834,878,882,883
46.666648,22.96617,825,826,912,913,967
46.599588,22.934308,825,877,878,913,914
46.667534,22.934627,826,827,967,978,979
46.700885,22.933637,827,828,833,958,959,977,978
46.634429,22.865384,828,833,834,957
46.666355,22.867633,828,957,958
46.667377,22.766989,829,855,856,865,866,965,966
46.633738,22.766754,829,830,831,832,834,957,958,959,966
46.73369,24.066437,836,837,941,942,985
46.666141,24.06631,836,845,846,847,848,849,934,935,936,937,938,939,942
46.667133,23.733139,837,838,839,840,842,908,909,985,986,987,988,989
46.532678,24.199722,843,844,853,854
46.567089,24.199598,844,845,853,934
46.533641,24.232266,851,852,896,917,918,925,926
46.56554,24.233713,852,853,854,924,925,934,935
46.766043,22.866017,856,857,866,867,963,964
46.734118,22.866229,856,964,965
46.833362,22.932808,857,858,859,867,868,974
46.800378,22.933285,857,962,963,974,975
46.999767,22.900449,859,860,861,862,863,868,1024,1025,1026,1027,1030
47.100066,22.834492,860,861,1001,1028,1029
47.032894,22.899689,860,1029,1030
46.902684,22.63341,861,862,990,991,1001,1002,1003,1006
46.765814,22.668005,862,863,928,929,930,931,933,990
46.632487,22.633676,863,864,865,866,867,868,928
46.566667,22.5,864,928,932,933
46.399248,22.867044,870,871,889,890
46.499998,22.833573,871,872,879,880,889
46.50107,22.932226,872,880,881,887,888
46.467012,22.933575,872,888,889,890,891,892
46.466252,23.100339,873,874,875,876,877,878,882,885,886
46.466193,22.966209,873,886,887,888,892
46.500133,22.966366,873,881,882,883,887
46.700352,23.499786,876,877,914,915,916
46.531341,24.368056,895,896,897,898,907,917
46.700748,24.566296,900,901,952,953
46.701852,24.532568,901,902,920,921,951,952
46.633429,24.532851,902,903,920
46.63263,24.501148,903,904,919,920,921,922,923,927
46.565683,24.500779,904,905,919
46.567744,24.433859,905,906,918,919,926,927
46.533446,24.432259,906,907,917,918
46.69953,23.733211,909,910,969,970,989
46.698969,23.633562,910,911,969
46.833251,23.468037,911,915,916,968,969,970,971,972,980,982
46.833657,23.234308,912,967,968,979,981,982,983,984
46.732986,23.39974,912,913,914,916,968
46.800385,24.433526,921,922,938,939,950,951
46.699432,24.334243,922,923,937,938
46.630436,24.333229,923,924,925,926,927,936,937
46.634388,24.232941,924,935,936
46.666667,22.5,929,930,956
46.733333,22.5,929,990,991
46.667341,22.5345,930,931,955,956
46.632791,22.532687,931,932,933,955
46.633333,22.5,932,955,956
47.032831,24.332934,939,940,941,942,949,950,1033,1034
46.866648,24.133303,940,941,985,986
47.00107,23.999526,940,986,987,1033
46.79975,24.799804,944,945,996,997,998,1000
46.900153,24.800289,945,946,999,1000,1007
46.900468,24.766146,946,947,1007,1011,1012
47.034089,24.598956,947,948,949,950,951,952,953,954,1010,1011
47.100294,24.400669,948,949,1034,1035,1164,1165,1166,1167
47.066992,24.600331,948,1010,1164
46.732379,22.933029,959,960,961,962,963,964,965,966,977
46.767386,23.001025,960,961,976,981,984
46.732997,23.000588,960,977,978,979,981
46.767379,22.933558,961,962,975,976
46.798748,23.733498,970,971,988,989,992
46.867328,23.599203,971,972,992,993,994,995
46.967323,23.600753,972,973,980,995,1013,1022,1023
47.000033,23.899865,987,988,992,993,1033,1034,1035,1036,1051,1052
46.933333,22.5,991,1005,1006
47.032357,23.899892,993,994,1014,1050,1051
47.034336,23.699949,994,995,1014,1015,1016,1017,1018,1019,1020,1021,1023
47.166386,24.765789,999,1007,1008,1009,1012,1062,1063,1064,1065,1134
47.133494,22.600689,1003,1004,1005,1006,1168
47.133333,22.5,1004,1005,1178
47.165773,22.599236,1004,1168,1169,1170,1171,1172,1173,1174,1175,1176,1177,1178
47.19969,24.701407,1008,1009,1132,1133,1165,1166
47.200776,24.76612,1008,1133,1134,1135,1136,1137,1138,1139,1140,1141,1142,1156
47.066245,24.631243,1009,1010,1011,1012,1164,1165
47.066252,23.900749,1014,1015,1050,1158,1159,1163
47.133199,23.899564,1015,1016,1162,1163
47.132979,23.801141,1016,1017,1161,1162
47.232745,23.732119,1017,1018,1047,1048,1160,1161
47.233535,23.700495,1018,1019,1047,1188
47.233715,23.600512,1019,1020,1187,1188,1189,1202,1203
47.100084,23.23289,1031,1032
47.000117,23.26598,1031
47.000581,23.099847,1031,1032
47.067723,23.101096,1032
47.29977,24.299871,1035,1036,1167
47.333028,24.300548,1036,1052,1053,1059,1060,1061,1131,1132,1166,1167
47.733079,23.199787,1037,1038,1128,1129,1214
47.600506,23.798164,1037,1129,1130
47.566512,23.79884,1037,1038,1053,1130,1131
47.733868,22.965729,1038,1039,1053,1054,1055,1056,1057,1058,1060,1214,1215,1216,1220
47.764115,22.900944,1039,1040,1041,1042,1054,1218,1219
47.766428,22.966777,1039,1219,1220,1221
47.832814,22.767059,1040,1041,1121,1122
47.833278,22.867328,1040,1122,1123,1217,1218
47.9,22.5,1041,1042,1120,1121
47.533333,22.5,1042,1043,1044,1054,1055,1194
47.533181,22.767223,1043,1044,1192,1193
47.434412,22.767104,1043,1193,1194,1195,1196,1197,1198,1199,1204,1205
47.600412,22.966996,1044,1045,1055,1056,1191,1192
47.567652,23.267766,1045,1046,1056,1057,1190
47.535187,23.132805,1045,1190,1191
47.401353,23.700233,1046,1047,1048,1049,1057,1058,1188,1189
47.432416,23.299838,1046,1189,1190,1191,1192,1193,1203,1204
47.366645,23.732337,1048,1049,1160
47.398975,23.900419,1049,1058,1060,1061,1159,1160,1161,1162,1163
47.066469,23.964553,1050,1051,1052,1059,1158
47.299526,23.966718,1059,1061,1158,1159
55.866488,32.866014,1098,1099,1242,1243,1244,1282,1283
55.700367,32.465572,1099,1100,1241,1281,1282
55.499246,32.133816,1100,1101,1240,1241
55.465894,32.132553,1101,1102,1240
55.266314,31.465021,1102,1103,1239,1240,1241,1280,1281
55.066641,31.16607,1103,1104,1238,1239
54.834205,30.600673,1104,1105,1237,1238
54.79881,30.60018,1105,1106,1236,1237
54.700305,30.299892,1106,1107,1146,1147,1236
54.399213,29.46741,1107,1108,1147,1148,1235
54.76637,30.068674,1107,1235,1236,1237,1238,1239,1279,1280
54.334563,29.40061,1108,1109,1148,1149,1233,1234
54.400408,29.40046,1108,1234,1235,1278,1279
54.165508,29.16806,1109,1149,1150,1231,1232
54.200292,29.168059,1109,1232,1233
54.167514,28.700376,1110,1111,1230,1276,1277
54.231918,28.89966,1110,1231,1232,1233,1234,1277,1278
54.16648,28.966838,1110,1111,1112,1113,1114,1150,1151,1231
54.065921,28.601172,1111,1112,1229,1230
53.799915,28.16629,1112,1113,1228,1229
53.767174,28.165612,1113,1114,1227,1228
53.466669,27.601357,1114,1115,1151,1152,1227
52.698677,26.401743,1115,1116,1152,1153,1226
53.165617,26.934683,1115,1226,1227,1228,1229,1230,1275,1276
52.366455,25.532081,1116,1117,1118,1153,1154,1225
52.699619,25.999622,1116,1225,1226,1274,1275
52.132761,24.332563,1117,1118,1223,1224
52.367506,24.799749,1117,1224,1225,1273,1274
52.099683,24.332057,1118,1119,1154,1155,1223
52.031836,23.933414,1119,1120,1121,1122,1123,1124,1125,1126,1127,1128,1129,1130,1131,1132,1133,1155,1156,1157,1222
52.067601,23.934994,1119,1222,1223,1224,1272,1273
51.933333,22.5,1120,1222,1271,1272
47.834631,22.966942,1123,1124,1217
47.799496,22.966399,1124,1125,1217,1218,1219,1221
47.800928,23.065775,1125,1126,1216,1220,1221
47.765769,23.066505,1126,1127,1215,1216
47.767247,23.201064,1127,1128,1214,1215
47.200693,22.766339,1171,1172,1179,1180,1181,1182,1186
47.233437,22.766639,1172,1173,1185,1186
47.232988,22.600383,1173,1174,1184,1185
47.333245,22.600341,1174,1175,1183,1184,1208
47.334848,22.532779,1175,1176,1207,1208,1209,1210,1213
47.299614,22.533783,1176,1177,1207
47.3,22.5,1177,1178,1207,1212,1213
47.299788,23.067035,1180,1181,1200,1201,1206
47.300201,22.965986,1181,1182,1200
47.398404,22.832759,1182,1183,1184,1185,1186,1199,1200,1205,1206
47.365902,22.598471,1183,1198,1199,1208,1209
47.433333,22.5,1194,1195,1211,1212
47.433128,22.534122,1195,1196,1211
47.400346,22.533523,1196,1197,1210,1211,1212,1213
47.399379,22.599901,1197,1198,1209,1210
60.366927,39.466864,1258,1259,1330,1331
60.633787,39.366047,1259,1260,1261,1291,1330
61.700722,39.133016,1260,1261,1328,1329
61.10029,39.368006,1260,1329,1330,1331,1332,1333,1334,1335,1336,1337,1338,1339,1340,1341,1342,1344
61.698782,39.100341,1261,1262,1263,1291,1292,1328
62.53401,38.899918,1262,1263,1326,1327
62.165411,39.100028,1262,1327,1328,1329,1343,1344
62.532682,38.867559,1263,1292,1293,1296,1326
63.565804,38.36693,1264,1265,1323,1324
63.199474,38.800201,1264,1324,1325
62.965317,38.799898,1264,1265,1293,1325,1326,1327,1343
64.133383,37.801649,1265,1266,1267,1293,1296,1297,1298,1322,1323
64.800458,37.732764,1266,1267,1320,1321
64.334455,37.799126,1266,1321,1322
65.732337,37.267079,1267,1294,1295,1297,1319,1320
66.799828,36.999402,1268,1269,1294,1295,1316,1317
66.566711,37.201841,1268,1317,1318
66.266015,37.199912,1268,1294,1318,1319
67.33311,36.467276,1269,1270,1271,1272,1273,1274,1275,1276,1277,1278,1279,1280,1281,1282,1283,1284,1285,1286,1287,1288,1289,1290,1295,1297,1298,1314,1315
66.866678,37.000186,1269,1315,1316
67.5,22.5,1270,1271
67.5,36.366667,1270,1313,1314
67.5,45.0,1312,1313