0,1,2,1,1,1,1717
3,2,4,1,0,1
5,6,7,1,1,1
8,9,10,1,1,1
11,10,12,1,0,1
13,12,14,1,0,1
15,16,17,1,1,1
18,17,19,1,0,1
20,21,22,1,1,1
23,22,24,1,0,1
25,24,26,1,0,1
4,26,27,0,0,1
7,27,28,0,0,1
14,28,19,0,0,0
29,30,31,1,1,1,1716
32,33,34,1,1,1
35,34,36,1,0,1
37,36,38,1,0,1
39,38,40,1,0,1
8,40,41,0,0,1
5,9,42,0,0,1
3,6,43,0,0,1
0,43,44,0,0,1
31,44,45,0,0,1
41,45,42,0,0,0
46,47,48,1,1,1,691
49,48,50,1,0,1
51,50,52,1,0,1
53,52,54,1,0,1
55,54,56,1,0,1
32,57,58,0,1,1
29,33,59,0,0,1
56,59,58,0,0,0
60,61,62,1,1,1,29360
63,62,64,1,0,1
65,64,66,1,0,1
67,66,68,1,0,1
69,68,70,1,0,1
71,70,72,1,0,1
73,72,74,1,0,1
75,74,76,1,0,1
77,76,78,1,0,1
79,78,80,1,0,1
81,80,82,1,0,1
83,82,84,1,0,1
85,84,86,1,0,1
87,86,88,1,0,1
89,88,90,1,0,1
91,90,92,1,0,1
93,92,94,1,0,1
95,94,96,1,0,1
97,98,99,1,1,1
100,101,102,1,1,1
103,104,105,1,1,1
106,105,107,1,0,1
108,109,110,1,1,1
111,110,112,1,0,1
113,112,114,1,0,1
115,114,116,1,0,1
117,116,118,1,0,1
119,118,120,1,0,1
121,120,122,1,0,1
123,122,124,1,0,1
125,126,127,1,1,1
128,129,130,1,1,1
131,132,133,1,1,1
134,135,136,1,1,1
137,136,138,1,0,1
139,140,141,1,1,1
142,143,144,1,1,1
145,146,147,1,1,1
148,149,150,1,1,1
151,150,152,1,0,1
153,154,155,1,1,1
156,155,157,1,0,1
158,159,160,1,1,1
161,162,163,1,1,1
164,165,166,1,1,1
167,168,169,1,1,1
170,171,172,1,1,1
173,174,175,1,1,1
176,177,178,1,1,1
46,178,179,0,0,1
107,102,180,0,0,1
124,180,181,0,0,1
127,181,182,0,0,1
130,182,183,0,0,1
133,183,184,0,0,1
185,184,186,1,0,1
187,186,188,1,0,1
138,188,189,0,0,1
141,189,190,0,0,1
144,190,191,0,0,1
147,192,193,0,1,1
152,193,194,0,0,1
195,194,196,1,0,1
157,196,197,0,0,1
172,169,198,0,0,1
175,198,199,0,0,1
179,199,200,0,0,1
191,99,201,0,0,1
202,201,203,1,0,1
197,203,204,0,0,1
160,204,205,0,0,1
163,205,206,0,0,1
200,166,207,0,0,1
96,207,206,0,0,0
208,209,210,1,1,1,29184
211,210,212,1,0,1
213,214,215,1,1,1
216,217,218,1,1,1
219,218,220,1,0,1
221,220,222,1,0,1
223,224,225,1,1,1
226,225,227,1,0,1
228,229,230,1,1,1
231,230,232,1,0,1
233,234,235,1,1,1
236,235,237,1,0,1
238,239,240,1,1,1
241,240,242,1,0,1
243,242,244,1,0,1
245,244,246,1,0,1
247,246,248,1,0,1
249,248,250,1,0,1
251,250,252,1,0,1
253,252,254,1,0,1
255,254,256,1,0,1
257,256,258,1,0,1
259,260,261,1,1,1
109,262,263,0,1,1
106,263,264,0,0,1
103,264,265,0,0,1
100,104,266,0,0,1
97,101,267,0,0,1
98,267,268,0,0,1
93,95,269,0,0,1
91,269,270,0,0,1
87,89,271,0,0,1
83,85,272,0,0,1
81,272,273,0,0,1
77,79,274,0,0,1
73,75,275,0,0,1
71,275,276,0,0,1
67,69,277,0,0,1
63,65,278,0,0,1
60,278,279,0,0,1
212,279,280,0,0,1
215,280,281,0,0,1
222,281,282,0,0,1
283,282,284,1,0,1
227,284,285,0,0,1
237,232,286,0,0,1
258,286,287,0,0,1
261,287,288,0,0,1
265,288,289,0,0,1
266,289,290,0,0,1
268,290,291,0,0,1
270,291,292,0,0,1
271,292,293,0,0,1
273,293,294,0,0,1
274,294,295,0,0,1
276,295,296,0,0,1
277,296,285,0,0,0
173,177,297,0,0,1,29408
170,174,298,0,0,1
167,171,299,0,0,1
164,168,300,0,0,1
161,165,301,0,0,1
158,162,302,0,0,1
159,302,303,0,0,1
156,303,304,0,0,1
153,304,305,0,0,1
195,154,306,0,0,1
151,306,307,0,0,1
148,307,308,0,0,1
145,149,309,0,0,1
192,146,310,0,0,1
202,310,311,0,0,1
142,311,312,0,0,1
143,312,313,0,0,1
139,313,314,0,0,1
137,140,315,0,0,1
134,315,316,0,0,1
187,135,317,0,0,1
185,317,318,0,0,1
131,318,319,0,0,1
132,319,320,0,0,1
128,320,321,0,0,1
125,129,322,0,0,1
123,126,323,0,0,1
119,121,324,0,0,1
115,117,325,0,0,1
113,325,326,0,0,1
111,326,327,0,0,1
262,108,328,0,0,1
259,328,329,0,0,1
260,329,330,0,0,1
257,330,331,0,0,1
255,331,332,0,0,1
253,332,333,0,0,1
249,251,334,0,0,1
245,247,335,0,0,1
336,335,337,1,0,1
338,337,339,1,0,1
340,339,341,1,0,1
342,341,343,1,0,1
344,343,345,1,0,1
346,345,347,1,0,1
348,347,349,1,0,1
350,349,351,1,0,1
352,351,353,1,0,1
354,353,355,1,0,1
356,355,357,1,0,1
358,359,360,1,1,1
361,360,362,1,0,1
363,362,364,1,0,1
365,366,367,1,1,1
368,369,370,1,1,1
371,370,372,1,0,1
373,372,374,1,0,1
375,374,376,1,0,1
377,378,379,1,1,1
380,379,381,1,0,1
382,383,384,1,1,1
385,386,387,1,1,1
388,387,389,1,0,1
390,389,391,1,0,1
392,391,393,1,0,1
394,393,395,1,0,1
396,395,397,1,0,1
398,399,400,1,1,1
401,402,403,1,1,1
404,403,405,1,0,1
406,407,408,1,1,1
409,408,410,1,0,1
411,412,413,1,1,1
414,415,416,1,1,1
417,416,418,1,0,1
419,418,420,1,0,1
421,420,422,1,0,1
423,424,425,1,1,1
426,427,428,1,1,1
429,428,430,1,0,1
431,432,433,1,1,1
434,435,436,1,1,1
437,438,439,1,1,1
440,439,441,1,0,1
442,443,444,1,1,1
445,444,446,1,0,1
447,448,449,1,1,1
450,451,452,1,1,1
453,454,455,1,1,1
456,457,458,1,1,1
459,458,460,1,0,1
461,460,462,1,0,1
463,464,465,1,1,1
466,465,467,1,0,1
51,468,469,0,1,1
176,49,470,0,0,1
298,297,471,0,0,1
301,300,472,0,0,1
305,472,473,0,0,1
308,473,474,0,0,1
309,474,475,0,0,1
314,475,476,0,0,1
316,476,477,0,0,1
321,477,478,0,0,1
322,478,479,0,0,1
323,479,480,0,0,1
324,480,481,0,0,1
333,327,482,0,0,1
334,482,483,0,0,1
357,483,484,0,0,1
364,484,485,0,0,1
367,485,486,0,0,1
487,486,488,1,0,1
376,488,489,0,0,1
381,489,490,0,0,1
384,490,491,0,0,1
397,491,492,0,0,1
400,492,493,0,0,1
494,493,495,1,0,1
496,495,497,1,0,1
405,497,498,0,0,1
410,498,499,0,0,1
413,499,500,0,0,1
422,500,501,0,0,1
425,501,502,0,0,1
503,502,504,1,0,1
430,504,505,0,0,1
506,505,507,1,0,1
433,507,508,0,0,1
509,508,510,1,0,1
511,510,512,1,0,1
436,512,513,0,0,1
441,513,514,0,0,1
515,514,516,1,0,1
446,516,517,0,0,1
449,517,518,0,0,1
452,518,519,0,0,1
455,519,520,0,0,1
462,521,522,0,1,1
523,522,524,1,0,1
467,524,525,0,0,1
469,525,526,0,0,1
470,526,527,0,0,1
471,527,528,0,0,1
299,528,529,0,0,1
481,529,520,0,0,0
468,53,530,0,0,1,739
466,530,531,0,0,1
463,531,532,0,0,1
464,532,533,0,0,1
523,533,534,0,0,1
461,534,535,0,0,1
536,535,537,1,0,1
538,537,539,1,0,1
540,539,541,1,0,1
542,543,544,1,1,1
35,544,545,0,0,1
57,545,546,0,0,1
55,546,541,0,0,0
37,39,547,0,0,1,18149
542,547,548,0,0,1
540,543,549,0,0,1
550,549,551,1,0,1
552,551,553,1,0,1
554,553,555,1,0,1
556,555,557,1,0,1
558,557,559,1,0,1
560,559,561,1,0,1
23,562,563,0,1,1
20,563,564,0,0,1
18,21,565,0,0,1
13,16,566,0,0,1
11,566,567,0,0,1
548,567,568,0,0,1
561,568,569,0,0,1
565,564,570,0,0,1
15,570,569,0,0,0
558,560,571,0,0,1,2273
554,556,572,0,0,1
552,572,573,0,0,1
538,550,574,0,0,1
459,536,575,0,0,1
576,575,577,1,0,1
578,579,580,1,1,1
581,582,583,1,1,1
584,585,586,1,1,1
587,588,589,1,1,1
590,589,591,1,0,1
592,591,593,1,0,1
571,593,594,0,0,1
573,594,595,0,0,1
574,595,596,0,0,1
577,596,597,0,0,1
583,580,598,0,0,1
586,598,599,0,0,1
600,599,597,1,0,0
456,576,601,0,0,1,30944
521,457,602,0,0,1
453,602,603,0,0,1
454,603,604,0,0,1
450,604,605,0,0,1
447,451,606,0,0,1
445,448,607,0,0,1
442,607,608,0,0,1
515,443,609,0,0,1
440,609,610,0,0,1
437,610,611,0,0,1
434,438,612,0,0,1
511,435,613,0,0,1
509,613,614,0,0,1
431,614,615,0,0,1
506,432,616,0,0,1
429,616,617,0,0,1
426,617,618,0,0,1
503,427,619,0,0,1
423,619,620,0,0,1
421,424,621,0,0,1
417,419,622,0,0,1
411,415,623,0,0,1
412,623,624,0,0,1
409,624,625,0,0,1
406,625,626,0,0,1
404,407,627,0,0,1
401,627,628,0,0,1
496,402,629,0,0,1
494,629,630,0,0,1
398,630,631,0,0,1
396,399,632,0,0,1
394,632,633,0,0,1
392,633,634,0,0,1
635,634,636,1,0,1
637,636,638,1,0,1
639,638,640,1,0,1
641,640,642,1,0,1
643,642,644,1,0,1
645,644,646,1,0,1
647,646,648,1,0,1
649,648,650,1,0,1
651,652,653,1,1,1
654,653,655,1,0,1
656,655,657,1,0,1
658,659,660,1,1,1
661,660,662,1,0,1
663,662,664,1,0,1
665,664,666,1,0,1
667,668,669,1,1,1
670,669,671,1,0,1
672,671,673,1,0,1
674,675,676,1,1,1
677,678,679,1,1,1
680,679,681,1,0,1
682,683,684,1,1,1
685,686,687,1,1,1
590,687,688,0,0,1
587,688,689,0,0,1
588,689,690,0,0,1
600,690,691,0,0,1
584,691,692,0,0,1
585,692,693,0,0,1
581,693,694,0,0,1
578,582,695,0,0,1
601,579,696,0,0,1
605,696,697,0,0,1
606,697,698,0,0,1
608,698,699,0,0,1
611,699,700,0,0,1
612,700,701,0,0,1
615,701,702,0,0,1
618,702,703,0,0,1
620,703,704,0,0,1
621,704,705,0,0,1
626,414,706,0,0,1
628,706,707,0,0,1
631,707,708,0,0,1
650,708,709,0,0,1
657,709,710,0,0,1
711,710,712,1,0,1
666,712,713,0,0,1
673,713,714,0,0,1
676,714,715,0,0,1
681,715,716,0,0,1
684,716,717,0,0,1
695,694,718,0,0,1
705,718,719,0,0,1
622,719,717,0,0,0
682,686,720,0,0,1,30432
680,683,721,0,0,1
677,721,722,0,0,1
674,678,723,0,0,1
672,675,724,0,0,1
670,724,725,0,0,1
667,725,726,0,0,1
665,668,727,0,0,1
663,727,728,0,0,1
661,728,729,0,0,1
711,659,730,0,0,1
656,730,731,0,0,1
654,731,732,0,0,1
651,732,733,0,0,1
649,652,734,0,0,1
647,734,735,0,0,1
645,735,736,0,0,1
641,643,737,0,0,1
639,737,738,0,0,1
390,635,739,0,0,1
388,739,740,0,0,1
385,740,741,0,0,1
382,386,742,0,0,1
383,742,743,0,0,1
380,743,744,0,0,1
377,744,745,0,0,1
375,378,746,0,0,1
373,746,747,0,0,1
368,371,748,0,0,1
487,369,749,0,0,1
365,749,750,0,0,1
366,750,751,0,0,1
363,751,752,0,0,1
361,752,753,0,0,1
358,753,754,0,0,1
356,359,755,0,0,1
354,755,756,0,0,1
352,756,757,0,0,1
350,757,758,0,0,1
346,348,759,0,0,1
344,759,760,0,0,1
340,342,761,0,0,1
762,338,763,1,0,1
764,763,765,1,0,1
766,767,768,1,1,1
769,768,770,1,0,1
771,772,773,1,1,1
774,773,775,1,0,1
776,777,778,1,1,1
779,778,780,1,0,1
781,782,783,1,1,1
784,783,785,1,0,1
786,787,788,1,1,1
789,790,791,1,1,1
792,793,794,1,1,1
795,794,796,1,0,1
720,796,797,0,0,1
722,797,798,0,0,1
723,798,799,0,0,1
726,799,800,0,0,1
729,800,801,0,0,1
658,801,802,0,0,1
733,802,803,0,0,1
736,803,804,0,0,1
738,804,805,0,0,1
637,805,806,0,0,1
741,806,807,0,0,1
745,807,808,0,0,1
747,808,809,0,0,1
748,809,810,0,0,1
754,810,811,0,0,1
758,811,812,0,0,1
760,812,813,0,0,1
761,813,814,0,0,1
770,765,815,0,0,1
775,815,816,0,0,1
780,817,818,0,1,1
788,819,820,0,1,1
791,820,821,0,0,1
818,816,822,0,0,1
821,785,823,0,0,1
814,823,822,0,0,0
243,336,824,0,0,1,30208
241,824,825,0,0,1
236,239,826,0,0,1
233,826,827,0,0,1
231,234,828,0,0,1
226,229,829,0,0,1
223,829,830,0,0,1
283,224,831,0,0,1
221,831,832,0,0,1
219,832,833,0,0,1
216,833,834,0,0,1
213,217,835,0,0,1
214,835,836,0,0,1
837,211,838,1,0,1
839,838,840,1,0,1
793,840,841,0,0,1
789,841,842,0,0,1
790,842,843,0,0,1
786,843,844,0,0,1
787,844,845,0,0,1
819,845,846,0,0,1
784,846,847,0,0,1
781,847,848,0,0,1
782,848,849,0,0,1
779,849,850,0,0,1
776,850,851,0,0,1
777,851,852,0,0,1
774,817,853,0,0,1
771,853,854,0,0,1
769,772,855,0,0,1
766,855,856,0,0,1
764,767,857,0,0,1
762,857,858,0,0,1
825,858,859,0,0,1
238,859,860,0,0,1
827,860,861,0,0,1
828,861,862,0,0,1
228,862,863,0,0,1
830,863,864,0,0,1
834,864,865,0,0,1
836,865,866,0,0,1
854,852,867,0,0,1
856,867,866,0,0,0