25.332433,47.632711,0,1,111,112,119,120
22.5,47.633333,0,18,19,20,21,22,23,24,25,26,27,28,29,30,31,32,33,34,35,36,37,38,39,40,41,42,43,44,45,46,47,48,49,50,51,52,53,54,55,56,57,58,59,60,61,62,63,64,65,66,67,68,69,70,71,72,73,74,75,76,77,78,79,80,81,82,112
22.5,45.0,0,1,2,3,4,5,6,7,8,9,10,11,12,13,14,15,16,17
26.300073,47.43302,1,2,110,111
26.299618,47.400204,2,3,110
26.766476,47.39885,3,4,109,110,111,119
26.767463,47.366323,4,5,109
27.200303,47.366863,5,6,108,109,118,119,120,121,122
27.766724,47.165932,6,7,107,108
27.766641,47.132737,7,8,107
28.233521,47.133176,8,9,106,107,108,117,118
28.233457,47.098991,9,10,105,106
28.700445,46.898699,10,11,105
29.400835,46.900578,11,12,104,105,106,117
29.399916,46.868643,12,13,104
30.167538,46.86734,13,14,103,104,116,117,118,122
30.165476,46.833513,14,15,102,103
30.999843,46.535007,15,16,102,343,344
30.798479,45.466141,16,17,343
30.8,45.0,17,343,344,345,346,347,348,349,350,351,359,360
23.332005,57.233904,18,19,187,188
22.5,57.233333,18,123,188
24.100303,57.165731,19,20,186,187
24.266694,57.1003,20,21,185,186
26.065959,57.033705,21,22,184,185
26.333649,57.034344,22,23,183,184
26.332587,57.001172,23,24,182,183
26.800944,57.000129,24,25,181,182
27.433401,56.931682,25,26,180,181
27.434049,56.899321,26,27,179,180
28.099657,56.867096,27,28,178,179
28.100816,56.833602,28,29,177,178
28.800344,56.801421,29,30,176,177
28.802686,56.767874,30,31,175,176
29.599922,56.767512,31,32,174,175
29.899308,56.700103,32,33,173,174
29.899915,56.632956,33,34,172,173
30.53384,56.632278,34,35,171,172
30.532647,56.599988,35,36,170,171
31.167342,56.498789,36,37,169,170
32.299651,56.465971,37,38,168,169
32.300361,56.399404,38,39,167,168
32.767575,56.399243,39,40,166,167
33.100003,56.33469,40,41,165,166
33.099922,56.300381,41,42,164,165
33.499302,56.300817,42,43,163,164
33.699748,56.23308,43,44,162,163
33.699788,56.165886,44,45,161,162
34.433857,56.132686,45,46,160,161
34.700707,56.066737,46,47,159,160
34.700152,55.999671,47,48,158,159
35.00006,55.999381,48,49,157,158
35.000282,55.934964,49,50,156,157
36.132182,55.900961,50,51,155,156
36.133462,55.866352,51,52,154,155
36.63417,55.766301,52,53,153,154
36.800198,55.767024,53,54,152,153
36.801303,55.700839,54,55,151,152
38.333068,55.466915,55,56,150,151
38.833386,55.299409,56,57,149,150
38.83273,55.26601,57,58,148,149
39.299903,55.233813,58,59,147,148
39.732446,55.166611,59,60,146,147
40.232811,55.065105,60,61,145,146
40.232532,55.033161,61,62,144,145
40.699177,55.000026,62,63,143,144
40.898502,54.866748,63,64,142,143
40.900371,54.832614,64,65,141,142
41.066537,54.832915,65,66,140,141
41.067371,54.767326,66,67,139,140
41.368246,54.766425,67,68,138,139
41.368047,54.700182,68,69,137,138
42.298644,54.533166,69,70,136,137
42.468365,54.53486,70,71,135,136
42.899885,54.333482,71,72,134,135
42.900604,54.300295,72,73,133,134
43.300261,54.298839,73,74,132,133
43.299354,54.234313,74,75,131,132
43.399626,54.23324,75,76,130,131
43.70078,54.06576,76,77,129,130
43.933288,54.000039,77,78,128,129
43.933432,53.965827,78,79,127,128
44.465659,53.931912,79,80,126,127
44.765791,53.799532,80,81,125,126
44.767157,53.767522,81,82,124,125
45.0,53.766667,82,83,84,85,86,87,88,89,90,91,92,93,94,95,96,112,120,121,124
44.933792,45.100813,83,84,366
45.0,45.166667,83,366,367
44.866672,45.033443,84,85,365,366,367,368
44.834139,45.033824,85,86,365
44.833333,45.0,86,87,365,368
37.3,45.0,87,88,358,359
36.866444,45.23212,88,89,357,358
36.866603,45.267663,89,90,357
36.633325,45.265634,90,91,356,357,358,359,360,361,362
36.199842,45.601761,91,92,355,356
36.065799,45.76887,92,93,355
35.868809,45.766053,93,94,354,355,356,362
35.566674,45.833469,94,95,354
35.399227,45.833286,95,96,353,354,361,362
35.132988,46.033716,96,113,114,115,116,121,122,352,353
34.068092,45.832979,97,98,350,351
34.966544,45.833004,97,351,352,353,360,361
34.966361,45.86775,97,98,99,113,352
33.66619,46.23383,98,99,349,350
33.666375,46.266669,99,100,113,114,348,349
33.266912,46.333407,100,101,114,115,346,347
33.26658,46.299235,100,347,348
32.068201,46.533751,101,102,103,115,116,344,345
32.534806,46.334356,101,345,346
45.0,63.566667,123,124,125,126,127,128,129,130,131,132,133,134,135,136,137,138,139,140,141,142,143,144,145,146,147,148,149,150,151,152,153,154,155,156,157,158,159,160,161,162,163,164,165,166,167,168,169,170,171,172,173,174,175,176,177,178,179,180,181,182,183,184,185,186,187,188,237,238
22.5,63.566667,123,189,238,239,240,241,242,243,244,245,246,247,248,249,250,251,252,253,262,263
22.56718,67.433137,189,190,239,269,270
22.5,67.433333,189,270
22.700302,67.433424,190,191,239,240,267,268
22.56597,67.466489,190,268,269
22.766296,67.467224,191,192,193,194,195,196,240,241,265,266
22.699351,67.468279,191,266,267
24.3,67.5,192,193,271
22.766667,67.5,192,265
24.299196,67.467123,193,194,271,325
24.665998,67.466018,194,195,324,325,326,327,341,342
24.666993,67.430777,195,196,323,324
25.00014,67.398799,196,197,198,199,200,201,202,241,242,323
25.567065,67.435087,197,198,322,340,341,342
24.999956,67.433228,197,323,324,341
25.567094,67.40069,198,199,322
26.099887,67.401332,199,200,321,322,339,340
26.33379,67.265706,200,201,320,321
26.565212,67.100936,201,202,319,320
26.566663,67.067732,202,203,204,242,243,319
27.133473,66.933814,203,204,317,318
26.733888,67.066699,203,318,319,320,321,338,339
27.133431,66.900633,204,205,243,244,316,317
27.5671,66.865553,205,244,245,314,315
27.566177,66.899423,205,315,316
28.53224,66.900329,206,207,313,336,337
28.264862,66.900651,206,314,315,316,317,318,337,338
28.266423,66.866535,206,207,208,245,246,314
28.533652,66.866337,207,208,312,313
29.066726,66.800292,208,209,210,246,247,312
29.567714,66.701085,209,210,310,311
29.233301,66.80082,209,311,312,313,335,336
29.566473,66.666735,210,211,212,213,247,248,310
30.533359,66.598984,211,212,333,334
29.866569,66.665933,211,310,311,334,335
30.968028,66.53194,212,213,309,332,333
31.633866,66.165885,213,248,249,308,309
33.334172,66.100511,214,215,251,252,306
32.998947,66.099449,214,306,307,308,309,331,332
32.99967,66.066198,214,250,251,307
33.699648,66.133776,215,216,252,253,304,305
33.333362,66.132928,215,305,306,330,331
34.234234,66.234209,216,217,253,263,264,302,303
34.09965,66.232949,216,303,304
35.299736,66.567168,217,254,255,256,257,258,259,260,261,264,300,301
35.03343,66.499981,217,301,302
36.333319,66.899388,218,219,220,221,254,255,299
35.866634,66.898324,218,299,300,301,302,303,304,305,329,330
35.865408,66.866706,218,254,300
37.301399,66.900739,219,220,297,298
37.033022,67.032009,219,298,299,328,329
37.534531,66.732861,220,221,296,297
37.533924,66.700861,221,222,223,255,256,295,296
38.032612,66.533705,222,223,293,294
37.632397,66.701185,222,294,295
38.032581,66.500061,223,224,225,256,257,292,293
38.533261,66.400008,224,225,290,291
38.166396,66.500014,224,291,292
38.53403,66.365365,225,226,257,258,289,290
39.43188,66.001731,226,227,228,258,259,287,288
38.899437,66.33245,226,288,289
40.09939,65.900586,227,228,285,286
39.667245,65.999425,227,286,287
40.233593,65.834242,228,229,230,259,260,284,285
41.733116,65.56504,229,230,282,283
40.767035,65.800211,229,283,284
41.932263,65.499346,230,231,232,233,260,261,281,282
43.099752,65.267019,231,232,279,280
42.366991,65.499172,231,280,281
43.566957,65.134673,232,233,278,279
43.565716,65.099679,233,234,235,261,262,263,264,277,278
44.133086,65.032739,234,235,275,276
43.767,65.100147,234,276,277
44.134144,64.999438,235,236,237,238,262,274,275
45.0,64.866667,236,237,273
44.498193,64.999598,236,273,274
32.23447,66.100197,249,250,307,308
22.5,67.5,265,266,267,268,269,270
31.333333,67.5,271,325,326,363
45.0,67.5,272,273,274,275,276,277,278,279,280,281,282,283,284,285,286,287,288,289,290,291,292,293,294,295,296,297,298,328
31.533333,67.5,272,363,364
31.500384,67.334393,272,327,328,329,330,331,332,333,334,335,336,337,338,339,340,342,364
31.332682,67.367559,326,327,363,364
45.0,45.0,367,368