0,1,2,1,1,1,28752
3,2,4,1,0,1
5,4,6,1,0,1
7,6,8,1,0,1
9,8,10,1,0,1
11,10,12,1,0,1
13,12,14,1,0,1
15,14,16,1,0,1
17,16,18,1,0,1
19,18,20,1,0,1
21,20,22,1,0,1
23,22,24,1,0,1
25,24,26,1,0,1
27,26,28,1,0,1
29,28,30,1,0,1
31,32,33,1,1,1
34,35,36,1,1,1
37,38,39,1,1,1
33,30,40,0,0,1
36,40,41,0,0,1
42,41,39,1,0,0
43,44,45,1,1,1,28672
46,45,47,1,0,1
48,47,49,1,0,1
50,49,51,1,0,1
52,51,53,1,0,1
54,53,55,1,0,1
56,55,57,1,0,1
58,57,59,1,0,1
60,59,61,1,0,1
62,61,63,1,0,1
64,63,65,1,0,1
66,65,67,1,0,1
68,67,69,1,0,1
70,69,71,1,0,1
72,71,73,1,0,1
74,73,75,1,0,1
76,75,77,1,0,1
78,77,79,1,0,1
80,79,81,1,0,1
82,81,83,1,0,1
84,83,85,1,0,1
86,85,87,1,0,1
88,87,89,1,0,1
90,89,91,1,0,1
92,91,93,1,0,1
94,95,96,1,1,1
97,96,98,1,0,1
99,100,101,1,1,1
102,103,104,1,1,1
105,104,106,1,0,1
107,108,109,1,1,1
110,111,112,1,1,1
113,112,114,1,0,1
115,116,117,1,1,1
118,117,119,1,0,1
120,119,121,1,0,1
122,123,124,1,1,1
125,124,126,1,0,1
127,128,129,1,1,1
130,131,132,1,1,1
133,134,135,1,1,1
136,135,137,1,0,1
138,139,140,1,1,1
141,142,143,1,1,1
144,145,146,1,1,1
147,148,149,1,1,1
150,149,151,1,0,1
152,153,154,1,1,1
155,154,156,1,0,1
157,156,158,1,0,1
159,158,160,1,0,1
161,160,162,1,0,1
163,162,164,1,0,1
165,164,166,1,0,1
167,166,168,1,0,1
169,168,170,1,0,1
171,170,172,1,0,1
173,172,174,1,0,1
175,174,176,1,0,1
177,176,178,1,0,1
179,178,180,1,0,1
181,180,182,1,0,1
183,182,184,1,0,1
185,184,186,1,0,1
187,186,188,1,0,1
189,188,190,1,0,1
191,190,192,1,0,1
193,192,194,1,0,1
195,194,196,1,0,1
197,196,198,1,0,1
199,198,200,1,0,1
201,200,202,1,0,1
29,202,203,0,0,1
27,203,204,0,0,1
25,204,205,0,0,1
23,205,206,0,0,1
21,206,207,0,0,1
19,207,208,0,0,1
17,208,209,0,0,1
15,209,210,0,0,1
13,210,211,0,0,1
11,211,212,0,0,1
9,212,213,0,0,1
7,213,214,0,0,1
5,214,215,0,0,1
3,215,216,0,0,1
93,0,217,0,0,1
98,217,218,0,0,1
101,218,219,0,0,1
106,219,220,0,0,1
109,220,221,0,0,1
114,221,222,0,0,1
121,222,223,0,0,1
126,223,224,0,0,1
129,224,225,0,0,1
132,225,226,0,0,1
227,226,228,1,0,1
137,228,229,0,0,1
140,229,230,0,0,1
143,230,231,0,0,1
146,231,232,0,0,1
151,232,216,0,0,0
233,234,235,1,1,1,29696
153,236,237,0,1,1
150,237,238,0,0,1
147,238,239,0,0,1
148,239,240,0,0,1
144,240,241,0,0,1
145,241,242,0,0,1
141,242,243,0,0,1
142,243,244,0,0,1
138,244,245,0,0,1
139,245,246,0,0,1
136,246,247,0,0,1
133,247,248,0,0,1
134,248,249,0,0,1
227,249,250,0,0,1
130,250,251,0,0,1
131,251,252,0,0,1
127,252,253,0,0,1
128,253,254,0,0,1
125,254,255,0,0,1
122,255,256,0,0,1
123,256,257,0,0,1
120,257,258,0,0,1
118,258,259,0,0,1
115,259,260,0,0,1
116,260,261,0,0,1
113,261,262,0,0,1
110,262,263,0,0,1
111,263,264,0,0,1
107,264,265,0,0,1
108,265,266,0,0,1
105,266,267,0,0,1
102,267,268,0,0,1
103,268,269,0,0,1
99,269,270,0,0,1
100,270,271,0,0,1
97,271,272,0,0,1
94,272,273,0,0,1
95,273,274,0,0,1
92,274,275,0,0,1
90,275,276,0,0,1
88,276,277,0,0,1
86,277,278,0,0,1
84,278,279,0,0,1
82,279,280,0,0,1
80,280,281,0,0,1
78,281,282,0,0,1
76,282,283,0,0,1
74,283,284,0,0,1
72,284,285,0,0,1
70,285,286,0,0,1
68,286,287,0,0,1
66,287,288,0,0,1
64,288,289,0,0,1
62,289,290,0,0,1
60,290,291,0,0,1
58,291,292,0,0,1
56,292,293,0,0,1
54,293,294,0,0,1
52,294,295,0,0,1
48,50,296,0,0,1
46,296,297,0,0,1
235,43,298,0,0,1
295,298,297,0,0,0
299,300,301,1,1,1,29936
302,303,304,1,1,1
305,306,307,1,1,1
308,307,309,1,0,1
310,309,311,1,0,1
312,311,313,1,0,1
314,313,315,1,0,1
316,315,317,1,0,1
318,319,320,1,1,1
321,320,322,1,0,1
323,324,325,1,1,1
326,325,327,1,0,1
328,329,330,1,1,1
331,330,332,1,0,1
333,332,334,1,0,1
335,336,337,1,1,1
338,339,340,1,1,1
341,342,343,1,1,1
344,343,345,1,0,1
346,347,348,1,1,1
349,350,351,1,1,1
352,351,353,1,0,1
354,355,356,1,1,1
357,358,359,1,1,1
360,361,362,1,1,1
363,364,365,1,1,1
366,367,368,1,1,1
369,368,370,1,0,1
371,372,373,1,1,1
374,373,375,1,0,1
376,375,377,1,0,1
378,379,380,1,1,1
381,380,382,1,0,1
383,384,385,1,1,1
386,385,387,1,0,1
388,389,390,1,1,1
391,390,392,1,0,1
393,394,395,1,1,1
396,395,397,1,0,1
398,399,400,1,1,1
401,402,403,1,1,1
404,403,405,1,0,1
406,407,408,1,1,1
409,408,410,1,0,1
411,412,413,1,1,1
414,415,416,1,1,1
417,416,418,1,0,1
233,418,419,0,0,1
304,301,420,0,0,1
317,420,421,0,0,1
322,421,422,0,0,1
423,422,424,1,0,1
327,424,425,0,0,1
334,425,426,0,0,1
337,426,427,0,0,1
340,427,428,0,0,1
345,428,429,0,0,1
348,429,430,0,0,1
353,430,431,0,0,1
432,431,433,1,0,1
356,433,434,0,0,1
435,434,436,1,0,1
359,437,438,0,1,1
365,362,439,0,0,1
370,439,440,0,0,1
377,440,441,0,0,1
382,441,442,0,0,1
387,442,443,0,0,1
392,443,444,0,0,1
397,444,445,0,0,1
400,445,446,0,0,1
405,446,447,0,0,1
410,447,448,0,0,1
413,448,449,0,0,1
436,419,450,0,0,1
438,450,449,0,0,0
306,451,452,0,1,1,50416
302,452,453,0,0,1
303,453,454,0,0,1
299,454,455,0,0,1
456,308,457,1,0,1,50416
458,457,459,1,0,1
460,459,461,1,0,1
462,463,464,1,1,1
414,465,466,0,1,1
415,466,467,0,0,1
411,467,468,0,0,1
412,468,469,0,0,1
409,469,470,0,0,1
406,470,471,0,0,1
407,471,472,0,0,1
404,472,473,0,0,1
401,473,474,0,0,1
402,474,475,0,0,1
398,475,476,0,0,1
399,476,477,0,0,1
396,477,478,0,0,1
393,478,479,0,0,1
394,479,480,0,0,1
391,480,481,0,0,1
388,481,482,0,0,1
389,482,483,0,0,1
386,483,484,0,0,1
383,484,485,0,0,1
384,485,486,0,0,1
381,486,487,0,0,1
378,487,488,0,0,1
379,488,489,0,0,1
376,489,490,0,0,1
374,490,491,0,0,1
371,491,492,0,0,1
372,492,493,0,0,1
369,493,494,0,0,1
366,494,495,0,0,1
363,367,496,0,0,1
360,364,497,0,0,1
361,497,498,0,0,1
357,498,499,0,0,1
437,358,500,0,0,1
435,500,501,0,0,1
354,501,502,0,0,1
432,355,503,0,0,1
352,503,504,0,0,1
349,504,505,0,0,1
346,350,506,0,0,1
347,506,507,0,0,1
344,507,508,0,0,1
341,508,509,0,0,1
338,342,510,0,0,1
335,339,511,0,0,1
336,511,512,0,0,1
333,512,513,0,0,1
331,513,514,0,0,1
328,514,515,0,0,1
326,329,516,0,0,1
423,324,517,0,0,1
321,517,518,0,0,1
318,518,519,0,0,1
316,319,520,0,0,1
312,314,521,0,0,1
461,310,522,0,0,1
495,464,523,0,0,1
496,523,524,0,0,1
499,524,525,0,0,1
502,525,526,0,0,1
505,526,527,0,0,1
509,527,528,0,0,1
510,528,529,0,0,1
515,529,530,0,0,1
516,530,531,0,0,1
323,531,532,0,0,1
519,532,533,0,0,1
520,533,534,0,0,1
521,534,522,0,0,0
34,42,535,0,0,1,28720
31,35,536,0,0,1
32,536,537,0,0,1
201,537,538,0,0,1
199,538,539,0,0,1
197,539,540,0,0,1
195,540,541,0,0,1
193,541,542,0,0,1
191,542,543,0,0,1
189,543,544,0,0,1
187,544,545,0,0,1
185,545,546,0,0,1
183,546,547,0,0,1
181,547,548,0,0,1
177,179,549,0,0,1
175,549,550,0,0,1
171,173,551,0,0,1
167,169,552,0,0,1
163,165,553,0,0,1
161,553,554,0,0,1
555,554,556,1,0,1
38,556,557,0,0,1
535,557,558,0,0,1
550,548,559,0,0,1
551,559,560,0,0,1
552,560,558,0,0,0
561,458,562,1,0,1,50176
463,562,460,0,0,0
563,155,564,1,0,1,29184
565,564,157,1,0,0