0,1,0,250
1,2,0,-1
2,0,0,1
3,0,1,249
2,3,1,2
4,3,2,249
2,4,2,3
5,4,3,248
2,5,3,4
6,5,4,247
2,6,4,5
7,6,5,246
2,7,5,6
8,7,6,246
2,8,6,7
9,8,7,245
2,9,7,8
10,9,8,245
2,10,8,9
11,10,9,244
2,11,9,10
12,11,10,244
2,12,10,11
13,12,11,243
2,13,11,12
14,13,12,243
2,14,12,13
15,14,13,242
2,15,13,14
16,15,14,241
2,16,14,15
17,16,15,240
2,17,15,16
18,17,16,240
2,18,16,17
19,18,17,239
2,19,17,18
20,19,18,239
2,20,18,19
21,20,19,238
2,21,19,20
22,21,20,238
2,22,20,21
23,22,21,237
2,23,21,22
24,23,22,236
2,24,22,23
25,24,23,236
2,25,23,24
26,25,24,235
2,26,24,25
27,26,25,235
2,27,25,26
28,27,26,323
2,28,26,27
29,28,27,234
2,29,27,28
30,29,28,233
2,30,28,86
31,32,29,232
32,30,29,233
30,31,29,87
33,34,30,337
34,31,30,232
31,33,30,88
35,36,31,230
36,37,31,231
37,35,31,32
38,35,32,229
37,38,32,89
39,40,33,228
40,38,33,229
38,39,33,90
41,42,34,227
42,39,34,228
39,41,34,91
43,44,35,226
44,41,35,227
41,43,35,92
45,46,36,291
46,43,36,226
43,45,36,37
47,45,37,315
43,47,37,38
48,47,38,225
43,48,38,93
49,50,39,223
50,48,39,224
48,49,39,93
51,52,40,221
52,49,40,222
49,51,40,41
53,51,41,220
49,53,41,42
54,53,42,219
49,54,42,94
55,56,43,217
56,54,43,218
54,55,43,44
57,55,44,-1
54,57,44,45
58,57,45,-1
54,58,45,46
59,58,46,467
54,59,46,47
60,59,47,466
54,60,47,48
61,60,48,465
54,61,48,49
62,61,49,464
54,62,49,50
63,62,50,463
54,63,50,95
64,65,51,462
65,63,51,463
63,64,51,96
66,67,52,461
67,64,52,462
64,66,52,53
68,66,53,460
64,68,53,97
69,70,54,458
70,68,54,459
68,69,54,98
71,72,55,456
72,69,55,457
69,71,55,99
73,74,56,455
74,71,56,456
71,73,56,57
75,73,57,454
71,75,57,58
76,75,58,453
71,76,58,59
77,76,59,452
71,77,59,60
78,77,60,451
71,78,60,61
79,78,61,450
71,79,61,62
80,79,62,449
71,80,62,63
81,80,63,448
71,81,63,64
82,81,64,447
71,82,64,65
83,82,65,446
71,83,65,100
84,85,66,444
85,83,66,445
83,84,66,67
86,84,67,443
83,86,67,68
87,86,68,442
83,87,68,69
88,87,69,441
83,88,69,70
89,88,70,440
83,89,70,101
90,91,71,438
91,89,71,439
89,90,71,72
92,90,72,437
89,92,72,102
93,94,73,435
94,92,73,436
92,93,73,74
95,93,74,434
92,95,74,75
96,95,75,433
92,96,75,103
97,98,76,431
98,96,76,432
96,97,76,77
99,97,77,430
96,99,77,104
100,101,78,428
101,99,78,429
99,100,78,79
102,100,79,427
99,102,79,80
103,102,80,426
99,103,80,81
104,103,81,425
99,104,81,82
105,104,82,424
99,105,82,83
106,105,83,423
99,106,83,105
107,108,84,421
108,106,84,422
106,107,84,106
2,109,85,419
109,107,85,420
107,2,85,86
107,30,86,87
107,31,87,88
107,33,88,107
37,33,89,231
33,38,89,90
33,39,90,91
33,41,91,92
33,43,92,107
43,49,93,94
43,54,94,95
43,63,95,96
43,64,96,97
43,68,97,98
43,69,98,99
43,71,99,100
43,83,100,101
43,89,101,102
43,92,102,103
43,96,103,104
43,99,104,105
43,106,105,106
43,107,106,107
110,111,108,481
111,1,108,-1
1,110,108,109
112,110,109,480
1,112,109,110
113,112,110,1159
1,113,110,111
114,113,111,1158
1,114,111,112
115,114,112,1157
1,115,112,113
116,115,113,1157
1,116,113,114
117,116,114,1164
1,117,114,115
118,117,115,1163
1,118,115,116
119,118,116,1156
1,119,116,117
120,119,117,1155
1,120,117,251
121,122,118,1154
122,120,118,1155
120,121,118,252
123,124,119,1218
124,121,119,1153
121,123,119,120
125,123,120,1195
121,125,120,253
126,127,121,1205
127,128,121,1206
128,126,121,255
129,130,122,1204
130,126,122,1205
126,129,122,256
131,132,123,1202
132,129,123,1203
129,131,123,257
133,134,124,1242
134,135,124,1213
135,133,124,259
136,137,125,1245
137,138,125,1241
138,136,125,126
139,136,126,1240
138,139,126,127
140,139,127,1374
138,140,127,128
141,140,128,1373
138,141,128,129
142,141,129,1373
138,142,129,130
143,142,130,1372
138,143,130,131
144,143,131,1390
138,144,131,261
145,146,132,1388
146,144,132,1389
144,145,132,261
147,148,133,1337
148,145,133,1387
145,147,133,134
149,147,134,1309
145,149,134,135
150,149,135,1308
145,150,135,136
151,150,136,1281
145,151,136,262
152,153,137,1279
153,151,137,1280
151,152,137,263
154,155,138,1305
155,156,138,1283
156,154,138,139
157,154,139,1266
156,157,139,140
158,157,140,1271
156,158,140,141
159,158,141,1265
156,159,141,265
160,161,142,1278
161,162,142,1269
162,160,142,267
163,164,143,1296
164,160,143,1277
160,163,143,267
165,166,144,1294
166,163,144,1295
163,165,144,301
167,168,145,1292
168,169,145,1293
169,167,145,268
170,171,146,1291
171,167,146,1292
167,170,146,147
172,170,147,1290
167,172,147,148
173,172,148,1543
167,173,148,149
174,173,149,1591
167,174,149,150
175,174,150,1542
167,175,150,268
176,177,151,1569
177,178,151,1570
178,176,151,269
179,180,152,1568
180,176,152,1569
176,179,152,153
181,179,153,1567
176,181,153,270
182,183,154,1650
183,181,154,1567
181,182,154,155
184,182,155,1657
181,184,155,271
185,186,156,1656
186,184,156,1657
184,185,156,157
187,185,157,1655
184,187,157,272
188,189,158,1587
189,187,158,1655
187,188,158,159
190,188,159,1586
187,190,159,160
191,190,160,1582
187,191,160,273
192,193,161,1636
193,194,161,1560
194,192,161,162
195,192,162,1557
194,195,162,163
196,195,163,1556
194,196,163,274
197,198,164,1554
198,196,164,1555
196,197,164,165
199,197,165,1608
196,199,165,275
200,201,166,1818
201,199,166,1607
199,200,166,167
202,200,167,1817
199,202,167,168
203,202,168,1817
199,203,168,334
204,205,169,1823
205,206,169,1824
206,204,169,170
207,204,170,1839
206,207,170,326
208,209,171,1866
209,210,171,1859
210,208,171,304
211,212,172,1857
212,213,172,1858
213,211,172,276
214,215,173,1874
215,211,173,1857
211,214,173,174
216,214,174,1870
211,216,174,175
217,216,175,1856
211,217,175,277
218,219,176,1865
219,217,176,1856
217,218,176,177
220,218,177,1855
217,220,177,278
221,222,178,1913
222,220,178,1854
220,221,178,327
223,224,179,1928
224,221,179,1929
221,223,179,279
225,226,180,1941
226,223,180,1927
223,225,180,181
227,225,181,1940
223,227,181,182
228,227,182,1959
223,228,182,279
229,230,183,2063
230,231,183,2057
231,229,183,313
232,233,184,2062
233,234,184,2056
234,232,184,185
235,232,185,2061
234,235,185,281
236,237,186,1964
237,235,186,2055
235,236,186,281
238,239,187,2023
239,236,187,1963
236,238,187,188
240,238,188,2028
236,240,188,189
241,240,189,2022
236,241,189,190
242,241,190,1996
236,242,190,282
243,244,191,2150
244,242,191,2151
242,243,191,283
245,246,192,2148
246,243,192,2149
243,245,192,193
247,245,193,2016
243,247,193,194
248,247,194,1994
243,248,194,195
249,248,195,2166
243,249,195,196
250,249,196,2172
243,250,196,197
251,250,197,2171
243,251,197,198
252,251,198,2170
243,252,198,284
253,254,199,1990
254,252,199,2169
252,253,199,285
255,256,200,1989
256,253,200,1990
253,255,200,285
257,258,201,2226
258,255,201,1988
255,257,201,202
259,257,202,2237
255,259,202,286
260,261,203,2262
261,259,203,2236
259,260,203,204
262,260,204,2267
259,262,204,322
263,264,205,2266
264,262,205,2267
262,263,205,314
265,266,206,2264
266,267,206,2265
267,265,206,207
268,265,207,2263
267,268,207,208
269,268,208,2276
267,269,208,287
270,271,209,2275
271,269,209,2276
269,270,209,287
272,273,210,2229
273,270,210,2274
270,272,210,211
274,272,211,1985
270,274,211,212
275,274,212,2286
270,275,212,288
276,277,213,2289
277,275,213,2290
275,276,213,214
278,276,214,2291
275,278,214,289
279,280,215,2293
280,278,215,2294
278,279,215,290
55,281,216,-1
281,279,216,2292
279,55,216,217
279,56,217,218
279,54,218,219
279,53,219,220
279,51,220,221
279,52,221,222
279,49,222,223
279,50,223,224
279,48,224,225
279,47,225,308
46,44,226,291
44,42,227,292
42,40,228,292
40,35,229,230
40,36,230,293
36,33,231,336
34,32,232,333
32,29,233,234
32,28,234,330
27,25,235,294
25,23,236,237
25,22,237,294
22,20,238,310
20,18,239,295
18,16,240,241
18,15,241,242
18,14,242,295
14,12,243,311
12,10,244,296
10,8,245,296
8,6,246,247
8,5,247,248
8,4,248,297
4,0,249,250
4,1,250,251
4,120,251,252
4,121,252,253
4,125,253,254
128,125,254,1206
4,128,254,255
4,126,255,256
4,129,256,257
4,131,257,258
135,131,258,1201
4,135,258,259
4,133,259,260
138,133,260,1241
4,138,260,298
138,145,261,262
138,151,262,263
138,152,263,264
156,152,264,1279
138,156,264,265
138,159,265,266
162,159,266,1265
138,162,266,299
162,163,267,300
169,175,268,303
178,175,269,1570
175,176,269,270
175,181,270,271
175,184,271,272
175,187,272,273
175,191,273,318
194,282,274,1561
282,196,274,275
282,199,275,325
213,208,276,1858
208,211,276,277
208,217,277,278
208,220,278,304
221,228,279,280
283,228,280,1970
221,283,280,328
234,236,281,282
234,242,282,283
234,243,283,284
234,252,284,305
252,255,285,286
252,259,286,306
267,270,287,288
267,275,288,289
267,278,289,290
267,279,290,307
45,44,291,309
44,40,292,293
44,36,293,309
27,22,294,316
20,14,295,310
12,8,296,297
12,4,297,298
12,138,298,299
12,162,299,300
12,163,300,301
12,165,301,302
169,165,302,1293
12,169,302,303
12,175,303,311
210,220,304,312
234,229,305,2056
229,252,305,306
229,259,306,313
267,263,307,2265
263,279,307,308
263,47,308,314
45,36,309,332
22,14,310,316
14,175,311,317
210,284,312,1859
284,220,312,321
231,259,313,329
262,47,314,315
262,45,315,322
27,14,316,317
27,175,317,318
27,191,318,319
285,191,319,1564
27,285,319,320
286,285,320,1563
27,286,320,323
284,207,321,1839
207,220,321,326
259,45,322,329
28,286,323,324
282,286,324,1562
28,282,324,325
28,199,325,330
206,220,326,327
206,221,327,328
206,283,328,335
231,45,329,331
32,199,330,333
231,283,331,2057
283,45,331,332
283,36,332,335
34,199,333,334
34,203,334,337
206,36,335,336
206,33,336,338
33,203,337,338
206,203,338,1824
287,288,339,918
288,289,339,1641
289,287,339,340
290,287,340,917
289,290,340,341
291,290,341,916
289,291,341,342
292,291,342,915
289,292,342,401
293,294,343,913
294,292,343,914
292,293,343,414
295,296,344,1005
296,297,344,912
297,295,344,345
298,295,345,911
297,298,345,346
299,298,346,911
297,299,346,347
300,299,347,910
297,300,347,348
301,300,348,909
297,301,348,402
302,303,349,908
303,301,349,909
301,302,349,403
304,305,350,907
305,302,350,908
302,304,350,404
306,307,351,906
307,304,351,907
304,306,351,352
308,306,352,905
304,308,352,405
309,310,353,903
310,308,353,904
308,309,353,354
311,309,354,902
308,311,354,406
312,313,355,1039
313,314,355,900
314,312,355,356
315,312,356,1038
314,315,356,357
316,315,357,899
314,316,357,407
317,318,358,999
318,316,358,899
316,317,358,359
319,317,359,898
316,319,359,360
320,319,360,897
316,320,360,408
321,322,361,894
322,323,361,895
323,321,361,362
324,321,362,894
323,324,362,363
325,324,363,997
323,325,363,364
326,325,364,996
323,326,364,365
327,326,365,893
323,327,365,366
328,327,366,892
323,328,366,410
329,330,367,891
330,328,367,892
328,329,367,368
331,329,368,890
328,331,368,411
332,333,369,888
333,331,369,889
331,332,369,370
334,332,370,887
331,334,370,371
335,334,371,886
331,335,371,372
336,335,372,-1
331,336,372,373
337,336,373,1764
331,337,373,374
338,337,374,1764
331,338,374,375
339,338,375,1763
331,339,375,376
340,339,376,1762
331,340,376,377
341,340,377,2214
331,341,377,378
342,341,378,1760
331,342,378,379
343,342,379,1759
331,343,379,380
344,343,380,1759
331,344,380,381
345,344,381,1758
331,345,381,382
346,345,382,1757
331,346,382,383
347,346,383,1756
331,347,383,384
348,347,384,1755
331,348,384,385
349,348,385,1755
331,349,385,386
350,349,386,1754
331,350,386,387
351,350,387,2052
331,351,387,388
352,351,388,2052
331,352,388,389
353,352,389,2051
331,353,389,390
354,353,390,2050
331,354,390,391
355,354,391,1752
331,355,391,392
356,355,392,1751
331,356,392,393
357,356,393,1751
331,357,393,394
358,357,394,1750
331,358,394,395
359,358,395,1749
331,359,395,396
360,359,396,1749
331,360,396,397
361,360,397,1748
331,361,397,412
362,363,398,1747
363,361,398,1748
361,362,398,418
364,365,399,1740
365,366,399,1741
366,364,399,400
289,364,400,1642
366,289,400,401
366,292,401,413
297,293,402,912
293,301,402,403
293,302,403,404
293,304,404,405
293,308,405,406
293,311,406,415
314,367,407,900
367,316,407,408
367,320,408,409
368,320,409,896
367,368,409,416
323,368,410,895
368,328,410,411
368,331,411,412
368,361,412,417
366,362,413,1742
362,292,413,414
362,293,414,415
362,311,415,418
367,311,416,901
311,368,416,417
311,361,417,418
2,369,419,-1
369,109,419,420
369,107,420,421
369,108,421,422
369,106,422,423
369,105,423,424
369,104,424,425
369,103,425,426
369,102,426,427
369,100,427,428
369,101,428,429
369,99,429,430
369,97,430,431
369,98,431,432
369,96,432,433
369,95,433,434
369,93,434,435
369,94,435,436
369,92,436,437
369,90,437,438
369,91,438,439
369,89,439,440
369,88,440,441
369,87,441,442
369,86,442,443
369,84,443,444
369,85,444,445
369,83,445,446
369,82,446,447
369,81,447,448
369,80,448,449
369,79,449,450
369,78,450,451
369,77,451,452
369,76,452,453
369,75,453,454
369,73,454,455
369,74,455,469
74,72,456,457
74,69,457,458
74,70,458,459
74,68,459,460
74,66,460,461
74,67,461,470
67,65,462,470
65,62,463,464
65,61,464,465
65,60,465,466
65,59,466,467
65,58,467,468
369,58,468,-1
65,369,468,469
65,74,469,470
370,371,471,501
371,111,471,-1
111,370,471,481
372,373,472,498
373,374,472,499
374,372,472,473
375,372,473,498
374,375,473,484
376,377,474,1210
377,375,474,1184
375,376,474,475
378,376,475,1220
375,378,475,476
379,378,476,1152
375,379,476,477
380,379,477,1169
375,380,477,484
381,382,478,1167
382,380,478,1168
380,381,478,485
383,384,479,1148
384,381,479,1166
381,383,479,486
112,383,480,1148
383,110,480,486
110,370,481,482
385,370,482,500
110,385,482,483
374,385,483,499
110,374,483,487
374,380,484,485
374,381,485,487
381,110,486,487
386,387,488,539
387,371,488,-1
371,386,488,489
388,386,489,538
371,388,489,490
389,388,490,538
371,389,490,491
390,389,491,537
371,390,491,492
391,390,492,537
371,391,492,493
392,391,493,536
371,392,493,501
393,394,494,535
394,392,494,536
392,393,494,495
395,393,495,1172
392,395,495,502
396,397,496,1192
397,395,496,1186
395,396,496,497
375,396,497,1185
395,375,497,503
375,373,498,503
373,385,499,500
373,370,500,504
370,392,501,502
370,395,502,504
395,373,503,504
398,399,505,675
399,387,505,-1
387,398,505,506
400,398,506,674
387,400,506,507
401,400,507,673
387,401,507,540
402,403,508,672
403,401,508,673
401,402,508,541
404,405,509,671
405,402,509,672
402,404,509,510
406,404,510,671
402,406,510,511
407,406,511,725
402,407,511,512
408,407,512,670
402,408,512,513
409,408,513,669
402,409,513,541
410,411,514,668
411,409,514,669
409,410,514,515
412,410,515,667
409,412,515,542
413,414,516,709
414,412,516,667
412,413,516,517
415,413,517,708
412,415,517,518
416,415,518,666
412,416,518,519
417,416,519,665
412,417,519,520
418,417,520,664
412,418,520,521
419,418,521,663
412,419,521,551
420,421,522,661
421,419,522,662
419,420,522,543
422,423,523,1317
423,420,523,660
420,422,523,524
424,422,524,1316
420,424,524,525
425,424,525,1315
420,425,525,526
426,425,526,1314
420,426,526,543
427,428,527,1313
428,426,527,1314
426,427,527,544
429,430,528,1249
430,427,528,1313
427,429,528,529
431,429,529,1179
427,431,529,530
432,431,530,1178
427,432,530,545
433,434,531,1177
434,432,531,1178
432,433,531,546
435,436,532,1176
436,433,532,1177
433,435,532,533
437,435,533,1175
433,437,533,552
438,439,534,1187
439,440,534,1173
440,438,534,547
393,438,535,1172
438,394,535,548
394,391,536,548
391,389,537,549
389,386,538,539
389,387,539,540
389,401,540,549
401,409,541,542
401,412,542,550
419,426,543,544
419,427,544,545
419,432,545,546
419,433,546,551
440,441,547,1173
441,438,547,554
438,391,548,555
391,401,549,550
391,412,550,555
412,433,551,552
412,437,552,553
441,437,553,1174
412,441,553,554
412,438,554,555
442,443,556,737
443,399,556,-1
399,442,556,557
444,442,557,736
399,444,557,558
445,444,558,735
399,445,558,559
446,445,559,734
399,446,559,676
447,448,560,-1
448,446,560,734
446,447,560,561
449,447,561,767
446,449,561,562
450,449,562,766
446,450,562,563
451,450,563,766
446,451,563,564
452,451,564,765
446,452,564,565
453,452,565,764
446,453,565,677
454,455,566,763
455,453,566,764
453,454,566,677
456,457,567,762
457,454,567,763
454,456,567,678
458,459,568,760
459,456,568,761
456,458,568,679
460,461,569,757
461,462,569,758
462,460,569,733
463,464,570,756
464,460,570,757
460,463,570,730
465,466,571,755
466,463,571,756
463,465,571,680
467,468,572,754
468,465,572,755
465,467,572,680
469,470,573,753
470,467,573,754
467,469,573,722
471,472,574,751
472,473,574,752
473,471,574,575
474,471,575,818
473,474,575,681
475,476,576,816
476,474,576,817
474,475,576,577
477,475,577,-1
474,477,577,578
478,477,578,831
474,478,578,579
479,478,579,831
474,479,579,580
480,479,580,830
474,480,580,581
481,480,581,829
474,481,581,681
482,483,582,827
483,484,582,828
484,482,582,583
485,482,583,826
484,485,583,584
486,485,584,825
484,486,584,682
487,488,585,-1
488,486,585,825
486,487,585,586
489,487,586,981
486,489,586,587
490,489,587,981
486,490,587,588
491,490,588,980
486,491,588,589
492,491,589,979
486,492,589,683
493,494,590,978
494,492,590,979
492,493,590,684
495,496,591,977
496,493,591,978
493,495,591,685
497,498,592,1059
498,495,592,977
495,497,592,593
499,497,593,976
495,499,593,594
500,499,594,976
495,500,594,595
501,500,595,1057
495,501,595,596
502,501,596,975
495,502,596,597
503,502,597,975
495,503,597,598
504,503,598,974
495,504,598,599
505,504,599,973
495,505,599,600
506,505,600,972
495,506,600,685
507,508,601,970
508,506,601,971
506,507,601,714
509,510,602,968
510,507,602,969
507,509,602,715
511,512,603,966
512,513,603,967
513,511,603,686
514,515,604,1045
515,511,604,966
511,514,604,605
516,514,605,965
511,516,605,686
517,518,606,1055
518,516,606,965
516,517,606,607
519,517,607,964
516,519,607,687
520,521,608,1029
521,519,608,964
519,520,608,609
522,520,609,963
519,522,609,610
523,522,610,962
519,523,610,688
524,525,611,961
525,523,611,962
523,524,611,689
526,527,612,960
527,524,612,961
524,526,612,613
528,526,613,959
524,528,613,690
529,530,614,958
530,528,614,959
528,529,614,615
531,529,615,957
528,531,615,691
532,533,616,956
533,531,616,957
531,532,616,617
534,532,617,955
531,534,617,691
535,536,618,954
536,534,618,955
534,535,618,619
537,535,619,953
534,537,619,692
538,539,620,1024
539,537,620,953
537,538,620,621
540,538,621,952
537,540,621,622
541,540,622,952
537,541,622,623
542,541,623,951
537,542,623,624
543,542,624,950
537,543,624,625
544,543,625,950
537,544,625,626
545,544,626,949
537,545,626,627
546,545,627,948
537,546,627,628
547,546,628,947
537,547,628,629
548,547,629,946
537,548,629,693
549,550,630,1023
550,548,630,946
548,549,630,631
551,549,631,945
548,551,631,632
552,551,632,944
548,552,632,694
553,554,633,943
554,552,633,944
552,553,633,695
555,556,634,941
556,557,634,942
557,555,634,635
558,555,635,940
557,558,635,697
559,560,636,938
560,561,636,939
561,559,636,699
562,563,637,936
563,564,637,937
564,562,637,638
565,562,638,935
564,565,638,701
566,567,639,1019
567,568,639,933
568,566,639,640
569,566,640,932
568,569,640,641
570,569,641,932
568,570,641,642
571,570,642,1018
568,571,642,643
572,571,643,931
568,572,643,644
573,572,644,931
568,573,644,645
574,573,645,930
568,574,645,646
575,574,646,929
568,575,646,702
576,577,647,928
577,575,647,929
575,576,647,702
578,579,648,1014
579,576,648,928
576,578,648,649
580,578,649,927
576,580,649,703
581,582,650,1012
582,580,650,927
580,581,650,651
583,581,651,926
580,583,651,652
584,583,652,925
580,584,652,704
585,586,653,1010
586,584,653,925
584,585,653,654
587,585,654,924
584,587,654,719
588,589,655,920
589,590,655,1629
590,588,655,656
591,588,656,1638
590,591,656,657
592,591,657,1483
590,592,657,658
593,592,658,1482
590,593,658,659
594,593,659,1481
590,594,659,705
423,595,660,1480
595,420,660,661
595,421,661,662
595,419,662,663
595,418,663,664
595,417,664,665
595,416,665,666
595,415,666,707
414,410,667,668
414,411,668,710
411,408,669,670
411,407,670,720
406,405,671,721
405,403,672,711
403,400,673,674
403,398,674,675
403,399,675,676
403,446,676,711
446,454,677,678
446,456,678,679
446,458,679,729
463,467,680,727
473,481,681,712
484,481,682,828
481,486,682,683
481,492,683,684
481,493,684,713
493,506,685,713
513,516,686,687
513,519,687,688
513,523,688,689
513,524,689,690
513,528,690,717
528,534,691,692
528,537,692,693
528,548,693,694
528,552,694,695
528,553,695,696
557,553,696,942
528,557,696,697
528,558,697,698
561,558,698,939
528,561,698,699
528,559,699,700
564,559,700,937
528,564,700,701
528,565,701,731
568,576,702,703
568,580,703,704
568,584,704,718
590,587,705,923
587,594,705,706
595,594,706,1480
587,595,706,707
587,415,707,708
587,413,708,709
587,414,709,710
587,411,710,719
405,446,711,721
473,469,712,752
469,481,712,722
481,506,713,714
481,507,714,715
481,509,715,716
513,509,716,967
481,513,716,717
481,528,717,723
568,596,718,933
596,584,718,724
584,411,719,720
584,407,720,724
406,446,721,726
467,481,722,723
467,528,723,727
596,407,724,725
596,406,725,726
596,446,726,728
463,528,727,730
596,565,728,934
565,446,728,729
565,458,729,731
460,528,730,733
528,458,731,732
462,458,732,759
528,462,732,733
448,445,734,735
448,444,735,736
448,442,736,737
448,443,737,-1
597,598,738,791
598,447,738,-1
447,597,738,768
599,600,739,-1
600,601,739,790
601,599,739,740
602,599,740,802
601,602,740,770
603,604,741,801
604,602,741,802
602,603,741,771
605,606,742,800
606,603,742,801
603,605,742,772
607,608,743,798
608,609,743,799
609,607,743,744
610,607,744,797
609,610,744,773
611,612,745,796
612,610,745,797
610,611,745,789
613,614,746,793
614,615,746,794
615,613,746,774
616,617,747,-1
617,613,747,792
613,616,747,775
618,619,748,814
619,616,748,815
616,618,748,776
620,621,749,811
621,622,749,812
622,620,749,778
623,624,750,819
624,620,750,810
620,623,750,779
471,623,751,819
623,472,751,780
472,469,752,753
472,470,753,781
470,468,754,782
468,466,755,783
466,464,756,784
464,461,757,758
464,462,758,759
464,458,759,760
464,459,760,761
464,456,761,762
464,457,762,785
457,455,763,785
455,452,764,765
455,451,765,786
451,449,766,767
451,447,767,768
451,597,768,769
601,597,769,791
451,601,769,770
451,602,770,771
451,603,771,772
451,605,772,787
609,605,773,799
605,610,773,788
615,611,774,795
611,613,774,775
611,616,775,776
611,618,776,777
622,618,777,813
611,622,777,778
611,620,778,779
611,623,779,780
611,472,780,781
611,470,781,782
611,468,782,783
611,466,783,784
611,464,784,789
464,455,785,786
464,451,786,787
464,605,787,788
464,610,788,789
600,598,790,-1
598,601,790,791
617,599,792,-1
599,613,792,793
599,614,793,794
599,615,794,795
599,611,795,796
599,612,796,803
612,607,797,798
612,608,798,803
608,605,799,800
608,606,800,804
606,604,801,805
604,599,802,805
599,608,803,804
599,606,804,805
625,626,806,823
626,616,806,-1
616,625,806,807
627,625,807,822
616,627,807,808
628,627,808,821
616,628,808,815
624,629,809,820
629,628,809,821
628,624,809,810
628,620,810,811
628,621,811,812
628,622,812,813
628,618,813,814
628,619,814,815
475,626,816,-1
626,476,816,817
626,474,817,818
626,471,818,823
471,624,819,820
471,629,820,824
629,627,821,822
629,625,822,824
625,471,823,824
488,485,825,826
488,482,826,827
488,483,827,833
483,481,828,829
483,480,829,830
483,479,830,833
479,477,831,832
488,477,832,-1
479,488,832,833
630,631,834,1106
631,487,834,-1
487,630,834,835
632,630,835,1105
487,632,835,836
633,632,836,1105
487,633,836,837
634,633,837,1104
487,634,837,838
635,634,838,1104
487,635,838,839
636,635,839,1103
487,636,839,840
637,636,840,1103
487,637,840,841
638,637,841,1102
487,638,841,842
639,638,842,1101
487,639,842,843
640,639,843,1100
487,640,843,844
641,640,844,1100
487,641,844,845
642,641,845,1099
487,642,845,846
643,642,846,1098
487,643,846,847
644,643,847,1097
487,644,847,848
645,644,848,1096
487,645,848,849
646,645,849,1096
487,646,849,850
647,646,850,1095
487,647,850,851
648,647,851,1094
487,648,851,852
649,648,852,1093
487,649,852,853
650,649,853,1093
487,650,853,854
651,650,854,1092
487,651,854,855
652,651,855,1091
487,652,855,856
653,652,856,1090
487,653,856,982
654,655,857,1089
655,653,857,1090
653,654,857,983
656,657,858,1088
657,654,858,1089
654,656,858,984
658,659,859,1086
659,656,859,1087
656,658,859,985
660,661,860,1085
661,658,860,1086
658,660,860,861
662,660,861,1085
658,662,861,862
663,662,862,1084
658,663,862,863
664,663,863,1083
658,664,863,985
665,666,864,1082
666,664,864,1083
664,665,864,986
667,668,865,1081
668,665,865,1082
665,667,865,986
669,670,866,1113
670,667,866,1081
667,669,866,867
671,669,867,1080
667,671,867,868
672,671,868,1079
667,672,868,869
673,672,869,1078
667,673,869,870
674,673,870,1077
667,674,870,987
675,676,871,1076
676,674,871,1077
674,675,871,988
677,678,872,1075
678,675,872,1076
675,677,872,989
679,680,873,1073
680,681,873,1074
681,679,873,874
682,679,874,1072
681,682,874,990
683,684,875,1109
684,682,875,1072
682,683,875,876
685,683,876,1071
682,685,876,877
686,685,877,1070
682,686,877,990
687,688,878,1069
688,686,878,1070
686,687,878,991
689,690,879,1068
690,687,879,1069
687,689,879,880
691,689,880,1067
687,691,880,881
692,691,881,1066
687,692,881,992
693,694,882,1064
694,695,882,1065
695,693,882,883
696,693,883,1063
695,696,883,993
697,698,884,1061
698,696,884,1062
696,697,884,885
335,697,885,-1
696,335,885,886
696,334,886,887
696,332,887,888
696,333,888,889
696,331,889,890
696,329,890,891
696,330,891,994
330,327,892,893
330,326,893,995
324,322,894,998
322,368,895,896
322,320,896,897
322,319,897,898
322,317,898,998
318,315,899,1000
313,367,900,901
313,311,901,902
313,309,902,903
313,310,903,904
313,308,904,905
313,306,905,906
313,307,906,1001
307,305,907,1001
305,303,908,1002
303,300,909,910
303,299,910,1003
299,295,911,1004
296,293,912,913
296,294,913,914
296,292,914,915
296,291,915,916
296,290,916,917
296,287,917,1006
699,288,918,1640
287,699,918,919
588,699,919,1639
287,588,919,920
287,589,920,921
700,589,921,1632
287,700,921,1006
701,702,922,1630
702,703,922,1631
703,701,922,1008
590,701,923,1629
701,587,923,924
701,585,924,1009
586,583,925,926
586,581,926,1011
582,578,927,1013
579,577,928,1015
577,574,929,930
577,573,930,1016
573,571,931,1017
570,566,932,1041
567,596,933,934
567,565,934,935
567,562,935,936
567,563,936,1019
563,559,937,938
563,560,938,1020
560,558,939,940
560,555,940,941
560,556,941,1021
556,553,942,943
556,554,943,1022
554,551,944,945
554,549,945,1042
550,547,946,947
550,546,947,948
550,545,948,949
550,544,949,1023
544,542,950,951
544,541,951,1049
541,538,952,1050
539,535,953,954
539,536,954,1024
536,532,955,956
536,533,956,1025
533,529,957,958
533,530,958,1026
530,526,959,960
530,527,960,1026
527,525,961,1027
525,522,962,963
525,520,963,1028
521,517,964,1030
518,514,965,1051
515,512,966,1031
512,509,967,968
512,510,968,969
512,507,969,970
512,508,970,971
512,506,971,972
512,505,972,973
512,504,973,974
512,503,974,1031
503,501,975,1032
500,497,976,1058
498,496,977,1052
496,494,978,1046
494,491,979,980
494,490,980,1033
490,487,981,982
490,653,982,983
490,654,983,984
490,656,984,1033
656,664,985,1034
664,667,986,987
664,674,987,988
664,675,988,989
664,677,989,1047
681,686,990,991
681,687,991,992
681,692,992,1035
695,692,993,1065
692,696,993,994
692,330,994,995
692,326,995,996
692,325,996,997
692,324,997,1036
324,317,998,999
324,318,999,1000
324,315,1000,1037
313,305,1001,1002
313,303,1002,1003
313,299,1003,1004
313,295,1004,1005
313,296,1005,1040
296,700,1006,1007
703,700,1007,1632
296,703,1007,1008
296,701,1008,1009
296,585,1009,1010
296,586,1010,1011
296,581,1011,1012
296,582,1012,1013
296,578,1013,1014
296,579,1014,1015
296,577,1015,1016
296,573,1016,1017
296,571,1017,1018
296,570,1018,1048
566,563,1019,1020
566,560,1020,1021
566,556,1021,1022
566,554,1022,1041
549,544,1023,1043
538,536,1024,1025
538,533,1025,1044
533,527,1026,1027
533,525,1027,1028
533,520,1028,1029
533,521,1029,1030
533,517,1030,1044
515,503,1031,1032
515,501,1032,1045
494,656,1033,1034
494,664,1034,1046
681,677,1035,1074
677,692,1035,1036
677,324,1036,1037
677,315,1037,1038
677,312,1038,1039
677,313,1039,1040
677,296,1040,1047
570,554,1041,1042
570,549,1042,1043
570,544,1043,1048
538,517,1044,1054
514,501,1045,1051
496,664,1046,1052
664,296,1047,1053
296,544,1048,1049
296,541,1049,1050
296,538,1050,1053
518,501,1051,1056
498,664,1052,1059
664,538,1053,1054
664,517,1054,1055
664,518,1055,1056
664,501,1056,1057
664,500,1057,1058
664,497,1058,1059
704,705,1060,-1
705,631,1060,-1
631,704,1060,1106
697,704,1061,-1
704,698,1061,1062
704,696,1062,1063
704,693,1063,1064
704,694,1064,1107
694,692,1065,1066
694,691,1066,1067
694,689,1067,1068
694,690,1068,1107
690,688,1069,1108
688,685,1070,1071
688,683,1071,1108
684,679,1072,1073
684,680,1073,1110
680,677,1074,1075
680,678,1075,1110
678,676,1076,1111
676,673,1077,1078
676,672,1078,1079
676,671,1079,1080
676,669,1080,1112
670,668,1081,1114
668,666,1082,1115
666,663,1083,1084
666,662,1084,1115
662,661,1085,1124
661,659,1086,1087
661,656,1087,1088
661,657,1088,1125
657,655,1089,1126
655,652,1090,1091
655,651,1091,1092
655,650,1092,1116
650,648,1093,1094
650,647,1094,1095
650,646,1095,1116
646,644,1096,1097
646,643,1097,1098
646,642,1098,1099
646,641,1099,1117
641,639,1100,1101
641,638,1101,1102
641,637,1102,1128
637,635,1103,1118
635,633,1104,1118
633,630,1105,1119
630,704,1106,1120
704,690,1107,1121
690,683,1108,1109
690,684,1109,1121
684,678,1110,1111
684,676,1111,1112
684,669,1112,1113
684,670,1113,1114
684,668,1114,1122
668,662,1115,1123
655,646,1116,1117
655,641,1117,1127
637,633,1118,1119
637,630,1119,1120
637,704,1120,1128
704,684,1121,1122
704,668,1122,1123
704,662,1123,1124
704,661,1124,1125
704,657,1125,1126
704,655,1126,1127
704,641,1127,1128
706,707,1129,-46322
707,708,1129,-46322
708,706,1129,1130
709,706,1130,-46322
708,709,1130,1131
710,709,1131,1137
708,710,1131,1132
711,710,1132,1143
708,711,1132,1135
712,713,1133,1136
713,711,1133,1145
711,712,1133,1134
714,712,1134,-46322
711,714,1134,1135
708,714,1135,-46322
712,715,1136,-46322
715,713,1136,1142
716,709,1137,-46322
710,716,1137,1138
717,716,1138,-46322
710,717,1138,1139
718,717,1139,1146
710,718,1139,1140
719,718,1140,1147
710,719,1140,1143
720,721,1141,-46322
721,719,1141,-46322
719,720,1141,1144
715,720,1142,-46322
720,713,1142,1144
711,719,1143,1145
719,713,1144,1145
722,717,1146,-46322
718,722,1146,1147
719,722,1147,-46322
112,384,1148,1149
723,384,1149,1166
112,723,1149,1150
724,723,1150,1171
112,724,1150,1151
725,724,1151,1170
112,725,1151,1159
726,378,1152,1219
379,726,1152,1161
124,726,1153,1219
726,121,1153,1154
726,122,1154,1161
122,119,1155,1156
122,118,1156,1162
116,114,1157,1158
116,113,1158,1165
113,725,1159,1160
379,725,1160,1169
113,379,1160,1165
379,122,1161,1162
379,118,1162,1163
379,117,1163,1164
379,116,1164,1165
723,381,1166,1167
723,382,1167,1168
723,380,1168,1171
380,725,1169,1170
380,724,1170,1171
395,438,1172,1186
439,441,1173,1174
439,437,1174,1175
439,435,1175,1176
439,436,1176,1188
436,434,1177,1189
434,431,1178,1193
727,429,1179,1248
431,727,1179,1190
728,729,1180,1247
729,727,1180,1248
727,728,1180,1181
730,728,1181,1229
727,730,1181,1182
731,730,1182,1211
727,731,1182,1190
732,733,1183,1227
733,731,1183,1211
731,732,1183,1191
377,732,1184,1210
732,375,1184,1185
732,396,1185,1194
397,438,1186,1187
397,439,1187,1188
397,436,1188,1189
397,434,1189,1192
431,731,1190,1191
431,732,1191,1193
396,434,1192,1194
434,732,1193,1194
734,123,1195,1218
125,734,1195,1196
735,734,1196,1217
125,735,1196,1197
736,735,1197,1216
125,736,1197,1198
737,736,1198,1216
125,737,1198,1199
738,737,1199,1223
125,738,1199,1207
135,739,1200,1214
739,740,1200,1215
740,135,1200,1201
740,131,1201,1202
740,132,1202,1203
740,129,1203,1204
740,130,1204,1208
130,127,1205,1209
127,125,1206,1207
127,738,1207,1209
740,738,1208,1215
738,130,1208,1209
376,732,1210,1226
733,730,1211,1212
741,730,1212,1228
733,741,1212,1221
134,741,1213,1228
741,135,1213,1214
741,739,1214,1221
739,738,1215,1222
737,735,1216,1217
737,734,1217,1224
734,124,1218,1225
124,378,1219,1220
124,376,1220,1225
733,739,1221,1222
733,738,1222,1223
733,737,1223,1224
733,734,1224,1227
734,376,1225,1226
734,732,1226,1227
134,730,1228,1229
134,728,1229,1230
742,728,1230,1247
134,742,1230,1231
743,742,1231,1261
134,743,1231,1232
744,743,1232,1261
134,744,1232,1233
745,744,1233,1260
134,745,1233,1243
746,747,1234,1259
747,745,1234,1260
745,746,1234,1235
748,746,1235,1258
745,748,1235,1236
749,748,1236,1257
745,749,1236,1246
750,751,1237,1369
751,749,1237,1379
749,750,1237,1238
752,750,1238,1375
749,752,1238,1239
753,752,1239,1368
749,753,1239,1244
139,753,1240,1368
753,136,1240,1244
137,133,1241,1242
137,134,1242,1243
137,745,1243,1245
749,136,1244,1246
136,745,1245,1246
742,729,1247,1262
729,429,1248,1249
729,430,1249,1250
754,430,1250,1323
729,754,1250,1251
755,754,1251,1322
729,755,1251,1252
756,755,1252,1322
729,756,1252,1253
757,756,1253,1321
729,757,1253,1254
758,757,1254,1320
729,758,1254,1263
759,760,1255,1319
760,758,1255,1320
758,759,1255,1256
749,759,1256,1404
758,749,1256,1257
758,748,1257,1258
758,746,1258,1259
758,747,1259,1263
747,744,1260,1264
744,742,1261,1262
744,729,1262,1264
729,747,1263,1264
162,158,1265,1270
761,154,1266,1304
157,761,1266,1267
762,761,1267,1303
157,762,1267,1268
763,762,1268,1272
157,763,1268,1271
161,763,1269,1272
763,162,1269,1270
763,158,1270,1271
161,762,1272,1278
764,765,1273,1328
765,762,1273,1303
762,764,1273,1274
766,764,1274,1327
762,766,1274,1275
767,766,1275,1327
762,767,1275,1276
164,767,1276,1284
762,164,1276,1277
762,160,1277,1278
156,153,1279,1280
156,151,1280,1281
156,150,1281,1283
155,768,1282,1306
768,150,1282,1307
150,155,1282,1283
769,767,1284,1335
164,769,1284,1296
770,771,1285,1355
771,769,1285,1334
769,770,1285,1297
772,773,1286,1397
773,774,1286,1353
774,772,1286,1287
775,772,1287,1448
774,775,1287,1301
776,777,1288,1619
777,778,1288,1620
778,776,1288,1289
172,776,1289,1544
778,172,1289,1290
778,170,1290,1291
778,171,1291,1299
171,168,1292,1302
168,165,1293,1294
168,166,1294,1295
168,163,1295,1300
163,769,1296,1297
163,770,1297,1298
774,770,1298,1354
163,774,1298,1300
778,775,1299,1594
775,171,1299,1301
168,774,1300,1302
774,171,1301,1302
765,761,1303,1304
765,154,1304,1305
765,155,1305,1306
765,768,1306,1307
765,150,1307,1308
765,149,1308,1312
779,147,1309,1336
149,779,1309,1312
780,781,1310,1346
781,779,1310,1336
779,780,1310,1311
765,780,1311,1328
779,765,1311,1312
430,428,1313,1323
428,425,1314,1315
428,424,1315,1316
428,422,1316,1324
782,423,1317,1520
422,782,1317,1318
759,782,1318,1405
422,759,1318,1319
422,760,1319,1325
760,757,1320,1321
760,756,1321,1326
756,754,1322,1326
754,428,1323,1324
754,422,1324,1325
754,760,1325,1326
767,764,1327,1335
764,780,1328,1329
783,780,1329,1346
764,783,1329,1330
784,783,1330,1345
764,784,1330,1331
785,784,1331,1356
764,785,1331,1332
786,785,1332,1356
764,786,1332,1333
771,786,1333,1348
764,771,1333,1334
764,769,1334,1335
781,147,1336,1337
781,148,1337,1338
787,148,1338,1387
781,787,1338,1339
788,787,1339,1393
781,788,1339,1347
789,790,1340,1382
790,788,1340,1392
788,789,1340,1341
791,789,1341,1452
788,791,1341,1342
792,791,1342,1451
788,792,1342,1343
793,792,1343,1358
788,793,1343,1344
784,793,1344,1357
788,784,1344,1345
788,783,1345,1347
783,781,1346,1347
794,786,1348,1365
771,794,1348,1349
795,794,1349,1364
771,795,1349,1350
796,795,1350,1400
771,796,1350,1355
797,798,1351,1399
798,796,1351,1400
796,797,1351,1352
773,797,1352,1398
796,773,1352,1353
796,774,1353,1354
796,770,1354,1355
786,784,1356,1357
786,793,1357,1358
786,792,1358,1366
799,800,1359,1450
800,792,1359,1451
792,799,1359,1360
801,799,1360,1395
792,801,1360,1361
802,801,1361,1395
792,802,1361,1362
803,802,1362,1403
792,803,1362,1366
804,805,1363,1394
805,803,1363,1402
803,804,1363,1367
795,804,1364,1394
804,794,1364,1365
804,786,1365,1367
786,803,1366,1367
139,752,1368,1374
806,751,1369,1379
750,806,1369,1376
807,808,1370,1384
808,809,1370,1385
809,807,1370,1371
143,807,1371,1390
809,143,1371,1372
809,142,1372,1377
142,140,1373,1378
140,752,1374,1375
140,750,1375,1376
140,806,1376,1378
809,806,1377,1385
806,142,1377,1378
806,749,1379,1380
810,749,1380,1404
806,810,1380,1381
811,810,1381,1453
806,811,1381,1386
789,811,1382,1452
811,790,1382,1383
807,790,1383,1391
811,807,1383,1384
811,808,1384,1386
808,806,1385,1386
787,145,1387,1388
787,146,1388,1389
787,144,1389,1393
144,807,1390,1391
144,790,1391,1392
144,788,1392,1393
795,805,1394,1401
802,799,1395,1396
772,799,1396,1449
802,772,1396,1397
802,773,1397,1398
802,797,1398,1399
802,798,1399,1403
798,795,1400,1401
798,805,1401,1402
798,803,1402,1403
810,759,1404,1405
810,782,1405,1406
812,782,1406,1520
810,812,1406,1407
813,812,1407,1519
810,813,1407,1408
814,813,1408,1518
810,814,1408,1453
815,816,1409,1517
816,814,1409,1518
814,815,1409,1410
817,815,1410,1516
814,817,1410,1454
818,819,1411,1513
819,820,1411,1514
820,818,1411,1412
821,818,1412,1513
820,821,1412,1413
822,821,1413,1512
820,822,1413,1414
823,822,1414,1511
820,823,1414,1455
824,825,1415,1510
825,823,1415,1511
823,824,1415,1455
826,827,1416,1509
827,824,1416,1510
824,826,1416,1417
828,826,1417,1508
824,828,1417,1418
829,828,1418,1507
824,829,1418,1456
830,831,1419,1505
831,829,1419,1506
829,830,1419,1476
832,833,1420,1533
833,830,1420,1505
830,832,1420,1421
834,832,1421,1504
830,834,1421,1422
835,834,1422,1503
830,835,1422,1457
836,837,1423,1502
837,835,1423,1503
835,836,1423,1457
838,839,1424,1500
839,836,1424,1501
836,838,1424,1458
840,841,1425,2076
841,838,1425,1500
838,840,1425,1426
842,840,1426,2032
838,842,1426,1427
843,842,1427,2031
838,843,1427,1459
844,845,1428,2029
845,843,1428,2030
843,844,1428,1460
846,847,1429,1971
847,844,1429,2029
844,846,1429,1430
848,846,1430,1902
844,848,1430,1431
849,848,1431,1916
844,849,1431,1432
850,849,1432,1892
844,850,1432,1461
851,852,1433,1876
852,853,1433,1889
853,851,1433,1464
854,855,1434,1886
855,851,1434,1876
851,854,1434,1435
856,854,1435,1841
851,856,1435,1436
857,856,1436,1840
851,857,1436,1465
858,859,1437,1821
859,857,1437,1834
857,858,1437,1438
860,858,1438,1820
857,860,1438,1439
861,860,1439,1605
857,861,1439,1440
862,861,1440,1604
857,862,1440,1441
863,862,1441,1604
857,863,1441,1442
864,863,1442,1603
857,864,1442,1465
865,866,1443,1601
866,864,1443,1602
864,865,1443,1478
867,868,1444,1599
868,869,1444,1600
869,867,1444,1445
870,867,1445,1598
869,870,1445,1466
871,872,1446,1596
872,873,1446,1597
873,871,1446,1468
874,875,1447,1595
875,871,1447,1596
871,874,1447,1469
775,874,1448,1594
874,772,1448,1449
874,799,1449,1450
874,800,1450,1470
800,791,1451,1470
791,811,1452,1471
811,814,1453,1454
811,817,1454,1472
820,824,1455,1456
820,829,1456,1475
830,836,1457,1458
830,838,1458,1459
830,843,1459,1460
830,844,1460,1461
830,850,1461,1462
876,850,1462,1891
830,876,1462,1463
853,876,1463,1890
830,853,1463,1464
830,851,1464,1476
851,864,1465,1477
869,865,1466,1600
865,870,1466,1467
873,870,1467,1597
865,873,1467,1468
865,871,1468,1469
865,874,1469,1479
874,791,1470,1471
874,811,1471,1472
874,817,1472,1473
877,817,1473,1515
874,877,1473,1474
820,877,1474,1514
874,820,1474,1475
874,829,1475,1479
829,851,1476,1477
829,864,1477,1478
829,865,1478,1479
423,594,1480,1481
423,593,1481,1482
423,592,1482,1521
878,591,1483,1638
592,878,1483,1522
879,880,1484,1647
880,878,1484,1648
878,879,1484,1523
881,882,1485,1645
882,879,1485,1646
879,881,1485,1486
883,881,1486,1659
879,883,1486,1487
884,883,1487,1711
879,884,1487,1488
885,884,1488,1710
879,885,1488,1524
886,887,1489,1707
887,888,1489,1708
888,886,1489,1526
889,890,1490,1706
890,886,1490,1707
886,889,1490,1527
891,892,1491,1705
892,889,1491,1706
889,891,1491,1527
893,894,1492,1704
894,891,1492,1705
891,893,1492,1493
895,893,1493,1703
891,895,1493,1528
896,897,1494,1702
897,895,1494,1703
895,896,1494,1495
898,896,1495,1701
895,898,1495,1540
899,900,1496,1700
900,898,1496,1701
898,899,1496,1529
901,902,1497,1699
902,899,1497,1700
899,901,1497,1529
903,904,1498,1698
904,901,1498,1699
901,903,1498,1499
841,903,1499,2067
901,841,1499,1530
841,839,1500,1501
841,836,1501,1502
841,837,1502,1531
837,834,1503,1504
837,832,1504,1532
833,831,1505,1506
833,829,1506,1507
833,828,1507,1508
833,826,1508,1509
833,827,1509,1534
827,825,1510,1535
825,822,1511,1512
825,821,1512,1536
821,819,1513,1537
819,877,1514,1515
819,817,1515,1516
819,815,1516,1517
819,816,1517,1537
816,813,1518,1519
816,812,1519,1538
812,423,1520,1521
812,592,1521,1522
812,878,1522,1523
812,879,1523,1524
812,885,1524,1525
888,885,1525,1709
812,888,1525,1526
812,886,1526,1538
886,891,1527,1528
886,895,1528,1539
898,901,1529,1530
898,841,1530,1531
898,837,1531,1532
898,832,1532,1533
898,833,1533,1534
898,827,1534,1535
898,825,1535,1536
898,821,1536,1540
821,816,1537,1541
816,886,1538,1539
816,895,1539,1541
895,821,1540,1541
905,174,1542,1593
175,905,1542,1571
173,906,1543,1591
906,172,1543,1544
906,776,1544,1545
907,776,1545,1619
906,907,1545,1546
908,907,1546,1618
906,908,1546,1547
909,908,1547,1617
906,909,1547,1574
910,911,1548,1615
911,909,1548,1616
909,910,1548,1575
912,913,1549,1614
913,910,1549,1615
910,912,1549,1576
914,915,1550,1613
915,912,1550,1614
912,914,1550,1584
916,917,1551,1612
917,914,1551,1613
914,916,1551,1552
918,916,1552,1611
914,918,1552,1577
197,919,1553,1609
919,918,1553,1610
918,197,1553,1554
918,198,1554,1555
918,196,1555,1556
918,195,1556,1577
920,192,1557,1636
195,920,1557,1558
921,920,1558,1635
195,921,1558,1585
922,923,1559,1633
923,921,1559,1634
921,922,1559,1581
193,924,1560,1637
924,194,1560,1561
924,282,1561,1562
924,286,1562,1563
924,285,1563,1564
924,191,1564,1578
925,926,1565,1653
926,189,1565,1654
189,925,1565,1588
927,928,1566,1651
928,925,1566,1652
925,927,1566,1589
183,179,1567,1568
183,180,1568,1579
180,177,1569,1579
177,175,1570,1571
177,905,1571,1572
929,905,1572,1593
177,929,1572,1573
906,929,1573,1592
177,906,1573,1574
177,909,1574,1575
177,910,1575,1576
177,912,1576,1580
914,195,1577,1590
924,922,1578,1633
922,191,1578,1581
183,177,1579,1580
183,912,1580,1583
921,191,1581,1582
921,190,1582,1585
183,927,1583,1650
927,912,1583,1584
927,914,1584,1589
195,190,1585,1586
195,188,1586,1587
195,189,1587,1588
195,925,1588,1590
925,914,1589,1590
174,906,1591,1592
174,929,1592,1593
778,874,1594,1595
778,875,1595,1620
875,872,1596,1621
872,870,1597,1598
872,867,1598,1599
872,868,1599,1622
868,865,1600,1601
868,866,1601,1602
868,864,1602,1603
868,863,1603,1623
863,861,1604,1605
863,860,1605,1606
930,860,1606,1819
863,930,1606,1624
201,930,1607,1818
930,199,1607,1608
930,197,1608,1609
930,919,1609,1610
930,918,1610,1611
930,916,1611,1612
930,917,1612,1624
917,915,1613,1625
915,913,1614,1626
913,911,1615,1616
913,909,1616,1617
913,908,1617,1618
913,907,1618,1626
907,777,1619,1627
777,875,1620,1621
777,872,1621,1622
777,868,1622,1623
777,863,1623,1628
863,917,1624,1625
863,915,1625,1628
915,907,1626,1627
915,777,1627,1628
589,701,1629,1630
589,702,1630,1631
589,703,1631,1632
924,923,1633,1634
924,921,1634,1635
924,920,1635,1637
920,193,1636,1637
878,588,1638,1639
878,699,1639,1640
878,288,1640,1641
878,289,1641,1642
878,364,1642,1648
931,932,1643,1660
932,933,1643,1745
933,931,1643,1644
881,931,1644,1659
933,881,1644,1645
933,882,1645,1646
933,879,1646,1647
933,880,1647,1649
880,364,1648,1649
933,364,1649,1740
182,927,1650,1651
182,928,1651,1652
182,925,1652,1653
182,926,1653,1654
182,189,1654,1658
189,185,1655,1656
189,186,1656,1658
186,182,1657,1658
883,931,1659,1660
883,932,1660,1661
934,932,1661,1745
883,934,1661,1662
935,934,1662,1746
883,935,1662,1663
936,935,1663,1794
883,936,1663,1664
937,936,1664,1793
883,937,1664,1665
938,937,1665,1830
883,938,1665,1711
939,940,1666,1828
940,938,1666,1829
938,939,1666,1667
941,939,1667,1787
938,941,1667,1712
942,943,1668,1806
943,941,1668,1787
941,942,1668,1669
944,942,1669,1786
941,944,1669,1670
945,944,1670,1785
941,945,1670,1671
946,945,1671,1784
941,946,1671,1713
947,948,1672,1782
948,946,1672,1783
946,947,1672,1714
949,950,1673,1781
950,947,1673,1782
947,949,1673,1674
951,949,1674,1780
947,951,1674,1715
952,953,1675,1778
953,951,1675,1779
951,952,1675,1676
954,952,1676,1777
951,954,1676,1715
955,956,1677,1775
956,954,1677,1776
954,955,1677,1737
957,958,1678,1774
958,955,1678,1775
955,957,1678,1738
959,960,1679,1803
960,961,1679,1773
961,959,1679,1680
962,959,1680,1772
961,962,1680,1716
963,964,1681,1771
964,962,1681,1772
962,963,1681,1682
965,963,1682,1770
962,965,1682,1716
966,967,1683,1768
967,968,1683,1769
968,966,1683,1684
969,966,1684,1767
968,969,1684,1718
970,971,1685,1766
971,969,1685,1767
969,970,1685,1686
972,970,1686,-1
969,972,1686,1719
973,974,1687,2089
974,972,1687,2090
972,973,1687,1719
975,976,1688,2087
976,977,1688,2088
977,975,1688,1721
978,979,1689,2085
979,980,1689,2086
980,978,1689,1690
981,978,1690,2084
980,981,1690,1723
982,983,1691,2082
983,981,1691,2083
981,982,1691,1724
984,985,1692,2116
985,982,1692,2082
982,984,1692,1693
986,984,1693,2129
982,986,1693,1694
987,986,1694,2081
982,987,1694,1724
988,989,1695,2080
989,987,1695,2081
987,988,1695,1725
990,991,1696,2079
991,988,1696,2080
988,990,1696,1697
903,990,1697,2067
988,903,1697,1698
988,904,1698,1726
904,902,1699,1726
902,900,1700,1727
900,896,1701,1702
900,897,1702,1728
897,893,1703,1704
897,894,1704,1736
894,892,1705,1733
892,890,1706,1729
890,887,1707,1708
890,888,1708,1709
890,885,1709,1710
890,884,1710,1729
884,938,1711,1712
884,941,1712,1713
884,946,1713,1714
884,947,1714,1730
947,954,1715,1731
961,965,1716,1717
968,965,1717,1769
961,968,1717,1718
961,969,1718,1732
969,973,1719,1720
977,973,1720,2088
969,977,1720,1721
969,975,1721,1722
980,975,1722,2086
969,980,1722,1723
969,981,1723,1732
981,987,1724,1725
981,988,1725,1735
988,902,1726,1727
988,900,1727,1728
988,897,1728,1739
892,884,1729,1730
892,947,1730,1731
892,954,1731,1733
961,981,1732,1734
894,954,1733,1736
961,957,1734,1773
957,981,1734,1735
957,988,1735,1738
897,954,1736,1737
897,955,1737,1739
955,988,1738,1739
933,365,1740,1741
933,366,1741,1742
933,362,1742,1743
992,362,1743,1747
933,992,1743,1744
934,992,1744,1746
933,934,1744,1745
935,992,1746,1795
992,363,1747,1796
363,360,1748,1796
360,358,1749,1750
360,357,1750,1797
357,355,1751,1809
993,354,1752,2050
355,993,1752,1798
350,994,1753,2053
994,993,1753,2054
993,350,1753,1754
993,349,1754,1798
349,347,1755,1756
349,346,1756,1757
349,345,1757,1758
349,344,1758,1810
344,342,1759,1760
344,341,1760,1761
995,341,1761,2214
344,995,1761,1815
340,996,1762,2215
996,339,1762,1763
996,338,1763,1799
338,336,1764,1765
970,336,1765,-1
338,970,1765,1766
338,971,1766,1800
971,966,1767,1768
971,967,1768,1801
967,965,1769,1770
967,963,1770,1771
967,964,1771,1802
964,959,1772,1812
960,957,1773,1774
960,958,1774,1803
958,956,1775,1776
958,954,1776,1777
958,952,1777,1778
958,953,1778,1779
958,951,1779,1780
958,949,1780,1781
958,950,1781,1804
950,948,1782,1783
950,946,1783,1784
950,945,1784,1785
950,944,1785,1786
950,942,1786,1805
943,939,1787,1788
997,939,1788,1828
943,997,1788,1789
998,997,1789,1827
943,998,1789,1790
999,998,1790,1827
943,999,1790,1791
1000,999,1791,1826
943,1000,1791,1813
937,1001,1792,1831
1001,1002,1792,1832
1002,937,1792,1793
1002,936,1793,1794
1002,935,1794,1795
1002,992,1795,1807
992,360,1796,1797
992,357,1797,1808
355,349,1798,1809
996,1003,1799,2216
1003,338,1799,1800
1003,971,1800,1801
1003,967,1801,1802
1003,964,1802,1811
959,958,1803,1804
959,950,1804,1805
959,942,1805,1806
959,943,1806,1812
1002,1000,1807,1826
1000,992,1807,1808
1000,357,1808,1813
357,349,1809,1810
357,344,1810,1814
1003,995,1811,2216
995,964,1811,1816
964,943,1812,1816
943,357,1813,1814
943,344,1814,1815
943,995,1815,1816
203,200,1817,1825
200,930,1818,1819
200,860,1819,1820
200,858,1820,1821
200,859,1821,1822
204,859,1822,1834
200,204,1822,1823
200,205,1823,1825
205,203,1824,1825
1002,999,1826,1832
999,997,1827,1833
997,940,1828,1829
997,938,1829,1830
997,937,1830,1831
997,1001,1831,1833
1001,999,1832,1833
204,857,1834,1835
1004,857,1835,1840
204,1004,1835,1836
1005,1004,1836,1844
204,1005,1836,1837
1006,1005,1837,1845
204,1006,1837,1838
284,1006,1838,1860
204,284,1838,1839
1004,856,1840,1841
1004,854,1841,1844
1007,1008,1842,1846
1008,854,1842,1885
854,1007,1842,1843
1005,1007,1843,1845
854,1005,1843,1844
1006,1007,1845,1846
1006,1008,1846,1861
1009,1010,1847,1883
1010,1008,1847,1884
1008,1009,1847,1862
1011,1012,1848,1881
1012,1013,1848,1882
1013,1011,1848,1849
1014,1011,1849,1880
1013,1014,1849,1863
1015,1016,1850,1894
1016,1014,1850,1879
1014,1015,1850,1851
1017,1015,1851,1893
1014,1017,1851,1863
1018,1019,1852,1900
1019,1017,1852,1893
1017,1018,1852,1873
222,1020,1853,1914
1020,1021,1853,1899
1021,222,1853,1854
1021,220,1854,1855
1021,218,1855,1864
219,216,1856,1869
215,212,1857,1875
212,208,1858,1871
209,284,1859,1860
209,1006,1860,1861
209,1008,1861,1862
209,1009,1862,1866
1013,1017,1863,1872
1021,1022,1864,1899
1022,218,1864,1865
1022,219,1865,1868
208,1009,1866,1867
1013,1009,1867,1882
208,1013,1867,1871
1022,1018,1868,1900
1018,219,1868,1869
1018,216,1869,1870
1018,214,1870,1873
212,1013,1871,1872
212,1017,1872,1875
1017,214,1873,1874
1017,215,1874,1875
855,852,1876,1877
1023,852,1877,1889
855,1023,1877,1886
1024,1025,1878,1895
1025,1023,1878,1896
1023,1024,1878,1887
1016,1024,1879,1894
1024,1014,1879,1880
1024,1011,1880,1881
1024,1012,1881,1887
1012,1009,1882,1883
1012,1010,1883,1884
1012,1008,1884,1885
1012,854,1885,1888
854,1023,1886,1888
1023,1012,1887,1888
1023,853,1889,1890
1023,876,1890,1891
1023,850,1891,1896
1019,849,1892,1901
850,1019,1892,1897
1019,1015,1893,1897
1015,1024,1894,1895
1015,1025,1895,1898
1025,850,1896,1898
850,1015,1897,1898
1020,1022,1899,1915
1022,1019,1900,1901
1022,849,1901,1921
1026,846,1902,1971
848,1026,1902,1916
1027,1028,1903,2020
1028,1026,1903,1999
1026,1027,1903,1904
1029,1027,1904,2027
1026,1029,1904,1905
1030,1029,1905,1945
1026,1030,1905,1906
1031,1030,1906,1932
1026,1031,1906,1907
1032,1031,1907,1931
1026,1032,1907,1917
1033,1034,1908,1937
1034,1032,1908,1931
1032,1033,1908,1918
1035,1036,1909,1925
1036,1033,1909,1944
1033,1035,1909,1910
1037,1035,1910,1924
1033,1037,1910,1911
1038,1037,1911,1923
1033,1038,1911,1919
1039,1040,1912,1922
1040,1038,1912,1923
1038,1039,1912,1920
221,1039,1913,1922
1039,222,1913,1914
1039,1020,1914,1915
1039,1022,1915,1920
849,1026,1916,1917
849,1032,1917,1918
849,1033,1918,1919
849,1038,1919,1921
1038,1022,1920,1921
221,1040,1922,1930
1040,1037,1923,1924
1040,1035,1924,1930
1041,1036,1925,1943
1035,1041,1925,1926
226,1041,1926,1942
1035,226,1926,1927
1035,223,1927,1928
1035,224,1928,1929
1035,221,1929,1930
1034,1031,1931,1932
1034,1030,1932,1933
1042,1030,1933,1945
1034,1042,1933,1936
1043,1044,1934,1939
1044,1042,1934,1960
1042,1043,1934,1935
1045,1043,1935,1938
1042,1045,1935,1936
1034,1045,1936,1937
1033,1045,1937,1938
1033,1043,1938,1939
1033,1044,1939,1944
227,1044,1940,1959
1044,225,1940,1941
1044,226,1941,1942
1044,1041,1942,1943
1044,1036,1943,1944
1042,1029,1945,1946
1046,1029,1946,2026
1042,1046,1946,1947
1047,1046,1947,2025
1042,1047,1947,1948
1048,1047,1948,2024
1042,1048,1948,1961
1049,1050,1949,-1275
1050,1051,1949,-1275
1051,1049,1949,1950
1052,1049,1950,-1275
1051,1052,1950,1951
1053,1052,1951,-1275
1051,1053,1951,1952
1054,1053,1952,-1275
1051,1054,1952,1953
1055,1054,1953,-1275
1051,1055,1953,1954
1056,1055,1954,-1275
1051,1056,1954,1955
1057,1056,1955,-1275
1051,1057,1955,1956
1058,1057,1956,-1275
1051,1058,1956,1957
1059,1058,1957,-1275
1051,1059,1957,1958
1060,1059,1958,-1275
1051,1060,1958,-1275
228,1044,1959,1960
228,1042,1960,1961
228,1048,1961,1962
239,1048,1962,2023
228,239,1962,1963
228,236,1963,1964
228,237,1964,1965
1061,237,1965,2055
228,1061,1965,1966
1062,1061,1966,2060
228,1062,1966,1967
1063,1062,1967,2065
228,1063,1967,1968
1064,1063,1968,2064
228,1064,1968,1969
1065,1064,1969,2059
228,1065,1969,1970
283,1065,1970,2058
1026,847,1971,1972
1066,847,1972,2042
1026,1066,1972,1973
1067,1066,1973,2041
1026,1067,1973,1974
1068,1067,1974,2041
1026,1068,1974,1999
1069,1070,1975,2038
1070,1071,1975,2039
1071,1069,1975,1976
1072,1069,1976,2141
1071,1072,1976,1977
1073,1072,1977,2180
1071,1073,1977,1978
1074,1073,1978,2192
1071,1074,1978,2019
1075,1076,1979,2208
1076,1077,1979,2189
1077,1075,1979,1980
1078,1075,1980,2208
1077,1078,1980,1981
1079,1078,1981,2207
1077,1079,1981,2002
1080,1081,1982,-1
1081,1082,1982,2249
1082,1080,1982,1983
1083,1080,1983,2287
1082,1083,1983,1984
274,1083,1984,2286
1082,274,1984,1985
1082,272,1985,1986
1084,272,1986,2228
1082,1084,1986,1987
1085,1084,1987,2228
1082,1085,1987,2003
258,1086,1988,2226
1086,255,1988,1989
1086,256,1989,2009
256,254,1990,1991
1087,254,1991,2168
256,1087,1991,2014
1088,1089,1992,2173
1089,1087,1992,2168
1087,1088,1992,1993
1090,1088,1993,2167
1087,1090,1993,2015
248,1090,1994,2166
1090,247,1994,2018
1091,1092,1995,2146
1092,1093,1995,2147
1093,1091,1995,2010
242,1091,1996,2146
1091,241,1996,1997
1094,241,1997,2021
1091,1094,1997,1998
1028,1094,1998,2020
1091,1028,1998,2005
1028,1068,1999,2000
1095,1068,2000,2048
1028,1095,2000,2001
1096,1095,2001,2040
1028,1096,2001,2005
1077,1097,2002,2190
1097,1079,2002,2007
1082,1079,2003,2250
1079,1085,2003,2004
1098,1085,2004,2227
1079,1098,2004,2007
1091,1096,2005,2006
1071,1096,2006,2039
1091,1071,2006,2010
1097,1098,2007,2008
1086,1098,2008,2227
1097,1086,2008,2009
1097,256,2009,2011
1093,1071,2010,2012
1097,1099,2011,2196
1099,256,2011,2013
1093,245,2012,2148
245,1071,2012,2016
1099,1100,2013,2191
1100,256,2013,2014
1100,1087,2014,2015
1100,1090,2015,2017
247,1071,2016,2018
1100,1074,2017,2191
1074,1090,2017,2019
1090,1071,2018,2019
1027,1094,2020,2021
1027,241,2021,2022
1027,240,2022,2027
238,1048,2023,2024
238,1047,2024,2025
238,1046,2025,2026
238,1029,2026,2028
1029,240,2027,2028
847,845,2029,2030
847,843,2030,2031
847,842,2031,2032
847,840,2032,2033
1101,840,2033,2075
847,1101,2033,2042
1102,1103,2034,2072
1103,1104,2034,2073
1104,1102,2034,2045
1105,1106,2035,2109
1106,1102,2035,2071
1102,1105,2035,2036
1107,1105,2036,2143
1102,1107,2036,2037
1108,1107,2037,2145
1102,1108,2037,2045
1069,1108,2038,2142
1108,1070,2038,2046
1070,1096,2039,2040
1070,1095,2040,2047
1068,1066,2041,2049
1066,1101,2042,2043
1109,1101,2043,2074
1066,1109,2043,2044
1104,1109,2044,2073
1066,1104,2044,2049
1104,1108,2045,2046
1104,1070,2046,2047
1104,1095,2047,2048
1104,1068,2048,2049
993,353,2050,2051
993,352,2051,2054
352,350,2052,2053
352,994,2053,2054
1061,235,2055,2060
233,229,2056,2066
230,283,2057,2058
230,1065,2058,2059
230,1064,2059,2063
1062,235,2060,2061
1062,232,2061,2062
1062,233,2062,2065
229,1064,2063,2064
229,1063,2064,2066
1063,233,2065,2066
841,990,2067,2068
1110,990,2068,2079
841,1110,2068,2069
1111,1110,2069,2112
841,1111,2069,2077
1112,1113,2070,2111
1113,1111,2070,2112
1111,1112,2070,2078
1106,1112,2071,2110
1112,1102,2071,2072
1112,1103,2072,2078
1103,1109,2073,2074
1103,1101,2074,2075
1103,840,2075,2076
1103,841,2076,2077
1103,1111,2077,2078
1110,991,2079,2113
991,989,2080,2114
989,986,2081,2115
985,983,2082,2083
985,981,2083,2084
985,978,2084,2085
985,979,2085,2116
979,975,2086,2087
979,976,2087,2134
976,973,2088,2089
976,974,2089,2130
1114,972,2090,-1
974,1114,2090,2117
1115,1116,2091,2247
1116,1114,2091,2248
1114,1115,2091,2117
1117,1118,2092,2284
1118,1115,2092,2285
1115,1117,2092,2118
1119,1120,2093,2282
1120,1117,2093,2283
1117,1119,2093,2119
1121,1122,2094,2246
1122,1119,2094,2281
1119,1121,2094,2120
1123,1124,2095,2256
1124,1121,2095,2245
1121,1123,2095,2096
1125,1123,2096,2255
1121,1125,2096,2097
1126,1125,2097,2255
1121,1126,2097,2121
1127,1128,2098,2258
1128,1129,2098,2254
1129,1127,2098,2123
1130,1131,2099,2202
1131,1127,2099,2257
1127,1130,2099,2100
1132,1130,2100,2201
1127,1132,2100,2123
1133,1134,2101,2210
1134,1135,2101,2211
1135,1133,2101,2102
1136,1133,2102,2186
1135,1136,2102,2103
1137,1136,2103,2220
1135,1137,2103,2104
1138,1137,2104,2225
1135,1138,2104,2124
1139,1140,2105,2218
1140,1138,2105,2219
1138,1139,2105,2124
1141,1142,2106,2184
1142,1143,2106,2217
1143,1141,2106,2107
1144,1141,2107,2183
1143,1144,2107,2108
1145,1144,2108,2139
1143,1145,2108,2126
1105,1146,2109,2138
1146,1106,2109,2110
1146,1112,2110,2111
1146,1113,2111,2128
1113,1110,2112,2113
1113,991,2113,2114
1113,989,2114,2115
1113,986,2115,2128
984,979,2116,2136
974,1115,2117,2118
974,1117,2118,2119
974,1119,2119,2120
974,1121,2120,2121
974,1126,2121,2122
1129,1126,2122,2254
974,1129,2122,2130
1129,1132,2123,2131
1135,1139,2124,2125
1143,1139,2125,2217
1135,1143,2125,2126
1135,1145,2126,2127
1146,1145,2127,2138
1135,1146,2127,2133
1146,986,2128,2129
1146,984,2129,2133
976,1129,2130,2131
976,1132,2131,2132
1147,1132,2132,2200
976,1147,2132,2134
1135,984,2133,2135
979,1147,2134,2136
1135,1148,2135,2212
1148,984,2135,2137
984,1147,2136,2137
1148,1147,2137,2200
1105,1145,2138,2143
1149,1144,2139,2182
1145,1149,2139,2140
1150,1149,2140,2181
1145,1150,2140,2144
1072,1150,2141,2180
1150,1069,2141,2142
1150,1108,2142,2144
1107,1145,2143,2145
1145,1108,2144,2145
242,1092,2146,2147
242,1093,2147,2151
1093,246,2148,2149
1093,243,2149,2150
1093,244,2150,2151
1151,1152,2152,-1275
1152,1153,2152,-1275
1153,1151,2152,2153
1154,1151,2153,-1275
1153,1154,2153,2154
1155,1154,2154,-1275
1153,1155,2154,2155
1156,1155,2155,-1275
1153,1156,2155,2156
1157,1156,2156,-1275
1153,1157,2156,2158
1158,1159,2157,-1275
1159,1157,2157,-1275
1157,1158,2157,2158
1153,1158,2158,-1275
1160,1161,2159,-46322
1161,1162,2159,-46322
1162,1160,2159,2160
1163,1160,2160,-46322
1162,1163,2160,2161
1164,1163,2161,-46322
1162,1164,2161,2162
1165,1164,2162,-46322
1162,1165,2162,2165
1166,1167,2163,-46322
1167,1165,2163,-46322
1165,1166,2163,2164
1168,1166,2164,-46322
1165,1168,2164,2165
1162,1168,2165,-46322
249,1090,2166,2167
249,1088,2167,2172
1089,254,2168,2169
1089,252,2169,2170
1089,251,2170,2171
1089,250,2171,2173
250,1088,2172,2173
1169,1170,2174,-46322
1170,1171,2174,-46322
1171,1169,2174,2175
1172,1169,2175,-46322
1171,1172,2175,2178
1173,1174,2176,-46322
1174,1175,2176,-46322
1175,1173,2176,2179
1171,1176,2177,-46322
1176,1173,2177,-46322
1173,1171,2177,2178
1173,1172,2178,2179
1175,1172,2179,-46322
1073,1150,2180,2181
1073,1149,2181,2182
1073,1144,2182,2183
1073,1141,2183,2193
1177,1142,2184,2224
1141,1177,2184,2194
1178,1179,2185,2221
1179,1180,2185,2222
1180,1178,2185,2195
1136,1178,2186,2220
1178,1133,2186,2187
1181,1133,2187,2210
1178,1181,2187,2188
1076,1181,2188,2209
1178,1076,2188,2189
1178,1077,2189,2190
1178,1097,2190,2195
1099,1074,2191,2192
1099,1073,2192,2193
1099,1141,2193,2194
1099,1177,2194,2196
1180,1097,2195,2197
1097,1177,2196,2197
1180,1177,2197,2223
1182,1183,2198,-50418
1183,1184,2198,-50418
1184,1182,2198,2199
1185,1182,2199,-50418
1184,1185,2199,-50418
1148,1132,2200,2201
1148,1130,2201,2202
1148,1131,2202,2203
1186,1131,2203,2257
1148,1186,2203,2204
1187,1186,2204,2261
1148,1187,2204,2205
1188,1187,2205,2243
1148,1188,2205,2206
1079,1188,2206,2243
1148,1079,2206,2207
1148,1078,2207,2213
1078,1076,2208,2209
1078,1181,2209,2213
1181,1134,2210,2211
1181,1135,2211,2212
1181,1148,2212,2213
995,340,2214,2215
995,996,2215,2216
1142,1139,2217,2218
1142,1140,2218,2219
1142,1138,2219,2224
1137,1178,2220,2221
1137,1179,2221,2222
1137,1180,2222,2223
1137,1177,2223,2225
1177,1138,2224,2225
257,1086,2226,2238
1086,1085,2227,2239
1085,272,2228,2240
1189,273,2229,2273
272,1189,2229,2230
1190,1189,2230,2272
272,1190,2230,2240
1191,1192,2231,2279
1192,1190,2231,2272
1190,1191,2231,2232
1193,1191,2232,2271
1190,1193,2232,2241
268,1194,2233,2277
1194,1193,2233,2271
1193,268,2233,2234
1195,268,2234,2263
1193,1195,2234,2242
261,1196,2235,2262
1196,1195,2235,2269
1195,261,2235,2236
1195,259,2236,2237
1195,257,2237,2238
1195,1086,2238,2239
1195,1085,2239,2242
1085,1190,2240,2241
1085,1193,2241,2242
1079,1187,2243,2244
1124,1187,2244,2256
1079,1124,2244,2245
1079,1121,2245,2251
1197,1122,2246,2280
1121,1197,2246,2251
1115,1198,2247,2285
1198,1116,2247,2253
1081,1114,2248,-1
1116,1081,2248,2249
1116,1082,2249,2250
1116,1079,2250,2253
1079,1197,2251,2252
1198,1197,2252,2280
1079,1198,2252,2253
1128,1126,2254,2259
1126,1123,2255,2259
1123,1187,2256,2260
1186,1127,2257,2258
1186,1128,2258,2261
1128,1123,2259,2260
1128,1187,2260,2261
260,1196,2262,2268
1195,265,2263,2264
1195,266,2264,2269
266,263,2265,2266
266,264,2266,2270
264,260,2267,2268
264,1196,2268,2270
1196,266,2269,2270
1194,1191,2271,2278
1192,1189,2272,2273
1192,273,2273,2274
1192,270,2274,2275
1192,271,2275,2279
271,268,2276,2277
271,1194,2277,2278
271,1191,2278,2279
1198,1122,2280,2281
1198,1119,2281,2282
1198,1120,2282,2283
1198,1117,2283,2284
1198,1118,2284,2285
275,1083,2286,2290
1199,1080,2287,-1
1083,1199,2287,2288
276,1199,2288,2291
1083,276,2288,2289
1083,277,2289,2290
278,1199,2291,2294
281,1199,2292,-1
1199,279,2292,2293
1199,280,2293,2294