45.433886,68.899789,0,1,741,742
45.0,68.933333,0,623,624,742,743
45.0,68.266667,0,1,2,113,589
45.768435,68.796274,1,2,740,741
46.300486,68.764907,2,3,113,114,740
48.43294,68.964646,3,4,5,114,115,152,162,163,739
47.932096,69.000027,3,739,740,741,742,743,744,778
50.26512,68.767208,4,5,783,788
49.03774,69.134901,4,739,778,779,780,783
50.833199,68.233811,5,6,115,738,777,788,789,792
51.835297,67.898297,6,7,8,115,163,167,168,736,737
51.832172,67.933416,6,737,738
53.330154,67.768073,7,8,734,735
52.601731,67.933126,7,735,736
53.830801,67.699551,8,9,153,168,172,173,733,734
54.803635,67.831146,9,116,153,731,732
54.634924,67.831632,9,732,733
56.466859,68.103234,10,11,729,730
55.832681,68.199446,10,730,731,732,733,734,735,736,737,738,777
55.433665,68.032066,10,11,116,731
57.499397,68.000233,11,12,116,153,154,173,174,728,729
58.335784,68.099962,12,117,118,154,726,727
58.234424,68.135207,12,727,728
60.00121,68.435862,13,14,724,725
59.296426,68.368903,13,725,726,727,728,729,730,776,777,792,793,794,795,798
59.300671,68.333411,13,14,15,117,726
61.401241,68.468553,14,15,723,724
62.065144,68.46383,15,117,118,722,723
64.93314,69.136123,16,17,719,720
63.6988,68.833436,16,720,721,722,723,724,725,776
63.704286,68.799962,16,17,119,721
65.067554,69.132679,17,18,119,120,121,179,180,719
64.901592,70.29738,18,19,120,718
64.6976,69.967903,18,718,719,720,775,776,798,799,801
64.998873,70.599156,19,20,120,121,717
64.730496,70.366637,19,717,718,774,775
65.267176,70.966141,20,21,121,122,123,180,184,187,188,715,716
64.565097,70.731981,20,716,717,773,774
64.534306,71.433804,21,22,122,714
64.535441,71.400489,21,714,715
63.432601,72.332813,22,23,122,123,713
63.865257,71.700799,22,713,714,715,716,773
62.297619,73.333388,23,24,25,26,27,123,124,125,126,185,186,188,712
62.098381,73.16374,23,712,713,772,773,774,775,801,802,805
62.201518,73.400801,24,25,772,805,806,814
62.201122,73.36609,24,712,772
62.966065,74.000076,25,26,711,813,814
63.231727,73.999466,26,27,710,711
63.595905,74.201737,27,28,29,124,710
64.166094,74.536505,28,29,708,709
63.429862,74.332761,28,709,710,711,812,813
64.235268,74.531759,29,30,31,124,125,708
64.665725,74.800032,30,31,707,810,811
64.365377,74.768309,30,708,709,811,812
65.330905,74.801984,31,32,125,126,707
65.568416,74.797901,32,33,126,181,182,183,185,706
65.565391,74.865284,32,706,707,809,810
67.934068,74.702804,33,34,35,36,37,38,39,40,41,42,43,44,45,175,176,177,181,705
67.4322,74.834349,33,705,706,771,808,809
68.495895,74.734533,34,35,704
67.931513,74.733959,34,704,705,771
69.466546,74.768389,35,36,704,771,804,807,808
70.434517,74.602053,36,37,797,800,803,804
71.166736,74.298172,37,38,770,791,796,797
71.433885,74.136852,38,39,703,769,770
71.332801,74.134959,39,40,702,703
71.331658,73.798101,40,41,702
72.365405,73.496813,41,42,702,703,769
73.699796,73.036447,42,43,769,770,787,790,791
73.998645,72.870284,43,44,701,768,786,787
74.100056,72.596078,44,45,700,701
74.800611,72.231222,45,46,169,170,171,175,700
75.768331,70.798869,46,47,155,164,165,169,698,699
74.965544,72.230432,46,699,700,701,767,768
76.666544,70.600477,47,127,128,155,696,697
76.666442,70.633099,47,697,698
78.299037,70.199278,48,49,694,695
77.698124,70.463106,48,695,696,697,698,699,767
77.430912,70.467816,48,49,50,127,696
79.09719,69.934552,49,50,693,694
79.100836,69.899995,50,51,52,127,128,693
80.333683,69.495242,51,52,691,692
79.267031,69.901183,51,692,693,694,695,766,767,768,782,785,786
81.366893,69.000644,52,128,129,155,156,157,164,690,691
85.26451,68.501121,53,54,687,688
83.333192,68.798345,53,688,689
83.09922,68.797635,53,54,129,689,690
85.264133,68.464662,54,55,56,129,130,131,132,133,156,686,687
86.066085,68.402277,55,56,684,685
85.567932,68.468016,55,685,686
86.266219,68.334086,56,57,58,59,60,130,683,684
87.93658,68.367565,57,58,681,682
87.932619,68.399424,57,682,683
89.067246,68.167492,58,59,680,681
90.0,68.1,59,60,679,680
90.0,67.366667,60,61,62,130,131,2318,2319,2350
88.367373,67.633331,61,62,2316,2317
88.766069,67.534144,61,2317,2318
88.36785,67.667012,62,131,132,2315,2316
86.16487,67.831332,63,64,2313,2314
86.897965,67.598069,63,2314,2315,2316,2317,2318,2350,2351,2352,2353,2354,2355,2360
87.765974,67.666183,63,64,65,132,133,2315
86.167445,67.865132,64,65,2312,2313
82.599678,68.331301,65,66,67,68,69,133,134,156,157,2312
79.267723,69.034329,66,67,2310,2311
81.101566,68.336337,66,2311,2312,2313,2314,2360,2361,2362,2363,2365
79.265828,69.069206,67,68,2309,2310
78.09971,69.497739,68,69,2308,2309
78.097587,69.533057,69,70,134,2308
76.631532,70.034517,70,134,135,136,157,164,165,2307,2367,2368,2370
77.902241,69.52962,70,2308,2309,2310,2311,2365,2367
73.433543,71.3311,71,72,2306,2358,2359
74.566698,70.267067,71,2307,2359,2364,2366,2369,2370
75.133492,70.296329,71,72,135,2307
72.998988,72.032275,72,73,74,135,136,2306
71.732694,72.898189,73,74,2305,2348,2349
72.401437,72.401722,73,2306,2349,2357,2358
71.73413,72.934633,74,136,165,169,170,2304,2305
68.899196,72.969202,75,76,2237,2301
69.033129,72.899357,75,2301,2302,2303,2304,2305,2347,2348
69.201692,73.065844,75,76,77,78,137,2302
68.569757,73.264223,76,77,2236,2237,2238,2244,2245
68.498864,73.634095,77,78,1907,2235,2236
69.099951,73.867637,78,137,158,159,1906,1907,1928,1929
66.003011,74.203267,79,80,1928,1929,1930,1931,1932,1933,1939
66.667449,74.132218,79,1904,1905,1906,1928
67.101358,74.234631,79,80,138,1904
65.799704,74.302104,80,138,177,181,182,1903,1939,1942
65.267501,72.298956,81,82,1900,1901
64.467452,72.931817,81,1901,1902,1903,1942,1943,1944,1945,1948
63.801431,73.265986,81,82,183,185,186,1902
65.933077,71.365578,82,139,140,141,186,187,188,1899,1900
66.70102,70.802347,83,84,139,140,1898
67.400731,70.764981,83,1898,1899,1900,1901,1947,1948,1949,1950
66.93547,70.83412,83,139,1899
65.769006,70.436144,84,140,141,1896,1897
65.999215,70.432395,84,1897,1898,1941,1946,1947
66.336185,68.568243,85,86,142,143,1894
67.1003,69.367085,85,1894,1895,1896,1897,1938,1940,1941
66.434775,69.669906,85,142,1895
65.432508,68.463809,86,87,88,89,143,144,160,178,179,180,184,1893
66.333876,68.532788,86,1893,1894,1927,1937,1938
64.000116,68.232504,87,88,1892
64.634596,68.301744,87,1892,1893,1926,1927
62.563695,68.06422,88,89,1891,1892,1925,1926
61.363696,68.000689,89,90,91,144,1891
61.329999,67.964327,90,91,1719,1886
61.364064,67.965773,90,1886,1887,1891,1924,1925
59.099488,67.968494,91,144,145,146,160,1718,1719,1720,1732,1733,1734,1738
57.266263,67.532236,92,93,1740,1741,1743
58.198335,67.666958,92,1718,1738,1740
58.197128,67.698768,92,93,94,145,1718
56.601532,67.766205,93,94,1717,1737,1739,1742,1743
56.601657,67.800945,94,145,146,1716,1717
54.702747,67.467509,95,96,1714,1715
55.19959,67.566989,95,1715,1716,1717,1736,1737
56.003625,67.836075,95,96,146,160,166,172,173,174,178,1716
54.632342,67.468134,96,161,166,1714
55.261763,67.000791,97,98,99,100,101,147,1648
55.266689,67.032453,97,1648,1649,1730,1731
54.732537,67.132308,97,147,148,149,150,151,161,1714,1715,1731,1735,1736
55.067875,66.465992,98,99,1677,1678,1679,1680,1681,1682,1683,1684,1693
55.433841,67.00281,98,1648,1649,1650,1651,1652,1653,1662,1678
53.667036,66.534178,99,100,1677
53.264992,66.502154,100,101,1677,1693,1696
51.831036,66.564646,101,102,103,147,148,1696,1697,1700
52.532285,66.797615,102,103,1676,1695,1698,1699
51.933706,66.866099,102,1699,1700,1701
52.69792,66.797856,103,148,149,1675,1676
52.101631,67.566951,104,105,106,107,108,109,110,151,161,166,167,168,172,1672,1673
52.094802,67.533796,104,1673,1674,1675,1676,1692,1694,1695
53.096171,67.200213,104,150,151,1674
50.535163,67.534521,105,106,594,595,1593,1594
50.968826,67.499968,105,1594,1599,1600,1672
50.433521,67.700321,106,107,594
50.201973,67.767461,107,108,594,595,596,597,598,599,613
49.232723,68.231801,108,109,613,614,620
49.229439,68.335279,109,110,593,620,622
49.031731,68.664068,110,111,162,163,167,592,593
48.435702,68.698344,111,112,152,162,591
48.434685,68.66481,111,591,592
45.666788,68.434476,112,113,114,152,589,590
47.368115,68.46562,112,590,591,592,593,612,619,621,622
62.698676,68.500596,118,119,154,174,178,179,721,722
69.966472,73.468337,137,158,2302,2303
67.864994,74.229803,138,176,177,1904,1905
65.666884,70.169774,141,142,143,184,187,1895,1896
53.097235,67.100034,149,150,1674,1675
71.366906,73.098914,158,159,170,171,2303,2304
68.666254,74.029768,159,171,175,176,1905,1906
65.30292,74.134693,182,183,1902,1903
45.333001,45.666956,189,190,268,269
45.0,45.2,189,247,248,249,250,251,252,253,254,255,256,269,270,271,272
45.0,45.0,189,190,191,192,193,233,234
45.400178,45.667384,190,191,267,268
45.933595,46.367356,191,192,266,267
46.399691,46.932825,192,193,265,266
46.433158,46.929475,193,194,234,235,264,265
46.831449,47.530515,194,235,236,262,263
46.800259,47.534246,194,263,264
47.602915,50.032891,195,196,261,271,272
47.36672,49.398875,195,262,263,264,265,266,267,268,269,272
47.432668,49.000226,195,196,197,198,236,237,262
47.663653,50.032758,196,197,260,261
48.067315,50.966174,197,198,259,260
48.198687,51.101831,198,199,200,237,238,259
48.595601,52.03519,199,200,257,258
48.20326,51.333179,199,258,259,260,261,270,271
48.667342,52.032504,200,201,202,203,204,205,206,207,208,209,210,238,239,257
50.135378,52.500839,201,202,350,351,352,353,380,381
48.665515,52.43537,201,256,257,258,270,351
50.128988,52.434203,202,203,350
50.603814,52.433637,203,204,349,350,379,380
51.132186,52.296747,204,205,348,349
51.135227,52.265638,205,206,348
51.768917,52.267319,206,207,347,348,349,379
51.769421,52.203383,207,208,347
53.032918,52.198199,208,209,346,347,379,380,381,382,383,384,391
53.932464,52.065534,209,210,345,346
53.931856,52.03015,210,211,212,213,239,240,345
56.899321,51.665437,211,212,344,389,390
54.434781,52.033791,211,345,346,390,391
57.632946,51.464526,212,213,343,344
57.633168,51.432161,213,214,215,240,241,343
59.367089,51.26587,214,215,341,342
58.367712,51.434939,214,342,343,344,378,388,389
59.365571,51.202378,215,216,217,218,219,241,242,341
60.134253,51.134152,216,217,376,377
59.767026,51.200322,216,341,342,377,378
60.934048,50.965107,217,218,375,376
61.767732,50.735868,218,219,340,374,375
61.768227,50.665901,219,220,221,242,243,340
63.001055,50.497941,220,221,339,372,373
62.134968,50.634502,220,340,373,374
62.99984,50.431609,221,222,243,244,339
64.035416,50.20205,222,223,224,225,226,227,228,229,244,245,246,338
63.335262,50.43266,222,338,339,371,372
65.56621,49.703521,223,224,337,1976
64.664732,50.097067,223,337,338,370,371
65.400537,49.231877,224,225,1975,1976,1977,1978,1979,1980,1981,1982,1983,1984,1985,2005,2006
64.700685,48.432438,225,226,1974,1975
64.665028,48.432464,226,227,1974
64.633906,48.300836,227,228,1973,1974,1975,2004,2005
64.100026,47.73721,228,229,1972,1973
63.634695,46.92987,229,230,231,245,1972
63.299252,46.530378,230,231,1970,1971
63.633874,46.867878,230,1971,1972,1973,2003,2004
63.234121,46.53427,231,232,245,246,1969,1970
62.866025,46.167748,232,233,234,235,236,237,238,239,240,241,242,243,244,246,1968
62.932515,46.168487,232,1968,1969
62.566667,45.0,233,1968,1969,1970,1971,2002,2003
45.169168,53.768146,247,248,357,358,359,360,383,384
45.0,53.766667,247,273,274,275,276,277,278,279,280,281,282,283,358
45.801094,53.435241,248,249,356,357
45.79707,53.367542,249,250,356
46.034677,53.367807,250,251,355,356,357,382,383
46.630528,53.13516,251,252,354,355
46.632366,53.068051,252,253,354
47.033573,53.067951,253,254,353,354,355,381,382
47.365141,52.969212,254,255,352,353
47.566347,52.834131,255,256,351,352
48.368913,63.565766,273,274,396,474,475
45.0,63.566667,273,392,393,394,395,396
48.436399,63.564753,274,275,473,474,1469
48.432175,63.533652,275,276,1469,1470,1471,1472,1473,1474,1475,1476,1477,1483
49.397721,63.065679,276,277,1482,1483
49.401454,63.034555,277,278,1481,1482
50.463916,62.898545,278,279,1480,1481
50.464808,62.866894,279,280,1479,1480
51.797822,62.802024,280,281,1478,1479
51.800276,62.765368,281,282,1478
52.631826,62.768298,282,283,1477,1478,1479,1480,1481,1482,1483
53.735591,62.599847,283,284,285,286,358,359,1476,1477
54.699037,62.868214,284,285,1474,1475
53.734364,62.636781,284,1475,1476
56.900543,62.966742,285,286,1473,1474
57.166435,62.966232,286,287,359,360,1472,1473
58.701194,63.301346,287,288,289,290,291,292,293,294,295,296,297,298,299,300,301,302,303,304,305,306,307,308,309,310,311,312,313,314,315,316,317,360,361,362,363,364,384,385,386,387,388,389,390,391,1470,1471
58.636666,63.302686,287,1471,1472
59.567832,63.566865,288,289,472,1840,1841,1842,1843,1870
59.500276,63.563289,288,472,473,1469,1470
90.0,63.566667,289,290,1869,1870,1871,1879,1881,1882
90.0,50.433333,290,291,2616,2617
89.334178,49.933484,291,292,2616
89.334918,49.900601,292,293,2615,2616,2617,2625
89.234609,49.900546,293,294,2614,2615
88.597144,49.43179,294,295,2613,2614
88.132696,49.032775,295,296,2613
88.133169,49.000544,296,297,2612,2613,2614,2615,2624,2625
87.434035,48.532291,297,298,2612
87.433467,48.466872,298,299,2611,2612,2623,2624
87.033387,48.264001,299,300,2611
87.035544,48.232539,300,301,2610,2611,2622,2623
86.797966,48.233162,301,302,2609,2610
86.436254,47.933724,302,303,2609
86.430919,47.867079,303,304,2608,2609,2610,2621,2622
85.43509,47.39906,304,305,2608
84.931862,46.996465,305,306,2607,2608,2620,2621
84.468157,46.764361,306,307,2607
83.833681,46.166223,307,308,2606,2607,2619,2620
83.499474,46.165888,308,309,2606
82.533132,45.365438,309,310,2606,2618,2619
81.966667,45.0,310,311,2618
81.533333,45.0,311,312,2001,2002
80.432917,45.668531,312,313,2001
80.331891,45.66612,313,314,2000,2001,2002,2003,2004,2005,2006,2009
79.632486,46.07201,314,315,1999,2000
78.83388,46.231251,315,316,1999
78.664526,46.230623,316,317,1998,1999,2000,2008,2009
77.4304,46.767046,317,318,361,1997,1998
77.065897,46.999746,318,319,320,361,362,1996
77.066982,46.967656,318,1996,1997
75.100357,47.532138,319,320,1994,1995
75.598955,47.366489,319,1995,1996,1997,1998,2007,2008
74.565907,47.799772,320,362,363,1993,1994
72.462135,48.297626,321,322,1991,1992
73.333432,48.066019,321,1992,1993,1994,1995,2007
73.434121,48.065697,321,322,363,364,1993
72.46608,48.333844,322,323,324,364,365,385,1990,1991
71.333475,48.600581,323,324,1988,1989
71.897318,48.401676,323,1989,1990
71.335073,48.635122,324,325,326,327,365,1987,1988
70.264929,49.099703,325,326,2382,2383,2392
69.566409,48.902025,325,1986,1987,2392,2393
70.533365,49.299163,326,327,2381,2382,2453,2454,2456
70.566256,49.899898,327,365,366,385,386,2452,2453
69.999579,49.764921,328,329,366,367,386,387,2451
70.333802,49.797189,328,2451,2452,2453,2455,2456
70.333736,49.829261,328,366,2452
69.699898,49.663593,329,330,331,367,2430,2431
70.000036,49.667164,329,2431,2432,2433,2434,2451,2455
69.201055,49.498339,330,331,2377,2378
69.696551,49.63428,330,2378,2379,2430
69.000821,49.665599,331,367,368,369,370,371,372,373,374,375,376,377,378,387,388,2377
67.599404,49.299762,332,333,1981,1982
68.89946,49.000686,332,1982,1983,2389
68.8995,49.200219,332,333,334,368,2377,2378,2379,2384,2385,2389,2390
67.600764,49.336239,333,334,1980,1981
66.832158,49.497112,334,335,336,368,369,1979,1980
66.099164,49.697741,335,336,1977,1978
66.567798,49.499245,335,1978,1979
66.100921,49.736478,336,337,369,370,1976,1977
45.332578,64.767357,392,393,477,478
45.0,64.866667,392,397,398,478,479
46.431907,64.565076,393,394,477
46.52959,64.570067,394,395,476,477,478,479,480,481,482,483,484,485,486,487,488,489,517,518
47.768237,64.130681,395,396,475,476
45.563624,67.364818,397,398,543,544
45.0,67.566667,397,537,538,544,545
46.266796,67.331798,398,399,479,480,542,543
46.667621,67.298665,399,400,480,481,1422,1423
46.26479,67.366771,399,541,542,1415,1423
47.231129,67.366388,400,401,402,403,481,482,1420,1421
47.065989,67.398473,400,1421,1422
47.632625,67.535169,401,402,1439,1440,1441,1442
46.935338,67.53653,401,1419,1420,1424,1425,1426,1440
47.763786,66.831664,402,403,1438,1439
47.765994,66.800745,403,404,482,483,1437,1438
48.432578,66.733275,404,405,406,483,484,1435,1436
48.33731,66.799731,404,1436,1437
48.532668,66.966656,405,406,1434,1465,1466,1467,1468
48.433586,66.866437,405,1434,1435
48.931771,66.896505,406,407,408,484,485,1468
48.999426,66.899082,407,408,1515,1516
48.99742,66.932288,407,1467,1468,1510,1511,1512,1513,1514,1515
49.064738,66.56695,408,409,485,486,1516,1517,1567
49.868823,65.769073,409,410,486,487,1565,1566
49.468033,66.23672,409,1566,1567,1568,1569,1570,1571,1572,1573,1589
51.168376,65.433505,410,411,487,488,1563,1564
51.164564,65.466963,410,1564,1565
52.232466,65.401159,411,412,488,489,1561,1562
52.234076,65.435645,411,1562,1563
53.535207,65.20153,412,489,490,491,518,519,1559,1560
53.234767,65.401006,412,1560,1561
55.697863,65.469017,413,414,490,491,1558
55.133262,65.661687,413,1558,1559,1560,1561,1562,1563,1564,1565,1566,1588,1589,1590,1591,1592
54.564542,65.435602,413,490,1559
56.49765,65.468208,414,491,519,520,1556,1557
55.932936,65.667256,414,1557,1558,1587,1588
58.667141,66.03429,415,492,493,494,495,496,521,522,1553,1554
58.202101,65.930911,415,1554,1555
57.499029,65.700834,415,520,521,1555,1556
60.268081,66.732726,416,417,418,492,493,1552
59.467829,66.49845,416,1552,1553,1554,1555,1556,1557,1586,1587
59.462865,66.465466,416,492,1553
60.897518,66.966086,417,418,1550,1551
60.26681,66.768058,417,1551,1552,1585,1586
61.303015,67.033267,418,493,494,1549,1550
63.135773,67.535211,419,420,1546,1547,1959,1965,1966,1967
62.533566,67.533619,419,1547,1548
62.433811,67.433321,419,420,421,422,494,495,1548,1549
64.029057,67.53321,420,421,1959,2035,2043
64.80253,67.535753,421,422,2042,2043,2045
65.33353,67.333243,422,423,424,495,496,2042
66.866003,67.598559,423,424,2040,2041
66.167355,67.532897,423,2041,2042,2044,2045
68.297292,67.602328,424,496,497,522,523,2039,2040
69.334431,67.767976,425,426,2257,2260,2261,2262,2263,2264
68.636632,67.898818,425,2037,2038,2258,2261
68.632056,67.833702,425,426,497,2038,2039
69.331407,67.729815,426,497,523,530,531,532,533,534,535,536,2256,2257
70.767924,68.636764,427,428,498,499,2135
69.634003,68.599944,427,2135,2136,2253,2254
69.932192,68.534179,427,498,2254,2255
71.734789,68.665497,428,429,430,431,432,433,434,435,436,437,499,500,2134
70.767566,68.665647,428,2134,2135,2136,2137,2170
74.332398,69.500289,429,430,2133,2169,2186,2187
73.198811,69.334528,429,2134,2170,2171,2172,2173,2174,2175,2176,2177,2178,2179,2180,2181,2187,2188,2189,2190
74.333799,69.466913,430,431,2133
74.832205,69.465431,431,432,2132,2133,2169
74.833576,69.432974,432,433,2132
75.800024,69.433358,433,434,2131,2132,2168,2169,2185,2186
76.767718,68.466424,434,435,2130,2131
76.766181,68.431065,435,436,2129,2130
77.134418,68.367543,436,437,2128,2129
77.600295,68.134033,437,500,501,502,503,504,505,506,524,525,2127,2128
79.831743,68.031484,438,439,2557,2558
78.830925,68.23642,438,2126,2558,2559,2560,2568
78.766465,68.1355,438,439,501,2126,2127
80.799998,67.899388,439,440,501,502,2557
81.232809,67.835997,440,441,502,503,2555,2556
80.964946,67.933287,440,2556,2557,2558,2568,2569,2572
82.001541,67.698156,441,442,503,504,2554
81.99953,67.733151,441,2554,2555
82.363263,67.466073,442,443,504,505,2626,2627,2628,2629,2642
82.333958,67.732414,442,2553,2554,2555,2556,2572,2573,2575,2626
83.22966,67.036577,443,505,506,2640,2641
83.231611,67.067745,443,2641,2642,2643,2644,2645,2647
88.199575,66.534732,444,445,446,447,448,449,450,507,2637,2638
87.369232,66.733384,444,2638,2639,2640,2641,2646,2647,2648
86.833794,66.533453,444,507,508,509,510,511,526,2639
90.0,66.533333,445,446,2636
89.50092,66.733852,445,2636,2637
90.0,63.933333,446,447,1869
89.765504,63.931303,447,448,1868,1869,1878,1879
88.735201,64.06421,448,449,1868
87.498857,63.930081,449,450,1867,1868,1878
86.165497,63.901456,450,451,452,507,508,1867
84.934823,63.866433,451,452,1866,1877,1880,1881,1882,1883
86.167057,63.864476,451,1867,1878,1879,1881
83.402827,64.097229,452,453,454,508,509,1866
82.501508,64.499603,453,454,1864,1865
83.268244,64.098939,453,1865,1866,1876,1877
82.499534,64.534026,454,455,456,457,458,509,510,1864
81.430942,64.901365,455,456,1862,1863
82.333212,64.531818,455,1863,1864,1865,1875,1876
80.901097,65.198691,456,457,1861,1862
80.331116,65.766419,457,458,1860,1861
80.333345,65.834599,458,510,511,1859,1860
76.73192,65.798082,459,460,1858
79.065317,65.566434,459,1858,1859,1860,1861,1862,1863,1874,1875
80.067835,65.93369,459,460,461,462,463,511,526,527,1859
76.567927,65.797676,460,461,1857,1858,1873,1874
75.465537,66.200472,461,462,1856,1857
74.703016,66.699666,462,463,1855,1856
74.698254,66.832867,463,527,532,533,1854,1855
72.633821,66.233022,464,465,512,1853
74.032346,66.60051,464,1853,1854,1855,1856,1857,1872,1873
74.398481,66.831569,464,512,513,533,534,1854
72.36625,66.201095,465,512,513,1851,1852
72.6344,66.199665,465,1852,1853,1872
68.765664,65.134971,466,467,514,515,1848
69.068128,65.133679,466,1848,1849,1850,1851,1852,1872,1873,1874,1875,1876,1877,1880
69.065476,65.167117,466,514,1849
66.16779,64.933057,467,468,515,516,1847
67.399082,64.934228,467,1847,1848,1880,1883
64.36634,64.86826,468,469,516,528,529,1845,1846
64.999579,64.731918,468,1846,1847,1871,1882,1883
62.266955,64.598921,469,470,471,529,535,536,1844
62.467085,64.599814,469,1844,1845
61.167203,64.234256,470,471,1842,1843
62.200443,64.533732,470,1843,1844,1845,1846,1870,1871
61.032641,64.23607,471,530,536,1841,1842
59.565038,63.598848,472,473,474,475,476,517,1840
70.033454,68.498725,498,499,500,524,2255,2256,2257,2259,2260
84.263807,66.565366,506,525,526,527,531,532,2639,2640
71.433451,66.064194,513,528,529,534,535,1850,1851
69.798973,65.499016,514,515,516,528,1849,1850
60.163326,63.933782,517,518,519,520,521,522,523,530,1840,1841
69.66738,67.900805,524,525,531,2256
45.065774,67.732166,537,538,557,558
45.0,67.766667,537,546,547,548,558,559
45.499684,67.734127,538,539,540,545,557
45.698701,67.832478,539,540,555,556
45.500527,67.83396,539,556,557,558,559,560
45.965567,67.665217,540,541,542,543,544,545,554,555
46.632166,67.632801,541,553,554,1415
45.067903,67.865869,546,547,574,575
45.0,67.866667,546,561,562,563,564,565,566,567,568,569,575,576
45.062233,67.831811,547,548,573,574
45.434393,67.832588,548,549,550,559,560,573
46.233144,67.900372,549,550,572
45.765126,67.900012,549,572,573,574,575,576,578
46.50061,67.90119,550,551,552,553,554,555,556,560,571,572,577,578
46.662459,67.666944,551,552,1409,1410,1413,1416
46.634543,67.766275,551,570,571,1410
46.666187,67.633802,552,553,1415,1416,1417,1418,1419,1420,1421,1422,1423
45.029268,68.101636,561,562,584,585,586,588
45.0,68.1,561,579,580,581,585
45.034547,68.068373,562,563,584
45.135641,68.064413,563,564,583,584,587,588
45.135017,67.999939,564,565,583
45.165636,68.002758,565,566,582,583,587,607,608
45.333315,67.963466,566,567,606,607
45.799967,68.003162,567,568,606,1406
45.799917,67.967528,568,569,1406,1407,1408,1412
46.300638,67.963794,569,576,577,578,1411,1412,1414
46.669554,67.899641,570,1410,1411,1413,1414
46.633438,67.897838,570,571,577,1411
45.0314,68.201119,579,580,611,612,618,619
45.0,68.2,579,589,590,612
45.035053,68.165832,580,581,611
45.100048,68.16832,581,585,586,610,611,617,618
45.167479,68.099573,582,608,609
45.13056,68.100178,582,586,587,588,609,610
50.103637,67.466771,595,596,1486,1487,1593
49.263225,67.931238,596,597,1461,1462,1485,1486
49.035067,68.133632,597,598,1460,1461
49.235,68.133917,598,599,1459,1460
49.233936,68.200441,599,613,614,1458,1459
47.700727,68.0012,600,601,1445,1446,1447,1448,1450
47.965294,68.132723,600,1446,1452
47.998316,68.231649,600,601,602,615,616,617,618,619,621,1452,1453,1458,1459,1460,1461,1462,1463,1464
47.20015,67.837341,601,602,1444,1445
47.034855,67.832781,602,603,604,605,615,1443,1444
46.90265,67.665623,603,604,1409,1416,1417
46.936683,67.664935,603,1417,1418,1443
46.700885,68.032466,604,605,1408,1409,1412,1413,1414
46.699642,68.0679,605,615,616,1407,1408
46.233233,68.133518,606,607,608,609,610,616,617,1406,1407
48.66476,68.36694,614,620,621,622,1458
46.530409,69.596941,623,624,954,955
45.0,70.0,623,815,816,817,818,819,820,821,822,823,824,825,826,827,828,829,830,831,955,956
48.099443,69.633158,624,625,626,743,744,954
49.800558,69.899168,625,626,953,992,993,999
48.533921,69.899441,625,954,955,956,957,993
50.603288,69.664473,626,627,628,744,778,779,953
52.070097,68.698621,627,628,951,952
50.765783,69.667659,627,952,953,992
52.066432,68.667504,628,629,779,780,950,951
52.799087,68.434834,629,780,783,788,789,948,949
52.798244,68.467145,629,949,950
55.73273,68.698918,630,631,946,947
54.969235,68.766551,630,947,948,949,950,951,952,991,992,999,1002
53.667383,68.330439,630,631,789,792,793,948
57.703464,68.56423,631,632,745,746,747,793,794,946
58.501454,68.804468,632,633,745,945
57.700823,68.600143,632,945,946,947,990,991
59.799461,69.167036,633,634,745,746,944
58.499908,68.832393,633,944,945,989,990
60.434383,69.202801,634,635,746,747,942,943
59.796665,69.201565,634,943,944,988,989
62.098685,69.533122,635,636,637,747,794,795,940,941
61.964501,69.530192,635,941,942
63.101923,69.932571,636,637,938,939
62.299022,69.735814,636,939,940
63.234779,69.932352,637,795,798,799,937,938
63.000288,70.86747,638,639,781,784,934,935
63.097958,70.702056,638,935,936
63.533095,70.26649,638,784,799,801,802,936,937
62.134337,71.266254,639,748,749,750,751,752,781,932,933
62.130339,71.233336,639,933,934
60.363753,72.134107,640,641,931,988,989,990,991,1002,1003,1004,1011
60.768692,71.733809,640,932,933,934,935,936,937,938,939,940,941,942,943,988
61.330555,71.564837,640,641,748,932
60.098672,73.001564,641,642,748,749,931
59.834496,73.366772,642,643,644,749,750,930
59.530426,73.1005,642,930,931,1011,1015
59.763989,73.733816,643,644,928,929
59.433074,73.566204,643,929,930,987,1015,1017
59.96334,74.034128,644,645,750,751,928
60.130278,74.433379,645,646,751,752,927
59.701476,74.200981,645,927,928,929,987
60.801076,75.032071,646,647,752,753,781,784,802,805,806,926
59.42815,74.633827,646,926,927,987,1014,1016,1017
62.135126,75.531859,647,648,649,753,925
60.998325,75.233616,647,925,926,1013,1014
62.56486,75.601902,648,649,924,985,986
62.133835,75.569417,648,925,986,1010,1012,1013
63.565651,75.49955,649,753,754,755,756,757,758,759,760,806,807,808,809,810,811,812,813,814,923,924
64.800632,75.73262,650,651,754,755,922
64.39823,75.734581,650,922,923,924,985
64.398939,75.699098,650,754,923
66.099344,75.801521,651,652,755,756,921
65.064993,75.869898,651,921,922,985,986,1009,1010
69.334409,75.96398,652,653,654,756,757,920
67.000772,75.99948,652,920,921,1008,1009
70.63507,75.699953,653,654,918,919
69.434963,76.000929,653,919,920,984,998,1007,1008
70.631627,75.661898,654,655,656,757,758,918
71.599885,75.598103,655,656,917,984,998
71.101229,75.668249,655,918,919,984
72.533635,75.436226,656,657,758,759,917
72.697167,75.331894,657,658,759,760,916
72.696938,75.432254,657,916,917,998,1006,1007
74.701386,74.365024,658,659,660,661,760,803,804,807,915
74.199652,75.035631,658,915,916,983,1001,1005,1006
75.096275,74.166005,659,660,914,983,997,1000,1001
74.836148,74.367419,659,915,983
75.468755,73.697466,660,661,913,914
75.398247,73.098991,661,662,800,803,912,913
75.802538,72.736714,662,761,796,797,800,910,911
75.799043,72.801175,662,911,912
77.53536,71.898352,663,664,908,909
76.600041,72.501677,663,909,910,911,912,913,914,982,996,997
76.099608,72.597814,663,664,665,761,910
78.267198,71.334156,664,665,907,908
78.266958,71.297715,665,761,762,790,791,796,906,907
79.998622,70.60095,666,667,904,905
79.534974,70.868676,666,905,906,907,908,909,981,982
79.4683,70.863719,666,667,762,906
80.002613,70.566245,667,762,763,764,785,786,787,790,903,904
82.132743,70.235611,668,669,900,901
81.03287,70.467299,668,901,902
80.769517,70.468855,668,669,670,763,902,903
83.032464,69.935203,669,670,899,900
83.03155,69.902423,670,671,672,763,764,898,899
83.766731,69.736467,671,672,896,897
83.200701,69.899435,671,897,898
83.765122,69.697501,672,673,764,782,785,895,896
85.063448,69.598681,673,674,675,765,766,782,893,894
85.07075,69.632835,673,894,895
86.333215,69.566692,674,675,891,892
85.631955,69.667128,674,892,893
86.334908,69.534281,675,676,677,765,890,891
88.700594,69.267938,676,677,888,889
87.265085,69.501211,676,889,890
88.700117,69.234917,677,678,679,680,681,682,683,684,685,686,687,688,689,690,691,692,765,766,887,888
90.0,69.1,678,679,885,886
89.1689,69.231729,678,886,887
45.833717,72.434807,815,816,1139
45.0,72.566667,815,1018,1019,1139,1140
46.10092,72.496812,816,817,1138,1139,1140,1141,1142,1143,1144,1173,1184,1186,1188,1190,1191
46.568985,72.432075,817,818,1138
46.902162,72.432272,818,819,1137,1138,1172,1173
47.567664,72.135609,819,820,1136,1137
48.367917,72.000407,820,821,1135,1136
49.566754,71.700034,821,822,1134,1135
49.633407,71.701239,822,823,1133,1134
50.601655,71.300125,823,824,1132,1133
51.733589,71.100471,824,825,1131,1132
52.799348,70.967912,825,826,1130,1131
52.999555,70.965655,826,827,1129,1130
53.93104,70.698779,827,828,1128,1129
55.001053,70.430143,828,829,1127,1128
55.800043,70.335578,829,830,1126,1127
55.798187,70.300988,830,831,1125,1126
56.10015,70.297186,831,832,956,957,1124,1125
57.132824,70.334593,832,957,993,999,1002,1003,1122,1123
56.099077,70.334194,832,1123,1124
55.536643,72.567822,833,834,835,836,958,1120
55.967015,71.999153,833,1120,1121,1122,1123,1124,1125,1126,1127,1128,1129,1130,1131,1132,1133,1134,1135,1136,1137,1171,1172
56.763915,71.566197,833,958,959,960,961,962,963,964,965,1004,1011,1015,1016,1017,1121
54.96592,72.798149,834,835,1119,1171,1172,1173,1184
55.364674,72.566119,834,1120,1171
54.964968,72.900699,835,836,1118,1119
54.634212,73.33596,836,837,838,958,959,1118
53.966838,74.101024,837,838,1117,1186,1188
54.301945,73.598721,837,1118,1119,1184,1186
54.399814,74.265451,838,839,840,959,960,1117
54.236964,74.432126,839,840,1115,1116
53.967464,74.398345,839,1116,1117,1188,1190
54.430486,74.365729,840,841,842,843,960,961,1115
54.566966,74.796964,841,842,1113,1114
54.034389,74.66729,841,1114,1115,1116,1190,1191,1194
55.40231,75.098578,842,843,1112,1113
56.333958,75.535198,843,844,961,962,1112
56.666262,75.60079,844,845,846,962,963,1111
56.334316,75.568294,844,1111,1112,1113,1114,1170,1193,1194
57.59878,75.938304,845,846,1109,1110
57.037522,75.766095,845,1110,1111,1169,1170
58.368051,76.101473,846,847,848,963,964,1108,1109
59.932701,76.434744,847,848,1106,1107
58.668296,76.199708,847,1107,1108
60.132445,76.435851,848,849,850,964,965,1106
60.765104,76.93231,849,850,1104,1105
59.931877,76.69881,849,1105,1106,1107,1108,1109,1110,1169
61.033397,77.06696,850,851,965,966,967,968,969,1012,1013,1014,1016,1104
63.1687,77.232893,851,852,853,966,1103
61.031832,77.099405,851,1103,1104,1105,1169,1170,1183,1185,1187,1189,1192,1193
63.83477,77.267743,852,853,1102,1167,1168
63.169086,77.269019,852,1103,1168,1182,1183
63.832483,77.232865,853,854,855,856,966,967,1102
65.063642,77.23411,854,855,1100,1101
65.068709,77.264048,854,1101,1102,1167
65.900637,77.231193,855,856,1099,1100
65.903533,77.20012,856,967,968,1098,1099
68.299034,77.166886,857,858,859,860,969,970,971,972,973,974,975,976,977,994,995,1005,1006,1007,1008,1009,1010,1012,1097
67.631836,77.300895,857,1097,1098,1099,1100,1101,1166,1167,1168,1181,1182
66.438006,77.199795,857,968,969,1098
69.1653,77.266229,858,859,1166,1180,1181
68.298135,77.199767,858,1097,1166
69.930457,77.298806,859,860,1096,1179,1180
70.531415,77.232972,860,861,862,970,1096
73.032393,77.2318,861,862,1094,1095
72.632144,77.299918,861,1095,1096,1178,1179
73.034564,77.20344,862,970,971,1093,1094
75.367055,77.132503,863,864,1092
74.56629,77.263367,863,1092,1093,1094,1095,1177,1178
74.39918,77.198652,863,864,865,866,971,972,1093
76.299906,77.065973,864,865,1091,1092,1176,1177
77.234159,76.833477,865,866,1090,1091
77.235608,76.798126,866,867,868,972,973,1090
78.16842,76.635365,867,868,1088,1089
78.167228,76.731584,867,1089,1090,1091,1165,1175,1176
77.364669,76.63133,868,869,973,974,1088
77.833995,75.995601,869,870,974,975,1087
78.467137,76.166942,869,1087,1088,1089,1164,1165
78.031725,74.969168,870,871,975,976,1086
78.099792,75.666345,870,1086,1087,1163,1164
79.634203,73.866367,871,872,873,976,977,1085
78.668395,74.632305,871,1085,1086,1162,1163
80.233875,73.305231,872,873,1083,1084
79.665395,73.865533,872,1084,1085,1161,1162
80.231868,73.264357,873,977,978,994,1082,1083
80.732326,72.968518,874,875,876,978,994,995,1081
80.897716,73.133987,874,1081,1082,1083,1084,1160,1161
80.700587,73.131492,874,978,1082
82.032283,72.433388,875,876,1079,1080
81.133271,72.996691,875,1080,1081,1160
82.402059,72.164359,876,877,878,995,1000,1001,1005,1078,1079
84.366125,71.632225,877,878,1076,1077
83.832915,71.80173,877,1077,1078
84.367236,71.599939,878,879,979,996,997,1000,1076
85.799699,71.400414,879,880,979,1075
84.704519,71.602163,879,1075,1076,1077,1078,1079,1080,1159,1160,1161,1162,1163,1164,1165,1175
86.200462,71.298307,880,881,882,979,980,981,982,996,1074
86.001205,71.399543,880,1074,1075,1158,1159
87.763486,71.199203,881,882,1072,1073
86.8338,71.333996,881,1073,1074,1157,1158
88.53531,71.133482,882,883,884,980,1072
89.234282,71.001972,883,884,1070,1071
88.53377,71.169678,883,1071,1072,1073,1156,1157
89.233158,70.967239,884,885,886,887,888,889,890,891,892,893,894,895,896,897,898,899,900,901,902,903,904,905,980,981,1069,1070
90.0,70.9,885,1068,1069
57.396979,70.667008,1003,1004,1121,1122
47.331621,79.067464,1018,1019,1269,1270,1271,1272,1273,1274,1275,1276,1277,1278,1279,1280,1281,1282,1283,1284,1285,1286,1287,1288,1289,1290,1305,1309,1310
45.0,78.5,1018,1195,1270
48.166852,79.03357,1019,1020,1021,1022,1140,1141,1269
49.066716,79.231525,1020,1021,1305,1309
48.166498,79.068589,1020,1269,1305
50.034489,79.367556,1021,1022,1268,1309,1310,1311,1318
52.435036,79.56636,1022,1023,1024,1025,1026,1141,1142,1268
53.402141,79.670117,1023,1024,1316,1317
52.429835,79.598326,1023,1268,1317,1318
54.932659,79.766807,1024,1025,1315,1316
56.26483,79.835132,1025,1026,1267,1314,1315
57.237374,79.79727,1026,1027,1028,1029,1142,1143,1267
58.668966,79.831624,1027,1028,1266,1308,1312,1313
57.228485,79.83544,1027,1267,1313,1314
59.697961,79.766578,1028,1029,1265,1266
59.698321,79.73417,1029,1030,1031,1143,1144,1265
61.468663,79.631411,1030,1031,1264,1303,1304
60.434307,79.733956,1030,1265,1266,1304,1307,1308
61.466738,79.597244,1031,1144,1145,1146,1191,1192,1193,1194,1264
60.899826,79.765286,1032,1033,1263,1302,1306,1307,1308,1312
61.299169,79.668145,1032,1303,1304,1307
61.5678,79.667852,1032,1033,1034,1035,1036,1145,1264,1303
61.968758,79.73202,1033,1034,1263
62.731526,79.733042,1034,1035,1262,1263,1301,1302
63.365115,79.633953,1035,1036,1261,1262
63.763481,79.49855,1036,1037,1038,1039,1145,1146,1261
67.067168,79.30078,1037,1038,1260,1299,1300
65.565814,79.434029,1037,1261,1262,1300,1301
67.934144,79.134049,1038,1039,1259,1260
67.93119,79.099531,1039,1146,1147,1189,1192,1258,1259
69.333748,79.03013,1040,1041,1042,1147,1187,1189,1257
68.898382,79.099015,1040,1257,1258,1259,1260,1298,1299
68.901015,79.064214,1040,1147,1258
70.864221,79.067441,1041,1042,1255,1256
69.734228,79.069376,1041,1256,1257,1297,1298
71.267754,78.967412,1042,1174,1185,1187,1254,1255
72.335134,78.967011,1043,1044,1252,1253
72.164322,79.068992,1043,1253,1254,1255,1256,1296,1297
71.667975,78.964479,1043,1044,1148,1174,1254
73.332408,78.967128,1044,1045,1046,1047,1148,1252
73.467553,78.997824,1045,1046,1251
73.465973,79.032856,1045,1251,1252,1253,1295,1296
75.132394,78.998998,1046,1047,1250,1251,1294,1295
76.300871,78.899545,1047,1048,1148,1149,1150,1151,1152,1153,1154,1155,1156,1157,1158,1159,1174,1175,1176,1177,1178,1179,1180,1181,1182,1183,1185,1250
78.732461,79.000265,1048,1049,1050,1051,1149,1249
76.302982,78.933716,1048,1249,1250,1293,1294
79.965059,79.000853,1049,1050,1247,1248
78.733033,79.068172,1049,1248,1249,1292,1293
81.531058,78.96431,1050,1051,1246,1247
81.532344,78.935088,1051,1052,1053,1054,1149,1150,1245,1246
83.166086,78.96865,1052,1053,1243,1244
82.235335,79.035766,1052,1244,1245
83.167642,78.934017,1053,1054,1242,1243
84.233391,78.864169,1054,1055,1150,1151,1241,1242
86.865598,78.500043,1055,1056,1057,1151,1152,1239,1240
84.968141,78.867075,1055,1240,1241
87.798944,78.634219,1056,1057,1237,1238
87.500313,78.635093,1056,1238,1239
88.767306,78.335214,1057,1058,1059,1152,1153,1236,1237
89.233011,78.165911,1058,1059,1234,1235
88.868194,78.3343,1058,1235,1236
89.737589,77.601028,1059,1060,1061,1062,1063,1064,1065,1066,1153,1154,1233,1234
90.0,77.333333,1060,1061,2694,2695
90.0,77.466667,1060,1232,1233
89.965203,77.333013,1061,1062,2694
89.970495,77.299764,1062,1063,2693,2694,2695,2696,2697,2698,2699
89.936448,77.301419,1063,1064,2693
89.93252,77.268432,1064,1065,2692,2693,2699
89.90197,77.266714,1065,1066,2692
89.900793,77.233406,1066,1067,1154,1155,2692,2698,2699
89.96564,77.199089,1067,1068,1069,1070,1071,1155,1156,2696,2697
89.967174,77.234965,1067,2697,2698
90.0,77.2,1068,2695,2696
46.301871,80.900401,1195,1196,1270,1271,1365
45.0,80.8,1195,1319,1320,1321,1322,1323,1324,1365,1366
47.4687,81.132572,1196,1197,1271,1272,1364
46.298529,80.93505,1196,1364,1365,1366,1392
47.767485,81.166139,1197,1198,1199,1272,1273,1363
47.468689,81.168553,1197,1363,1364,1391,1392
48.799666,81.43395,1198,1199,1361,1362
48.134365,81.270131,1198,1362,1363,1390,1391
49.467724,81.537218,1199,1273,1274,1360,1361
51.731767,82.131328,1200,1201,1359,1388,1389
50.668871,81.96917,1200,1360,1361,1362,1389,1390
50.666718,81.933614,1200,1201,1274,1275,1360
52.900695,82.132895,1201,1202,1203,1275,1276,1359
54.166512,82.369569,1202,1203,1357,1358
52.533516,82.234927,1202,1358,1359,1387,1388
54.333831,82.36861,1203,1204,1276,1277,1357
55.797317,82.636275,1204,1277,1278,1355,1356
54.76798,82.532992,1204,1356,1357,1358,1386,1387
57.032143,82.963334,1205,1206,1207,1208,1209,1279,1280,1354
56.66783,82.96848,1205,1354,1355,1356,1385,1386
56.667242,82.933703,1205,1278,1279,1355
57.767629,83.099563,1206,1207,1383,1384
57.032348,82.999155,1206,1354,1384,1385
60.499649,83.434336,1207,1208,1353,1382,1383
61.164186,83.434513,1208,1209,1352,1353
62.063957,83.531348,1209,1210,1280,1281,1352
62.865093,83.600017,1210,1211,1212,1213,1281,1282,1351
62.067693,83.565569,1210,1351,1352,1353,1381,1382
63.633788,83.631043,1211,1212,1349,1350
62.866042,83.631528,1211,1350,1351,1380,1381
63.634675,83.601714,1212,1213,1348,1349
64.735282,83.565808,1213,1282,1283,1347,1348
67.86674,83.701759,1214,1215,1346,1378,1379
67.102408,83.701749,1214,1347,1348,1349,1350,1379,1380
67.102969,83.665207,1214,1215,1216,1283,1284,1347
67.863531,83.666051,1215,1216,1345,1346
68.967588,83.665198,1216,1217,1218,1219,1220,1221,1284,1285,1345
71.466493,83.734486,1217,1218,1344,1376,1377
68.968148,83.700322,1217,1345,1346,1377,1378
71.468062,83.699892,1218,1219,1344
72.168102,83.699848,1219,1220,1343,1344,1375,1376
72.16831,83.666297,1220,1221,1342,1343
75.768229,83.534452,1221,1222,1223,1285,1286,1342
76.532995,83.532035,1222,1223,1341,1373,1374
75.767307,83.56629,1222,1342,1343,1374,1375
76.832971,83.466546,1223,1286,1287,1340,1341
78.499467,83.400593,1224,1225,1288,1289,1339
78.498219,83.435754,1224,1339,1340,1341,1372,1373
77.996735,83.432589,1224,1287,1288,1340
79.270679,83.364179,1225,1226,1289,1290,1338
79.269701,83.401384,1225,1338,1339,1371,1372
80.96761,83.167283,1226,1227,1228,1290,1310,1311,1337
79.935375,83.363802,1226,1337,1338,1370,1371
82.735102,82.965212,1227,1228,1335,1336
81.964567,83.131785,1227,1336,1337,1369,1370
82.73197,82.89837,1228,1229,1306,1311,1312,1313,1314,1315,1316,1317,1318,1335
84.566701,82.732087,1229,1291,1292,1293,1294,1295,1296,1297,1298,1299,1300,1301,1302,1306,1333,1334
84.430626,82.869593,1229,1334,1335,1336,1368,1369
87.430252,82.532372,1230,1231,1331,1332
86.863892,82.669317,1230,1332,1333,1334,1367,1368
85.899527,82.669363,1230,1231,1291,1333
87.430608,82.49938,1231,1232,1233,1234,1235,1236,1237,1238,1239,1240,1241,1242,1243,1244,1245,1246,1247,1248,1291,1292,1331
90.0,82.233333,1232,1330,1331,1332,1367
45.633705,89.268896,1319,1320,1398,1399,1405
45.0,89.233333,1319,1399
46.566002,89.268047,1320,1321,1398
46.765714,89.303867,1321,1322,1398,1404,1405
47.834727,89.332115,1322,1323,1397,1403,1404
47.833404,89.296589,1323,1324,1396,1397
49.931159,89.333154,1324,1325,1326,1327,1328,1329,1330,1366,1367,1368,1369,1370,1371,1372,1373,1374,1375,1376,1377,1378,1379,1380,1381,1382,1383,1384,1385,1386,1387,1388,1389,1390,1391,1392,1396
55.633271,89.401417,1325,1326,1401,1402
49.93287,89.366313,1325,1396,1397,1402,1403
77.63262,89.394951,1326,1327,1395,1400,1401
77.634642,89.364197,1327,1328,1395
86.500041,89.3684,1328,1329,1394,1395,1400
90.0,89.333333,1329,1330,1393,1394
90.0,90.0,1393
45.0,90.0,1393,1394,1399,1400,1401,1402,1403,1404,1405
46.931739,67.633928,1418,1419,1424,1443,1444,1445,1449,1450
47.633384,67.765998,1424,1425,1449,1451,1456
48.202574,67.767059,1425,1426,1455,1456,1457
48.233524,67.767887,1426,1427,1428,1429,1440,1441,1454,1455
48.501598,67.999413,1427,1428,1463,1464,1484
48.267491,68.068033,1427,1453,1454,1464
48.702176,67.868878,1428,1429,1484,1485,1486,1487,1497,1502
48.600279,67.534401,1429,1430,1431,1432,1433,1441,1442,1502,1503,1508
49.230204,67.130449,1430,1431,1510,1511
49.399203,67.26729,1430,1507,1508,1509,1511,1512
48.734912,67.202993,1431,1432,1466,1467,1510
48.436049,67.134252,1432,1433,1465,1466
48.364253,67.133327,1433,1434,1435,1436,1437,1438,1439,1442,1465
48.001687,67.86505,1446,1447,1452,1453,1454,1455,1457
48.001477,67.800749,1447,1448,1451,1456,1457
47.632467,67.801145,1448,1449,1450,1451
48.966644,67.93287,1462,1463,1484,1485
50.099294,67.432147,1487,1488,1497,1500,1501,1593,1594,1599
50.398714,67.398837,1488,1489,1490,1491,1498,1499,1501,1597,1598
50.398291,67.430513,1488,1598,1599,1600
51.23503,67.334177,1489,1490,1595,1596,1690,1691
50.932754,67.4008,1489,1596,1597
51.632982,67.300026,1490,1491,1690,1702,1703
51.632003,67.265383,1491,1492,1493,1494,1495,1498,1702
51.098648,67.199188,1492,1493,1638,1639
51.633916,67.098925,1492,1639,1640,1641,1642,1643,1644,1702,1703,1706
50.900665,67.268033,1493,1494,1519,1520,1638
50.867803,67.268155,1494,1495,1504,1505,1519
50.86531,67.301326,1495,1496,1498,1499,1504
49.234802,67.43277,1496,1499,1500,1501,1503,1508,1509
50.334089,67.301193,1496,1504,1505,1506,1507,1509
49.133288,67.635393,1497,1500,1502,1503
50.134568,67.13471,1505,1506,1518,1519,1520,1521,1522,1523,1568,1569
49.666835,67.26527,1506,1507,1512,1513,1518
49.566126,67.036606,1513,1514,1517,1518,1567,1568
49.23438,66.832735,1514,1515,1516,1517
51.002584,67.203299,1520,1521,1638,1639,1644
50.96874,67.098881,1521,1522,1604,1605,1643,1644
50.563644,67.034657,1522,1523,1604
50.532954,66.900568,1523,1524,1569,1570,1604,1605,1606,1607
50.198149,66.565571,1524,1570,1571,1601,1602,1603
50.834622,66.7664,1524,1601,1607
51.899838,66.035061,1525,1572,1573,1619,1620
51.90052,66.066608,1525,1620,1621
50.8326,66.331516,1525,1571,1572,1603,1608,1609,1621,1622
53.865373,65.864759,1526,1527,1528,1590,1591,1618
52.933178,66.001802,1526,1618,1619,1620,1621,1622,1623,1627
52.498249,65.968659,1526,1573,1589,1590,1619
55.765406,66.133365,1527,1528,1617,1626,1629,1630
54.068498,65.933265,1527,1618,1627,1628,1630
55.832162,66.135121,1528,1574,1591,1592,1617,1812,1815,1816
56.366188,66.46728,1529,1530,1813,1814,1817
56.000287,66.298856,1529,1814,1815,1816
56.001484,66.264528,1529,1530,1531,1532,1574,1815
56.365675,66.399804,1530,1531,1817,1818,1819
56.433996,66.398169,1531,1532,1819
57.199521,66.536099,1532,1574,1575,1576,1577,1578,1579,1580,1581,1582,1583,1584,1585,1586,1587,1588,1592,1818,1819
55.999715,66.699834,1533,1534,1615,1616,1624,1625
56.001177,66.566778,1533,1616,1812,1813,1814,1816
56.530565,66.602006,1533,1534,1575,1813,1817,1818
56.334689,66.832424,1534,1575,1576,1614,1615
55.867339,67.265125,1535,1536,1809
55.403339,67.133211,1535,1651,1652,1809,1810
55.799627,67.164855,1535,1536,1537,1578,1579,1652,1653
56.198332,67.435149,1536,1537,1808,1809,1810,1811
57.065034,67.09818,1537,1538,1579,1580,1775,1783,1786,1792,1793,1794,1798,1808
57.900236,67.099055,1538,1580,1581,1826,1827,1828,1830
57.330807,67.098474,1538,1775,1820,1827
58.337426,67.167592,1539,1540,1541,1542,1543,1582,1583,1824,1825
58.103212,67.265968,1539,1825,1826,1829,1830
58.000082,67.101407,1539,1581,1582,1826
59.065955,67.53209,1540,1541,1769,1770,1771,1772,1773,1781,1837
58.433596,67.235298,1540,1770,1823,1824
59.632862,67.636479,1541,1542,1836,1837,1838,1839
60.23068,67.400431,1542,1543,1835,1836
60.534253,67.400443,1543,1544,1583,1584,1834,1835
62.102089,67.564508,1544,1545,1546,1547,1548,1549,1550,1551,1584,1585,1766
61.733572,67.566534,1544,1766,1767,1833,1834
62.835494,67.669107,1545,1546,1960,1961,1966
62.100353,67.600178,1545,1766,1767,1780,1960
56.133675,66.997342,1576,1577,1613,1614
55.998737,67.069436,1577,1578,1613,1653,1654,1655,1662,1666,1667
51.232953,67.399082,1595,1691,1692,1694
51.066584,67.402177,1595,1596,1597,1598,1600,1672,1673,1692
50.96884,66.766661,1601,1602,1606,1607,1631
50.900371,66.435319,1602,1603,1608,1631,1632,1635,1636
51.16746,66.967506,1605,1606,1631,1632,1642,1643
50.930578,66.435578,1608,1609,1635,1645,1658
52.099993,66.168776,1609,1610,1622,1623,1658,1659,1660,1661,1663
53.563393,66.000659,1610,1611,1623,1627,1628,1657
53.566734,66.032456,1610,1657,1663,1664,1665,1668
54.869492,66.065721,1611,1612,1628,1629,1630,1656
54.434923,66.067145,1611,1656,1657,1668,1670
55.866428,66.400406,1612,1624,1625,1626,1629,1654,1655
55.801858,66.399226,1612,1655,1656,1667,1669,1670,1671
56.066609,66.900329,1613,1614,1615,1624,1654
55.8343,66.300329,1616,1617,1625,1626,1812
51.398551,67.003651,1632,1636,1637,1641,1642,1688
51.334219,66.39674,1633,1634,1645,1646,1658,1659
51.566443,66.46747,1633,1646,1686,1687
51.299481,66.602796,1633,1634,1637,1687,1688,1689,1697,1700,1701
50.935993,66.46695,1634,1635,1636,1637,1645
51.666584,67.031854,1640,1641,1688,1689,1704,1705
51.665734,67.098584,1640,1705,1706
52.066632,66.366905,1646,1647,1659,1660,1685,1686
52.134714,66.231274,1647,1660,1661,1707,1708,1709,1710
52.098303,66.365874,1647,1685,1707
55.366762,67.033844,1649,1650,1729,1730
55.36439,67.134013,1650,1651,1728,1729,1805,1806,1807,1810,1811
53.466572,66.099859,1661,1663,1664,1710
55.798965,66.998685,1662,1666,1678,1679
54.232025,66.165498,1664,1665,1682,1683,1709,1710
55.202777,66.264338,1665,1668,1670,1671,1681,1682
55.800275,66.966189,1666,1667,1669,1679,1680
55.702553,66.497419,1669,1671,1680,1681
53.39981,66.299024,1683,1684,1708,1709
52.465702,66.403354,1684,1685,1686,1687,1693,1696,1697,1707,1708
52.001085,66.967828,1689,1698,1699,1701,1704
51.966739,67.299571,1690,1691,1694,1695,1698,1703,1704,1705,1706
55.232584,66.898767,1711,1712,1713
54.235953,66.99692,1711
53.465859,66.769382,1711,1713
54.168774,66.731732,1712,1713
54.269008,66.599225,1712
61.332177,67.933433,1719,1720,1885,1886,1887,1888,1889,1890
61.10035,67.932631,1720,1721,1732,1884,1885
59.86526,67.868805,1721,1732,1733,1750,1751,1799,1801,1802
60.269124,67.699064,1721,1751,1884
57.770841,67.435679,1722,1723,1724,1725,1726,1727,1734,1738,1740,1741,1749
58.435117,67.434059,1722,1749,1750,1794,1798,1799
59.168202,67.703959,1722,1733,1734,1750
57.464685,67.265212,1723,1724,1747,1748
57.467388,67.230826,1723,1748,1749,1793,1794
56.768831,67.335616,1724,1725,1747
56.600652,67.332131,1725,1726,1747,1748,1788,1792,1793
56.136519,67.567608,1726,1727,1746,1777,1784,1787,1788
56.130224,67.600992,1727,1741,1742,1743,1745,1746
55.300308,67.26644,1728,1776,1805
55.203895,67.39942,1728,1729,1730,1731,1735,1744,1745,1746,1776,1777
55.199146,67.468036,1735,1736,1737,1739,1744
56.000874,67.597215,1739,1742,1744,1745
60.265327,67.66658,1751,1802,1803,1804,1884,1885,1890
61.733612,67.79867,1752,1753,1754,1778,1887,1888,1924
61.037476,67.765776,1752,1888,1889
60.565225,67.669678,1752,1778,1800,1803,1889,1890
63.164789,67.867303,1753,1754,1922,1923,2010
62.499702,67.932785,1753,1923,1924,1925,1926,1927,1936,1937
63.165651,67.832361,1754,1778,1795,1796,1797,1800,2010,2029,2030
64.768344,67.865545,1755,1785,1789,2027,2028
64.765247,67.90434,1755,2028,2029,2030,2031,2034
63.833981,67.698927,1755,1789,1790,1791,1795,2029
66.104775,67.964226,1756,1757,2025,2026
66.100808,68.002521,1756,2026,2027,2028,2033,2034
65.698873,67.901499,1756,1757,1779,1785,2027
67.234233,67.964971,1757,1758,1759,1760,1761,1762,1763,1764,1779,2025
67.966402,68.132574,1758,1759,2023,2024
67.231696,68.034974,1758,2024,2025,2026,2032,2033
67.966395,68.098348,1759,1760,2022,2023
68.799817,68.098179,1760,1761,1954,2021,2022
68.79709,68.066896,1761,1762,1954,1955,1956,1962
67.333581,67.93466,1762,1763,1953,1962,1963,1964,1965,1967
66.001339,67.866771,1763,1764,1952,1953
64.034673,67.731222,1764,1779,1785,1789,1790,1951,1952
63.001787,67.766202,1765,1780,1791,1795,1796,1960,1961
63.732209,67.633454,1765,1951,1952,1953,1961,1966,1967
63.736325,67.668358,1765,1790,1791,1951
61.334222,67.696582,1767,1780,1796,1797,1832,1833
59.534534,67.671277,1768,1801,1802,1804,1831,1838,1839
59.933581,67.56759,1768,1832,1833,1834,1835,1836,1839
60.069246,67.631956,1768,1797,1800,1803,1804,1832
59.401678,67.633701,1769,1831,1837,1838
59.399688,67.669842,1769,1781,1786,1798,1799,1801,1831
58.400781,67.334912,1770,1771,1823
58.166657,67.268612,1771,1772,1823,1824,1825,1829
57.933233,67.267944,1772,1773,1822,1828,1829,1830
57.899875,67.269546,1773,1781,1782,1783,1786,1821,1822
57.332248,67.132911,1774,1775,1782,1783,1820
57.83232,67.133251,1774,1820,1821,1822,1827,1828
57.832983,67.168363,1774,1782,1821
55.468061,67.371013,1776,1777,1784,1805,1806
56.03504,67.464087,1784,1787,1806,1807
56.264966,67.465895,1787,1788,1792,1807,1808,1811
68.537679,73.732951,1907,1908,1929,1930,2234,2235
67.867014,73.735565,1908,1930,1931,2049,2050
68.301476,73.598631,1908,2050,2051,2233,2234
65.865293,73.898802,1909,1910,1932,1933,2047,2048
66.732359,73.601184,1909,2048,2049,2050,2051,2052,2053,2054,2055,2073
66.796162,73.667191,1909,1931,1932,2049
65.232085,73.633788,1910,1911,1912,1933,1939,1942,1943,2046
65.301166,73.633583,1910,2046,2047
65.59836,73.234058,1911,1912,2071,2072
65.33442,73.5661,1911,2046,2047,2048,2072,2073,2074,2075,2076,2077,2080
65.401568,73.133531,1912,1934,1935,1943,1944,2070,2071
65.666702,72.865773,1913,1934,1935,2068,2069
65.967972,73.00041,1913,2069,2070,2071,2072,2079,2080,2081
65.768797,72.998864,1913,1934,2070
67.167977,71.03162,1914,1945,1948,1949,2066,2067
67.231773,71.201274,1914,2067,2068,2069,2078,2079
65.96453,72.401903,1914,1935,1944,1945,2068
67.433595,70.666451,1915,1916,2207,2212,2213
67.733377,70.89942,1915,2064,2065,2208,2209,2210,2211,2213
67.635522,70.903849,1915,1916,1917,1949,1950,2065,2066
67.165599,70.566339,1916,1917,2191,2207
66.532648,70.233445,1917,1946,1947,1950,2191,2192,2193,2194,2195
68.001265,68.267583,1918,1919,2013,2014,2015,2016,2017,2018,2019,2020,2021,2022,2023,2024,2032
67.999087,69.499234,1918,2014,2220
67.335785,69.700091,1918,1919,1940,1941,1946,2195,2218,2219,2220
66.966387,68.167099,1919,1920,1921,1936,1937,1938,1940,2013
65.668766,68.032689,1920,1921,2011,2012
66.966808,68.131621,1920,2012,2013,2031,2032,2033,2034
64.966861,67.998765,1921,1922,1923,1936,2011
64.035415,67.899343,1922,2010,2011,2012,2030,2031
69.200431,68.063018,1954,1955,2020,2021,2250,2251,2262,2263
68.964772,67.965491,1955,1956,2258,2261,2262
68.235699,67.934071,1956,1957,1962,1963,2037,2258
67.300505,67.834196,1957,1958,1963,1964,2036
68.069534,67.866039,1957,2036,2037,2038,2039,2040,2041,2044
64.837356,67.666034,1958,1959,1964,1965,2035
67.131636,67.766558,1958,2035,2036,2043,2044,2045
68.901954,48.832714,1983,1984,2386,2387,2389,2390,2391,2395
68.837535,48.766757,1984,1985,2386
69.069178,48.734747,1985,1986,1987,1988,1989,1990,1991,1992,2006,2007,2008,2009,2386,2387,2388
69.532903,48.901044,1986,2388,2393,2394
68.333224,69.533794,2014,2015,2219,2220,2276,2277
68.534321,69.231145,2015,2016,2275,2276
68.60036,68.832746,2016,2017,2274,2275,2294
68.598889,68.764881,2017,2018,2294,2295,2296,2297,2299
69.433181,68.500142,2018,2019,2298,2299,2396
69.363846,68.198938,2019,2020,2250,2396,2402,2403
67.830484,73.233918,2051,2052,2099,2100,2233
67.236832,73.363338,2052,2053,2098,2099
67.065916,73.334935,2053,2054,2083,2084,2085,2086,2098
66.737943,73.565104,2054,2055,2082,2083
66.165876,73.430847,2055,2073,2074,2082
66.40542,73.235513,2056,2057,2084,2085,2097
66.432993,73.3321,2056,2085,2086
66.168412,73.36805,2056,2057,2074,2075,2082,2083,2086
66.299269,73.097598,2057,2058,2075,2076,2097,2156,2157
66.232338,72.832135,2058,2076,2077,2087,2088,2089,2094,2095
66.43283,72.999038,2058,2087,2156
67.333036,71.59751,2059,2060,2061,2078,2079,2081,2092,2093
66.862859,72.333807,2059,2093,2094,2095,2096
66.801229,72.334636,2059,2077,2080,2081,2094
67.667615,71.499139,2060,2061,2153,2221
67.732437,71.666333,2060,2091,2092,2153,2179,2180
67.665567,71.466624,2061,2062,2063,2064,2065,2066,2067,2078,2221,2232
67.798391,70.932657,2062,2063,2208,2209,2230,2231
67.73283,71.4674,2062,2231,2232
67.731322,70.931979,2063,2064,2208
66.901393,73.233061,2084,2097,2098,2099,2100,2157,2158
66.732954,72.965204,2087,2088,2156,2157,2158,2159,2182,2196
66.733298,72.869806,2088,2089,2196,2197,2200
67.132799,72.331824,2089,2090,2095,2096,2199,2200
67.2668,72.034236,2090,2091,2092,2093,2096,2154,2198
67.167252,72.333797,2090,2198,2199
67.402162,72.036392,2091,2154,2155,2180,2181
67.833843,73.200834,2100,2101,2102,2158,2159,2233,2234,2235,2236,2244
68.167768,72.968759,2101,2102,2242,2243
68.06697,73.199161,2101,2243,2244,2245
68.002817,72.663059,2102,2159,2182,2183,2241,2242
69.663231,72.362304,2103,2104,2285,2286,2435
69.664841,72.399852,2103,2286,2287
68.367467,72.533918,2103,2104,2105,2106,2160,2161,2162,2163,2164,2183,2184,2240,2241,2282,2283,2287
69.671051,72.336381,2104,2105,2435,2446,2447
69.866129,72.265507,2105,2106,2445,2446
69.900873,72.132945,2106,2107,2108,2160,2445
71.300828,71.768509,2107,2108,2443,2444
70.566919,72.099084,2107,2444,2445,2446,2447,2448,2450
71.101729,71.631326,2108,2109,2110,2160,2161,2443
71.533548,71.563971,2109,2110,2441,2442,2457
71.532085,71.66551,2109,2442,2443,2444,2449,2450
71.233486,71.434363,2110,2111,2161,2162,2457,2462
71.531922,70.998767,2111,2112,2162,2163,2460,2461
71.566634,71.167289,2111,2461,2462
71.934772,70.697676,2112,2113,2114,2163,2164,2458,2459
71.898563,70.800585,2112,2459,2460
72.834233,70.098974,2113,2114,2467,2468
72.898901,70.466207,2113,2458,2468,2469,2470
72.833645,70.0667,2114,2115,2164,2184,2188,2189,2466,2467
73.265944,69.86514,2115,2189,2190,2491,2492,2493,2496,2497
73.197619,70.030486,2115,2466,2482,2483,2484,2488,2491
74.73047,69.865696,2116,2117,2494,2495
74.266878,69.967088,2116,2495,2496,2497
74.163756,69.731714,2116,2117,2118,2119,2120,2121,2122,2165,2185,2186,2187,2190,2496
75.033963,69.933463,2117,2118,2481,2486,2487,2494
75.936579,69.732574,2118,2119,2480,2485,2486
75.86816,69.666014,2119,2120,2479,2480,2508
75.798059,69.597964,2120,2121,2508,2512
76.000309,69.52995,2121,2122,2511,2512,2513
76.200509,69.434609,2122,2123,2165,2513,2514,2515,2523
77.099391,69.199321,2123,2165,2166,2167,2168,2185,2521,2522
76.500113,69.399245,2123,2522,2523,2525
78.201248,68.765947,2124,2125,2166,2167,2519,2520
77.934221,69.103806,2124,2520,2521,2522,2524,2525
77.866223,69.096695,2124,2166,2521
78.503432,68.467252,2125,2126,2127,2128,2129,2130,2131,2167,2168,2526,2527,2528,2559
78.631704,68.635499,2125,2518,2519,2526
69.464765,68.732771,2136,2137,2252,2253,2398,2399
69.468612,68.766987,2137,2138,2139,2170,2171,2398
69.201748,68.866682,2138,2139,2273,2274,2294,2295
69.36856,68.765129,2138,2295,2296,2397,2398,2399,2405
69.700952,68.967773,2139,2140,2171,2172,2272,2273
69.730005,69.265579,2140,2172,2173,2374,2375
69.300642,68.998138,2140,2272,2375,2376
68.699106,69.566198,2141,2142,2290,2291,2292,2293
69.333579,69.267891,2141,2269,2270,2271,2279,2291
69.434886,69.298813,2141,2142,2173,2174,2269,2373,2374
69.269037,69.667801,2142,2143,2174,2175,2290
68.668386,69.995865,2143,2144,2145,2146,2147,2148,2149,2150,2151,2175,2176,2265,2266,2288,2289
68.867361,69.767103,2143,2289,2290,2293
67.536075,69.99946,2144,2145,2203,2214,2215
68.235117,69.735159,2144,2215,2216,2265
67.200241,70.332789,2145,2146,2202,2203,2204,2205,2206
67.59958,70.330845,2146,2147,2202,2210,2211
67.865583,70.466585,2147,2148,2209,2210,2229,2230
68.065387,70.464111,2148,2149,2228,2229,2246,2249
68.732079,70.363537,2149,2150,2248,2249
68.797285,70.367052,2150,2151,2224,2225,2247,2248
69.23686,70.49756,2151,2152,2176,2177,2223,2224
69.001411,70.932009,2152,2177,2178,2222
68.999031,70.834052,2152,2222,2223
67.869377,71.498532,2153,2178,2179,2221,2222,2223,2224,2225,2226,2227,2228,2229,2230,2231,2232
67.002905,72.828773,2154,2155,2197,2198,2199,2200
66.999338,72.899766,2155,2181,2182,2183,2184,2188,2196,2197
67.167027,70.464847,2191,2192,2201,2207,2212
66.898845,70.231743,2192,2193,2201,2205,2206
67.199358,69.965214,2193,2194,2204,2205,2214,2215,2216,2217
67.299393,69.899763,2194,2195,2217,2218
67.535059,70.466861,2201,2202,2206,2211,2212,2213
67.202466,70.033333,2203,2204,2214
68.333471,69.567208,2216,2217,2218,2219,2265,2266,2267,2268,2277,2278
68.100352,70.567266,2225,2226,2247
68.098488,70.503722,2226,2227,2246,2247,2248,2249
68.067664,70.49688,2227,2228,2246
68.732683,72.90108,2237,2238,2300,2301,2346,2347
68.598311,72.762994,2238,2239,2240,2241,2242,2243,2245,2300
69.371198,72.667333,2239,2240,2282,2407,2408,2423,2424
69.36706,72.766844,2239,2300,2346,2407
69.564424,68.266216,2250,2251,2401,2402
69.599709,68.265969,2251,2263,2264,2401
69.498142,68.596369,2252,2399,2400,2405,2406
69.532518,68.601997,2252,2253,2254,2255,2259,2400
69.799427,68.465624,2259,2260,2264,2400,2401,2402,2403,2404,2406
68.56641,69.599776,2266,2267,2288
68.567394,69.532779,2267,2268,2288,2289,2292,2293
68.568102,69.365524,2268,2278,2279,2280,2281,2291,2292
69.333895,69.19806,2269,2270,2373
69.333529,69.164746,2270,2271,2372,2373,2374,2375,2376
68.765832,69.165727,2271,2279,2280,2371,2372
68.867102,69.000066,2272,2273,2274,2275,2276,2277,2278,2281,2371,2372,2376
68.766438,69.131887,2280,2281,2371
69.368777,72.632683,2282,2283,2422,2423
69.865203,72.400312,2283,2284,2285,2286,2287,2422
70.233714,72.300882,2284,2285,2435,2436,2447,2448
70.232228,72.399942,2284,2421,2422,2423,2424,2428,2436
69.432313,68.669408,2296,2297,2397
69.533251,68.532199,2297,2298,2299,2397,2404,2405,2406
69.53481,68.466399,2298,2396,2403,2404
89.699879,67.102786,2319,2320,2321,2322,2323,2350,2351,2686
90.0,67.033333,2319,2686,2687
89.270085,67.099947,2320,2321,2681,2682,2684,2685
89.699708,67.069683,2320,2685,2686,2687,2688,2689,2691
88.802869,67.098379,2321,2322,2680,2681
87.965966,67.23534,2322,2323,2679,2680
87.967385,67.26464,2323,2324,2351,2352,2678,2679
86.268082,67.468366,2324,2325,2326,2352,2353,2651,2659
87.164778,67.266848,2324,2659,2660,2661,2667,2678
84.266027,67.767421,2325,2326,2649,2650
84.435852,67.666166,2325,2650,2651,2652,2653,2654,2655,2656,2657
83.66622,67.898652,2326,2327,2353,2354,2586,2587,2649
82.829806,67.999957,2327,2328,2354,2355,2601
82.832681,67.968574,2327,2586,2601,2602
82.035077,68.101065,2328,2329,2330,2331,2332,2355,2360,2361,2599,2600
82.430638,68.001328,2328,2600,2601,2602,2603,2605
80.767119,68.201504,2329,2330,2583,2584
81.663896,68.066898,2329,2584,2592,2593,2599
79.601205,68.298025,2330,2331,2579,2580,2582,2583
79.200541,68.733844,2331,2332,2578,2579
78.798074,68.867212,2332,2333,2334,2361,2362,2516,2577,2578
77.835107,69.298302,2333,2334,2515,2523,2524,2525
78.501065,68.866512,2333,2516,2517,2518,2519,2520,2524
77.834269,69.333,2334,2335,2336,2337,2362,2363,2514,2515
76.101412,69.89936,2335,2336,2478,2485,2486,2487,2490,2509,2510
76.69457,69.568393,2335,2510,2511,2513,2514
75.999394,69.933244,2336,2337,2478,2500
75.600175,70.09953,2337,2363,2365,2367,2368,2499,2500,2501,2502,2503,2507
73.935146,70.134177,2338,2339,2340,2341,2342,2356,2366,2369,2498,2505,2506
74.766664,70.132728,2338,2499,2506,2507
74.934435,70.165651,2338,2368,2369,2370,2499
73.498426,70.10264,2339,2340,2414,2472,2473
73.665838,70.065028,2339,2473,2474,2498
73.299908,70.299516,2340,2341,2413,2414,2415,2416,2417,2425
72.965571,70.863984,2341,2342,2412,2413
72.966283,70.90073,2342,2343,2344,2356,2412
71.962927,71.865288,2343,2344,2410,2411
72.56724,71.133039,2343,2411,2412,2413,2425,2426,2427,2429
71.966272,71.900287,2344,2356,2364,2366,2409,2410
69.965055,72.766258,2345,2346,2347,2348,2349,2357,2407,2408
70.966165,72.499804,2345,2408,2409,2410,2411,2424,2428,2429
71.069049,72.499725,2345,2357,2358,2359,2364,2409
69.967161,49.331876,2379,2380,2381,2382,2383,2385,2430,2431,2434
70.466199,49.36796,2380,2381,2432,2433,2454
70.300657,49.432584,2380,2433,2434
69.433262,49.198307,2383,2384,2385,2391,2392,2393,2394,2395
69.363959,49.167825,2384,2390,2391
69.167802,48.93634,2387,2388,2394,2395
73.000703,70.199573,2414,2415,2471,2472
73.131866,70.335189,2415,2416,2465,2469,2470,2471
72.936433,70.666203,2416,2417,2464,2465
72.935111,70.702384,2417,2418,2419,2425,2426,2463,2464
71.867711,71.46519,2418,2419,2439,2440,2441,2442,2449
72.065999,71.065874,2418,2440,2463
71.861898,71.600167,2419,2420,2426,2427,2438,2439
71.432725,71.932814,2420,2421,2427,2428,2429,2437
71.435154,71.900197,2420,2437,2438
70.930978,72.032573,2421,2436,2437,2438,2439,2448,2449,2450
70.467074,49.430962,2432,2454,2455,2456
71.96609,70.998558,2440,2441,2457,2458,2459,2460,2461,2462,2463,2464,2465,2469
72.898587,70.165287,2466,2467,2468,2470,2471,2472,2473,2474,2483
73.668052,70.032788,2474,2483,2484,2498,2504,2505
74.76483,70.098496,2475,2476,2502,2503
74.202581,70.09957,2475,2503,2504,2505,2506,2507
73.96758,70.032519,2475,2476,2477,2484,2488,2489,2504
74.767894,70.066398,2476,2477,2501,2502
75.468825,70.067541,2477,2478,2489,2490,2500,2501
75.935303,69.668865,2479,2508,2509,2510,2511,2512
75.931784,69.700398,2479,2480,2485,2509
74.366563,70.031412,2481,2482,2487,2488,2489,2490,2492,2493
74.364617,70.000838,2481,2493,2494,2495,2497
73.66575,69.934959,2482,2491,2492
78.732853,68.664682,2516,2517,2576,2577
78.735342,68.634622,2517,2518,2526,2527,2576
78.903549,68.36855,2527,2528,2576,2577,2578,2579,2580,2581
79.16579,68.23182,2528,2529,2559,2560,2581,2582,2583,2584,2592
81.435872,67.898175,2529,2530,2560,2568,2569,2591
79.59808,68.197967,2529,2591,2592,2593,2594,2598
82.199934,67.834,2530,2561,2562,2569,2572,2573,2589,2590
81.899278,67.90134,2530,2590,2591,2597,2598
83.733479,67.699373,2531,2532,2588,2656,2657
83.531826,67.800965,2531,2588,2589,2590,2596,2597
82.767253,67.798795,2531,2532,2533,2561,2589
83.96706,67.535807,2532,2533,2655,2656,2664,2665
83.967536,67.500149,2533,2534,2561,2562,2664
84.097477,67.434485,2534,2535,2562,2573,2574,2575,2663
83.99899,67.500914,2534,2663,2664,2665,2668
85.133382,67.298584,2535,2536,2537,2538,2539,2570,2571,2574,2662
84.331579,67.434896,2535,2662,2663,2668,2671
85.634435,67.365939,2536,2537,2661,2667,2669,2670
85.131863,67.334082,2536,2662,2670,2671
86.500609,67.299783,2537,2538,2660,2661
87.666553,67.034931,2538,2539,2660,2678,2679,2680,2681,2682,2683
88.000817,66.967587,2539,2540,2541,2563,2564,2565,2566,2567,2570,2683
88.333388,66.967267,2540,2541,2684,2685,2690,2691
88.33296,67.000343,2540,2682,2683,2684
89.163835,66.932653,2541,2542,2543,2563,2690
89.599789,66.966483,2542,2543,2688,2689
89.168691,66.967471,2542,2689,2690,2691
90.0,66.9,2543,2544,2563,2564,2687,2688
89.600653,66.900077,2544,2545,2564,2565,2635
90.0,66.833333,2544,2635,2636,2637,2638,2646
88.30135,66.897578,2545,2546,2565,2566,2634
88.965294,66.799976,2545,2634,2635,2646,2648
86.701771,67.101568,2546,2547,2548,2566,2567,2633
87.933177,66.800763,2546,2633,2634,2645,2647,2648
85.665904,67.199244,2547,2548,2631,2632
86.632313,67.065914,2547,2632,2633,2644,2645
85.670216,67.232273,2548,2549,2550,2551,2567,2570,2571,2630,2631
85.100105,67.198818,2549,2550,2673
85.10086,67.164874,2549,2630,2673,2674
84.798793,67.198687,2550,2551,2672,2673,2674,2675,2676,2677
84.335012,67.299497,2551,2552,2553,2571,2574,2575,2672
83.399367,67.497447,2552,2553,2626,2627
84.064884,67.302127,2552,2627,2628,2672,2677
79.23361,68.299091,2580,2581,2582
82.59959,67.934911,2585,2586,2587,2595,2602,2603
82.267556,68.00025,2585,2603,2604,2605
82.200409,67.935493,2585,2594,2595,2596,2597,2598,2604
83.831433,67.799742,2587,2588,2595,2596,2649,2650,2657
81.66431,67.99901,2593,2594,2599,2600,2604,2605
90.0,45.0,2617,2618,2619,2620,2621,2622,2623,2624,2625
84.433184,67.166547,2628,2629,2676,2677
84.432076,67.131581,2629,2642,2643,2675,2676
84.867663,67.097835,2630,2631,2632,2643,2644,2674,2675
85.964792,67.366047,2651,2652,2658,2659,2666,2667,2669
85.299257,67.465318,2652,2653,2658
85.165975,67.399846,2653,2654,2658,2666
84.668957,67.401721,2654,2655,2665,2666,2668,2669,2670,2671