0,1,2,1,1,1,46320
3,2,4,1,0,1
5,6,7,1,1,1
8,7,9,1,0,1
10,11,12,1,1,1
13,12,14,1,0,1
15,14,16,1,0,1
17,18,19,1,1,1
20,21,22,1,1,1
23,24,25,1,1,1
26,25,27,1,0,1
28,29,30,1,1,1
31,30,32,1,0,1
33,32,34,1,0,1
35,36,37,1,1,1
38,39,40,1,1,1
41,40,42,1,0,1
43,42,44,1,0,1
45,46,47,1,1,1
48,47,49,1,0,1
50,49,51,1,0,1
52,51,53,1,0,1
54,53,55,1,0,1
56,55,57,1,0,1
58,57,59,1,0,1
60,59,61,1,0,1
62,61,63,1,0,1
64,63,65,1,0,1
66,67,68,1,1,1
69,68,70,1,0,1
71,72,73,1,1,1
74,73,75,1,0,1
76,75,77,1,0,1
78,79,80,1,1,1
81,80,82,1,0,1
83,82,84,1,0,1
85,84,86,1,0,1
87,86,88,1,0,1
89,88,90,1,0,1
91,92,93,1,1,1
94,93,95,1,0,1
96,97,98,1,1,1
99,100,101,1,1,1
102,103,104,1,1,1
105,104,106,1,0,1
107,108,109,1,1,1
110,109,111,1,0,1
112,111,113,1,0,1
4,113,114,0,0,1
115,114,116,1,0,1
9,116,117,0,0,1
16,117,118,0,0,1
19,118,119,0,0,1
22,119,120,0,0,1
27,120,121,0,0,1
34,121,122,0,0,1
37,122,123,0,0,1
124,123,125,1,0,1
44,125,126,0,0,1
70,127,128,0,1,1
77,128,129,0,0,1
95,90,130,0,0,1
106,101,131,0,0,1
126,131,132,0,0,1
129,65,133,0,0,1
130,133,134,0,0,1
98,134,132,0,0,0
135,136,137,1,1,1,50416
138,137,139,1,0,1
140,139,141,1,0,1
142,143,144,1,1,1
145,144,146,1,0,1
1,146,147,0,0,1
107,110,148,0,0,1
105,108,149,0,0,1
102,149,150,0,0,1
99,103,151,0,0,1
96,100,152,0,0,1
94,97,153,0,0,1
89,92,154,0,0,1
87,154,155,0,0,1
83,85,156,0,0,1
81,156,157,0,0,1
76,79,158,0,0,1
74,158,159,0,0,1
71,159,160,0,0,1
69,72,161,0,0,1
162,163,164,1,1,1
165,166,167,1,1,1
168,167,169,1,0,1
170,169,171,1,0,1
172,171,173,1,0,1
174,175,176,1,1,1
177,176,178,1,0,1
179,180,181,1,1,1
182,181,183,1,0,1
184,185,186,1,1,1
187,186,188,1,0,1
189,188,190,1,0,1
191,190,192,1,0,1
193,192,194,1,0,1
195,194,196,1,0,1
197,196,198,1,0,1
199,200,201,1,1,1
202,203,204,1,1,1
205,204,206,1,0,1
207,206,208,1,0,1
209,210,211,1,1,1
212,213,214,1,1,1
215,214,216,1,0,1
217,218,219,1,1,1
220,219,221,1,0,1
222,223,224,1,1,1
225,226,227,1,1,1
228,229,230,1,1,1
231,230,232,1,0,1
233,232,234,1,0,1
235,234,236,1,0,1
237,238,239,1,1,1
240,239,241,1,0,1
242,243,244,1,1,1
141,244,245,0,0,1
147,245,246,0,0,1
112,246,247,0,0,1
148,247,248,0,0,1
150,248,249,0,0,1
151,249,250,0,0,1
152,250,251,0,0,1
153,251,252,0,0,1
91,252,253,0,0,1
155,253,254,0,0,1
160,78,255,0,0,1
161,255,256,0,0,1
173,257,258,0,1,1
178,258,259,0,0,1
183,259,260,0,0,1
198,260,261,0,0,1
201,261,262,0,0,1
263,262,264,1,0,1
208,264,265,0,0,1
211,265,266,0,0,1
216,266,267,0,0,1
221,267,268,0,0,1
224,268,269,0,0,1
236,227,270,0,0,1
241,270,271,0,0,1
254,272,273,0,1,1
157,273,274,0,0,1
269,275,276,0,1,1
271,276,277,0,0,1
274,278,279,0,1,1
256,279,280,0,0,1
66,280,281,0,0,1
164,281,282,0,0,1
283,282,277,1,0,0
284,285,286,1,1,1,46320
287,288,289,1,1,1
290,291,292,1,1,1
293,292,294,1,0,1
295,294,296,1,0,1
297,296,298,1,0,1
299,298,300,1,0,1
301,300,302,1,0,1
303,304,305,1,1,1
142,305,306,0,0,1
140,143,307,0,0,1
138,307,308,0,0,1
135,308,309,0,0,1
286,309,310,0,0,1
311,310,312,1,0,1
289,312,313,0,0,1
302,313,306,0,0,0
291,314,315,0,1,1,1267
287,315,316,0,0,1
288,316,317,0,0,1
311,317,284,0,0,0
318,319,320,1,1,1,1267
321,322,323,1,1,1
324,323,325,1,0,1
326,327,328,1,1,1
329,328,330,1,0,1
331,332,333,1,1,1
334,335,336,1,1,1
337,336,338,1,0,1
24,338,339,0,0,1
20,339,340,0,0,1
341,340,342,1,0,1
343,342,344,1,0,1
345,346,347,1,1,1
348,349,350,1,1,1
10,351,352,0,1,1
8,11,353,0,0,1
5,353,354,0,0,1
115,6,355,0,0,1
3,355,356,0,0,1
357,356,358,1,0,1
359,358,360,1,0,1
361,360,362,1,0,1
363,362,364,1,0,1
365,364,366,1,0,1
293,295,367,0,0,1
320,367,368,0,0,1
369,368,370,1,0,1
325,371,372,0,1,1
330,372,373,0,0,1
344,333,374,0,0,1
347,374,375,0,0,1
350,375,376,0,0,1
352,376,377,0,0,1
370,297,378,0,0,1
377,373,379,0,0,1
354,379,380,0,0,1
366,380,378,0,0,0
381,382,383,1,1,1,1268
384,383,385,1,0,1
386,387,388,1,1,1
389,390,391,1,1,1
392,391,393,1,0,1
394,395,396,1,1,1
327,396,397,0,0,1
324,397,398,0,0,1
321,398,399,0,0,1
371,322,400,0,0,1
369,400,401,0,0,1
385,318,402,0,0,1
388,402,403,0,0,1
404,403,405,1,0,1
393,405,406,0,0,1
399,407,408,0,1,1
406,401,409,0,0,1
410,409,408,1,0,0
411,412,413,1,1,1,1269
414,413,415,1,0,1
416,417,418,1,1,1
419,418,420,1,0,1
421,420,422,1,0,1
423,424,425,1,1,1
426,425,427,1,0,1
428,429,430,1,1,1
431,430,432,1,0,1
433,434,435,1,1,1
436,435,437,1,0,1
438,439,440,1,1,1
441,442,443,1,1,1
444,443,445,1,0,1
446,447,448,1,1,1
449,448,450,1,0,1
451,452,453,1,1,1
454,455,456,1,1,1
457,456,458,1,0,1
459,458,460,1,0,1
461,462,463,1,1,1
464,463,465,1,0,1
466,465,467,1,0,1
468,469,470,1,1,1
471,470,472,1,0,1
473,474,475,1,1,1
476,475,477,1,0,1
478,479,480,1,1,1
481,480,482,1,0,1
483,484,485,1,1,1
486,485,487,1,0,1
488,487,489,1,0,1
490,491,492,1,1,1
493,494,495,1,1,1
496,495,497,1,0,1
498,499,500,1,1,1
501,500,502,1,0,1
503,504,505,1,1,1
506,507,508,1,1,1
509,508,510,1,0,1
511,512,513,1,1,1
514,513,515,1,0,1
516,517,518,1,1,1
519,520,521,1,1,1
522,521,523,1,0,1
524,523,525,1,0,1
526,525,527,1,0,1
528,529,530,1,1,1
531,532,533,1,1,1
534,533,535,1,0,1
536,535,537,1,0,1
389,538,539,0,1,1
404,390,540,0,0,1
386,540,541,0,0,1
387,541,542,0,0,1
381,384,543,0,0,1
415,543,544,0,0,1
422,544,545,0,0,1
432,427,546,0,0,1
437,546,547,0,0,1
445,440,548,0,0,1
453,450,549,0,0,1
460,549,550,0,0,1
467,550,551,0,0,1
472,551,552,0,0,1
477,552,553,0,0,1
489,482,554,0,0,1
492,554,555,0,0,1
505,556,557,0,1,1
510,557,558,0,0,1
515,558,559,0,0,1
527,560,561,0,1,1
530,561,562,0,0,1
563,562,564,1,0,1
539,537,565,0,0,1
542,565,566,0,0,1
545,566,567,0,0,1
548,568,569,0,1,1
555,553,570,0,0,1
497,570,571,0,0,1
502,571,572,0,0,1
559,572,573,0,0,1
518,573,574,0,0,1
564,574,575,0,0,1
567,576,577,0,1,1
547,577,578,0,0,1
569,578,575,0,0,0
579,580,581,1,1,1,1270
582,581,583,1,0,1
584,583,585,1,0,1
586,585,587,1,0,1
588,587,589,1,0,1
590,591,592,1,1,1
593,592,594,1,0,1
595,596,597,1,1,1
598,597,599,1,0,1
600,599,601,1,0,1
602,601,603,1,0,1
604,603,605,1,0,1
606,607,608,1,1,1
609,608,610,1,0,1
611,610,612,1,0,1
613,612,614,1,0,1
615,616,617,1,1,1
618,619,620,1,1,1
621,622,623,1,1,1
624,625,626,1,1,1
627,628,629,1,1,1
630,629,631,1,0,1
632,631,633,1,0,1
634,635,636,1,1,1
637,638,639,1,1,1
640,641,642,1,1,1
643,642,644,1,0,1
645,646,647,1,1,1
648,649,650,1,1,1
651,650,652,1,0,1
653,652,654,1,0,1
655,656,657,1,1,1
658,659,660,1,1,1
661,662,663,1,1,1
664,665,666,1,1,1
667,666,668,1,0,1
669,668,670,1,0,1
671,672,673,1,1,1
674,673,675,1,0,1
676,677,678,1,1,1
679,680,681,1,1,1
682,681,683,1,0,1
684,683,685,1,0,1
686,687,688,1,1,1
689,690,691,1,1,1
692,691,693,1,0,1
694,693,695,1,0,1
696,695,697,1,0,1
698,697,699,1,0,1
700,699,701,1,0,1
702,701,703,1,0,1
704,705,706,1,1,1
707,706,708,1,0,1
709,710,711,1,1,1
712,711,713,1,0,1
714,713,715,1,0,1
716,715,717,1,0,1
718,719,720,1,1,1
721,720,722,1,0,1
723,722,724,1,0,1
725,724,726,1,0,1
727,726,728,1,0,1
729,730,731,1,1,1
732,733,734,1,1,1
735,736,737,1,1,1
738,739,740,1,1,1
741,740,742,1,0,1
743,744,745,1,1,1
746,745,747,1,0,1
748,747,749,1,0,1
750,751,752,1,1,1
753,752,754,1,0,1
755,754,756,1,0,1
757,758,759,1,1,1
760,759,761,1,0,1
474,762,763,0,1,1
471,763,764,0,0,1
468,764,765,0,0,1
469,765,766,0,0,1
466,766,767,0,0,1
464,767,768,0,0,1
461,768,769,0,0,1
459,462,770,0,0,1
457,770,771,0,0,1
451,455,772,0,0,1
449,452,773,0,0,1
444,447,774,0,0,1
441,774,775,0,0,1
438,442,776,0,0,1
568,439,777,0,0,1
436,777,778,0,0,1
433,778,779,0,0,1
431,434,780,0,0,1
428,780,781,0,0,1
426,429,782,0,0,1
423,782,783,0,0,1
421,424,784,0,0,1
414,417,785,0,0,1
411,785,786,0,0,1
589,786,787,0,0,1
594,787,788,0,0,1
605,788,789,0,0,1
790,789,791,1,0,1
617,614,792,0,0,1
620,793,794,0,1,1
626,623,795,0,0,1
633,795,796,0,0,1
636,796,797,0,0,1
798,797,799,1,0,1
639,799,800,0,0,1
801,800,802,1,0,1
644,802,803,0,0,1
654,647,804,0,0,1
657,805,806,0,1,1
663,807,808,0,1,1
675,809,810,0,1,1
703,688,811,0,0,1
708,811,812,0,0,1
813,812,814,1,0,1
815,814,816,1,0,1
717,816,817,0,0,1
731,818,819,0,1,1
737,734,820,0,0,1
756,749,821,0,0,1
761,822,823,0,1,1
824,823,825,1,0,1
773,772,826,0,0,1
446,826,827,0,0,1
775,827,828,0,0,1
776,828,829,0,0,1
779,829,830,0,0,1
781,830,831,0,0,1
783,831,832,0,0,1
791,416,833,0,0,1
794,792,834,0,0,1
808,660,835,0,0,1
817,685,836,0,0,1
819,728,837,0,0,1
820,837,838,0,0,1
833,419,839,0,0,1
836,678,840,0,0,1
838,840,841,0,0,1
839,784,842,0,0,1
834,842,843,0,0,1
803,843,844,0,0,1
841,810,845,0,0,1
844,832,846,0,0,1
845,847,848,0,1,1
846,454,849,0,0,1
848,670,850,0,0,1
851,850,852,1,0,1
742,852,853,0,0,1
849,771,854,0,0,1
853,835,855,0,0,1
821,855,856,0,0,1
854,769,857,0,0,1
804,857,858,0,0,1
859,858,860,1,0,1
856,806,861,0,0,1
825,861,860,0,0,0
862,863,864,1,1,1,1271
865,866,867,1,1,1
868,867,869,1,0,1
870,869,871,1,0,1
872,871,873,1,0,1
874,875,876,1,1,1
877,876,878,1,0,1
879,880,881,1,1,1
882,883,884,1,1,1
596,884,885,0,0,1
593,885,886,0,0,1
590,886,887,0,0,1
588,591,888,0,0,1
586,888,889,0,0,1
584,889,890,0,0,1
582,890,891,0,0,1
864,579,892,0,0,1
873,892,893,0,0,1
878,893,894,0,0,1
881,894,895,0,0,1
887,895,891,0,0,0
896,897,898,1,1,1,1272
899,898,900,1,0,1
901,900,902,1,0,1
866,902,862,0,0,0
903,904,905,1,1,1,1273
906,905,907,1,0,1
908,907,909,1,0,1
910,909,911,1,0,1
912,911,913,1,0,1
914,913,915,1,0,1
916,915,917,1,0,1
918,917,919,1,0,1
920,921,922,1,1,1
923,924,925,1,1,1
926,927,928,1,1,1
929,930,931,1,1,1
932,931,933,1,0,1
934,935,936,1,1,1
937,936,938,1,0,1
939,940,941,1,1,1
942,943,944,1,1,1
945,944,946,1,0,1
947,948,949,1,1,1
950,949,951,1,0,1
952,951,953,1,0,1
954,953,955,1,0,1
956,957,958,1,1,1
959,960,961,1,1,1
962,963,964,1,1,1
965,964,966,1,0,1
967,966,968,1,0,1
969,968,970,1,0,1
971,972,973,1,1,1
974,973,975,1,0,1
976,977,978,1,1,1
979,980,981,1,1,1
982,983,984,1,1,1
985,984,986,1,0,1
987,986,988,1,0,1
989,990,991,1,1,1
992,993,994,1,1,1
995,994,996,1,0,1
997,998,999,1,1,1
1000,999,1001,1,0,1
1002,1003,1004,1,1,1
1005,1006,1007,1,1,1
1008,1007,1009,1,0,1
1010,1009,1011,1,0,1
1012,1011,1013,1,0,1
1014,1013,1015,1,0,1
1016,1015,1017,1,0,1
1018,1017,1019,1,0,1
1020,1019,1021,1,0,1
1022,1021,1023,1,0,1
1024,1025,1026,1,1,1
1027,1028,1029,1,1,1
1030,1029,1031,1,0,1
1032,1033,1034,1,1,1
1035,1036,1037,1,1,1
1038,1037,1039,1,0,1
1040,1041,1042,1,1,1
1043,1042,1044,1,0,1
1045,1044,1046,1,0,1
1047,1046,1048,1,0,1
1049,1048,1050,1,0,1
1051,1050,1052,1,0,1
1053,1052,1054,1,0,1
1055,1056,1057,1,1,1
1058,1059,1060,1,1,1
1061,1060,1062,1,0,1
1063,1064,1065,1,1,1
1066,1067,1068,1,1,1
1069,1070,1071,1,1,1
1072,1073,1074,1,1,1
1075,1076,1077,1,1,1
1078,1079,1080,1,1,1
1081,1080,1082,1,0,1
1083,1084,1085,1,1,1
1086,1087,1088,1,1,1
1089,1088,1090,1,0,1
1091,1092,1093,1,1,1
1094,1093,1095,1,0,1
1096,1097,1098,1,1,1
1099,1100,1101,1,1,1
1102,1101,1103,1,0,1
1104,1103,1105,1,0,1
1106,1107,1108,1,1,1
1109,1108,1110,1,0,1
1111,1110,1112,1,0,1
1113,1112,1114,1,0,1
1115,1116,1117,1,1,1
1118,1117,1119,1,0,1
899,1120,1121,0,1,1
919,896,1122,0,0,1
1123,1122,1124,1,0,1
925,1125,1126,0,1,1
928,1126,1127,0,0,1
933,1127,1128,0,0,1
938,1129,1130,0,1,1
941,1130,1131,0,0,1
1132,1131,1133,1,0,1
946,1133,1134,0,0,1
955,1134,1135,0,0,1
958,1135,1136,0,0,1
961,1136,1137,0,0,1
970,1137,1138,0,0,1
975,1138,1139,0,0,1
978,1139,1140,0,0,1
1141,1140,1142,1,0,1
988,981,1143,0,0,1
991,1143,1144,0,0,1
996,1144,1145,0,0,1
1001,1145,1146,0,0,1
1004,1147,1148,0,1,1
1023,1148,1149,0,0,1
1026,1149,1150,0,0,1
1031,1150,1151,0,0,1
1034,1151,1152,0,0,1
1153,1152,1154,1,0,1
1155,1154,1156,1,0,1
1039,1156,1157,0,0,1
1158,1157,1159,1,0,1
1054,1159,1160,0,0,1
1057,1160,1161,0,0,1
1062,1161,1162,0,0,1
1065,1162,1163,0,0,1
1068,1163,1164,0,0,1
1071,1164,1165,0,0,1
1074,1165,1166,0,0,1
1077,1166,1167,0,0,1
1168,1167,1169,1,0,1
1090,1085,1170,0,0,1
1171,1170,1172,1,0,1
1173,1172,1174,1,0,1
1095,1174,1175,0,0,1
1098,1175,1176,0,0,1
1105,1177,1178,0,1,1
1114,1178,1179,0,0,1
1119,1179,1180,0,0,1
1124,1121,1181,0,0,1
1182,1181,1183,1,0,1
1128,1184,1185,0,1,1
1146,1142,1186,0,0,1
1169,1186,1187,0,0,1
1188,1187,1189,1,0,1
1082,1189,1190,0,0,1
1191,1190,1192,1,0,1
1176,1192,1193,0,0,1
1183,1180,1194,0,0,1
922,1194,1195,0,0,1
1185,1195,1193,0,0,0
1196,1197,1198,1,1,1,1274
1199,1198,1200,1,0,1
1201,1202,1203,1,1,1
1204,1203,1205,1,0,1
1206,1207,1208,1,1,1
1209,1210,1211,1,1,1
1212,1213,1214,1,1,1
1215,1216,1217,1,1,1
1218,1217,1219,1,0,1
1220,1221,1222,1,1,1
1223,1224,1225,1,1,1
1226,1227,1228,1,1,1
1229,1228,1230,1,0,1
1231,1230,1232,1,0,1
1233,1234,1235,1,1,1
1236,1237,1238,1,1,1
1239,1240,1241,1,1,1
1242,1241,1243,1,0,1
1244,1243,1245,1,0,1
1246,1247,1248,1,1,1
1249,1250,1251,1,1,1
1252,1251,1253,1,0,1
1254,1255,1256,1,1,1
1257,1256,1258,1,0,1
1259,1260,1261,1,1,1
1262,1261,1263,1,0,1
1264,1263,1265,1,0,1
1266,1265,1267,1,0,1
1268,1269,1270,1,1,1
1271,1270,1272,1,0,1
1273,1272,1274,1,0,1
1275,1276,1277,1,1,1
1278,1277,1279,1,0,1
1280,1281,1282,1,1,1
1283,1282,1284,1,0,1
1285,1286,1287,1,1,1
1288,1289,1290,1,1,1
1291,1292,1293,1,1,1
1294,1295,1296,1,1,1
1297,1298,1299,1,1,1
1300,1301,1302,1,1,1
1303,1304,1305,1,1,1
1306,1307,1308,1,1,1
1309,1310,1311,1,1,1
1312,1313,1314,1,1,1
1315,1316,1317,1,1,1
1318,1319,1320,1,1,1
1321,1322,1323,1,1,1
1324,1323,1325,1,0,1
1326,1325,1327,1,0,1
1328,1329,1330,1,1,1
1331,1332,1333,1,1,1
1334,1335,1336,1,1,1
1337,1338,1339,1,1,1
1340,1339,1341,1,0,1
1342,1343,1344,1,1,1
1345,1346,1347,1,1,1
1348,1349,1350,1,1,1
1351,1350,1352,1,0,1
1353,1354,1355,1,1,1
1356,1355,1357,1,0,1
1358,1357,1359,1,0,1
1360,1361,1362,1,1,1
1363,1364,1365,1,1,1
1366,1367,1368,1,1,1
1369,1370,1371,1,1,1
1372,1371,1373,1,0,1
1374,1373,1375,1,0,1
1376,1377,1378,1,1,1
1379,1380,1381,1,1,1
1382,1383,1384,1,1,1
1385,1386,1387,1,1,1
1388,1389,1390,1,1,1
1391,1392,1393,1,1,1
1394,1393,1395,1,0,1
1396,1397,1398,1,1,1
1399,1400,1401,1,1,1
1402,1403,1404,1,1,1
1405,1404,1406,1,0,1
1407,1408,1409,1,1,1
1410,1411,1412,1,1,1
1413,1414,1415,1,1,1
1416,1415,1417,1,0,1
1418,1419,1420,1,1,1
1421,1422,1423,1,1,1
1424,1425,1426,1,1,1
1427,1428,1429,1,1,1
1430,1431,1432,1,1,1
1433,1432,1434,1,0,1
1435,1436,1437,1,1,1
1438,1439,1440,1,1,1
1441,1442,1443,1,1,1
1444,1443,1445,1,0,1
1446,1445,1447,1,0,1
1448,1447,1449,1,0,1
1450,1449,1451,1,0,1
1452,1453,1454,1,1,1
1455,1456,1457,1,1,1
1458,1459,1460,1,1,1
1461,1460,1462,1,0,1
1463,1462,1464,1,0,1
1465,1466,1467,1,1,1
1468,1467,1469,1,0,1
1470,1471,1472,1,1,1
1473,1474,1475,1,1,1
1476,1477,1478,1,1,1
1479,1478,1480,1,0,1
1481,1480,1482,1,0,1
1483,1484,1485,1,1,1
1486,1485,1487,1,0,1
1488,1489,1490,1,1,1
1491,1490,1492,1,0,1
1493,1492,1494,1,0,1
1495,1496,1497,1,1,1
1498,1497,1499,1,0,1
1500,1499,1501,1,0,1
1502,1501,1503,1,0,1
1006,1503,1504,0,0,1
1002,1504,1505,0,0,1
1003,1505,1506,0,0,1
1147,1506,1507,0,0,1
997,1000,1508,0,0,1
995,998,1509,0,0,1
992,1509,1510,0,0,1
989,993,1511,0,0,1
987,990,1512,0,0,1
982,985,1513,0,0,1
979,983,1514,0,0,1
1141,980,1515,0,0,1
976,1515,1516,0,0,1
977,1516,1517,0,0,1
974,1517,1518,0,0,1
971,1518,1519,0,0,1
969,972,1520,0,0,1
967,1520,1521,0,0,1
959,963,1522,0,0,1
960,1522,1523,0,0,1
956,1523,1524,0,0,1
954,957,1525,0,0,1
950,952,1526,0,0,1
945,948,1527,0,0,1
1132,943,1528,0,0,1
939,1528,1529,0,0,1
937,940,1530,0,0,1
934,1530,1531,0,0,1
1129,935,1532,0,0,1
932,1532,1533,0,0,1
929,1533,1534,0,0,1
926,930,1535,0,0,1
923,927,1536,0,0,1
1125,924,1537,0,0,1
1184,1537,1538,0,0,1
920,1538,1539,0,0,1
1182,921,1540,0,0,1
1123,1540,1541,0,0,1
914,916,1542,0,0,1
910,912,1543,0,0,1
906,908,1544,0,0,1
1200,903,1545,0,0,1
1205,1545,1546,0,0,1
1208,1546,1547,0,0,1
1211,1547,1548,0,0,1
1549,1548,1550,1,0,1
1214,1550,1551,0,0,1
1219,1551,1552,0,0,1
1222,1553,1554,0,1,1
1225,1554,1555,0,0,1
1556,1555,1557,1,0,1
1232,1557,1558,0,0,1
1245,1238,1559,0,0,1
1258,1253,1560,0,0,1
1267,1561,1562,0,1,1
1274,1562,1563,0,0,1
1279,1563,1564,0,0,1
1565,1564,1566,1,0,1
1284,1566,1567,0,0,1
1287,1567,1568,0,0,1
1569,1568,1570,1,0,1
1290,1570,1571,0,0,1
1572,1571,1573,1,0,1
1293,1573,1574,0,0,1
1575,1574,1576,1,0,1
1296,1576,1577,0,0,1
1299,1577,1578,0,0,1
1302,1578,1579,0,0,1
1580,1579,1581,1,0,1
1305,1581,1582,0,0,1
1308,1582,1583,0,0,1
1311,1583,1584,0,0,1
1314,1584,1585,0,0,1
1317,1585,1586,0,0,1
1327,1320,1587,0,0,1
1330,1587,1588,0,0,1
1333,1588,1589,0,0,1
1336,1589,1590,0,0,1
1341,1590,1591,0,0,1
1344,1591,1592,0,0,1
1347,1592,1593,0,0,1
1352,1593,1594,0,0,1
1359,1595,1596,0,1,1
1362,1596,1597,0,0,1
1365,1597,1598,0,0,1
1368,1598,1599,0,0,1
1375,1599,1600,0,0,1
1378,1600,1601,0,0,1
1381,1601,1602,0,0,1
1384,1602,1603,0,0,1
1387,1603,1604,0,0,1
1605,1604,1606,1,0,1
1390,1606,1607,0,0,1
1395,1607,1608,0,0,1
1398,1608,1609,0,0,1
1406,1401,1610,0,0,1
1409,1611,1612,0,1,1
1412,1612,1613,0,0,1
1420,1614,1615,0,1,1
1451,1440,1616,0,0,1
1464,1457,1617,0,0,1
1469,1617,1618,0,0,1
1472,1618,1619,0,0,1
1494,1487,1620,0,0,1
1507,1620,1621,0,0,1
1508,1621,1622,0,0,1
1510,1622,1623,0,0,1
1511,1623,1624,0,0,1
1512,1624,1625,0,0,1
1513,1625,1626,0,0,1
1514,1626,1627,0,0,1
1519,1627,1628,0,0,1
1521,1628,1629,0,0,1
1527,947,1630,0,0,1
1534,1531,1631,0,0,1
1535,1631,1632,0,0,1
1541,1539,1633,0,0,1
918,1633,1634,0,0,1
1542,1634,1635,0,0,1
1543,1635,1636,0,0,1
1544,1636,1637,0,0,1
1552,1637,1638,0,0,1
1558,1638,1639,0,0,1
1235,1639,1640,0,0,1
1559,1640,1641,0,0,1
1586,1560,1642,0,0,1
1594,1643,1644,0,1,1
1609,1645,1646,0,1,1
1610,1646,1647,0,0,1
1613,1647,1648,0,0,1
1417,1648,1649,0,0,1
1615,1649,1650,0,0,1
1423,1650,1651,0,0,1
1616,1437,1652,0,0,1
1619,1653,1654,0,1,1
1629,1655,1656,0,1,1
1642,1248,1657,0,0,1
1644,1657,1658,0,0,1
1651,1658,1659,0,0,1
1652,1434,1660,0,0,1
1656,1482,1661,0,0,1
965,1661,1662,0,0,1
962,1662,1663,0,0,1
1659,1641,1664,0,0,1
1665,1664,1666,1,0,1
1426,1666,1667,0,0,1
1429,1667,1668,0,0,1
1663,1475,1669,0,0,1
1524,1669,1670,0,0,1
1525,1670,1671,0,0,1
1526,1671,1672,0,0,1
1630,1672,1673,0,0,1
942,1673,1674,0,0,1
1529,1674,1675,0,0,1
1668,1536,1676,0,0,1
1675,1677,1678,0,1,1
1676,1632,1679,0,0,1
1660,1679,1680,0,0,1
1454,1680,1681,0,0,1
1654,1681,1678,0,0,0
1682,1683,1684,1,1,1,1273
1363,1684,1685,0,0,1
1364,1685,1686,0,0,1
1360,1686,1687,0,0,1
1361,1687,1688,0,0,1
1358,1688,1689,0,0,1
1356,1689,1690,0,0,1
1353,1690,1691,0,0,1
1595,1354,1692,0,0,1
1645,1692,1693,0,0,1
1351,1693,1694,0,0,1
1348,1694,1695,0,0,1
1345,1349,1696,0,0,1
1342,1346,1697,0,0,1
1340,1343,1698,0,0,1
1337,1698,1699,0,0,1
1334,1338,1700,0,0,1
1331,1335,1701,0,0,1
1328,1332,1702,0,0,1
1326,1329,1703,0,0,1
1318,1322,1704,0,0,1
1643,1319,1705,0,0,1
1315,1705,1706,0,0,1
1316,1706,1707,0,0,1
1312,1707,1708,0,0,1
1313,1708,1709,0,0,1
1309,1709,1710,0,0,1
1306,1310,1711,0,0,1
1303,1307,1712,0,0,1
1580,1304,1713,0,0,1
1300,1713,1714,0,0,1
1297,1301,1715,0,0,1
1294,1298,1716,0,0,1
1575,1295,1717,0,0,1
1291,1717,1718,0,0,1
1572,1292,1719,0,0,1
1288,1719,1720,0,0,1
1569,1289,1721,0,0,1
1285,1721,1722,0,0,1
1283,1286,1723,0,0,1
1280,1723,1724,0,0,1
1565,1281,1725,0,0,1
1278,1725,1726,0,0,1
1273,1276,1727,0,0,1
1271,1727,1728,0,0,1
1266,1269,1729,0,0,1
1264,1729,1730,0,0,1
1262,1730,1731,0,0,1
1259,1731,1732,0,0,1
1561,1260,1733,0,0,1
1257,1733,1734,0,0,1
1254,1734,1735,0,0,1
1252,1255,1736,0,0,1
1249,1736,1737,0,0,1
1246,1250,1738,0,0,1
1244,1247,1739,0,0,1
1242,1739,1740,0,0,1
1239,1740,1741,0,0,1
1236,1240,1742,0,0,1
1233,1237,1743,0,0,1
1231,1234,1744,0,0,1
1229,1744,1745,0,0,1
1226,1745,1746,0,0,1
1556,1227,1747,0,0,1
1223,1747,1748,0,0,1
1220,1224,1749,0,0,1
1553,1221,1750,0,0,1
1218,1750,1751,0,0,1
1215,1751,1752,0,0,1
1216,1752,1753,0,0,1
1212,1753,1754,0,0,1
1549,1213,1755,0,0,1
1209,1755,1756,0,0,1
1210,1756,1757,0,0,1
1206,1757,1758,0,0,1
1204,1207,1759,0,0,1
1199,1202,1760,0,0,1
1196,1760,1761,0,0,1
1762,1761,1763,1,0,1
1695,1691,1764,0,0,1
1696,1764,1765,0,0,1
1697,1765,1766,0,0,1
1699,1766,1767,0,0,1
1700,1767,1768,0,0,1
1701,1768,1769,0,0,1
1702,1769,1770,0,0,1
1703,1770,1771,0,0,1
1324,1771,1772,0,0,1
1321,1772,1773,0,0,1
1704,1773,1774,0,0,1
1710,1774,1775,0,0,1
1711,1775,1776,0,0,1
1712,1776,1777,0,0,1
1714,1777,1778,0,0,1
1715,1778,1779,0,0,1
1716,1779,1780,0,0,1
1718,1780,1781,0,0,1
1720,1781,1782,0,0,1
1722,1782,1783,0,0,1
1724,1783,1784,0,0,1
1726,1784,1785,0,0,1
1275,1785,1786,0,0,1
1728,1786,1787,0,0,1
1268,1787,1788,0,0,1
1735,1732,1789,0,0,1
1737,1789,1790,0,0,1
1738,1790,1791,0,0,1
1741,1791,1792,0,0,1
1742,1792,1793,0,0,1
1743,1793,1794,0,0,1
1746,1794,1795,0,0,1
1748,1795,1796,0,0,1
1749,1796,1797,0,0,1
1754,1797,1798,0,0,1
1758,1798,1799,0,0,1
1759,1799,1800,0,0,1
1201,1800,1801,0,0,1
1763,1801,1788,0,0,0
870,872,1802,0,0,1,9463
1803,1802,1804,1,0,1
1805,1806,1807,1,1,1
1808,1807,1809,1,0,1
1810,1811,1812,1,1,1
1813,1814,1815,1,1,1
1816,1817,1818,1,1,1
1819,1820,1821,1,1,1
1822,1821,1823,1,0,1
1824,1823,1825,1,0,1
1826,1825,1827,1,0,1
598,1827,1828,0,0,1
595,1828,1829,0,0,1
879,883,1830,0,0,1
877,880,1831,0,0,1
1804,875,1832,0,0,1
1815,1812,1833,0,0,1
1818,1833,1834,0,0,1
1829,1835,1836,0,1,1
882,1836,1837,0,0,1
1830,1837,1838,0,0,1
1831,1838,1839,0,0,1
1832,874,1840,0,0,1
1809,1840,1841,0,0,1
1834,1841,1839,0,0,0
1120,901,1842,0,0,1,9464
1118,1842,1843,0,0,1
1113,1116,1844,0,0,1
1845,1844,1846,1,0,1
1847,1846,1848,1,0,1
1849,1848,1850,1,0,1
1851,1852,1853,1,1,1
1854,1853,1855,1,0,1
1856,1855,1857,1,0,1
1858,1857,1859,1,0,1
1820,1859,1860,0,0,1
1835,1860,1861,0,0,1
1816,1861,1862,0,0,1
1813,1817,1863,0,0,1
1810,1814,1864,0,0,1
1808,1811,1865,0,0,1
1803,1806,1866,0,0,1
868,1866,1867,0,0,1
865,1867,1868,0,0,1
1843,1868,1869,0,0,1
1115,1869,1870,0,0,1
1850,1870,1871,0,0,1
1862,1872,1873,0,1,1
1863,1873,1874,0,0,1
1865,1864,1875,0,0,1
1805,1875,1876,0,0,1
1871,1876,1874,0,0,0
272,243,1877,0,0,1,29936
278,1877,1878,0,0,1
240,1878,1879,0,0,1
365,299,1880,0,0,1,1266
363,1880,1881,0,0,1
361,1881,1882,0,0,1
359,1882,1883,0,0,1
0,357,1884,0,0,1
145,1884,1885,0,0,1
303,1885,1886,0,0,1
304,1886,1887,0,0,1
301,1887,1883,0,0,0
538,392,1888,0,0,1,9460
536,1888,1889,0,0,1
534,1889,1890,0,0,1
576,532,1891,0,0,1
563,1891,1892,0,0,1
1893,529,1894,1,0,1
1895,1894,1896,1,0,1
1897,1898,1899,1,1,1
1900,1899,1901,1,0,1
1902,1903,1904,1,1,1
394,1904,1905,0,0,1
407,395,1906,0,0,1
410,1906,1907,0,0,1
1890,1907,1908,0,0,1
531,1908,1909,0,0,1
1896,528,1910,0,0,1
1911,1910,1912,1,0,1
1901,1912,1913,0,0,1
1909,1905,1914,0,0,1
1892,1914,1913,0,0,0
1111,1845,1915,0,0,1,9465
1109,1915,1916,0,0,1
1104,1107,1917,0,0,1
1102,1917,1918,0,0,1
1919,1918,1920,1,0,1
1851,1920,1921,0,0,1
1852,1921,1922,0,0,1
1872,1922,1923,0,0,1
1849,1923,1924,0,0,1
1916,1847,1925,0,0,1
1106,1925,1924,0,0,0
1900,1903,1926,0,0,1,1268
1911,1898,1927,0,0,1
526,1893,1928,0,0,1
524,1928,1929,0,0,1
1930,1929,1931,1,0,1
1932,1933,1934,1,1,1
1935,1936,1937,1,1,1
506,1938,1939,0,1,1
1940,1939,1941,1,0,1
1942,1941,1943,1,0,1
1944,1945,1946,1,1,1
1947,1948,1949,1,1,1
39,1950,1951,0,1,1
1952,1951,1953,1,0,1
1954,1955,1956,1,1,1
1957,1958,1959,1,1,1
1960,1961,1962,1,1,1
1963,1964,1965,1,1,1
23,1966,1967,0,1,1
337,1967,1968,0,0,1
331,335,1969,0,0,1
329,332,1970,0,0,1
326,1970,1971,0,0,1
1902,1971,1972,0,0,1
1926,1972,1973,0,0,1
1897,1973,1974,0,0,1
1946,1943,1975,0,0,1
1953,1976,1977,0,1,1
1956,1977,1978,0,0,1
1974,1969,1979,0,0,1
1927,1979,1980,0,0,1
1978,1949,1981,0,0,1
1959,1981,1982,0,0,1
1980,334,1983,0,0,1
1895,1983,1984,0,0,1
1931,1984,1985,0,0,1
1982,1975,1986,0,0,1
1962,1986,1987,0,0,1
1965,1987,1988,0,0,1
1985,1968,1989,0,0,1
1934,1989,1990,0,0,1
1937,1990,1988,0,0,0
348,351,1991,0,0,1,1266
345,349,1992,0,0,1
343,346,1993,0,0,1
341,1993,1994,0,0,1
17,21,1995,0,0,1
15,18,1996,0,0,1
13,1996,1997,0,0,1
1991,1997,1998,0,0,1
1992,1998,1999,0,0,1
1994,1999,1995,0,0,0
1826,600,2000,0,0,1,1271
1822,1824,2001,0,0,1
2002,2003,2004,1,1,1
2005,2004,2006,1,0,1
2007,2006,2008,1,0,1
2009,2008,2010,1,0,1
2011,2010,2012,1,0,1
2013,2012,2014,1,0,1
2015,2016,2017,1,1,1
2018,2017,2019,1,0,1
2020,2019,2021,1,0,1
2022,2021,2023,1,0,1
2024,2023,2025,1,0,1
607,2025,2026,0,0,1
790,2026,2027,0,0,1
2000,602,2028,0,0,1
2014,2001,2029,0,0,1
2027,2029,2030,0,0,1
604,2030,2028,0,0,0
1099,1919,2031,0,0,1,1272
2032,2031,2033,1,0,1
2034,2033,2035,1,0,1
2003,2035,2036,0,0,1
1819,2036,2037,0,0,1
1858,2037,2038,0,0,1
1856,2038,1854,0,0,0
2039,1100,2040,1,0,1,9464
2041,2040,2042,1,0,1
2043,2042,2044,1,0,1
2045,2044,2046,1,0,1
2047,2046,2048,1,0,1
2049,2050,2051,1,1,1
2015,2051,2052,0,0,1
2053,2052,2054,1,0,1
2055,2054,2056,1,0,1
2057,2056,2058,1,0,1
2059,2060,2061,1,1,1
2002,2062,2063,0,1,1
2034,2063,2064,0,0,1
2048,2032,2065,0,0,1
2058,2065,2066,0,0,1
2061,2066,2064,0,0,0
1096,1177,2067,0,0,1,9465
1097,2067,2068,0,0,1
2050,2069,2070,0,1,1
2047,2070,2071,0,0,1
2045,2071,2072,0,0,1
2043,2072,2073,0,0,1
2041,2073,2074,0,0,1
2068,2039,2075,0,0,1
1094,2075,2076,0,0,1
1091,2076,2074,0,0,0
2077,2078,2079,1,1,1,1267
2080,2081,2082,1,1,1
2083,2084,2085,1,1,1
2086,2085,2087,1,0,1
2088,2087,2089,1,0,1
2090,2089,2091,1,0,1
2092,2093,2094,1,1,1
2079,2094,2095,0,0,1
2091,2096,2097,0,1,1
2095,2098,2099,0,1,1
2082,2099,2097,0,0,0
2090,2098,2100,0,0,1,1268
2088,2100,2101,0,0,1
2086,2101,2102,0,0,1
2103,2104,2105,1,1,1
2093,2105,2102,0,0,0
2057,2060,2106,0,0,1,9463
2055,2106,2107,0,0,1
2053,2107,2108,0,0,1
2016,2108,2109,0,0,1
2011,2013,2110,0,0,1
2007,2009,2111,0,0,1
2062,2005,2112,0,0,1
2059,2112,2113,0,0,1
2109,2113,2114,0,0,1
2110,2114,2111,0,0,0
1173,1092,2115,0,0,1,1272
1171,2115,2116,0,0,1
1089,2116,2117,0,0,1
1083,1087,2118,0,0,1
1191,1084,2119,0,0,1
1081,2119,2120,0,0,1
1078,2120,2121,0,0,1
1079,2121,2122,0,0,1
1188,2122,2123,0,0,1
1168,2123,2124,0,0,1
1075,2124,2125,0,0,1
1072,1076,2126,0,0,1
1069,1073,2127,0,0,1
1066,1070,2128,0,0,1
1063,1067,2129,0,0,1
1061,1064,2130,0,0,1
1058,2130,2131,0,0,1
1055,1059,2132,0,0,1
1053,1056,2133,0,0,1
1051,2133,2134,0,0,1
1049,2134,2135,0,0,1
1047,2135,2136,0,0,1
1043,1045,2137,0,0,1
1158,1041,2138,0,0,1
1038,2138,2139,0,0,1
1035,2139,2140,0,0,1
1155,1036,2141,0,0,1
1153,2141,2142,0,0,1
1032,2142,2143,0,0,1
1030,1033,2144,0,0,1
1024,1028,2145,0,0,1
1022,1025,2146,0,0,1
1020,2146,2147,0,0,1
1018,2147,2148,0,0,1
1016,2148,2149,0,0,1
1012,1014,2150,0,0,1
1008,1010,2151,0,0,1
2152,2151,2153,1,0,1
2154,2153,2155,1,0,1
2156,2155,2157,1,0,1
2158,2157,2159,1,0,1
2160,2159,2161,1,0,1
2162,2161,2163,1,0,1
2164,2163,2165,1,0,1
2166,2165,2167,1,0,1
2168,2167,2169,1,0,1
2170,2169,2171,1,0,1
2172,2171,2173,1,0,1
2174,2173,2175,1,0,1
2176,2175,2177,1,0,1
2178,2177,2179,1,0,1
2180,2179,2181,1,0,1
2182,2181,2183,1,0,1
2184,2185,2186,1,1,1
2187,2186,2188,1,0,1
2189,2188,2190,1,0,1
2191,2192,2193,1,1,1
2194,2195,2196,1,1,1
2197,2198,2199,1,1,1
2200,2201,2202,1,1,1
2203,2204,2205,1,1,1
2206,2207,2208,1,1,1
2209,2210,2211,1,1,1
2212,2213,2214,1,1,1
2215,2216,2217,1,1,1
2218,2217,2219,1,0,1
2220,2221,2222,1,1,1
2223,2222,2224,1,0,1
2225,2224,2226,1,0,1
2227,2228,2229,1,1,1
2230,2231,2232,1,1,1
2233,2234,2235,1,1,1
2236,2237,2238,1,1,1
2022,2238,2239,0,0,1
2020,2239,2240,0,0,1
2018,2240,2241,0,0,1
2049,2241,2242,0,0,1
2117,2069,2243,0,0,1
2125,2118,2244,0,0,1
2126,2244,2245,0,0,1
2127,2245,2246,0,0,1
2128,2246,2247,0,0,1
2129,2247,2248,0,0,1
2131,2248,2249,0,0,1
2132,2249,2250,0,0,1
2136,2250,2251,0,0,1
2137,2251,2252,0,0,1
2143,2140,2253,0,0,1
2144,2253,2254,0,0,1
1027,2254,2255,0,0,1
2145,2255,2256,0,0,1
2149,2256,2257,0,0,1
2150,2257,2258,0,0,1
2183,2258,2259,0,0,1
2190,2259,2260,0,0,1
2261,2260,2262,1,0,1
2193,2262,2263,0,0,1
2196,2263,2264,0,0,1
2199,2264,2265,0,0,1
2266,2265,2267,1,0,1
2268,2267,2269,1,0,1
2202,2269,2270,0,0,1
2205,2270,2271,0,0,1
2211,2208,2272,0,0,1
2214,2272,2273,0,0,1
2226,2219,2274,0,0,1
2242,2235,2275,0,0,1
2243,2275,2276,0,0,1
1086,2276,2277,0,0,1
2271,1040,2278,0,0,1
2279,2278,2280,1,0,1
2273,2280,2281,0,0,1
2274,2281,2282,0,0,1
2277,2232,2283,0,0,1
2282,2252,2284,0,0,1
2229,2284,2283,0,0,0
2236,2024,2285,0,0,1,9463
2286,2285,2287,1,0,1
2288,2287,606,1,0,0
2233,2237,2289,0,0,1,9464
2230,2234,2290,0,0,1
2227,2231,2291,0,0,1
2225,2228,2292,0,0,1
2223,2292,2293,0,0,1
2286,2293,2294,0,0,1
2289,2294,2295,0,0,1
2290,2295,2291,0,0,0
1963,1966,2296,0,0,1,1267
1960,1964,2297,0,0,1
1957,1961,2298,0,0,1
1958,2298,2299,0,0,1
1952,1955,2300,0,0,1
124,2300,2301,0,0,1
35,2301,2302,0,0,1
33,36,2303,0,0,1
26,29,2304,0,0,1
2296,2304,2305,0,0,1
2299,2297,2306,0,0,1
2302,1954,2307,0,0,1
2303,2307,2308,0,0,1
31,2308,2309,0,0,1
2305,28,2310,0,0,1
2306,2310,2309,0,0,0
2220,2288,2311,0,0,1,1271
2221,2311,2312,0,0,1
2218,2312,2313,0,0,1
2215,2313,2314,0,0,1
2212,2216,2315,0,0,1
2213,2315,2316,0,0,1
2209,2316,2317,0,0,1
2206,2210,2318,0,0,1
2279,2207,2319,0,0,1
2203,2319,2320,0,0,1
2200,2204,2321,0,0,1
2268,2201,2322,0,0,1
2266,2322,2323,0,0,1
2197,2323,2324,0,0,1
2194,2198,2325,0,0,1
2191,2195,2326,0,0,1
2261,2192,2327,0,0,1
2189,2327,2328,0,0,1
2187,2328,2329,0,0,1
2184,2329,2330,0,0,1
2182,2185,2331,0,0,1
2180,2331,2332,0,0,1
2178,2332,2333,0,0,1
2176,2333,2334,0,0,1
2172,2174,2335,0,0,1
2170,2335,2336,0,0,1
2166,2168,2337,0,0,1
2164,2337,2338,0,0,1
2160,2162,2339,0,0,1
2156,2158,2340,0,0,1
2341,2154,2342,1,0,1
690,2342,2343,0,0,1
686,2343,2344,0,0,1
687,2344,2345,0,0,1
684,2345,2346,0,0,1
682,2346,2347,0,0,1
679,2347,2348,0,0,1
680,2348,2349,0,0,1
676,2349,2350,0,0,1
677,2350,2351,0,0,1
809,672,2352,0,0,1
847,2352,2353,0,0,1
664,667,2354,0,0,1
661,665,2355,0,0,1
807,662,2356,0,0,1
658,2356,2357,0,0,1
655,659,2358,0,0,1
805,656,2359,0,0,1
859,2359,2360,0,0,1
653,2360,2361,0,0,1
651,2361,2362,0,0,1
648,2362,2363,0,0,1
645,649,2364,0,0,1
643,646,2365,0,0,1
640,2365,2366,0,0,1
801,641,2367,0,0,1
637,2367,2368,0,0,1
798,638,2369,0,0,1
634,2369,2370,0,0,1
632,635,2371,0,0,1
630,2371,2372,0,0,1
627,2372,2373,0,0,1
624,628,2374,0,0,1
621,625,2375,0,0,1
618,622,2376,0,0,1
793,619,2377,0,0,1
615,2377,2378,0,0,1
613,616,2379,0,0,1
611,2379,2380,0,0,1
609,2380,2381,0,0,1
2314,2381,2382,0,0,1
2317,2382,2383,0,0,1
2318,2383,2384,0,0,1
2320,2384,2385,0,0,1
2321,2385,2386,0,0,1
2324,2386,2387,0,0,1
2330,2326,2388,0,0,1
2336,2334,2389,0,0,1
2351,2340,2390,0,0,1
674,2390,2391,0,0,1
671,2391,2392,0,0,1
2353,2392,2393,0,0,1
669,2393,2394,0,0,1
2358,2357,2395,0,0,1
2363,2395,2396,0,0,1
2364,2396,2397,0,0,1
2366,2397,2398,0,0,1
2368,2398,2399,0,0,1
2370,2399,2400,0,0,1
2373,2400,2401,0,0,1
2374,2401,2402,0,0,1
2376,2375,2403,0,0,1
2378,2403,2404,0,0,1
2387,2404,2405,0,0,1
2325,2405,2406,0,0,1
2394,2339,2407,0,0,1
2402,2355,2408,0,0,1
2406,2408,2409,0,0,1
2388,2409,2410,0,0,1
2407,2338,2411,0,0,1
2410,2354,2412,0,0,1
2389,2412,2411,0,0,0
522,1930,2413,0,0,1,9460
2414,2413,2415,1,0,1
512,2416,2417,0,1,1
509,2417,2418,0,0,1
1935,1938,2419,0,0,1
1936,2419,2420,0,0,1
1932,2420,2421,0,0,1
1933,2421,2422,0,0,1
2415,2422,2418,0,0,0
519,2414,2423,0,0,1,9461
560,520,2424,0,0,1
516,2424,2425,0,0,1
517,2425,2426,0,0,1
514,2426,2427,0,0,1
511,2427,2428,0,0,1
2416,2428,2423,0,0,0
1421,1665,2429,0,0,1,1275
1418,1422,2430,0,0,1
1614,1419,2431,0,0,1
1416,2431,2432,0,0,1
1413,2432,2433,0,0,1
1410,1414,2434,0,0,1
1407,1411,2435,0,0,1
1611,1408,2436,0,0,1
1405,2436,2437,0,0,1
1402,2437,2438,0,0,1
1399,1403,2439,0,0,1
1396,1400,2440,0,0,1
1394,1397,2441,0,0,1
1388,1392,2442,0,0,1
1605,1389,2443,0,0,1
1385,2443,2444,0,0,1
1382,1386,2445,0,0,1
1379,1383,2446,0,0,1
1376,1380,2447,0,0,1
1377,2447,2448,0,0,1
1374,2448,2449,0,0,1
1372,2449,2450,0,0,1
1369,2450,2451,0,0,1
1366,1370,2452,0,0,1
2453,2452,2454,1,0,1
1500,2454,2455,0,0,1
1498,2455,2456,0,0,1
1495,2456,2457,0,0,1
1493,1496,2458,0,0,1
1491,2458,2459,0,0,1
1488,2459,2460,0,0,1
1486,1489,2461,0,0,1
1483,2461,2462,0,0,1
1655,1484,2463,0,0,1
1481,2463,2464,0,0,1
1476,1479,2465,0,0,1
1473,1477,2466,0,0,1
1677,1474,2467,0,0,1
1470,2467,2468,0,0,1
1471,2468,2469,0,0,1
1468,2469,2470,0,0,1
1465,2470,2471,0,0,1
1463,1466,2472,0,0,1
1461,2472,2473,0,0,1
1458,2473,2474,0,0,1
1455,1459,2475,0,0,1
1653,1456,2476,0,0,1
1452,2476,2477,0,0,1
1453,2477,2478,0,0,1
1450,2478,2479,0,0,1
1448,2479,2480,0,0,1
1446,2480,2481,0,0,1
1444,2481,2482,0,0,1
1438,1442,2483,0,0,1
1435,1439,2484,0,0,1
1433,1436,2485,0,0,1
1427,1431,2486,0,0,1
1424,1428,2487,0,0,1
1425,2487,2488,0,0,1
2429,2488,2489,0,0,1
2430,2489,2490,0,0,1
2433,2490,2491,0,0,1
2434,2491,2492,0,0,1
2435,2492,2493,0,0,1
2438,2493,2494,0,0,1
2439,2494,2495,0,0,1
2440,2495,2496,0,0,1
2441,2496,2497,0,0,1
2442,1391,2498,0,0,1
2444,2498,2499,0,0,1
2451,2446,2500,0,0,1
2457,2500,2501,0,0,1
2460,2501,2502,0,0,1
2462,2502,2503,0,0,1
2464,2503,2504,0,0,1
2465,2504,2505,0,0,1
2466,2505,2506,0,0,1
2471,2506,2507,0,0,1
2474,2507,2508,0,0,1
2475,2508,2509,0,0,1
2483,1441,2510,0,0,1
2484,2510,2511,0,0,1
2485,2511,2512,0,0,1
1430,2512,2513,0,0,1
2486,2513,2514,0,0,1
2497,2514,2515,0,0,1
2499,2515,2516,0,0,1
2509,2445,2517,0,0,1
2482,2517,2516,0,0,0
1940,1942,2518,0,0,1,9460
507,2518,2519,0,0,1
503,2519,2520,0,0,1
556,504,2521,0,0,1
501,2521,2522,0,0,1
498,2522,2523,0,0,1
496,499,2524,0,0,1
493,2524,2525,0,0,1
490,494,2526,0,0,1
2527,2528,2529,1,1,1
2530,2529,2531,1,0,1
2532,2531,2533,1,0,1
2534,2535,2536,1,1,1
2537,2538,2539,1,1,1
2540,2541,2542,1,1,1
2543,2544,2545,1,1,1
2546,2545,2547,1,0,1
1947,2548,2549,0,1,1
1944,1948,2550,0,0,1
1945,2550,2551,0,0,1
2520,2551,2552,0,0,1
2523,2552,2553,0,0,1
2533,2526,2554,0,0,1
2536,2554,2555,0,0,1
2539,2555,2556,0,0,1
2542,2556,2557,0,0,1
2549,2547,2558,0,0,1
2553,2558,2559,0,0,1
2525,2559,2557,0,0,0
1976,1950,2560,0,0,1,1267
2548,2560,2561,0,0,1
2546,2561,2562,0,0,1
2563,2543,2564,1,0,1
2565,2566,2567,1,1,1
2568,2569,2570,1,1,1
2571,2572,2573,1,1,1
2530,2574,2575,0,1,1
2527,2575,2576,0,0,1
2577,2578,2579,1,1,1
2580,2579,2581,1,0,1
2582,2583,2584,1,1,1
127,2584,2585,0,0,1
64,2585,2586,0,0,1
62,2586,2587,0,0,1
60,2587,2588,0,0,1
2589,2590,2591,1,1,1
2592,2591,2593,1,0,1
45,2594,2595,0,1,1
43,46,2596,0,0,1
41,2596,2597,0,0,1
2562,38,2598,0,0,1
2564,2598,2599,0,0,1
2567,2599,2600,0,0,1
2570,2600,2601,0,0,1
2573,2601,2602,0,0,1
2576,2602,2603,0,0,1
2588,2604,2605,0,1,1
2606,2605,2607,1,0,1
2597,2595,2608,0,0,1
2603,2608,2609,0,0,1
2610,2609,2611,1,0,1
2607,2581,2612,0,0,1
2593,2612,2611,0,0,0
235,238,2613,0,0,1,50176
233,2613,2614,0,0,1
2544,2563,2615,0,0,1,1268
2540,2615,2616,0,0,1
2541,2616,2617,0,0,1
2534,2538,2618,0,0,1
2532,2535,2619,0,0,1
2574,2619,2620,0,0,1
2571,2620,2621,0,0,1
2568,2572,2622,0,0,1
2565,2569,2623,0,0,1
2617,2566,2624,0,0,1
2537,2624,2625,0,0,1
2618,2625,2626,0,0,1
2622,2621,2627,0,0,1
2623,2627,2626,0,0,0
2604,2583,2628,0,0,1,1268
2580,2628,2629,0,0,1
2610,2578,2630,0,0,1
2528,2630,2631,0,0,1
491,2631,2632,0,0,1
488,2632,2633,0,0,1
2634,2633,2635,1,0,1
2636,2637,2638,1,1,1
2639,2640,2641,1,1,1
2642,2641,2643,1,0,1
2644,2643,2645,1,0,1
2646,2645,2647,1,0,1
2648,2647,2649,1,0,1
2650,2651,2652,1,1,1
2653,2654,2655,1,1,1
163,2655,2656,0,0,1
67,2656,2657,0,0,1
2582,2657,2658,0,0,1
2635,2577,2659,0,0,1
2638,2659,2660,0,0,1
2661,2660,2662,1,0,1
2649,2662,2663,0,0,1
2664,2663,2665,1,0,1
2652,2666,2667,0,1,1
2658,2667,2668,0,0,1
2629,2668,2665,0,0,0
2594,48,2669,0,0,1,1266
2592,2669,2670,0,0,1
2589,2670,2671,0,0,1
2606,2590,2672,0,0,1
56,58,2673,0,0,1
52,54,2674,0,0,1
2671,50,2675,0,0,1
2673,2672,2676,0,0,1
2674,2676,2675,0,0,0
2650,2654,2677,0,0,1,9460
2678,2677,2679,1,0,1
2680,2679,2681,1,0,1
2644,2681,2682,0,0,1
2683,2682,2684,1,0,1
2685,2684,2686,1,0,1
162,2686,2653,0,0,0
2664,2666,2687,0,0,1,1269
2648,2687,2688,0,0,1
2646,2688,2689,0,0,1
2678,2680,2690,0,0,1
2651,2690,2689,0,0,0
2683,2685,2691,0,0,1,50419
2642,2691,2692,0,0,1
2693,2692,2694,1,0,1
2695,2694,283,1,0,0
2696,2661,2697,1,0,1,46320
2698,2697,2699,1,0,1
168,2699,2700,0,0,1
2701,2636,2702,1,0,1,1267
2703,2704,2705,1,1,1
2706,2705,2707,1,0,1
2708,2707,2709,1,0,1
2710,2709,2711,1,0,1
2712,2713,2714,1,1,1
2715,2716,2717,1,1,1
172,175,2718,0,0,1
170,2718,2719,0,0,1
2702,2696,2720,0,0,1
2721,2720,2722,1,0,1
2711,2723,2724,0,1,1
2714,2724,2725,0,0,1
2717,2725,2726,0,0,1
2727,2726,2728,1,0,1
2719,2728,2729,0,0,1
2698,2729,2722,0,0,0
2700,2640,2730,0,0,1,1267
165,2730,2731,0,0,1
166,2731,2732,0,0,1
257,2732,2733,0,0,1
2695,275,2734,0,0,1
2693,2734,2735,0,0,1
2639,2735,2733,0,0,0
486,2634,2736,0,0,1,9460
2737,2736,2738,1,0,1
2739,2738,2740,1,0,1
2701,2741,2742,0,1,1
2637,2742,2740,0,0,0
2739,2741,2743,0,0,1,1268
483,2737,2744,0,0,1
481,484,2745,0,0,1
2746,2745,2747,1,0,1
2703,2747,2748,0,0,1
2704,2748,2749,0,0,1
2723,2749,2750,0,0,1
2743,2721,2751,0,0,1
2744,2751,2750,0,0,0
762,473,2752,0,0,1,9461
824,2752,2753,0,0,1
760,2753,2754,0,0,1
2755,2754,2756,1,0,1
2757,2756,2758,1,0,1
2759,2760,2761,1,1,1
748,751,2762,0,0,1
746,2762,2763,0,0,1
2764,743,2765,1,0,1
2766,2767,2768,1,1,1
2769,2768,2770,1,0,1
2771,2770,2772,1,0,1
2773,2774,2775,1,1,1
818,2776,2777,0,1,1
2778,2777,2779,1,0,1
2780,2779,2781,1,0,1
2782,2781,2783,1,0,1
2784,2783,2785,1,0,1
2786,2785,2787,1,0,1
2788,2787,2789,1,0,1
2790,2789,2791,1,0,1
2792,2793,2794,1,1,1
2795,2794,2796,1,0,1
2797,2796,2798,1,0,1
2799,2800,2801,1,1,1
2802,2801,2803,1,0,1
193,2804,2805,0,1,1
2806,2805,2807,1,0,1
2808,2807,2809,1,0,1
2810,2809,2811,1,0,1
2812,2811,2813,1,0,1
2814,2815,2816,1,1,1
2817,2818,2819,1,1,1
2820,2819,2821,1,0,1
2822,2821,2823,1,0,1
479,2824,2825,0,1,1
476,2825,2826,0,0,1
2758,2826,2827,0,0,1
2765,2763,2828,0,0,1
2791,2775,2829,0,0,1
2830,2829,2831,1,0,1
2798,2831,2832,0,0,1
2813,2803,2833,0,0,1
2827,2834,2835,0,1,1
2832,2772,2836,0,0,1
2835,2823,2837,0,0,1
2838,2837,2839,1,0,1
2761,2839,2840,0,0,1
2836,2828,2841,0,0,1
2833,2841,2842,0,0,1
2816,2842,2843,0,0,1
2840,2844,2845,0,1,1
2846,2845,2843,1,0,0
2824,478,2847,0,0,1,9460
2834,2847,2848,0,0,1
2820,2822,2849,0,0,1
2844,2818,2850,0,0,1
2814,2850,2851,0,0,1
2815,2851,2852,0,0,1
2812,2852,2853,0,0,1
2854,2853,2855,1,0,1
2856,2857,2858,1,1,1
189,2859,2860,0,1,1
187,2860,2861,0,0,1
184,2861,2862,0,0,1
2863,2862,2864,1,0,1
2865,2864,2866,1,0,1
2867,2866,2868,1,0,1
2869,2870,2871,1,1,1
2872,2873,2874,1,1,1
2708,2874,2875,0,0,1
2746,2706,2876,0,0,1
2848,2876,2877,0,0,1
2855,2817,2878,0,0,1
2858,2878,2879,0,0,1
2868,2879,2880,0,0,1
2871,2880,2881,0,0,1
2882,2881,2883,1,0,1
2877,2875,2884,0,0,1
2849,2884,2883,0,0,0
2715,2727,2885,0,0,1,1266
2712,2716,2886,0,0,1
2887,2886,2888,1,0,1
180,2888,2889,0,0,1
177,2889,2890,0,0,1
174,2890,2885,0,0,0
2710,2713,2891,0,0,1,46320
2872,2891,2892,0,0,1
2893,2892,2894,1,0,1
2895,2894,2896,1,0,1
2897,2896,2898,1,0,1
2899,2898,2900,1,0,1
2863,2901,2902,0,1,1
185,2902,2903,0,0,1
182,2903,2904,0,0,1
179,2904,2905,0,0,1
2887,2905,2900,0,0,0
2882,2873,2906,0,0,1,1267
2869,2906,2907,0,0,1
2870,2907,2908,0,0,1
2867,2908,2909,0,0,1
2901,2865,2910,0,0,1
2899,2910,2911,0,0,1
2897,2911,2912,0,0,1
2895,2912,2913,0,0,1
2893,2913,2909,0,0,0
757,2755,2914,0,0,1,9462
822,758,2915,0,0,1
753,755,2916,0,0,1
2846,750,2917,0,0,1
2838,2760,2918,0,0,1
2914,2757,2919,0,0,1
2915,2919,2920,0,0,1
2917,2916,2921,0,0,1
2759,2921,2922,0,0,1
2918,2922,2920,0,0,0
2856,2859,2923,0,0,1,46320
2854,2857,2924,0,0,1
2810,2924,2925,0,0,1
2806,2808,2926,0,0,1
191,2926,2927,0,0,1
2923,2927,2925,0,0,0
2802,2804,2928,0,0,1,46320
2929,2928,2930,1,0,1
2931,2932,2933,1,1,1
2795,2934,2935,0,1,1
2936,2792,2937,1,0,1
2938,2937,2939,1,0,1
2940,2939,2941,1,0,1
2942,2943,2944,1,1,1
2945,2946,2947,1,1,1
2948,2949,2950,1,1,1
2951,2950,2952,1,0,1
2953,2952,2954,1,0,1
2955,2954,2956,1,0,1
2957,2956,2958,1,0,1
2959,2960,2961,1,1,1
2962,2961,2963,1,0,1
2964,2965,2966,1,1,1
2967,2966,2968,1,0,1
2969,2970,2971,1,1,1
2972,2973,2974,1,1,1
2975,2974,2976,1,0,1
2977,2978,2979,1,1,1
2980,2979,2981,1,0,1
2982,2981,2983,1,0,1
2984,2985,2986,1,1,1
2987,2986,2988,1,0,1
2989,2990,2991,1,1,1
229,2991,2992,0,0,1
225,2992,2993,0,0,1
226,2993,2994,0,0,1
222,2994,2995,0,0,1
223,2995,2996,0,0,1
220,2996,2997,0,0,1
217,2997,2998,0,0,1
215,218,2999,0,0,1
212,2999,3000,0,0,1
209,213,3001,0,0,1
207,210,3002,0,0,1
205,3002,3003,0,0,1
263,203,3004,0,0,1
199,3004,3005,0,0,1
197,200,3006,0,0,1
2930,195,3007,0,0,1
2933,3007,3008,0,0,1
2935,3008,3009,0,0,1
2941,3009,3010,0,0,1
2944,3010,3011,0,0,1
2947,3011,3012,0,0,1
2958,3012,3013,0,0,1
2968,2963,3014,0,0,1
2976,2971,3015,0,0,1
2983,3016,3017,0,1,1
2988,3017,3018,0,0,1
2998,3018,3019,0,0,1
3000,3019,3020,0,0,1
3003,3001,3021,0,0,1
202,3021,3022,0,0,1
3006,3005,3023,0,0,1
3013,3023,3024,0,0,1
3015,3014,3025,0,0,1
3020,3026,3027,0,1,1
3024,3022,3028,0,0,1
3025,3028,3027,0,0,0
2797,2800,3029,0,0,1,9460
2934,3029,3030,0,0,1
2931,3030,3031,0,0,1
2929,2932,3032,0,0,1
2799,3032,3031,0,0,0
741,744,3033,0,0,1,9462
738,3033,3034,0,0,1
851,739,3035,0,0,1
735,3035,3036,0,0,1
732,736,3037,0,0,1
2769,2771,3038,0,0,1
2764,2767,3039,0,0,1
3034,3039,3040,0,0,1
3036,3040,3041,0,0,1
3038,3037,3042,0,0,1
2766,3042,3041,0,0,0
2936,2938,3043,0,0,1,9460
2830,2793,3044,0,0,1
2790,3044,3045,0,0,1
2784,2786,3046,0,0,1
3047,2782,3048,1,0,1
3049,3050,3051,1,1,1
3052,3053,3054,1,1,1
3055,3054,3056,1,0,1
3057,3058,3059,1,1,1
3060,3061,3062,1,1,1
2970,3062,3063,0,0,1
2967,3063,3064,0,0,1
2964,3064,3065,0,0,1
2962,2965,3066,0,0,1
2959,3066,3067,0,0,1
2957,2960,3068,0,0,1
2953,2955,3069,0,0,1
2948,2951,3070,0,0,1
2945,2949,3071,0,0,1
2946,3071,3072,0,0,1
2942,3072,3073,0,0,1
2940,2943,3074,0,0,1
3045,3043,3075,0,0,1
2788,3075,3076,0,0,1
3065,3077,3078,0,1,1
3076,3074,3079,0,0,1
3046,3079,3080,0,0,1
3078,3081,3082,0,1,1
3067,3082,3083,0,0,1
3080,3073,3084,0,0,1
3048,3084,3085,0,0,1
3086,3085,3087,1,0,1
3051,3087,3088,0,0,1
3083,3089,3090,0,1,1
3088,3070,3091,0,0,1
3056,3091,3092,0,0,1
3090,3059,3093,0,0,1
3068,3093,3094,0,0,1
3069,3094,3092,0,0,0
733,2774,3095,0,0,1,1269
729,3095,3096,0,0,1
2776,730,3097,0,0,1
2773,3097,3096,0,0,0
3086,3050,3098,0,0,1,9461
3099,3098,3100,1,0,1
3101,3100,3102,1,0,1
3103,3102,3104,1,0,1
3105,3104,3106,1,0,1
3053,3106,3049,0,0,0
2780,3047,3107,0,0,1,1269
727,2778,3108,0,0,1
723,725,3109,0,0,1
721,3109,3110,0,0,1
3111,718,3112,1,0,1
3113,3112,3114,1,0,1
3052,3115,3116,0,1,1
3105,3116,3117,0,0,1
3103,3117,3118,0,0,1
3101,3118,3119,0,0,1
3107,3099,3120,0,0,1
3108,3120,3121,0,0,1
3110,3121,3122,0,0,1
3114,3122,3119,0,0,0
3115,3055,3123,0,0,1,9461
3113,3123,3124,0,0,1
3111,3124,3125,0,0,1
716,719,3126,0,0,1
714,3126,3127,0,0,1
709,712,3128,0,0,1
815,710,3129,0,0,1
3130,3131,3132,1,1,1
700,3133,3134,0,1,1
698,3134,3135,0,0,1
3136,3135,3137,1,0,1
3138,3137,3139,1,0,1
3140,3139,3141,1,0,1
3142,3143,3144,1,1,1
3145,3146,3147,1,1,1
3148,3147,3149,1,0,1
3150,3149,3151,1,0,1
2985,3151,3152,0,0,1
2982,3152,3153,0,0,1
2980,3153,3154,0,0,1
3155,3154,3156,1,0,1
3157,3158,3159,1,1,1
3160,3161,3162,1,1,1
2973,3163,3164,0,1,1
2969,3164,3165,0,0,1
3060,3165,3166,0,0,1
3077,3061,3167,0,0,1
3089,3081,3168,0,0,1
3057,3168,3169,0,0,1
3058,3169,3170,0,0,1
3125,3170,3171,0,0,1
3127,3171,3172,0,0,1
3156,3144,3173,0,0,1
3159,3173,3174,0,0,1
3167,3166,3175,0,0,1
3172,3175,3176,0,0,1
3128,3176,3177,0,0,1
3129,3177,3178,0,0,1
3179,3178,3180,1,0,1
3174,3141,3181,0,0,1
3180,3162,3182,0,0,1
3132,3182,3181,0,0,0
3163,2972,3183,0,0,1,9460
3160,3183,3184,0,0,1
3161,3184,3185,0,0,1
3157,3185,3186,0,0,1
3155,3158,3187,0,0,1
2977,3187,3188,0,0,1
2978,3188,3189,0,0,1
3016,3189,3190,0,0,1
3026,3190,3191,0,0,1
2975,3191,3186,0,0,0
813,3179,3192,0,0,1,1269
707,3192,3193,0,0,1
704,3193,3194,0,0,1
702,705,3195,0,0,1
3133,3195,3196,0,0,1
3130,3196,3197,0,0,1
3131,3197,3194,0,0,0
696,3136,3198,0,0,1,9462
694,3198,3199,0,0,1
3200,692,3201,1,0,1
3142,3146,3202,0,0,1
3140,3143,3203,0,0,1
3138,3203,3204,0,0,1
3199,3204,3205,0,0,1
3201,3205,3202,0,0,0
2984,2987,3206,0,0,1,9460
3150,3206,3207,0,0,1
3208,3207,3209,1,0,1
3210,3209,3211,1,0,1
3212,3211,3213,1,0,1
3214,3213,3215,1,0,1
3216,3215,2990,1,0,0
3148,3208,3217,0,0,1,1269
3218,3217,3219,1,0,1
3220,3219,3210,1,0,0
3220,3212,3221,0,0,1,9461
3222,3221,3214,1,0,0