90.166425,69.100658,0,1,172,173,174,175,176,177,178,179,180,181,182,183,210,211
90.0,69.1,0,89,90,91,92,93,94,95,96,97,98,173
90.0,67.5,0,1,2,3,4,5,6,7,8,9,10,11,12,13,14,15,16,17,18,19,20,64,65
90.166695,69.067543,1,2,172
90.599767,69.066617,2,3,171,172,209,210
90.932854,68.999109,3,4,171
91.399613,69.001505,4,5,170,171,208,209
91.766613,68.934679,5,6,169,170
92.035221,68.867098,6,7,169
92.267025,68.866511,7,8,168,169,170,207,208
92.967445,68.76625,8,9,167,168
92.966198,68.732606,9,10,167
93.399362,68.732663,10,11,166,167,168,206,207
93.399881,68.700994,11,12,165,166
94.233384,68.699996,12,13,164,165
94.2335,68.666156,13,14,163,164
94.800535,68.667882,14,15,162,163
95.400018,68.599963,15,16,161,162
95.999622,68.498883,16,17,160,161
96.566584,68.300755,17,18,159,160
96.867341,68.267834,18,19,158,159
96.866124,68.232687,19,20,157,158
97.300294,68.231792,20,65,66,156,157
98.20107,68.799526,21,22,154,155
97.633477,68.699588,21,155,156,157,158,159,160,161,162,163,164,165,166,205,206
97.634122,68.666922,21,22,66,67,156
98.333064,68.800226,22,67,68,153,154
99.265682,69.132872,23,24,25,26,27,28,29,30,69,70,71,72,85,152
98.732913,69.000446,23,152,153,154,155,205
98.73535,68.967294,23,68,69,153
99.69803,69.20074,24,25,151,214,215
99.265084,69.168052,24,152,205,206,207,208,209,210,211,212,215
99.699394,69.166648,25,26,151
100.500153,69.200289,26,27,150,151,204,213,214
100.500468,69.166146,27,28,150
100.734281,69.165886,28,29,149,150,203,204
101.233659,69.066997,29,30,148,149
101.233175,69.033178,30,31,70,148
101.665125,68.966799,31,32,33,34,70,71,147
101.465606,69.0331,31,147,148,149,202,203
101.833834,68.932863,32,33,145,146
101.832801,68.968672,32,146,147,201,202
102.39946,68.733177,33,34,144,145
102.699238,68.600202,34,35,36,71,72,143,144
104.166349,68.26667,35,36,141,142
103.599993,68.43305,35,142,143
104.168055,68.23242,36,72,85,86,140,141
106.099528,68.866696,37,38,199,200
105.667042,68.666934,37,139,140,141,142,143,144,145,146,200,201
105.665414,68.633498,37,38,39,40,41,73,139
106.601206,69.000419,38,39,138,198,199
107.100038,68.999248,39,40,137,138
107.100558,68.966868,40,41,136,137
107.733323,68.966723,41,42,73,74,136
107.932703,68.966624,42,43,74,75,135
107.734138,69.000648,42,135,136,137,138,197,198
108.699701,69.032265,43,75,76,77,87,88,133,134
107.934692,69.001335,43,134,135,196,197
109.467355,69.200926,44,76,77,131,132
109.266605,69.198926,44,132,133,134,195,196
109.266053,69.166582,44,76,133
110.398961,69.399953,45,46,47,78,130
109.933541,69.332537,45,130,131,132,194,195
109.934694,69.299194,45,77,78,79,80,81,82,83,84,88,131
111.100828,69.533783,46,47,128,129
110.400121,69.432533,46,129,130,193,194
111.465867,69.532875,47,48,49,50,51,52,53,54,55,56,78,79,128
111.400738,69.733522,48,49,126,127
111.165691,69.699892,48,127,128,129,192,193
111.63266,69.667506,49,50,125,126
111.767085,69.734384,50,51,124,125
112.5,69.833333,51,52,123,124
112.5,68.533333,52,53,459,460
112.266304,68.532781,53,54,459
112.067656,68.464002,54,55,458,459,460,467
111.43287,68.400455,55,56,457,458
110.999072,68.23418,56,57,79,80,457
110.500041,68.134249,57,58,80,81,456
110.999046,68.199869,57,456,457,458,466,467
109.801285,68.10019,58,59,81,82,455
110.501142,68.099807,58,455,456,465,466
109.432791,68.067818,59,60,82,83,454
109.800748,68.065338,59,454,455,464,465
108.899192,68.066915,60,61,62,63,83,84,453
109.432383,68.031918,60,453,454,463,464
107.90054,67.766268,61,62,452,461,462
108.399519,67.8687,61,453,462,463
107.702279,67.766258,62,63,451,452
106.599106,67.532569,63,64,65,66,67,68,69,84,85,86,87,88,451
106.6,67.5,64,451,452,461
105.29952,68.431372,73,74,75,86,87,139,140
90.567847,70.900748,89,90,307,308,309,310,311,312,313,314,315,316,317,318,319,349
90.0,70.9,89,216,217,218,308
90.93276,70.832941,90,91,306,307
91.632667,70.73335,91,92,305,306
92.401348,70.532298,92,93,304,305
92.400597,70.50024,93,94,303,304
92.866134,70.466622,94,95,302,303
92.865171,70.432778,95,96,302
93.966686,70.43319,96,97,301,302,303,304,305,306,307,348,349,350,351,352,353,356
93.966547,70.400091,97,98,300,301
94.499866,70.36623,98,99,173,174,300
94.933931,70.40022,99,100,174,175,299
94.499646,70.401141,99,299,300,301,347,348
95.433533,70.499244,100,101,102,175,176,298
95.267049,70.500512,100,298,299,346,347
96.400513,70.767098,101,102,297,344,345
95.864102,70.667615,101,298,345,346
96.867293,70.767935,102,176,177,296,297
99.498924,71.00008,103,179,180,293,294
97.600073,70.966433,103,294,295,296,297,343,344
97.599395,70.933447,103,178,179,295
102.233291,71.233771,104,105,181,182,292
100.798739,71.201143,104,292,293,294,342,343
100.800122,71.166911,104,180,181,293
103.466198,71.265286,105,106,107,108,182,183,291
102.233878,71.265396,105,291,292,341,342
103.900144,71.299151,106,107,289,290
103.468436,71.30048,106,290,291,340,341
103.89919,71.266651,107,108,288,289
104.700023,71.267795,108,183,211,212,287,288
105.699083,72.266505,109,110,284,338,339
105.499732,72.033145,109,285,286,287,288,289,290,339,340
105.765757,71.966712,109,110,111,184,285
106.401353,72.500233,110,111,283,284
107.200266,72.732865,111,112,184,185,283
107.699802,72.797886,112,113,114,115,185,186,282
107.202069,72.768155,112,282,283,284,337,338
108.23264,72.833624,113,114,281,335,336
107.700007,72.833682,113,282,336,337
108.101002,72.766924,114,115,280,281
108.898266,72.666309,115,116,186,187,279,280
109.067427,72.634129,116,187,188,277,278
109.066102,72.667943,116,278,279
110.29919,72.63307,117,118,275,276
109.56739,72.701047,117,276,277,278,279,280,281,334,335
109.233993,72.633191,117,118,188,189,277
110.300502,72.600447,118,189,190,274,275
111.333168,72.633238,119,120,273,332,333
110.83347,72.631677,119,274,275,276,333,334
110.832283,72.599673,119,120,121,122,190,191,274
111.600671,72.568042,120,121,272,273
112.266916,72.466602,121,122,271,272
112.266908,72.43385,122,123,124,125,126,127,191,192,271
112.5,72.433333,123,270,271,272,273,332
97.165087,70.83494,177,178,295,296
105.500692,71.533061,184,185,186,187,188,189,190,191,192,193,194,195,196,197,198,199,200,201,202,203,204,213,285,286
105.100222,71.368119,212,213,214,215,286,287
90.700715,77.26592,216,217,416,417
90.0,77.166667,216,362,363,417,418
90.766488,77.266014,217,218,415,416
91.065371,77.56836,218,219,220,221,222,223,308,309,415
90.967798,77.634003,219,220,439,440,441,442,443,444
90.966634,77.567,219,415,416,417,418,440
91.200293,77.566064,220,221,414,438,439
91.332072,76.933909,221,222,413,414
91.133457,76.865657,222,223,412,413
91.132143,76.60018,223,224,225,226,309,310,412
91.633869,76.300301,224,225,410,411
91.432548,76.567499,224,411,412,413,414,437,438
91.532981,76.300869,225,226,409,410
91.466418,76.100756,226,227,310,311,409
92.399922,75.167512,227,228,229,311,312,408
92.066252,75.733495,227,408,409,410,411,436,437
93.00065,75.033586,228,229,406,407
92.533146,75.165804,228,407,408,435,436
93.000341,75.001624,229,230,312,313,405,406
93.399545,74.933032,230,231,313,314,403,404
93.400675,74.965456,230,404,405
94.733255,75.000381,231,232,233,314,315,402
94.466669,75.001357,231,402,403
95.167669,75.135391,232,233,400,401
94.732635,75.034151,232,401,402,403,404,405,406,407,434,435
95.265686,75.132346,233,234,235,315,316,400
95.634165,75.333395,234,235,398,399
95.400707,75.333409,234,399,400,401,433,434
96.000836,75.466301,235,236,316,317,398
96.234637,75.500839,236,237,317,318,396,397
96.000198,75.500357,236,397,398,399,432,433
97.366833,75.800177,237,238,239,240,318,319,395
96.800765,75.666718,237,395,396
97.832811,76.198438,238,239,393,394
97.499396,75.96601,238,394,395,396,397,431,432
97.932532,76.199827,239,240,392,393
98.332761,76.365896,240,319,320,349,350,391,392
98.635243,76.599013,241,320,321,350,351,389,390
98.266664,76.599604,241,390,391,392,393,394,430,431
98.431836,76.466748,241,320,391
98.866937,76.900947,242,243,387,388
98.434262,76.832441,242,388,389,390,429,430
98.700003,76.699602,242,243,321,389
98.966552,77.000149,243,244,321,322,323,351,352,387
99.001243,77.300619,244,245,322,386
98.567574,77.164757,244,386,387,388,428,429
99.466562,77.366195,245,322,323,384,385
99.000354,77.333794,245,385,386,427,428
99.798767,78.201053,246,247,381,425,426
99.900031,78.10039,246,382,383,384,385,426,427
100.367073,77.900622,246,247,324,357,358,382
100.001684,78.267382,247,248,249,324,381
99.59957,78.533266,248,249,379,380
99.731855,78.366437,248,380,381,424,425
99.501515,78.832779,249,250,251,324,358,359,379
98.967063,79.165238,250,251,377,378
99.067883,78.866939,250,378,379,380,423,424
98.499289,79.665963,251,359,360,376,377
97.166877,80.199827,252,253,254,255,325,375
97.666322,80.033035,252,375,376,377,378,422,423
97.801778,80.032853,252,325,326,360,361,376
95.833778,80.300125,253,254,374,421,422,423,424,425,426,427,428,429,430,431,432,433,434,435,436,437,438,439,444
97.165488,80.166172,253,375,422
95.733679,80.500189,254,255,373,374
95.401038,80.698672,255,256,257,325,326,373
95.231725,80.866556,256,257,371,372
95.09941,80.766616,256,372,373,374,420,421
95.100174,81.066596,257,258,259,326,354,355,361,371
94.233,81.134313,258,259,369,370
94.700613,81.067949,258,370,371,372,420
94.233867,81.167482,259,260,327,354,369
93.766343,81.199392,260,261,327,368
93.767159,81.166915,260,368,369,370,420,421,443,444
93.13365,81.46749,261,327,328,329,330,331,354,355,366,367
93.465279,81.200612,261,367,368,419,442,443
91.399966,81.699988,262,263,365,419,441,442
92.398905,81.566502,262,366,367,419
92.534045,81.566846,262,263,264,328,366
91.565666,81.767801,263,264,364,365
91.566861,81.865948,264,265,266,267,328,329,364
90.400727,82.068138,265,266,362,363
91.03326,81.933453,265,363,364,365,418,440,441
90.0,82.233333,266,267,362
90.0,89.333333,267,268,329,330,445,449
91.23198,89.300244,268,330,331,447,448
91.232802,89.334171,268,448,449,450
112.5,89.333333,269,270,446
110.701021,89.332863,269,446,447,448,450
110.70007,89.298854,269,270,331,332,333,334,335,336,337,338,339,340,341,342,343,344,345,346,347,348,355,356,357,358,359,360,361,447
99.934546,77.565982,323,352,353,383,384
100.366853,77.865391,353,356,357,382,383
112.5,90.0,445,446,449,450
90.0,90.0,445
112.5,67.5,460,461,462,463,464,465,466,467