-66.03209,-44.067013,0,1,473
-66.065612,-44.365887,0,97,98,473,474
-65.867581,-44.66821,0,1,2,47,56,64,65,98,99,108,109
-66.066729,-43.86697,1,2,472,473,474,475,476,480,481
-65.867468,-44.099001,2,3,47,472
-65.566925,-43.86692,3,4,5,6,7,8,9,10,47,65,70,72,73,471
-65.900806,-44.000282,3,471,472,480
-65.431832,-43.833258,4,5,470,478,479
-65.499911,-43.700233,4,471,479,480,481,482,483,484
-65.165756,-43.834368,5,6,469,470,556,557
-64.968299,-43.900741,6,7,555,556
-64.832818,-43.931832,7,8,206,207,555
-64.267968,-44.300897,8,9,206,559,560
-64.33243,-44.299397,9,10,559
-64.334159,-44.501142,10,73,74,75,559,560,561,562
-63.533611,-44.499803,11,12,204,205,257,258,595
-63.766307,-44.467681,11,205,561,562
-64.132027,-44.567298,11,12,13,14,15,16,17,57,58,71,74,562
-63.532706,-44.567603,12,13,583,595,623
-63.534734,-44.597496,13,14,582,583,584,591,592,593,594
-63.5666,-44.599735,14,15,582
-63.567437,-44.63434,15,16,581,582,590,591
-63.601836,-44.633558,16,17,581
-63.601029,-44.665209,17,48,57,581,589,590
-63.500224,-44.633121,18,19,588,634,635,640
-63.532116,-44.634055,18,588,589,590,591,594
-63.533321,-44.665133,18,19,20,48,589
-63.50048,-44.667531,19,20,639,640
-63.400737,-44.766286,20,48,57,58,638,639
-63.100147,-44.799929,21,22,618,643,644,645,652
-63.133682,-44.799966,21,618,619,636,637
-63.233524,-44.833711,21,22,23,58,66,67,68,69,71,637,638
-62.999239,-44.799301,22,23,651,652,653,654
-63.001542,-44.900798,23,59,60,66,650,651
-62.799254,-44.834095,24,25,49,648,649
-62.965498,-44.830587,24,649,650,651,654
-62.966484,-44.898924,24,49,59,650
-62.266436,-44.96694,25,26,27,28,49,59,60,612,613
-62.799859,-44.799685,25,613,614,647,648
-62.166667,-45.0,26,27,610,611
-62.166524,-44.96742,26,611,612
-63.166667,-45.0,27,28,642
-63.167427,-44.899205,28,50,51,60,66,67,641,642
-63.433333,-45.0,29,30,580
-63.366667,-45.0,29,641,642
-63.367013,-44.968093,29,30,31,32,50,641
-63.432555,-44.968446,30,31,579,580
-63.500178,-44.967062,31,32,578,579
-63.499448,-44.934431,32,33,50,51,577,578
-63.534071,-44.898808,33,51,67,68,575,576
-63.533598,-44.934562,33,576,577
-63.965551,-44.965252,34,35,52,567,568,571,572
-63.966667,-45.0,34,568
-63.6,-45.0,34,52,53,61,575,576,577,578,579,580
-63.799932,-44.967148,35,52,53,570
-63.799187,-44.934111,35,570,571
-64.001287,-44.932818,36,37,565,566,573,574
-63.900613,-44.89932,36,569,574
-63.899899,-44.79883,36,37,38,39,62,63,69,71,74,75,569
-64.066579,-44.933221,37,38,564,565
-64.133791,-44.932492,38,39,500,501,563,564
-64.334173,-44.665667,39,40,41,42,54,63,500
-64.631483,-44.633802,40,41,499,510,511
-64.632874,-44.732754,40,500,501,502,503,504,505,506,507,508,509,511
-64.832851,-44.599283,41,42,498,499
-65.033821,-44.467709,42,43,54,497,498
-65.532888,-44.099116,43,54,63,72,73,75,495,496
-65.433012,-44.365626,43,496,497
-65.332074,-44.80039,44,45,508,509,536,537
-65.533654,-44.566426,44,509,510,511
-65.732906,-44.53287,44,45,55,56,64,494,495,496,497,498,499,510
-65.56692,-44.766463,45,46,55,100,536
-65.699112,-44.600387,46,55,56,99
-65.668347,-44.766841,46,99,100,109,110
-63.701496,-44.86625,53,61,62,569,570,571,572,573,574
-63.59948,-44.89916,61,62,68,69,575
-65.733774,-44.367134,64,65,70,494
-65.601144,-44.102139,70,72,494,495
-67.333651,-44.901544,76,77,78,81,88
-67.5,-44.933333,76,82,88,89
-67.5,-45.0,76,80,81
-67.268077,-44.800531,77,78,87,90,91,92
-67.333536,-44.800084,77,88,89,91
-67.299013,-44.966427,78,79,80,81,86,87
-67.266667,-45.0,79,80,84,85
-67.266226,-44.967148,79,85,86
-67.333001,-44.733545,82,83,89,91,92,106
-67.5,-44.6,82,93,106,107
-67.00112,-44.835397,83,90,92,104,105
-67.267087,-44.63454,83,105,106,107,112
-67.066667,-45.0,84,102,103
-67.201461,-44.898738,84,85,86,87,90,103,104
-67.100116,-44.599929,93,94,95,107,108,109,110,111,112,130
-67.5,-44.566667,93,113,114,115,116,117,118,130,131
-66.467235,-44.367056,94,95,128,129
-67.098822,-44.567983,94,129,130,131
-66.432734,-44.36885,95,96,97,98,108,127,128
-66.135019,-44.301273,96,97,462,463,474,475
-66.201142,-44.10003,96,126,127,462
-65.531139,-44.832374,100,110,111,536,537,538,539,544
-65.166667,-45.0,101,102,541,542
-65.232144,-44.93297,101,542,543
-65.300023,-44.932634,101,102,103,104,105,111,112,543,544
-67.132438,-43.432542,113,114,219,220
-67.5,-43.366667,113,132,133,134,135,136,137,220,221
-67.133623,-43.466137,114,115,218,219
-66.733994,-43.500202,115,116,217,218
-66.733137,-43.534716,116,117,216,217
-66.498515,-43.532609,117,118,215,216
-66.499727,-43.567737,118,119,120,121,122,123,124,125,126,127,128,129,131,214,215
-65.832677,-43.599911,119,120,212,213,487
-65.834021,-43.567296,119,213,214
-65.833152,-43.667498,120,121,486,487,488,489,490,491,492,493
-65.964576,-43.666072,121,122,486
-65.965622,-43.699916,122,123,485,486,493
-66.065873,-43.700973,123,124,485
-66.065965,-43.733861,124,125,463,464,475,476,485,492,493
-66.165692,-43.932925,125,126,462,463
-67.199456,-33.133783,132,133,275,276
-67.5,-33.366667,132,270,271,276
-67.133962,-33.133885,133,134,274,275
-66.566455,-32.499899,134,135,273,274
-66.466366,-32.500044,135,136,272,273
-66.333846,-32.334412,136,137,272,291,292
-66.266113,-32.332882,137,138,221,222,290,291
-66.20015,-32.300299,138,222,223,458,459
-66.266506,-32.299749,138,290,451,459,460
-65.9989,-32.100896,139,140,141,142,143,144,145,146,147,224,225,456,457
-66.09901,-32.16615,139,457,458,459,460,461
-66.099922,-32.200604,139,223,224,458
-65.734591,-31.866038,140,141,286,287,454,455
-65.832267,-31.933199,140,455,456
-65.700217,-31.866685,141,142,286,512,513,531
-64.968057,-31.867024,142,143,530,531,532,533,534,535
-64.966329,-31.900664,143,144,529,530
-64.667047,-32.20082,144,145,528,529
-64.566688,-32.333878,145,146,527,528
-64.23311,-32.399445,146,147,526,527
-63.733662,-32.600081,147,225,226,525,526
-62.43226,-32.166513,148,149,524,534,535
-62.800175,-32.567652,148,525,526,527,528,529,530,535
-62.798547,-32.600938,148,149,150,151,226,227,525
-62.034547,-32.13203,149,150,523,524
-61.59927,-31.899831,150,151,522,523
-61.233468,-31.866746,151,152,153,227,228,521,522
-59.167761,-31.800032,152,153,787,788,789
-60.831937,-31.599851,152,520,521,779,780,781,782,783,788
-56.634315,-31.80198,153,154,155,156,157,228,229,786,787
-56.50021,-31.665393,154,155,698,699,881
-56.532291,-31.666146,154,699,700,785,786
-55.734475,-31.633567,155,156,880,881
-55.732989,-31.66572,156,157,879,880
-55.267115,-31.666833,157,158,159,229,230,879
-55.099806,-31.600027,158,159,697,882,905,906
-55.200234,-31.600798,158,697,698,879,880,881
-54.634095,-31.60019,159,160,230,231,905
-53.733234,-31.567387,160,161,162,231,232,904
-54.633751,-31.566254,160,904,905,906,907,918
-52.734362,-31.333324,161,162,903,916,917
-53.732859,-31.533764,161,904,917,918,920
-52.134158,-31.332615,162,163,232,233,903
-51.599719,-31.300465,163,164,233,234,902
-52.133209,-31.300056,163,902,903,915,916
-51.266633,-31.267172,164,165,234,235,236,237,238,239,240,241,242,243,244,264,901
-51.600169,-31.266634,164,901,902,914,915
-50.834016,-30.833339,165,166,167,168,169,235,900
-51.266955,-31.233114,165,900,901,914
-50.668167,-30.835264,166,167,818,898,899
-50.833905,-30.799334,166,899,900,913,914,915,916,917,919,920
-50.664399,-31.46674,167,168,817,818,858,859,860,861,862,863,864,865,866,867,873,877,878
-50.867207,-31.833975,168,169,816,817
-50.901782,-31.833435,169,170,235,236,816
-51.133608,-32.432609,170,171,172,236,237,815
-50.90087,-32.134917,170,815,816,817,857,858
-51.700302,-33.066445,171,172,813,814
-51.132843,-32.500451,171,814,815,856,857
-51.731676,-33.068152,172,173,237,238,813
-51.933415,-33.233305,173,174,175,238,239,812
-51.865695,-33.233706,173,812,813,814,855,856
-52.132814,-33.500213,174,175,810,811
-51.932984,-33.297769,174,811,812,854,855
-52.234358,-33.633457,175,239,240,809,810
-52.93143,-34.833173,176,177,808,852,853
-52.66643,-34.534804,176,809,810,811,853,854
-52.467021,-34.031511,176,177,240,241,809
-52.999509,-34.833124,177,178,241,242,808
-53.633688,-35.499866,178,179,180,242,243,807
-52.999653,-34.900076,178,807,808,851,852
-54.332928,-35.9344,179,180,805,806
-53.633559,-35.533548,179,806,807,850,851
-54.366934,-35.934088,180,243,244,804,805
-55.700832,-37.533721,181,182,245,265,266,802
-54.966372,-36.866398,181,802,803,804,805,806,849,850
-54.967313,-36.83328,181,245,803
-55.733407,-37.932496,182,183,246,266,267,801
-55.699339,-37.933398,182,801,802,848,849
-55.76804,-38.50073,183,184,185,246,800
-55.733795,-38.499043,183,800,801,847,848
-55.967284,-39.465349,184,185,798,799
-55.766932,-38.999856,184,799,800,846,847
-55.998606,-39.467324,185,186,246,247,248,249,267,268,798
-56.032944,-39.93268,186,187,188,247,797
-56.000356,-39.933724,186,797,798,799,845,846
-56.266863,-40.73478,187,188,795,796
-56.03311,-40.334073,187,796,797,844,845
-56.30034,-40.732814,188,189,247,248,795
-56.666806,-41.500579,189,190,248,249,794
-56.299129,-40.867223,189,794,795,796,843,844
-57.601922,-42.43259,190,249,268,269,792,793
-56.665258,-41.535137,190,793,794,842,843
-58.034707,-43.399647,191,192,790,791
-57.865671,-43.133591,191,791,792,793,841,842
-57.832598,-42.899878,191,192,250,251,252,253,254,255,256,257,258,259,260,261,262,263,269,792
-58.199135,-43.76767,192,193,194,195,196,197,198,199,200,250,790
-58.499929,-44.431564,193,194,839,840
-58.19927,-43.86725,193,790,791,840,841
-58.966667,-45.0,194,195,838,839
-59.633333,-45.0,195,196,606,607
-59.833984,-44.466969,196,197,605,606
-59.966312,-44.266666,197,198,604,605
-59.966635,-44.166964,198,199,603,604
-60.032817,-44.165659,199,200,602,603
-60.0334,-44.033221,200,250,251,601,602
-60.999181,-44.298993,201,252,253,599,600
-60.500519,-44.199951,201,600,601,602,603,604,605,606,607,608,609,625
-60.500027,-44.167221,201,251,252,601
-62.367216,-44.633563,202,203,255,256,597
-61.667626,-44.566677,202,597,598,599,600,625,630
-61.665293,-44.533399,202,254,255,598
-63.099832,-44.567224,203,204,256,257,596
-62.36841,-44.667665,203,596,597,624,629,630,631,632,633
-63.267502,-44.565596,204,595,596,623,624
-64.234972,-44.299947,205,206,207,258,259,560,561
-64.900429,-43.801319,207,259,260,554,555,556,557,558
-65.299872,-43.665867,208,209,210,262,263,468
-65.2009,-43.798065,208,468,469,470,477,478,553,554,558
-65.199982,-43.733426,208,261,262,553
-65.365621,-43.767657,209,210,467,477,478,479,484
-65.299741,-43.767359,209,468,477
-65.533141,-43.499073,210,211,212,213,214,215,216,217,218,219,220,221,222,223,224,225,226,227,228,229,230,231,232,233,234,263,264,265,266,267,268,269,467
-65.765313,-43.600059,211,212,466,487,488
-65.533681,-43.567242,211,466,467,483,484
-54.633783,-36.200338,244,245,264,265,803,804
-61.23276,-44.366219,253,254,598,599
-65.03372,-43.732116,260,261,553,554
-67.367637,-31.601018,270,271,293,294,295,296,297,299
-67.5,-31.6,270,277,278,279,280,281,282,283,284,293
-66.833825,-31.867288,271,272,273,274,275,276,292,298,299
-66.732713,-30.533159,277,278,320,321,322,323
-67.5,-30.566667,277,300,301,302,303,304,305,306,307,308,309,310,311,312,313,314,321
-66.733346,-30.56568,278,279,320
-66.332735,-30.533338,279,280,319,320,323
-66.333418,-30.565315,280,281,318,319
-65.598444,-30.766043,281,282,317,318
-64.66685,-31.000781,282,283,316,317
-64.567431,-31.000236,283,284,315,316,514
-64.567044,-31.099561,284,285,293,294,513,514,515,516,517,518,531,532
-65.132972,-31.265831,285,286,287,294,295,512
-64.965754,-31.26687,285,512,513
-65.86723,-31.866569,287,295,296,453,454
-65.965863,-31.96585,288,289,297,298,299,452
-65.932044,-31.967364,288,452,453,454,455,456,457,461
-65.933464,-31.933213,288,296,297,453
-66.267851,-32.266874,289,290,291,292,298,451
-65.964374,-32.000659,289,451,452,460,461
-67.134462,-26.333311,300,301,365,366,367,368,369,370,371,372,373,374,375,376,380
-67.5,-26.066667,300,324,325,326,327,328,329,330,331,332,333,366
-66.832391,-26.598972,301,302,365
-66.800558,-26.600011,302,303,364,365,379,380
-66.465792,-27.099993,303,304,364
-66.19998,-27.299734,304,305,364,378,379
-65.500168,-27.999566,305,306,363,377,378
-65.500788,-28.099637,306,307,362,363
-64.900936,-28.832359,307,308,362
-64.865482,-28.832766,308,309,361,362,363,377
-64.799343,-29.231209,309,310,360,361
-64.799733,-29.333071,310,311,359,360
-64.400215,-29.866784,311,312,358,359
-64.39914,-29.968734,312,313,357,358
-64.267882,-30.166016,313,314,356,357
-64.200738,-30.165123,314,321,322,355,356
-63.866829,-30.865335,315,353,354,514,515
-64.200571,-30.467054,315,316,317,318,319,322,323,354,355
-66.466717,-25.099002,324,325,422,423
-67.5,-24.533333,324,381,382,383,384,423,424
-66.465939,-25.133225,325,326,422
-66.200962,-25.133541,326,327,421,422,423,424,425,426,438
-65.79977,-25.43508,327,328,421
-65.733058,-25.432661,328,329,420,421,437,438
-65.733511,-25.498803,329,330,419,420
-65.265638,-25.966793,330,331,419
-65.198735,-25.965874,331,332,418,419,420,436,437
-65.200104,-26.032969,332,333,417,418
-64.998476,-26.234285,333,334,366,367,417
-64.933211,-26.300214,334,367,368,415,416
-64.932773,-26.233687,334,416,417,418,435,436
-64.233251,-26.999807,335,336,337,369,370,414
-64.566998,-26.63345,335,414,415,416,434,435
-64.598547,-26.635614,335,368,369,415
-63.865934,-27.601322,336,337,412,413
-64.200014,-27.00081,336,413,414,433,434
-63.867555,-27.632275,337,370,371,411,412
-63.10028,-28.400615,338,372,373,409,410
-63.50138,-27.966154,338,410,411,412,413,432,433
-63.534143,-27.967234,338,371,372,411
-62.099708,-29.400754,339,340,341,342,343,344,374,375,406,407
-62.099979,-29.365831,339,407,408
-62.466314,-29.033773,339,373,374,408,409
-61.966853,-29.533164,340,341,713,714,763,764
-61.96845,-29.499759,340,405,406,714,715
-62.000792,-29.533202,341,342,763
-62.00077,-29.600207,342,343,762,763,764,765,766,768,769
-62.03338,-29.600446,343,344,762
-62.032698,-29.63322,344,345,375,376,762,768
-62.000324,-29.732657,345,346,347,348,349,350,351,352,353,354,355,356,357,358,359,360,361,376,377,378,379,380,767
-61.999649,-29.632586,345,767,768,769
-61.833076,-29.932058,346,347,711,770
-61.933264,-29.766392,346,711,712,766,767,769
-61.599204,-30.56679,347,348,770,771,772,778
-61.467226,-31.165642,348,349,777,778
-61.466915,-31.267361,349,350,518,519,532,533,776,777
-61.901115,-31.033544,350,351,517,518
-62.567558,-31.032977,351,352,516,517
-62.934717,-30.865767,352,353,515,516
-67.033211,-23.835294,381,382,449,450
-67.5,-23.233333,381,439,440,441,442,450
-66.799173,-24.20071,382,383,448,449
-66.666547,-24.433334,383,384,447,448
-66.566494,-24.433536,384,385,424,425,446,447
-66.500471,-24.19978,385,425,426,444,445
-66.565637,-24.201108,385,445,446
-66.732278,-23.133288,386,387,441,442
-66.733083,-23.331859,386,442,443,444,445,446,447,448,449,450
-66.700084,-23.332962,386,387,427,443
-66.633944,-22.967484,387,388,389,390,391,392,393,394,395,396,427,428,440,441
-62.9,-22.5,388,389,657
-66.933333,-22.5,388,439,440
-62.766014,-22.933345,389,390,656,657,658,659,660,661,662,663,664,665,726,727
-62.900952,-23.166006,390,391,655,656
-62.932461,-23.165713,391,392,655
-62.934375,-23.432764,392,393,655,656,725,726
-62.801261,-23.83451,393,394,725
-62.566724,-24.232911,394,395,724,725,726,727,728,729,730,731,732,733,734,735,736,737,738,739,740,741,742,743,744,745,746,747,748,749,750,751,759
-62.734021,-24.735269,395,396,723,724
-62.533489,-25.333244,396,397,398,428,429,723
-62.399914,-25.799241,397,398,721,722
-62.499244,-25.331873,397,722,723,724,758,759
-62.400326,-25.966579,398,399,400,401,429,430,721
-62.165597,-26.79952,399,400,719,720
-62.335176,-25.965697,399,720,721,722,757,758
-62.067208,-27.698602,400,401,718,719
-62.065842,-27.899198,401,430,431,717,718
-61.633169,-28.832866,402,403,755,756
-61.832695,-28.33294,402,717,718,719,720,756,757
-61.867465,-28.331922,402,403,404,405,406,407,408,409,410,431,432,717
-61.633137,-29.033245,403,404,716,754,755
-61.932306,-29.499602,404,405,715,716
-66.500168,-23.700677,426,427,428,429,430,431,432,433,434,435,436,437,438,443,444
-67.5,-22.5,439
-66.000415,-43.832603,464,465,476,481,482,490,491
-65.999223,-43.734685,464,491,492
-65.766692,-43.699898,465,466,482,483,488,489
-65.833272,-43.700106,465,489,490
-65.165759,-43.800147,469,557,558
-64.233675,-44.933303,501,502,563
-64.233333,-45.0,502,503,563,564,565,566,567,568
-64.833333,-45.0,503,504,540,541
-64.935131,-44.932982,504,505,540
-65.034719,-44.933218,505,506,539,540,541,542,543,544
-65.267274,-44.832768,506,507,538,539
-65.266341,-44.800909,507,508,537,538
-60.900089,-31.433974,519,520,521,522,523,524,533,534,706,707,774,775
-61.366316,-31.265214,519,775,776
-60.867967,-31.434323,520,706,779
-65.031491,-44.133722,545,546
-65.199952,-44.132461,545
-65.20174,-44.233467,545,546,551,552
-65.033563,-44.167512,546,547,548,549,550,552
-64.998288,-44.233772,547,548
-64.999572,-44.165525,547
-65.033281,-44.231904,548,549
-65.034092,-44.198754,549,550
-65.100495,-44.198156,550,551,552
-65.099807,-44.26585,551
-64.000381,-44.966288,566,567,572,573
-63.366039,-44.566892,583,584,622,623,624,629
-63.368448,-44.599096,584,585,586,587,592,622
-63.267361,-44.633517,585,586,620,621
-63.268246,-44.59882,585,621,622,628,629,633
-63.166804,-44.700132,586,587,620,635,636,637,638,639,640
-63.433637,-44.598887,587,592,593,634,635
-63.500243,-44.601366,588,593,594,634
-62.066667,-45.0,607,608,761
-62.066331,-44.965698,608,609,760,761
-62.101044,-44.966158,609,610,611,612,613,614,625,630,631,760
-62.1,-45.0,610,760,761
-62.900038,-44.732357,614,615,626,631,632,647
-62.999169,-44.732912,615,616,617,626,646
-62.899128,-44.766829,615,646,647,648,649,653,654
-63.064921,-44.766357,616,617,644,645
-63.00037,-44.767417,616,645,646,652,653
-63.065704,-44.731819,617,626,627,628,632,633,643,644
-63.10128,-44.733028,618,619,627,643
-63.132566,-44.69948,619,620,621,627,628,636
-52.966667,-22.5,657,658,921
-52.799131,-22.699353,658,659,921,945
-52.701134,-22.700584,659,660,944,945,946,952,953,954
-52.367568,-22.967193,660,661,943,944
-52.365365,-23.033316,661,662,943
-52.231723,-23.034826,662,663,942,943,944,951,952
-51.666747,-23.667521,663,664,941,942
-51.367242,-23.866511,664,665,940,941
-51.366069,-23.900872,665,666,727,728,940
-50.900381,-24.200022,666,728,729,938,939
-51.265667,-23.89962,666,939,940,941,942,950,951
-50.032824,-24.599404,667,668,936,937
-50.499643,-24.333563,667,937,938,939,950
-50.600526,-24.33369,667,668,729,730,938
-50.033491,-24.633227,668,669,730,731,936
-49.000643,-25.33247,669,670,671,672,673,674,731,732,935
-49.899768,-24.633389,669,935,936,937,949,950,951,952,954
-48.366912,-25.599325,670,671,933,934
-48.799472,-25.333346,670,934,935,948,949
-48.366346,-25.633887,671,672,932,933
-47.730953,-25.966831,672,673,931,932
-47.331748,-26.300045,673,674,930,931
-47.333335,-26.366507,674,675,676,677,732,733,930
-46.632057,-26.498418,675,676,929,947,948,949,953,954
-46.932857,-26.367947,675,930,931,932,933,934,948
-46.634199,-26.533077,676,677,928,929
-46.201364,-26.965645,677,678,679,733,734,928
-45.933212,-27.231839,678,679,926,927
-46.166192,-26.96727,678,927,928,929,947
-45.933925,-27.300444,679,680,681,734,735,925,926
-45.697998,-27.499736,680,681,923,924,1015,1016,1051
-45.867153,-27.300791,680,924,925
-46.567208,-27.867461,681,682,735,736,1015
-46.900817,-28.498556,682,683,684,736,737,1014
-46.565881,-28.001707,682,1014,1015,1016,1017,1018,1019,1020,1021,1022,1023,1024,1025,1034
-47.799974,-29.433275,683,684,1013,1032,1033
-46.900845,-28.534852,683,1014,1033,1034,1035
-47.866736,-29.432083,684,685,737,738,1013
-48.434647,-29.999786,685,686,687,738,739,1012
-48.033575,-29.632675,685,1012,1013,1031,1032
-48.566463,-30.167852,686,687,893,894,956,957
-48.431446,-30.032902,686,957,958,1012,1030,1031
-48.899222,-30.167083,687,739,740,892,893
-49.834185,-30.498548,688,689,741,742,891
-49.065728,-30.332701,688,891,892,893,894,895,896,911
-49.066398,-30.26629,688,740,741,892
-50.233415,-30.568744,689,742,743,889,890
-49.83269,-30.566611,689,890,891,910,911,912,913,919
-51.533257,-30.867154,690,691,692,744,745,888
-51.067596,-30.799018,690,888,889,890,909,910
-50.93304,-30.734875,690,743,744,889
-52.133189,-30.967078,691,692,886,887
-51.53351,-30.900702,691,887,888,908,909
-52.234311,-30.965907,692,693,694,745,746,886
-52.600748,-31.099151,693,694,884,885
-52.234404,-31.032475,693,885,886,887,908
-53.200488,-31.266021,694,695,746,747,884
-53.633222,-31.333519,695,696,747,748,883
-53.200192,-31.299926,695,883,884,885,907,908,909,910,918,919,920
-55.099901,-31.565786,696,697,698,699,700,701,748,749,882
-53.634644,-31.366864,696,882,883,906,907
-57.033215,-31.633652,700,701,784,785
-57.432799,-31.635824,701,702,703,749,750,784
-58.232954,-31.665276,702,703,783,788,789
-57.433198,-31.665343,702,784,785,786,787,789
-58.899839,-31.565908,703,704,705,750,751,782,783
-60.532614,-31.498975,704,705,780,781
-59.866114,-31.567634,704,781,782
-60.532621,-31.433109,705,706,707,708,751,752,753,754,755,756,757,758,759,779,780
-60.899462,-31.366394,707,708,773,774
-61.300298,-30.966368,708,709,710,752,773
-61.431734,-30.467127,709,710,771,772
-61.333892,-30.966781,709,772,773,774,775,776,777,778
-61.433099,-30.299227,710,711,712,752,753,770,771
-61.932529,-29.599352,712,713,714,715,716,753,754,765,766
-61.966153,-29.599004,713,764,765
-50.301551,-30.80001,818,819,859,898
-49.932116,-30.766394,819,820,821,822,859,860,897
-50.299624,-30.76606,819,897,898,899,912,913
-48.834339,-30.766232,820,821,895,896,955
-49.532606,-30.564283,820,896,897,911,912
-48.766093,-30.868032,821,822,955,956,957,958,1002,1003
-48.768608,-31.333221,822,823,860,861,1001,1002
-48.732064,-31.767579,823,861,862,999,1000
-48.732966,-31.334428,823,1000,1001
-48.500773,-32.634114,824,863,864,996,997
-48.500754,-32.166184,824,997,998
-48.53304,-32.167269,824,862,863,998,999
-47.999853,-33.565083,825,826,865,866,993,994
-48.066479,-33.200158,825,994,995
-48.100025,-33.200596,825,864,865,995,996
-47.967402,-34.032959,826,827,866,867,991,992
-47.966642,-33.567375,826,992,993
-47.932473,-34.433762,827,867,874,875,876,878,989,990
-47.93317,-34.032892,827,990,991
-47.201159,-35.165273,828,829,830,868,986,987
-47.533844,-34.800797,828,987,988
-47.566958,-34.799412,828,868,874,988,989
-46.932389,-35.633204,829,830,984,985
-47.166853,-35.166495,829,985,986
-46.866599,-36.301651,830,868,869,870,874,875,983,984
-46.367188,-37.233598,831,832,869,870,980,981
-46.365711,-36.867387,831,981,982
-46.399092,-36.867423,831,869,982,983
-46.333331,-37.56531,832,870,871,872,875,876,978,979
-46.333066,-37.234015,832,979,980
-45.833843,-38.500376,833,834,975,976
-46.099992,-37.865967,833,976,977
-46.13281,-37.867314,833,834,871,977,978
-45.832591,-38.83339,834,835,871,872,974,975
-45.799802,-39.166309,835,872,876,877,878,972,973
-45.799164,-38.833699,835,973,974
-45.0,-40.3,836,837,968,969
-45.332903,-39.93423,836,969,970
-45.398676,-39.934627,836,837,838,839,840,841,842,843,844,845,846,847,848,849,850,851,852,853,854,855,856,857,858,873,970,971
-45.0,-45.0,837,838
-45.567989,-39.63159,873,877,971,972
-48.732604,-30.66648,894,895,955,956
-45.0,-22.5,921,922,945,946
-45.399654,-27.266477,922,923,924,925,926,927,946,947,953,1052
-45.0,-26.633333,922,1052,1053
-45.400621,-27.300099,923,1051,1052,1053,1054,1055
-48.26776,-29.999671,958,959,1003,1004,1030
-47.633762,-29.932261,959,960,1004,1005,1028,1029
-48.266348,-29.933663,959,1029,1030,1031,1032,1033,1035
-46.931972,-29.56806,960,1005,1006,1026,1027
-47.233431,-29.700734,960,1027,1028
-46.165848,-29.332566,961,962,963,964,1007,1008,1011,1024,1025
-46.732185,-29.333978,961,1025,1026,1027,1028,1029,1034,1035
-46.733494,-29.399151,961,1006,1007,1026
-46.000396,-29.299427,962,963,1022,1023,1036,1048
-46.166681,-29.300379,962,1023,1024
-45.800014,-29.632689,963,964,1047,1048,1049,1050
-45.633255,-30.000347,964,965,1008,1046,1047
-45.566997,-30.267136,965,1008,1009,1010,1011,1044,1045
-45.598863,-29.999803,965,1045,1046
-45.267603,-30.733535,966,1009,1010,1041,1042
-45.266285,-30.599049,966,1042,1043
-45.300036,-30.599304,966,1009,1043,1044
-45.0,-31.266667,967,968,1038,1039
-45.166603,-30.966182,967,1039,1040
-45.200274,-30.966374,967,968,969,970,971,972,973,974,975,976,977,978,979,980,981,982,983,984,985,986,987,988,989,990,991,992,993,994,995,996,997,998,999,1000,1001,1002,1003,1004,1005,1006,1007,1010,1011,1040,1041
-45.599441,-27.566074,1016,1017,1051,1055
-45.166645,-28.066543,1017,1018,1037,1054,1055
-45.166281,-28.165862,1018,1019,1037,1038,1039,1040,1041,1042,1043,1044,1045,1046,1047,1050
-45.332853,-28.500361,1019,1020,1049,1050
-45.532779,-28.767221,1020,1021,1036,1048,1049
-45.866938,-29.099169,1021,1022,1036
-45.0,-27.933333,1037,1038,1053,1054