0,1,2,1,1,1,2338
3,2,4,1,0,1
5,4,6,1,0,1
7,6,8,1,0,1
9,8,10,1,0,1
11,10,12,1,0,1
13,12,14,1,0,1
15,16,17,1,1,1
18,19,20,1,1,1
21,20,22,1,0,1
23,24,25,1,1,1
26,27,28,1,1,1
29,28,30,1,0,1
31,30,32,1,0,1
33,32,34,1,0,1
35,34,36,1,0,1
37,38,39,1,1,1
40,41,42,1,1,1
43,42,44,1,0,1
45,44,46,1,0,1
47,48,49,1,1,1
50,49,51,1,0,1
52,51,53,1,0,1
54,55,56,1,1,1
57,58,59,1,1,1
60,59,61,1,0,1
62,63,64,1,1,1
65,66,67,1,1,1
68,69,70,1,1,1
71,70,72,1,0,1
73,72,74,1,0,1
75,76,77,1,1,1
78,77,79,1,0,1
80,79,81,1,0,1
82,81,83,1,0,1
84,85,86,1,1,1
87,86,88,1,0,1
89,88,90,1,0,1
91,90,92,1,0,1
93,92,94,1,0,1
95,94,96,1,0,1
97,98,99,1,1,1
100,101,102,1,1,1
103,102,104,1,0,1
105,106,107,1,1,1
108,107,109,1,0,1
110,109,111,1,0,1
112,111,113,1,0,1
114,113,115,1,0,1
116,115,117,1,0,1
118,117,119,1,0,1
120,121,122,1,1,1
123,124,125,1,1,1
126,125,127,1,0,1
128,129,130,1,1,1
25,22,131,0,0,1
36,131,132,0,0,1
46,39,133,0,0,1
53,133,134,0,0,1
61,56,135,0,0,1
64,135,136,0,0,1
67,136,137,0,0,1
138,137,139,1,0,1
74,139,140,0,0,1
83,141,142,0,1,1
96,142,143,0,0,1
104,99,144,0,0,1
119,144,145,0,0,1
130,127,146,0,0,1
147,146,148,1,0,1
140,149,150,0,1,1
143,150,151,0,0,1
148,122,152,0,0,1
14,152,153,0,0,1
151,134,154,0,0,1
145,154,155,0,0,1
153,156,157,0,1,1
17,157,158,0,0,1
155,132,159,0,0,1
160,159,158,1,0,0
161,162,163,1,1,1,2338
164,163,165,1,0,1
166,165,167,1,0,1
168,169,170,1,1,1
171,170,172,1,0,1
173,174,175,1,1,1
176,175,177,1,0,1
167,177,172,0,0,0
178,179,180,1,1,1,2337
181,180,182,1,0,1
183,182,184,1,0,1
185,186,187,1,1,1
188,187,189,1,0,1
190,191,192,1,1,1
193,192,194,1,0,1
195,196,197,1,1,1
173,197,198,0,0,1
174,198,199,0,0,1
171,199,200,0,0,1
166,169,201,0,0,1
164,201,202,0,0,1
161,202,203,0,0,1
184,203,204,0,0,1
189,204,205,0,0,1
200,206,207,0,1,1
205,168,208,0,0,1
194,208,207,0,0,0
209,210,211,1,1,1,39200
212,211,213,1,0,1
214,213,215,1,0,1
216,215,217,1,0,1
218,217,219,1,0,1
185,220,221,0,1,1
183,186,222,0,0,1
181,222,223,0,0,1
219,178,224,0,0,1
221,224,223,0,0,0
225,226,227,1,1,1,35104
228,227,229,1,0,1
230,231,232,1,1,1
233,232,234,1,0,1
235,234,236,1,0,1
237,236,238,1,0,1
239,238,240,1,0,1
241,240,242,1,0,1
243,242,244,1,0,1
245,244,246,1,0,1
247,246,248,1,0,1
249,248,250,1,0,1
251,250,252,1,0,1
253,252,254,1,0,1
255,254,256,1,0,1
257,258,259,1,1,1
191,260,261,0,1,1
188,261,262,0,0,1
220,262,263,0,0,1
216,218,264,0,0,1
212,214,265,0,0,1
229,209,266,0,0,1
256,266,267,0,0,1
259,267,268,0,0,1
264,263,269,0,0,1
265,269,268,0,0,0
270,271,272,1,1,1,31008
273,272,274,1,0,1
275,274,276,1,0,1
277,278,279,1,1,1
280,281,282,1,1,1
283,284,285,1,1,1
286,287,288,1,1,1
289,288,290,1,0,1
291,290,292,1,0,1
293,292,294,1,0,1
295,294,296,1,0,1
297,296,298,1,0,1
299,298,300,1,0,1
301,300,302,1,0,1
303,302,304,1,0,1
305,304,306,1,0,1
307,306,308,1,0,1
309,310,311,1,1,1
312,311,313,1,0,1
314,313,315,1,0,1
316,315,317,1,0,1
318,317,319,1,0,1
320,319,321,1,0,1
322,321,323,1,0,1
324,323,325,1,0,1
326,325,327,1,0,1
328,327,329,1,0,1
330,329,331,1,0,1
332,331,333,1,0,1
334,333,335,1,0,1
336,335,337,1,0,1
338,337,339,1,0,1
340,339,341,1,0,1
342,341,343,1,0,1
344,343,345,1,0,1
346,345,347,1,0,1
348,347,349,1,0,1
350,349,351,1,0,1
352,351,353,1,0,1
354,353,355,1,0,1
356,355,357,1,0,1
358,357,359,1,0,1
360,359,361,1,0,1
362,361,363,1,0,1
364,363,365,1,0,1
366,365,367,1,0,1
368,367,369,1,0,1
370,369,371,1,0,1
372,371,373,1,0,1
374,373,375,1,0,1
376,375,377,1,0,1
378,377,379,1,0,1
380,379,381,1,0,1
382,381,383,1,0,1
384,383,385,1,0,1
386,385,387,1,0,1
388,387,389,1,0,1
390,389,391,1,0,1
392,391,393,1,0,1
394,393,395,1,0,1
396,395,397,1,0,1
398,397,399,1,0,1
400,399,401,1,0,1
402,401,403,1,0,1
404,403,405,1,0,1
406,405,407,1,0,1
408,409,410,1,1,1
411,412,413,1,1,1
414,415,416,1,1,1
417,418,419,1,1,1
420,421,422,1,1,1
423,422,424,1,0,1
425,426,427,1,1,1
428,429,430,1,1,1
431,430,432,1,0,1
18,433,434,0,1,1
435,434,436,1,0,1
437,436,438,1,0,1
439,438,440,1,0,1
441,440,442,1,0,1
443,444,445,1,1,1
446,445,447,1,0,1
231,447,448,0,0,1
228,448,449,0,0,1
225,449,450,0,0,1
276,450,451,0,0,1
279,451,452,0,0,1
282,452,453,0,0,1
454,453,455,1,0,1
285,455,456,0,0,1
308,456,457,0,0,1
458,457,459,1,0,1
410,407,460,0,0,1
461,460,462,1,0,1
413,462,463,0,0,1
464,463,465,1,0,1
466,465,467,1,0,1
416,467,468,0,0,1
469,468,470,1,0,1
419,470,471,0,0,1
424,471,472,0,0,1
427,472,473,0,0,1
432,473,474,0,0,1
475,474,476,1,0,1
442,476,477,0,0,1
478,477,459,1,0,0
479,480,481,1,1,1,31264
482,481,483,1,0,1
484,483,485,1,0,1
486,487,488,1,1,1
287,488,489,0,0,1
283,489,490,0,0,1
454,284,491,0,0,1
280,491,492,0,0,1
281,492,493,0,0,1
277,493,494,0,0,1
275,278,495,0,0,1
273,495,496,0,0,1
270,496,497,0,0,1
485,497,498,0,0,1
499,498,500,1,0,1
490,500,494,0,0,0
501,502,503,1,1,1,31440
504,503,505,1,0,1
506,505,507,1,0,1
508,509,510,1,1,1
511,510,512,1,0,1
499,487,513,0,0,1
484,513,514,0,0,1
507,479,515,0,0,1
516,515,517,1,0,1
518,517,519,1,0,1
512,520,521,0,1,1
514,521,522,0,0,1
482,522,519,0,0,0
523,524,525,1,1,1,29648
526,525,527,1,0,1
528,527,529,1,0,1
530,529,531,1,0,1
532,531,533,1,0,1
534,533,535,1,0,1
536,535,537,1,0,1
538,537,539,1,0,1
540,539,541,1,0,1
542,541,543,1,0,1
544,543,545,1,0,1
546,545,547,1,0,1
548,547,549,1,0,1
550,549,551,1,0,1
552,551,553,1,0,1
554,553,555,1,0,1
556,555,557,1,0,1
558,557,559,1,0,1
560,559,561,1,0,1
562,561,563,1,0,1
564,565,566,1,1,1
509,566,567,0,0,1
520,567,568,0,0,1
518,568,569,0,0,1
516,569,570,0,0,1
504,506,571,0,0,1
563,501,572,0,0,1
573,572,574,1,0,1
570,574,571,0,0,0
575,576,577,1,1,1,30416
578,577,579,1,0,1
580,579,581,1,0,1
582,581,583,1,0,1
584,583,585,1,0,1
586,587,588,1,1,1
589,588,590,1,0,1
591,592,593,1,1,1
594,595,596,1,1,1
597,596,598,1,0,1
599,598,600,1,0,1
601,602,603,1,1,1
604,605,606,1,1,1
607,606,608,1,0,1
609,608,610,1,0,1
611,610,612,1,0,1
565,612,613,0,0,1
573,613,614,0,0,1
560,562,615,0,0,1
558,615,616,0,0,1
554,556,617,0,0,1
552,617,618,0,0,1
548,550,619,0,0,1
544,546,620,0,0,1
542,620,621,0,0,1
538,540,622,0,0,1
534,536,623,0,0,1
532,623,624,0,0,1
530,624,625,0,0,1
526,528,626,0,0,1
585,523,627,0,0,1
628,627,629,1,0,1
630,629,631,1,0,1
632,631,633,1,0,1
600,593,634,0,0,1
603,635,636,0,1,1
614,636,637,0,0,1
616,637,638,0,0,1
618,638,639,0,0,1
619,639,640,0,0,1
621,640,641,0,0,1
622,641,642,0,0,1
625,642,643,0,0,1
633,626,644,0,0,1
590,644,645,0,0,1
634,645,643,0,0,0
646,647,648,1,1,1,30432
649,648,650,1,0,1
651,650,652,1,0,1
653,652,654,1,0,1
655,656,657,1,1,1
658,659,660,1,1,1
661,662,663,1,1,1
664,663,665,1,0,1
666,667,668,1,1,1
669,670,671,1,1,1
672,671,673,1,0,1
674,675,676,1,1,1
677,678,679,1,1,1
680,681,682,1,1,1
683,684,685,1,1,1
686,687,688,1,1,1
689,688,690,1,0,1
691,690,692,1,0,1
693,694,695,1,1,1
696,695,697,1,0,1
698,697,699,1,0,1
700,699,701,1,0,1
702,701,703,1,0,1
604,703,704,0,0,1
605,704,705,0,0,1
601,705,706,0,0,1
602,706,707,0,0,1
635,707,708,0,0,1
599,708,709,0,0,1
597,709,710,0,0,1
594,710,711,0,0,1
595,711,712,0,0,1
591,712,713,0,0,1
592,713,714,0,0,1
589,714,715,0,0,1
586,715,716,0,0,1
632,587,717,0,0,1
630,717,718,0,0,1
628,718,719,0,0,1
582,584,720,0,0,1
580,720,721,0,0,1
575,578,722,0,0,1
654,722,723,0,0,1
724,723,725,1,0,1
660,726,727,0,1,1
665,727,728,0,0,1
668,728,729,0,0,1
730,729,731,1,0,1
732,731,733,1,0,1
734,733,735,1,0,1
673,735,736,0,0,1
737,736,738,1,0,1
676,738,739,0,0,1
679,739,740,0,0,1
741,740,742,1,0,1
743,742,744,1,0,1
682,744,745,0,0,1
685,745,746,0,0,1
692,746,747,0,0,1
748,747,749,1,0,1
716,749,750,0,0,1
719,750,751,0,0,1
725,721,752,0,0,1
657,752,753,0,0,1
754,753,751,1,0,0
755,756,757,1,1,1,28896
662,757,758,0,0,1
658,758,759,0,0,1
726,659,760,0,0,1
754,760,761,0,0,1
655,761,762,0,0,1
656,762,763,0,0,1
724,763,764,0,0,1
653,764,765,0,0,1
651,765,766,0,0,1
649,766,767,0,0,1
646,767,759,0,0,0
206,196,768,0,0,1,39200
193,768,769,0,0,1
260,190,770,0,0,1
257,770,771,0,0,1
258,771,772,0,0,1
255,772,773,0,0,1
253,773,774,0,0,1
249,251,775,0,0,1
776,775,777,1,0,1
778,777,779,1,0,1
1,779,780,0,0,1
128,147,781,0,0,1
782,129,783,1,0,1
784,785,786,1,1,1
769,786,787,0,0,1
780,774,788,0,0,1
781,788,789,0,0,1
783,789,787,0,0,0
247,776,790,0,0,1,2337
245,790,791,0,0,1
792,243,793,1,0,1
794,795,796,1,1,1
797,798,799,1,1,1
800,230,801,1,0,1
802,801,803,1,0,1
437,804,805,0,1,1
19,435,806,0,0,1
15,806,807,0,0,1
11,13,808,0,0,1
7,9,809,0,0,1
0,3,810,0,0,1
778,810,811,0,0,1
791,811,812,0,0,1
793,812,813,0,0,1
796,813,814,0,0,1
803,815,816,0,1,1
807,805,817,0,0,1
16,817,818,0,0,1
808,818,819,0,0,1
809,819,820,0,0,1
5,820,821,0,0,1
814,821,822,0,0,1
799,822,816,0,0,0
241,792,823,0,0,1,39200
239,823,824,0,0,1
237,824,825,0,0,1
233,235,826,0,0,1
815,826,827,0,0,1
797,827,828,0,0,1
794,798,829,0,0,1
795,829,830,0,0,1
825,830,828,0,0,0
443,446,831,0,0,1,31009
478,444,832,0,0,1
441,832,833,0,0,1
439,833,834,0,0,1
802,804,835,0,0,1
831,800,836,0,0,1
834,836,835,0,0,0
156,121,837,0,0,1,2339
160,837,838,0,0,1
116,118,839,0,0,1
114,839,840,0,0,1
110,112,841,0,0,1
105,108,842,0,0,1
103,106,843,0,0,1
844,843,845,1,0,1
846,845,847,1,0,1
848,847,849,1,0,1
850,849,851,1,0,1
852,851,853,1,0,1
854,853,855,1,0,1
123,855,856,0,0,1
120,124,857,0,0,1
838,857,858,0,0,1
840,858,859,0,0,1
841,859,860,0,0,1
842,860,856,0,0,0
126,782,861,0,0,1,2337
854,861,862,0,0,1
852,862,863,0,0,1
864,863,785,1,0,0
511,486,865,0,0,1,31184
564,508,866,0,0,1
611,866,867,0,0,1
609,867,868,0,0,1
607,868,869,0,0,1
702,869,870,0,0,1
871,870,872,1,0,1
873,872,874,1,0,1
875,874,876,1,0,1
307,877,878,0,1,1
305,878,879,0,0,1
303,879,880,0,0,1
301,880,881,0,0,1
299,881,882,0,0,1
297,882,883,0,0,1
293,295,884,0,0,1
289,291,885,0,0,1
286,885,886,0,0,1
865,886,887,0,0,1
876,887,888,0,0,1
883,888,884,0,0,0
889,890,891,1,1,1,43296
892,891,893,1,0,1
894,895,896,1,1,1
897,896,898,1,0,1
899,898,900,1,0,1
901,900,902,1,0,1
903,902,893,1,0,0
475,433,904,0,0,1,35104
431,904,905,0,0,1
428,905,906,0,0,1
425,429,907,0,0,1
423,426,908,0,0,1
417,421,909,0,0,1
469,418,910,0,0,1
414,910,911,0,0,1
466,415,912,0,0,1
464,912,913,0,0,1
411,913,914,0,0,1
461,412,915,0,0,1
408,915,916,0,0,1
409,916,917,0,0,1
406,917,918,0,0,1
404,918,919,0,0,1
920,919,921,1,0,1
922,921,923,1,0,1
924,923,925,1,0,1
926,927,928,1,1,1
68,928,929,0,0,1
930,929,931,1,0,1
932,931,933,1,0,1
934,933,935,1,0,1
936,57,937,1,0,1
47,938,939,0,1,1
940,939,941,1,0,1
942,943,944,1,1,1
40,944,945,0,0,1
27,946,947,0,1,1
23,947,948,0,0,1
21,24,949,0,0,1
906,949,950,0,0,1
925,914,951,0,0,1
935,951,952,0,0,1
953,952,954,1,0,1
941,955,956,0,1,1
945,957,958,0,1,1
948,958,959,0,0,1
950,959,960,0,0,1
907,960,961,0,0,1
908,961,962,0,0,1
420,962,963,0,0,1
909,963,964,0,0,1
954,911,965,0,0,1
937,965,966,0,0,1
967,966,968,1,0,1
956,968,964,0,0,0
33,35,969,0,0,1,2337
29,31,970,0,0,1
971,970,972,1,0,1
38,972,969,0,0,0
26,971,973,0,0,1,39200
946,973,974,0,0,1
41,974,37,0,0,0
846,848,975,0,0,1,2338
976,975,977,1,0,1
978,977,979,1,0,1
980,979,981,1,0,1
844,976,982,0,0,1,2337
100,982,983,0,0,1
87,984,985,0,1,1
986,985,987,1,0,1
980,987,988,0,0,1
983,978,989,0,0,1
990,989,988,1,0,0
97,101,991,0,0,1,2339
95,98,992,0,0,1
89,91,993,0,0,1
984,993,994,0,0,1
990,994,995,0,0,1
992,991,996,0,0,1
93,996,995,0,0,0
82,85,997,0,0,1,2337
80,997,998,0,0,1
78,998,999,0,0,1
942,43,1000,0,0,1,2337
957,943,1001,0,0,1
940,1001,1002,0,0,1
48,1002,1003,0,0,1
45,1003,1000,0,0,0
141,76,1004,0,0,1,2337
73,1004,1005,0,0,1
955,938,1006,0,0,1,2337
967,1006,1007,0,0,1
58,936,1008,0,0,1
54,1008,1009,0,0,1
149,55,1010,0,0,1
52,1010,1011,0,0,1
1007,50,1012,0,0,1
1009,1012,1011,0,0,0
666,730,1013,0,0,1,31456
667,1013,1014,0,0,1
1015,664,1016,1,0,1
1017,1016,1018,1,0,1
1019,1018,1020,1,0,1
1021,1020,1022,1,0,1
1023,1022,1024,1,0,1
1025,1024,1026,1,0,1
1027,1026,1028,1,0,1
1029,1028,1030,1,0,1
1031,1030,1032,1,0,1
1033,1032,1034,1,0,1
1035,1034,1036,1,0,1
1037,1036,1038,1,0,1
1039,1040,1041,1,1,1
1042,1043,1044,1,1,1
1045,1046,1047,1,1,1
1048,1047,1049,1,0,1
1050,1051,1052,1,1,1
1053,1052,1054,1,0,1
1055,1056,1057,1,1,1
1058,1059,1060,1,1,1
1061,1062,1063,1,1,1
1064,1063,1065,1,0,1
1066,1065,1067,1,0,1
1068,1069,1070,1,1,1
1071,1070,1072,1,0,1
1073,1072,1074,1,0,1
1075,1074,1076,1,0,1
1077,1076,1078,1,0,1
1079,1078,1080,1,0,1
1081,1082,1083,1,1,1
1084,1083,1085,1,0,1
1086,1087,1088,1,1,1
1089,1088,1090,1,0,1
1091,1092,1093,1,1,1
1094,1095,1096,1,1,1
1097,1098,1099,1,1,1
1100,1101,1102,1,1,1
1103,1104,1105,1,1,1
1106,1107,1108,1,1,1
1109,1110,1111,1,1,1
1112,1113,1114,1,1,1
1115,1114,1116,1,0,1
1117,1118,1119,1,1,1
1120,1121,1122,1,1,1
1123,1124,1125,1,1,1
1126,1125,1127,1,0,1
1128,1127,1129,1,0,1
1130,1131,1132,1,1,1
696,1132,1133,0,0,1
693,1133,1134,0,0,1
694,1134,1135,0,0,1
748,1135,1136,0,0,1
691,1136,1137,0,0,1
689,1137,1138,0,0,1
686,1138,1139,0,0,1
683,687,1140,0,0,1
680,684,1141,0,0,1
743,681,1142,0,0,1
741,1142,1143,0,0,1
677,1143,1144,0,0,1
674,678,1145,0,0,1
737,675,1146,0,0,1
672,1146,1147,0,0,1
669,1147,1148,0,0,1
734,670,1149,0,0,1
732,1149,1150,0,0,1
1014,1150,1151,0,0,1
1038,1151,1152,0,0,1
1041,1152,1153,0,0,1
1044,1153,1154,0,0,1
1049,1154,1155,0,0,1
1054,1155,1156,0,0,1
1057,1156,1157,0,0,1
1060,1157,1158,0,0,1
1067,1158,1159,0,0,1
1080,1159,1160,0,0,1
1085,1160,1161,0,0,1
1090,1161,1162,0,0,1
1093,1162,1163,0,0,1
1164,1163,1165,1,0,1
1096,1165,1166,0,0,1
1099,1166,1167,0,0,1
1102,1167,1168,0,0,1
1105,1168,1169,0,0,1
1108,1169,1170,0,0,1
1111,1170,1171,0,0,1
1116,1171,1172,0,0,1
1119,1172,1173,0,0,1
1122,1173,1174,0,0,1
1129,1174,1175,0,0,1
1139,1175,1176,0,0,1
1140,1176,1177,0,0,1
1141,1177,1178,0,0,1
1144,1178,1179,0,0,1
1145,1179,1148,0,0,0
953,60,1180,0,0,1,39200
930,932,1181,0,0,1
69,1181,1182,0,0,1
138,1182,1183,0,0,1
65,1183,1184,0,0,1
62,66,1185,0,0,1
1180,63,1186,0,0,1
934,1186,1187,0,0,1
1184,1187,1185,0,0,0
700,871,1188,0,0,1,31200
1128,1131,1189,0,0,1
1123,1126,1190,0,0,1
1120,1124,1191,0,0,1
1117,1121,1192,0,0,1
1115,1118,1193,0,0,1
1112,1193,1194,0,0,1
1109,1113,1195,0,0,1
1106,1110,1196,0,0,1
1103,1107,1197,0,0,1
1100,1104,1198,0,0,1
1097,1101,1199,0,0,1
1094,1098,1200,0,0,1
1164,1095,1201,0,0,1
1091,1201,1202,0,0,1
1089,1092,1203,0,0,1
1086,1203,1204,0,0,1
1084,1087,1205,0,0,1
1206,1205,1207,1,0,1
1208,1207,1209,1,0,1
1210,1209,1211,1,0,1
1212,1211,1213,1,0,1
1214,1213,1215,1,0,1
1216,1217,1218,1,1,1
1219,1218,1220,1,0,1
1221,1220,1222,1,0,1
1223,1224,1225,1,1,1
1226,1225,1227,1,0,1
1228,1227,1229,1,0,1
1230,1229,1231,1,0,1
312,1232,1233,0,1,1
309,1233,1234,0,0,1
458,310,1235,0,0,1
877,1235,1236,0,0,1
875,1236,1237,0,0,1
1188,873,1238,0,0,1
698,1238,1239,0,0,1
1130,1239,1240,0,0,1
1192,1191,1241,0,0,1
1194,1241,1242,0,0,1
1199,1198,1243,0,0,1
1200,1243,1244,0,0,1
1215,1204,1245,0,0,1
1246,1245,1247,1,0,1
1222,1247,1248,0,0,1
1231,1249,1250,0,1,1
1240,1237,1251,0,0,1
1189,1251,1252,0,0,1
1190,1252,1253,0,0,1
1242,1253,1254,0,0,1
1244,1197,1255,0,0,1
1248,1202,1256,0,0,1
1254,1234,1257,0,0,1
1195,1257,1258,0,0,1
1196,1258,1259,0,0,1
1256,1255,1260,0,0,1
1250,1260,1259,0,0,0
924,927,1261,0,0,1,2338
922,1261,1262,0,0,1
396,398,1263,0,0,1,30992
394,1263,1264,0,0,1
390,392,1265,0,0,1
386,388,1266,0,0,1
384,1266,1267,0,0,1
378,380,1268,0,0,1
374,376,1269,0,0,1
372,1269,1270,0,0,1
370,1270,1271,0,0,1
368,1271,1272,0,0,1
364,366,1273,0,0,1
362,1273,1274,0,0,1
358,360,1275,0,0,1
356,1275,1276,0,0,1
352,354,1277,0,0,1
348,350,1278,0,0,1
344,346,1279,0,0,1
338,340,1280,0,0,1
336,1280,1281,0,0,1
332,334,1282,0,0,1
328,330,1283,0,0,1
324,326,1284,0,0,1
322,1284,1285,0,0,1
318,320,1286,0,0,1
316,1286,1287,0,0,1
1232,314,1288,0,0,1
1230,1288,1289,0,0,1
1228,1289,1290,0,0,1
1226,1290,1291,0,0,1
1223,1291,1292,0,0,1
1249,1224,1293,0,0,1
1221,1293,1294,0,0,1
1219,1294,1295,0,0,1
1246,1217,1296,0,0,1
1214,1296,1297,0,0,1
1298,1297,1299,1,0,1
1300,1299,1301,1,0,1
1302,1303,1304,1,1,1
1305,1306,1307,1,1,1
1308,1309,1310,1,1,1
1311,1312,1313,1,1,1
1314,1313,1315,1,0,1
1316,1315,1317,1,0,1
1318,1319,1320,1,1,1
1321,1320,1322,1,0,1
1323,1324,1325,1,1,1
1326,1327,1328,1,1,1
1329,1330,1331,1,1,1
1332,1331,1333,1,0,1
400,1333,1334,0,0,1
1264,1334,1335,0,0,1
1265,1335,1336,0,0,1
1267,1336,1337,0,0,1
382,1337,1338,0,0,1
1268,1338,1339,0,0,1
1272,1339,1340,0,0,1
1274,1340,1341,0,0,1
1276,1341,1342,0,0,1
1277,1342,1343,0,0,1
1278,1343,1344,0,0,1
1279,1344,1345,0,0,1
342,1345,1346,0,0,1
1281,1346,1347,0,0,1
1282,1347,1348,0,0,1
1283,1348,1349,0,0,1
1285,1349,1350,0,0,1
1287,1350,1351,0,0,1
1292,1351,1352,0,0,1
1295,1352,1353,0,0,1
1216,1353,1354,0,0,1
1304,1301,1355,0,0,1
1307,1355,1356,0,0,1
1310,1356,1357,0,0,1
1358,1357,1359,1,0,1
1360,1359,1361,1,0,1
1362,1361,1363,1,0,1
1317,1363,1364,0,0,1
1322,1365,1366,0,1,1
1325,1366,1367,0,0,1
1328,1368,1369,0,1,1
1354,1369,1370,0,0,1
1364,1370,1367,0,0,0
1371,1017,1372,1,0,1,30432
1373,1374,1375,1,1,1
1376,1375,1377,1,0,1
1378,1377,1379,1,0,1
1380,1379,1381,1,0,1
1068,1382,1383,0,1,1
1066,1069,1384,0,0,1
1064,1384,1385,0,0,1
1058,1062,1386,0,0,1
1059,1386,1387,0,0,1
1055,1387,1388,0,0,1
1053,1056,1389,0,0,1
1050,1389,1390,0,0,1
1048,1051,1391,0,0,1
1045,1391,1392,0,0,1
1042,1046,1393,0,0,1
1039,1043,1394,0,0,1
1037,1040,1395,0,0,1
1035,1395,1396,0,0,1
1033,1396,1397,0,0,1
1031,1397,1398,0,0,1
1029,1398,1399,0,0,1
1027,1399,1400,0,0,1
1023,1025,1401,0,0,1
1021,1401,1402,0,0,1
1372,1019,1403,0,0,1
1383,1381,1404,0,0,1
1385,1404,1405,0,0,1
1061,1405,1406,0,0,1
1388,1406,1407,0,0,1
1390,1407,1408,0,0,1
1392,1408,1409,0,0,1
1393,1409,1410,0,0,1
1394,1410,1411,0,0,1
1400,1411,1412,0,0,1
1402,1412,1403,0,0,0
1212,1298,1413,0,0,1,31040
1210,1413,1414,0,0,1
1208,1414,1415,0,0,1
1416,1206,1417,1,0,1
1418,1417,1419,1,0,1
1420,1419,1421,1,0,1
1422,1421,1423,1,0,1
1424,1425,1426,1,1,1
1427,1428,1429,1,1,1
1430,1429,1431,1,0,1
1432,1433,1434,1,1,1
1435,1436,1437,1,1,1
1438,1439,1440,1,1,1
1330,1440,1441,0,0,1
1326,1441,1442,0,0,1
1327,1442,1443,0,0,1
1368,1443,1444,0,0,1
1323,1444,1445,0,0,1
1324,1445,1446,0,0,1
1321,1446,1447,0,0,1
1318,1447,1448,0,0,1
1319,1448,1449,0,0,1
1365,1449,1450,0,0,1
1316,1450,1451,0,0,1
1314,1451,1452,0,0,1
1311,1452,1453,0,0,1
1312,1453,1454,0,0,1
1362,1454,1455,0,0,1
1360,1455,1456,0,0,1
1358,1456,1457,0,0,1
1308,1457,1458,0,0,1
1309,1458,1459,0,0,1
1305,1459,1460,0,0,1
1306,1460,1461,0,0,1
1302,1461,1462,0,0,1
1303,1462,1463,0,0,1
1300,1463,1464,0,0,1
1415,1464,1465,0,0,1
1423,1465,1466,0,0,1
1467,1466,1468,1,0,1
1426,1468,1469,0,0,1
1434,1431,1470,0,0,1
1437,1471,1472,0,1,1
1473,1472,1474,1,0,1
1469,1475,1476,0,1,1
1470,1476,1474,0,0,0
1079,1082,1477,0,0,1,31296
1075,1077,1478,0,0,1
1071,1073,1479,0,0,1
1480,1479,1481,1,0,1
1482,1481,1483,1,0,1
1484,1483,1485,1,0,1
1486,1485,1487,1,0,1
1488,1487,1489,1,0,1
1490,1489,1491,1,0,1
1492,1491,1493,1,0,1
1427,1493,1494,0,0,1
1424,1428,1495,0,0,1
1467,1425,1496,0,0,1
1422,1496,1497,0,0,1
1420,1497,1498,0,0,1
1416,1418,1499,0,0,1
1081,1499,1500,0,0,1
1477,1500,1501,0,0,1
1478,1501,1502,0,0,1
1495,1494,1503,0,0,1
1498,1503,1502,0,0,0
1490,1492,1504,0,0,1,29248
1505,1484,1506,1,0,1
1507,1506,1508,1,0,1
1439,1508,1509,0,0,1
1475,1509,1510,0,0,1
1473,1510,1511,0,0,1
1435,1511,1512,0,0,1
1436,1512,1513,0,0,1
1471,1513,1514,0,0,1
1432,1514,1515,0,0,1
1433,1515,1516,0,0,1
1504,1430,1517,0,0,1
1488,1517,1518,0,0,1
1486,1518,1516,0,0,0
1380,1382,1519,0,0,1,30272
1376,1378,1520,0,0,1
1373,1520,1521,0,0,1
1522,1521,1523,1,0,1
1505,1523,1524,0,0,1
1482,1524,1525,0,0,1
1480,1525,1519,0,0,0