-46.653095,47.993938,0,1,140,141,200
-54.146081,46.937755,0,141,699,700
-53.340328,46.010587,0,1,2,3,9,10,700,798,799
-45.086894,48.000448,1,2,140
-37.607271,48.673786,2,3,140,200,201,220
-13.062059,49.074707,3,4,5,6,10,139,199,219,220,221,227,229,230
-19.759269,47.455178,4,5,137,138
-18.941561,47.460354,4,138,139
-28.526227,46.260055,5,6,136,137
-30.11998,46.257951,6,7,8,9,10,135,136
-36.006855,45.315173,7,8,133,134,701
-30.147687,46.129976,7,134,135
-46.170824,44.935855,8,9,701,702,799,800
-166.134308,67.332529,11,12,831
-180.0,67.466667,11,828,829,830,831
-180.0,49.6,11,12,13,14,15,16,17,18,19,20,149,690
-163.478125,67.740837,12,13,830,831,840,843,844
-158.687511,67.735844,13,14,839,840,1301,1305
-152.274866,67.737146,14,15,1304,1305
-146.11746,68.261726,15,16,1303,1304,1311,1312
-144.78864,68.272668,16,17,1229,1230,1311
-143.715743,68.278413,17,18,1228,1229,1362
-143.749901,68.130413,18,19,1362,1363,1364,1367
-141.342135,68.138765,19,20,1366,1367,1368
-139.978266,67.74014,20,21,22,149,150,1366
-136.010155,67.85984,21,22,1365,1381,1382
-139.995372,67.861794,21,1365,1366,1368
-130.679515,67.871409,22,23,24,150,228,231,1380,1381
-120.561318,68.134502,23,24,1601,1602,1603,1604,1609,1610,1614
-124.036267,68.152246,23,1380,1601
-106.681527,68.262422,24,25,26,151,152,222,228,1613,1614
-85.602077,68.941464,25,26,1732,1733,1734
-100.014602,68.540996,25,1612,1613,1728,1733
-85.334971,68.930763,26,27,28,29,30,31,151,1732
-79.975281,69.590224,27,28,1798,1799
-84.273798,69.32107,27,1731,1732,1734,1799,1800
-79.174189,69.601662,28,29,1742,1743,1798
-79.182717,69.473676,29,30,1742
-73.84614,69.328765,30,31,1741,1742,1743,1744,1749,1833,1834,1835,1836,1845,1846
-57.609087,69.469715,31,32,33,34,35,151,152,1845
-50.117042,69.736521,32,33,1426,1427,1843,1844
-57.618494,69.60409,32,1844,1845,1846,1847
-43.198319,69.728022,33,34,1425,1426
-43.204259,69.607099,34,35,1424,1425
-41.052008,69.597869,35,36,37,152,153,204,205,206,207,208,209,222,1424
-29.875109,70.004864,36,37,1422,1423
-41.059383,69.732587,36,1423,1424,1425,1426,1427,1522,1523
-24.783206,70.005954,37,38,153,1422
-18.918331,70.141109,38,153,154,204,1420,1421
-24.800395,70.137213,38,1421,1422,1423,1522
-7.472607,70.405038,39,154,155,156,204,205,1418,1419
-9.595919,70.671745,39,1419,1420,1421,1522,1523,1524,1525,1526,1560
-9.602572,70.528591,39,154,1420
12.012758,70.925498,40,41,1570,1571,1572,1580
2.923144,70.930239,40,1418,1419,1560,1570
2.945248,70.797966,40,41,42,43,44,45,46,155,1418
15.483802,70.530125,41,42,1580,1581,1582,1585
15.476455,70.397625,42,43,1417,1521,1585,1587
12.281432,70.409634,43,44,1416,1417
9.07844,70.133682,44,45,1415,1416
6.422238,70.129223,45,46,1414,1415
0.784297,69.726294,46,155,156,1413,1414
15.211795,69.326883,47,48,1521,1584,1586,1587,1588
13.874015,69.728417,47,1412,1413,1414,1415,1416,1417,1521
12.824072,69.589168,47,48,49,50,157,1412
13.86961,69.203706,48,49,1411,1520,1559,1579,1583,1584
-8.544477,68.93677,49,50,1410,1411
-14.412977,68.930257,50,51,157,158,1410
-21.066458,68.808019,51,52,158,159,1409
-15.461325,68.803537,51,1409,1410,1411,1519,1520
-22.388342,68.806171,52,53,159,160,1408
-21.063572,68.671022,52,1408,1409,1518,1519
-46.394212,68.277808,53,54,55,160,206,207,1407
-22.415282,68.670891,53,1407,1408,1517,1518
-56.54529,66.660386,54,55,1405,1406
-44.017276,67.328987,54,1406,1407,1517
-58.127341,66.661092,55,161,207,208,1404,1405
-57.365462,65.4799,56,57,1403
-53.023054,65.600314,56,1403,1404,1405,1406,1517,1518,1519,1520,1559
-60.245307,66.261299,56,57,58,161,1404
-65.065264,64.936283,57,58,1402,1403,1516,1558,1559,1569,1578,1579
-87.743013,64.666546,58,59,60,61,62,161,162,208,209,1402
-92.23802,63.728717,59,60,1401,1515,1516,1557,1558
-88.80012,64.001254,59,1402,1516
-99.211534,63.329832,60,61,1400,1401
-100.507371,63.453654,61,62,1399,1400
-119.179465,62.401858,62,63,162,1399
-134.136004,61.343011,63,162,209,222,228,231,232,1513,1514
-131.228006,61.46908,63,1399,1400,1401,1514,1515
-121.060446,61.731138,64,65,1511,1555,1556
-132.798258,61.345761,64,1512,1513,1514,1515,1556,1557
-132.809705,61.201053,64,65,66,163,1512
-121.075336,61.607261,65,66,1510,1511
-117.332577,61.60019,66,67,68,163,210,223,1510
-108.799202,62.268913,67,68,1508,1509
-115.472193,61.867706,67,1509,1510,1511,1555
-107.462262,62.267134,68,164,165,210,1507,1508
-96.797602,63.335008,69,70,1506,1569,1578
-101.092191,63.201596,69,1507,1508,1509,1555,1556,1557,1558,1569
-101.066831,63.070379,69,70,71,164,1507
-84.550969,63.076896,70,71,1505,1506
-84.528157,62.927058,71,164,165,1504,1505
-42.914907,63.345544,72,73,74,75,166,167,168,169,170,171,172,173,174,175,176,177,178,179,211,1503
-53.348554,64.13229,72,1503,1504,1505,1506,1554,1578,1579,1583
-59.980693,62.939505,72,165,210,211,223,224,1504
-25.323231,64.14031,73,74,1501,1502
-39.471207,64.133883,73,1502,1503,1554
-25.326289,63.994685,74,75,1500,1501
-19.753144,63.998126,75,76,77,166,1500
-6.677388,63.863631,76,77,1498,1499
-12.791047,64.263645,76,1499,1500,1501,1502,1554,1583,1584,1586
-6.650332,63.727127,77,78,166,167,1498
3.441363,63.064054,78,79,80,167,168,1497
-0.785037,63.731829,78,1497,1498,1499,1553,1568,1577,1586,1588
4.524712,62.807797,79,80,1496,1551,1552
4.543357,63.064556,79,1497,1552,1553
-0.527794,62.798852,80,81,168,169,1496
-6.678428,62.660994,81,169,170,1494,1495
-0.526999,62.664349,81,1495,1496,1550,1551
-1.087489,62.396427,82,83,84,171,172,1493
-1.090431,62.536088,82,1493,1494,1495,1550
-6.668387,62.540473,82,170,171,1494
19.985171,61.33893,83,84,1491,1492
10.106656,62.390641,83,1492,1493,1549,1550,1551,1552,1553,1567,1568
20.006562,61.191369,84,85,172,173,1491
22.65328,61.056177,85,86,87,173,174,1490
22.654025,61.205268,85,1490,1491,1492,1548,1549
35.737215,60.53564,86,87,1488,1489
25.037482,61.076488,86,1489,1490,1548
35.738791,60.398606,87,88,89,174,175,1488
39.728052,60.136552,88,89,1487,1547,1565,1566
38.662569,60.407311,88,1488,1489,1548,1549,1566,1567
22.654812,58.002129,89,175,176,1486,1487
30.397187,56.933954,90,91,1485,1546,1547,1564,1565
28.812257,57.331488,90,1486,1487,1547
22.139733,57.734127,90,91,176,177,1486
15.711991,55.873409,91,92,93,177,178,1485
12.268018,55.729799,92,93,1483,1484
15.72169,55.726663,92,1484,1485,1545,1546
5.330321,55.472671,93,178,179,1482,1483
23.741385,54.39277,94,180,181,182,183,184,185,186,187,188,212,2203,2204
23.74084,54.530464,94,2204,2205
10.672205,54.662135,94,212,225,226,1481,2205,2206
35.960768,54.269831,95,96,180,181,2924
36.000176,54.396477,95,2924,2925,2937
29.322214,54.385157,95,180,2203,2902,2925
45.596109,54.13497,96,97,181,182,2923
45.604062,54.277906,96,2923,2924,2936,2937,2938,2942
55.7578,53.998699,97,98,182,183,2922
55.742703,54.124072,97,2922,2923,2936
65.865569,53.870189,98,99,183,184,2921
65.867743,54.001291,98,2921,2922,2936,2941,2942
76.246728,53.728995,99,100,184,185,2920
76.267764,53.869383,99,2920,2921,2940,2941
69.072483,52.941365,100,185,186,2918,2919
79.195469,53.729039,100,2919,2920,2935,2939,2940
70.697479,52.390628,101,102,2917,2933,2934
70.663713,52.668614,101,2918,2919,2934,2935
67.715698,52.671527,101,102,186,187,2918
57.341108,51.734635,102,103,187,188,2917
54.910031,50.928853,103,104,188,212,213,214,215,226,229,230,233,2916
60.271933,51.462955,103,2916,2917,2932,2933
61.591132,50.404634,104,105,189,190,191,192,213,2915
58.136406,50.937563,104,2915,2916,2931,2932
68.020693,50.52058,105,106,107,108,189,2914
61.600868,50.531568,105,2914,2915,2930,2931
76.527004,50.393887,106,107,2928,2929
68.013991,50.669213,106,2914,2929,2930
79.480243,50.136508,107,108,2913,2927,2928
76.789789,49.724286,108,109,110,111,112,113,189,190,2913
82.636036,49.867518,109,110,2196,2349
80.511214,49.866803,109,2196,2912,2913,2926,2927
83.491067,49.611934,110,111,2349,2350,2435,2436
77.624937,49.063387,111,112,2195,2432,2434,2435
71.958412,48.80185,112,113,2194,2195
68.279711,48.801139,113,114,115,190,191,2194
55.212207,47.999036,114,115,2193,2426,2427
66.381503,48.3921,114,2194,2195,2427,2431,2432
53.350605,47.999873,115,116,191,192,2192,2193
46.932315,47.602143,116,192,193,194,213,214,2944,2945
49.057986,47.6052,116,2192,2945,2946,2947,2952
40.275413,46.676374,117,118,119,120,193,194,2943
46.137547,46.277666,117,2943,2944,2945,2951,2952
43.754423,46.930894,117,193,2944
33.602539,46.402049,118,119,2189,2190,2411,2413,2417,2418,2949,2950
37.839843,46.39528,118,2943,2950,2951
23.462111,46.133594,119,120,2188,2189
19.989888,46.133631,120,121,194,214,215,2188
8.011863,44.673556,121,215,227,229,2187
15.987569,45.460185,121,2187,2188,2189,2407,2410,2411
27.466996,42.932334,122,123,195,2347,2640
23.747917,43.865407,122,2347,2348,2392,2393
12.011604,44.004397,122,195,196,197,216,2348
20.276346,42.934371,123,124,125,195,196,2639
22.109939,42.521098,123,2639,2640,2647,2648
15.478976,42.673783,124,125,2045,2046,2153,2154
20.008445,42.535803,124,2154,2155,2164,2165,2166,2638,2639,2647
8.807191,42.790082,125,126,196,197,2045
1.862763,42.946137,126,197,216,217,2043,2044
6.383911,42.534956,126,2044,2045,2046,2047,2048,2049,2061
-5.863087,41.997772,127,128,129,198,2042
-2.675373,42.277141,127,2042,2043,2044,2060,2061,2062,2068
-2.673733,42.403969,127,198,217,218,2043
-6.93024,41.866493,128,129,704,705,2040,2041
-5.861303,41.860546,128,2041,2042,2060
-7.718912,43.189441,129,130,131,198,199,218,219,704
-19.482202,43.464771,130,131,703,801,802
-15.478758,43.201231,130,704,705,706,707,708,709,710,802,816,817
-24.791598,44.269438,131,132,133,134,135,136,137,138,139,199,703
-29.329297,44.406325,132,133,701,702
-29.341852,44.28139,132,702,703,800,801
-54.948449,48.535965,141,200,201,698,699
-64.27244,47.468096,142,143,144,145,146,202,697
-57.885869,48.404944,142,697,698,699,700,797,798
-57.845554,48.541421,142,201,202,203,220,221,698
-74.137594,45.61265,143,144,696,795,796
-64.23972,47.333944,143,697,796,797
-142.109803,45.733712,144,145,695,696
-145.085181,47.335434,145,146,694,695
-157.073152,48.670146,146,147,148,202,203,693,694
-168.259066,48.805751,147,148,691,692
-168.266822,48.666959,147,692,693
-175.180249,49.60029,148,149,150,203,221,230,231,232,233,690,691
0.805773,69.612352,156,157,158,159,160,205,206,1412,1413
-134.139085,61.0711,163,223,224,225,226,232,233,1512,1513
3.472722,55.207449,179,211,224,225,1481,1482
8.002631,44.392367,216,217,218,219,227,2187,2348,2393,2402,2406,2407
-48.246772,47.200603,234,235
-49.329505,47.200841,234
-49.87543,46.408277,234,235,246,247
-41.338148,47.865254,235,236,237,247,248
-39.731357,48.00587,236,237
-41.342758,48.000577,236
-35.186678,48.263084,237,238,248
-28.80445,48.662884,238,239,240,241,242,243,244,245,246,247,248
-31.732028,48.652006,238
-19.474788,48.800655,239,240
-28.797497,48.794081,239
-23.204083,47.325868,240,241
-24.524959,47.330941,241,242
-34.40063,46.001612,242,243
-35.204248,46.009368,243,244
-44.805436,45.45697,244,245
-44.807399,45.599927,245,246
25.616097,55.194627,249,250,2315
23.719904,55.069494,249,2315,2382,2430,2433,2438,2439
23.7172,54.92897,249,250,251,368,369,2401,2439,2442,2447,2448,2449
33.595644,55.996984,250,251,2314,2315,2381,2382
34.952694,56.003361,251,252,253,254,255,256,369,370,2314
40.275626,57.074523,252,253,2313,2381,2382,2429,2430
34.936746,56.127594,252,2314,2381
41.057952,57.060127,253,254,2313
51.444471,57.999482,254,255,2312,2313,2380,2424,2428,2429
54.123587,57.993991,255,256,2311,2312
65.341522,58.26118,256,257,258,259,370,371,2311
66.934484,58.270951,257,258,2309,2310
65.331434,58.406259,257,2310,2311,2312,2379,2380
89.872572,58.403166,258,259,2308,2309
89.846942,58.266174,259,260,261,371,372,2307,2308
114.904818,58.269903,260,261,2305,2306
100.520713,58.401179,260,2306,2307
114.950961,58.142828,261,262,263,372,373,2305
117.609267,58.534345,262,263,2303,2304
116.27907,58.657928,262,2304,2305,2306,2307,2308,2309,2310,2378,2379
126.106497,58.261227,263,373,405,415,422,428,429,431,432,2302,2303
122.418943,60.539735,264,265,416,417,418,423,2301
122.407416,58.520313,264,2301,2302,2303,2304,2377,2378
126.15538,58.53673,264,423,424,429,2302
112.781134,61.338359,265,266,374,375,406,407,416,2300
120.519305,60.532876,265,2300,2301,2376,2377
102.669041,61.869731,266,267,374,2299
111.196756,61.3311,266,2299,2300,2375,2376
87.976719,62.667586,267,268,269,374,375,2298
93.333522,62.275142,267,2298,2299,2375
82.940601,62.933094,268,269,2296,2297
82.929773,62.799317,268,2297,2298,2374,2375,2376,2377,2378,2379,2380,2416,2420,2423,2424
74.662361,63.462783,269,270,375,376,377,378,379,380,406,2296
66.666642,63.873542,270,271,272,376,2295
66.66197,63.734621,270,2295,2296,2297,2374
61.873862,64.126551,271,272,2294
61.853565,64.006561,271,2294,2295,2374,2415,2416
56.304866,64.656904,272,273,274,275,276,376,377,2294,2373,2400,2409,2412,2414,2415
63.197395,64.797244,273,274,2293
63.228102,64.933744,273,2293,2372,2373
69.066666,64.793154,274,275,2292,2293,2371,2372
69.057648,64.672662,275,276,2291,2292
82.653974,64.260173,276,277,377,378,2291
90.394744,63.997243,277,278,378,379,2289,2290
82.64997,64.397213,277,2290,2291,2292,2370,2371
98.938514,63.862374,278,379,380,2287,2288
98.94675,64.000229,278,2288,2289
111.205227,64.921735,279,280,2283,2284
108.014497,64.539696,279,2284,2285,2286,2287,2288,2289,2290,2370
120.004867,64.264871,279,280,281,282,283,408,417,418,2285
111.476654,65.457735,280,281,2282,2283
113.613221,65.469268,281,282,2281,2282
111.721796,65.878714,282,283,2280,2281
117.075347,67.064751,283,381,382,383,384,408,2279,2280
100.24886,67.602205,284,285,2278,2369,2400,2405,2408,2409
100.272173,67.47175,284,2279,2280,2281,2282,2283,2284,2370,2371,2372,2373,2400
107.20372,67.475506,284,285,381,2279
119.996793,68.004232,285,286,381,382,2278
123.732727,68.11362,286,287,288,289,290,382,383,2277
119.978854,68.138365,286,2277,2278,2368,2369
129.62811,68.808238,287,288,2367,2368,2369,2399,2404,2405
123.72524,68.263501,287,2277,2368
135.744193,69.06938,288,289,2276,2366,2367
140.28155,69.0672,289,290,2275,2276
146.40015,69.207415,290,383,384,2274,2275
145.355047,69.591713,291,292,2272,2365,2366,2367,2398,2399
150.14504,69.600276,291,2273,2274,2275,2276,2366
155.985865,69.868402,291,292,293,385,386,409,410,411,412,419,2273
145.299476,69.864701,292,293,2271,2272
140.547435,70.130808,293,294,385,2271
140.536763,70.389949,294,385,386,2269,2270
137.32911,70.133269,294,2270,2271,2272,2364,2365
109.043268,71.475644,295,296,3297,3304,3305,3306
109.069613,71.329146,295,2267,2268,3297
129.887898,70.790148,295,296,386,387,388,389,390,409,2268,2269
113.333249,71.468841,296,297,387,3303,3304
123.746498,71.058036,297,387,388,3295,3296
123.745045,71.207103,297,3296,3302,3303
151.204103,71.595331,298,299,2980,2981
132.558128,71.595975,298,2981,2982,3293,3294
132.553374,71.055999,298,299,300,301,302,388,389,3294,3295
155.215633,71.330855,299,300,2979,2980,3646
155.196598,71.199584,300,301,3646,3661
162.113131,71.204548,301,302,3660,3661,3662,3663,3664,3668
170.923928,70.803368,302,303,389,390,3660
172.787961,70.660454,303,304,305,306,307,390,409,410,3659
172.783967,70.803647,303,3659,3660,3667,3668
177.58265,70.263019,304,305,3658,3665,3666
176.553423,70.672321,304,3659,3666,3667
169.340543,69.331137,305,306,3657,3658
168.535357,69.331586,306,307,3656,3657
160.544757,68.391272,307,308,410,411,3655,3656
160.528364,67.723189,308,309,391,411,412,3653,3654
164.25611,67.991709,308,3654,3655
171.994046,66.794165,309,310,311,312,313,314,391,3652
171.983944,66.937776,309,3652,3653
180.0,61.333333,310,311,2777,2778,2805,2815,2816
180.0,66.8,310,3651,3652,3653,3654,3655,3656,3657,3658,3665
173.06417,61.330413,311,312,2777
173.059379,61.195789,312,313,2776,2777,2804,2805
162.654817,60.264369,313,314,2775,2776
161.584971,60.261932,314,315,316,317,391,412,413,419,420,2775
168.242447,59.209013,315,316,2774,2804,2805,2815
166.683491,59.600744,315,2775,2776,2804
165.083508,58.799828,316,317,2773,2774
164.266865,57.858345,317,392,393,394,413,2772,2773
170.955182,55.203791,318,319,2770,2771
178.417411,55.729632,318,2771,2772,2773,2774,2803,2814,2815,2816,2819
168.013421,56.403407,318,319,320,392,2772
168.249599,55.189105,319,320,2769,2770
168.284498,54.930489,320,321,322,323,324,325,326,392,393,2769
174.404595,54.2618,321,322,2768,2802,2803,2813,2814
172.79552,54.929889,321,2769,2770,2771,2803
171.195953,53.865042,322,323,2768
168.526879,52.920768,323,324,2768,2801,2802
162.657617,52.002935,324,325,2767,2800,2801
151.713545,51.868472,325,326,2766,2767
131.195374,52.145462,326,393,394,2765,2766
136.804279,51.19419,327,328,329,433,435,2763
136.774116,51.326904,327,2763,2764
128.811225,51.855553,327,394,413,420,424,429,432,434,435,2764,2765
145.616318,50.928262,328,329,2761,2762
139.4608,51.196109,328,2762,2763,2764,2765,2766,2767,2800
145.605277,50.798938,329,430,433,2760,2761
170.399977,48.926533,330,331,2759,2813,2814,2819,2822
165.865401,50.407372,330,2760,2761,2762,2800,2801,2802,2813
155.996521,50.397228,330,331,332,333,334,335,336,337,338,339,340,341,342,425,426,427,430,2760
168.269848,48.952814,331,332,2759
162.92637,47.593666,332,333,2758,2759,2821,2822
158.681875,47.601414,333,334,2758
153.3484,46.80403,334,335,2758,2799,2818,2820,2821
145.878612,46.791518,335,336,2757,2798,2799
137.594945,47.062284,336,337,2756,2757
124.808678,47.061895,337,338,2755,2756
118.133503,47.456346,338,339,2754,2755
118.126226,47.598917,339,340,2753,2754
114.420523,47.601546,340,341,2752,2753
104.519169,47.87353,341,342,2751,2752
91.182637,48.005191,342,421,425,2750,2751
77.075902,45.731929,343,344,2747,2797,2798,2799,2812,2817,2818
78.425472,46.926319,343,2748,2749,2750,2751,2752,2753,2754,2755,2756,2757,2798
72.002881,47.464317,343,344,345,346,347,348,349,350,395,2748
74.661583,45.72098,344,345,2747,3153,3154
72.815789,45.735248,345,346,3133,3153
67.19406,45.875426,346,347,2339,2340,2341,2342,2421,2422,2425,3132,3133,3134,3135,3137,3138
65.348441,46.533878,347,348,2339
57.316488,47.450178,348,349,2339,2425,2426,2427,2431
64.790685,48.134463,349,350,2338,2431,2432,2434
79.718183,48.677785,350,351,352,395,396,2338
90.415786,48.782403,351,352,2336,2337
79.743275,48.794,351,2337,2338,2434,2435,2436,2437,2440
90.40075,48.657262,352,396,397,2335,2336
125.343786,50.792662,353,398,427,430,433,434,435,2331,2332
121.079038,50.267265,353,2332,2333
118.691183,49.73836,353,426,427,2333,2334
107.449026,52.548214,354,355,2330,2390,2391
106.681752,52.136962,354,2331,2332,2333,2334,2335,2336,2337,2391,2440,2441,2443
125.329978,50.918038,354,355,356,357,358,359,398,2331
109.850951,52.532741,355,356,2330
113.8475,52.788272,356,357,2329,2330,2389,2390
118.39465,52.797637,357,358,2329
118.41603,52.93459,358,359,2328,2329,2388,2389
125.593934,53.45557,359,398,399,431,432,434,2327,2328
122.143356,54.411512,360,361,2325,2326
118.913046,53.868869,360,2326,2327,2328,2387,2388
122.915501,53.874647,360,361,399,2327
121.870225,54.79243,361,362,399,428,431,2325
118.646975,55.068471,362,400,422,428,2323,2324
121.070328,54.273619,362,2324,2325,2326,2386,2387
105.328402,54.935595,363,364,2322,2385,2386,2387,2388,2389,2390,2391,2401,2443,2444,2445,2446,2448
110.135441,54.9439,363,2323,2324,2386
110.13259,55.073898,363,364,400,2323
110.648761,55.741157,364,400,415,422,2321,2322
82.134335,55.065715,365,366,401,402,2319
91.196668,54.939301,365,2319,2320,2321,2322,2384,2385
94.666738,55.2064,365,401,2320
69.622009,55.204295,366,367,402,403,2318
79.46185,54.940202,366,2318,2319,2383,2384
49.317206,55.203764,367,403,404,2316,2317
49.296656,55.059934,367,2317,2318,2383
30.934419,54.934532,368,2316,2317,2383,2384,2385,2401
34.40407,55.071906,368,369,370,371,372,373,404,405,2316
107.194451,63.865542,380,406,407,2286,2287
156.006208,69.724325,384,408,418,419,420,423,424,2273,2274
81.047865,48.140626,395,396,397,414,2748,2749
111.472359,48.809073,397,414,421,425,426,2334,2335
104.810064,55.737344,401,402,403,404,405,415,2320,2321
119.988867,64.130301,407,416,417,2285,2286
91.189317,48.129031,414,421,2749,2750
-176.501257,-73.865779,436,437,475,476
-180.0,-75.733333,436,469,470,471,476,477
-180.0,-90.0,436,437,466,467,468
-175.997265,-73.869342,437,438,439,467,475
-172.796947,-71.594391,438,439,473,474
-176.006271,-73.333783,438,474,475,476,477
-172.52951,-71.614922,439,467,468,472,473
-162.402238,-63.33167,440,441,470,471,507,508
-167.460139,-67.469926,440,471,472,473,474,477
-170.403374,-70.131987,440,441,442,443,444,445,446,447,448,449,450,451,452,453,454,455,456,457,458,459,460,461,462,463,464,465,466,468,472
-162.124947,-63.330478,441,442,507,1242
-161.306803,-63.993113,442,443,1242,1243,1283
-159.768069,-64.008518,443,444,1282,1283,1284,1285,1286,1287,1288,1289,1290,1291,1292,1293,1294,1295,1296,1297,1298,1299,1300
-154.930395,-64.800728,444,445,1281,1282
-154.927573,-65.065405,445,446,1280,1281
-142.411477,-66.280096,446,447,1280
-137.862383,-66.263724,447,448,1279,1280,1281,1282,1300
-133.612056,-66.526807,448,449,1278,1279
-131.965427,-66.543776,449,450,1277,1278
-124.783578,-68.269631,450,451,1276,1277
-112.805123,-69.736432,451,452,1275,1276
-110.106674,-71.055923,452,453,1275,1657
-110.12378,-71.194614,453,454,1328,1657,1658,1659,1660,1661,1662,1706,1707
-112.790674,-72.799206,454,455,1327,1328,1329,1330,1331,1332,1333,1334,1335,1336,1337,1338,1344
-113.324817,-72.786952,455,456,1327
-115.731835,-74.261257,456,457,1326,1327,1343,1344
-118.414739,-75.603663,457,458,1326
-118.389146,-75.861755,458,459,1325,1326,1342,1343
-126.142221,-78.395667,459,460,1324,1325
-132.275427,-80.142357,460,461,1323,1324
-133.078125,-80.132617,461,462,1323
-138.111148,-82.65949,462,463,1322,1323,1324,1325,1341,1342
-141.870197,-84.275935,463,464,1322
-149.348294,-87.995898,464,465,1322,1340,1341
-154.933333,-90.0,465,466,1339,1340
-168.802296,-63.193645,469,470,508,509
-180.0,-63.2,469,478,509,510
-175.230874,-49.072429,478,479,510,511,535
-180.0,-53.466667,478,516,517,535,536
-168.034192,-45.199219,479,480,481,511,512,534
-175.195623,-48.808331,479,534,535,536,537,538,539,540,543
-161.0489,-41.970248,480,481,532,533
-168.011783,-45.058619,480,533,534,542,543
-160.810063,-42.005357,481,512,513,531,532
-155.471359,-37.597956,482,483,529,530
-159.717734,-40.673454,482,530,531,532,533,541,542
-159.723211,-41.080443,482,483,484,485,513,514,531
-151.736753,-35.200896,483,484,528,529
-151.22531,-35.202263,484,485,527,528
-146.662914,-32.411246,485,486,487,488,489,490,491,492,493,494,495,496,497,498,499,500,501,502,503,504,505,514,515,526,527
-142.385011,-29.202398,486,487,524,525,621,622
-143.737136,-29.995648,486,525,526
-139.213017,-29.191701,487,488,620,621
-127.20025,-30.669314,488,489,619,620
-119.993378,-32.667851,489,490,618,619
-119.992358,-32.800984,490,491,617,618
-116.27461,-33.211307,491,492,616,617
-108.268709,-34.530334,492,493,615,616
-102.150734,-36.278862,493,494,614,615,1251,1252
-105.330026,-37.989742,494,495,1251
-105.36133,-38.254077,495,496,1250,1251,1252,1253,1254,1255,1256,1287,1288
-110.657281,-40.529056,496,497,1250
-110.642047,-40.672065,497,498,1249,1250,1286,1287
-114.649329,-42.008534,498,499,1248,1249
-115.192273,-41.9944,499,500,1247,1248
-119.485928,-44.13729,500,501,1247
-119.456731,-44.406615,501,502,1246,1247,1248,1249,1285,1286
-126.925628,-46.662253,502,503,1245,1246
-128.248185,-46.661333,503,504,1245
-141.324381,-54.12417,504,505,1244,1245,1246,1284,1285
-150.381102,-58.397884,505,506,515,1244
-155.471987,-60.001133,506,507,508,509,510,511,512,513,514,515,1242,1243
-150.403323,-58.67144,506,1243,1244,1283,1284
-172.258372,-41.736981,516,517,559,560
-180.0,-43.866667,516,544,545,546,547,548,549,560,561
-171.72062,-41.734466,517,518,519,536,537,559
-168.545832,-39.880647,518,519,557,558
-171.722958,-41.468042,518,558,559,560,561,563
-167.986156,-39.871362,519,537,538,556,557
-157.604793,-34.526058,520,521,554,555
-164.797846,-37.732868,520,555,556,557,558,562,563
-164.813905,-38.010767,520,521,538,539,556
-156.262551,-34.531319,521,522,539,540,553,554
-152.540276,-33.062031,522,540,541,542,543,551,552
-153.060726,-33.05742,522,552,553
-145.576705,-28.659674,523,524,550,622,623
-149.329103,-30.253351,523,550,551,552,553,554,555,562
-149.356267,-30.533207,523,524,525,526,527,528,529,530,541,551
-176.558368,-23.06706,544,545,628,629
-180.0,-22.933333,544,564,565,629
-170.930608,-23.868739,545,546,627,628
-161.608002,-25.457535,546,547,626,627
-152.806826,-27.330212,547,548,625,626
-152.816685,-27.468199,548,549,624,625
-148.796676,-28.270353,549,550,561,562,563,623,624
-24.776462,-14.938168,564,565,668,669
-180.0,-14.933333,564,630,631,632,633,634,635,669,670,671,672,673,674,675,676,677,678,679,680,681,682,683,684,688,689
180.0,-15.733333,565,566,567,568,569,570,571,572,573,574,575,576,577,578,579,580,581,582,583,584,585,586,587,588,589,590,591,592,593,594,595,596,597,598,599,600,601,602,603,604,605,606,607,608,609,610,611,612,613,614,615,616,617,618,619,620,621,622,623,624,625,626,627,628,629,667,668
80.8,-90.0,566,567,1693,1694
180.0,-90.0,566
76.522114,-87.59402,567,568,1693
75.464948,-87.606793,568,569,1692,1693,1694,1695,1696,1697,1698,1699,1700,1701,1702,1703,1704,1705,1706,1707,1708,1709,1710,1711,1712,1717
67.192743,-83.866934,569,570,1691,1692
67.201727,-83.740347,570,571,1691
58.931634,-81.343206,571,572,1690,1691,1692,1716,1717
50.398366,-77.863402,572,573,1690
40.538451,-74.525163,573,574,1689,1690,1715,1716
28.802645,-69.475173,574,575,1688,1689
28.780848,-69.323301,575,576,1687,1688
26.932709,-68.660723,576,577,1687
25.857533,-68.669318,577,578,1687,1688,1689,1714,1715
18.667031,-66.144299,578,579,1686,1713,1714
11.456384,-63.06186,579,580,1685,1686
8.276663,-62.126539,580,581,1684,1685
8.261336,-61.859688,581,582,1684
7.224074,-61.877283,582,583,1683,1684,1685,1686,1713
-2.132497,-59.079183,583,584,1682,1683
-2.150546,-58.930337,584,585,1682
-4.288249,-58.678944,585,586,1681,1682,1683,1712,1713,1714,1715,1716,1717
-10.397718,-57.188018,586,587,1680,1681
-15.752708,-55.200868,587,588,1679,1680
-15.740677,-55.063087,588,589,1678,1679
-20.798988,-54.409884,589,590,1677,1678
-26.666192,-52.406255,590,591,1676,1677
-26.676335,-52.272356,591,592,1675,1676
-36.272702,-50.261158,592,593,1674,1675
-37.073234,-50.265844,593,594,1673,1674
-41.344703,-48.533329,594,595,1672,1673
-41.319999,-48.399801,595,596,1671,1672
-43.215084,-48.393271,596,597,1670,1671
-50.657419,-46.669531,597,598,1263,1264,1669,1670
-56.02243,-44.927217,598,599,1262,1263
-56.023896,-44.803594,599,600,1262
-57.841896,-44.793585,600,601,1262,1263,1264,1265,1266,1267,1268,1292,1293
-60.550907,-44.137166,601,602,1261,1291,1292
-60.52339,-43.862485,602,603,1261
-61.596225,-43.857487,603,604,1260,1261,1290,1291
-67.200327,-42.672478,604,605,1259,1260
-72.243655,-41.992558,605,606,1259
-72.799443,-42.005744,606,607,1258,1259,1260,1289,1290
-83.469192,-39.596825,607,608,1257,1258
-83.462451,-39.46416,608,609,1257
-85.077056,-39.47009,609,610,1256,1257,1258,1288,1289
-91.490515,-37.998311,610,611,1255,1256
-92.009528,-38.003827,611,612,1254,1255
-96.547521,-36.666308,612,613,1253,1254
-96.535953,-36.388799,613,614,1252,1253
-173.845004,38.538396,630,631,793,794
-180.0,38.933333,630,690,691,692,693,694,695,696,794,795
-155.988116,37.600838,631,632,792,793
-151.463218,36.5214,632,633,791,792
-151.466734,36.250154,633,634,790,791
-141.32448,35.06321,634,635,789,790
-77.3322,34.939003,635,636,637,670,789
-69.848452,35.739785,636,637,787,788
-77.339891,35.076869,636,788,789,790,791,792,793,794,795,796,797,798,799,800,801,802,816
-68.792169,35.728845,637,670,671,786,787
-63.718107,36.403536,638,639,785,821,822,823,827
-65.875517,36.396485,638,786,787,788,816,817,821
-65.885647,36.263726,638,639,640,671,672,786
-54.658906,35.331702,639,640,784,785
-54.673397,35.194962,640,672,673,783,784
-37.599164,34.393484,641,642,781,782
-44.003895,34.934728,641,782,783,784,785,826,827
-47.999279,34.933599,641,642,643,673,674,783
-37.606569,34.26673,642,643,780,781
-29.081921,33.601092,643,644,645,646,674,675,780
-23.209295,32.935815,644,645,778,779
-27.763097,33.60852,644,779,780,781,782,825,826
-14.40339,29.473596,645,646,777,778
-14.394446,29.329914,646,647,675,676,776,777
6.959669,28.398295,647,648,649,650,651,652,676,677,775
6.937732,28.523993,647,775,776
26.397442,27.996627,648,649,773,774
26.396103,28.38697,648,774,775,776,777,778,779,815,820,824,825
32.003027,26.133393,649,650,772,773
32.811745,25.734352,650,651,771,772
38.672525,24.931911,651,652,770,771
38.652141,24.797119,652,677,678,769,770
59.23525,22.672937,653,654,767,768
48.532463,24.261379,653,768,769,770,771,772,773,774,814,815
41.074802,24.531232,653,654,678,679,769
59.177343,22.531857,654,655,656,679,680,767
68.251581,22.128711,655,656,765,766
66.659584,22.385442,655,766,767,768,813,814
81.596164,21.343662,656,657,680,681,765
86.948962,20.526361,657,658,681,682,763,764
82.934126,21.333484,657,764,765,766,812,813
90.919686,20.125556,658,682,683,761,762
90.93569,20.256996,658,762,763
101.082377,20.92652,659,660,759,760
94.936928,20.274054,659,760,761,762,763,764,811,812
94.930629,20.135392,659,660,683,684,761
102.131235,20.921326,660,684,685,686,689,758,759
118.379741,21.998203,661,662,756,757
106.668558,21.998041,661,757,758,759,760,810,811
106.658589,21.872242,661,662,685,758
118.406529,21.870587,662,663,685,686,755,756
142.646619,18.927348,663,686,687,688,689,753,754
126.691777,21.872418,663,754,755
171.469228,18.128869,664,665,750,751
163.195575,18.806431,664,751,752
153.321581,18.798864,664,665,687,752,753
171.489356,18.006864,665,666,667,668,669,687,688,749,750
180.0,17.733333,666,667,747,748
174.410659,18.001108,666,748,749
-8.792541,41.466881,705,706,2040
-8.7863,41.339333,706,707,2040,2041,2059,2060,2067,2068,2069
-5.054338,39.996837,707,708,2058,2059
-5.867477,39.989769,708,709,2057,2058
-6.396439,39.06899,709,710,2056,2057
-5.331819,38.267794,710,803,804,805,817,818,821,822,2055,2056
4.81974,39.467378,711,712,2054,2065,2066
2.125832,39.470459,711,2055,2056,2057,2058,2059,2066,2067
2.137344,39.214536,711,712,713,803,2055
8.265462,38.93694,712,713,2053,2054
6.67681,38.654812,713,714,803,804,2052,2053
12.266703,38.271054,714,715,716,717,718,719,720,721,722,723,724,725,726,804,805,2051
12.245164,38.401646,714,2051,2052
16.80778,38.794456,715,716,2185,2186,2671,2672
16.028366,38.795882,715,2051,2052,2053,2054,2064,2065,2186
28.290594,39.059986,716,717,2670,2671
28.535631,39.067655,717,718,2669,2670,2875,2876
28.541907,38.93632,718,719,2875
36.519814,38.93077,719,720,2874,2875,2876,2892
36.512125,38.807804,720,721,2874
50.409013,38.795654,721,722,2873,2874,2891,2892,2893,2894,2897
47.194931,37.743165,722,723,2873
47.213518,37.464479,723,724,2872,2873,2890,2891
43.210502,35.457741,724,725,2871,2872
42.92554,35.470422,725,726,2871
42.920577,34.795422,726,805,806,818,2870,2871,2872,2890
63.458209,32.66246,727,728,729,730,806,818,822,823,2869
61.345719,35.601749,727,2869,2870,2890,2891,2897,2898,2899,2901
50.4198,34.791946,727,806,2870
78.95533,32.539562,728,729,2867,2868
65.587387,33.475074,728,2868,2869,2889,2896,2900,2901
85.866774,31.467281,729,730,2866,2867
92.526154,30.521422,730,823,824,825,826,827,2865,2866
101.046488,33.470043,731,732,2862,3283,3284
94.133891,32.259355,731,2862,2863
95.750771,31.194015,731,732,733,734,735,807,2863,2864
108.267344,32.524185,732,733,3282,3283
109.602099,32.393457,733,734,3281,3282,3420,3421,3422,3423,3424,3425,3426
121.856152,32.003117,734,735,3426
123.444548,31.999508,735,807,808,819,3425,3426,3524,3525
130.395573,32.391951,736,737,3532,3533
126.122689,32.537021,736,3523,3530,3531,3532
125.081858,32.113719,736,737,738,739,740,808,3523,3524
129.8432,31.997054,737,738,3533,3534,3535,3536,3537,3538,3539,3540,3541,3550
138.368733,31.471354,738,739,3549,3550,3551,3552
139.467113,31.317646,739,740,3549,3625
141.857685,29.455062,740,808,809,810,811,812,813,814,815,819,820,3625,3632,3633
156.258766,29.451582,741,742,3630,3631
149.348052,30.25851,741,3631,3632,3633,3634
145.054295,29.474647,741,742,743,744,809,3632
156.286462,29.335529,742,743,3629,3630
165.070023,29.190462,743,744,3628,3629,3681,3682,3683,3684,3685,3689
170.957143,28.928778,744,745,746,747,748,749,750,751,752,753,754,755,756,757,809,810,3688,3689
174.665577,28.932225,745,746,3686,3687
174.398027,28.939468,745,3687,3688
180.0,28.533333,746,747,3686
95.735066,30.533798,807,819,820,824,2864,2865
-174.386767,67.869749,828,829,841
-180.0,68.133333,828,832,833,834,835,841,842
-164.279285,68.2621,829,830,841,842,844
-171.438395,69.055315,832,833,849,850
-180.0,68.8,832,845,846,850
-167.47839,68.800453,833,834,848,849
-167.444952,68.666728,834,835,847,848
-163.74231,68.676817,835,842,843,844,847
-157.865986,69.466516,836,837,1210,1211,1306,1307
-163.75995,69.469844,836,1211,1212
-163.7364,69.33862,836,837,838,839,840,843,846,847,848,849,850,1206,1207,1212
-157.872555,69.337067,837,838,1306
-157.873308,68.262494,838,839,1301,1306,1307,1313,1314
-171.731001,69.461195,845,846,856,1206
-180.0,69.466667,845,851,852,853,854,856,857
-175.725273,69.992638,851,852,974,975
-180.0,70.0,851,975,1026,1027
-169.595986,70.411001,852,853,973,974,1213
-168.810148,70.000823,853,854,1213,1214,1215,1216
-165.091382,70.011978,854,855,857,1216,1217
-169.32284,69.737163,855,856,857,1206,1207
-165.067356,69.594164,855,1207,1208,1209,1210,1211,1212,1217,1218,1219,1237,1238
-163.211405,76.401912,858,859,1038,1039,1114
-169.585358,76.395985,858,1114,1115,1116,1117,1149,1150
-169.620124,76.259804,858,1037,1038,1115
-158.141823,76.529726,859,860,976,1028,1029,1030,1039,1051,1052,1113
-163.19269,76.533268,859,1113,1114,1148,1149
-150.377426,76.811393,860,861,862,976,1112
-158.147496,76.671657,860,1112,1113,1147,1148
-141.333945,77.199359,861,862,1110,1111
-150.381615,76.923053,861,1111,1112,1147
-138.667206,77.204569,862,976,977,978,979,980,981,982,983,984,985,986,987,988,989,990,991,992,993,994,1028,1109,1110
-125.062963,79.336222,863,864,1108,1146,1151,1152,1153
-128.817727,79.05425,863,1109,1110,1111,1147,1148,1149,1150,1152
-132.01872,77.99936,863,864,977,1109
-120.538718,79.323851,864,865,977,978,1108
-109.595716,79.473118,865,866,867,868,978,979,1107
-120.565711,79.470218,865,1107,1108,1145,1146
-97.86343,79.736336,866,867,1106,1143,1144
-109.595109,79.58783,866,1107,1144,1145
-97.863099,79.596671,867,868,1105,1106
-84.263621,79.731953,868,869,979,980,1105
-66.120298,79.870381,869,870,980,981,1104
-84.241387,79.874777,869,1104,1105,1106,1142,1143
-55.201069,79.995918,870,871,981,982,1103
-66.147376,80.012844,870,1103,1104,1141,1142
-46.651323,80.135975,871,872,982,983,1102
-55.200188,80.139572,871,1102,1103,1140,1141
-37.069037,80.274648,872,873,983,984,1101
-46.668489,80.270438,872,1101,1102,1139,1140
-30.667052,80.401485,873,874,984,985,1100
-37.06396,80.396472,873,1100,1101,1138,1139
-21.594409,80.542096,874,875,985,986,1099
-30.688391,80.520941,874,1099,1100,1137,1138
-13.058628,80.671042,875,876,986,987,1098
-21.601894,80.6655,875,1098,1099,1136,1137
2.410156,80.795633,876,877,987,988,1097
-13.060986,80.802642,876,1097,1098,1135,1136
12.812346,80.92675,877,878,988,989,1096
2.400262,80.953213,877,1096,1097,1134,1135
26.424307,81.073064,878,879,989,990,1095
12.811448,81.076563,878,1095,1096,1133,1134
37.071414,81.215715,879,880,990,991,1094
26.401405,81.20676,879,1094,1095,1132,1133
45.613893,81.333144,880,881,991,992,1093
37.09471,81.339691,880,1093,1094,1131,1132
46.409816,81.332752,881,882,992,993,1092
45.586352,81.447593,881,1092,1093,1130,1131
53.055004,81.455647,882,883,993,994,1091
46.409833,81.472996,882,1091,1092,1129,1130
59.212191,81.589726,883,884,994,995,1028,1029,1090
53.069095,81.593615,883,1090,1091,1128,1129
64.265744,81.725746,884,885,995,1089
59.198482,81.735052,884,1089,1090,1127,1128
76.495626,81.862734,885,886,995,996,997,998,999,1029,1030,1088
64.257327,81.869782,885,1088,1089,1126,1127
82.399669,81.994461,886,887,996,1087
76.516009,82.006443,886,1087,1088,1125,1126
88.795102,82.130598,887,888,996,997,1086
82.423752,82.129452,887,1086,1087,1124,1125
97.354291,82.271931,888,889,997,998,1085
88.819085,82.267577,888,1085,1086,1123,1124
105.6271,82.391985,889,890,998,999,1084
97.33594,82.40323,889,1084,1085,1122,1123
118.381756,82.533145,890,891,892,893,894,895,896,897,898,899,900,901,902,903,904,905,906,999,1000,1030,1040,1041,1042,1043,1044,1045,1046,1047,1048,1049,1052,1083
105.593876,82.543507,890,1083,1084,1121,1122
138.137546,82.80843,891,892,1081,1082
118.402413,82.678236,891,1082,1083,1120,1121
180.0,82.8,892,893,1080,1081
180.0,73.866667,893,894,3674,3675
175.204991,73.726775,894,895,3674
175.207164,73.605798,895,896,3671,3672,3673,3674,3675,3676,3677,3678,3679,3680
171.193541,74.133873,896,897,3670,3671
169.063879,74.142525,897,898,3643,3644,3669,3670
166.907531,74.273943,898,899,3643
152.509553,73.74171,899,900,3635,3636,3643,3644,3645
151.191404,73.725758,900,901,3595,3635
149.324346,73.318777,901,902,3594,3595,3606,3607
147.75755,73.476353,902,903,3411,3412,3593,3594
138.674508,73.73115,903,904,3410,3411
138.139553,73.746248,904,905,3410,3488,3489
135.728224,73.734254,905,906,3487,3488
132.538017,73.726632,906,907,1000,3314,3315,3486,3487
129.323084,73.880756,907,908,1000,1031,1032,1040,3312,3313
129.320947,73.731402,907,3313,3314
119.209388,74.13555,908,909,1001,1002,1003,1031,3481,3482
127.205574,73.865873,908,3312,3482,3483
106.125822,74.009231,909,910,1001,3309
114.661262,73.731986,909,3309,3310,3481
94.927966,74.266744,910,911,912,913,914,915,916,917,918,1001,1002,3307,3308
106.142519,73.870217,910,3308,3309,3310,3311,3322,3323
88.792345,74.0047,911,912,3082,3083
90.678639,73.993647,911,3083,3084,3307
85.591416,74.384712,912,913,3081,3082,3236
84.798445,75.068379,913,914,3235,3236,3237,3238,3239,3250,3251
92.797438,75.06468,914,915,3249,3250
96.015632,75.070926,915,916,2588,2589,3248,3249
102.13366,74.806708,916,917,2587,2588
102.132748,74.646485,917,918,2586,2587
109.863734,74.671455,918,919,1002,1003,2585,2586
121.619418,75.46724,919,920,1003,1004,1005,1031,1032,2583,2584
109.862854,74.82052,919,2584,2585
116.527999,75.866406,920,921,922,1004,2582
116.532807,75.723662,920,2582,2583
110.679061,76.259188,921,922,2581,2611,2612
108.244446,75.869754,921,2582,2583,2584,2585,2586,2587,2588,2589,2590,2591,2612,2613
117.873708,76.260141,922,1004,1005,2581
103.998063,76.945692,923,924,925,1006,2578,2579
105.616211,76.660073,923,2579,2580
117.874272,76.535177,923,1005,1006,1032,1040,1041,2580,2581,2611
95.754464,77.194016,924,925,2576,2577,3209
95.983967,76.789587,924,2577,2578
98.677756,77.462151,925,926,927,1006,1041,1042,3208,3209,3211
74.384341,77.867142,926,927,2572,2573,2574,2609,2610
88.80064,77.337218,926,2573,3207,3208
74.392697,78.005258,927,928,929,1042,1043,2571,2572
55.196721,78.128655,928,929,2569,2570
67.731366,78.002907,928,2570,2571
55.222481,78.26347,929,930,1043,1044,2568,2569
39.980039,78.134149,930,1044,1045,2566,2567
52.526689,78.138235,930,2567,2568
26.377768,76.92053,931,932,2564,2565
28.796351,76.932445,931,2565,2566,2567,2568,2569,2570,2571,2572,2608,2609
34.672452,77.865265,931,932,1033,1034,1045,1046,2566
17.055642,76.403798,932,1007,1008,1033,2563,2564
3.458915,76.12516,933,934,2035,2036,2113,2114
16.818653,75.998035,933,2114,2115,2116,2117,2121
16.797495,76.137443,933,934,935,1007,2115,2563
-9.606527,76.26165,934,935,1759,1760,2034,2035
-9.584212,76.529648,935,936,1007,1008,1758,1759
-22.133541,76.793394,936,1008,1033,1034,1756,1757
-22.139933,76.670394,936,1757,1758
-46.936536,76.663134,937,938,1009,1010,1047,1048,1755
-38.664596,76.660757,937,1755,1756,1757,1758,1759,1760,1761,1762,1763,1764,1765,1766,1779,1780
-38.645713,76.795247,937,1034,1046,1047,1756
-60.523643,76.13188,938,939,1009,1754
-51.729649,76.136888,938,1754,1755,1778,1779
-71.221192,76.147716,939,940,1009,1010,1753
-65.07223,75.865617,939,1753,1754,1777,1778
-79.206956,76.007479,940,941,1010,1048,1049,1752
-71.230651,76.010401,940,1752,1753,1776,1777
-84.794391,75.864409,941,942,1049,1050,1051,1052,1751
-79.214268,75.87636,941,1751,1752,1775,1776
-91.998742,75.196451,942,1035,1050,1750
-84.801103,75.735369,942,1750,1751,1774,1775
-60.285077,74.132774,943,944,1859,1891,1892
-65.329842,74.278097,943,1772,1886,1887,1888,1892
-84.544357,74.268511,943,944,945,946,947,948,949,1011,1772,1773
-60.26974,73.473182,944,945,1858,1859,1860,1861,1862,1867,1868,1869,1870
-72.795244,73.205084,945,946,1822,1858
-77.060193,72.935798,946,947,1787,1822,1823,1824,1830
-78.683076,72.668006,947,948,1786,1787,1788,1789,1790,1791,1792,1793,1794,1795
-79.747365,72.794785,948,949,1785,1786
-86.937921,72.801457,949,950,1011,1012,1784,1785
-89.327915,72.539088,950,1012,1013,1782,1783
-86.931619,72.527661,950,1783,1784
-88.534059,71.605513,951,952,1737,1738,1801
-83.728129,72.005413,951,1782,1783,1784,1785,1786,1795,1801,1802
-89.343493,72.393667,951,952,1013,1014,1782
-92.251085,71.327675,952,953,954,1014,1015,1737
-95.998327,71.199337,953,954,1634,1635,1636,1638,1736
-92.261076,71.193865,953,1736,1737,1738,1747,1748
-101.062066,71.7293,954,1015,1016,1633,1634
-110.142143,70.79834,955,956,1630,1631
-105.343235,71.066329,955,1631,1632,1633,1634,1637,1638
-105.339605,71.460994,955,956,1017,1018,1632
-112.540473,70.794735,956,957,958,959,960,961,962,963,964,1018,1019,1617,1618,1619,1625,1626,1630
-118.107686,70.121808,957,958,1395,1397,1398,1596,1597,1598,1599,1600,1616
-117.865279,70.138067,957,1616,1617
-118.126113,70.267309,958,959,1394,1395
-125.332282,70.26532,959,960,1393,1394
-129.076819,70.536009,960,961,1392,1393
-135.200728,70.522582,961,962,1370,1392
-137.087532,71.195458,962,963,1356,1369,1370,1373,1374,1375
-141.08031,71.60297,963,964,1356,1357,1358,1359,1361
-139.195332,71.991203,964,965,1019,1020,1355,1360,1361
-144.52005,72.140842,965,1020,1021,1353,1354
-144.540178,72.002076,965,1354,1355
-154.919697,72.129366,966,967,1193,1194,1345
-154.65662,72.125741,966,1345,1346
-152.001667,72.138483,966,967,968,1021,1022,1346,1347,1353
-159.474893,72.269199,967,968,1192,1193
-159.484975,72.411651,968,1022,1023,1191,1192
-171.998033,72.39977,969,970,1024,1025,1190
-165.054357,72.126747,969,1190,1191,1192,1193,1194,1195,1196,1197,1198,1199,1200,1201,1202,1203,1204,1205
-163.433684,72.403316,969,1023,1024,1191
-178.394268,72.261908,970,1025,1035,1036,1037,1038,1039,1050,1051,1189
-176.54237,72.143906,970,1189,1190,1205
-175.445697,71.736643,971,972,973,974,975,1026,1202,1203
-175.469338,71.868603,971,1203,1204
-178.366941,72.141922,971,1026,1027,1036,1189,1204,1205
-167.452766,71.065282,972,973,1200,1201,1213,1214
-169.846457,71.605604,972,1201,1202
-92.243545,74.796657,1011,1012,1013,1014,1015,1016,1017,1018,1019,1020,1021,1022,1023,1024,1025,1035,1750,1773,1774
-104.01085,71.730346,1016,1017,1632,1633
-180.0,76.133333,1027,1036,1037,1053,1054,1055,1056,1057,1058,1059,1060,1061,1062,1063,1064,1065,1066,1067,1068,1069,1070,1115,1116
-178.667299,87.864178,1053,1054,1177,1178
-180.0,88.0,1053,1154,1178,1179
-161.337739,87.731609,1054,1055,1177
-151.968871,87.738986,1055,1056,1176,1177,1178,1179,1180,1188
-150.937333,87.593339,1056,1057,1176
-139.452182,87.607769,1057,1058,1175,1176,1187,1188
-139.474305,87.459507,1058,1059,1175
-125.876136,87.451379,1059,1060,1174,1175,1186,1187
-125.856864,87.331052,1060,1061,1174
-119.4728,87.337478,1061,1062,1173,1174,1185,1186
-119.455587,87.194339,1062,1063,1173
-108.544771,87.200061,1063,1064,1172,1173,1184,1185
-108.537724,87.068078,1064,1065,1172
-88.796726,86.933311,1065,1066,1171,1172,1183,1184
-88.781458,86.796691,1066,1067,1171
-78.399861,86.797706,1067,1068,1170,1171,1182,1183
-78.392668,86.653585,1068,1069,1169,1170
-62.4088,86.5258,1069,1070,1168,1169
-49.609601,86.391121,1070,1071,1072,1116,1117,1168
-33.322946,86.396008,1071,1072,1166,1167
-49.600822,86.5411,1071,1167,1168,1169,1170,1181,1182
-33.330966,86.275966,1072,1073,1117,1150,1152,1153,1166
-11.722956,86.124627,1073,1151,1153,1164,1165
-11.735735,86.267281,1073,1165,1166,1167,1181
28.009117,86.135179,1074,1075,1162,1163
21.341572,86.132335,1074,1163,1164,1165,1180,1181,1182,1183,1184,1185,1186,1187,1188
21.337556,85.98731,1074,1075,1076,1118,1119,1120,1121,1122,1123,1124,1125,1126,1127,1128,1129,1130,1131,1132,1133,1134,1135,1136,1137,1138,1139,1140,1141,1142,1143,1144,1145,1146,1151,1164
27.99634,86.003563,1075,1076,1161,1162
118.666474,85.860394,1076,1077,1118,1160,1161
144.528724,85.738592,1077,1078,1079,1118,1119,1158,1159
144.551964,85.871576,1077,1159,1160
172.009549,85.603906,1078,1079,1156,1157
162.137679,85.739956,1078,1157,1158
172.001878,85.463254,1079,1080,1081,1082,1119,1120,1155,1156
180.0,85.466667,1080,1155
180.0,90.0,1154,1155,1156,1157,1158,1159,1160,1161,1162,1163,1179,1180
-180.0,90.0,1154
-154.927861,71.868624,1194,1195,1345,1346,1347,1352
-153.045194,71.343072,1195,1196,1220,1351,1352
-153.071183,71.193087,1196,1197,1219,1220,1238,1239
-156.53112,71.336578,1197,1198,1218,1219
-159.980277,71.067974,1198,1199,1215,1216,1217,1218
-164.282818,70.922075,1199,1200,1214,1215
-155.722576,69.728562,1208,1209,1308,1321
-156.271774,69.748254,1208,1237,1317,1318,1319,1320,1321
-155.724728,69.47481,1209,1210,1307,1308,1309,1310,1314,1315,1316
-144.81056,70.673436,1220,1221,1222,1239,1240,1350,1351
-142.933912,70.798232,1221,1222,1356,1357,1369
-144.807877,70.795935,1221,1349,1350,1357,1358
-142.932601,70.666995,1222,1223,1240,1241,1369,1373
-140.282457,70.404232,1223,1224,1225,1226,1227,1228,1229,1230,1231,1232,1233,1234,1235,1236,1241,1372
-140.246336,70.660296,1223,1372,1373,1375
-137.859176,69.992067,1224,1225,1371,1385
-137.088331,70.408947,1224,1371,1372,1374,1375
-137.591807,69.063125,1225,1226,1376,1377,1385,1386,1387,1388,1389,1390,1391
-137.877508,69.074726,1226,1227,1363,1364,1376
-143.194806,68.264465,1227,1228,1362,1363
-145.847486,69.066335,1230,1231,1310,1311,1312,1315
-145.87547,69.453488,1231,1232,1309,1310
-147.722664,69.741687,1232,1233,1308,1309,1320,1321
-145.065785,70.122236,1233,1234,1319,1320
-145.083659,70.267148,1234,1235,1318,1319
-152.264192,70.138214,1235,1236,1317,1318
-152.253634,70.270519,1236,1237,1238,1239,1240,1241,1317
-55.719191,-49.194967,1264,1265,1668,1669
-56.268545,-49.194755,1265,1266,1668
-57.859779,-50.400897,1266,1267,1668,1669,1670,1671,1672,1673,1674,1675,1676,1677,1678,1679,1680,1681,1711,1712
-60.514221,-52.001142,1267,1268,1667,1710,1711
-66.134331,-54.134263,1268,1269,1293,1294,1667
-69.883497,-55.734389,1269,1270,1271,1294,1295,1666
-66.149051,-54.400701,1269,1666,1667,1709,1710
-70.658218,-55.997506,1270,1271,1664,1665
-69.919372,-55.998831,1270,1665,1666,1708,1709
-76.518186,-57.206539,1271,1295,1296,1663,1664
-84.792992,-60.013531,1272,1273,1297,1298,1661,1662
-83.469907,-59.996842,1272,1662,1663,1664,1665,1707,1708
-83.462818,-59.859161,1272,1296,1297,1663
-94.913167,-63.458117,1273,1274,1298,1299,1659,1660
-92.794397,-63.455835,1273,1660,1661
-102.912424,-66.526738,1274,1275,1276,1277,1278,1279,1299,1300,1657,1658
-100.803833,-66.14342,1274,1658,1659
-157.324833,68.399593,1301,1302,1303,1304,1305,1313
-152.533327,69.32645,1302,1303,1312,1315,1316
-157.341878,68.539361,1302,1313,1314,1316
-105.318129,-72.667664,1328,1329,1705,1706
-103.199177,-73.742671,1329,1330,1704,1705
-98.964693,-74.535043,1330,1331,1703,1704
-98.939222,-74.823154,1331,1332,1702,1703
-90.399017,-76.665662,1332,1333,1701,1702
-82.929366,-80.14189,1333,1334,1700,1701
-82.921226,-80.261369,1334,1335,1699,1700
-73.325816,-84.136169,1335,1336,1698,1699
-73.340176,-84.409049,1336,1337,1697,1698
-65.894045,-86.9436,1337,1338,1696,1697
-62.148209,-88.796568,1338,1339,1340,1341,1342,1343,1344,1695,1696
-57.6,-90.0,1339,1694,1695
-150.937219,71.869897,1347,1348,1349,1350,1351,1352,1353,1354,1355,1360
-144.53058,71.473098,1348,1349,1358,1359
-149.601198,71.875475,1348,1359,1360,1361
-137.868246,68.805673,1364,1365,1367,1368,1376,1377,1382,1383
-135.190028,70.139696,1370,1371,1374,1385,1386,1392,1393,1394,1395,1397
-132.519239,68.815031,1377,1378,1383,1384,1391
-123.728864,68.540309,1378,1379,1384,1594,1595
-132.543101,68.926259,1378,1390,1391,1589,1590,1595
-123.979394,68.267192,1379,1380,1381,1382,1383,1384,1601,1602
-120.798456,68.795458,1379,1593,1594,1602,1603
-130.943177,70.128931,1386,1387,1396,1397,1398
-130.126206,69.726941,1387,1388,1396
-126.118692,70.009112,1388,1389,1396,1398,1596
-127.981011,69.341438,1389,1390,1589,1596,1600
-37.597603,70.664683,1427,1428,1429,1430,1523,1524,1842,1843
-32.799751,71.327533,1428,1429,1840,1841,1955,1956
-39.737481,70.925619,1428,1841,1842
-31.200578,71.479127,1429,1430,1954,1955,1989,1990,1999,2000
-28.525006,71.349,1430,1431,1432,1433,1434,1524,1525,1999
-24.796044,71.591652,1431,1432,1997,1998
-24.80212,71.729532,1431,1998,1999,2000,2001,2002
-14.148551,71.598383,1432,1433,1996,1997
-14.130512,71.469008,1433,1434,1995,1996
-8.262935,71.475139,1434,1435,1525,1526,1995
2.946211,71.604579,1435,1436,1437,1438,1439,1440,1441,1442,1526,1527,1528,1529,1530,1560,1570,1571,1993,1994
-8.249711,71.611139,1435,1994,1995,1996,1997,1998,2002
14.124562,72.135844,1436,1437,2104,2105
3.729581,71.866409,1436,1993,2105,2106
14.395391,72.136052,1437,1438,2103,2104,2651
14.403565,71.99926,1438,1439,2651,2652,2653,2654,2661
25.828877,72.128461,1439,1440,2253,2254,2660,2661,2662,2663
25.867614,71.989078,1440,1441,2253
33.607852,71.857887,1441,1442,2252,2253,2254,2255,2256,2257,2258,2259,2360,2361
38.39535,71.595662,1442,1443,1444,1445,1527,2252
49.340002,71.732702,1443,1444,2251,2359,2360,2361,2362,2396
38.38233,71.737038,1443,2252,2360
57.571014,71.452033,1444,1445,2250,2251
66.382709,71.326715,1445,1446,1447,1527,1528,2250
71.994865,71.460461,1446,1447,2249,2359,2396,2397,2398,2399,2404
66.416507,71.465849,1446,2250,2251,2359
78.14221,70.931745,1447,1448,1449,1450,1528,1529,2249
82.41418,70.79877,1448,1449,2358,2395,2403,2408,2409,2412
82.416428,70.933473,1448,2249,2404,2405,2408
80.811659,70.673203,1449,1450,2248,2357,2358
68.262433,70.53676,1450,1451,1452,1453,1529,1530,2248
63.991601,70.005465,1451,1452,2247
71.718229,70.129332,1451,2247,2248,2356,2357
53.090422,69.215348,1452,1453,2246,2247,2355,2356
45.58518,69.20257,1453,1454,1530,1571,1572,2245,2246
38.132931,68.799133,1454,1561,1572,1580,1581,2243,2244
39.995788,68.803969,1454,2244,2245
40.801363,68.394016,1455,1456,2240,2241
42.654318,68.122336,1455,2241,2242
44.529387,68.799212,1455,1456,1457,1531,2242,2243,2244,2245,2246,2354,2355
33.578162,67.745208,1456,1457,2239,2240
32.533636,67.724609,1457,1458,1531,1561,1573,1574,1575,1576,1581,1582,2239
37.594654,67.066492,1458,1459,1562,1573,2237,2238
42.150459,67.480468,1458,2238,2239,2240,2241,2242,2354
41.861269,66.933894,1459,1532,1533,1534,1562,2235,2236
41.872539,67.064437,1459,2236,2237
51.993559,66.818176,1460,1461,2234,2395,2403
49.349335,67.07066,1460,2235,2236,2237,2238,2354,2355,2356,2357,2358,2395
49.350975,66.913642,1460,1461,1532,2235
46.115964,66.798479,1461,1462,1532,1533,2233,2234
42.919903,66.670014,1462,1463,1533,1534,2231,2232
46.117023,66.666312,1462,2232,2233
35.182607,66.408966,1463,1534,1562,1573,1574,2229,2230
44.805133,66.405309,1463,2230,2231
54.399713,65.607327,1464,1465,2226,2227
54.398607,65.727809,1464,2227,2228,2229,2230,2231,2232,2233,2234,2403,2412,2414
50.118532,65.739226,1464,1465,1535,2228
42.68142,65.612316,1465,1466,1535,1536,2225,2226
36.527707,65.46748,1466,1536,1537,2223,2224
42.666851,65.460858,1466,2224,2225
43.187584,64.269147,1467,1468,1538,1539,1540,1541,1563,2221
43.18766,64.397803,1467,2221,2222
36.515716,65.204918,1467,1537,1563,1575,1576,2222,2223
62.159702,63.075858,1468,1469,1538,2220
56.552316,63.598085,1468,2220,2221,2222,2223,2224,2225,2226,2227,2414,2415,2416,2420
57.599819,62.534077,1469,1470,1538,1539,2219
64.003081,63.066954,1469,2219,2220,2420,2423
53.621847,62.267589,1470,1471,1539,1540,2217,2218
65.59843,62.396685,1470,2218,2219,2353,2394,2423,2424,2428
42.653724,61.462728,1471,1540,1541,2215,2216
47.462149,61.732831,1471,2216,2217
41.318581,60.403899,1472,1473,1542,1564,1565,1566,1567,1568,1577,2214
45.055261,61.058022,1472,2214,2215,2216,2217,2218,2353
39.727059,61.07872,1472,1541,1563,1576,1577,1582,1585,1587,1588,2215
38.114575,59.075967,1473,1474,1475,1476,1477,1542,2213
49.342028,59.869646,1473,2213,2214,2352,2353,2394
52.802893,58.657546,1474,1475,2212,2352,2394,2428,2429,2430,2433
51.193614,58.933555,1474,2213,2352
37.342568,57.737708,1475,1476,2211,2212
36.24959,57.724003,1476,1477,2210,2211
30.404292,56.397814,1477,1478,1542,1543,1544,1545,1546,1564,2210
22.14028,55.743695,1478,1479,1543,2209
30.380054,56.268979,1478,2209,2210,2211,2212,2433,2438
19.474879,55.606424,1479,1480,1543,1544,2208
22.152846,55.603736,1479,2208,2209,2438,2439,2442
12.792084,55.340352,1480,1481,1482,1483,1484,1544,1545,2206,2207
15.981796,55.323908,1480,2207,2208,2442,2447
38.150552,68.67514,1531,1561,2243
35.184892,66.269669,1535,1536,1537,1574,1575,2228,2229
-119.721427,69.606546,1589,1590,1599,1600
-119.467406,69.606777,1590,1591,1592,1593,1594,1595,1598,1599
-118.409174,69.873443,1591,1592,1615,1624
-118.412766,69.997026,1591,1597,1598,1615
-118.156964,69.864999,1592,1593,1603,1604,1623,1624,1625,1626,1627,1628,1629
-118.140732,70.002996,1597,1615,1616,1617,1624,1625
-116.031117,69.324567,1604,1605,1606,1610,1623
-109.342026,69.597679,1605,1606,1621,1622,1653,1654
-115.999733,69.46383,1605,1622,1623,1629
-105.859675,69.202149,1606,1607,1608,1609,1610,1652,1653
-101.613109,69.08129,1607,1608,1611,1718,1723
-101.612557,69.201318,1607,1651,1652,1718
-110.411372,68.535833,1608,1609,1611,1612,1613,1614
-99.98645,68.671685,1611,1612,1722,1723,1728
-111.452052,70.531496,1618,1619,1639,1640,1641,1642,1643,1644,1645,1646
-111.440164,70.663082,1618,1630,1631,1637,1640
-112.797632,70.531857,1619,1626,1627,1639
-111.460801,70.261251,1620,1621,1622,1628,1629,1647,1648,1655
-111.48677,70.402619,1620,1645,1646,1647
-112.796583,70.26777,1620,1627,1628,1639,1646
-108.548572,70.258865,1621,1654,1655,1656
-103.468983,70.945581,1635,1636,1641,1642
-96.529162,70.79686,1635,1642,1643,1735,1736,1746,1747
-103.472128,71.076127,1636,1637,1638,1640,1641
-99.199307,70.660267,1643,1644,1648,1649,1650,1655,1656,1735
-108.52377,70.410157,1644,1645,1647,1648
-98.91027,69.726188,1649,1650,1724,1725,1726,1727
-98.932052,69.991618,1649,1724,1735,1745,1746
-100.539623,69.337773,1650,1651,1652,1653,1654,1656,1719,1727
-100.540361,69.196702,1651,1718,1719,1720,1721,1722,1723
-90.678012,69.343821,1719,1720,1726,1727,1729,1730
-94.934366,68.935126,1720,1721,1729
-94.922665,68.790995,1721,1722,1728,1729,1730,1731,1733,1734
-87.721385,69.996308,1724,1725,1745,1796
-88.799874,69.326895,1725,1726,1730,1731,1796,1797,1800
-87.434462,71.193632,1738,1739,1740,1741,1748,1749,1801,1802,1805
-73.067694,70.393326,1739,1740,1806,1811,1812
-81.870377,71.198587,1739,1804,1805,1806
-71.990011,69.737277,1740,1741,1811,1833
-84.246614,70.132555,1743,1744,1797,1798,1799,1800
-84.26913,70.272997,1744,1745,1746,1747,1748,1749,1796,1797
-10.650283,76.268305,1760,1761,2034
-10.675016,76.139303,1761,1762,2034,2035,2036,2037,2038,2039
-14.128964,75.855934,1762,1763,2004,2039
-20.262881,75.197547,1763,1764,2003,2004,2009
-24.277375,75.201923,1764,1765,2003
-29.607513,74.531484,1765,1766,1964,1965,1966,1967,1968,2003,2008,2009
-39.483097,74.537969,1766,1780,1781,1964
-36.523806,74.003546,1767,1768,1938,1939,1969,1970,1971,1972,1973,1974
-36.519802,74.271609,1767,1967,1968,1969
-39.46888,74.266412,1767,1768,1769,1770,1771,1781,1964,1968
-45.076787,73.850761,1768,1769,1888,1889,1890,1891,1892,1937,1938
-55.7246,74.133568,1769,1770,1887,1888
-55.727609,74.270315,1770,1771,1886,1887
-65.357755,74.39898,1771,1772,1773,1774,1775,1776,1777,1778,1779,1780,1781,1886
-73.083371,72.925926,1787,1788,1829,1830,1831,1832
-73.061292,72.802907,1788,1789,1828,1829
-68.258324,72.795757,1789,1790,1827,1828,1871,1872
-71.214124,72.538777,1790,1791,1871
-71.204598,72.400168,1791,1792,1817,1818,1871,1872,1882,1883
-78.391778,72.129988,1792,1793,1816,1817
-78.650494,72.134699,1793,1794,1803,1816
-79.739979,71.871878,1794,1795,1802,1803,1804,1805
-77.884102,71.602299,1803,1804,1806,1807,1812,1813,1816,1817,1818,1819,1820,1821
-73.075045,70.935329,1807,1813,1814,1848,1856
-73.057914,71.07526,1807,1821,1848
-61.57327,70.397683,1808,1809,1853,1854,1893
-63.973047,70.811312,1808,1854,1855
-69.32631,70.537548,1808,1809,1814,1815,1855,1856,1857
-62.686992,69.871538,1809,1810,1815,1835,1836,1893,1894,1895,1902,1903
-68.804217,70.004589,1810,1811,1812,1813,1814,1815,1833,1834
-68.795494,69.866194,1810,1834,1835
-67.199871,72.39487,1818,1819,1849,1882
-68.02143,71.602754,1819,1820,1849,1850,1851,1852,1853,1854,1855,1857
-70.653759,71.197108,1820,1821,1848,1856,1857
-72.791693,73.058747,1822,1823,1858,1867
-65.845999,73.06624,1823,1824,1866,1867,1870
-65.84255,72.930917,1824,1830,1831,1865,1866
-57.863884,72.80618,1825,1826,1873,1884,1885
-57.850198,72.940356,1825,1874,1875,1876,1877,1878,1879,1880,1881,1885
-59.712331,72.928603,1825,1826,1831,1832,1865,1874
-63.47872,72.792707,1826,1827,1828,1829,1832,1873
-63.474377,72.663145,1827,1872,1873,1883,1884
-57.893685,69.876306,1836,1837,1838,1846,1847,1902
-48.540214,70.659515,1837,1838,1900,1901
-57.865551,70.008104,1837,1901,1902,1903,1904,1905
-47.223335,70.667749,1838,1839,1840,1841,1842,1843,1844,1847,1899,1900
-44.548484,70.932044,1839,1840,1956,1957
-45.605272,70.923548,1839,1898,1899,1957,1958
-57.625793,72.393381,1849,1850,1881,1882,1883,1884,1885
-54.382469,71.869333,1850,1851,1880,1881,1909
-54.391322,71.734465,1851,1852,1906,1907,1909,1917
-59.999779,70.795958,1852,1853,1893,1894,1906
-53.086951,73.863597,1859,1860,1890,1891
-53.073752,73.741537,1860,1861,1889,1890
-46.927659,73.71664,1861,1862,1889,1937
-49.853884,72.915572,1862,1863,1868,1920,1921,1937,1938,1939,1940,1941,1942
-55.975034,73.200854,1863,1864,1868,1869,1876,1877
-54.401929,72.816351,1863,1877,1878,1920
-59.747469,73.05755,1864,1865,1866,1869,1870,1874,1875
-58.128859,73.069437,1864,1875,1876
-54.103902,71.997749,1878,1879,1910,1920,1921,1922,1923
-54.102818,71.85978,1879,1880,1909,1910,1917,1918
-57.878522,70.272133,1894,1895,1906,1907,1908
-49.331674,70.922084,1895,1896,1903,1904,1908
-38.11733,71.993867,1896,1897,1904,1905,1915,1916,1948
-49.345001,71.194292,1896,1907,1908,1916,1917,1918,1919
-43.467953,71.350214,1897,1898,1899,1900,1901,1905,1947
-36.539954,71.600942,1897,1947,1948,1949,1950,1951,1959
-43.476081,71.204259,1898,1947,1958,1959
-43.741055,72.399003,1910,1911,1912,1913,1918,1919,1923
-39.713385,73.074473,1911,1912,1940,1941
-43.730483,72.66939,1911,1922,1923,1941,1942
-35.992426,73.603344,1912,1913,1939,1940,1974
-30.657128,73.343562,1913,1914,1915,1916,1919,1973,1974,1975,1976,1984,1985
-36.55099,72.262309,1914,1915,1948,1949
-33.863305,72.134789,1914,1949,1950,1975
-48.278928,72.680147,1921,1922,1942
-40.274503,56.014129,1924,1925
-45.08868,56.001429,1924
-51.208206,55.48117,1924,1925,1932,1933
-26.660516,56.26925,1925,1926,1927,1933,1934,1935,1936
-25.607177,56.267065,1926,1927
-26.670716,56.395946,1926
-25.856786,55.872174,1927,1928,1934
-26.415288,55.991524,1928,1929,1934,1935
-26.377867,55.859433,1928
-35.484439,55.608163,1929,1930,1931,1935,1936
-32.001534,55.60134,1929
-36.003632,55.464455,1930,1931
-35.464459,55.473532,1930
-36.014937,55.588853,1931,1932,1933,1936
-46.408012,55.19824,1932
-46.13355,62.001181,1943,1944
-48.263861,61.992407,1943
-48.795755,61.462054,1943,1944,1945,1946
-41.330734,62.408746,1944,1945
-35.45662,62.267206,1945,1946
-46.373383,61.455028,1946
-32.008618,71.737877,1950,1951,1975,1983,1984
-31.734918,71.728657,1951,1952,1953,1954,1955,1956,1957,1958,1959,1983
-26.122636,71.873035,1952,1953,1982,1989,1990
-31.728671,71.86134,1952,1982,1983,1984,1985,1986,1988
-31.165779,71.598646,1953,1954,1989
-30.672736,48.001158,1960,1961
-35.706205,47.615379,1960
-35.74368,47.459036,1960,1961,1962,1963
-28.013952,48.005605,1961,1962
-38.666694,46.549866,1962,1963
-41.892226,46.533623,1963
-22.131036,73.995425,1965,1966,1970,1971,2024,2025,2026,2027
-21.873991,74.252168,1965,2007,2008,2024
-32.277683,74.006829,1966,1967,1969,1970
-24.003829,73.344397,1971,1972,2010,2011,2027
-26.651352,73.337919,1972,1973,1976,2010
-26.39659,72.541791,1976,1985,1986,2010,2011,2012,2013,2014,2020,2021
-8.779644,72.671007,1977,1978,2019,2022,2023
-18.93808,72.544164,1977,2020,2021,2023
-18.947814,72.398409,1977,1978,1979,1986,1987,1988,2020
-8.807071,72.532678,1978,1979,2018,2019
-2.670389,72.275732,1979,1980,1981,1987,2017,2018,2100,2101,2102,2107
-6.666357,72.132222,1980,1981,1991
-2.925585,71.997704,1980,1991,1992,2100
-18.391759,72.133921,1981,1982,1987,1988,1990,1991,1992,2000,2001
-2.917438,71.862935,1992,1993,1994,2001,2002,2100,2106,2107
-11.74851,75.736683,2004,2005,2006,2007,2008,2009,2038,2039
-8.233928,74.937035,2005,2006,2028,2029,2076,2077
-8.273582,76.012967,2005,2037,2038,2070,2071,2072,2077
-14.624444,74.272906,2006,2007,2024,2025,2028
-21.870435,73.07925,2011,2012,2026,2027
-16.809033,73.193734,2012,2013,2025,2026,2028,2029,2030,2033
-4.523613,73.206823,2013,2014,2032,2033
-4.281323,73.208118,2014,2015,2016,2021,2022,2023,2031,2032
-2.929802,73.347641,2015,2016,2088,2089,2108
-4.267421,73.472482,2015,2031,2089,2090,2091
-2.935922,72.397668,2016,2017,2018,2019,2022,2108,2109,2110,2111,2112
-2.68428,72.401524,2017,2101,2112
-4.531736,74.53979,2029,2030,2075,2076,2084
-4.54988,73.462199,2030,2031,2032,2033,2084,2090
-1.303464,75.866538,2036,2037,2070,2113
9.8661,42.126116,2046,2047,2153
9.900901,41.996729,2047,2048,2152,2153,2154,2163,2164
5.321347,41.991242,2048,2049,2078,2079,2152
2.649996,42.407366,2049,2061,2062,2078
6.920341,39.593417,2050,2063,2064,2182,2183,2184,2185,2186
6.925347,39.999338,2050,2133,2134,2182
6.670278,39.990639,2050,2063,2082,2083,2134,2135
-5.62367,41.071095,2062,2068,2069,2078,2079,2080,2081,2082,2083
1.614893,39.866538,2063,2064,2065,2066,2067,2069,2083
-0.810926,75.59809,2070,2071,2092,2093,2113,2114,2120,2121
-3.44653,75.593041,2071,2072,2092
-3.44934,75.472219,2072,2073,2074,2075,2076,2077,2092,2093,2094,2095,2099
1.88055,74.140803,2073,2074,2139
5.337819,75.196069,2073,2098,2099,2139,2140
1.849024,73.990742,2074,2075,2084,2090,2091,2139,2140,2141,2142,2146,2147
4.000698,41.610876,2079,2080,2122,2152,2162,2163
0.269281,41.065489,2080,2081,2122,2123,2124,2125,2126,2136,2137,2138
5.048804,40.526105,2081,2082,2135,2136
8.003812,73.46261,2085,2086,2149,2150,2450
8.024187,73.869235,2085,2144,2145,2450,2451
7.73253,73.860433,2085,2086,2087,2088,2089,2091,2145,2146
6.14147,73.343539,2086,2087,2109,2110,2149
-2.132551,73.340584,2087,2088,2108,2109
10.67672,75.729574,2093,2094,2119,2120
11.741496,75.469863,2094,2095,2118,2119
11.736521,75.333539,2095,2096,2097,2098,2099,2118,2561
10.409277,74.795582,2096,2097,2141,2142
11.729084,74.790207,2096,2142,2143,2147,2561,2562,2606,2607
10.416214,75.207747,2097,2098,2140,2141
3.217031,72.532379,2101,2102,2111,2112,2148
13.876822,72.276283,2102,2103,2104,2105,2106,2107,2148,2151,2459,2460
14.410744,72.277658,2103,2458,2459,2651,2652
6.15357,72.922494,2110,2111,2148,2149,2150,2151
17.072048,76.134839,2115,2116,2563,2564,2565,2608
17.07871,75.866176,2116,2117,2562,2607,2608,2609,2610,2618,2620,2621
13.6033,75.869197,2117,2118,2119,2120,2121,2561,2562
4.257205,41.600223,2122,2123,2161,2162,2167
4.283078,41.469403,2123,2124,2167,2177
7.469678,41.461216,2124,2125,2177,2180
8.556652,41.202725,2125,2126,2176,2179,2180,2181
12.255071,41.214605,2126,2127,2128,2137,2176
21.336424,41.057506,2127,2128,2174,2175,2475,2476
14.111221,41.607495,2127,2175,2176,2178,2179
10.398669,40.933234,2128,2137,2138,2475
19.727809,40.126136,2129,2130,2532,2533
14.141837,40.803163,2129,2533,2534,2545
10.40879,40.804825,2129,2130,2131,2132,2133,2134,2135,2136,2138,2475,2476,2534
19.742831,39.990158,2130,2131,2531,2532,2664,2665
15.204557,39.193539,2131,2132,2183,2184,2664
11.202224,39.99438,2132,2133,2182,2183
8.816476,74.537336,2143,2144,2145,2146,2147,2463
11.719863,74.519803,2143,2463,2464,2606
11.204679,74.262075,2144,2451,2452,2463,2464,2465,2472
8.014392,72.797816,2150,2151,2450,2451,2452,2453,2460,2461
22.416873,41.995283,2155,2156,2157,2158,2165,2637
22.392687,42.143172,2155,2637,2638
26.668564,41.602856,2156,2157,2171,2635,2636
26.402201,41.988612,2156,2636,2637,2638,2646,2647,2648,2650
22.420946,41.596271,2157,2158,2170,2171,2172,2173,2174,2175,2178
17.054703,42.157524,2158,2159,2160,2165,2166,2170
14.651856,41.999739,2159,2160,2168,2169
17.059512,41.997288,2159,2169,2170,2178,2179,2181
8.259817,41.604777,2160,2161,2162,2163,2164,2166,2168
8.247299,41.470922,2161,2167,2168,2169,2177,2180,2181
27.205851,41.591444,2171,2172,2635,2738,2794,2795
29.599349,41.194481,2172,2173,2477,2793,2794
29.599695,41.067029,2173,2174,2476,2477,2478,2534,2545,2546
15.214876,39.066475,2184,2185,2664,2665,2672,2673,2674
39.455599,46.133175,2190,2418,2419,2948
39.477355,46.267443,2190,2948,2949
57.068219,46.53895,2191,2192,2193,2422,2425,2426,2946
55.437762,46.656642,2191,2946,2947
53.586747,46.000475,2191,2419,2421,2422,2947,2948,2949,2950,2951,2952
85.330581,50.004921,2196,2349,2350,2911,2912
98.127869,52.13951,2197,2198,2351,2437,2440,2441,2909
92.804839,51.590782,2197,2909,2910
91.197992,50.929171,2197,2350,2436,2437,2910,2911
90.661548,52.80689,2198,2199,2200,2351,2908
90.673123,52.530499,2198,2908,2909,2910,2911,2912,2926
78.914983,53.85893,2199,2200,2907,2938,2939,2940,2941,2942
85.086941,52.918796,2199,2908,2926,2927,2928,2929,2930,2931,2932,2933,2934,2935,2939
78.943554,53.99582,2200,2351,2441,2443,2444,2906,2907
50.135814,54.808672,2201,2445,2446,2903,2904
50.144784,54.665393,2201,2904,2905
68.25641,54.531819,2201,2444,2445,2905,2906
29.328943,54.531271,2202,2203,2204,2205,2206,2207,2447,2449,2902
36.259397,54.662189,2202,2902,2903,2904,2905,2906,2907,2925,2937,2938
36.278122,54.798297,2202,2446,2448,2449,2903
44.25702,72.27662,2254,2255,2659,2660
49.329339,71.994046,2255,2256,2659,3102,3103,3104,3108
63.453515,71.998544,2256,2257,3107,3108,3111
63.49215,71.870432,2257,2258,3107
70.908462,71.870635,2258,2259,3106,3107,3110,3111
70.940326,71.722195,2259,2260,2361,2362,3106
76.544733,71.600308,2260,2261,2262,2263,2264,2362,2363,2396,2397,3105
76.539248,71.732708,2260,3105,3106,3109,3110
83.193169,71.872145,2261,2262,2993,2994,3007
77.859323,71.728259,2261,2994,3105,3109
83.231161,71.731013,2262,2263,2992,2993
89.335561,71.738891,2263,2264,2991,2992
89.329711,71.605696,2264,2265,2266,2363,2990,2991
89.86913,71.599095,2265,2266,3287,3288,3299,3300
89.877641,71.737582,2265,2990,3287
103.996126,71.338433,2266,2363,2364,2365,2397,2398,3298,3299
107.205077,71.469805,2267,3297,3298,3299,3300,3301,3305
107.206059,71.347666,2267,2268,2269,2270,2364,3298
55.225916,45.610927,2340,2341,2629
55.220292,45.46053,2340,2629,2630,3132
43.463184,45.610839,2341,2342,2628,2629,2630,2631,2632,2633,2644,2645
31.749064,45.993871,2342,2417,2418,2419,2421,2627,2628
17.848179,45.204439,2343,2344,2625,2626
26.129756,45.736371,2343,2626,2627,2628,2643,2644
26.16031,45.865426,2343,2344,2413,2417,2627
16.269535,45.208181,2344,2345,2410,2411,2413,2625
12.801262,44.801431,2345,2406,2407,2410,2624
16.262979,45.074377,2345,2624,2625,2626,2642,2643
30.951956,43.062589,2346,2347,2392,2640,2648,2649,2650
29.016057,44.126054,2346,2641,2642,2643,2644,2645,2649
22.670986,44.12567,2346,2392,2393,2402,2641
13.860134,44.525544,2402,2406,2624,2641,2642
14.394067,74.261064,2452,2453,2471,2472,2473,2474
20.268449,74.006313,2453,2454,2455,2456,2461,2462,2471
23.737546,74.143965,2454,2455,2469,2470,2682
20.250389,74.147258,2454,2470,2471,2474
23.726983,73.465445,2455,2456,2682,2683,2707,2708
24.267327,73.330107,2456,2457,2462,2706,2707
15.746215,72.796116,2457,2458,2459,2460,2461,2462,2675,2680,2681
28.762649,73.063063,2457,2676,2677,2678,2681,2706
15.721295,72.522649,2458,2652,2653,2675
16.284507,74.533131,2464,2465,2605,2606,2607,2617,2618
19.724728,74.270611,2465,2466,2467,2472,2473,2605
23.734067,74.395868,2466,2467,2603,2604
19.758712,74.402051,2466,2604,2605,2616,2617
23.723042,74.264229,2467,2468,2469,2470,2473,2474,2602,2603
26.146185,74.139256,2468,2469,2682,2683,2731,2732,2736,2737
26.119447,74.271628,2468,2601,2602,2731
36.00169,41.330139,2477,2478,2792,2793
43.493036,41.461499,2478,2479,2546,2552,2553,2792
62.675855,44.258581,2479,2480,2481,2482,2483,2547,2553,2559,2560,2791
45.346184,42.930352,2479,2791,2792,2793,2794,2795,2796,2811
66.393236,44.789915,2480,2481,2790,2810,2817,2818,2820
62.658795,44.530492,2480,2791,2811,2812,2817
76.541199,44.535171,2481,2482,2789,2790
76.521909,44.408387,2482,2483,2788,2789
90.137047,44.396582,2483,2484,2535,2536,2547,2788
97.877263,44.53076,2484,2485,2535,2787
90.152222,44.542247,2484,2787,2788,2789,2790,2809,2810
103.49099,44.414968,2485,2486,2487,2535,2536,2786
97.852301,44.66759,2485,2786,2787,2808,2809
118.669466,43.862278,2486,2487,2784,2785
109.313365,44.541662,2486,2785,2786,2807,2808
124.006908,43.60168,2487,2536,2537,2547,2554,2555,2556,2557,2558,2560,2783,2784
141.889931,44.135173,2488,2537,2538,2548,2549,2554,2781,2782
135.442716,44.27427,2488,2782,2783,2784,2785,2806,2807
130.131357,43.871672,2488,2537,2783
166.919723,45.727644,2489,2490,2779,2780
156.528856,45.204396,2489,2780,2781,2782,2806
156.520893,45.073753,2489,2490,2538,2781
168.539508,45.749988,2490,2538,2539,2540,2548,2779
180.0,44.0,2491,2492,3437,3438
180.0,46.933333,2491,2778
177.609141,46.525041,2491,2492,2493,2494,2495,2496,2497,2498,2539,2778,2779,2780,2806,2807,2808,2809,2810,2816,2819,2820,2821,2822
171.199528,43.72492,2492,2493,3437
168.538355,43.341653,2493,2494,3436,3437,3438,3439,3440,3441,3466,3467
162.377978,42.798204,2494,2495,3435,3436
161.067361,42.798089,2495,2496,3435
155.717326,42.146024,2496,2497,3434,3435,3436,3465,3466
147.204423,41.873848,2497,2498,3433,3434
142.145789,41.188362,2498,2499,2500,2539,2540,3433
134.667473,40.675382,2499,2500,3431,3432
142.152501,41.066171,2499,3432,3433,3434,3465
132.279247,40.652146,2500,2501,2502,2503,2504,2540,2548,2549,3431
129.611376,39.336944,2501,2502,3429,3430
131.74703,39.33382,2501,3430,3431,3432,3464,3465,3466,3467,3468,3469,3470,3471,3475
120.814008,38.271451,2502,2503,3428,3429
117.062976,37.729795,2503,2504,3427,3428
113.072121,37.475104,2504,2505,2506,2549,2550,2551,2554,2555,3427
117.3255,36.547802,2505,2506,3462,3463
116.277297,37.060795,2505,3427,3428,3429,3430,3463,3464
114.672936,35.062137,2506,2507,2508,2541,2542,2550,3461,3462
120.511907,34.259618,2507,2508,3460,3492
119.991375,34.541283,2507,3460,3461
120.002189,33.859951,2508,2509,2510,2511,2512,2513,2514,2515,2516,2541,3492,3493,3494,3495,3496,3497
121.595653,33.739476,2509,2510,3516,3517
123.187596,33.737604,2509,3497,3517,3518
120.808692,33.20434,2510,2511,3423,3424,3516
115.203262,33.337223,2511,2512,3422,3423
114.920777,33.335034,2512,2513,3394,3398,3399,3421,3422
113.067233,33.864209,2513,2514,3393,3394
113.060501,34.004132,2514,2515,3392,3393
109.340422,34.530586,2515,2516,3391,3392
105.06204,34.799862,2516,2517,2518,2519,2520,2521,2522,2541,2542,3391
101.87424,34.403798,2517,2518,3338,3342,3343,3396,3397
105.069249,34.664328,2517,3391,3392,3393,3394,3397,3398
100.033838,35.186498,2518,2519,3333,3337,3338
101.868185,35.613679,2519,2520,3332,3333,3334,3384
103.464264,35.604248,2520,2521,3383,3384
105.048042,36.27427,2521,2522,3382,3383
108.25894,37.063262,2522,2523,2524,2525,2526,2542,2550,2551,3381,3382
107.205225,37.456958,2523,2524,3372
106.135094,37.472234,2523,3372,3373,3380,3381
110.147113,38.528371,2524,2525,3372,3373,3374,3375,3376,3378
115.219108,39.331661,2525,2526,3371,3377,3378
115.730485,39.336141,2526,2527,2551,2555,2556,3370,3371
109.327364,41.458618,2527,2556,2557,3368,3369
112.521705,39.859173,2527,3369,3370
85.620989,41.861718,2528,2529,2543,3227
95.468629,41.599318,2528,3227,3228,3271
100.791459,41.865225,2528,2543,2544,2557,2558,3271,3272,3368
73.342171,42.398589,2529,2543,2544,3036,3042,3043,3045,3226
78.39789,41.739773,2529,3226,3227,3228,3229,3230,3231,3232,3233,3234
44.510348,41.469985,2530,2552,2553,2559,3023
50.920024,41.464726,2530,3023,3024,3025,3026,3027,3028
61.056085,42.670156,2530,2544,2558,2559,2560,3024,3036
31.720468,40.526527,2531,2665,2666,2667,2668,2673
38.393948,41.210947,2531,2532,2533,2545,2546,2552,2666,3023,3028
78.669305,77.337308,2573,2574,3206,3207
66.943445,76.937635,2574,2610,2621,2622,2623,3201,3206
82.416979,77.057111,2575,2576,3203,3209,3210,3211
76.530988,76.544617,2575,3203,3204
73.353917,76.136304,2575,2576,2577,2578,2579,2580,2611,2612,2613,2614,2615,2619,3204,3205
88.790491,75.338849,2589,2590,3247,3248
88.7919,75.463163,2590,2591,3246,3247
85.071557,75.472058,2591,2592,2593,2594,2613,2614,3246
77.057744,75.206994,2592,2593,3114,3244,3245
85.082347,75.328718,2592,3245,3246,3247,3248,3249,3250,3251,3252
74.932702,75.879136,2593,2594,3113,3114,3115,3116,3117,3118,3129,3130
69.877847,76.140105,2594,2595,2614,2615,3113
56.525884,76.403582,2595,2596,2597,2598,2599,2600,2615,2619,2622,2623,3112
63.20111,76.129668,2595,3112,3113,3128,3129
49.603867,75.329548,2596,2597,3029,3030,3031,3033,3034,3035,3126,3127
56.534863,76.263983,2596,3112,3127,3128
43.728308,75.474483,2597,2598,2722,2727,2728,3029
40.517734,75.469563,2598,2599,2721,2722
40.547858,75.598469,2599,2600,2720,2721
30.410741,75.730211,2600,2620,2621,2623,2719,2720
32.021637,75.049893,2601,2726,2727,2728,2730,2731,2732
25.310496,75.07107,2601,2602,2603,2604,2616,2719,2720,2721,2722,2727
25.318765,75.190343,2616,2617,2618,2620,2719
65.358936,76.271969,2619,2622,3201,3202,3205
52.550586,44.809535,2630,2631,2741,2742,3132,3137
46.651385,44.805292,2631,2632,2740,2741
39.203721,44.26833,2632,2633,2739,2740
37.330238,44.266766,2633,2634,2645,2646,2649,2650,2739
27.192501,41.737793,2634,2635,2636,2646,2738
33.604164,42.536499,2634,2738,2739,2740,2741,2742,2743,2744,2795,2796
15.739579,72.404999,2653,2654,2675,2679,2680
17.334187,72.393573,2654,2655,2656,2657,2661,2662,2679
35.454184,72.671761,2655,2656,2677,2678,2956,2957
17.315795,72.534425,2655,2678,2679,2680,2681
36.552768,72.666604,2656,2657,2955,2956,2958
36.542522,72.548373,2657,2658,2662,2663,2958,2959,2960,2997
49.598159,72.394242,2658,2659,2660,2663,2996,3102
45.337817,72.660478,2658,2996,2997,2998,2999,3009
43.193584,40.668445,2666,2667,3014,3027,3028
38.380769,40.127516,2667,2668,2823,2877,2878,3014,3015,3016,3017,3021,3022
28.260884,39.734614,2668,2673,2674,2823
32.539842,39.480458,2669,2876,2877,2878,2892,2893
28.27479,39.468864,2669,2670,2671,2672,2674,2823,2877
34.678914,73.206088,2676,2677,2704,2705,2957
30.670191,73.332042,2676,2705,2706,2707,2708,2709,2717,2718
28.262195,73.730343,2683,2684,2708,2709,2736
43.204817,74.266318,2684,2709,2710,2711,2712,2713,2718,2734,2735
28.240365,73.869661,2684,2735,2736,2737
45.35247,74.670513,2685,2686,2687,2688,2710,2711,2723,2724
43.47366,74.674014,2685,2724,2725,2729
43.479722,74.532282,2685,2710,2725,2733,2734
50.940878,74.787264,2686,2687,3032,3034,3035
45.345122,74.800049,2686,2723,3033,3035
50.946369,74.663841,2687,2688,3032
53.858465,74.658039,2688,2689,2690,2691,2711,2712,3031,3032,3034,3124
54.415997,74.397223,2689,2690,3123
58.142192,74.670279,2689,3123,3124,3125,3126,3127,3128,3129,3130,3131
54.378563,74.270362,2690,2691,3122,3123,3131
53.057464,74.266116,2691,2712,2713,3121,3122
60.807634,73.600609,2692,2693,2694,2695,2696,2697,2698,2699,2714,2715,3148
53.882506,73.870802,2692,3119,3139,3140,3141,3142,3143,3148,3149
53.867915,73.728503,2692,2714,3119,3120
68.810312,73.596153,2693,2694,3146,3147
60.818195,73.740744,2693,3147,3148,3149,3150
69.094657,73.586685,2694,2695,3146,3163,3164,3169,3170
62.660662,73.206406,2695,2696,3162,3168,3169
55.753271,73.060925,2696,2697,3077,3161,3162
55.736392,73.193241,2697,2698,3076,3077,3094,3095
53.103541,73.193749,2698,2699,3075,3076
47.983101,72.940149,2699,2700,2701,2702,2703,2715,2716,3075
46.416447,72.79318,2700,2701,2959,2960
48.017003,72.808229,2700,2960,2997,2998,3075,3076,3093,3094
45.897261,73.061107,2701,2702,2954,2955,2958,2959
47.732991,73.328979,2702,2703,2953,2954
47.727348,73.472381,2703,2704,2705,2716,2717,2953
44.803566,73.337771,2704,2953,2954,2955,2956,2957
53.048468,73.73377,2713,2714,2715,2716,2717,2718,3120,3121
43.746476,74.797044,2723,2724,2728,2729,2730,3029,3033
37.066346,74.932145,2725,2726,2729,2730,2733
34.422339,74.667861,2726,2732,2733,2734,2735,2737
54.399222,44.925142,2742,2743,3136,3137,3138,3158,3159
66.133482,45.06193,2743,2744,3157,3158
67.754572,45.072534,2744,2745,2746,2796,2797,2811,2812,3157
73.578869,45.590591,2745,2746,3155,3156
67.720593,45.195327,2745,3156,3157,3158,3159,3160
74.665411,45.60041,2746,2747,2797,3154,3155
48.272341,39.865106,2824,2825,2826,2827,2828,2829,2830,2831,2832,2833,2834,2835,2836,2837,2879,3019,3020
43.734241,39.730311,2824,3020,3021,3022
42.392137,39.328364,2824,2878,2879,2893,2894,3021
61.328091,41.471479,2825,2826,3053,3054,3171
49.590475,40.27568,2825,3018,3019,3054,3055
61.351539,41.330038,2826,2827,3171,3172,3173,3174,3175,3185,3186
66.117476,40.933416,2827,2828,3184,3185
65.854125,40.803129,2828,2829,3183,3184
70.676003,40.253607,2829,2830,3182,3183
77.625273,39.731377,2830,2831,2839,3181,3182,3214,3215
76.80248,39.72643,2831,2832,3214
76.822044,39.603487,2832,2833,3213,3214,3215,3216,3217,3218,3219
73.590472,39.602986,2833,2834,3213
71.197072,39.327088,2834,2835,3212,3213,3219
68.25443,39.331448,2835,2836,3212
68.260631,39.070181,2836,2837,3212,3218,3219
72.52908,38.544236,2837,2838,2879,2880,2894,2895,2897,2898,3217,3218
77.599987,39.603348,2838,2839,2840,2880,3215,3216
77.345653,39.601395,2838,3216,3217
80.795608,39.597912,2839,2840,3180,3181
84.78589,39.078627,2840,2841,2842,2880,2881,2882,2883,2884,2885,2886,2895,3179,3180
94.15211,40.135478,2841,2842,3274,3275
88.279024,40.003836,2841,3178,3179,3270,3275,3276
95.741649,40.134527,2842,2843,2844,2881,3274,3357,3358,3359,3360,3361,3362,3367
95.707404,39.873094,2843,2844,3346,3347
96.796627,39.853004,2843,3347,3348,3366,3367
92.79596,39.055716,2844,2845,2846,2847,2881,2882,3346
97.851778,38.801706,2845,2846,3345,3352,3353,3354,3356
97.614838,39.071701,2845,3346,3347,3348,3353
94.404742,38.272869,2846,2847,3344,3345
92.515274,37.466848,2847,2882,2883,3344
96.79885,37.076333,2848,2849,3350,3351
95.73531,37.329272,2848,3351,3352,3355,3356
92.545515,37.329551,2848,2849,2850,2851,2852,2853,2883,2884,3344,3345,3352
94.386673,36.922127,2849,2850,3327,3328,3349,3350
92.015072,36.808224,2850,2851,3256,3326,3327
88.528402,36.129788,2851,2852,3255,3256,3257,3258,3260
86.681429,36.125978,2852,2853,3254,3255
79.748477,35.59385,2853,2854,2855,2884,2885,3253,3254
74.143408,35.718335,2854,2855,3195,3196,3197,3198,3199,3200
79.727814,35.473652,2854,3196,3253
71.471803,35.992553,2855,2856,2885,2886,3195
62.653295,35.451995,2856,2886,2895,2898,2899,3199,3200
71.464301,35.86104,2856,3195,3200
91.202821,35.722268,2857,2858,3257,3258,3326,3327,3328,3329,3330,3331,3332,3334
88.264689,35.590494,2857,3258,3259,3260
88.290189,35.459386,2857,2858,2859,2860,2861,2887,3259
97.062912,35.470259,2858,2859,3333,3334,3336,3337
95.751063,35.061291,2859,2860,3335,3336
92.011402,34.794237,2860,2861,3278,3335
88.554057,34.267355,2861,2887,2888,3278,3285,3286
91.745311,33.733492,2862,2863,2864,2865,2866,2867,2868,2888,2889,3284,3285
79.712251,34.794605,2887,2888,2889,2896,3196,3197,3253,3254,3255,3259,3260
74.664545,34.404421,2896,2900,3197,3198
64.520766,35.191345,2899,2900,2901,3198,3199
65.593978,72.810211,2961,2962,3091,3092
52.013793,72.797777,2961,3092,3093,3094,3095,3096,3097,3100
52.006234,72.665671,2961,2962,2998,2999,3093
65.605228,72.661025,2962,2999,3000,3001,3009,3010,3090,3091
85.864368,72.936709,2963,2964,3088,3089
77.051132,72.937755,2963,3089,3090,3091,3092,3099,3100,3101
77.071926,72.800627,2963,2964,2965,2966,2967,3000,3090
85.887425,72.789233,2964,2965,3087,3088,3261,3262
85.597365,72.788595,2965,2966,3241,3242,3243,3261
79.222346,72.796872,2966,2967,3240,3241
76.509029,72.538701,2967,3000,3001,3240
89.573671,72.396115,2968,2969,3242,3261,3262,3263,3269
83.996224,72.410689,2968,3242,3243
78.955747,72.270979,2968,2969,3001,3002,3003,3010,3011,3012,3013,3240,3241,3243
99.989382,72.261375,2969,2970,2971,3002,3268,3269
112.009258,72.269909,2970,2971,3389,3390
100.298866,72.263385,2970,3267,3268,3385,3386,3387,3390
111.98484,72.130895,2971,2972,3002,3003,3388,3389
131.219485,71.991048,2972,2973,3003,3004,3005,3006,3011,3415
121.599723,72.130229,2972,3388,3415,3416
155.213484,71.871985,2973,2974,2975,2976,2977,2978,3004,3604
131.22806,72.266673,2973,3414,3415,3416,3417,3418,3419,3604,3605
172.252747,72.140103,2974,2975,3602,3603,3649
155.187547,72.002127,2974,3603,3604,3605,3606,3607,3608,3609
172.240537,72.000436,2975,2976,3648,3649,3663,3664
163.461397,71.87074,2976,2977,3648
163.47386,71.734454,2977,2978,3647,3648,3662,3663
155.195859,71.728392,2978,2979,2980,2981,2982,3004,3005,3647
158.680043,71.334556,2979,3646,3647,3661,3662
130.373321,71.862116,2982,2983,2984,2985,2986,2987,2988,3005,3006,3293
123.723782,71.472872,2983,2984,3292,3302,3303,3304,3306
130.390025,71.604027,2983,3293,3294,3295,3296,3302
123.758712,71.608252,2984,2985,3292
117.856781,71.592855,2985,2986,3291,3292,3301,3305,3306
117.868585,71.733332,2986,2987,3290,3291
109.059132,71.868428,2987,2988,3289,3290
97.606899,72.137493,2988,2989,3006,3011,3012,3289
90.137345,72.011798,2989,2990,2991,2992,2993,3007,3008,3012,3013,3287,3288
97.598657,72.002973,2989,3288,3289,3290,3291,3300,3301
66.925273,72.283563,2994,2995,3007,3008,3104,3108,3109,3110,3111
59.719447,72.533724,2995,2996,3008,3009,3010,3013,3102,3103
63.729935,72.271735,2995,3103,3104
44.272042,40.530813,3014,3015,3026,3027,3041
44.53216,40.538829,3015,3016,3041,3044,3048
44.52507,40.259177,3016,3017,3048,3049,3057
45.599263,40.263425,3017,3018,3019,3020,3022,3056,3057,3058
50.119108,40.531895,3018,3055,3056
56.789411,41.875533,3024,3025,3036,3045,3047
52.793016,41.198553,3025,3026,3041,3044,3046,3047
53.854324,74.803203,3030,3031,3124,3125
54.423081,74.804727,3030,3125,3126
67.466395,42.00329,3037,3038,3042,3043,3188,3189,3190,3191,3192,3193,3194
76.015348,41.340637,3037,3189,3233,3234
73.35682,41.867514,3037,3042,3226,3234
61.864865,42.007914,3038,3039,3040,3043,3045,3046,3047,3050
66.94943,42.0002,3038,3050,3051,3187,3188
52.259748,40.936936,3039,3040,3049,3057,3058
61.840525,41.871951,3039,3050,3051,3052,3053,3054,3055,3056,3058
46.135806,40.40782,3040,3044,3046,3048,3049
61.871163,41.592241,3051,3052,3187
61.868231,41.458984,3052,3053,3171,3172,3187,3188,3194
57.102314,57.068227,3059,3060
54.931318,57.063636,3059
47.991395,55.987714,3059,3060,3071,3072
64.777133,57.329684,3060,3061,3072,3073
74.152943,57.462225,3061,3062,3063,3064,3065,3066,3067,3068,3073,3074
64.816879,57.464065,3061
88.529058,57.600616,3062,3063
74.125564,57.602216,3062
88.544355,57.465787,3063,3064
98.965303,57.351172,3064,3065
98.932186,57.204586,3065,3066
95.462845,56.529088,3066,3067
85.074793,56.000272,3067,3068
73.85372,55.990306,3068,3069,3074
60.53252,55.863612,3069,3070,3071,3072,3073,3074
73.874344,55.856405,3069
58.396996,55.883437,3070,3071
58.377787,55.730836,3070
54.662198,73.067553,3077,3095,3096,3161
75.726104,73.334184,3078,3079,3165,3166
66.936218,73.067306,3078,3166,3167,3168,3169,3170
66.921102,72.941881,3078,3079,3097,3100,3101,3167
76.253717,73.199912,3079,3098,3099,3101,3165
82.661589,74.139148,3080,3081,3236,3237
80.276385,74.129931,3080,3143,3144,3145,3149,3150,3237,3238
78.134912,73.473532,3080,3081,3082,3083,3084,3098,3144,3164,3165,3166,3170
90.959236,73.197595,3084,3085,3086,3087,3088,3089,3098,3099,3307,3308,3321,3322
101.599887,73.057119,3085,3086,3263,3264,3265,3266,3267,3268,3269
101.591099,73.204054,3085,3264,3320,3321
94.402875,73.066752,3086,3087,3262,3263
54.655803,72.928252,3096,3097,3161,3162,3167,3168
76.803044,75.201467,3114,3115,3220,3221,3244
74.95198,75.47485,3115,3116,3220
74.93855,75.342205,3116,3117,3220,3221,3225
68.784881,74.528946,3117,3118,3139,3140,3224,3225
53.866129,74.004528,3118,3119,3120,3121,3122,3130,3131,3139
72.818426,45.595616,3133,3134,3152,3153,3154,3155,3156,3160
69.073046,45.600266,3134,3135,3151,3152
63.728269,45.324962,3135,3136,3138,3151
63.74969,45.204591,3136,3151,3152,3159,3160
72.532001,74.402821,3140,3141,3223,3224
75.42943,74.395188,3141,3142,3222,3223,3235,3239
80.024584,74.394351,3142,3143,3238,3239
78.154234,73.728281,3144,3145,3163,3164
69.07336,73.741987,3145,3146,3147,3150,3163
65.875511,41.461478,3172,3173,3193,3194
65.856866,41.338771,3173,3174,3192,3193
72.517923,40.791025,3174,3175,3191,3192
76.51441,40.527026,3175,3176,3186,3190,3191
78.397487,40.402782,3176,3177,3178,3179,3180,3181,3182,3183,3184,3185,3186,3231,3232
76.535209,40.668419,3176,3189,3190,3232,3233
86.42961,40.262914,3177,3178,3229,3230,3270
81.863708,40.66924,3177,3230,3231
66.927753,76.807328,3201,3202,3206,3207,3208,3210,3211
77.062072,76.797572,3202,3203,3204,3205,3210
76.797794,75.071171,3221,3222,3223,3224,3225,3244,3245,3252
79.448434,75.075854,3222,3235,3251,3252
91.468534,40.6721,3228,3229,3270,3271,3272,3276,3277
91.194582,35.876348,3256,3257,3326
103.480724,73.183489,3264,3265,3320,3401
103.471873,73.052867,3265,3266,3401,3402,3403,3404,3405
103.992536,72.671446,3266,3267,3385,3405
99.20601,41.065532,3272,3273,3277,3358,3359,3368,3369,3370,3371,3377
95.747463,40.803696,3273,3274,3275,3276,3277,3357
96.523213,40.805984,3273,3357,3358
94.403954,34.127504,3278,3279,3280,3286,3335,3336,3337,3338,3342
108.274689,33.741044,3279,3280,3340,3341
98.683769,34.134287,3279,3341,3342,3343
109.583326,33.469603,3280,3281,3282,3283,3284,3285,3286,3339,3340,3395
109.864453,33.476453,3281,3395,3400,3420
114.673564,73.464014,3310,3311,3481,3482,3483,3484
115.457276,73.331113,3311,3323,3324,3325,3484
127.72804,73.472383,3312,3313,3314,3315,3324,3483,3484
125.067967,73.069168,3315,3316,3317,3318,3319,3324,3325,3486
117.858211,72.928966,3316,3317,3407,3408,3485
125.049457,72.930352,3316,3485,3486,3487,3488,3489,3490,3491
113.591605,72.940244,3317,3318,3403,3404,3406,3407
113.617261,73.064817,3318,3319,3402,3403
109.060302,73.328695,3319,3320,3321,3322,3323,3325,3401,3402
95.981151,36.797254,3328,3329,3349
98.3934,36.941132,3329,3330,3349,3350,3351,3355,3363,3364
100.283983,36.80242,3330,3331,3363,3379
100.26168,36.274394,3331,3332,3379,3380,3381,3382,3383,3384
110.401625,33.868665,3339,3395,3396,3397,3398,3399,3400
109.061814,33.876115,3339,3340,3341,3343,3396
99.732199,38.664396,3348,3353,3354,3365,3366
97.856241,37.462209,3354,3355,3356,3364,3365
102.90146,40.544445,3359,3360,3376,3377,3378
105.051419,39.735887,3360,3361,3375,3376
102.914493,38.663626,3361,3362,3374,3375
104.529859,38.131308,3362,3363,3364,3365,3366,3367,3373,3374,3379,3380
107.724817,72.666704,3385,3386,3404,3405,3406
107.737932,72.528336,3386,3387,3406,3407,3408,3409,3417,3418
116.805606,72.403402,3387,3388,3389,3390,3416,3417
110.112698,33.474897,3399,3400,3420,3421
117.851456,72.788675,3408,3409,3485,3491
122.682395,72.399055,3409,3418,3419,3490,3491
137.61766,72.93548,3410,3411,3412,3413,3414,3419,3489,3490
141.854038,72.39484,3412,3413,3593
141.859924,72.249942,3413,3414,3593,3594,3605,3606
122.153486,32.786178,3424,3425,3516,3517,3518,3519,3525,3526
180.0,40.533333,3438,3439,3560,3561
172.557399,39.871776,3439,3440,3559,3560
170.929761,39.869939,3440,3441,3558,3559
162.932021,39.070474,3441,3442,3443,3467,3468,3558
153.586554,38.271187,3442,3443,3556,3557
162.946919,38.931234,3442,3557,3558,3559,3560,3561,3562,3563,3564,3565,3566,3567,3568,3571
146.949991,37.860725,3443,3444,3468,3469,3556
143.989728,37.740897,3444,3445,3469,3470,3555
146.969026,37.722641,3444,3555,3556,3557,3570,3571
137.33463,37.609022,3445,3470,3471,3553,3554
144.015468,37.590739,3445,3554,3555,3569,3570
136.27778,36.00423,3446,3472,3477,3478,3479,3480,3567,3568
136.307357,36.129877,3446,3568,3569,3570,3571
129.866325,36.802988,3446,3476,3477,3553,3554,3569
155.463915,34.386872,3447,3472,3473,3474,3478,3564,3565
149.898954,35.470411,3447,3565,3566
147.177996,35.462545,3447,3472,3566,3567
180.0,33.866667,3448,3449,3561,3562
176.782466,34.003264,3448,3562,3563
170.685469,33.98767,3448,3449,3450,3451,3452,3453,3454,3473,3563,3564
180.0,33.066667,3449,3450,3578,3579,3580,3581,3582,3583,3588
174.132148,33.464939,3450,3451,3577,3578
169.046589,33.614014,3451,3452,3577
156.27623,32.664076,3452,3453,3576,3577,3578,3588,3592
152.778035,32.933695,3453,3454,3575,3576
152.789919,33.058112,3454,3455,3456,3457,3458,3473,3474,3575
147.176412,32.937833,3455,3456,3587,3590,3591
150.124831,32.797183,3455,3575,3576,3591,3592
142.402095,34.267499,3456,3457,3574,3586,3587
139.211854,34.657507,3457,3458,3573,3574
139.196871,34.795427,3458,3474,3478,3479,3572,3573
128.026262,34.80386,3459,3460,3461,3462,3463,3464,3475,3476,3477,3480,3492,3493
131.231734,34.807485,3459,3493,3494,3572,3573,3574,3586
131.200862,34.945131,3459,3479,3480,3572
129.872235,36.918518,3471,3475,3476,3553
133.829462,34.540554,3494,3495,3585,3586,3587,3589,3590
133.075242,34.135742,3495,3496,3519,3520,3526,3527,3528,3529,3585
124.553003,33.738211,3496,3497,3518,3519
124.55235,62.52991,3498,3499,3500,3513,3514
124.526701,62.667958,3498
120.55848,62.539894,3498,3512,3513
140.548985,62.40827,3499,3500
131.444016,62.530613,3499
140.51829,62.257764,3500,3514,3515
157.3214,62.409377,3501,3502
143.47171,62.408087,3501
143.45534,62.269639,3501,3502,3503,3504,3505,3506,3507,3515
157.348435,62.267701,3502,3503
169.867753,61.986789,3503,3504
169.332091,61.340095,3504,3505
150.663671,61.32643,3505,3506
150.672061,61.209151,3506,3507
142.930875,61.200638,3507,3508,3509,3510,3511,3512,3513,3514,3515
136.53197,61.063651,3508,3509
142.922258,61.067489,3508
136.541444,61.191561,3509,3510
128.785267,61.465482,3510,3511
128.804309,61.591737,3511,3512
140.266681,32.934764,3520,3521,3527,3584,3610,3611,3620,3621
140.278907,33.467076,3520,3584,3585,3589
137.068171,33.060608,3521,3522,3527,3528,3534,3535
137.052043,32.93404,3521,3535,3536,3610
129.052466,33.199555,3522,3528,3529,3530,3531
134.95451,33.056315,3522,3531,3532,3533,3534
127.213366,33.057222,3523,3524,3525,3526,3529,3530
137.052661,32.529586,3536,3537,3610,3620
137.607847,32.540178,3537,3538,3619,3620,3621,3624
146.944397,31.596871,3538,3539,3618,3619
146.931997,31.478165,3539,3540,3617,3618
150.402986,31.323126,3540,3541,3616,3617
150.406499,31.204974,3541,3542,3550,3551,3616
158.40644,30.945451,3542,3543,3544,3545,3546,3547,3548,3551,3552,3615
155.732314,31.341307,3542,3615,3616,3617,3618,3619,3623,3624
171.465259,30.797667,3543,3544,3613,3614,3681,3682
165.854414,31.338593,3543,3614,3615,3622,3623
169.627839,30.539218,3544,3545,3627,3628,3681
162.377395,30.669474,3545,3546,3627
157.864285,30.394636,3546,3547,3626,3627,3628,3629,3630,3631,3634
155.198044,30.664031,3547,3548,3626
140.023558,31.341516,3548,3549,3552,3625,3626,3633,3634
174.957689,31.608593,3579,3580,3691,3692
180.0,31.066667,3579,3692,3693,3694,3695,3696
174.921132,31.735306,3580,3581,3690,3691
167.463218,31.735664,3581,3582,3612,3690
150.671501,31.734063,3582,3583,3611,3612,3621,3622,3623,3624
147.471598,32.404663,3583,3584,3588,3589,3590,3591,3592,3611
151.479759,73.072803,3595,3607,3608,3635,3636,3637,3638,3639,3640,3641,3642
172.013414,72.804089,3596,3597,3678,3679
169.334593,72.93056,3596,3641,3642,3679,3680
156.522203,72.661848,3596,3597,3598,3608,3609,3642
175.200459,72.796755,3597,3598,3677,3678
177.583276,72.525427,3598,3599,3600,3601,3602,3603,3609,3676,3677
180.0,72.266667,3599,3600,3650,3651
180.0,72.666667,3599,3675,3676
178.127726,72.263595,3600,3601,3650
178.147743,72.140337,3601,3602,3649,3650,3651,3664,3665,3666,3667,3668
172.778619,31.473101,3612,3613,3614,3622,3690,3691,3692,3696
171.985018,30.809478,3613,3682,3683,3695,3696
160.279423,73.591614,3636,3637,3645
161.633173,73.610138,3637,3638,3644,3645,3669
161.628173,73.335277,3638,3639,3669,3670,3671,3672
163.738641,73.323579,3639,3640,3672,3673
163.734612,73.062939,3640,3641,3673,3680
169.584331,30.005348,3683,3684,3694,3695
178.661606,29.868571,3684,3685,3693,3694
180.0,29.333333,3685,3686,3687,3688,3689,3693