0,1,0,-1
1,2,0,729
2,0,0,1
3,0,1,1124
2,3,1,32
4,5,2,1128
5,3,2,1129
3,4,2,3
6,4,3,1127
3,6,3,32
7,8,4,1214
8,9,4,1215
9,7,4,5
10,7,5,1168
9,10,5,6
11,10,6,1168
9,11,6,7
12,11,7,1175
9,12,7,34
13,14,8,1172
14,15,8,1173
15,13,8,9
16,13,9,1220
15,16,9,36
17,18,10,1218
18,19,10,1219
19,17,10,11
20,17,11,1494
19,20,11,12
21,20,12,1312
19,21,12,13
22,21,13,1311
19,22,13,14
23,22,14,1299
19,23,14,15
24,23,15,1298
19,24,15,16
25,24,16,1297
19,25,16,17
26,25,17,1137
19,26,17,18
27,26,18,1136
19,27,18,37
28,29,19,1141
29,30,19,1142
30,28,19,38
31,32,20,1337
32,33,20,1140
33,31,20,21
34,31,21,1178
33,34,21,22
35,34,22,1177
33,35,22,23
36,35,23,1176
33,36,23,39
37,38,24,813
38,36,24,1176
36,37,24,25
39,37,25,813
36,39,25,26
40,39,26,1077
36,40,26,27
41,40,27,1076
36,41,27,40
42,43,28,1075
43,41,28,1076
41,42,28,29
44,42,29,878
41,44,29,30
45,44,30,877
41,45,30,31
2,45,31,730
41,2,31,44
2,6,32,33
9,6,33,1126
2,9,33,34
2,12,34,35
15,12,35,1174
2,15,35,36
2,16,36,41
19,16,37,1219
16,27,37,41
30,46,38,1142
46,28,38,43
33,28,39,1140
28,36,39,40
28,41,40,43
2,27,41,42
46,27,42,1136
2,46,42,44
46,41,43,44
47,48,45,205
48,49,45,-1
49,47,45,46
50,47,46,161
49,50,46,47
51,50,47,160
49,51,47,48
52,51,48,160
49,52,48,49
53,52,49,159
49,53,49,50
54,53,50,159
49,54,50,51
55,54,51,158
49,55,51,52
56,55,52,-1
49,56,52,-1
57,58,53,306
58,48,53,-1
48,57,53,54
59,57,54,589
48,59,54,55
60,59,55,592
48,60,55,56
61,60,56,592
48,61,56,162
62,63,57,626
63,61,57,591
61,62,57,58
64,62,58,625
61,64,58,59
65,64,59,638
61,65,59,60
66,65,60,644
61,66,60,61
67,66,61,643
61,67,61,162
68,69,62,642
69,67,62,643
67,68,62,63
70,68,63,666
67,70,63,64
71,70,64,645
67,71,64,163
72,73,65,600
73,74,65,650
74,72,65,66
75,72,66,599
74,75,66,164
76,77,67,597
77,75,67,598
75,76,67,165
78,79,68,593
79,80,68,594
80,78,68,194
81,82,69,595
82,78,69,593
78,81,69,167
83,84,70,628
84,81,70,611
81,83,70,71
85,83,71,628
81,85,71,72
86,85,72,627
81,86,72,73
87,86,73,627
81,87,73,167
88,89,74,609
89,90,74,610
90,88,74,168
91,92,75,698
92,88,75,608
88,91,75,76
93,91,76,697
88,93,76,77
94,93,77,696
88,94,77,78
95,94,78,695
88,95,78,169
96,97,79,607
97,98,79,692
98,96,79,80
99,96,80,606
98,99,80,81
100,99,81,605
98,100,81,82
101,100,82,705
98,101,82,170
102,103,83,704
103,101,83,705
101,102,83,84
104,102,84,898
101,104,84,171
105,106,85,915
106,104,85,898
104,105,85,86
107,105,86,914
104,107,86,87
108,107,87,989
104,108,87,88
109,108,88,989
104,109,88,172
110,111,89,1001
111,109,89,992
109,110,89,173
112,113,90,1101
113,114,90,1065
114,112,90,91
115,112,91,1187
114,115,91,92
116,115,92,1251
114,116,92,93
117,116,93,1250
114,117,93,174
118,119,94,1505
119,117,94,1250
117,118,94,95
120,118,95,1512
117,120,95,96
121,120,96,1511
117,121,96,97
122,121,97,1228
117,122,97,98
123,122,98,1228
117,123,98,99
124,123,99,1227
117,124,99,175
125,126,100,1234
126,127,100,1235
127,125,100,177
128,129,101,1458
129,130,101,1233
130,128,101,178
131,132,102,1456
132,128,102,1457
128,131,102,220
133,134,103,1826
134,135,103,1827
135,133,103,179
136,137,104,1453
137,133,104,1825
133,136,104,105
138,136,105,1452
133,138,105,106
139,138,106,1525
133,139,106,179
140,141,107,1523
141,139,107,1524
139,140,107,108
142,140,108,1952
139,142,108,109
143,142,109,1959
139,143,109,180
144,145,110,1957
145,143,110,1958
143,144,110,209
146,147,111,2028
147,148,111,1955
148,146,111,112
149,146,112,2027
148,149,112,113
150,149,113,2036
148,150,113,114
151,150,114,2184
148,151,114,115
152,151,115,2183
148,152,115,181
153,154,116,2645
154,152,116,2646
152,153,116,117
155,153,117,2179
152,155,117,118
156,155,118,2324
152,156,118,119
157,156,119,2324
152,157,119,120
158,157,120,2323
152,158,120,121
159,158,121,2323
152,159,121,122
160,159,122,2322
152,160,122,123
161,160,123,-1
152,161,123,124
162,161,124,3259
152,162,124,125
163,162,125,2926
152,163,125,126
164,163,126,2925
152,164,126,182
165,166,127,2943
166,164,127,2944
164,165,127,182
167,168,128,2629
168,165,128,2942
165,167,128,129
169,167,129,2628
165,169,129,183
170,171,130,2631
171,172,130,2632
172,170,130,185
173,174,131,2946
174,170,131,2947
170,173,131,132
175,173,132,2922
170,175,132,185
176,177,133,3186
177,175,133,2922
175,176,133,134
178,176,134,3185
175,178,134,135
179,178,135,2872
175,179,135,136
180,179,136,2871
175,180,136,137
181,180,137,2870
175,181,137,138
182,181,138,2440
175,182,138,139
183,182,139,2439
175,183,139,140
184,183,140,2346
175,184,140,141
185,184,141,2346
175,185,141,142
186,185,142,2363
175,186,142,143
187,186,143,2345
175,187,143,186
188,189,144,2084
189,190,144,2085
190,188,144,145
191,188,145,1924
190,191,145,146
192,191,146,1923
190,192,146,187
193,194,147,2355
194,195,147,1928
195,193,147,148
196,193,148,2511
195,196,148,149
197,196,149,2513
195,197,149,188
198,199,150,2691
199,197,150,2513
197,198,150,203
200,201,151,2768
201,198,151,2690
198,200,151,189
202,203,152,2877
203,200,152,2768
200,202,152,153
204,202,153,2876
200,204,153,189
205,206,154,2874
206,207,154,2875
207,205,154,155
208,205,155,3188
207,208,155,156
209,208,156,3192
207,209,156,157
55,209,157,-1
207,55,157,158
207,54,158,190
54,52,159,191
52,50,160,161
52,47,161,192
48,67,162,163
48,71,163,193
74,71,164,645
71,75,164,165
71,76,165,166
80,76,166,596
71,80,166,193
78,87,167,195
90,87,168,630
87,88,168,169
87,95,169,196
98,210,170,693
210,101,170,171
210,104,171,172
210,109,172,173
210,110,173,197
114,211,174,1066
211,117,174,175
211,124,175,176
127,124,176,1227
211,127,176,177
211,125,177,198
130,125,178,1234
125,128,178,219
135,139,179,180
135,143,180,199
148,212,181,1955
212,152,181,200
152,165,182,183
152,169,183,184
213,169,184,2628
152,213,184,201
172,175,185,186
172,187,186,202
190,214,187,2082
214,192,187,216
195,215,188,1929
215,197,188,211
198,204,189,203
207,204,190,2875
204,54,190,191
204,52,191,192
204,47,192,204
48,80,193,194
48,78,194,195
48,87,195,196
48,95,196,206
210,216,197,694
216,110,197,212
211,217,198,1067
217,125,198,208
135,218,199,1828
218,143,199,213
212,144,200,1956
144,152,200,201
144,213,201,209
172,219,202,2632
219,187,202,210
197,204,203,204
197,47,204,205
197,48,205,206
197,95,206,207
216,95,207,694
197,216,207,211
217,110,208,1068
110,125,208,212
143,213,209,213
219,213,210,2633
213,187,210,214
215,216,211,218
216,125,212,218
218,213,213,214
218,187,214,215
214,187,215,2082
218,214,215,216
218,192,216,217
215,192,217,1923
218,215,217,221
215,125,218,219
215,128,219,220
215,131,220,221
218,131,221,1828
220,221,222,374
221,58,222,-1
58,220,222,223
222,220,223,373
58,222,223,224
223,222,224,372
58,223,224,225
224,223,225,414
58,224,225,226
225,224,226,484
58,225,226,227
226,225,227,484
58,226,227,228
227,226,228,483
58,227,228,229
228,227,229,483
58,228,229,230
229,228,230,482
58,229,230,231
230,229,231,482
58,230,231,232
231,230,232,481
58,231,232,233
232,231,233,480
58,232,233,234
233,232,234,479
58,233,234,235
234,233,235,478
58,234,235,236
235,234,236,478
58,235,236,237
236,235,237,477
58,236,237,238
237,236,238,476
58,237,238,239
238,237,239,475
58,238,239,240
239,238,240,474
58,239,240,307
240,241,241,472
241,242,241,473
242,240,241,309
243,244,242,470
244,245,242,471
245,243,242,311
246,247,243,469
247,243,243,470
243,246,243,312
248,249,244,468
249,246,244,469
246,248,244,313
250,251,245,465
251,252,245,466
252,250,245,246
253,250,246,464
252,253,246,316
254,255,247,462
255,256,247,463
256,254,247,318
257,258,248,459
258,259,248,460
259,257,248,321
260,261,249,457
261,257,249,458
257,260,249,250
262,260,250,456
257,262,250,251
263,262,251,455
257,263,251,322
264,265,252,452
265,266,252,453
266,264,252,324
267,268,253,450
268,264,253,451
264,267,253,254
269,267,254,449
264,269,254,325
270,271,255,447
271,269,255,448
269,270,255,256
272,270,256,446
269,272,256,326
273,274,257,973
274,272,257,445
272,273,257,327
275,276,258,971
276,273,258,972
273,275,258,328
277,278,259,969
278,275,259,970
275,277,259,329
279,280,260,1052
280,277,260,968
277,279,260,261
281,279,261,1252
277,281,261,262
282,281,262,1281
277,282,262,330
283,284,263,1278
284,285,263,1279
285,283,263,264
286,283,264,1277
285,286,264,353
287,288,265,1274
288,289,265,1275
289,287,265,332
290,291,266,1271
291,292,266,1272
292,290,266,267
293,290,267,1270
292,293,267,334
294,295,268,1267
295,296,268,1268
296,294,268,269
297,294,269,-1
296,297,269,270
298,297,270,3174
296,298,270,271
299,298,271,3173
296,299,271,336
300,301,272,3102
301,299,272,3173
299,300,272,273
302,300,273,2973
299,302,273,337
303,304,274,2830
304,305,274,2972
305,303,274,275
306,303,275,2829
305,306,275,338
307,308,276,2828
308,306,276,2829
306,307,276,277
309,307,277,2827
306,309,277,339
310,311,278,2826
311,309,278,2827
309,310,278,340
312,313,279,2810
313,310,279,2826
310,312,279,280
314,312,280,2311
310,314,280,281
315,314,281,2343
310,315,281,282
316,315,282,2339
310,316,282,283
317,316,283,2310
310,317,283,284
318,317,284,2042
310,318,284,341
319,320,285,2096
320,318,285,2041
318,319,285,286
321,319,286,1909
318,321,286,342
322,323,287,1917
323,321,287,1908
321,322,287,288
324,322,288,1799
321,324,288,343
325,326,289,1798
326,324,289,1799
324,325,289,290
327,325,290,1797
324,327,290,344
328,329,291,1474
329,327,291,1723
327,328,291,292
330,328,292,1473
327,330,292,345
331,332,293,1471
332,333,293,1472
333,331,293,294
334,331,294,1204
333,334,294,354
335,336,295,1155
336,334,295,1204
334,335,295,296
337,335,296,1117
334,337,296,297
338,337,297,1035
334,338,297,298
339,338,298,993
334,339,298,352
340,341,299,924
341,339,299,993
339,340,299,347
342,343,300,743
343,340,300,924
340,342,300,301
344,342,301,742
340,344,301,302
345,344,302,679
340,345,302,303
346,345,303,616
340,346,303,304
347,346,304,615
340,347,304,347
57,348,305,589
348,347,305,614
347,57,305,306
347,58,306,307
347,239,307,308
242,239,308,473
347,242,308,309
347,240,309,310
245,240,310,471
347,245,310,311
347,243,311,312
347,246,312,313
347,248,313,314
349,248,314,467
347,349,314,315
252,349,315,466
347,252,315,316
347,253,316,317
256,253,317,463
347,256,317,318
347,254,318,319
350,254,319,461
347,350,319,320
259,350,320,460
347,259,320,321
347,257,321,322
347,263,322,323
266,263,323,454
347,266,323,324
347,264,324,325
347,269,325,326
347,272,326,327
347,273,327,328
347,275,328,329
347,277,329,330
347,282,330,331
285,282,331,1280
347,285,331,348
289,351,332,1275
351,287,332,333
352,287,333,1273
351,352,333,349
292,352,334,1272
352,293,334,335
296,293,335,1269
352,296,335,336
352,299,336,337
352,302,337,350
305,302,338,2972
302,306,338,339
302,309,339,340
302,310,340,341
302,318,341,342
302,321,342,343
302,324,343,344
302,327,344,345
302,330,345,346
333,330,346,1472
302,333,346,351
339,347,347,348
339,285,348,352
351,286,349,1276
286,352,349,350
286,302,350,351
286,333,351,353
334,285,352,354
285,333,353,354
353,354,355,379
354,221,355,-1
221,353,355,356
355,353,356,410
221,355,356,357
356,355,357,410
221,356,357,358
357,356,358,409
221,357,358,359
358,357,359,408
221,358,359,360
359,358,360,407
221,359,360,361
360,359,361,406
221,360,361,362
361,360,362,405
221,361,362,363
362,361,363,405
221,362,363,364
363,362,364,404
221,363,364,365
364,363,365,403
221,364,365,366
365,364,366,514
221,365,366,367
366,365,367,419
221,366,367,368
367,366,368,418
221,367,368,369
368,367,369,418
221,368,369,375
369,370,370,416
370,368,370,417
368,369,370,375
223,371,371,414
371,372,371,415
372,223,371,372
372,222,372,373
372,220,373,374
372,221,374,376
221,369,375,376
372,369,376,415
373,374,377,383
374,354,377,-1
354,373,377,378
375,373,378,384
354,375,378,379
353,375,379,411
376,377,380,385
377,378,380,-1
378,376,380,381
379,376,381,385
378,379,381,382
373,379,382,384
378,373,382,383
378,374,383,-1
375,379,384,412
379,377,385,386
380,377,386,-1
379,380,386,387
381,380,387,522
379,381,387,388
382,381,388,522
379,382,388,389
383,382,389,521
379,383,389,390
384,383,390,520
379,384,390,391
385,384,391,520
379,385,391,392
386,385,392,567
379,386,392,393
387,386,393,566
379,387,393,394
388,387,394,519
379,388,394,395
389,388,395,518
379,389,395,396
390,389,396,518
379,390,396,397
391,390,397,517
379,391,397,398
392,391,398,516
379,392,398,399
393,392,399,516
379,393,399,400
394,393,400,515
379,394,400,401
395,394,401,515
379,395,401,402
364,395,402,514
379,364,402,403
379,363,403,404
379,362,404,413
362,360,405,406
362,359,406,407
362,358,407,408
362,357,408,409
362,356,409,413
356,353,410,411
356,375,411,412
356,379,412,413
224,371,414,485
371,369,415,416
371,370,416,417
371,368,417,486
368,366,418,487
396,365,419,561
366,396,419,420
397,396,420,560
366,397,420,488
398,399,421,556
399,400,421,557
400,398,421,491
401,402,422,554
402,403,422,555
403,401,422,492
404,405,423,553
405,401,423,554
401,404,423,493
406,407,424,552
407,404,424,553
404,406,424,494
408,409,425,583
409,406,425,552
406,408,425,426
410,408,426,551
406,410,426,495
411,412,427,550
412,410,427,551
410,411,427,495
413,414,428,549
414,411,428,550
411,413,428,429
415,413,429,548
411,415,429,496
416,417,430,546
417,418,430,547
418,416,430,497
419,420,431,544
420,421,431,545
421,419,431,498
422,423,432,577
423,419,432,544
419,422,432,433
424,422,433,543
419,424,433,434
425,424,434,542
419,425,434,435
426,425,435,838
419,426,435,436
427,426,436,963
419,427,436,437
428,427,437,962
419,428,437,438
429,428,438,961
419,429,438,439
430,429,439,960
419,430,439,440
431,430,440,960
419,431,440,441
432,431,441,959
419,432,441,442
433,432,442,958
419,433,442,443
434,433,443,958
419,434,443,444
274,434,444,974
419,274,444,445
419,272,445,446
419,270,446,447
419,271,447,448
419,269,448,449
419,267,449,450
419,268,450,451
419,264,451,452
419,265,452,453
419,266,453,454
419,263,454,455
419,262,455,456
419,260,456,457
419,261,457,458
419,257,458,459
419,258,459,499
258,350,460,461
258,254,461,462
258,255,462,500
255,253,463,464
255,250,464,465
255,251,465,501
251,349,466,467
251,248,467,468
251,249,468,502
249,247,469,503
247,244,470,504
244,240,471,472
244,241,472,505
241,239,473,474
241,238,474,475
241,237,475,476
241,236,476,477
241,235,477,506
235,233,478,479
235,232,479,480
235,231,480,481
235,230,481,513
230,228,482,507
228,226,483,507
226,224,484,485
226,371,485,486
226,368,486,487
226,366,487,488
226,397,488,489
435,397,489,559
226,435,489,490
436,435,490,558
226,436,490,508
400,436,491,557
436,398,491,509
403,398,492,555
398,401,492,493
398,404,493,494
398,406,494,510
406,411,495,496
406,415,496,511
418,415,497,547
415,416,497,512
421,416,498,545
416,419,498,499
416,258,499,500
416,255,500,501
416,251,501,502
416,249,502,503
416,247,503,504
416,244,504,505
416,241,505,506
416,235,506,512
230,226,507,508
230,436,508,509
230,398,509,510
230,406,510,511
230,415,511,513
415,235,512,513
365,395,514,562
395,393,515,563
393,391,516,517
393,390,517,564
390,388,518,519
390,387,519,565
385,383,520,521
385,382,521,568
382,380,522,523
437,380,523,-1
382,437,523,524
438,437,524,631
382,438,524,525
439,438,525,637
382,439,525,526
440,439,526,636
382,440,526,527
441,440,527,635
382,441,527,528
442,441,528,634
382,442,528,529
443,442,529,633
382,443,529,530
444,443,530,711
382,444,530,531
445,444,531,725
382,445,531,569
446,447,532,804
447,445,532,737
445,446,532,570
448,449,533,852
449,446,533,853
446,448,533,571
450,451,534,849
451,452,534,850
452,450,534,535
453,450,535,848
452,453,535,588
454,455,536,846
455,456,536,847
456,454,536,537
457,454,537,845
456,457,537,573
458,459,538,843
459,460,538,844
460,458,538,539
461,458,539,842
460,461,539,540
462,461,540,841
460,462,540,575
425,463,541,839
463,462,541,840
462,425,541,542
462,424,542,543
462,422,543,576
423,420,544,578
420,416,545,546
420,417,546,579
417,415,547,548
417,413,548,549
417,414,549,580
414,412,550,581
412,408,551,582
409,407,552,584
407,405,553,585
405,402,554,586
402,398,555,556
402,399,556,587
399,436,557,558
399,435,558,559
399,397,559,560
399,396,560,561
399,365,561,562
399,395,562,563
399,393,563,564
399,390,564,565
399,387,565,566
399,386,566,567
399,385,567,568
399,382,568,569
399,445,569,570
399,446,570,571
399,448,571,572
452,448,572,851
399,452,572,587
456,453,573,847
453,457,573,574
460,457,574,844
453,460,574,575
453,462,575,576
453,422,576,577
453,423,577,578
453,420,578,579
453,417,579,580
453,414,580,581
453,412,581,582
453,408,582,583
453,409,583,584
453,407,584,585
453,405,585,586
453,402,586,588
402,452,587,588
59,348,589,590
63,348,590,614
59,63,590,591
59,61,591,592
82,79,593,594
82,80,594,595
81,80,595,596
81,76,596,597
81,77,597,598
81,75,598,599
81,72,599,612
464,73,600,649
72,464,600,601
465,464,601,648
72,465,601,602
466,465,602,669
72,466,602,603
467,466,603,678
72,467,603,604
100,467,604,699
72,100,604,605
72,99,605,606
72,96,606,613
92,97,607,692
96,92,607,608
96,88,608,609
96,89,609,613
84,90,610,629
89,84,610,611
89,81,611,612
89,72,612,613
63,347,614,615
63,346,615,616
63,345,616,617
468,345,617,679
63,468,617,618
469,468,618,685
63,469,618,619
470,469,619,684
63,470,619,620
471,470,620,683
63,471,620,621
472,471,621,724
63,472,621,622
473,472,622,655
63,473,622,623
474,473,623,651
63,474,623,626
64,475,624,638
475,474,624,653
474,64,624,625
474,62,625,626
87,85,627,630
85,84,628,629
85,90,629,630
476,437,631,-1
438,476,631,637
443,477,632,711
477,476,632,706
476,443,632,633
476,442,633,634
476,441,634,635
476,440,635,636
476,439,636,637
65,475,638,639
478,475,639,653
65,478,639,640
479,478,640,654
65,479,640,641
68,479,641,667
65,68,641,642
65,69,642,644
69,66,643,644
74,70,645,646
480,70,646,665
74,480,646,650
465,481,647,669
481,480,647,670
480,465,647,648
480,464,648,649
480,73,649,650
482,473,651,655
474,482,651,652
478,482,652,654
474,478,652,653
479,482,654,668
482,472,655,656
483,472,656,723
482,483,656,657
484,483,657,722
482,484,657,658
485,484,658,721
482,485,658,659
486,485,659,798
482,486,659,660
487,486,660,797
482,487,660,661
488,487,661,687
482,488,661,662
489,488,662,686
482,489,662,663
490,489,663,672
482,490,663,668
480,491,664,671
491,490,664,672
490,480,664,665
490,70,665,666
490,68,666,667
490,479,667,668
466,481,669,670
466,480,670,671
466,491,671,678
491,489,672,673
492,489,673,686
491,492,673,674
493,492,674,691
491,493,674,675
494,493,675,690
491,494,675,676
495,494,676,712
491,495,676,677
467,495,677,699
491,467,677,678
468,344,679,680
496,344,680,742
468,496,680,681
497,496,681,777
468,497,681,682
498,497,682,776
468,498,682,685
471,498,683,719
498,470,683,684
498,469,684,685
492,488,686,687
492,487,687,688
499,487,688,797
492,499,688,689
500,499,689,803
492,500,689,691
494,500,690,712
500,493,690,691
92,98,692,693
92,210,693,698
210,95,694,695
210,94,695,696
210,93,696,697
210,91,697,698
100,495,699,700
501,495,700,718
100,501,700,701
502,501,701,717
100,502,701,702
503,502,702,717
100,503,702,703
102,503,703,895
100,102,703,704
100,103,704,705
504,476,706,-1
477,504,706,707
505,504,707,728
477,505,707,708
506,505,708,727
477,506,708,709
507,506,709,726
477,507,709,710
444,507,710,725
477,444,710,711
495,500,712,713
508,500,713,802
495,508,713,714
509,508,714,901
495,509,714,715
510,509,715,917
495,510,715,716
503,510,716,895
495,503,716,718
503,501,717,718
511,498,719,776
471,511,719,724
485,512,720,799
512,511,720,953
511,485,720,721
511,484,721,722
511,483,722,723
511,472,723,724
445,507,725,726
445,506,726,727
445,505,727,738
1,504,728,-1
505,1,728,729
505,2,729,739
513,45,730,877
2,513,730,731
514,513,731,876
2,514,731,732
515,514,732,875
2,515,732,739
516,517,733,874
517,515,733,875
515,516,733,734
518,516,734,873
515,518,734,740
519,520,735,872
520,518,735,873
518,519,735,741
447,521,736,804
521,519,736,871
519,447,736,737
519,445,737,738
519,505,738,741
505,515,739,740
505,518,740,741
496,342,742,777
522,343,743,918
342,522,743,744
523,522,744,923
342,523,744,778
524,525,745,1022
525,523,745,923
523,524,745,746
526,524,746,1021
523,526,746,747
527,526,747,1020
523,527,747,748
528,527,748,1033
523,528,748,779
529,530,749,1072
530,528,749,1033
528,529,749,780
531,532,750,1239
532,529,750,1147
529,531,750,781
533,534,751,1445
534,535,751,1446
535,533,751,752
536,533,752,1601
535,536,752,792
537,538,753,1657
538,536,753,1601
536,537,753,754
539,537,754,1720
536,539,754,755
540,539,755,1719
536,540,755,756
541,540,756,1840
536,541,756,757
542,541,757,1839
536,542,757,758
543,542,758,1699
536,543,758,793
544,545,759,1697
545,546,759,1698
546,544,759,760
547,544,760,1612
546,547,760,761
548,547,761,1566
546,548,761,783
549,550,762,1565
550,548,762,1566
548,549,762,794
551,552,763,1617
552,553,763,1569
553,551,763,764
554,551,764,1501
553,554,764,765
555,554,765,1500
553,555,765,766
556,555,766,1191
553,556,766,767
557,556,767,1190
553,557,767,784
558,559,768,1134
559,560,768,1135
560,558,768,769
561,558,769,1111
560,561,769,786
562,563,770,1005
563,561,770,1092
561,562,770,771
564,562,771,1026
561,564,771,787
565,566,772,982
566,564,772,983
564,565,772,773
567,565,773,981
564,567,773,788
568,569,774,956
569,567,774,980
567,568,774,789
511,570,775,954
570,568,775,955
568,511,775,790
511,497,776,790
497,342,777,778
497,523,778,779
497,528,779,780
497,529,780,781
497,531,781,782
535,531,782,1244
497,535,782,791
546,543,783,1698
543,548,783,793
553,549,784,1565
549,557,784,785
571,557,785,1130
549,571,785,795
560,571,786,1130
571,561,786,787
571,564,787,788
571,567,788,789
571,568,789,796
568,497,790,791
568,535,791,792
568,536,792,796
536,548,793,794
536,549,794,795
536,571,795,796
499,486,797,798
499,485,798,799
499,512,799,800
572,512,800,953
499,572,800,801
573,572,801,979
499,573,801,803
508,573,802,899
573,500,802,803
446,521,804,805
574,521,805,870
446,574,805,806
575,574,806,870
446,575,806,807
576,575,807,907
446,576,807,854
577,578,808,905
578,576,808,906
576,577,808,809
579,577,809,885
576,579,809,810
580,579,810,884
576,580,810,855
581,582,811,883
582,580,811,884
580,581,811,856
39,583,812,1078
583,581,812,883
581,39,812,857
39,38,813,814
584,38,814,1180
39,584,814,858
585,586,815,1183
586,584,815,1180
584,585,815,816
587,585,816,1179
584,587,816,859
588,589,817,1403
589,587,817,1404
587,588,817,818
590,588,818,1693
587,590,818,860
591,592,819,1810
592,590,819,1692
590,591,819,861
593,594,820,1397
594,591,820,1810
591,593,820,862
595,596,821,2010
596,597,821,2011
597,595,821,864
598,599,822,2108
599,595,822,2009
595,598,822,823
600,598,823,2113
595,600,823,824
601,600,824,2264
595,601,824,865
602,603,825,2269
603,601,825,2270
601,602,825,826
604,602,826,2268
601,604,826,866
605,606,827,2120
606,604,827,2267
604,605,827,828
607,605,828,2119
604,607,828,829
608,607,829,2118
604,608,829,867
609,610,830,2116
610,608,830,2117
608,609,830,868
611,612,831,2140
612,609,831,2116
609,611,831,832
613,611,832,1043
609,613,832,833
614,613,833,1042
609,614,833,834
615,614,834,1041
609,615,834,835
616,615,835,1040
609,616,835,836
617,616,836,1039
609,617,836,837
426,617,837,963
609,426,837,838
609,425,838,839
609,463,839,840
609,462,840,841
609,461,841,842
609,458,842,843
609,459,843,869
459,457,844,845
459,454,845,846
459,455,846,869
455,453,847,848
455,450,848,849
455,451,849,850
455,452,850,851
455,448,851,852
455,449,852,853
455,446,853,854
455,576,854,855
455,580,855,856
455,581,856,857
455,39,857,858
455,584,858,859
455,587,859,860
455,590,860,861
455,591,861,862
455,593,862,863
597,593,863,1396
455,597,863,864
455,595,864,865
455,601,865,866
455,604,866,867
455,608,867,868
455,609,868,869
575,521,870,871
575,519,871,872
575,520,872,888
520,516,873,874
520,517,874,889
517,514,875,876
517,513,876,890
513,44,877,878
513,42,878,879
618,42,879,1075
513,618,879,890
619,620,880,1079
620,618,880,1080
618,619,880,881
621,619,881,1079
618,621,881,882
583,621,882,1078
618,583,882,891
583,582,883,891
582,579,884,885
582,577,885,886
622,577,886,905
582,622,886,887
623,622,887,904
582,623,887,892
575,624,888,903
624,520,888,889
624,517,889,893
517,618,890,894
618,582,891,892
618,623,892,894
624,623,893,903
623,517,893,894
102,510,895,896
625,510,896,917
102,625,896,897
106,625,897,916
102,106,897,898
626,573,899,987
508,626,899,902
627,628,900,908
628,626,900,986
626,627,900,902
509,627,901,908
627,508,901,902
575,623,903,904
575,622,904,907
622,578,905,906
622,576,906,907
509,628,908,909
629,628,909,985
509,629,909,910
630,629,910,1024
509,630,910,911
631,630,911,1029
509,631,911,912
632,631,912,1002
509,632,912,913
107,632,913,990
509,107,913,914
509,105,914,915
509,106,915,916
509,625,916,917
633,343,918,942
522,633,918,919
634,633,919,942
522,634,919,920
635,634,920,941
522,635,920,921
636,635,921,1017
522,636,921,922
525,636,922,1023
522,525,922,923
343,341,924,943
637,638,925,995
638,639,925,996
639,637,925,926
640,637,926,1038
639,640,926,945
641,642,927,1109
642,640,927,1110
640,641,927,946
643,644,928,1295
644,641,928,1108
641,643,928,929
645,643,929,1540
641,645,929,930
646,645,930,1539
641,646,930,931
647,646,931,1199
641,647,931,947
648,649,932,1651
649,650,932,1597
650,648,932,933
651,648,933,1660
650,651,933,934
652,651,934,1659
650,652,934,935
653,652,935,1599
650,653,935,949
654,655,936,1437
655,653,936,1598
653,654,936,950
656,657,937,1148
657,654,937,1436
654,656,937,938
658,656,938,1070
654,658,938,939
659,658,939,1069
654,659,939,951
635,660,940,1017
660,659,940,1018
659,635,940,941
659,634,941,952
634,343,942,943
634,341,943,944
639,341,944,996
634,639,944,945
634,640,945,946
634,641,946,947
634,647,947,948
661,647,948,1203
634,661,948,952
650,661,949,1203
661,653,949,950
661,654,950,951
661,659,951,952
572,511,953,954
572,570,954,955
572,568,955,956
572,569,956,957
662,569,957,980
572,662,957,979
434,432,958,959
434,431,959,975
431,429,960,961
431,428,961,962
431,427,962,976
427,617,963,964
663,617,964,1039
427,663,964,965
664,663,965,1057
427,664,965,976
665,666,966,1056
666,664,966,1057
664,665,966,977
667,668,967,1054
668,665,967,1055
665,667,967,978
280,667,968,1053
667,277,968,969
667,278,969,970
667,275,970,971
667,276,971,972
667,273,972,973
667,274,973,974
667,434,974,975
667,431,975,978
431,664,976,977
431,665,977,978
573,662,979,987
662,567,980,981
662,565,981,982
662,566,982,988
669,564,983,1025
566,669,983,984
629,669,984,1024
566,629,984,985
566,628,985,986
566,626,986,988
626,662,987,988
109,107,989,990
109,632,990,991
670,632,991,1002
109,670,991,992
111,670,992,998
341,338,993,994
671,338,994,1034
341,671,994,997
637,671,995,1034
671,638,995,997
638,341,996,997
672,670,998,1013
111,672,998,999
673,672,999,1013
111,673,999,1000
674,673,1000,1012
111,674,1000,1001
110,674,1001,1062
670,631,1002,1003
675,631,1003,1028
670,675,1003,1014
676,677,1004,1027
677,675,1004,1028
675,676,1004,1015
562,676,1005,1027
676,563,1005,1006
678,563,1006,1092
676,678,1006,1007
679,678,1007,1097
676,679,1007,1008
680,679,1008,1098
676,680,1008,1009
681,680,1009,1103
676,681,1009,1010
682,681,1010,1063
676,682,1010,1011
683,682,1011,1063
676,683,1011,1016
674,683,1012,1062
683,673,1012,1016
673,670,1013,1014
673,675,1014,1015
673,676,1015,1016
636,660,1017,1018
636,659,1018,1019
684,659,1019,1069
636,684,1019,1023
527,684,1020,1031
684,526,1020,1021
684,524,1021,1022
684,525,1022,1023
630,669,1024,1025
630,564,1025,1026
630,562,1026,1030
562,677,1027,1030
677,631,1028,1029
677,630,1029,1030
685,684,1031,1074
527,685,1031,1032
530,685,1032,1073
527,530,1032,1033
637,338,1034,1035
637,337,1035,1036
686,337,1036,1123
637,686,1036,1037
687,686,1037,1104
637,687,1037,1038
640,687,1038,1104
663,616,1039,1040
663,615,1040,1041
663,614,1041,1042
663,613,1042,1058
688,611,1043,1932
613,688,1043,1044
689,688,1044,1931
613,689,1044,1045
690,689,1045,1931
613,690,1045,1046
691,690,1046,1930
613,691,1046,1047
692,691,1047,1930
613,692,1047,1048
693,692,1048,1944
613,693,1048,1049
694,693,1049,1257
613,694,1049,1050
695,694,1050,1256
613,695,1050,1059
696,697,1051,1254
697,695,1051,1255
695,696,1051,1060
279,698,1052,1252
698,280,1052,1053
698,667,1053,1054
698,668,1054,1055
698,665,1055,1056
698,666,1056,1061
666,663,1057,1058
666,613,1058,1059
666,695,1059,1060
666,696,1060,1061
698,696,1061,1253
110,683,1062,1068
683,681,1063,1064
113,681,1064,1102
683,113,1064,1065
683,114,1065,1066
683,211,1066,1067
683,217,1067,1068
684,658,1069,1070
684,656,1070,1071
699,656,1071,1148
684,699,1071,1074
529,699,1072,1144
699,530,1072,1073
699,685,1073,1074
618,43,1075,1080
43,40,1076,1077
43,39,1077,1081
39,621,1078,1082
621,620,1079,1082
620,43,1080,1081
620,39,1081,1082
700,701,1083,-39186
701,702,1083,-39186
702,700,1083,1091
703,704,1084,-39186
704,700,1084,-39186
700,703,1084,1085
705,703,1085,-39186
700,705,1085,1086
706,705,1086,-39186
700,706,1086,1087
707,706,1087,-39186
700,707,1087,1088
708,707,1088,-39186
700,708,1088,1089
709,708,1089,-39186
700,709,1089,1090
710,709,1090,-39186
700,710,1090,1091
702,710,1091,-39186
678,561,1092,1093
711,561,1093,1111
678,711,1093,1094
712,711,1094,1115
678,712,1094,1095
713,712,1095,1114
678,713,1095,1096
714,713,1096,1099
678,714,1096,1097
679,714,1097,1098
680,714,1098,1103
715,713,1099,1113
714,715,1099,1100
112,715,1100,1187
714,112,1100,1101
714,113,1101,1102
714,681,1102,1103
640,686,1104,1105
716,686,1105,1122
640,716,1105,1110
717,718,1106,1290
718,716,1106,1121
716,717,1106,1107
644,717,1107,1296
716,644,1107,1108
716,641,1108,1109
716,642,1109,1110
711,558,1111,1112
719,558,1112,1133
711,719,1112,1115
715,720,1113,1184
720,713,1113,1114
720,712,1114,1116
712,719,1115,1116
720,719,1116,1188
721,335,1117,1165
337,721,1117,1118
722,721,1118,1164
337,722,1118,1123
723,724,1119,1163
724,722,1119,1164
722,723,1119,1120
718,723,1120,1290
722,718,1120,1121
722,716,1121,1122
722,686,1122,1123
725,0,1124,-1
3,725,1124,1125
726,725,1125,1216
3,726,1125,1129
9,726,1126,1211
726,6,1126,1127
726,4,1127,1128
726,5,1128,1129
560,557,1130,1131
727,557,1131,1189
560,727,1131,1132
728,727,1132,1189
560,728,1132,1135
719,728,1133,1188
728,558,1133,1134
728,559,1134,1135
46,26,1136,1137
46,25,1137,1138
729,25,1138,1297
46,729,1138,1139
32,729,1139,1303
46,32,1139,1143
32,28,1140,1141
32,29,1141,1143
29,46,1142,1143
730,699,1144,1154
529,730,1144,1147
731,732,1145,1246
732,730,1145,1154
730,731,1145,1146
532,731,1146,1239
730,532,1146,1147
699,657,1148,1149
733,657,1149,1436
699,733,1149,1150
734,733,1150,1441
699,734,1150,1151
735,734,1151,1440
699,735,1151,1152
736,735,1152,1240
699,736,1152,1153
732,736,1153,1240
699,732,1153,1154
737,336,1155,1210
335,737,1155,1156
738,737,1156,1209
335,738,1156,1157
739,738,1157,1208
335,739,1157,1166
740,741,1158,1510
741,739,1158,1207
739,740,1158,1159
742,740,1159,1469
739,742,1159,1160
743,742,1160,1468
739,743,1160,1161
744,743,1161,1467
739,744,1161,1162
745,744,1162,1292
739,745,1162,1167
723,745,1163,1291
745,724,1163,1167
724,721,1164,1165
724,335,1165,1166
724,739,1166,1167
11,7,1168,1169
746,7,1169,1213
11,746,1169,1170
747,746,1170,1212
11,747,1170,1171
748,747,1171,1222
11,748,1171,1175
13,748,1172,1221
748,14,1172,1173
748,15,1173,1174
748,12,1174,1175
38,35,1176,1177
38,34,1177,1178
38,31,1178,1181
587,749,1179,1353
749,585,1179,1182
586,38,1180,1181
586,31,1181,1183
749,31,1182,1336
31,585,1182,1183
750,720,1184,1198
715,750,1184,1185
751,750,1185,1197
715,751,1185,1186
115,751,1186,1247
715,115,1186,1187
720,728,1188,1198
728,557,1189,1190
728,556,1190,1191
728,555,1191,1192
752,555,1192,1500
728,752,1192,1193
753,752,1193,1499
728,753,1193,1194
754,753,1194,1499
728,754,1194,1195
755,754,1195,1248
728,755,1195,1196
751,755,1196,1247
728,751,1196,1197
728,750,1197,1198
756,646,1199,1538
647,756,1199,1200
757,756,1200,1604
647,757,1200,1201
758,757,1201,1609
647,758,1201,1202
650,758,1202,1594
647,650,1202,1203
336,331,1204,1205
759,331,1205,1471
336,759,1205,1206
760,759,1206,1470
336,760,1206,1210
741,760,1207,1508
760,739,1207,1208
760,738,1208,1209
760,737,1209,1210
761,726,1211,1223
9,761,1211,1215
747,761,1212,1222
761,746,1212,1213
761,7,1213,1214
761,8,1214,1215
762,725,1216,-1
726,762,1216,1223
763,764,1217,1488
764,762,1217,1495
762,763,1217,1224
17,763,1218,1488
763,18,1218,1225
18,16,1219,1220
18,13,1220,1221
18,748,1221,1225
748,761,1222,1226
761,762,1223,1224
761,763,1224,1226
763,748,1225,1226
127,123,1227,1236
123,121,1228,1229
765,121,1229,1511
123,765,1229,1230
766,765,1230,1531
123,766,1230,1237
767,768,1231,1546
768,766,1231,1530
766,767,1231,1232
769,767,1232,1448
766,769,1232,1237
129,769,1233,1459
769,130,1233,1238
130,126,1234,1235
130,127,1235,1236
130,123,1236,1238
123,769,1237,1238
531,731,1239,1245
732,735,1240,1241
770,735,1241,1439
732,770,1241,1242
771,770,1242,1442
732,771,1242,1246
535,772,1243,1446
772,771,1243,1447
771,535,1243,1244
771,531,1244,1245
771,731,1245,1246
115,755,1247,1248
115,754,1248,1249
119,754,1249,1506
115,119,1249,1251
119,116,1250,1251
281,698,1252,1253
281,696,1253,1254
281,697,1254,1255
281,695,1255,1256
281,694,1256,1282
773,693,1257,1943
694,773,1257,1258
774,773,1258,1942
694,774,1258,1259
775,774,1259,1941
694,775,1259,1260
776,775,1260,1940
694,776,1260,1261
777,776,1261,2228
694,777,1261,1283
778,779,1262,2243
779,780,1262,2244
780,778,1262,1263
781,778,1263,2242
780,781,1263,1285
782,783,1264,2240
783,784,1264,2241
784,782,1264,1287
785,786,1265,3264
786,787,1265,2238
787,785,1265,1266
294,785,1266,-1
787,294,1266,1267
787,295,1267,1268
787,296,1268,1269
787,293,1269,1270
787,290,1270,1271
787,291,1271,1289
291,352,1272,1273
291,287,1273,1274
291,288,1274,1289
288,351,1275,1276
288,286,1276,1277
288,283,1277,1278
288,284,1278,1279
288,285,1279,1280
288,282,1280,1281
288,281,1281,1282
288,694,1282,1283
288,777,1283,1284
780,777,1284,2244
288,780,1284,1285
288,781,1285,1286
784,781,1286,2241
288,784,1286,1287
288,782,1287,1288
787,782,1288,2239
288,787,1288,1289
717,723,1290,1291
717,745,1291,1292
717,744,1292,1293
788,744,1293,1467
717,788,1293,1296
643,789,1294,1532
789,788,1294,1477
788,643,1294,1295
788,644,1295,1296
729,24,1297,1298
729,23,1298,1299
729,22,1299,1300
790,22,1300,1310
729,790,1300,1301
791,790,1301,1309
729,791,1301,1302
792,791,1302,1460
729,792,1302,1303
32,792,1303,1304
793,792,1304,1460
32,793,1304,1305
794,793,1305,1465
32,794,1305,1306
795,794,1306,1484
32,795,1306,1307
796,795,1307,1484
32,796,1307,1337
797,798,1308,1462
798,799,1308,1463
799,797,1308,1352
791,797,1309,1461
797,790,1309,1310
797,22,1310,1311
797,21,1311,1347
800,20,1312,1493
21,800,1312,1313
801,800,1313,1492
21,801,1313,1314
802,801,1314,1550
21,802,1314,1315
803,802,1315,1550
21,803,1315,1316
804,803,1316,1563
21,804,1316,1340
805,806,1317,1570
806,804,1317,1562
804,805,1317,1340
807,808,1318,1579
808,809,1318,1576
809,807,1318,1319
810,807,1319,1575
809,810,1319,1320
811,810,1320,1542
809,811,1320,1343
812,813,1321,1544
813,811,1321,1545
811,812,1321,1348
814,815,1322,1574
815,816,1322,1543
816,814,1322,1344
817,818,1323,1647
818,814,1323,1713
814,817,1323,1324
819,817,1324,1767
814,819,1324,1325
820,819,1325,1770
814,820,1325,1326
821,820,1326,1783
814,821,1326,1327
822,821,1327,1747
814,822,1327,1328
823,822,1328,1664
814,823,1328,1329
824,823,1329,1663
814,824,1329,1330
825,824,1330,1580
814,825,1330,1331
826,825,1331,1580
814,826,1331,1344
827,828,1332,1587
828,826,1332,1584
826,827,1332,1333
829,827,1333,1583
826,829,1333,1351
830,831,1334,1354
831,829,1334,1355
829,830,1334,1335
749,830,1335,1353
829,749,1335,1336
829,31,1336,1345
31,796,1337,1338
832,796,1338,1487
31,832,1338,1339
833,832,1339,1487
31,833,1339,1345
21,805,1340,1341
834,805,1341,1570
21,834,1341,1342
809,834,1342,1576
21,809,1342,1343
21,811,1343,1347
816,826,1344,1350
829,833,1345,1346
799,833,1346,1464
829,799,1346,1351
797,811,1347,1348
797,812,1348,1349
816,812,1349,1543
797,816,1349,1350
797,826,1350,1352
826,799,1351,1352
587,830,1353,1354
587,831,1354,1405
835,829,1355,1583
831,835,1355,1356
836,835,1356,1669
831,836,1356,1418
837,838,1357,1667
838,836,1357,1668
836,837,1357,1406
839,840,1358,1750
840,837,1358,1749
837,839,1358,1359
841,839,1359,1750
837,841,1359,1406
842,843,1360,1754
843,844,1360,1755
844,842,1360,1361
845,842,1361,1811
844,845,1361,1362
846,845,1362,1817
844,846,1362,1407
847,848,1363,1815
848,849,1363,1816
849,847,1363,1408
850,851,1364,1858
851,847,1364,1859
847,850,1364,1408
852,853,1365,1865
853,854,1365,1866
854,852,1365,1366
855,852,1366,1842
854,855,1366,1410
856,857,1367,1848
857,858,1367,1849
858,856,1367,1429
859,860,1368,1979
860,856,1368,1848
856,859,1368,1369
861,859,1369,1978
856,861,1369,1370
862,861,1370,1978
856,862,1370,1434
863,864,1371,1987
864,862,1371,1988
862,863,1371,1435
865,866,1372,1985
866,867,1372,1986
867,865,1372,1412
868,869,1373,2151
869,865,1373,1984
865,868,1373,1374
870,868,1374,2150
865,870,1374,1375
871,870,1375,2273
865,871,1375,1376
872,871,1376,2376
865,872,1376,1377
873,872,1377,2153
865,873,1377,1412
874,875,1378,2381
875,876,1378,2154
876,874,1378,1379
877,874,1379,2416
876,877,1379,1380
878,877,1380,2415
876,878,1380,1381
879,878,1381,2407
876,879,1381,1382
880,879,1382,2409
876,880,1382,1383
881,880,1383,2367
876,881,1383,1384
882,881,1384,2366
876,882,1384,1385
883,882,1385,2366
876,883,1385,1421
884,885,1386,2374
885,883,1386,2375
883,884,1386,1387
886,884,1387,2373
883,886,1387,1413
887,888,1388,2472
888,886,1388,2372
886,887,1388,1389
889,887,1389,2544
886,889,1389,1390
890,889,1390,2291
886,890,1390,1391
891,890,1391,2290
886,891,1391,1413
892,893,1392,2115
893,891,1392,2111
891,892,1392,1393
894,892,1393,2110
891,894,1393,1394
895,894,1394,2007
891,895,1394,1414
896,897,1395,2005
897,895,1395,2006
895,896,1395,1422
597,896,1396,2005
896,593,1396,1397
896,594,1397,1398
898,594,1398,1872
896,898,1398,1399
899,898,1399,1871
896,899,1399,1431
900,901,1400,1690
901,902,1400,1807
902,900,1400,1415
903,904,1401,1687
904,905,1401,1688
905,903,1401,1416
588,906,1402,1694
906,907,1402,1695
907,588,1402,1403
907,589,1403,1404
907,587,1404,1405
907,831,1405,1417
836,841,1406,1424
844,841,1407,1755
841,846,1407,1425
849,850,1408,1409
854,850,1409,1858
849,854,1409,1410
849,855,1410,1411
858,855,1411,1842
849,858,1411,1419
867,873,1412,1420
883,891,1413,1414
883,895,1414,1421
902,908,1415,1870
908,900,1415,1433
905,909,1416,1688
909,903,1416,1423
907,903,1417,1687
903,831,1417,1418
903,836,1418,1423
849,846,1419,1816
846,858,1419,1426
867,863,1420,1986
863,873,1420,1430
876,895,1421,1422
876,896,1422,1427
909,836,1423,1424
909,841,1424,1425
909,846,1425,1426
909,858,1426,1428
876,873,1427,2154
873,896,1427,1430
909,900,1428,1689
900,858,1428,1429
900,856,1429,1433
863,896,1430,1431
863,899,1431,1432
908,899,1432,1871
863,908,1432,1435
908,856,1433,1434
908,862,1434,1435
733,654,1436,1437
733,655,1437,1441
770,910,1438,1442
910,655,1438,1598
655,770,1438,1439
655,735,1439,1440
655,734,1440,1441
771,910,1442,1443
911,910,1443,1603
771,911,1443,1444
533,911,1444,1602
771,533,1444,1445
771,534,1445,1447
534,772,1446,1447
912,767,1448,1546
769,912,1448,1449
913,912,1449,1549
769,913,1449,1459
914,915,1450,1527
915,913,1450,1549
913,914,1450,1451
138,914,1451,1526
913,138,1451,1452
913,136,1452,1453
913,137,1453,1454
916,137,1454,1824
913,916,1454,1455
131,916,1455,1824
913,131,1455,1456
913,132,1456,1457
913,128,1457,1458
913,129,1458,1459
793,791,1460,1461
793,797,1461,1462
793,798,1462,1463
793,799,1463,1466
917,833,1464,1486
799,917,1464,1466
794,917,1465,1485
917,793,1465,1466
788,743,1467,1468
788,742,1468,1478
918,740,1469,1510
742,918,1469,1483
760,919,1470,1508
919,759,1470,1479
759,332,1471,1480
332,330,1472,1473
332,328,1473,1474
332,329,1474,1475
920,329,1475,1722
332,920,1475,1476
921,920,1476,1721
332,921,1476,1481
789,922,1477,1532
922,788,1477,1478
922,742,1478,1482
919,918,1479,1509
918,759,1479,1480
918,332,1480,1481
918,921,1481,1483
922,921,1482,1533
921,742,1482,1483
796,794,1484,1485
796,917,1485,1486
796,833,1486,1487
17,764,1488,1489
923,764,1489,1498
17,923,1489,1494
924,925,1490,1588
925,923,1490,1498
923,924,1490,1491
801,924,1491,1551
923,801,1491,1492
923,800,1492,1493
923,20,1493,1494
926,762,1495,-1
764,926,1495,1496
927,926,1496,1621
764,927,1496,1497
925,927,1497,1588
764,925,1497,1498
754,752,1499,1507
752,554,1500,1507
928,551,1501,1617
554,928,1501,1502
929,928,1502,1620
554,929,1502,1503
930,929,1503,1610
554,930,1503,1504
118,930,1504,1513
554,118,1504,1505
554,119,1505,1506
554,754,1506,1507
741,919,1508,1509
741,918,1509,1510
765,120,1511,1512
765,118,1512,1513
765,930,1513,1514
931,930,1514,1616
765,931,1514,1515
932,931,1515,1615
765,932,1515,1516
933,932,1516,1696
765,933,1516,1517
934,933,1517,1707
765,934,1517,1531
935,936,1518,1776
936,934,1518,1706
934,935,1518,1519
937,935,1519,1782
934,937,1519,1520
938,937,1520,2031
934,938,1520,1521
939,938,1521,2024
934,939,1521,1522
140,939,1522,1952
934,140,1522,1523
934,141,1523,1524
934,139,1524,1525
934,138,1525,1526
934,914,1526,1527
934,915,1527,1528
940,915,1528,1548
934,940,1528,1529
768,940,1529,1547
934,768,1529,1530
934,766,1530,1531
643,922,1532,1533
643,921,1533,1541
941,942,1534,1732
942,921,1534,1721
921,941,1534,1535
943,941,1535,1678
921,943,1535,1536
944,943,1536,1606
921,944,1536,1537
945,944,1537,1605
921,945,1537,1541
756,945,1538,1604
945,646,1538,1539
945,645,1539,1540
945,643,1540,1541
815,810,1542,1575
811,815,1542,1545
815,812,1543,1544
815,813,1544,1545
912,768,1546,1547
912,940,1547,1548
912,915,1548,1549
803,801,1550,1551
803,924,1551,1552
946,924,1552,1592
803,946,1552,1553
947,946,1553,1635
803,947,1553,1564
948,949,1554,1626
949,947,1554,1634
947,948,1554,1555
950,948,1555,1625
947,950,1555,1556
951,950,1556,1671
947,951,1556,1557
952,951,1557,1670
947,952,1557,1558
953,952,1558,1670
947,953,1558,1559
954,953,1559,1644
947,954,1559,1560
955,954,1560,1636
947,955,1560,1564
806,956,1561,1571
956,955,1561,1636
955,806,1561,1562
955,804,1562,1563
955,803,1563,1564
553,550,1565,1569
550,547,1566,1567
957,547,1567,1611
550,957,1567,1568
552,957,1568,1618
550,552,1568,1569
834,806,1570,1571
834,956,1571,1572
958,956,1572,1642
834,958,1572,1577
814,959,1573,1713
959,958,1573,1641
958,814,1573,1574
958,815,1574,1578
815,807,1575,1578
808,834,1576,1577
808,958,1577,1579
958,807,1578,1579
826,824,1580,1581
960,824,1581,1662
826,960,1581,1584
835,961,1582,1669
961,962,1582,1661
962,835,1582,1586
835,827,1583,1586
828,960,1584,1585
962,960,1585,1661
828,962,1585,1587
962,827,1586,1587
924,927,1588,1589
963,927,1589,1629
924,963,1589,1593
964,965,1590,1631
965,963,1590,1632
963,964,1590,1591
966,964,1591,1630
963,966,1591,1593
946,966,1592,1630
966,924,1592,1593
967,758,1594,1608
650,967,1594,1595
968,967,1595,1685
650,968,1595,1596
969,968,1596,1684
650,969,1596,1597
649,969,1597,1651
910,653,1598,1599
910,652,1599,1600
538,652,1600,1658
910,538,1600,1603
538,533,1601,1602
538,911,1602,1603
757,945,1604,1605
757,944,1605,1606
757,943,1606,1607
970,943,1607,1678
757,970,1607,1609
967,970,1608,1685
970,758,1608,1609
971,929,1610,1620
930,971,1610,1616
957,971,1611,1619
971,547,1611,1612
971,544,1612,1613
972,544,1613,1697
971,972,1613,1614
932,972,1614,1696
971,932,1614,1615
971,931,1615,1616
928,552,1617,1618
928,957,1618,1619
928,971,1619,1620
973,926,1621,-1
927,973,1621,1629
974,975,1622,1735
975,973,1622,1772
973,974,1622,1623
976,974,1623,1734
973,976,1623,1624
950,976,1624,1671
973,950,1624,1625
973,948,1625,1626
973,949,1626,1627
977,949,1627,1633
973,977,1627,1628
963,977,1628,1632
973,963,1628,1629
946,964,1630,1631
946,965,1631,1635
965,977,1632,1633
965,949,1633,1634
965,947,1634,1635
956,954,1636,1637
978,954,1637,1644
956,978,1637,1638
979,978,1638,1650
956,979,1638,1642
980,981,1639,1711
981,979,1639,1649
979,980,1639,1640
982,980,1640,1710
979,982,1640,1643
959,982,1641,1710
982,958,1641,1643
958,979,1642,1643
978,953,1644,1645
983,953,1645,1676
978,983,1645,1646
984,983,1646,1675
978,984,1646,1650
817,984,1647,1790
984,818,1647,1648
981,818,1648,1712
984,981,1648,1649
984,979,1649,1650
648,969,1651,1652
985,969,1652,1683
648,985,1652,1653
986,985,1653,1682
648,986,1653,1654
987,986,1654,1757
648,987,1654,1660
988,989,1655,1714
989,987,1655,1715
987,988,1655,1656
537,988,1656,1714
987,537,1656,1657
987,538,1657,1658
987,652,1658,1659
987,651,1659,1660
961,960,1661,1662
961,824,1662,1663
961,823,1663,1664
961,822,1664,1665
990,822,1665,1746
961,990,1665,1666
837,990,1666,1746
961,837,1666,1667
961,838,1667,1668
961,836,1668,1669
953,951,1670,1677
951,976,1671,1672
991,976,1672,1734
951,991,1672,1673
992,991,1673,1742
951,992,1673,1677
984,993,1674,1790
993,992,1674,1741
992,984,1674,1675
992,983,1675,1676
992,953,1676,1677
970,941,1678,1679
994,941,1679,1731
970,994,1679,1680
995,994,1680,1730
970,995,1680,1686
986,996,1681,1757
996,995,1681,1729
995,986,1681,1682
995,985,1682,1683
995,969,1683,1684
995,968,1684,1686
968,970,1685,1686
907,904,1687,1695
904,909,1688,1689
904,900,1689,1690
904,901,1690,1691
592,901,1691,1807
904,592,1691,1692
904,590,1692,1693
904,588,1693,1694
904,906,1694,1695
933,972,1696,1708
972,545,1697,1709
545,543,1698,1699
545,542,1699,1700
997,542,1700,1838
545,997,1700,1701
998,997,1701,1837
545,998,1701,1709
999,1000,1702,2020
1000,998,1702,1836
998,999,1702,1703
1001,999,1703,1997
998,1001,1703,1704
1002,1001,1704,1777
998,1002,1704,1705
936,1002,1705,1776
998,936,1705,1706
998,934,1706,1707
998,933,1707,1708
998,972,1708,1709
959,980,1710,1711
959,981,1711,1712
959,818,1712,1713
537,989,1714,1720
1003,987,1715,1765
989,1003,1715,1716
1004,1003,1716,1764
989,1004,1716,1717
1005,1004,1717,1829
989,1005,1717,1718
540,1005,1718,1829
989,540,1718,1719
989,539,1719,1720
942,920,1721,1722
942,329,1722,1723
942,327,1723,1724
1006,327,1724,1797
942,1006,1724,1725
1007,1006,1725,1796
942,1007,1725,1726
1008,1007,1726,1796
942,1008,1726,1733
1009,1010,1727,1803
1010,1008,1727,1804
1008,1009,1727,1733
996,1011,1728,1758
1011,1009,1728,1802
1009,996,1728,1729
1009,995,1729,1730
1009,994,1730,1731
1009,941,1731,1732
1009,942,1732,1733
991,974,1734,1735
991,975,1735,1736
1012,975,1736,1774
991,1012,1736,1743
1013,1014,1737,1773
1014,1012,1737,1774
1012,1013,1737,1744
1015,1016,1738,-1
1016,1013,1738,1773
1013,1015,1738,1739
1017,1015,1739,1890
1013,1017,1739,1745
1018,1019,1740,1792
1019,1017,1740,1890
1017,1018,1740,1745
993,1018,1741,1791
1018,992,1741,1742
1018,991,1742,1743
1018,1012,1743,1744
1018,1013,1744,1745
837,822,1746,1747
837,821,1747,1748
1020,821,1748,1783
837,1020,1748,1749
840,1020,1749,1751
841,840,1750,1751
841,1020,1751,1752
1021,1020,1752,1789
841,1021,1752,1753
1022,1021,1753,1850
841,1022,1753,1756
842,1022,1754,1811
1022,843,1754,1756
843,841,1755,1756
987,996,1757,1758
987,1011,1758,1759
1023,1011,1759,1802
987,1023,1759,1760
1024,1023,1760,1801
987,1024,1760,1766
1025,1026,1761,1914
1026,1024,1761,1915
1024,1025,1761,1766
1027,1028,1762,1906
1028,1025,1762,1914
1025,1027,1762,1763
1004,1027,1763,1830
1025,1004,1763,1764
1025,1003,1764,1765
1025,987,1765,1766
1029,817,1767,1794
819,1029,1767,1768
1030,1029,1768,1822
819,1030,1768,1771
1031,1032,1769,1784
1032,1030,1769,1874
1030,1031,1769,1771
820,1031,1770,1784
1031,819,1770,1771
1016,973,1772,-1
975,1016,1772,1775
1016,1014,1773,1775
1014,975,1774,1775
935,1002,1776,1777
935,1001,1777,1778
1033,1001,1778,1997
935,1033,1778,1779
1034,1033,1779,2004
935,1034,1779,1780
1035,1034,1780,2003
935,1035,1780,1781
1036,1035,1781,2032
935,1036,1781,1782
937,1036,1782,2031
1020,820,1783,1789
820,1032,1784,1785
1037,1032,1785,1877
820,1037,1785,1786
1038,1037,1786,1882
820,1038,1786,1787
1039,1038,1787,1881
820,1039,1787,1788
1021,1039,1788,1850
820,1021,1788,1789
817,993,1790,1791
817,1018,1791,1795
1040,1019,1792,1883
1018,1040,1792,1793
1041,1040,1793,1818
1018,1041,1793,1795
1029,1041,1794,1818
1041,817,1794,1795
1008,1006,1796,1804
1006,325,1797,1798
1006,326,1798,1805
326,322,1799,1800
1024,322,1800,1916
326,1024,1800,1801
326,1023,1801,1806
1023,1009,1802,1803
1023,1010,1803,1806
1010,1006,1804,1805
1010,326,1805,1806
592,902,1807,1808
1042,902,1808,1870
592,1042,1808,1809
594,1042,1809,1873
592,594,1809,1810
845,1022,1811,1812
1043,1022,1812,1856
845,1043,1812,1813
1044,1043,1813,1855
845,1044,1813,1814
847,1044,1814,1859
845,847,1814,1815
845,848,1815,1817
848,846,1816,1817
1029,1040,1818,1819
1045,1040,1819,1889
1029,1045,1819,1823
1046,1047,1820,1897
1047,1045,1820,1898
1045,1046,1820,1821
1048,1046,1821,1875
1045,1048,1821,1823
1030,1048,1822,1874
1048,1029,1822,1823
131,137,1824,1825
131,133,1825,1826
131,134,1826,1827
131,135,1827,1828
540,1004,1829,1830
540,1027,1830,1831
1049,1027,1831,1913
540,1049,1831,1832
1050,1049,1832,1913
540,1050,1832,1833
1051,1050,1833,2046
540,1051,1833,1834
1052,1051,1834,2061
540,1052,1834,1840
1000,1053,1835,2020
1053,1054,1835,2018
1054,1000,1835,1836
1054,998,1836,1837
1054,997,1837,1838
1054,542,1838,1839
1054,541,1839,1841
541,1052,1840,1841
1054,1052,1841,2012
858,852,1842,1843
1055,852,1843,1864
858,1055,1843,1844
1056,1055,1844,1863
858,1056,1844,1845
1057,1056,1845,1951
858,1057,1845,1846
1058,1057,1846,1961
858,1058,1846,1847
860,1058,1847,1979
858,860,1847,1849
860,857,1848,1849
1022,1039,1850,1851
1059,1039,1851,1880
1022,1059,1851,1852
1060,1059,1852,1972
1022,1060,1852,1856
1061,1062,1853,1968
1062,1060,1853,1991
1060,1061,1853,1857
1044,1063,1854,1860
1063,1061,1854,1967
1061,1044,1854,1855
1061,1043,1855,1857
1043,1060,1856,1857
854,851,1858,1866
851,1044,1859,1860
851,1063,1860,1867
1064,1065,1861,1947
1065,1063,1861,1967
1063,1064,1861,1868
1066,1067,1862,1946
1067,1064,1862,1947
1064,1066,1862,1869
1056,1066,1863,1946
1066,1055,1863,1864
1066,852,1864,1865
1066,853,1865,1869
853,851,1866,1867
853,1063,1867,1868
853,1064,1868,1869
1042,908,1870,1873
908,898,1871,1872
908,594,1872,1873
1032,1048,1874,1875
1032,1046,1875,1876
1068,1046,1876,1897
1032,1068,1876,1877
1037,1068,1877,1878
1069,1068,1878,1903
1037,1069,1878,1879
1070,1069,1879,1922
1037,1070,1879,1882
1059,1070,1880,1972
1070,1039,1880,1881
1070,1038,1881,1882
1071,1019,1883,1896
1040,1071,1883,1884
1072,1071,1884,1895
1040,1072,1884,1885
1073,1072,1885,1894
1040,1073,1885,1886
1074,1073,1886,2055
1040,1074,1886,1887
1075,1074,1887,2086
1040,1075,1887,1888
1076,1075,1888,1899
1040,1076,1888,1889
1045,1076,1889,1898
1019,1015,1890,1891
1077,1015,1891,-1
1019,1077,1891,1892
1078,1077,1892,2092
1019,1078,1892,1893
1079,1078,1893,2056
1019,1079,1893,1896
1073,1079,1894,2055
1079,1072,1894,1895
1079,1071,1895,1896
1068,1047,1897,1904
1047,1076,1898,1899
1047,1075,1899,1900
1080,1075,1900,2091
1047,1080,1900,1905
1081,1082,1901,1920
1082,1080,1901,2090
1080,1081,1901,1902
1083,1081,1902,1919
1080,1083,1902,1905
1069,1083,1903,1919
1083,1068,1903,1904
1083,1047,1904,1905
1084,1028,1906,1918
1027,1084,1906,1907
323,1084,1907,1918
1027,323,1907,1908
1027,321,1908,1909
1027,319,1909,1910
1085,319,1910,2096
1027,1085,1910,1911
1086,1085,1911,2098
1027,1086,1911,1912
1050,1086,1912,2040
1027,1050,1912,1913
1028,1026,1914,1915
1028,1024,1915,1916
1028,322,1916,1917
1028,323,1917,1918
1069,1081,1919,1920
1069,1082,1920,1921
1087,1082,1921,2099
1069,1087,1921,1922
1070,1087,1922,1973
215,191,1923,1929
1088,188,1924,2084
191,1088,1924,1925
1089,1088,1925,2357
191,1089,1925,1926
1090,1089,1926,2357
191,1090,1926,1927
194,1090,1927,2356
191,194,1927,1928
191,195,1928,1929
692,690,1930,1945
690,688,1931,1945
1091,611,1932,2139
688,1091,1932,1933
1092,1091,1933,2138
688,1092,1933,1934
1093,1092,1934,2137
688,1093,1934,1935
1094,1093,1935,2231
688,1094,1935,1936
1095,1094,1936,2230
688,1095,1936,1937
1096,1095,1937,2230
688,1096,1937,1938
1097,1096,1938,2229
688,1097,1938,1939
776,1097,1939,2228
688,776,1939,1940
688,775,1940,1941
688,774,1941,1942
688,773,1942,1943
688,693,1943,1944
688,692,1944,1945
1056,1067,1946,1951
1067,1065,1947,1948
1098,1065,1948,1971
1067,1098,1948,1949
1099,1098,1949,2047
1067,1099,1949,1950
1057,1099,1950,1961
1067,1057,1950,1951
142,939,1952,1953
1100,939,1953,2024
142,1100,1953,1954
1101,1100,1954,2030
142,1101,1954,1959
147,212,1955,1956
147,144,1956,1957
147,145,1957,1958
147,143,1958,1960
143,1101,1959,1960
147,1101,1960,2029
1058,1099,1961,1962
1102,1099,1962,2054
1058,1102,1962,1963
1103,1102,1963,2069
1058,1103,1963,1964
1104,1103,1964,2069
1058,1104,1964,1965
1105,1104,1965,2075
1058,1105,1965,1966
1106,1105,1966,2074
1058,1106,1966,1980
1065,1061,1967,1968
1065,1062,1968,1969
1107,1062,1969,1996
1065,1107,1969,1970
1108,1107,1970,1996
1065,1108,1970,1971
1098,1108,1971,2047
1060,1070,1972,1973
1060,1087,1973,1974
1109,1087,1974,2107
1060,1109,1974,1977
1110,1111,1975,2076
1111,1109,1975,2106
1109,1110,1975,1976
1112,1110,1976,1992
1109,1112,1976,1977
1060,1112,1977,1991
862,859,1978,1989
859,1058,1979,1980
859,1106,1980,1981
1113,1106,1981,2073
859,1113,1981,1982
1114,1113,1982,2141
859,1114,1982,1983
1115,1114,1983,2148
859,1115,1983,1990
869,1115,1984,2152
1115,865,1984,1985
1115,866,1985,1990
866,863,1986,1987
866,864,1987,1988
866,862,1988,1989
866,859,1989,1990
1062,1112,1991,1992
1062,1110,1992,1993
1116,1110,1993,2076
1062,1116,1993,1994
1117,1116,1994,2081
1062,1117,1994,1995
1108,1117,1995,2048
1062,1108,1995,1996
1033,999,1997,1998
1118,999,1998,2023
1033,1118,1998,1999
1119,1118,1999,2023
1033,1119,1999,2000
1120,1119,2000,2169
1033,1120,2000,2004
1121,1122,2001,2033
1122,1120,2001,2187
1120,1121,2001,2002
1035,1121,2002,2032
1120,1035,2002,2003
1120,1034,2003,2004
597,897,2005,2006
597,895,2006,2011
1123,894,2007,2109
895,1123,2007,2008
599,1123,2008,2108
895,599,2008,2009
895,595,2009,2010
895,596,2010,2011
1124,1052,2012,2061
1054,1124,2012,2019
1125,1126,2013,2255
1126,1124,2013,2067
1124,1125,2013,2014
1127,1125,2014,2254
1124,1127,2014,2019
1128,1129,2015,2189
1129,1127,2015,2171
1127,1128,2015,2016
1130,1128,2016,2170
1127,1130,2016,2017
1053,1130,2017,2021
1127,1053,2017,2018
1127,1054,2018,2019
999,1053,2020,2021
999,1130,2021,2022
1119,1130,2022,2169
999,1119,2022,2023
1100,938,2024,2025
1131,938,2025,2039
1100,1131,2025,2030
149,1132,2026,2037
1132,1131,2026,2038
1131,149,2026,2027
1131,146,2027,2028
1131,147,2028,2029
1131,1101,2029,2030
938,1036,2031,2039
1036,1121,2032,2033
1036,1122,2033,2034
1133,1122,2034,2186
1036,1133,2034,2035
150,1133,2035,2185
1036,150,2035,2036
1036,149,2036,2037
1036,1132,2037,2038
1036,1131,2038,2039
1134,1086,2040,2098
1050,1134,2040,2046
320,1134,2041,2097
1134,318,2041,2042
1134,317,2042,2043
1135,317,2043,2310
1134,1135,2043,2044
1136,1135,2044,2063
1134,1136,2044,2045
1051,1136,2045,2062
1134,1051,2045,2046
1099,1108,2047,2048
1099,1117,2048,2049
1137,1117,2049,2081
1099,1137,2049,2050
1138,1137,2050,2165
1099,1138,2050,2054
1139,1140,2051,2142
1140,1138,2051,2143
1138,1139,2051,2052
1141,1139,2052,2071
1138,1141,2052,2053
1102,1141,2053,2070
1138,1102,2053,2054
1074,1079,2055,2060
1142,1078,2056,2095
1079,1142,2056,2057
1143,1142,2057,2094
1079,1143,2057,2058
1144,1143,2058,2160
1079,1144,2058,2059
1145,1144,2059,2199
1079,1145,2059,2060
1074,1145,2060,2086
1124,1051,2061,2062
1124,1136,2062,2068
1146,1135,2063,2333
1136,1146,2063,2064
1147,1146,2064,2332
1136,1147,2064,2065
1148,1147,2065,2331
1136,1148,2065,2066
1149,1148,2066,2250
1136,1149,2066,2068
1126,1149,2067,2250
1149,1124,2067,2068
1104,1102,2069,2070
1104,1141,2070,2071
1104,1139,2071,2072
1150,1139,2072,2142
1104,1150,2072,2075
1113,1150,2073,2141
1150,1106,2073,2074
1150,1105,2074,2075
1116,1111,2076,2077
1151,1111,2077,2105
1116,1151,2077,2078
1152,1151,2078,2195
1116,1152,2078,2079
1153,1152,2079,2217
1116,1153,2079,2080
1137,1153,2080,2165
1116,1137,2080,2081
190,187,2082,2083
1088,187,2083,2345
190,1088,2083,2085
1088,189,2084,2085
1075,1145,2086,2087
1154,1145,2087,2199
1075,1154,2087,2088
1155,1154,2088,2206
1075,1155,2088,2091
1082,1156,2089,2099
1156,1155,2089,2155
1155,1082,2089,2090
1155,1080,2090,2091
1157,1077,2092,-1
1078,1157,2092,2093
1158,1157,2093,2282
1078,1158,2093,2095
1143,1158,2094,2160
1158,1142,2094,2095
1085,320,2096,2097
1085,1134,2097,2098
1087,1156,2099,2100
1159,1156,2100,2159
1087,1159,2100,2101
1160,1159,2101,2209
1087,1160,2101,2102
1161,1160,2102,2210
1087,1161,2102,2103
1162,1161,2103,2263
1087,1162,2103,2104
1163,1162,2104,2196
1087,1163,2104,2107
1151,1163,2105,2195
1163,1111,2105,2106
1163,1109,2106,2107
598,1123,2108,2109
598,894,2109,2110
598,892,2110,2114
1164,891,2111,2289
893,1164,2111,2115
600,1165,2112,2264
1165,1164,2112,2289
1164,600,2112,2113
1164,598,2113,2114
1164,892,2114,2115
612,610,2116,2117
612,608,2117,2118
612,607,2118,2119
612,605,2119,2140
1166,606,2120,2540
605,1166,2120,2121
1167,1166,2121,2609
605,1167,2121,2122
1168,1167,2122,2613
605,1168,2122,2123
1169,1168,2123,2612
605,1169,2123,2124
1170,1169,2124,2536
605,1170,2124,2125
1171,1170,2125,2535
605,1171,2125,2126
1172,1171,2126,2861
605,1172,2126,2127
1173,1172,2127,2891
605,1173,2127,2128
1174,1173,2128,2589
605,1174,2128,2129
1175,1174,2129,2588
605,1175,2129,2130
1176,1175,2130,2587
605,1176,2130,2131
1177,1176,2131,2587
605,1177,2131,2132
1178,1177,2132,2586
605,1178,2132,2133
1179,1178,2133,2585
605,1179,2133,2134
1180,1179,2134,2585
605,1180,2134,2135
1181,1180,2135,2584
605,1181,2135,2136
1093,1181,2136,2584
605,1093,2136,2137
605,1092,2137,2138
605,1091,2138,2139
605,611,2139,2140
1114,1150,2141,2147
1150,1140,2142,2147
1182,1138,2143,2168
1140,1182,2143,2144
1183,1182,2144,2278
1140,1183,2144,2145
1184,1183,2145,2211
1140,1184,2145,2146
1114,1184,2146,2148
1140,1114,2146,2147
1115,1184,2148,2149
1185,1184,2149,2211
1115,1185,2149,2152
870,1185,2150,2271
1185,868,2150,2151
1185,869,2151,2152
875,872,2153,2376
873,875,2153,2154
1186,1155,2155,2205
1156,1186,2155,2156
1187,1186,2156,2274
1156,1187,2156,2157
1188,1187,2157,2277
1156,1188,2157,2158
1189,1188,2158,2257
1156,1189,2158,2159
1159,1189,2159,2209
1144,1158,2160,2161
1190,1158,2161,2282
1144,1190,2161,2164
1191,1192,2162,2201
1192,1190,2162,2287
1190,1191,2162,2163
1193,1191,2163,2208
1190,1193,2163,2164
1144,1193,2164,2200
1138,1153,2165,2166
1194,1153,2166,2225
1138,1194,2166,2167
1195,1194,2167,2224
1138,1195,2167,2168
1182,1195,2168,2278
1120,1130,2169,2170
1120,1128,2170,2188
1196,1127,2171,2254
1129,1196,2171,2172
1197,1196,2172,2253
1129,1197,2172,2190
1198,1199,2173,2342
1199,1197,2173,2253
1197,1198,2173,2174
1200,1198,2174,2329
1197,1200,2174,2175
1201,1200,2175,2328
1197,1201,2175,2191
1202,1203,2176,2327
1203,1201,2176,2328
1201,1202,2176,2192
1204,1205,2177,2326
1205,1202,2177,2327
1202,1204,2177,2178
155,1204,2178,2325
1202,155,2178,2179
1202,153,2179,2180
1206,153,2180,2644
1202,1206,2180,2181
1207,1206,2181,2643
1202,1207,2181,2192
1208,1209,2182,2647
1209,1207,2182,2643
1207,1208,2182,2193
152,1210,2183,2642
1210,151,2183,2184
1210,150,2184,2185
1210,1133,2185,2186
1210,1122,2186,2187
1210,1120,2187,2188
1210,1128,2188,2189
1210,1129,2189,2190
1210,1197,2190,2191
1210,1201,2191,2194
1201,1207,2192,2193
1201,1208,2193,2194
1210,1208,2194,2642
1152,1163,2195,2196
1152,1162,2196,2197
1211,1162,2197,2263
1152,1211,2197,2198
1212,1211,2198,2296
1152,1212,2198,2217
1154,1144,2199,2200
1154,1193,2200,2207
1213,1192,2201,2286
1191,1213,2201,2202
1214,1213,2202,2430
1191,1214,2202,2203
1215,1214,2203,2399
1191,1215,2203,2204
1216,1215,2204,2275
1191,1216,2204,2208
1186,1216,2205,2274
1216,1155,2205,2206
1216,1154,2206,2207
1216,1193,2207,2208
1160,1189,2209,2210
1161,1189,2210,2257
1185,1183,2211,2216
1217,1218,2212,2390
1218,1183,2212,2281
1183,1217,2212,2213
1219,1217,2213,2417
1183,1219,2213,2214
1220,1219,2214,2378
1183,1220,2214,2215
1221,1220,2215,2272
1183,1221,2215,2216
1185,1221,2216,2271
1153,1212,2217,2218
1222,1212,2218,2304
1153,1222,2218,2226
1223,1224,2219,2303
1224,1222,2219,2304
1222,1223,2219,2220
1225,1223,2220,2492
1222,1225,2220,2227
1226,1227,2221,2498
1227,1225,2221,2496
1225,1226,2221,2222
1228,1226,2222,2383
1225,1228,2222,2227
1195,1229,2223,2279
1229,1228,2223,2382
1228,1195,2223,2224
1228,1194,2224,2225
1228,1153,2225,2226
1228,1222,2226,2227
777,1097,2228,2229
777,1096,2229,2245
1096,1094,2230,2246
1230,1093,2231,2606
1094,1230,2231,2232
1231,1230,2232,2605
1094,1231,2232,2233
1232,1231,2233,2605
1094,1232,2233,2234
1233,1232,2234,3265
1094,1233,2234,2235
1234,1233,2235,3269
1094,1234,2235,2246
1235,1236,2236,3267
1236,1234,2236,3268
1234,1235,2236,2237
1237,1235,2237,3262
1234,1237,2237,2247
786,1237,2238,3262
1237,787,2238,2239
1237,782,2239,2240
1237,783,2240,2248
783,781,2241,2242
783,778,2242,2243
783,779,2243,2249
779,777,2244,2245
779,1096,2245,2249
1096,1234,2246,2247
1096,1237,2247,2248
1096,783,2248,2249
1126,1148,2250,2251
1238,1148,2251,2330
1126,1238,2251,2252
1199,1238,2252,2330
1126,1199,2252,2255
1199,1196,2253,2256
1196,1125,2254,2256
1125,1199,2255,2256
1161,1188,2257,2258
1239,1188,2258,2277
1161,1239,2258,2259
1240,1239,2259,2398
1161,1240,2259,2260
1241,1240,2260,2405
1161,1241,2260,2261
1242,1241,2261,2391
1161,1242,2261,2262
1211,1242,2262,2296
1161,1211,2262,2263
601,1165,2264,2265
1243,1165,2265,2294
601,1243,2265,2266
1244,1243,2266,2293
601,1244,2266,2270
606,1244,2267,2541
1244,604,2267,2268
1244,602,2268,2269
1244,603,2269,2270
870,1221,2271,2272
870,1220,2272,2273
871,1220,2273,2377
1187,1216,2274,2275
1187,1215,2275,2276
1239,1215,2276,2398
1187,1239,2276,2277
1183,1195,2278,2279
1183,1229,2279,2280
1245,1229,2280,2382
1183,1245,2280,2281
1218,1245,2281,2390
1190,1157,2282,2283
1246,1157,2283,-1
1190,1246,2283,2288
1247,1248,2284,2463
1248,1246,2284,2464
1246,1247,2284,2288
1213,1249,2285,2430
1249,1247,2285,2463
1247,1213,2285,2286
1247,1192,2286,2287
1247,1190,2287,2288
1165,891,2289,2290
1165,890,2290,2291
1165,889,2291,2295
1250,1251,2292,2543
1251,889,2292,2544
889,1250,2292,2295
1244,1250,2293,2542
1250,1243,2293,2294
1250,1165,2294,2295
1212,1242,2296,2297
1252,1242,2297,2397
1212,1252,2297,2298
1253,1252,2298,2397
1212,1253,2298,2305
1254,1255,2299,2682
1255,1256,2299,2683
1256,1254,2299,2300
1257,1254,2300,2499
1256,1257,2300,2307
1258,1259,2301,2494
1259,1257,2301,2495
1257,1258,2301,2307
1223,1260,2302,2492
1260,1261,2302,2493
1261,1223,2302,2303
1261,1224,2303,2309
1224,1212,2304,2305
1224,1253,2305,2306
1256,1253,2306,2567
1224,1256,2306,2309
1256,1258,2307,2308
1261,1258,2308,2493
1256,1261,2308,2309
1135,316,2310,2333
1262,312,2311,2810
314,1262,2311,2312
1263,1262,2312,2815
314,1263,2312,2313
1264,1263,2313,2963
314,1264,2313,2314
1265,1264,2314,2962
314,1265,2314,2344
1266,1267,2315,2960
1267,1265,2315,2961
1265,1266,2315,2316
1268,1266,2316,2959
1265,1268,2316,2340
1269,1270,2317,3116
1270,1271,2317,2957
1271,1269,2317,2318
1272,1269,2318,3115
1271,1272,2318,2319
1273,1272,2319,3208
1271,1273,2319,2320
1274,1273,2320,3207
1271,1274,2320,2321
160,1274,2321,-1
1271,160,2321,2322
1271,159,2322,2334
159,157,2323,2335
157,155,2324,2325
157,1204,2325,2326
157,1205,2326,2336
1205,1203,2327,2337
1203,1200,2328,2329
1203,1198,2329,2337
1199,1148,2330,2331
1199,1147,2331,2332
1199,1146,2332,2338
1146,316,2333,2338
1271,1268,2334,2958
1268,159,2334,2335
1268,157,2335,2336
1268,1205,2336,2340
1205,1198,2337,2341
1199,316,2338,2339
1199,315,2339,2342
1265,1205,2340,2341
1265,1198,2341,2344
1198,315,2342,2343
1198,314,2343,2344
1088,186,2345,2365
185,183,2346,2347
1275,183,2347,2438
185,1275,2347,2358
1276,1277,2348,2449
1277,1275,2348,2438
1275,1276,2348,2349
1278,1276,2349,2448
1275,1278,2349,2350
1279,1278,2350,2437
1275,1279,2350,2358
1280,1281,2351,2445
1281,1282,2351,2446
1282,1280,2351,2352
1283,1280,2352,2761
1282,1283,2352,2353
1284,1283,2353,2687
1282,1284,2353,2354
1285,1284,2354,2512
1282,1285,2354,2360
193,1285,2355,2511
1285,194,2355,2356
1285,1090,2356,2361
1090,1088,2357,2362
185,1279,2358,2359
1286,1279,2359,2436
185,1286,2359,2363
1282,1287,2360,2446
1287,1285,2360,2361
1287,1090,2361,2362
1287,1088,2362,2364
186,1286,2363,2365
1287,1286,2364,2436
1286,1088,2364,2365
883,881,2366,2375
1288,880,2367,2409
881,1288,2367,2368
1289,1288,2368,2408
881,1289,2368,2369
1290,1289,2369,2478
881,1290,2369,2370
1291,1290,2370,2469
881,1291,2370,2371
888,1291,2371,2469
881,888,2371,2372
881,886,2372,2373
881,884,2373,2374
881,885,2374,2375
875,871,2376,2377
875,1220,2377,2378
875,1219,2378,2379
1292,1219,2379,2417
875,1292,2379,2380
1293,1292,2380,2423
875,1293,2380,2381
874,1293,2381,2411
1245,1228,2382,2383
1245,1226,2383,2384
1294,1226,2384,2504
1245,1294,2384,2385
1295,1294,2385,2506
1245,1295,2385,2386
1296,1295,2386,2481
1245,1296,2386,2387
1297,1296,2387,2480
1245,1297,2387,2388
1298,1297,2388,2480
1245,1298,2388,2389
1217,1298,2389,2418
1245,1217,2389,2390
1299,1241,2391,2404
1242,1299,2391,2392
1300,1299,2392,2429
1242,1300,2392,2393
1301,1300,2393,2460
1242,1301,2393,2394
1302,1301,2394,2459
1242,1302,2394,2395
1303,1302,2395,2458
1242,1303,2395,2396
1253,1303,2396,2563
1242,1253,2396,2397
1240,1215,2398,2399
1240,1214,2399,2406
1304,1305,2400,2622
1305,1214,2400,2435
1214,1304,2400,2401
1306,1304,2401,2454
1214,1306,2401,2402
1307,1306,2402,2424
1214,1307,2402,2406
1299,1308,2403,2429
1308,1307,2403,2424
1307,1299,2403,2404
1307,1241,2404,2405
1307,1240,2405,2406
1309,878,2407,2414
879,1309,2407,2410
1289,1309,2408,2473
1309,1288,2408,2410
1288,879,2409,2410
1310,1293,2411,2423
874,1310,2411,2412
1311,1310,2412,2490
874,1311,2412,2413
1312,1311,2413,2489
874,1312,2413,2416
1309,1312,2414,2473
1312,878,2414,2415
1312,877,2415,2416
1292,1217,2417,2418
1292,1298,2418,2419
1313,1298,2419,2484
1292,1313,2419,2420
1314,1313,2420,2569
1292,1314,2420,2421
1315,1314,2421,2485
1292,1315,2421,2422
1310,1315,2422,2485
1292,1310,2422,2423
1308,1306,2424,2425
1316,1306,2425,2454
1308,1316,2425,2426
1317,1316,2426,2462
1308,1317,2426,2427
1318,1317,2427,2453
1308,1318,2427,2428
1300,1318,2428,2453
1308,1300,2428,2429
1214,1249,2430,2431
1319,1249,2431,2468
1214,1319,2431,2435
1320,1321,2432,2583
1321,1319,2432,2467
1319,1320,2432,2433
1322,1320,2433,2650
1319,1322,2433,2434
1305,1322,2434,2622
1319,1305,2434,2435
1287,1279,2436,2437
1287,1278,2437,2447
1277,183,2438,2439
1277,182,2439,2440
1277,181,2440,2441
1323,181,2441,2870
1277,1323,2441,2449
1324,1325,2442,2764
1325,1323,2442,2879
1323,1324,2442,2443
1326,1324,2443,2764
1323,1326,2443,2444
1327,1326,2444,2763
1323,1327,2444,2450
1280,1328,2445,2761
1328,1281,2445,2452
1281,1287,2446,2447
1281,1278,2447,2448
1281,1276,2448,2452
1276,1323,2449,2450
1276,1327,2450,2451
1328,1327,2451,2762
1276,1328,2451,2452
1300,1317,2453,2461
1316,1304,2454,2455
1329,1304,2455,2627
1316,1329,2455,2462
1330,1331,2456,2564
1331,1329,2456,2627
1329,1330,2456,2457
1303,1330,2457,2563
1329,1303,2457,2458
1329,1302,2458,2459
1329,1301,2459,2460
1329,1300,2460,2461
1329,1317,2461,2462
1249,1248,2463,2468
1332,1246,2464,-1
1248,1332,2464,2465
1333,1332,2465,2662
1248,1333,2465,2466
1321,1333,2466,2578
1248,1321,2466,2467
1248,1319,2467,2468
888,1290,2469,2470
1334,1290,2470,2477
888,1334,2470,2472
887,1335,2471,2545
1335,1334,2471,2555
1334,887,2471,2472
1289,1312,2473,2479
1336,1337,2474,2615
1337,1312,2474,2488
1312,1336,2474,2475
1338,1336,2475,2516
1312,1338,2475,2476
1339,1338,2476,2516
1312,1339,2476,2479
1334,1339,2477,2546
1339,1290,2477,2478
1339,1289,2478,2479
1298,1296,2480,2481
1298,1295,2481,2484
1340,1341,2482,2570
1341,1295,2482,2510
1295,1340,2482,2483
1313,1340,2483,2569
1295,1313,2483,2484
1310,1314,2485,2486
1342,1314,2486,2575
1310,1342,2486,2490
1337,1343,2487,2616
1343,1344,2487,2617
1344,1337,2487,2488
1344,1312,2488,2489
1344,1311,2489,2491
1311,1342,2490,2491
1344,1342,2491,2641
1225,1260,2492,2497
1260,1258,2493,2494
1260,1259,2494,2497
1227,1257,2495,2498
1259,1227,2495,2496
1259,1225,2496,2497
1226,1257,2498,2504
1345,1254,2499,2772
1257,1345,2499,2500
1346,1345,2500,2721
1257,1346,2500,2501
1347,1346,2501,2720
1257,1347,2501,2502
1348,1347,2502,2693
1257,1348,2502,2505
1294,1349,2503,2506
1349,1348,2503,2692
1348,1294,2503,2505
1294,1257,2504,2505
1295,1349,2506,2507
1350,1349,2507,2692
1295,1350,2507,2508
1351,1350,2508,2699
1295,1351,2508,2509
1352,1351,2509,2698
1295,1352,2509,2510
1341,1352,2510,2571
196,1285,2511,2514
1353,1284,2512,2687
1285,1353,2512,2514
199,196,2513,2515
196,1353,2514,2515
199,1353,2515,2691
1339,1336,2516,2517
1354,1336,2517,2615
1339,1354,2517,2518
1355,1354,2518,2621
1339,1355,2518,2546
1356,1357,2519,2677
1357,1358,2519,2678
1358,1356,2519,2520
1359,1356,2520,2716
1358,1359,2520,2548
1360,1361,2521,2718
1361,1359,2521,2719
1359,1360,2521,2557
1362,1363,2522,2675
1363,1364,2522,2676
1364,1362,2522,2558
1365,1366,2523,2619
1366,1362,2523,2674
1362,1365,2523,2524
1367,1365,2524,2618
1362,1367,2524,2549
1368,1369,2525,2639
1369,1367,2525,2640
1367,1368,2525,2526
1370,1368,2526,2743
1367,1370,2526,2527
1371,1370,2527,2748
1367,1371,2527,2549
1372,1373,2528,2747
1373,1371,2528,2748
1371,1372,2528,2550
1374,1375,2529,2825
1375,1372,2529,2746
1372,1374,2529,2551
1376,1377,2530,2893
1377,1374,2530,2824
1374,1376,2530,2531
1378,1376,2531,2892
1374,1378,2531,2532
1379,1378,2532,2863
1374,1379,2532,2551
1380,1381,2533,2867
1381,1379,2533,2868
1379,1380,2533,2534
1382,1380,2534,2851
1379,1382,2534,2552
1171,1382,2535,2851
1382,1170,2535,2536
1382,1169,2536,2537
1383,1169,2537,2612
1382,1383,2537,2538
1384,1383,2538,2611
1382,1384,2538,2539
1385,1384,2539,2611
1382,1385,2539,2559
1166,1386,2540,2609
1386,606,2540,2541
1386,1244,2541,2542
1386,1250,2542,2543
1386,1251,2543,2553
1251,887,2544,2545
1251,1335,2545,2554
1334,1355,2546,2547
1358,1355,2547,2673
1334,1358,2547,2548
1334,1359,2548,2556
1362,1371,2549,2550
1362,1372,2550,2558
1372,1379,2551,2552
1372,1382,2552,2562
1386,1385,2553,2610
1385,1251,2553,2554
1385,1335,2554,2555
1385,1334,2555,2556
1385,1359,2556,2557
1385,1360,2557,2559
1364,1372,2558,2561
1382,1360,2559,2560
1387,1360,2560,2717
1382,1387,2560,2562
1364,1387,2561,2717
1387,1372,2561,2562
1253,1330,2563,2568
1388,1331,2564,2626
1330,1388,2564,2565
1389,1388,2565,2679
1330,1389,2565,2568
1256,1390,2566,2684
1390,1389,2566,2685
1389,1256,2566,2567
1389,1253,2567,2568
1314,1340,2569,2570
1314,1341,2570,2571
1314,1352,2571,2572
1391,1352,2572,2697
1314,1391,2572,2576
1392,1393,2573,2701
1393,1391,2573,2707
1391,1392,2573,2577
1394,1395,2574,2635
1395,1392,2574,2701
1392,1394,2574,2577
1342,1394,2575,2635
1394,1314,2575,2576
1394,1391,2576,2577
1396,1333,2578,2663
1321,1396,2578,2579
1397,1396,2579,2648
1321,1397,2579,2583
1398,1399,2580,2649
1399,1397,2580,2648
1397,1398,2580,2581
1400,1398,2581,2649
1397,1400,2581,2582
1320,1400,2582,2650
1397,1320,2582,2583
1093,1180,2584,2606
1180,1178,2585,2586
1180,1177,2586,2607
1177,1175,2587,2588
1177,1174,2588,2589
1177,1173,2589,2590
1401,1173,2590,2891
1177,1401,2590,2591
1402,1401,2591,2890
1177,1402,2591,2592
1403,1402,2592,2858
1177,1403,2592,2593
1404,1403,2593,3083
1177,1404,2593,2594
1405,1404,2594,3083
1177,1405,2594,2595
1406,1405,2595,3082
1177,1406,2595,2596
1407,1406,2596,3137
1177,1407,2596,2597
1408,1407,2597,3136
1177,1408,2597,2598
1409,1408,2598,3202
1177,1409,2598,2599
1410,1409,2599,3241
1177,1410,2599,2600
1411,1410,2600,3247
1177,1411,2600,2601
1412,1411,2601,3246
1177,1412,2601,2602
1413,1412,2602,3246
1177,1413,2602,2603
1414,1413,2603,3245
1177,1414,2603,2604
1232,1414,2604,3244
1177,1232,2604,2608
1232,1230,2605,2608
1230,1180,2606,2607
1230,1177,2607,2608
1167,1386,2609,2610
1167,1385,2610,2614
1385,1383,2611,2614
1383,1168,2612,2613
1383,1167,2613,2614
1354,1337,2615,2616
1354,1343,2616,2621
1367,1344,2617,2641
1343,1367,2617,2618
1343,1365,2618,2619
1343,1366,2619,2620
1355,1366,2620,2673
1343,1355,2620,2621
1304,1322,2622,2623
1415,1322,2623,2651
1304,1415,2623,2624
1416,1415,2624,2652
1304,1416,2624,2625
1388,1416,2625,2679
1304,1388,2625,2626
1304,1331,2626,2627
213,167,2628,2629
213,168,2629,2630
1417,168,2630,2942
213,1417,2630,2634
170,1417,2631,2948
1417,171,2631,2634
171,219,2632,2633
171,213,2633,2634
1342,1395,2635,2636
1418,1395,2636,2706
1342,1418,2636,2637
1419,1418,2637,2751
1342,1419,2637,2638
1368,1419,2638,2743
1342,1368,2638,2639
1342,1369,2639,2640
1342,1367,2640,2641
152,1208,2642,2646
1209,1206,2643,2644
1209,153,2644,2645
1209,154,2645,2647
154,1208,2646,2647
1396,1399,2648,2664
1399,1400,2649,2665
1400,1322,2650,2651
1400,1415,2651,2652
1400,1416,2652,2671
1420,1421,2653,2779
1421,1422,2653,2782
1422,1420,2653,2654
1423,1420,2654,2655,323
1422,1423,2654,2666
1424,1420,2655,3283
1423,1424,2655,2656
1425,1424,2656,3283
1423,1425,2656,2667
1426,1427,2657,3285,323
1427,1425,2657,3282
1425,1426,2657,2658
1428,1426,2658,3284
1425,1428,2658,2659
1429,1428,2659,2804
1425,1429,2659,2668
1430,1431,2660,2801
1431,1432,2660,2802
1432,1430,2660,2661
1332,1430,2661,-1
1432,1332,2661,2662
1432,1333,2662,2663
1432,1396,2663,2664
1432,1399,2664,2665
1432,1400,2665,2670
1422,1433,2666,2681
1433,1423,2666,2667
1433,1425,2667,2668
1433,1429,2668,2669
1434,1429,2669,2803
1433,1434,2669,2672
1432,1434,2670,2802
1434,1400,2670,2671
1434,1416,2671,2672
1433,1416,2672,2680
1358,1366,2673,2674
1358,1362,2674,2675
1358,1363,2675,2678
1356,1364,2676,2716
1363,1356,2676,2677
1363,1357,2677,2678
1389,1416,2679,2680
1389,1433,2680,2685
1435,1422,2681,2780
1433,1435,2681,2686
1254,1435,2682,2780
1435,1255,2682,2683
1435,1256,2683,2684
1435,1390,2684,2686
1390,1433,2685,2686
1353,1283,2687,2688
1436,1283,2688,2770
1353,1436,2688,2689
201,1436,2689,2769
1353,201,2689,2690
1353,198,2690,2691
1350,1348,2692,2693
1350,1347,2693,2694
1437,1347,2694,2720
1350,1437,2694,2699
1438,1439,2695,2708
1439,1440,2695,2756
1440,1438,2695,2696
1391,1438,2696,2707
1440,1391,2696,2697
1440,1352,2697,2698
1440,1351,2698,2700
1351,1437,2699,2700
1440,1437,2700,2756
1395,1393,2701,2702
1441,1393,2702,2713
1395,1441,2702,2706
1442,1443,2703,2712
1443,1441,2703,2713
1441,1442,2703,2704
1444,1442,2704,2788
1441,1444,2704,2705
1418,1444,2705,2751
1441,1418,2705,2706
1393,1438,2707,2714
1445,1439,2708,2760
1438,1445,2708,2709
1446,1445,2709,2759
1438,1446,2709,2710
1447,1446,2710,2783
1438,1447,2710,2715
1442,1448,2711,2789
1448,1447,2711,2790
1447,1442,2711,2712
1447,1443,2712,2715
1443,1393,2713,2714
1443,1438,2714,2715
1359,1364,2716,2719
1364,1360,2717,2718
1364,1361,2718,2719
1437,1346,2720,2736
1449,1345,2721,2887
1346,1449,2721,2722
1450,1449,2722,2916
1346,1450,2722,2737
1451,1452,2723,3023
1452,1450,2723,2921
1450,1451,2723,2724
1453,1451,2724,3022
1450,1453,2724,2725
1454,1453,2725,3034
1450,1454,2725,2738
1455,1456,2726,3045
1456,1454,2726,3034
1454,1455,2726,2739
1457,1458,2727,3044
1458,1455,2727,3045
1455,1457,2727,2728
1459,1457,2728,3043
1455,1459,2728,2729
1460,1459,2729,3042
1455,1460,2729,2740
1461,1462,2730,2910
1462,1460,2730,3042
1460,1461,2730,2731
1463,1461,2731,2909
1460,1463,2731,2732
1464,1463,2732,2909
1460,1464,2732,2733
1465,1464,2733,2908
1460,1465,2733,2741
1466,1467,2734,2791
1467,1465,2734,2908
1465,1466,2734,2742
1468,1469,2735,2758
1469,1466,2735,2784
1466,1468,2735,2742
1437,1468,2736,2757
1468,1346,2736,2737
1468,1450,2737,2738
1468,1454,2738,2739
1468,1455,2739,2740
1468,1460,2740,2741
1468,1465,2741,2742
1370,1419,2743,2744
1470,1419,2744,2755
1370,1470,2744,2745
1471,1470,2745,2754
1370,1471,2745,2749
1375,1472,2746,2825
1472,1372,2746,2747
1472,1373,2747,2750
1373,1370,2748,2749
1373,1471,2749,2750
1472,1471,2750,2817
1419,1444,2751,2752
1473,1444,2752,2788
1419,1473,2752,2753
1474,1473,2753,2787
1419,1474,2753,2755
1471,1474,2754,2817
1474,1470,2754,2755
1439,1437,2756,2757
1439,1468,2757,2758
1439,1469,2758,2760
1446,1469,2759,2783
1469,1445,2759,2760
1283,1328,2761,2762
1283,1327,2762,2763
1283,1326,2763,2770
1326,1325,2764,2765
1475,1325,2765,2878
1326,1475,2765,2766
1476,1475,2766,2869
1326,1476,2766,2767
203,1476,2767,2869
1326,203,2767,2771
203,201,2768,2769
203,1436,2769,2771
1436,1326,2770,2771
1477,1345,2772,2888
1254,1477,2772,2773
1478,1477,2773,2881
1254,1478,2773,2774
1479,1478,2774,2881
1254,1479,2774,2781
1426,1480,2775,3284,323
1480,1479,2775,3278
1479,1426,2775,2776
1481,1426,2776,3285
1479,1481,2776,2777
1427,1481,2777,3285
1479,1427,2777,2778
1420,1427,2778,3282,323
1479,1420,2778,2779
1479,1421,2779,2781
1422,1254,2780,2782
1254,1421,2781,2782
1447,1469,2783,2784
1447,1466,2784,2790
1482,1483,2785,2929
1483,1484,2785,2913
1484,1482,2785,2793
1474,1485,2786,2818
1485,1482,2786,2929
1482,1474,2786,2787
1482,1473,2787,2794
1473,1442,2788,2789
1473,1448,2789,2794
1448,1466,2790,2791
1448,1467,2791,2792
1484,1467,2792,2914
1448,1484,2792,2793
1448,1482,2793,2794
1486,1487,2795,3275
1487,1488,2795,3281,323
1488,1486,2795,2796
1489,1486,2796,3069
1488,1489,2796,2807
1490,1491,2797,3071
1491,1492,2797,3070
1492,1490,2797,2809
1493,1494,2798,3274
1494,1490,2798,3072
1490,1493,2798,2799
1495,1493,2799,3273
1490,1495,2799,2800
1430,1495,2800,-1
1490,1430,2800,2801
1490,1431,2801,2809
1431,1434,2802,2803
1431,1429,2803,2804
1431,1428,2804,2805
1480,1428,2805,3284
1431,1480,2805,2806
1488,1480,2806,3281,323
1431,1488,2806,2807
1431,1489,2807,2808
1492,1489,2808,3069
1431,1492,2808,2809
1262,313,2810,2811
1496,313,2811,2843
1262,1496,2811,2815
1497,1498,2812,2841
1498,1499,2812,2842
1499,1497,2812,2813
1500,1497,2813,2956
1499,1500,2813,2814
1263,1500,2814,2963
1499,1263,2814,2816
1263,1496,2815,2816
1499,1496,2816,2842
1472,1474,2817,2818
1472,1485,2818,2819
1501,1485,2819,2937
1472,1501,2819,2820
1502,1501,2820,2936
1472,1502,2820,2821
1503,1502,2821,2903
1472,1503,2821,2822
1504,1503,2822,2903
1472,1504,2822,2823
1377,1504,2823,2893
1472,1377,2823,2824
1472,1374,2824,2825
313,311,2826,2844
311,307,2827,2828
311,308,2828,2845
308,303,2829,2846
1505,304,2830,2976
303,1505,2830,2831
1506,1505,2831,2975
303,1506,2831,2847
1507,1508,2832,3106
1508,1506,2832,3107
1506,1507,2832,2833
1509,1507,2833,3154
1506,1509,2833,2834
1510,1509,2834,3110
1506,1510,2834,2835
1511,1510,2835,3109
1506,1511,2835,2836
1512,1511,2836,2978
1506,1512,2836,2847
1513,1514,2837,2980
1514,1515,2837,2981
1515,1513,2837,2849
1270,1516,2838,3117
1516,1513,2838,2979
1513,1270,2838,2839
1517,1270,2839,2957
1513,1517,2839,2840
1497,1517,2840,2956
1513,1497,2840,2841
1513,1498,2841,2849
1498,1496,2842,2843
1498,313,2843,2844
1498,311,2844,2845
1498,308,2845,2846
1498,303,2846,2850
303,1512,2847,2848
1515,1512,2848,2978
303,1515,2848,2850
1515,1498,2849,2850
1171,1380,2851,2852
1518,1380,2852,2866
1171,1518,2852,2853
1519,1518,2853,2987
1171,1519,2853,2854
1520,1519,2854,2987
1171,1520,2854,2855
1521,1520,2855,3073
1171,1521,2855,2856
1522,1521,2856,3073
1171,1522,2856,2862
1523,1524,2857,3078
1524,1522,2857,3086
1522,1523,2857,2862
1403,1523,2858,3078
1523,1402,2858,2859
1525,1402,2859,2889
1523,1525,2859,2860
1172,1525,2860,2889
1523,1172,2860,2861
1523,1171,2861,2862
1526,1378,2863,2892
1379,1526,2863,2864
1527,1526,2864,2900
1379,1527,2864,2865
1528,1527,2865,2988
1379,1528,2865,2868
1518,1528,2866,2982
1528,1380,2866,2867
1528,1381,2867,2868
203,1475,2869,2877
1323,180,2870,2871
1323,179,2871,2872
1323,178,2872,2873
205,178,2873,3185
1323,205,2873,2874
1323,206,2874,2880
206,204,2875,2876
206,202,2876,2880
202,1475,2877,2878
202,1325,2878,2879
202,1323,2879,2880
1477,1479,2881,2882
1529,1479,2882,3278
1477,1529,2882,2883
1530,1529,2883,3004
1477,1530,2883,2884
1531,1530,2884,2919
1477,1531,2884,2885
1532,1531,2885,2918
1477,1532,2885,2886
1533,1532,2886,2917
1477,1533,2886,2888
1449,1533,2887,2916
1533,1345,2887,2888
1172,1402,2889,2890
1172,1401,2890,2891
1526,1376,2892,2901
1376,1504,2893,2894
1534,1504,2894,2907
1376,1534,2894,2895
1535,1534,2895,2953
1376,1535,2895,2902
1536,1537,2896,2952
1537,1535,2896,2953
1535,1536,2896,2902
1538,1539,2897,2951
1539,1536,2897,2952
1536,1538,2897,2898
1540,1538,2898,2994
1536,1540,2898,2899
1527,1540,2899,2988
1536,1527,2899,2900
1536,1526,2900,2901
1536,1376,2901,2902
1504,1502,2903,2904
1541,1502,2904,2935
1504,1541,2904,2905
1542,1541,2905,2971
1504,1542,2905,2906
1543,1542,2906,2970
1504,1543,2906,2907
1534,1543,2907,2949
1467,1464,2908,2915
1464,1461,2909,2915
1544,1462,2910,3047
1461,1544,2910,2911
1545,1544,2911,3041
1461,1545,2911,2912
1483,1545,2912,2930
1461,1483,2912,2913
1461,1484,2913,2914
1461,1467,2914,2915
1450,1533,2916,2917
1450,1532,2917,2918
1450,1531,2918,2921
1546,1530,2919,3024
1531,1546,2919,2920
1452,1546,2920,3023
1531,1452,2920,2921
177,173,2922,2923
1547,173,2923,2945
177,1547,2923,2924
164,1547,2924,2945
177,164,2924,2925
177,163,2925,2928
1548,162,2926,3259
163,1548,2926,2927
1549,1548,2927,3187
163,1549,2927,2928
177,1549,2928,3186
1485,1483,2929,2930
1485,1545,2930,2931
1550,1545,2931,3040
1485,1550,2931,2937
1551,1552,2932,3177
1552,1550,2932,3193
1550,1551,2932,2938
1553,1554,2933,3049
1554,1551,2933,3177
1551,1553,2933,2939
1555,1556,2934,2965
1556,1557,2934,2966
1557,1555,2934,2941
1541,1555,2935,2965
1555,1502,2935,2936
1555,1501,2936,2941
1501,1550,2937,2938
1501,1551,2938,2939
1501,1553,2939,2940
1557,1553,2940,3049
1501,1557,2940,2941
1417,165,2942,2943
1417,166,2943,2944
1417,164,2944,2948
164,173,2945,2946
164,174,2946,2947
164,170,2947,2948
1558,1543,2949,2969
1534,1558,2949,2954
1538,1559,2950,2989
1559,1558,2950,2995
1558,1538,2950,2951
1558,1539,2951,2955
1539,1537,2952,2955
1537,1534,2953,2954
1537,1558,2954,2955
1500,1517,2956,2964
1517,1271,2957,2958
1517,1268,2958,2959
1517,1266,2959,2960
1517,1267,2960,2961
1517,1265,2961,2962
1517,1264,2962,2964
1264,1500,2963,2964
1541,1556,2965,2971
1560,1557,2966,3060
1556,1560,2966,2967
1561,1560,2967,2996
1556,1561,2967,2968
1558,1561,2968,2995
1556,1558,2968,2969
1556,1543,2969,2970
1556,1542,2970,2971
304,302,2972,2973
304,300,2973,2976
1562,1563,2974,3100
1563,300,2974,3101
300,1562,2974,2977
1506,1562,2975,3100
1562,1505,2975,2977
1505,300,2976,2977
1515,1511,2978,2981
1516,1511,2979,3109
1511,1513,2979,2980
1511,1514,2980,2981
1564,1528,2982,2993
1518,1564,2982,2983
1565,1564,2983,2992
1518,1565,2983,2984
1566,1565,2984,3098
1518,1566,2984,2985
1567,1566,2985,3075
1518,1567,2985,2986
1520,1567,2986,3074
1518,1520,2986,2987
1528,1540,2988,2993
1568,1559,2989,3001
1538,1568,2989,2990
1569,1568,2990,3000
1538,1569,2990,2991
1565,1569,2991,3099
1538,1565,2991,2992
1538,1564,2992,2994
1564,1540,2993,2994
1559,1561,2995,3001
1570,1560,2996,3059
1561,1570,2996,2997
1571,1570,2997,3058
1561,1571,2997,3002
1572,1573,2998,3123
1573,1571,2998,3124
1571,1572,2998,2999
1574,1572,2999,3091
1571,1574,2999,3003
1569,1574,3000,3091
1574,1568,3000,3003
1568,1561,3001,3002
1568,1571,3002,3003
1575,1529,3004,3279
1530,1575,3004,3005
1576,1575,3005,3063
1530,1576,3005,3006
1577,1576,3006,3064
1530,1577,3006,3007
1578,1577,3007,3065
1530,1578,3007,3008
1579,1578,3008,3066
1530,1579,3008,3024
1580,1581,3009,3271
1581,1579,3009,-1
1579,1580,3009,3010
1582,1580,3010,3270
1579,1582,3010,3025
1583,1584,3011,-1
1584,1585,3011,3272
1585,1583,3011,3012
1586,1583,3012,3213
1585,1586,3012,3013
1587,1586,3013,3212
1585,1587,3013,3027
1588,1589,3014,3234
1589,1587,3014,3211
1587,1588,3014,3015
1590,1588,3015,3233
1587,1590,3015,3016
1591,1590,3016,3233
1587,1591,3016,3027
1592,1593,3017,3231
1593,1591,3017,3232
1591,1592,3017,3028
1594,1595,3018,3180
1595,1592,3018,3230
1592,1594,3018,3028
1596,1597,3019,3039
1597,1594,3019,3179
1594,1596,3019,3020
1598,1596,3020,3038
1594,1598,3020,3033
1599,1600,3021,3036
1600,1598,3021,3037
1598,1599,3021,3029
1453,1599,3022,3035
1599,1451,3022,3029
1451,1546,3023,3030
1546,1579,3024,3025
1546,1582,3025,3026
1585,1582,3026,3270
1546,1585,3026,3031
1585,1591,3027,3032
1591,1594,3028,3032
1598,1451,3029,3030
1598,1546,3030,3031
1598,1585,3031,3033
1585,1594,3032,3033
1456,1453,3034,3035
1456,1599,3035,3036
1456,1600,3036,3037
1456,1598,3037,3038
1456,1596,3038,3039
1456,1597,3039,3046
1550,1597,3040,3193
1597,1545,3040,3041
1597,1544,3041,3046
1462,1459,3042,3043
1462,1457,3043,3044
1462,1458,3044,3048
1458,1456,3045,3048
1456,1544,3046,3047
1456,1462,3047,3048
1557,1554,3049,3050
1601,1554,3050,3184
1557,1601,3050,3051
1602,1601,3051,3183
1557,1602,3051,3052
1603,1602,3052,3182
1557,1603,3052,3053
1604,1603,3053,3229
1557,1604,3053,3054
1605,1604,3054,3228
1557,1605,3054,3055
1606,1605,3055,3228
1557,1606,3055,3056
1607,1606,3056,3209
1557,1607,3056,3057
1608,1607,3057,3209
1557,1608,3057,3060
1571,1609,3058,3118
1609,1570,3058,3059
1609,1560,3059,3061
1560,1608,3060,3061
1609,1608,3061,3118
1575,1487,3062,3280
1487,1610,3062,3276,323
1610,1575,3062,3063
1610,1576,3063,3064
1610,1577,3064,3065
1610,1578,3065,3066
1610,1579,3066,3067
1611,1579,3067,-1
1610,1611,3067,3068
1612,1611,3068,-1
1610,1612,3068,3277,323
1486,1492,3069,3070
1486,1491,3070,3071
1486,1490,3071,3072
1486,1494,3072,3274
1522,1520,3073,3074
1522,1567,3074,3075
1522,1566,3075,3076
1613,1566,3076,3098
1522,1613,3076,3077
1614,1613,3077,3125
1522,1614,3077,3086
1403,1524,3078,3084
1615,1616,3079,3089
1616,1524,3079,3090
1524,1615,3079,3080
1617,1615,3080,3150
1524,1617,3080,3081
1618,1617,3081,3168
1524,1618,3081,3085
1406,1618,3082,3135
1618,1405,3082,3085
1405,1403,3083,3084
1405,1524,3084,3085
1524,1614,3086,3087
1619,1614,3087,3131
1524,1619,3087,3088
1620,1619,3088,3138
1524,1620,3088,3090
1615,1620,3089,3151
1620,1616,3089,3090
1569,1572,3091,3092
1621,1572,3092,3122
1569,1621,3092,3093
1622,1621,3093,3161
1569,1622,3093,3094
1623,1622,3094,3160
1569,1623,3094,3095
1624,1623,3095,3160
1569,1624,3095,3096
1625,1624,3096,3126
1569,1625,3096,3097
1613,1625,3097,3125
1569,1613,3097,3099
1613,1565,3098,3099
1506,1563,3100,3101
1506,300,3101,3102
1506,301,3102,3103
1626,301,3103,3176
1506,1626,3103,3104
1627,1626,3104,3205
1506,1627,3104,3107
1628,1629,3105,3155
1629,1627,3105,3204
1627,1628,3105,3108
1507,1628,3106,3154
1628,1508,3106,3108
1508,1627,3107,3108
1516,1510,3109,3117
1630,1509,3110,3159
1510,1630,3110,3111
1631,1630,3111,3158
1510,1631,3111,3112
1632,1631,3112,3157
1510,1632,3112,3113
1633,1632,3113,3156
1510,1633,3113,3114
1272,1633,3114,3203
1510,1272,3114,3115
1510,1269,3115,3116
1510,1270,3116,3117
1571,1608,3118,3124
1634,1635,3119,3237
1635,1608,3119,3222
1608,1634,3119,3120
1636,1634,3120,3162
1608,1636,3120,3121
1621,1636,3121,3161
1608,1621,3121,3122
1608,1572,3122,3123
1608,1573,3123,3124
1614,1625,3125,3132
1637,1624,3126,3167
1625,1637,3126,3127
1638,1637,3127,3166
1625,1638,3127,3133
1639,1640,3128,3141
1640,1638,3128,3217
1638,1639,3128,3129
1641,1639,3129,3140
1638,1641,3129,3134
1642,1643,3130,3139
1643,1641,3130,3140
1641,1642,3130,3134
1619,1642,3131,3138
1642,1614,3131,3132
1642,1625,3132,3133
1642,1638,3133,3134
1644,1618,3135,3172
1406,1644,3135,3137
1408,1644,3136,3195
1644,1407,3136,3137
1620,1642,3138,3139
1620,1643,3139,3151
1643,1639,3140,3141
1643,1640,3141,3142
1645,1640,3142,3216
1643,1645,3142,3143
1646,1645,3143,3223
1643,1646,3143,3144
1647,1646,3144,3227
1643,1647,3144,3145
1648,1647,3145,3250
1643,1648,3145,3146
1649,1648,3146,3250
1643,1649,3146,3152
1650,1651,3147,3255
1651,1652,3147,3256
1652,1650,3147,3148
1653,1650,3148,3169
1652,1653,3148,3149
1617,1653,3149,3168
1652,1617,3149,3150
1652,1615,3150,3153
1615,1643,3151,3152
1615,1649,3152,3153
1652,1649,3153,3257
1509,1628,3154,3155
1509,1629,3155,3159
1633,1629,3156,3203
1629,1632,3156,3157
1629,1631,3157,3158
1629,1630,3158,3159
1624,1622,3160,3167
1622,1636,3161,3162
1622,1634,3162,3163
1654,1634,3163,3237
1622,1654,3163,3164
1655,1654,3164,3240
1622,1655,3164,3165
1638,1655,3165,3218
1622,1638,3165,3166
1622,1637,3166,3167
1618,1653,3168,3169
1618,1650,3169,3170
1656,1650,3170,3254
1618,1656,3170,3171
1657,1656,3171,3196
1618,1657,3171,3172
1644,1657,3172,3195
301,298,3173,3176
1658,297,3174,-1
298,1658,3174,3175
1626,1658,3175,3205
298,1626,3175,3176
1554,1552,3177,3178
1659,1552,3178,3194
1554,1659,3178,3184
1597,1659,3179,3194
1659,1594,3179,3180
1659,1595,3180,3181
1603,1595,3181,3229
1659,1603,3181,3182
1659,1602,3182,3183
1659,1601,3183,3184
205,176,3185,3188
176,1549,3186,3189
1660,1548,3187,3261
1549,1660,3187,3189
208,176,3188,3192
176,1660,3189,3190
1661,1660,3190,3261
176,1661,3190,3191
209,1661,3191,-1
176,209,3191,3192
1552,1597,3193,3194
1408,1657,3195,3196
1408,1656,3196,3197
1662,1656,3197,3254
1408,1662,3197,3198
1663,1662,3198,3253
1408,1663,3198,3199
1664,1663,3199,-1
1408,1664,3199,3200
1665,1664,3200,3243
1408,1665,3200,3201
1666,1665,3201,3242
1408,1666,3201,3202
1409,1666,3202,3241
1272,1629,3203,3204
1272,1627,3204,3208
1627,1658,3205,3206
1274,1658,3206,-1
1627,1274,3206,3207
1627,1273,3207,3208
1608,1606,3209,3210
1589,1606,3210,3234
1608,1589,3210,3211
1608,1587,3211,3212
1608,1586,3212,3213
1608,1583,3213,3222
1667,1668,3214,3224
1668,1583,3214,-1
1583,1667,3214,3215
1645,1667,3215,3223
1583,1645,3215,3216
1583,1640,3216,3217
1583,1638,3217,3218
1583,1655,3218,3219
1669,1655,3219,3240
1583,1669,3219,3220
1670,1669,3220,3239
1583,1670,3220,3221
1635,1670,3221,3238
1583,1635,3221,3222
1646,1667,3223,3227
1671,1668,3224,-1
1667,1671,3224,3225
1672,1671,3225,3252
1667,1672,3225,3226
1647,1672,3226,3251
1667,1647,3226,3227
1606,1604,3228,3235
1604,1595,3229,3230
1604,1592,3230,3231
1604,1593,3231,3232
1604,1591,3232,3236
1591,1588,3233,3236
1588,1606,3234,3235
1588,1604,3235,3236
1654,1635,3237,3238
1654,1670,3238,3239
1654,1669,3239,3240
1410,1666,3241,3242
1410,1665,3242,3243
1410,1664,3243,3247
1232,1673,3244,3265
1673,1414,3244,3245
1673,1413,3245,3248
1413,1411,3246,3249
1411,1664,3247,3249
1673,1664,3248,-1
1664,1413,3248,3249
1649,1647,3250,3251
1649,1672,3251,3252
1649,1671,3252,3257
1663,1671,3253,-1
1671,1662,3253,3258
1662,1650,3254,3255
1662,1651,3255,3256
1662,1652,3256,3258
1652,1671,3257,3258
1548,161,3259,3260
1661,161,3260,-1
1548,1661,3260,3261
786,1235,3262,3263
1674,1235,3263,3266
786,1674,3263,3264
785,1674,3264,-1
1233,1673,3265,3269
1674,1673,3266,-1
1673,1235,3266,3267
1673,1236,3267,3268
1673,1234,3268,3269
1585,1580,3270,3271
1585,1581,3271,3272
1584,1581,3272,-1
1495,1612,3273,-1
1612,1493,3273,3277
1493,1486,3274,3275
1493,1487,3275,3276
1493,1610,3276,3277
1480,1529,3278,3279
1480,1575,3279,3280
1480,1487,3280,3281
1420,1425,3282,3283