0.56613,-74.967184,0,1,448,449
0.0,-74.966667,0,430,431,432,433,434,435,436,437,438,439,440,441,442,443,444,449,450,451
0.0,-78.633333,0,1,2,3,4,5,6,7,8,9,10,11,12,13,14,15,16,17,18,19,94,95,233
0.567256,-75.000262,1,2,447,448
0.966255,-75.000385,2,3,446,447,489
1.03326,-75.134211,3,4,489,557,558
1.499147,-75.366655,4,5,557
1.566107,-75.368376,5,6,556,557,558,559,560,561,562,563,579,580
2.198591,-75.868353,6,7,556
2.367193,-75.867162,7,8,555,556,579
2.565156,-75.999137,8,9,555
2.666926,-75.999216,9,10,554,555,579,580,581,582,583,585
2.666705,-76.066372,10,11,553,554
3.066913,-76.266538,11,12,552,553
3.632582,-76.59942,12,13,552
3.998289,-76.634617,13,14,551,552,553,554,578,584,585
4.365724,-76.834462,14,15,550,551
4.365962,-76.866236,15,16,550
4.466254,-76.866586,16,17,549,550,551,577,578
5.067123,-77.033311,17,18,548,549
5.533311,-77.266756,18,19,547,548
5.865891,-77.26636,19,95,96,546,547
6.701223,-76.766331,20,21,544,545
6.165624,-77.032743,20,545,546,547,548,549,576,577
6.165824,-77.100512,20,21,96,97,546
7.098845,-76.698508,21,97,98,543,544
8.100865,-76.234386,22,23,99,100,542
7.566854,-76.333434,22,542,543,544,545,575,576
7.5679,-76.400706,22,98,99,543
8.43263,-76.166984,23,100,101,540,541
8.100139,-76.165526,23,541,542,574,575
9.133804,-75.700523,24,25,537,538
9.033106,-75.701014,24,538,539,540,541,573,574
9.034647,-75.768301,24,25,102,103,539
9.433553,-75.532944,25,103,104,536,537
10.198936,-75.166603,26,105,106,534,535
9.867101,-75.166469,26,535,536,537,538,572,573
9.866524,-75.198757,26,104,105,536
11.132442,-74.69975,27,107,108,531,532
10.832874,-74.834445,27,532,533
10.53149,-75.067904,27,106,107,533,534
12.232826,-74.19938,28,29,528,529
11.499929,-74.399303,28,529,530
11.399233,-74.533212,28,29,108,109,530,531
12.267298,-74.200302,29,30,109,110,527,528
12.432458,-74.168274,30,110,111,525,526
12.266741,-74.166246,30,526,527
12.76568,-73.999408,31,32,112,113,522,523
12.600806,-74.000364,31,523,524
12.601709,-74.068501,31,111,112,524,525
13.434029,-73.767182,32,33,34,35,113,114,520,521
12.965474,-73.90072,32,521,522
14.166975,-73.766062,33,34,1039,1040
13.867548,-73.598121,33,519,520,1040,1041
14.599884,-73.767734,34,35,1038,1039
14.598245,-73.800774,35,36,114,115,1037,1038
15.499912,-73.868293,36,37,38,115,116,1035,1036
15.032993,-73.79972,36,1036,1037
15.734047,-73.899553,37,38,1157,1158,1370
15.666561,-73.833041,37,1035,1158,1159
15.731995,-73.9341,38,39,116,117,1370,1403
16.131672,-74.333584,39,40,41,117,118,1402
15.768674,-73.93205,39,1402,1403,1404,1405,1406,1412
16.866355,-75.033067,40,41,1400,1401
16.201073,-74.333011,40,1401,1402,1411,1412,1413,1414,1415
16.865926,-75.068107,41,118,119,1399,1400
18.10048,-75.698468,42,43,1396,1397
17.833452,-75.433555,42,1397,1398
17.500659,-75.331894,42,43,44,45,46,119,139,142,143,1398,1399
18.09985,-75.766347,43,44,1395,1396
18.366449,-75.966495,44,45,1394,1395
18.365793,-76.031931,45,46,1393,1394
18.73212,-76.400393,46,143,144,1392,1393
21.366083,-76.399375,47,120,121,122,123,124,125,126,127,128,129,130,131,132,133,134,135,140,1389,1390
20.733952,-76.199584,47,1390,1391
20.199153,-76.400157,47,140,144,1391,1392
22.000948,-75.633553,48,120,121,1387,1388
21.800784,-75.635743,48,1388,1389,1390,1391,1392,1393,1394,1395,1396,1397,1398,1399,1400,1401,1410,1411
21.798402,-75.66543,48,120,1389
22.5,-77.266667,49,50,3512,3513
22.5,-75.166667,49,1385,1386
22.333169,-75.367249,49,50,51,52,53,121,122,1386,1387
22.433292,-77.267329,50,51,3512
22.433518,-77.300568,51,52,3318,3512,3513
22.133578,-77.465536,52,53,3317,3318,3324,3325,3326
21.765075,-77.466185,53,54,55,122,123,3317
21.667351,-77.499722,54,55,3120,3121,3122,3244,3245
21.767812,-77.50128,54,3245,3246,3252,3253,3317,3323,3324
21.200488,-77.465754,55,123,124,3120
20.699986,-78.167862,56,57,58,59,125,126,3010
20.934855,-77.734684,56,3010,3011,3012,3013,3014,3015,3016,3017,3018,3027,3028
20.933521,-77.567694,56,124,125,3011,3120,3122
20.466906,-78.467273,57,58,2997,2998,3025,3026
20.732125,-78.16652,57,3010,3026,3027
20.401767,-78.464662,58,59,2464,2465,2997
19.900552,-78.532292,59,60,126,127,2464
19.564849,-78.433247,60,61,127,128,2463
19.900736,-78.567685,60,2463,2464,2465,2466,2467,2488,2495,2496
19.166894,-78.267492,61,62,63,128,129,2462
19.466341,-78.434965,61,2462,2463,2487,2488
18.93401,-78.165828,62,63,2240,2241,2461
19.066362,-78.266626,62,2461,2462,2486,2487
18.934323,-78.06534,63,64,65,129,130,2239,2240
18.59947,-77.900964,64,65,2244,2245
18.733602,-78.034631,64,2238,2239,2245,2246
18.599455,-77.867268,65,66,130,131,2243,2244
18.433755,-77.733636,66,67,68,131,132,2080,2081
18.431703,-77.79954,66,2081,2082,2243
18.068484,-77.501037,67,68,1936,1937,2068,2069
18.367203,-77.734397,67,2069,2079,2080
18.067086,-77.466228,68,69,70,132,133,1936
17.79906,-77.36738,69,70,1934,1935
17.899174,-77.465226,69,1935,1936,1937,1938,1939,1940,1941
17.433569,-77.132128,70,71,72,73,74,133,134,1581,1934
17.232087,-76.965799,71,72,1579,1580,1834
17.100152,-77.06638,71,1580,1581,1582,1583,1584,1585,1593,1594
17.032997,-76.768814,72,73,1833,1834,1837,1838,1839
17.030862,-76.733602,73,74,1575,1576,1833
16.933119,-76.600685,74,134,135,1574,1575
16.165216,-76.767144,75,76,1342,1343,1572,1573
16.566493,-76.632626,75,1573,1574,1575,1576,1589,1590
16.564635,-76.567016,75,76,135,140,141,142,143,144,1574
15.600501,-76.865868,76,77,78,136,141,1342
15.331923,-77.033601,77,78,1103,1104,1288,1289,1299,1300
15.598894,-76.900746,77,1288,1342,1343,1344,1346
15.200547,-77.031517,78,79,80,136,1103
14.966843,-77.166374,79,80,1063,1064,1101,1102
15.099425,-77.166779,79,1102,1103,1104,1105,1127,1128
14.166153,-77.300727,80,81,136,137,138,139,141,142,1063
14.033897,-77.399901,81,82,83,84,85,86,87,88,89,137,1058,1059
14.167037,-77.365899,81,1059,1060,1061,1062,1063,1064,1065,1066,1067,1068
13.666779,-77.866035,82,83,853,980,985,986,987,988,1005,1006
13.997896,-77.500342,82,985,1058
13.265379,-78.132197,83,84,852,853,854,855,883,884
13.068174,-78.19941,84,85,784,852
13.033888,-78.200199,85,86,694,783,784,787
12.466828,-78.267346,86,87,693,694,705
12.267156,-78.265905,87,88,692,693
12.266402,-78.232905,88,89,691,692
12.032411,-78.23308,89,90,137,138,691
11.868218,-78.234022,90,91,92,93,94,95,96,97,98,99,100,101,102,103,104,105,106,107,108,109,110,111,112,113,114,115,116,117,118,119,138,139,690
12.033398,-78.266588,90,690,691,692,693,704,705
11.366363,-78.499848,91,92,688,689
11.766142,-78.399317,91,689,690,703,704
11.299717,-78.500394,92,93,662,663,688
10.899253,-78.632462,93,94,233,234,662
8.734232,-75.998744,101,102,539,540
13.233982,-67.933601,145,146,846,847,848,849,851
13.23271,-68.033023,145,847,906,907
13.232668,-68.133975,145,146,147,148,149,150,194,195,907,908
13.299166,-67.933789,146,147,846
13.533129,-67.701064,147,148,845,846,850,851
13.699409,-67.767097,148,149,844,845
14.167308,-68.034087,149,150,843,844
14.23288,-68.03324,150,195,196,842,843
14.402593,-67.566452,151,152,839,840
14.49952,-67.800646,151,840,841,842,843,844,845,850
14.533645,-67.799675,151,152,197,198,199,200,201,202,203,214,215,216,217,220,221,841
14.4,-67.5,152,153,154,155,197,839
15.399434,-67.53382,153,154,1239,1240,1241,1242,1248,1249
15.4,-67.5,153,1240
15.235112,-67.532936,154,155,1239
15.232219,-67.565236,155,156,157,197,198,1239,1248
15.266769,-67.633014,156,157,1247
15.466253,-67.566673,156,1247,1248,1249,1250,1251
15.266316,-67.665377,157,198,199,1246,1247,1251
15.666492,-67.698744,158,159,160,200,201,1319,1320
15.667309,-67.665554,158,1320,1321
15.501161,-67.666803,158,199,200,1245,1246,1316,1317,1318,1321
15.867616,-67.667462,159,160,1301,1302,1439
15.802624,-67.665217,159,1319,1434,1439,1440
15.399947,-67.867623,160,201,202,1301
15.965308,-67.968972,161,162,1303,1304,1504,1505
15.866554,-67.898771,161,1304,1305
15.397681,-67.899483,161,162,163,164,202,203,1301,1302,1305
15.86707,-68.066206,162,163,1504
15.86818,-68.100343,163,164,1504,1505,1510,1511
16.034249,-68.233368,164,203,204,205,206,207,215,1509,1510
16.166791,-67.999859,165,166,167,168,169,204,205,1507,1508
16.000545,-67.999772,165,1508,1509,1510,1511
16.033221,-68.167119,165,204,1509
16.232698,-67.899407,166,167,1450,1484,1725,1726,1727,1728,1729,1731
16.16618,-67.967019,166,1506,1507,1716,1726
16.233194,-68.199831,167,168,1449,1484,1485,1486,1495,1499
16.068213,-68.466557,168,169,1418,1448,1449
15.99936,-68.467125,169,205,206,1417,1418,1422
15.732707,-68.433695,170,171,1262,1263,1416
15.899369,-68.466651,170,1416,1417,1421,1422
15.900124,-68.366425,170,171,206,207,1417
15.600144,-68.300572,171,172,207,215,216,1262
15.26717,-68.501052,172,216,217,1261
15.333094,-68.49979,172,1261,1262,1263,1264,1265,1272,1273
15.466138,-68.700059,173,174,208,1271
15.531987,-68.633575,173,1271,1272,1273,1274,1275,1277
15.264971,-68.534183,173,208,217,221,222,1261,1272
15.466783,-68.799972,174,175,208,209,222,223,224,1269,1270
15.700825,-68.700711,174,1270,1271,1276,1277
15.565361,-68.866903,175,176,209,1340
15.633465,-68.802379,175,1269,1337,1338,1340,1341
15.634164,-68.933175,176,209,218,219,223,1339
15.634647,-68.865038,176,1339,1340,1341
15.800757,-68.733455,177,178,210,1268,1275,1276,1277
15.799672,-68.767153,177,1268,1337,1338
15.899194,-68.93329,177,210,211,218,1338,1339,1341
15.899289,-68.766479,178,179,210,211,1266,1267
15.900949,-68.732911,178,1267,1274,1275
15.932937,-69.06681,179,180,181,182,211,218,219,1331,1332,1335,1336,1478
15.933997,-68.766031,179,1266,1478,1479
15.166591,-68.968023,180,181,912,1185
15.565758,-69.068464,180,912,913,1331
15.233037,-68.865313,181,182,1185,1186,1187,1188,1190
15.367028,-68.83383,182,183,184,219,223,224,1184,1189,1190
15.331634,-68.666628,183,184,1182,1183
15.299767,-68.7322,183,1183,1184
15.33317,-68.633568,184,220,221,222,224,1181,1182
15.03311,-68.766215,185,186,1187,1188
15.167003,-68.767438,185,1188,1189,1190
14.833616,-68.63219,185,186,187,188,189,190,191,212,1181,1182,1183,1184,1189
15.132818,-68.868914,186,187,1186,1187
15.032681,-68.96608,187,188,912,913,956,957,1185,1186
14.766886,-68.833123,188,189,911,955,956
13.933968,-68.333297,189,190,910,911,976,977
14.033336,-68.200542,190,191,976
14.033936,-68.16558,191,192,193,194,195,196,212,213,975,976,977,979
13.567284,-68.232509,192,193,909,974
13.634684,-68.234308,192,974,975
13.46625,-68.233456,193,194,908,909,952,953
14.568224,-68.199644,196,213,214,841,842
14.835003,-68.600061,212,213,214,220,1181
19.134668,-81.299649,225,226,355,356
0.0,-81.3,225,233,234,235,236,356,403,404,405,406,407,425,426
0.0,-90.0,225,226,227,228,229,230,231,232
19.966931,-81.498998,226,227,354,355
19.964517,-81.532314,227,228,353,354
20.667515,-81.53283,228,229,352,353
20.666049,-81.567313,229,230,351,352
22.098677,-81.566208,230,231,350,351
22.5,-81.766667,231,232,349,350
22.5,-90.0,232
10.897777,-78.666406,234,235,662,663,664,665
10.533133,-78.899125,235,236,665
10.867795,-78.866498,236,237,238,239,240,241,242,243,244,245,357,358,359,360,404,664,665
11.899108,-78.63491,237,238,701,702
11.167522,-78.632998,237,663,664,688,689,702,703
11.899554,-78.666002,238,239,700,701,730
11.765571,-78.832464,239,240,730,731,732,733
12.400836,-78.867228,240,241,733,761,762
12.53327,-78.931914,241,242,761,769,770
12.466512,-78.933319,242,243,768,769
12.466557,-78.99983,243,244,734,735,736,768
11.799724,-79.068238,244,245,734
11.965176,-79.199996,245,246,247,248,249,250,357,734,736
12.100426,-79.333178,246,247,674,675,676,685,686
12.131493,-79.166998,246,675,735,736
11.768175,-79.267707,247,248,673,674
11.566151,-79.334945,248,249,673,708,709
11.633933,-79.199508,249,250,707,708
11.467195,-79.166355,250,357,358,706,707
11.033358,-79.334376,251,252,667,668
11.20015,-79.201518,251,668,669,706,707,708,709,710
11.201341,-79.16686,251,252,358,359,706
10.932854,-79.333544,252,359,360,666,667
11.133313,-79.632689,253,254,255,256,257,361,671,682,683
11.199252,-79.565899,253,666,667,668,669,670,671
10.933537,-79.499179,253,360,361,404,405,666
11.365982,-79.665967,254,255,712
11.466437,-79.666348,254,681,682,712,713
11.366221,-79.698885,255,256,711,712,713,717,718
11.234248,-79.699161,256,257,711
11.233466,-79.765481,257,258,259,361,405,406,711,717
11.700072,-79.800018,258,259,715,716
11.53389,-79.734032,258,716,717,718,719
11.701165,-79.833383,259,362,363,364,406,407,715
12.500996,-79.766382,260,261,262,263,362,363,748,749
12.300438,-79.635025,260,678,679,749,750
11.801109,-79.800359,260,362,679,680,714,715,716,719
12.665857,-79.732512,261,262,746,747,788,789,795
12.49827,-79.733819,261,747,748
13.202224,-79.799601,262,263,794,795
13.19923,-79.832567,263,363,364,793,794
13.73351,-79.69927,264,265,365,366,367,368,408,790
13.732258,-79.735447,264,790,791
13.932589,-79.766356,264,408,417,791,792
13.401424,-79.699242,265,266,267,268,269,270,271,272,273,365,788,789
13.401624,-79.733965,265,789,790,791,792,793,794,795
12.668407,-79.633267,266,267,745
12.667083,-79.700526,266,745,746,788
12.466935,-79.534006,267,268,744,745,746,747,748,749,750
12.900539,-79.56798,268,269,743,744,802,816,817
13.400945,-79.565388,269,270,816
13.500254,-79.399037,270,271,815,816,817,818,819,824
13.499272,-79.467261,271,272,814,815
13.766936,-79.367664,272,273,813,814
13.868745,-79.398463,273,274,275,365,366,813
13.96675,-79.466223,274,275,1053
14.099647,-79.233925,274,812,813,814,815,823,824,1053,1054
13.966352,-79.567903,275,276,366,367,1053,1054,1055,1056,1057
14.334543,-79.698824,276,367,368,1069,1070,1071,1072,1073
14.301636,-79.599849,276,1057,1069
15.765444,-79.100435,277,278,1310,1311,1426
15.634158,-79.100841,277,1225,1311,1312
15.500428,-79.300773,277,278,369,1198,1199,1200,1222,1223,1224,1225
15.867123,-79.165746,278,279,369,370,1426,1427,1428,1429,1433
16.265695,-78.933548,279,280,281,282,283,284,370,371,1431,1432
16.099405,-78.966708,279,1432,1433
16.499812,-78.968317,280,281,1709,1710,1734,1735
16.267388,-78.900169,280,1430,1431,1735,1736
16.433038,-78.965525,281,282,1708,1709
16.200194,-79.167082,282,283,1708
16.133286,-79.300347,283,284,1348,1349,1708,1709,1710,1711,1712,1713,1714,1715
16.000205,-79.299499,284,285,371,372,1348
15.767332,-79.700332,285,372,373,1347
15.935305,-79.565439,285,1347,1348,1349,1350,1351,1352,1353,1354,1358,1359
15.96722,-79.966587,286,410,419,420,1357
16.13499,-79.900295,286,1357,1358,1359,1360
15.700538,-79.8661,286,373,409,410,1347,1358
17.099081,-79.933048,287,288,374,1548,1549,1894
16.900779,-79.833665,287,1355,1356,1549,1550
16.4,-80.034194,287,374,420,427,428,429,1356,1357,1360
17.631979,-79.866419,288,374,411,421,422,423,428,1892,1893
17.534081,-79.866288,288,1893,1894,1896
17.767289,-79.432903,289,290,291,292,293,375,1891
17.568198,-79.566659,289,1891,1892,1893,1895,1896
18.000103,-79.66681,289,375,376,411,1892
17.600148,-79.367525,290,291,1694,1695,1696,1705,1706
17.599205,-79.433875,290,1695,1890,1891,1895
18.06778,-79.500116,291,292,1693,1694
18.067018,-79.534124,292,293,1693,2166
18.134228,-79.601365,293,294,375,376,2166,2167,2168,2169,2173
18.734197,-79.533848,294,376,377,411,412,413,414,421,2171,2172
18.565614,-79.533506,294,2172,2173
18.566317,-79.300199,295,296,2222,2223
18.667309,-79.333691,295,2170,2223,2224,2225
18.799032,-79.332239,295,296,297,298,299,377,2170,2171
18.56622,-79.233648,296,297,2001,2002,2221,2222
18.866702,-79.201674,297,298,2000,2001,2337,2338
19.266126,-79.13314,298,299,2336,2337
19.800083,-79.100091,299,300,301,302,303,304,305,306,307,308,377,378,379,380,381,382,412,2336,2793,2798
20.666853,-78.900364,300,301,2796,2797,3091,3096
19.932831,-78.966265,300,2797,2798,2799
20.966938,-78.897385,301,302,2477,3095,3096
21.432601,-78.901155,302,303,2476,2477,2491,2492
21.433388,-78.931795,303,304,2476
21.967102,-78.93293,304,305,2475,2476,2490,2491
22.5,-79.033333,305,306,2474,2475
22.5,-79.433333,306,307,3494,3495
22.366754,-79.431991,307,308,3459,3460,3494
22.098976,-79.3996,308,309,378,3459
21.698673,-79.365958,309,310,311,378,379,3067,3068
22.102038,-79.435109,309,3068,3069,3459,3460,3464
21.067278,-79.399389,310,311,3065,3066
21.065756,-79.435061,310,3066,3067
20.832748,-79.398727,311,312,313,314,379,380,3065
20.568702,-79.499826,312,313,2778,3063,3064
20.833195,-79.466033,312,3064,3065,3066,3067,3068,3069,3070,3071,3074,3075
20.566121,-79.467436,313,314,2777,2778,2782
20.466058,-79.466466,314,315,380,381,2777
19.966837,-79.532818,315,381,382,2776
20.46795,-79.501552,315,2776,2777,2781,2782
21.166975,-79.533829,316,317,3073,3074,3075
20.534008,-79.567379,316,2779,3063,3064,3074
20.233894,-79.632822,316,317,318,383,2779,2780
21.1667,-79.600081,317,318,3072,3073
20.633984,-79.666441,318,319,320,383,384,3072
22.367269,-79.800229,319,320,3336,3337,3339,3340,3341,3342,3343
21.866951,-79.666697,319,3071,3072,3073,3075,3337
21.898267,-79.833531,320,321,384,385,2950,2951,3335,3336
21.767372,-79.832889,321,322,323,385,386,2948,2949
21.767344,-79.866018,321,2949,2950
21.49841,-79.833732,322,323,2586,2587,2947
21.666168,-79.867148,322,2947,2948
21.432859,-79.800441,323,324,325,386,387,2586
20.899368,-79.83348,324,325,2501,2502,2584,2585
21.434322,-79.833259,324,2585,2586,2587,2595,2596
20.668352,-79.798784,325,326,387,388,2501
19.734073,-79.733436,326,388,389,2500,2516,2518
20.034196,-79.800342,326,2501,2502,2512,2513,2516
18.866842,-80.001598,327,328,329,390,2072,2073,2074,2075,2077,2218
18.668021,-79.933783,327,2218,2219,2220
18.267493,-79.931873,327,390,415,2216,2217,2219
18.832926,-80.033054,328,329,2070,2071
18.834457,-80.065865,328,2071,2076,2077
17.934428,-80.134458,329,390,415,422,423,2070
19.266,-80.067197,330,331,2073,2074,2510,2511
19.06583,-80.097993,330,2074,2075
18.933569,-80.166824,330,331,332,333,391,2075,2076,2077
19.534016,-80.100757,331,332,2510,2674
19.83317,-80.197732,332,333,2674,2676,2677,2678
19.666097,-80.500127,333,334,391,424,425,426,427,429,2676
20.300654,-80.399156,334,335,392,416,424,2834,2835,2945,2957
20.198942,-80.400174,334,2676,2678,2835
20.734018,-80.299838,335,336,392,2956
20.53308,-80.266462,335,2956,2957,2958,2960
21.299142,-80.232934,336,337,392,393,394,395,396,397,398,399,400,401,402,416,2954,2955
20.900685,-80.166614,336,2955,2956,2959,2960
21.800138,-80.100011,337,338,393,2952,2953,3335,3336,3339
21.566728,-80.099874,337,2953,2954
22.5,-79.966667,338,339,393,394,3342,3343
22.199021,-79.932675,338,3339,3343
22.46913,-80.033349,339,394,395,3518
22.5,-80.033333,339,3518,3519
22.432396,-80.133061,340,396,397,3506
22.466769,-80.132286,340,3506,3507,3508,3510,3511
22.46709,-80.100163,340,395,396,3507,3518,3519
22.46492,-80.200928,341,342,343,344,398,399,3509
22.467518,-80.167326,341,3509,3510,3511
22.435527,-80.167411,341,397,398,3506,3510
22.5,-80.233333,342,343,3516,3517
22.5,-80.2,342,3508,3509,3511
22.467445,-80.234653,343,344,3516
22.465637,-80.267887,344,345,346,399,400,3516,3517
22.5,-80.366667,345,346,3488,3489,3492,3493
22.5,-80.266667,345,3517
22.366,-80.366577,346,400,401,3488
22.433732,-80.432334,347,402,403,416,424,425,3490,3491
22.434015,-80.398658,347,3491,3492,3493
22.366122,-80.399991,347,401,402,3488,3492
22.5,-80.4,348,349,3489
22.467583,-80.400173,348,3489,3490,3491,3493
22.466775,-80.434741,348,349,350,351,352,353,354,355,356,403,3490
13.634404,-79.866066,364,407,417,418,419,420,426,427,792,793
14.667688,-79.767976,368,408,417,418,1073,1170,1171,1172,1173,1174
15.265918,-79.532886,369,370,371,372,373,409,1173,1174,1199
19.699109,-79.600259,382,383,384,385,386,387,388,389,412,413,2776,2780,2781
18.965742,-79.731864,389,413,414,2216,2217,2500
17.934282,-80.167509,391,423,428,429,2070,2071,2076
14.898488,-79.766278,409,410,418,419,1174
18.266151,-79.86659,414,415,421,422,2216
0.399596,-70.734243,430,431,454,485,486
0.0,-71.066667,430,452,453,454
0.665302,-71.031849,431,432,485
0.700019,-71.034424,432,433,484,485,486,487,488
0.700356,-71.266368,433,434,483,484
1.032415,-71.799101,434,435,482,483
1.033644,-71.832498,435,436,481,482
1.26558,-72.032213,436,437,480,481
1.265722,-72.099625,437,438,480
1.799982,-72.332417,438,439,479,480,481,482,483,484,488
2.201602,-72.467048,439,440,478,479
2.831531,-73.066421,440,441,477,478,586
2.833255,-73.10045,441,442,494,586,638,639
2.833118,-73.200705,442,443,493,494,495,560,561
2.433823,-73.599488,443,444,493
2.433051,-73.633396,444,445,450,492,493,559,560
2.132941,-73.831827,445,450,451,490,491
2.200454,-73.834211,445,491,492
1.833111,-74.20022,446,489,490,491,492,558,559
1.832111,-74.132946,446,447,448,449,451,490
0.167244,-68.66612,452,453,457,458,459
0.0,-68.633333,452,458
0.367102,-69.500227,453,454,459,486,487
0.433943,-68.166777,455,456,460
1.133333,-67.5,455,460,461
0.0,-67.5,455,456,457,458
0.433203,-68.398763,456,457,459,460,461,462,463,464,465,466,467,468,469,470,471,472,473,474,475,476,477,478,479,487,488
6.9,-67.5,461,462,594,595
6.56614,-67.900408,462,463,594
6.566862,-67.934077,463,464,593,594,595,596,597,598,599,600,601,602,645,646
6.033326,-68.464677,464,465,592,593
5.998606,-68.466055,465,466,592
5.999731,-68.566479,466,467,592,593,644,645
5.832068,-69.132301,467,468,643,644
5.634916,-69.400686,468,469,591,642,643
5.599379,-69.40016,469,470,590,591
5.266341,-69.732419,470,471,590
5.265466,-69.767073,471,472,589,590,591,641,642
4.866864,-70.132549,472,473,588,589
4.599606,-70.334736,473,474,588
4.53286,-70.800979,474,475,587,588,589,640,641
3.599954,-71.865376,475,476,587
3.299961,-72.598585,476,477,586,587,639,640
3.166781,-73.399825,494,495,637,638
3.166411,-73.434718,495,561,562,636,637
5.868168,-72.93414,496,564,565,566,567,581,582,632,633
5.666171,-72.932957,496,633,634,635,636,637,638,639,640,641,642,643,644,645,646,647,648,660
5.666874,-72.966707,496,564,634
6.531801,-72.699818,497,498,565,566,631
6.134078,-72.702179,497,631,632,633,659,660,661
6.13256,-72.733247,497,565,632
7.166867,-72.665826,498,499,566,567,630
6.533427,-72.66594,498,630,631,658,659
7.866981,-72.633394,499,500,501,567,568,569,582,583,629
7.166615,-72.632444,499,629,630,657,658
8.265684,-72.400993,500,501,628,655,656
7.999651,-72.466809,500,629,656,657
8.731546,-72.399806,501,502,568,628
9.200005,-72.366346,502,503,504,568,569,627
8.732445,-72.366335,502,627,628,654,655
10.532592,-71.899693,503,504,625,626
9.834443,-71.933541,503,626,627,653,654
11.066015,-72.099523,504,569,570,583,584,585,624,625
11.600126,-71.832464,505,570,571,572,573,574,575,576,577,578,584,622,623
11.398116,-71.832811,505,623,624,625,626,652,653
11.399511,-71.866494,505,570,624
12.198888,-71.600601,506,507,508,509,510,511,512,513,514,515,516,517,518,519,520,521,522,523,524,525,526,527,528,529,530,531,532,533,534,535,571,572,621
11.966986,-71.600778,506,621,622,623,651,652
11.967087,-71.632122,506,571,622
12.834358,-71.366261,507,508,619,620
12.199595,-71.566457,507,620,621,650,651
14.300425,-71.367647,508,509,618,619
14.465259,-71.533946,509,510,617,618,939,940
14.465679,-71.56759,510,511,938,939,1030
14.466313,-71.667006,511,512,1029,1030,1031,1032,1043
14.165675,-72.200769,512,513,1028,1029
14.099398,-72.199672,513,514,1027,1028
14.032579,-72.600229,514,515,1027
14.033457,-72.833553,515,516,1026,1027,1028,1029,1042,1043,1044,1045
14.000031,-72.833205,516,517,1025,1026
13.932898,-73.100237,517,518,1025
13.933128,-73.234001,518,519,1025,1026,1041,1042
4.898785,-73.434333,562,563,635,636
5.332302,-73.1999,563,564,580,581,634,635
11.666667,-67.5,595,596,720
11.667104,-67.53132,596,597,720,727
11.767134,-67.533374,597,598,726,727,728,729
12.000443,-67.600105,598,599,725,726
12.232926,-67.834114,599,600,724,725
12.232547,-67.866658,600,601,723,724
12.466354,-67.86757,601,602,722,723
12.966958,-68.033132,602,603,646,647,721,722,800,801
13.033813,-68.066379,603,604,605,606,607,647,648,837,838,848,849
13.033062,-67.999691,603,799,800,837
13.133755,-68.232143,604,605,906,907,908,951,952
13.132859,-68.065931,604,847,848,906
13.234818,-68.40073,605,606,950,951
13.234537,-68.565792,606,607,949,950
13.300741,-68.766506,607,608,609,648,660,661,948,949
13.734114,-69.432774,608,609,946,947
13.566395,-69.133824,608,947,948
13.733653,-69.466855,609,649,650,651,652,653,654,655,656,657,658,659,661,945,946
14.066894,-69.699704,610,611,943,944
14.066047,-69.631703,610,944,945,946,947,948,949,950,951,952,953,954,955,956,957,958,959,960,961,962,963,964,965,969
14.000072,-69.633176,610,611,649,945
14.299733,-69.933037,611,612,613,614,615,616,617,618,619,620,649,650,943
14.698939,-70.401439,612,613,967,968
14.334851,-69.932641,612,943,944,968,969
14.734847,-70.734451,613,614,942,966,967
14.632652,-71.034148,614,615,941,942
14.566427,-71.03312,615,616,941
14.567008,-71.333988,616,617,940,941,942,966
11.500778,-79.367087,669,670,672,710
11.333263,-79.500632,670,671,672,683,684
11.566277,-79.365665,672,673,674,684,685,709,710
12.501086,-79.098948,675,676,735,768,769,770,771,772,773,774
12.532257,-79.100148,676,677,686,687,774,775,776
12.500316,-79.200502,677,678,679,680,687,740
12.532655,-79.198417,677,740,741,775
12.499137,-79.400508,678,740,741,742,743,744,750
11.599714,-79.634805,680,681,682,683,684,685,686,687,714
11.60091,-79.667576,681,713,714,718,719
12.53348,-78.43441,694,695,696,697,698,699,700,701,702,703,704,705,783
13.200083,-78.532817,695,696,753,836
13.066743,-78.499782,695,783,786,787,832,833,834,835,836
13.200979,-78.564867,696,697,752,753,754,755,764,766,767
12.732054,-78.56836,697,698,737,752
12.33408,-78.633795,698,699,737,738,739
11.966876,-78.665303,699,700,730,731,739
13.033333,-67.5,720,727,728,797,798,799,800,801
12.966352,-67.96758,721,796,797,801
12.868754,-67.833734,721,722,723,724,725,726,729,796
12.932977,-67.665344,728,729,796,797
12.30046,-78.767155,731,732,738,739,751
12.367291,-78.766174,732,733,751,762,763
12.59887,-78.699754,737,738,751,752,763,764
12.567361,-79.29965,741,742,775,776,777,778,779,780,781,782
12.966034,-79.435321,742,743,782,802
13.46761,-78.566225,753,754,835,836
13.566942,-78.567047,754,755,834,835,900,901
13.135003,-78.899927,755,765,767,900
13.033836,-79.100278,756,757,778,779,825
13.400474,-78.967595,756,825,826,904,905
13.13341,-78.9665,756,757,758,759,760,765,900,901,902,903,905
13.033799,-79.066481,757,758,777,778
12.766896,-79.06575,758,759,773,774,776,777
12.866587,-78.933247,759,760,772,773
13.000969,-78.832935,760,765,766,767,771,772
12.800702,-78.832901,761,762,763,764,766,770,771
13.09891,-79.299713,779,780,825,826,827,831
12.998961,-79.400732,780,781,803,830,831
13.000432,-79.433577,781,782,802,803,817,818
13.06599,-78.232576,784,785,786,787,852,883
13.43265,-78.266804,785,786,832,882
13.433132,-78.232803,785,882,883,884,885,886,895,896
13.133747,-67.766876,798,799,837,838
13.4,-67.5,798,838,839,840,849,850,851
13.101484,-79.399529,803,804,818,819,829,830
13.66774,-79.165968,804,819,820,821,822,823,824,828
13.533308,-79.165716,804,828,829
14.099706,-78.73418,805,806,971,1050,1051
13.700405,-78.900559,805,971,972,973
13.697417,-78.998049,805,806,807,808,809,810,820,827,828,829,830,831,972
14.399531,-78.667518,806,807,1049,1050
14.433075,-78.668158,807,808,880,1048,1049
14.43379,-78.699628,808,809,879,880,892
14.732621,-78.733186,809,810,878,879,1175,1176
14.699203,-78.933036,810,811,820,821,1175
14.634003,-78.964736,811,821,822,1075,1076
14.699064,-78.966556,811,1076,1077,1175,1176,1177,1178,1179,1180
14.299645,-79.199483,812,1054,1055,1074
14.464771,-79.066774,812,822,823,1074,1075
13.566735,-78.999761,826,827,904,970,972,973
13.800328,-78.300862,832,833,882,895,1017
13.765821,-78.499632,833,834,901,902,1017,1018,1019
13.66677,-78.03474,853,854,980,981,982,983,984
13.832604,-78.034047,854,855,984,1020
13.832247,-78.067164,855,856,857,858,859,884,885,1020,1024
14.634047,-78.067263,856,857,1091,1092,1099
14.301533,-77.933076,856,1023,1024,1086,1087,1088,1089,1090,1092
15.032909,-78.100865,857,858,1098,1099,1100,1211
15.234038,-78.166377,858,859,1211,1214,1235,1236,1237,1238
15.368028,-78.233371,859,860,861,885,886,1238
15.598672,-78.200392,860,861,1236,1237,1285,1286,1287
15.367516,-78.200242,860,1237,1238
15.866302,-78.332982,861,886,887,896,897,1284,1285
17.065354,-78.365887,862,863,1530
17.03295,-78.299838,862,1530,1531,1532,1533,1534,1535,1536,1538
16.201798,-78.33247,862,863,887,1283,1284,1531
17.333911,-78.433887,863,864,865,866,887,888,889,890,891,897,898,1529,1530,1537,1538
17.966184,-78.500125,864,865,2008,2009
17.500806,-78.434617,864,1528,1529,1991,1992,1993,1994,1995,1996,1997,2009,2010
17.900178,-78.49966,865,866,1854,1855,2008
17.466253,-78.566712,866,867,868,869,870,888,1854
17.600367,-78.666989,867,868,1853,1861,1862,1863,1865
17.598116,-78.567488,867,1854,1855,1856,1857,1861
17.499778,-78.666822,868,869,1683,1684,1853
17.300459,-78.600353,869,870,1682,1683
17.298471,-78.533753,870,888,889,1681,1682,1755,1756
16.865442,-78.69839,871,872,1680,1681,1682,1683,1684,1685,1686,1703
16.868664,-78.666073,871,1681,1756
16.466027,-78.532982,871,872,873,874,875,890,891,1755,1756
16.766403,-78.699068,872,873,1679,1680,1733,1734,1735,1736,1737
16.36627,-78.633289,873,874,1732,1733
16.334117,-78.634031,874,875,1253,1254,1732
15.901682,-78.464809,875,876,891,898,899,1253
15.266772,-78.533348,876,877,878,879,892,893,894,899,1252
15.898226,-78.500852,876,1252,1253,1254,1255,1256,1259,1260
15.032335,-78.632425,877,878,1176,1177,1205
15.432685,-78.633393,877,1205,1206,1252,1259
14.532444,-78.666451,880,892,893,1048
14.564928,-78.399618,881,894,895,896,897,898,899,1017,1018
14.400326,-78.466605,881,1018,1019,1046,1047
14.533282,-78.533704,881,893,894,1047,1048,1049,1050,1051,1052
16.932169,-78.499155,889,890,1755
13.901612,-78.565733,902,903,1019,1046
13.901573,-78.601504,903,904,905,970,1046,1047,1052
13.566958,-68.267204,909,953,954,974,975,978,979
13.732464,-68.234302,910,977,978,979
13.732937,-68.267055,910,911,954,955,978
15.568114,-69.100138,913,914,915,957,958,1331,1335
16.03209,-69.267173,914,915,1333,1334
15.732671,-69.101442,914,1334,1335,1336
16.033813,-69.298552,915,916,917,958,959,1333
16.63314,-69.267098,916,917,1637,1638
16.133204,-69.267884,916,1332,1333,1334,1336,1596,1638,1639
17.102086,-69.366736,917,918,959,960,1636,1637,1845,1846
17.1333,-69.432915,918,919,920,960,961,1901,1902,1906
17.166538,-69.366081,918,1844,1845,1901
17.400592,-69.534561,919,920,1904,1905
17.23264,-69.434877,919,1905,1906,1907,1908
17.399888,-69.565944,920,961,962,1904
17.832745,-69.532895,921,922,1630,1631,1947
17.733223,-69.533174,921,1903,1942,1943,1944,1945,1947,1948
17.734431,-69.565635,921,922,962,963,1903,1904,1905,1908
17.83337,-69.59919,922,923,924,925,963,964,1629,1630
18.099512,-69.599295,923,924,2174,2175,2178
18.10055,-69.565586,923,1629,2174
18.29912,-69.600949,924,925,2177,2178
18.23305,-69.699875,925,926,927,964,965,2176,2177
18.667383,-69.998478,926,927,1627,1628,1654,1660,1661
18.46779,-69.700909,926,1628,2176
18.666157,-70.066638,927,928,929,930,931,932,933,934,935,936,937,938,939,940,965,966,967,968,969,1626,1627
19.399423,-70.767549,928,929,2259,2260,2261,2262,2263,2264,2265,2266,2267,2280,2281,2282,2283,2284,2285,2286
19.567741,-70.233468,928,1625,1626,2260,2705,2706
18.833309,-71.334399,929,930,2258,2259
18.734577,-71.499925,930,931,2258
18.734321,-71.733219,931,932,2258,2259,2279,2280
18.399745,-72.365503,932,933,1146,2089,2278,2279
16.866804,-72.36632,933,934,1145,1146,1147,1148,1149,1150,1151,1152,1153,1164,1165
16.500656,-72.133309,934,935,1144,1145
15.966231,-71.70109,935,936,1143,1144
15.966712,-71.666205,936,937,1142,1143
14.632678,-71.667998,937,938,1030,1031,1142
14.000945,-78.600995,970,971,973,1051,1052
13.76662,-77.86594,980,981,1005
13.999785,-77.733078,981,982,1004,1005,1006,1007,1008,1009,1010,1016
14.199604,-77.833955,982,983,1004,1021
14.199809,-77.901024,983,984,1020,1021,1022,1023,1024
14.000934,-77.53228,985,986,1058,1059,1062
14.132585,-77.532879,986,987,1061,1062
14.133495,-77.567454,987,988,1060,1061
14.300526,-77.566205,988,1006,1007,1060,1068
14.63499,-77.467534,989,990,1065,1066,1101,1102,1126,1127
14.532844,-77.466098,989,1066,1067
14.532218,-77.566655,989,990,991,1007,1008,1067,1068
15.033426,-77.534122,990,991,1126,1201,1202,1203,1204
15.833207,-77.533888,991,992,993,994,995,996,1008,1009,1204
16.300274,-77.468442,992,993,1123,1124,1362,1363
15.900742,-77.466267,992,1124,1125,1203,1204
15.965206,-77.600074,993,994,1361,1362
15.699444,-77.59968,994,995,1220,1221,1361
15.467078,-77.635188,995,996,1220
15.099565,-77.700671,996,1009,1010,1220,1221
16.865866,-77.866418,997,998,1521,1522
16.933161,-77.765661,997,1367,1522,1523
15.734445,-77.731806,997,998,1010,1011,1012,1013,1014,1015,1016,1221,1361,1362,1363,1364,1365,1366,1367
17.032089,-77.900909,998,999,1000,1011,1521,1787
16.768204,-77.933142,999,1000,1518,1519,1786
16.965705,-77.99872,999,1786,1787,1788,1789,1790
16.46616,-77.865774,1000,1011,1012,1517,1518
15.233914,-77.866669,1001,1002,1096,1226,1227
15.499076,-77.900317,1001,1227,1228
15.967479,-77.867908,1001,1002,1012,1013,1228,1229,1517
14.735549,-77.79812,1002,1013,1014,1087,1088,1095,1096,1097,1098,1100
14.201632,-77.800746,1003,1004,1015,1016,1021,1022
14.3005,-77.800753,1003,1022,1023,1086
14.399297,-77.799954,1003,1014,1015,1086,1087
14.865444,-71.934944,1031,1032,1142,1143,1144,1145,1163,1164
14.865267,-72.201212,1032,1033,1043,1044,1163
14.900625,-72.632319,1033,1034,1044,1045,1161,1162
14.900078,-72.200031,1033,1162,1163,1164,1165,1166,1167,1168,1169
15.199666,-73.266891,1034,1035,1036,1037,1038,1039,1040,1041,1042,1045,1159,1160
15.099776,-72.966497,1034,1160,1161
14.299892,-79.333584,1055,1056,1074,1075,1076,1077,1078,1079,1080,1081,1082,1084,1085
14.366944,-79.399772,1056,1057,1069,1070,1084
14.631371,-77.331366,1064,1065,1101
14.50051,-79.3996,1070,1071,1083,1084,1085
14.7008,-79.500791,1071,1072,1083,1170,1171
14.667474,-79.665205,1072,1073,1170
15.000855,-78.966733,1077,1078,1180
15.098364,-78.966012,1078,1079,1179,1180,1215,1216,1217,1218,1219
15.200635,-79.06655,1079,1080,1219,1222,1223
15.201997,-79.167721,1080,1081,1197,1198,1222
14.999221,-79.299172,1081,1082,1197
14.96626,-79.433316,1082,1083,1085,1171,1172,1197,1198,1200
14.732343,-77.933832,1088,1089,1094,1095
14.700086,-77.934448,1089,1090,1093,1094
14.700126,-77.967193,1090,1091,1092,1093
14.765487,-77.96557,1091,1093,1094,1095,1099,1100
15.199634,-77.866777,1096,1097,1226
15.199877,-77.93318,1097,1098,1211,1212,1213,1214,1226,1227,1228,1229,1233,1234
15.332775,-77.06737,1104,1105,1298,1299
15.365689,-77.066461,1105,1106,1107,1108,1128,1133,1136,1137,1298
15.833442,-77.000489,1106,1107,1296,1297
15.365823,-77.033746,1106,1297,1298,1299,1300
15.832867,-77.100708,1107,1108,1295,1296
16.032988,-77.134233,1108,1109,1137,1138,1294,1295
16.16682,-77.232059,1109,1110,1138,1140,1141,1569,1570,1587
16.099615,-77.066123,1109,1293,1294,1569
16.899328,-77.134619,1110,1139,1141,1586
16.566472,-77.100151,1110,1586,1587,1588,1595
17.366173,-77.700371,1111,1112,1129,1130,1131,1132,1134,1929,1930,1931,1933
17.36575,-77.565675,1111,1583,1584,1929
17.300017,-77.566977,1111,1129,1584,1585
17.733278,-77.533744,1112,1113,1114,1115,1130,1932
17.701648,-77.533063,1112,1932,1933
17.934986,-77.533287,1113,1114,1937,1938,2067,2068
17.732418,-77.499981,1113,1931,1932,1933,1938,1939
17.932414,-77.633666,1114,1115,2067
17.932924,-77.866796,1115,1116,1117,1118,1119,1130,1131,2067,2068,2069,2079
17.933126,-78.100012,1116,1117,1993,1994,2078
18.03352,-78.034094,1116,2078,2079,2080,2081,2082,2083,2084,2085,2086
17.765615,-78.167891,1117,1118,1525,1526,1992,1993
17.399563,-77.967027,1118,1119,1524,1525
17.167803,-77.732986,1119,1120,1131,1132,1366,1367,1523,1524
17.098975,-77.332695,1120,1121,1132,1134,1135,1777,1778
16.900299,-77.534629,1120,1365,1366,1778
16.634376,-77.366524,1121,1122,1123,1124,1125,1135,1139,1140,1141,1776
16.734043,-77.365159,1121,1776,1777
16.400007,-77.466162,1122,1123,1363,1364
16.634381,-77.467678,1122,1364,1365,1776,1777,1778
15.731795,-77.134427,1125,1136,1137,1138,1140,1202,1203
15.200245,-77.333784,1126,1127,1128,1133,1201
16.998806,-77.066339,1129,1134,1135,1139,1585,1586,1594,1595
15.332123,-77.199468,1133,1136,1201,1202
18.400515,-72.466369,1146,1147,2088,2089,2090,2091,2092,2093,2094,2095,2096,2097,2098,2099,2100,2101,2102,2103,2104
18.067941,-72.801016,1147,1148,2088
18.100835,-72.900306,1148,1149,2087,2088,2104
17.934413,-73.665736,1149,1150,2087
17.93212,-73.767924,1150,1151,2087,2103,2104
18.033452,-73.935048,1151,1152,1376,2102,2103
18.033038,-73.966115,1152,1153,1376,1377,1378,1379,1380,1407
17.298542,-73.965932,1153,1154,1165,1166,1375,1406,1407,1412,1413
17.034094,-73.833463,1154,1166,1167,1373,1374
17.034975,-73.865955,1154,1374,1375
16.534795,-73.865574,1155,1156,1168,1169,1372
16.867501,-73.9004,1155,1372,1373,1374,1375,1405,1406
16.866606,-73.833392,1155,1167,1168,1373
16.165698,-73.83401,1156,1157,1158,1159,1160,1161,1162,1169,1371
16.366638,-73.900217,1156,1371,1372,1404,1405
16.167017,-73.90005,1157,1370,1371,1403,1404
15.099976,-79.433834,1172,1173,1199,1200
15.032209,-78.666812,1177,1178,1205,1206,1210
15.099532,-78.667034,1178,1179,1209,1210,1215
15.033362,-67.765784,1191,1192,1193,1194,1195,1196
14.83337,-67.766881,1191
14.833189,-67.800984,1191,1196
15.067383,-67.66688,1192,1193
15.000155,-67.665583,1192
15.266392,-67.733591,1193,1194
15.265374,-67.766958,1194,1195
15.334644,-67.832414,1195,1196
15.50024,-78.633151,1206,1207,1208,1209,1210,1258,1259,1260
15.498102,-78.831957,1207,1208,1216,1217,1306,1313
15.500489,-78.734121,1207,1257,1258,1306
15.233794,-78.665459,1208,1209,1215,1216
15.332929,-78.031976,1212,1213,1235,1236,1278,1279,1280,1281,1286
15.334341,-77.999689,1212,1233,1278
15.234232,-78.132732,1213,1214,1235
15.533076,-78.96709,1217,1218,1224,1225,1312,1313
15.400602,-79.033691,1218,1219,1223,1224
15.966834,-77.900961,1229,1230,1231,1232,1234,1517,1518,1519,1534,1535
15.898773,-78.065044,1230,1231,1280,1281,1512
16.100945,-77.999759,1230,1512,1513,1533,1534
15.565651,-77.967645,1231,1232,1279,1280
15.566002,-77.933521,1232,1233,1234,1278,1279
15.466667,-67.5,1240,1241,1314
15.467073,-67.532829,1241,1242,1314,1315
15.501082,-67.5326,1242,1243,1244,1249,1250,1315
15.533333,-67.5,1243,1244,1322
15.5,-67.5,1243,1314,1315
15.533595,-67.533482,1244,1245,1246,1250,1251,1322,1323,1324,1330
15.567032,-67.533437,1245,1316,1329,1330
16.200291,-78.866161,1254,1255,1429,1430,1431,1432,1433,1732,1733,1737
15.933712,-78.831542,1255,1256,1307,1308,1428,1429
15.634875,-78.666182,1256,1257,1258,1260,1307
15.634501,-78.734491,1257,1306,1307,1308,1309,1310,1311,1312,1313
15.86639,-68.634345,1263,1264,1416,1420,1421,1442
15.932698,-68.69967,1264,1265,1442,1443,1480,1481
15.934121,-68.734368,1265,1266,1267,1273,1274,1479,1480
15.632723,-68.766707,1268,1269,1270,1276,1337
15.899135,-78.199483,1281,1282,1286,1287,1512,1513,1516
16.100866,-78.233743,1282,1283,1284,1285,1287,1514,1515
16.099787,-78.199991,1282,1515,1516
16.200543,-78.233573,1283,1514,1531,1532
16.033638,-76.933558,1288,1289,1345,1346
16.032638,-76.967046,1289,1290,1291,1292,1293,1294,1295,1296,1297,1300,1345
16.533657,-76.967203,1290,1291,1571,1738,1739,1740
16.266135,-76.900547,1290,1344,1345,1346,1738
16.534172,-77.033305,1291,1292,1570,1571,1587,1588
16.232984,-76.99842,1292,1293,1569,1570
15.999625,-67.665636,1302,1303,1304,1305,1438,1439,1440,1441
16.099998,-67.899141,1303,1437,1438,1505,1506,1507,1508,1511
15.834812,-78.968458,1308,1309,1427,1428
15.832483,-79.066677,1309,1310,1426,1427
15.66756,-67.533566,1316,1317,1328,1329
15.66579,-67.566724,1317,1318,1327,1328
15.867851,-67.565866,1318,1319,1320,1321,1326,1327,1434
15.7,-67.5,1322,1323,1368
15.699394,-67.532883,1323,1324,1368,1369
15.733458,-67.533169,1324,1325,1326,1327,1328,1329,1330,1369,1423,1424,1425
15.899412,-67.565699,1325,1326,1434,1435,1436,1440,1441
15.90009,-67.533575,1325,1425,1435
16.098825,-69.166147,1332,1477,1478,1479,1480,1481,1482,1483,1493,1596
16.267047,-76.833337,1343,1344,1572,1738,1739
16.167462,-79.300429,1349,1350,1678,1715
16.164714,-79.432756,1350,1351,1539,1540,1678,1698,1699
16.064327,-79.566292,1351,1352,1539
16.067364,-79.597827,1352,1353,1539,1540,1541,1542,1553
16.299424,-79.732495,1353,1354,1552,1553,1554
16.301244,-79.767968,1354,1355,1356,1359,1360,1551,1552
16.900536,-79.733022,1355,1550,1551
15.733333,-67.5,1368,1369,1423
18.199404,-73.932895,1376,1377,2101,2102
18.19914,-73.998692,1377,1378,2100,2101
18.499,-74.066312,1378,1379,2099,2100
18.665417,-74.133818,1379,1380,2098,2099,2381
18.800307,-74.266491,1380,1407,1413,1414,2381,2382,2383,2384,2401,2402
19.56744,-74.266592,1381,1382,2399,2400
19.132413,-74.266486,1381,2400,2401,2402,2406
19.131315,-74.300962,1381,1382,1414,1415,2401
19.999015,-74.365437,1382,1408,1409,1410,1411,1415,2398,2399
21.231461,-74.199121,1383,1408,1409,2396,2397
20.433301,-74.201583,1383,2397,2398,2399,2400,2405,2406
20.432987,-74.233937,1383,1408,2398
22.5,-74.066667,1384,1385,3471
22.300575,-74.065477,1384,2395,3469,3470,3471
22.232824,-74.132444,1384,1385,1386,1387,1388,1409,1410,2395,2396
16.066449,-68.534058,1418,1419,1420,1421,1422,1447,1448
16.066712,-68.63385,1419,1420,1442,1443,1555
16.100637,-68.534064,1419,1447,1555,1556
16.066667,-67.5,1423,1424,1562
16.06618,-67.531868,1424,1425,1435,1436,1562,1566,1567,1568
16.266941,-78.868196,1430,1736,1737
16.234238,-67.700991,1436,1437,1438,1441,1565,1566,1716,1726,1727
16.133099,-67.899918,1437,1506,1716
16.066245,-68.733526,1443,1444,1445,1481,1482,1555,1556,1557,1558,1560,1561
16.098759,-68.799756,1444,1445,1675
16.20159,-68.733854,1444,1560,1675,1676
16.10094,-68.833572,1445,1482,1483,1675,1676,1677
16.199824,-68.533213,1446,1447,1448,1449,1498,1499,1500,1501,1502,1503,1556,1557
16.198752,-68.565626,1446,1557,1558
16.501063,-68.565751,1446,1494,1497,1498,1558,1559,1561
16.399347,-68.066956,1450,1451,1452,1484,1485,1723,1724
16.534787,-67.966437,1450,1724,1725
16.466096,-68.134211,1451,1452,1757
16.59953,-68.066254,1451,1722,1723,1757,1758
16.467024,-68.1673,1452,1485,1486,1757,1758,1759,1760,1763,1764
16.798311,-68.133437,1453,1454,1487,1742,1761,1762
16.666596,-68.133729,1453,1762,1763,1764
16.665603,-68.16633,1453,1486,1487,1488,1495,1763
16.69972,-68.166117,1454,1487,1488,1741
16.799222,-68.165781,1454,1741,1742,1743,1744,1745,1746,1747,1748,1749
16.567491,-68.399948,1455,1500,1501,1747,1748
16.566326,-68.365699,1455,1748,1749
16.300089,-68.366066,1455,1488,1495,1499,1500,1741,1749
16.933117,-68.301011,1456,1457,1808,1809
16.832508,-68.299095,1456,1745,1746,1801,1802,1803,1804,1809
16.732642,-68.399887,1456,1457,1458,1459,1460,1496,1501,1502,1746,1747
16.932599,-68.332641,1457,1458,1807,1808
17.067668,-68.333813,1458,1459,1806,1807
17.067383,-68.36802,1459,1460,1805,1806
17.168209,-68.366937,1460,1461,1489,1490,1491,1492,1496,1805
17.300071,-68.265626,1461,1462,1489,1818
17.199582,-68.265722,1461,1804,1805,1806,1807,1808,1809,1818,1819
17.267964,-68.399176,1462,1463,1464,1465,1466,1467,1468,1469,1470,1489,1490,1923,1928
17.366545,-68.165992,1462,1817,1818,1819,1820,1824,1825,1923
17.765769,-68.400372,1463,1464,2033,2034,2035
17.632546,-68.398936,1463,1927,1928,2025,2034
17.768021,-68.432477,1464,1465,2018,2019,2033
17.601151,-68.465491,1465,1466,1950,1951,2018
17.498023,-68.467224,1466,1467,1950
17.498751,-68.49942,1467,1468,1918,1919,1950,1951,1952,1953,1968,1969
17.400101,-68.499865,1468,1469,1918
17.399146,-68.533068,1469,1470,1898,1899,1917,1918,1919,1920,1921,1922
17.101072,-68.46626,1470,1471,1490,1491,1897,1898
16.898944,-68.466526,1471,1472,1491,1492,1770,1771
17.099662,-68.5009,1471,1771,1772,1897
16.500782,-68.466282,1472,1492,1496,1502,1503,1765
16.76702,-68.467351,1472,1765,1766,1767,1768,1770
16.599597,-68.5994,1473,1474,1766,1767,1769
16.633759,-68.532298,1473,1767,1768
16.499048,-68.532736,1473,1474,1497,1498,1503,1765,1768
16.599159,-68.632945,1474,1475,1476,1477,1493,1494,1497,1769,1775
16.499411,-68.867256,1475,1476,1597
16.933761,-68.700278,1475,1597,1598,1774,1775
16.334,-69.066404,1476,1477,1596,1597,1598,1639,1640,1641,1642,1657,1658,1662,1663
16.432435,-68.799885,1483,1493,1494,1559,1677
16.300271,-78.066617,1513,1514,1515,1516,1532,1533
16.834266,-78.100825,1519,1535,1536,1786,1790
17.06731,-77.900573,1520,1521,1522,1523,1524,1525,1526,1527,1528,1529,1537,1787,1788
17.066106,-77.933088,1520,1788,1789
17.165891,-78.1328,1520,1536,1537,1538,1789,1790
17.565745,-78.334009,1526,1527,1991,1992
17.500299,-78.333461,1527,1528,1991
16.333537,-79.500774,1540,1541,1697,1698,1750
16.332607,-79.600937,1541,1542,1750,1751,1752,1753,1754
16.599022,-79.666453,1542,1543,1553,1554,1754
17.035116,-79.600247,1543,1544,1545,1546,1547,1548,1549,1550,1551,1552,1554,1752,1753
16.598582,-79.632056,1543,1753,1754
17.033335,-79.366387,1544,1545,1697,1750,1751
16.900597,-79.466324,1544,1751,1752
17.165303,-79.333778,1545,1546,1696,1697,1698,1699,1700,1701,1702,1706,1707,1888,1889
17.099648,-79.565442,1546,1547,1888
17.365853,-79.765139,1547,1548,1888,1889,1890,1894,1895,1896
16.33396,-68.63388,1559,1560,1561,1676,1677
16.766667,-67.5,1562,1563,1567,1780
16.63259,-67.533692,1563,1567,1568,1779
16.765699,-67.534181,1563,1779,1780,1781,1782,1783,1784,1785
16.899572,-67.765702,1564,1565,1717,1727,1728,1831,1832
16.833182,-67.599413,1564,1784,1785,1826,1832
16.632497,-67.599946,1564,1565,1566,1568,1779,1785
16.666765,-76.765635,1571,1588,1589,1590,1591,1592,1593,1594,1595,1740
16.533789,-76.734588,1572,1573,1589,1739,1740
16.899348,-76.83355,1576,1577,1590,1591,1833,1837
16.999628,-76.867759,1577,1578,1591,1592,1836
16.999407,-76.833652,1577,1836,1837,1839
17.066221,-76.899129,1578,1579,1580,1592,1593,1835
17.06728,-76.866083,1578,1835,1836,1838,1839
17.133939,-76.899223,1579,1834,1835,1838
17.401068,-77.232412,1581,1582,1934,1935,1941
17.600256,-77.466318,1582,1583,1929,1930,1940,1941
17.031724,-68.700565,1598,1599,1600,1640,1773,1774
17.233495,-68.699204,1599,1600,1900,1917,1922
17.099785,-68.633798,1599,1772,1773,1897,1898,1899,1900
17.399068,-68.700327,1600,1601,1602,1603,1640,1641,1921,1922
17.499494,-68.667105,1601,1602,1919,1920,1949,1967,1968
17.399406,-68.665977,1601,1920,1921
17.399442,-68.732459,1602,1603,1949
17.39909,-68.80042,1603,1641,1642,1949,1966,1967
17.766758,-68.766067,1604,1605,1643,1965,1973,1974
17.533233,-68.766577,1604,1966,1967,1968,1969,1970,1974
17.533063,-68.799514,1604,1642,1643,1644,1645,1646,1658,1966
17.599961,-68.798441,1605,1643,1644,1963,1964
17.767684,-68.801638,1605,1964,1965
17.566201,-68.999552,1606,1645,1646,1961,1962
17.83356,-68.865902,1606,1962,1963,1964,1965,1972,1973
17.59962,-68.865068,1606,1644,1645,1963
18.133355,-69.132393,1607,1608,2155,2156,2158
17.998634,-69.133024,1607,2139,2148,2156
17.966045,-69.134089,1607,1608,1609,1666,1669,1670,1960,2133,2134,2135,2136,2137,2138,2139
18.098965,-69.301596,1608,1609,2155,2179
18.165692,-69.399638,1609,1670,1672,1673,2179,2180,2182
18.501334,-69.233292,1610,1611,2152,2153
18.367338,-69.40039,1610,2153,2154,2157,2181
18.368123,-69.466706,1610,1611,1612,1647,1648,1673,1674,2181,2182
18.768019,-69.302097,1611,1612,2151,2152,2419,2423
18.999571,-69.267829,1612,1613,1647,2422,2423,2539,2540
18.833592,-69.332034,1613,1614,1647,1648,2287
18.999609,-69.298331,1613,2287,2288,2539
18.500138,-69.499632,1614,1648,1671,1674,2290
18.833022,-69.366667,1614,2287,2288,2289,2290
19.134641,-69.367077,1615,1616,1617,1618,1619,1649,2544
19.033894,-69.366288,1615,2288,2289,2539,2540,2541,2542,2543,2544
18.866014,-69.534,1615,1649,1650,1659,1667,1668,1671,2289,2290
19.333891,-69.199362,1616,1617,2520,2570,2571
19.232574,-69.23273,1616,2543,2544,2571
19.499804,-69.267877,1617,1618,2520,2521,2522,2523,2524,2525,2526,2527,2531
19.232197,-69.567287,1618,1619,2519,2530,2531,2532
18.966899,-69.566696,1619,1649,1650,2519
19.56725,-69.866542,1620,1621,1651,2536,2537,2708
19.565712,-69.766005,1620,2528,2529,2708,2709
18.966271,-69.632974,1620,1650,1651,1652,1653,1659,2519,2529,2530
19.268038,-69.799618,1621,1651,1652,2441,2442,2448
19.266473,-69.833321,1621,2442,2535,2536
18.79945,-69.90059,1622,1653,1659,1664,1667,2440
19.064562,-69.832991,1622,2440,2441,2447,2448
19.066463,-69.800728,1622,1652,1653,2441
18.866034,-70.001197,1623,1624,1654,1660,2444,2445
18.900521,-69.933013,1623,2445,2446
18.79918,-69.932971,1623,1660,1661,1664,2440,2446,2447
19.199448,-70.100346,1624,1625,1626,1627,1654,2533,2534,2535,2536,2537,2538
19.000519,-70.000598,1624,2443,2444,2533
19.566452,-70.033188,1625,2538,2706,2707
18.798733,-69.566376,1628,1661,1664,1667,1668,2175,2176,2177,2178
18.301781,-69.53388,1629,1630,1631,1632,1633,1668,1671,1672,1673,1674,2174,2175
17.834195,-69.432776,1631,1632,1946,1947,1948
18.066265,-69.364034,1632,1633,1946
17.899885,-69.167386,1633,1655,1669,1670,1672,1945,1946,1948
17.100659,-69.066286,1634,1655,1665,1666,1669,1842,1843,1849
17.433475,-69.20037,1634,1843,1913,1914
17.633988,-69.167523,1634,1655,1914,1915,1944,1945
16.966692,-69.200497,1635,1656,1657,1662,1840
17.166371,-69.201434,1635,1840,1841,1842,1848,1849
17.000334,-69.134097,1635,1656,1841
17.133573,-69.233476,1636,1846,1847
16.966133,-69.233497,1636,1637,1638,1639,1657,1840,1847,1848
17.566762,-69.033669,1646,1658,1663,1665,1666,1960,1961
16.998637,-69.067235,1656,1662,1663,1665,1841,1842
16.667715,-79.299355,1678,1699,1700,1714,1715
16.701452,-78.932238,1679,1710,1711,1734
16.766094,-78.934543,1679,1680,1702,1703,1707,1711,1712
17.465533,-78.8342,1684,1685,1852,1853,1860,1864,1865
17.032736,-79.068722,1685,1686,1852
17.033285,-79.100568,1686,1703,1704,1705,1706,1707,1852,1859,1860
17.466691,-78.93325,1687,1688,1863,1864,1865
17.266972,-78.999626,1687,1859,1860,1864
17.166088,-79.098816,1687,1688,1689,1690,1691,1692,1704,1859
17.901295,-78.866033,1688,1689,1858,1862,1863
17.900632,-78.932875,1689,1690,1858
18.066902,-78.933749,1690,1691,1857,1858,1861,1862,2006,2007
18.333404,-79.167523,1691,1692,2005,2006
18.233404,-79.432907,1692,1693,1694,1704,1705,2004,2005,2166,2167
17.39977,-79.432638,1695,1696,1889,1890
16.73387,-79.232834,1700,1701,1713,1714
16.76604,-79.033941,1701,1702,1712,1713
17.066786,-67.799757,1717,1728,1729,1866,1867,1868,1882,1883
17.067393,-67.767255,1717,1830,1831,1866
17.266063,-67.900601,1718,1719,1811,1812
17.266457,-67.999711,1718,1812,1822,1823,1824,1825
17.50073,-67.733679,1718,1719,1730,1813,1814,1815,1816,1823,1881
17.200485,-67.900111,1719,1720,1721,1722,1723,1724,1725,1730,1731,1811
16.833747,-68.032721,1720,1721,1791,1792,1810
17.033939,-67.998705,1720,1810,1811,1812,1821,1822
16.766802,-68.033516,1721,1722,1758,1759,1791
17.232287,-67.799644,1729,1730,1731,1881,1882
16.833404,-68.134687,1742,1743,1761,1798,1799
16.867602,-68.133789,1743,1744,1797,1798
16.866432,-68.20011,1744,1745,1796,1797,1801
16.766087,-68.099475,1759,1760,1791,1792,1793,1800
16.833517,-68.099817,1760,1761,1762,1764,1799,1800
16.767118,-68.532692,1766,1769,1770,1771,1772,1773,1774,1775
17.0,-67.5,1780,1781,1850
17.000259,-67.534804,1781,1782,1827,1850,1851
17.000601,-67.567643,1782,1783,1826,1827,1828,1829,1830,1831,1832
16.833389,-67.566312,1783,1784,1826
16.832674,-68.067703,1792,1793,1810,1821
17.233136,-68.033164,1793,1794,1795,1796,1797,1798,1799,1800,1820,1821,1822,1825
17.03411,-68.234345,1794,1795,1802,1803
17.199227,-68.233473,1794,1803,1804,1819,1820
17.032015,-68.199601,1795,1796,1801,1802
17.567283,-67.700981,1813,1814,1879,1880,2014
17.501043,-67.700778,1813,1880,1881,1882,1883,1886
17.668049,-67.766669,1814,1815,2014,2015,2016,2017
17.699314,-67.833445,1815,1816,1983,1984,2017
17.43219,-68.135203,1816,1817,1823,1824,1924,1983
17.433084,-68.165957,1817,1923,1924,1925,1926,1927,1928
17.199197,-67.533512,1827,1828,1851,1909,1912
17.266307,-67.532343,1828,1829,1911,1912
17.333053,-67.633764,1829,1830,1866,1867,1910,1911
17.367467,-69.199458,1843,1844,1845,1846,1847,1848,1849,1913
17.233414,-69.367688,1844,1901,1902,1913,1914,1915,1916
17.2,-67.5,1850,1851,1909
18.033332,-78.50085,1855,1856,2008,2009,2010,2011,2013
18.20036,-78.900504,1856,1857,2007,2012,2013
17.433741,-67.633967,1867,1868,1910,1985,1986,1987,1989,1990
17.599684,-67.633881,1868,1869,1870,1871,1883,1886,1887,1989
17.7994,-67.566093,1869,1870,1988,2038,2039
17.599939,-67.600498,1869,1988,1989,1990
17.864579,-67.565372,1870,1871,2038,2061,2066
17.999569,-67.56635,1871,1872,1884,1885,1887,2065,2066
18.167493,-67.533028,1872,1873,1874,1875,1876,1877,1884,2063,2064
18.001404,-67.534388,1872,2064,2065
18.266667,-67.5,1873,1874,2051
18.166667,-67.5,1873,2062,2063
18.266265,-67.532379,1874,1875,2050,2051,2052,2060
17.900588,-67.632711,1875,1876,2049,2050
17.867028,-67.632495,1876,1877,1975,1976,2049
17.799639,-67.632886,1877,1878,1884,1885,1975
17.599556,-67.666802,1878,1879,1880,1885,1886,1887,2015,2016
17.800011,-67.667957,1878,1975,1976,1977,1978,1979,1980,1981,1982,1984,2016,2017
17.601283,-67.699807,1879,2014,2015
17.233493,-68.667229,1899,1900,1917
17.499663,-69.433852,1902,1906,1907,1916,1942,1943
17.400491,-69.469219,1903,1907,1908,1942
17.5,-67.5,1909,1910,1911,1912,1985
17.63346,-69.33344,1915,1916,1943,1944
17.667082,-68.132726,1924,1925,1982,1983,1984,2026
17.667093,-68.166075,1925,1926,2025,2026,2027,2028,2029,2030,2031,2032,2034,2035
17.632416,-68.167328,1926,1927,2025
17.733294,-77.466479,1930,1931,1939,1940
17.599685,-68.498635,1951,1952,2018,2019,2020,2023
17.700816,-68.500131,1952,1953,2022,2023,2024
17.935101,-68.601597,1953,1954,1955,1969,1970,2022,2105,2106,2107,2108,2109,2110,2111,2120
17.99866,-68.632871,1954,1955,2118,2119,2164,2165
18.001,-68.600347,1954,2119,2120,2126
17.999425,-68.666736,1955,1956,1970,1971,1972,1973,1974,2164
18.033411,-68.76727,1956,1957,1958,1959,1971,2162,2163
18.032196,-68.666612,1956,2163,2164,2165
18.199918,-68.832491,1957,1958,2116,2117,2122,2123,2134,2135
18.20099,-68.76615,1957,2117,2161,2162
18.03381,-68.966591,1958,1959,2133,2134
17.967804,-68.96574,1959,1960,1961,1962,1971,1972,2133
17.866497,-67.667283,1976,1977,2049,2050,2059,2060
18.234787,-67.734271,1977,1978,2058,2059
18.30021,-67.867444,1978,1979,2057,2058,2226,2227
18.266823,-67.866839,1979,1980,2226
18.266477,-67.932277,1980,1981,2042,2043,2226,2227,2228,2229,2231,2232
17.832517,-68.066265,1981,1982,2026,2027,2042
17.733333,-67.5,1985,1986,2036
17.733107,-67.531481,1986,1987,2036,2037,2040
17.799689,-67.531949,1987,1988,1990,2039,2040,2041
17.93255,-78.168521,1994,1995,2078,2086
18.034138,-78.201095,1995,1996,2085,2086
18.333716,-78.133994,1996,1997,2084,2085,2237
18.466887,-78.366739,1997,1998,2010,2011,2190,2191,2237,2238,2239,2240,2241,2242
18.132742,-78.600605,1998,1999,2011,2012,2013,2183,2188
18.265525,-78.533567,1998,2183,2190
18.565842,-78.932615,1999,2000,2001,2002,2003,2004,2005,2006,2007,2012,2326,2339,2340
18.765982,-78.833712,1999,2187,2188,2189,2326
18.86673,-79.065041,2000,2338,2339
18.366006,-79.334644,2002,2003,2221
18.266386,-79.433344,2003,2004,2167,2168,2221,2222,2223,2225
17.934385,-68.432988,2019,2020,2032,2033,2035,2127,2132
17.966772,-68.433437,2020,2021,2023,2024,2131,2132
17.934661,-68.565933,2021,2022,2024,2105
17.966676,-68.567259,2021,2105,2106,2130,2131
17.833266,-68.099515,2027,2028,2042,2043,2044,2045,2048
17.933594,-68.0991,2028,2029,2047,2048
17.99916,-68.200892,2029,2030,2046,2047,2140
18.001827,-68.400447,2030,2031,2127,2128,2129,2130,2131,2132,2140,2147
17.932979,-68.398178,2031,2032,2127
17.966667,-67.5,2036,2037,2062
17.966773,-67.532908,2037,2040,2041,2061,2062,2063,2064,2065,2066
17.86515,-67.5337,2038,2039,2041,2061
18.26542,-67.965559,2043,2044,2231
18.33212,-67.965037,2044,2045,2230,2231,2232
18.335237,-68.033173,2045,2046,2047,2048,2230,2253
18.399334,-68.167459,2046,2140,2141,2142,2143,2144,2145,2146,2147,2253,2257
18.3,-67.5,2051,2052,2233
18.333819,-67.566363,2052,2053,2054,2055,2056,2057,2058,2059,2060,2233,2234,2236
18.566658,-67.634454,2053,2054,2235,2301
18.465928,-67.567159,2053,2235,2236
18.566908,-67.700093,2054,2055,2301,2302,2306
18.566558,-67.733409,2055,2056,2305,2306,2312
18.567227,-67.832465,2056,2057,2227,2228,2312,2313,2321,2322
18.967137,-79.900896,2072,2073,2217,2219,2220,2500,2511,2515,2517,2518
18.867521,-79.966877,2072,2218,2220
18.434108,-77.832514,2082,2083,2243,2244,2245,2246
18.3987,-78.033093,2083,2084,2237,2238,2246
19.134017,-72.365305,2089,2090,2277,2278
19.134595,-72.399266,2090,2091,2276,2277
19.600553,-72.40139,2091,2092,2276,2386,2730,2753,2754
19.599351,-72.499537,2092,2093,2385,2386,2387,2388,2389,2390,2403
19.433583,-72.833424,2093,2094,2385
19.53377,-73.000194,2094,2095,2384,2385,2402,2403,2404,2405,2406
19.331532,-73.232538,2095,2096,2383,2384
19.266989,-73.233495,2096,2097,2382,2383
18.966851,-73.765457,2097,2098,2381,2382
18.100032,-68.466964,2106,2107,2129,2130
18.200605,-68.433141,2107,2108,2128,2129,2145,2146
18.23436,-68.432213,2108,2109,2144,2145,2209
18.23226,-68.467291,2109,2110,2209,2210,2211,2214
18.332978,-68.465828,2110,2111,2213,2214,2215
18.466148,-68.533285,2111,2112,2120,2121,2122,2123,2124,2125,2126,2213
18.56808,-68.500527,2112,2113,2114,2121,2212,2348,2349,2350,2353
18.465688,-68.466783,2112,2212,2213,2215
18.632547,-68.601075,2113,2114,2307,2308,2362,2376
18.667485,-68.46566,2113,2352,2353,2354,2362
18.533907,-68.666219,2114,2115,2116,2121,2122,2307
18.268041,-68.833399,2115,2116,2135,2136,2196
18.53235,-68.732341,2115,2196,2197,2307,2308,2309,2310,2311
18.233117,-68.765637,2117,2123,2124,2160,2161
18.200705,-68.666803,2118,2159,2160,2161,2162,2163,2165
18.198257,-68.600998,2118,2119,2125,2126,2159
18.266117,-68.60023,2124,2125,2159,2160
18.133056,-68.333136,2128,2146,2147
18.234242,-68.932885,2136,2137,2196,2197,2198,2199,2208
18.333482,-68.933135,2137,2138,2207,2208
18.466782,-69.067159,2138,2139,2148,2206,2207
18.533592,-68.334026,2141,2142,2248,2249,2250,2251,2252
18.533462,-68.299201,2141,2249,2256,2257
18.434379,-68.334323,2142,2143,2247,2248
18.333648,-68.399935,2143,2144,2209,2210,2247
18.467045,-69.099983,2148,2149,2150,2151,2152,2153,2156,2157,2158,2205,2206
18.79948,-69.200366,2149,2150,2419,2420,2421,2422,2423
18.800747,-69.166993,2149,2204,2205,2420
18.766133,-69.199582,2150,2151,2419
18.367259,-69.299683,2154,2155,2157,2158,2179,2180
18.298752,-69.400155,2154,2180,2181,2182
18.500444,-79.431431,2168,2169,2224,2225
18.666152,-79.433555,2169,2170,2171,2172,2173,2224
18.367028,-78.665831,2183,2184,2185,2188,2189,2190,2191,2194,2195
18.833753,-78.631784,2184,2185,2411,2412,2413
18.699756,-78.63395,2184,2194,2407,2408,2409,2412
19.034103,-78.699826,2185,2186,2187,2189,2327,2411
19.032332,-78.83435,2186,2187,2326,2340,2341
19.133333,-78.699581,2186,2327,2328,2341,2342
18.933307,-78.401407,2191,2192,2193,2195,2242
18.96784,-78.433065,2192,2193,2407,2408,2484,2485
18.935251,-78.234856,2192,2241,2242,2461,2485,2486
18.700482,-78.566559,2193,2194,2195,2407
18.59954,-68.799826,2197,2198,2311,2358,2359,2361
18.834552,-68.867244,2198,2199,2360,2361
18.864982,-68.932839,2199,2200,2201,2202,2203,2204,2205,2206,2207,2208,2360
19.200786,-68.965257,2200,2201,2372,2373,2565,2566
18.932758,-68.833129,2200,2359,2360,2361,2373,2374
19.132591,-69.100249,2201,2202,2541,2542,2565
19.066966,-69.134697,2202,2203,2421,2422,2540,2541
18.832494,-69.167448,2203,2204,2420,2421
18.333809,-68.43278,2210,2211,2247,2248,2252
18.566726,-68.432685,2211,2212,2214,2215,2251,2252,2348
18.600863,-67.834031,2228,2229,2291,2320,2321
18.500267,-67.999738,2229,2230,2232,2253,2254,2255,2256,2257,2291,2292,2293,2300
18.766667,-67.5,2233,2234,2424,2425
18.766432,-67.532884,2234,2235,2236,2301,2302,2424
18.566998,-68.301158,2249,2250,2255,2256,2355,2356,2357
18.698455,-68.332938,2250,2251,2348,2349,2357
18.567509,-68.165984,2254,2255,2355
18.600784,-68.165767,2254,2299,2300,2355,2356
19.598398,-70.233081,2260,2261,2705,2761
19.600941,-70.267008,2261,2262,2761,2762,2765,2766
19.699404,-70.26452,2262,2263,2764,2765
19.933244,-70.199953,2263,2264,2703,2704,2716,2764
20.266011,-70.166602,2264,2265,2702,2703
20.26825,-70.198009,2265,2266,2701,2702
20.499539,-70.199803,2266,2267,2701,3005,3006,3009
20.631888,-70.200194,2267,2268,2281,3008,3009
20.600082,-70.23314,2268,2281,2282,3079
20.634494,-70.233587,2268,3007,3008,3079,3080
20.367668,-70.866575,2269,2270,2735,2736
20.600422,-70.600186,2269,2736,2737,2757,2758
20.599986,-70.534144,2269,2270,2282,2283,2737,3079,3080,3081,3082
20.298681,-70.867635,2270,2271,2272,2283,2284,2735
20.034072,-71.599494,2271,2272,2733,2734
20.166089,-71.467462,2271,2734,2735,2736,2756,2757
19.967378,-71.59921,2272,2273,2274,2284,2285,2733
19.732933,-71.968062,2273,2274,2731,2732
19.967039,-71.766093,2273,2732,2733,2734,2755,2756
19.667441,-71.966909,2274,2275,2285,2286,2731
19.599696,-72.266785,2275,2276,2277,2278,2279,2280,2286,2730
19.666455,-72.266891,2275,2730,2731,2732,2754,2755
18.734441,-67.831679,2291,2292,2320,2414
18.801045,-67.932866,2292,2293,2414,2415,2416,2417,2418
18.932516,-67.933466,2293,2294,2295,2296,2297,2298,2299,2300,2418
19.065822,-67.832265,2294,2295,2317,2559,2560,2563,2564
19.034174,-67.834108,2294,2317,2318,2417,2418
19.064861,-67.865804,2295,2296,2545,2562,2563
19.000567,-68.332831,2296,2297,2449,2450,2545,2555,2556,2557,2558
18.868256,-68.332378,2297,2298,2350,2351,2353,2354,2449
18.834436,-68.333662,2298,2299,2349,2350,2356,2357
18.833286,-67.600446,2302,2303,2304,2305,2306,2424,2425,2433
19.133684,-67.632586,2303,2304,2313,2314,2322,2323
19.133968,-67.599886,2303,2314,2433,2434,2435,2436,2439
18.899676,-67.632657,2304,2305,2312,2313
18.799978,-68.600285,2308,2309,2375,2376,2377,2378,2379,2380
18.799496,-68.631184,2309,2310,2358,2359,2374,2375
18.59946,-68.733521,2310,2311,2358
19.199777,-67.767386,2314,2315,2316,2323,2324,2325,2432,2438,2439
19.234566,-67.8,2315,2316,2430,2431,2559,2560
19.232921,-67.767003,2315,2431,2432
19.066478,-67.799208,2316,2317,2318,2319,2324,2559
18.900595,-67.800302,2318,2319,2416,2417
18.899958,-67.767059,2319,2324,2325,2415,2416
18.767024,-67.765941,2320,2321,2322,2323,2325,2414,2415
19.031855,-78.667667,2327,2328,2410,2411,2413
19.499587,-78.666148,2328,2329,2330,2342,2343,2410
19.968263,-78.634054,2329,2330,2483,2867
19.533119,-78.49873,2329,2409,2410,2412,2413,2483,2484,2485,2486,2487,2488,2495
19.933042,-78.734227,2330,2343,2346,2347,2867,2868,2869,2870,2873
20.767605,-78.701839,2331,2332,2478,3092
20.532801,-78.66722,2331,2478,2479,2871,2872
20.501257,-78.767121,2331,2332,2344,2345,2347,2872,2873
20.7658,-78.766648,2332,2333,2334,2344,3091,3092,3093,3094,3095,3096
20.666704,-78.833981,2333,2334,2794,2795
20.666007,-78.866457,2333,2795,2796,3091
20.335958,-78.834467,2334,2335,2344,2345,2794
19.96666,-78.866306,2335,2345,2346,2347,2793,2798,2799
20.333755,-78.86674,2335,2794,2795,2796,2797,2799
19.766187,-79.000883,2336,2337,2338,2339,2340,2341,2342,2343,2346,2793
18.765806,-68.433214,2351,2352,2354,2363
18.898435,-68.433375,2351,2363,2364,2449,2450,2451,2458,2459
18.765914,-68.468483,2352,2362,2363,2364,2376,2377
19.135346,-68.40041,2364,2365,2377,2378,2458
19.366715,-68.499838,2365,2366,2367,2378,2379,2626,2627,2645,2646
19.365757,-68.332831,2365,2457,2458,2459,2460,2626
19.399815,-68.532753,2366,2367,2572,2573,2580
19.401769,-68.501238,2366,2573,2644,2645
19.134551,-68.567786,2367,2379,2380,2572
19.433665,-68.73411,2368,2369,2599,2600,2601,2602,2661
19.299657,-68.600903,2368,2578,2579,2599
19.135087,-68.599999,2368,2369,2370,2371,2372,2373,2374,2375,2380,2572,2579,2580
19.433704,-68.768,2369,2370,2620,2621,2661,2662,2663,2664,2672,2673
19.400843,-68.766002,2370,2371,2620
19.365772,-68.966191,2371,2372,2566,2567,2620,2621,2622,2623,2624,2625
21.399872,-72.399819,2386,2387,2752,2753
21.400176,-72.433033,2387,2388,2751,2752
22.299244,-72.431472,2388,2389,2751,3451,3472
22.366677,-72.499976,2389,2390,3472,3476,3477
22.367293,-72.900414,2390,2391,2392,2393,2394,2403,2404,3476
22.466454,-73.366033,2391,2392,3474,3475
22.433927,-72.900603,2391,3475,3476,3477,3478
22.433986,-73.366679,2392,2393,3473,3474
22.432246,-73.633977,2393,2394,3469,3470,3473
22.300873,-73.899046,2394,2395,2396,2397,2404,2405,3469
19.033503,-78.50028,2408,2409,2484
19.366667,-67.5,2425,2426,2433,2434,2612
19.30007,-67.533477,2426,2434,2435,2611
19.366071,-67.531901,2426,2611,2612,2613,2614,2618,2619
19.900111,-67.701305,2427,2428,2437,2615,2616,2808,2809
19.79996,-67.632499,2427,2616,2617,2618,2619
19.499765,-67.733262,2427,2436,2437,2438,2439,2617
19.833135,-67.732291,2428,2429,2430,2431,2432,2437,2438,2768,2769
19.901561,-67.733672,2428,2769,2770,2809,2810
19.666138,-67.802323,2429,2430,2560,2561,2564
19.666181,-67.834423,2429,2546,2547,2561,2767,2768
19.300457,-67.633481,2435,2436,2611,2617,2618
19.099229,-69.832933,2442,2443,2444,2445,2446,2447,2448,2534,2535
19.097649,-69.901096,2443,2533,2534
19.132386,-68.332597,2450,2451,2554,2555
19.500164,-68.268623,2451,2452,2459,2460,2553,2554
19.89883,-68.201637,2452,2453,2454,2455,2456,2457,2460,2631
19.633328,-68.198674,2452,2552,2553,2631,2632,2633,2634,2635,2649
20.098598,-68.100982,2453,2454,2630,2648,2656,2657,2660
19.900621,-68.167526,2453,2631,2649,2650,2656
20.066765,-68.198966,2454,2455,2629,2630,2860
20.067498,-68.233425,2455,2456,2859,2860,2865,2866
19.899713,-68.300521,2456,2457,2626,2627,2859
20.401417,-78.500446,2465,2466,2997,2998,3003
20.900731,-78.534256,2466,2467,3002,3003,3004,3111,3118,3119
21.865033,-78.566006,2467,2468,2469,2496,2497,2498,2499,3117,3118
22.166553,-78.465946,2468,2469,3391,3392
21.866968,-78.534764,2468,3116,3117,3389,3390,3392
22.199902,-78.467007,2469,2489,2490,2491,2492,2493,2497,3391
21.533934,-78.199393,2470,2471,3020,3021,3022,3023,3030,3114,3271
21.899457,-78.300206,2470,3114,3115,3389,3390
22.101605,-78.266341,2470,2471,2472,2473,2489,3390,3391,3392
21.831969,-78.166691,2471,2472,3271,3272,3274
21.933528,-78.200381,2472,2473,3270,3273,3274
22.434244,-78.199252,2473,2474,2475,2489,2490,3269,3270
22.5,-78.166667,2474,3268,3269
21.499332,-78.831987,2477,2492,2493,3094,3095
21.367506,-78.666169,2478,2479,2494,2498,2499,3092,3093
20.366983,-78.632348,2479,2480,2481,2482,2494,2871
20.06736,-78.667359,2480,2481,2869,2870
20.300632,-78.666379,2480,2870,2871,2872,2873
20.033837,-78.66666,2481,2482,2868,2869
20.032842,-78.599745,2482,2483,2494,2495,2496,2499,2867,2868
21.500218,-78.7333,2493,2497,2498,3093,3094
20.899056,-79.867756,2502,2503,2504,2505,2512,2584
21.366039,-79.901095,2503,2504,2583,2594,2595,2596,2597,2598
21.366997,-79.867196,2503,2584,2585,2595
19.900867,-79.899849,2504,2505,2582,2583
19.89977,-79.865279,2505,2512,2513,2581,2582
20.066793,-80.000205,2506,2507,2592,2917,2918,2919,2920,2923,2924
19.966847,-79.933253,2506,2592,2593,2594,2598
19.965902,-79.965598,2506,2507,2508,2509,2514,2593
20.06675,-80.034105,2507,2508,2830,2831,2923
19.799273,-80.066397,2508,2509,2675,2830
19.533776,-80.0664,2509,2510,2511,2514,2515,2674,2675,2677
19.233272,-79.866891,2513,2516,2517,2518,2581
19.232772,-79.900983,2514,2515,2517,2581,2582,2583,2593,2594
19.433513,-69.199989,2520,2521,2569,2570
19.500113,-69.134119,2521,2522,2568,2569,2667,2668
19.699445,-69.135419,2522,2523,2666,2667,2783,2784,2785,2786,2787
19.798872,-69.232995,2523,2524,2725,2726,2787
19.567085,-69.365565,2524,2525,2725
19.566106,-69.400654,2525,2526,2679,2680,2725,2726,2727,2728,2729
19.534312,-69.399704,2526,2527,2679
19.53327,-69.43309,2527,2531,2532,2679,2680,2681,2682,2710,2711
19.766724,-69.799248,2528,2709,2710,2711,2712,2719,2720
19.698422,-69.73261,2528,2529,2530,2532,2710
19.733714,-69.96747,2537,2538,2707,2708,2709,2718,2719
19.233443,-69.16728,2542,2543,2565,2566,2567,2568,2569,2570,2571
19.366945,-67.865982,2545,2546,2547,2548,2549,2550,2556,2562
19.367233,-67.832298,2546,2561,2562,2563,2564
19.666152,-67.932153,2547,2548,2605,2606,2767
19.533326,-68.000686,2548,2549,2604,2605
19.400022,-67.932952,2549,2550,2603,2604
19.300536,-68.033506,2550,2556,2557,2603
19.66692,-68.031695,2551,2552,2608,2632
19.465949,-68.065943,2551,2608,2609,2610
19.465377,-68.100173,2551,2552,2553,2554,2555,2558,2609
19.298852,-68.133596,2557,2558,2603,2604,2605,2606,2607,2609,2610
19.533273,-69.000541,2567,2568,2625,2668,2669
19.66549,-68.466787,2573,2574,2575,2576,2577,2578,2579,2580,2644
19.800423,-68.433836,2574,2575,2643
19.933089,-68.366528,2574,2643,2644,2645,2646,2647,2653,2654
19.800904,-68.466064,2575,2576,2642,2643,2652,2653
19.633628,-68.499401,2576,2577,2600,2601,2641,2642
19.466499,-68.56591,2577,2578,2599,2600
21.76483,-79.933558,2587,2588,2589,2590,2591,2596,2597,2946,2947,2948,2949,2950,2951,2952,2953,2954,2955,2959
21.4663,-79.967996,2588,2589,2919,2920
21.466187,-80.000864,2588,2920,2921,2922,2924,2946
20.667855,-79.967714,2589,2590,2918,2919
20.665486,-79.933625,2590,2591,2917,2918
20.06593,-79.932953,2591,2592,2597,2598,2917
19.666316,-68.601049,2601,2602,2640,2641
19.666982,-68.666987,2602,2640,2661,2662
19.666402,-67.967895,2606,2607,2767,2768,2769,2770,2775
19.699263,-67.965475,2607,2608,2610,2632,2633,2774,2775
19.766667,-67.5,2612,2613,2804,2805
19.765634,-67.567861,2613,2614,2805,2806
19.99942,-67.634294,2614,2615,2616,2619,2806,2807
20.19891,-67.633511,2615,2807,2808
19.432897,-68.800128,2621,2622,2672
19.498817,-68.800788,2622,2623,2671,2672,2673
19.500117,-68.833114,2623,2624,2670,2671
19.600303,-68.933667,2624,2625,2669,2670
19.899387,-68.334699,2627,2646,2647,2859,2864,2865
20.200303,-68.300561,2628,2655,2658,2659,2862,2863
20.099904,-68.300731,2628,2863,2864,2865,2866
20.100407,-68.333661,2628,2647,2654,2655,2864
20.133846,-68.200005,2629,2860,2861,2862,2863,2866
20.133816,-68.132616,2629,2630,2648,2861
19.766404,-67.964938,2633,2634,2773,2774,2813
19.766386,-68.032744,2634,2635,2813,2814
19.865972,-68.167071,2635,2649,2650,2814,2815
20.000462,-68.699262,2636,2637,2638,2651,2875,2881,2900,2901
20.533168,-68.167097,2636,2881,2973,2974
20.33258,-68.13332,2636,2651,2657,2658,2659,2660,2816,2817,2818,2819,2820,2821,2829,2967,2968,2974,2975
19.966717,-68.733356,2637,2638,2789,2790,2874
20.000521,-68.733594,2637,2874,2875,2876,2877,2880
19.965951,-68.699162,2638,2639,2651,2652,2653,2654,2655,2658,2788,2789
19.698893,-68.667407,2639,2640,2641,2642,2652,2662,2663
19.701199,-68.699996,2639,2663,2664,2788
20.16765,-68.133607,2648,2659,2660,2861,2862
20.099949,-68.00149,2650,2656,2657,2815,2828,2829
19.700436,-68.86517,2664,2665,2666,2667,2668,2669,2670,2671,2673,2788,2789,2790,2792
19.832657,-69.033489,2665,2666,2783,2836,2845,2846
19.934088,-68.865789,2665,2791,2792,2836
19.800708,-80.09915,2675,2677,2678,2830,2831,2832,2833,2834,2835
19.699933,-69.467676,2680,2681,2729
19.999747,-69.566184,2681,2682,2728,2729,2847,2848,2849,2850,2857
19.833414,-69.699619,2682,2711,2712,2856,2857,2858
20.332525,-69.632705,2683,2684,2940,2941
20.367562,-69.799537,2683,2852,2941,2942
20.401087,-69.801314,2683,2684,2685,2713,2714,2715,2723,2852,2853
20.399188,-69.634274,2684,2685,2939,2940
20.399594,-69.599713,2685,2686,2687,2688,2689,2690,2691,2713,2939
20.099841,-69.400046,2686,2687,2727,2728,2847
20.299372,-69.565367,2686,2847,2848,2938,2939,2940,2941,2942,2943,2944
19.93192,-69.266227,2687,2688,2726,2727,2786,2787
19.998978,-69.26784,2688,2689,2785,2786,2912
20.167151,-69.36791,2689,2690,2912,2913,2914,2915,2916
20.299037,-69.366394,2690,2691,2916,2961
20.499112,-69.567472,2691,2692,2693,2694,2695,2696,2713,2714,2961,2962,2963,2966
20.601317,-69.499774,2692,2693,2964,2965,3078
20.499906,-69.500104,2692,2965,2966
20.732346,-69.498481,2693,2694,3077,3078,3105,3106,3110
20.833732,-69.499729,2694,2695,3109,3110
20.833195,-69.53277,2695,2696,3051,3108,3109
20.532871,-69.765604,2696,2697,2698,2699,2700,2714,2715,3051,3052,3053,3056
20.833956,-69.86568,2697,2698,3054,3055,3097,3098
20.766391,-69.766462,2697,3055,3056
20.667164,-70.032989,2698,2699,3097
20.665522,-70.06768,2699,2700,3005,3006,3097,3098,3099,3100,3104
20.400351,-70.098548,2700,2701,2702,2703,2715,2716,2717,2723,2724,3005
20.033245,-70.133974,2704,2716,2717,2763
19.932622,-70.132432,2704,2763,2764,2765,2766
19.766679,-70.067096,2705,2706,2707,2718,2761,2762
20.166902,-69.900253,2712,2720,2721,2855,2856
20.032033,-70.067656,2717,2718,2719,2720,2721,2722,2724,2762,2763,2766
20.301395,-69.934042,2721,2722,2854,2855
20.366175,-69.933304,2722,2723,2724,2853,2854
20.90058,-70.532445,2737,2738,2739,2740,2741,2742,2743,2744,2745,2746,2747,2748,2758,2759,3082
21.333324,-70.199223,2738,2739,3101,3254,3255,3258,3259
21.200573,-70.200593,2738,3081,3082,3101,3102
21.467858,-70.200137,2739,2740,3258,3275,3276,3277,3278
21.599893,-70.300761,2740,2741,3278,3298,3301
21.667236,-70.300516,2741,2742,3301,3303
21.867167,-70.40014,2742,2743,3300,3302,3303
21.866061,-70.433632,2743,2744,3300
21.998992,-70.467621,2744,2745,3299,3300,3302,3359,3360
21.998535,-70.499677,2745,2746,3358,3359,3447
22.032761,-70.731665,2746,2747,3447,3448,3455,3456
22.201909,-71.032616,2747,2748,3454,3455
22.366992,-71.368392,2748,2749,2759,2760,3454
22.432457,-71.732953,2749,2750,2760,3453
22.399906,-71.36679,2749,3453,3454,3455,3456,3458
22.29846,-72.168419,2750,2751,2752,2753,2754,2755,2756,2757,2758,2759,2760,3451,3452
22.46652,-71.733615,2750,3452,3453,3457,3458
19.899813,-67.800423,2770,2771,2772,2773,2774,2775,2810,2811
19.931691,-67.899456,2771,2772,2812
20.200322,-67.834367,2771,2811,2812,2826,2827
19.934733,-67.93264,2772,2773,2812,2813,2814,2815,2827,2828
20.532639,-79.500183,2778,2779,2780,2781,2782,3063
20.034078,-69.20062,2783,2784,2844,2845,2913,2914
20.001447,-69.199359,2784,2785,2912,2913
19.9995,-68.832585,2790,2791,2792,2837,2874,2879,2880
20.000735,-68.866682,2791,2836,2837,2838,2839,2846
20.600155,-67.800151,2800,2801,2985,2986,3058,3059
20.60131,-67.833164,2800,3059,3060,3061,3062
20.499213,-67.832172,2800,2801,2823,2824,3060
20.366815,-67.632456,2801,2824,2825,2984,2985
20.40044,-67.567333,2802,2803,2983
20.400409,-67.600994,2802,2983,2984,2985,2986,2987,2993,2994,2995,2996
20.366156,-67.598931,2802,2803,2804,2805,2806,2807,2808,2809,2810,2811,2825,2826,2984
20.466667,-67.5,2803,2804,2982,2983,2992,2993
20.833072,-67.899688,2816,2817,3536,3537
20.934269,-67.900606,2816,2967,3537,3538
20.833078,-67.865829,2817,2818,3533,3535,3536
20.70064,-67.900257,2818,2819,3532,3533
20.699751,-67.865786,2819,2820,3531,3532
20.626184,-67.865654,2820,2821,2822,3061,3062,3531
20.281249,-67.989583,2821,2822,2823,2824,2825,2826,2827,2828,2829
20.500757,-67.86543,2822,2823,3060,3061
20.599662,-80.001382,2831,2832,2922,2923,2924
20.400069,-80.166947,2832,2833,2921,2922,2945,2957,2958
20.267762,-80.168133,2833,2834,2945
20.066751,-68.834428,2837,2838,2878,2879
20.06897,-68.86706,2838,2839,2878,2925
20.30031,-69.099321,2839,2840,2841,2842,2843,2844,2845,2846,2925,2926,2927,2930,2931
20.500569,-69.199892,2840,2841,2963,2964,2965,2966,3046,3047
20.500521,-69.066142,2840,2930,3031,3032,3047,3048
20.499981,-69.23383,2841,2842,2962,2963
20.467534,-69.232039,2842,2843,2915,2916,2961,2962
20.133738,-69.199912,2843,2844,2914,2915
20.233942,-69.66731,2848,2849,2937,2938
20.20051,-69.66607,2849,2850,2937
20.199842,-69.733227,2850,2851,2857,2858,2937,2938,2944
20.365869,-69.833411,2851,2852,2853,2854,2855,2856,2858,2942,2943
20.300232,-69.733389,2851,2943,2944
20.168587,-68.633502,2875,2876,2900,2932,2936
20.36582,-68.699657,2876,2877,2896,2897,2935,2936
20.231514,-68.800303,2877,2878,2879,2880,2896,2925,2926
20.600596,-68.167339,2881,2901,2909,2910,2973,3083,3084,3090
21.134883,-68.066899,2882,2883,3087,3088
20.966805,-68.133576,2882,3088,3089
20.866181,-68.200791,2882,2883,2884,2885,2902,2903,2904,2910,2911,3089,3090
21.30086,-68.032583,2883,2884,3086,3087,3212
21.333522,-68.035128,2884,2885,3211,3212,3218
21.333782,-68.065814,2885,2886,2902,3160,3161,3211
21.166082,-68.200746,2886,2902,2903,3158,3159
21.29969,-68.20085,2886,3159,3160
21.032699,-68.399911,2887,2888,2889,2890,2904,2905,2906,2907,2908,2911,3168
21.334119,-68.33504,2887,3158,3159,3160,3161,3162,3163,3168,3169,3170,3171
21.165345,-68.299632,2887,2903,2904,3158
21.43276,-68.432015,2888,2889,3166,3167
21.466712,-68.433627,2888,3167,3168,3171
21.433856,-68.467405,2889,2890,3165,3166
21.200018,-68.567323,2890,2891,2892,2893,2894,2905,3165
21.099017,-68.732554,2891,2892,3036,3037
21.601083,-68.498548,2891,3037,3038,3165,3166,3167,3170,3171
20.934411,-68.732807,2892,2893,3035,3036
20.733582,-68.832067,2893,2894,3034,3035
20.598267,-68.832943,2894,2895,2905,2906,3033,3034
20.301196,-68.800013,2895,2896,2897,2898,2906,2907,2926,2927
20.599783,-68.900253,2895,2927,2928,2929,2931,3033
20.466584,-68.565296,2897,2898,2934,2935
20.501476,-68.566463,2898,2907,2908,2933,2934
20.165136,-68.566086,2899,2900,2901,2909,2932
20.299931,-68.532083,2899,2932,2933,2934,2935,2936
20.366448,-68.435085,2899,2908,2909,2910,2911,2933
20.699432,-80.19909,2921,2946,2958,2959,2960
20.700788,-68.966411,2928,2929,3031,3032
20.83341,-68.900487,2928,3032,3033,3034,3035,3036,3037,3038,3039,3048,3049
20.500144,-68.967078,2929,2930,2931,3031
21.800305,-80.032777,2951,2952,3335
20.532534,-69.200458,2964,3045,3046,3076,3077,3078
20.999834,-67.899175,2967,2968,3152,3538
21.000989,-67.969331,2968,2969,2970,2971,2972,2975,3152,3153
21.100041,-68.000596,2969,2970,3085,3192,3193,3194,3213
21.066386,-67.934211,2969,3153,3154,3192
21.099536,-68.032878,2970,2971,3084,3085,3086,3087,3088,3089,3090
20.699046,-68.133464,2971,2972,3083,3084
20.600749,-68.133888,2972,2973,2974,2975,3083
21.066602,-67.729225,2976,2977,3229,3230,3526,3527,3539
21.030212,-67.733436,2976,3157,3530,3539
21.001635,-67.732684,2976,2977,2989,2990,3530
21.067033,-67.699553,2977,2978,2990,2991,3526
21.133459,-67.565961,2978,2991,2995,2996,3232
21.131313,-67.699872,2978,3232,3233,3234,3235,3525,3526,3527,3529
21.399966,-67.532508,2979,2980,2981,2982,2992,3234,3235
21.30054,-67.567066,2979,3233,3234
21.302279,-67.533742,2979,2992,2993,2996,3232,3233
21.799531,-67.633854,2980,2981,3524,3525,3528,3529
21.333727,-67.668327,2980,3235,3525
22.033333,-67.5,2981,2982,3524
20.765752,-67.798576,2986,2987,3057,3058
20.76676,-67.766148,2987,2988,2994,3057
20.977083,-67.739583,2988,2989,2990,2991,2994,2995,3534
20.79307,-67.805695,2988,3057,3058,3059,3062,3531,3532,3533,3534,3535
21.001591,-67.736747,2989,3152,3153,3154,3155,3156,3157,3530,3534,3535,3536,3537,3538
20.666237,-78.433469,2998,3003,3004,3024,3025
21.165877,-78.233978,2999,3000,3022,3023,3112
20.799334,-78.233316,2999,3023,3024,3025,3026,3027,3028,3029,3030
20.800019,-78.300434,2999,3000,3001,3002,3004,3024
21.166245,-78.368757,3000,3001,3111,3112,3113,3119
20.968015,-78.434369,3001,3002,3111
20.799866,-70.067103,3006,3007,3008,3009,3103,3104
20.799412,-70.201214,3007,3080,3081,3102,3103
21.199395,-77.566553,3011,3012,3121,3122
21.300344,-77.666409,3012,3013,3121,3244
21.500298,-77.799774,3013,3014,3244,3245,3252,3279
21.66559,-77.89992,3014,3015,3279,3280,3281,3282,3283,3284
21.668933,-77.966256,3015,3016,3263,3264,3284
21.466515,-77.966026,3016,3017,3148,3149,3150,3151,3263
20.96807,-78.065152,3017,3018,3148
20.966624,-78.099563,3018,3019,3028,3029,3148,3151
21.333477,-78.167515,3019,3020,3029,3030,3149,3150
21.335103,-78.132854,3019,3150,3151
21.532523,-78.166682,3020,3149,3263,3264,3265,3271,3272
21.46669,-78.232205,3021,3022,3112,3113
21.467173,-78.268503,3021,3113,3114,3115,3116,3117,3118,3119
21.734436,-68.499944,3038,3039,3164,3169,3170
21.800891,-68.667689,3039,3040,3049,3050,3164,3344
21.767033,-68.799985,3040,3041,3042,3050,3327
21.800608,-68.800314,3040,3327,3328,3344,3345
21.266208,-68.999187,3041,3042,3179,3180
21.766645,-68.83433,3041,3180,3181,3327,3328,3334
21.065791,-68.999844,3042,3043,3044,3045,3046,3047,3048,3049,3050,3179
21.065973,-69.099709,3043,3044,3126,3127,3128,3140,3143,3146,3147
21.066847,-69.068905,3043,3127,3179,3180,3181,3182,3183,3184,3185,3186,3187,3188,3189,3191
20.901101,-69.100026,3044,3045,3076,3125,3126
20.900541,-69.532718,3051,3052,3107,3108
20.899578,-69.566218,3052,3053,3107,3123
21.066804,-69.668323,3053,3054,3055,3056,3123,3124,3138,3139,3172
21.066501,-69.800095,3054,3098,3099,3131,3132,3172,3177,3178
22.066586,-79.633656,3069,3070,3338,3463,3464
21.86921,-79.633765,3070,3071,3337,3338,3340
20.932952,-69.335265,3076,3077,3105,3125
21.300598,-68.000324,3085,3086,3212,3213,3214,3215,3218,3219
21.234238,-69.999757,3099,3100,3130,3131
21.29958,-69.999138,3100,3101,3102,3103,3104,3130,3254
21.031751,-69.399587,3105,3106,3124,3125,3126,3139,3140
21.033873,-69.466428,3106,3107,3108,3109,3110,3123,3124
21.867936,-78.400913,3115,3116,3389
21.532926,-69.267048,3127,3128,3190,3191
21.500292,-69.365275,3128,3144,3145,3147,3190,3285
21.533649,-69.965656,3129,3130,3131,3132,3133,3134,3141,3254,3255,3291,3296,3297
21.667855,-69.533761,3129,3292,3293,3294,3295,3297
21.498841,-69.465273,3129,3141,3142,3144,3285,3286,3292
21.33367,-69.698856,3132,3133,3176,3177
21.432647,-69.566678,3133,3134,3175,3176
21.501312,-69.567363,3134,3135,3141,3142,3175
21.466936,-69.401033,3135,3142,3144,3145,3237,3238
21.465746,-69.466815,3135,3174,3175,3176,3177,3178,3238,3239
21.234242,-69.53409,3136,3137,3236,3242,3243
21.366211,-69.433635,3136,3237,3238,3239,3240,3243
21.367342,-69.401211,3136,3137,3145,3146,3147,3237
21.167622,-69.534054,3137,3143,3146,3236
21.266934,-69.567348,3138,3172,3173,3174,3178,3241
21.166145,-69.566932,3138,3139,3140,3143,3236,3241,3242
21.067432,-67.899949,3154,3155,3192,3193
21.166378,-67.899896,3155,3156,3193,3194,3223
21.066527,-67.734391,3156,3157,3223,3224,3230,3231,3539
21.767618,-68.233226,3161,3162,3211,3218,3219,3222
22.033204,-68.467085,3162,3163,3210,3221,3222
22.134172,-68.632513,3163,3164,3169,3210,3329,3344,3345
21.433229,-69.467138,3173,3174,3239,3240
21.266795,-69.532214,3173,3240,3241,3242,3243
21.76623,-68.866827,3181,3182,3333,3334
21.932735,-68.865422,3182,3183,3332,3333
21.999234,-69.066009,3183,3184,3331,3332,3434
21.999915,-69.100083,3184,3185,3433,3434,3435,3436,3437,3440,3441
21.933867,-69.098597,3185,3186,3433
21.935017,-69.199284,3186,3187,3407,3408,3433,3439,3440
21.899006,-69.199846,3187,3188,3407
21.899568,-69.233747,3188,3189,3286,3287,3288,3292,3293,3407,3408,3409,3428,3429
21.799842,-69.231573,3189,3190,3191,3285,3286
21.798527,-67.732922,3194,3195,3213,3214,3223,3224
21.999788,-67.699632,3195,3196,3197,3198,3199,3200,3214,3215
21.801549,-67.699897,3195
22.5,-67.6,3196,3197,3226
22.101328,-67.63278,3196,3225,3226,3227,3228,3229,3230,3231
22.5,-68.066667,3197,3198,3486,3487
22.332856,-68.232836,3198,3199,3485,3486
22.299709,-68.233331,3199,3200,3485
22.299289,-68.334037,3200,3201,3202,3203,3204,3215,3216,3219,3220,3221,3222,3485,3486,3487
22.5,-69.233333,3201,3202,3501,3502
22.5,-68.5,3201,3487
22.432316,-69.233711,3202,3203,3500,3501
22.431588,-69.267627,3203,3204,3410,3500
22.332403,-69.266769,3204,3205,3206,3207,3216,3409,3410,3411,3412,3413,3414,3429,3430
22.067056,-69.098597,3205,3206,3438,3439,3440,3441
22.064463,-69.201286,3205,3408,3409,3439
22.268546,-69.133675,3206,3207,3438
22.268444,-69.067147,3207,3208,3216,3217,3220,3437,3438,3441
22.13372,-69.001474,3208,3209,3217,3435,3436
22.132989,-69.066965,3208,3436,3437
22.232443,-68.700664,3209,3210,3217,3220,3221,3329,3330
22.068351,-69.033554,3209,3330,3331,3434,3435
21.801548,-67.699897,3224,3225,3231
21.999788,-67.699631,3225
22.5,-67.5,3226,3227
22.339415,-67.5,3227,3228,3524,3528
21.985416,-67.622916,3228,3229,3527,3528,3529
22.26661,-77.731539,3246,3247,3248,3249,3250,3251,3253,3266,3267,3268,3269,3270,3273
22.26635,-77.56585,3246,3266,3322,3323
21.900373,-78.000945,3247,3248,3264,3265,3283,3284
22.066375,-77.99983,3247,3265,3272,3273,3274
21.900228,-77.865687,3248,3249,3282,3283
21.998567,-77.799558,3249,3250,3281,3282
21.832725,-77.801369,3250,3251,3280,3281
21.566935,-77.732735,3251,3252,3253,3279,3280
21.5999,-69.933106,3255,3256,3257,3259,3290,3291,3304
21.665444,-70.100124,3256,3257,3275,3276,3310,3311
21.665535,-70.00005,3256,3304,3305,3306,3307,3311
21.466919,-70.099956,3257,3258,3259,3275
21.599792,-76.50036,3260,3261
21.400234,-76.465205,3260
21.40049,-76.632268,3260,3261,3262
21.600603,-76.632821,3261,3262
21.566484,-76.633356,3262
22.467628,-77.600197,3266,3267,3321,3322
22.5,-77.6,3267,3268,3320,3321
21.833847,-70.100196,3276,3277,3309,3310,3366,3367
21.832637,-70.166844,3277,3278,3298,3366
22.000433,-69.36778,3287,3288,3312,3313,3314,3316,3442
22.032843,-69.367244,3287,3427,3428,3442,3443
21.734855,-69.500613,3288,3293,3294,3312
21.866473,-69.766598,3289,3295,3296,3297,3397,3398
21.867714,-69.698915,3289,3315,3398,3399
21.733393,-69.599708,3289,3294,3295,3312,3315,3316
21.93387,-69.767185,3290,3304,3305,3405,3406
21.899903,-69.7674,3290,3291,3296,3397,3401,3406
21.83447,-70.26647,3298,3299,3301,3302,3303,3346,3366,3367,3368,3380,3381
21.998955,-70.434322,3299,3346,3360,3361
22.099978,-69.733722,3305,3306,3404,3405,3424,3425
22.099251,-69.766376,3306,3307,3369,3423,3424
22.098548,-70.000239,3307,3308,3309,3310,3311,3369,3370,3371,3372,3382,3383,3384,3385,3386,3387,3388
22.066634,-70.101676,3308,3309,3367,3368
22.065408,-70.133294,3308,3368,3381,3382
22.034531,-69.533806,3313,3314,3393,3394,3395,3396,3400
22.032263,-69.467126,3313,3393,3442,3443,3444,3445,3446
21.865859,-69.499931,3314,3315,3316,3399,3400
22.5,-77.3,3318,3319,3325,3513
22.466504,-77.399461,3319,3325,3326,3520
22.5,-77.4,3319,3520,3521
22.5,-77.433333,3320,3521
22.467108,-77.433521,3320,3321,3322,3323,3324,3326,3520,3521
22.13392,-68.833273,3328,3329,3330,3331,3332,3333,3334,3345
22.067586,-79.66735,3338,3340,3341,3462,3463
22.5,-79.666667,3341,3342,3461,3462
22.100405,-70.298401,3346,3347,3361,3362,3380
22.301315,-70.166012,3347,3348,3349,3362,3363,3364,3365,3379
22.098735,-70.231624,3347,3379,3380,3381,3382,3388
22.266356,-70.133014,3348,3349,3378,3386,3387
22.267225,-70.165711,3348,3379,3387,3388
22.5,-70.133333,3349,3350,3363,3377,3378
22.36633,-70.165374,3350,3363,3364,3496
22.5,-70.166667,3350,3496,3497
22.5,-70.3,3351,3352,3514,3515
22.5,-70.233333,3351,3497
22.366497,-70.232756,3351,3352,3353,3364,3365,3496,3497
22.432295,-70.298816,3352,3353,3514
22.43385,-70.333307,3353,3354,3355,3356,3357,3358,3359,3360,3361,3362,3365,3514,3515
22.5,-70.566667,3354,3355,3449,3450
22.5,-70.333333,3354,3515
22.467405,-70.565849,3355,3356,3449
22.466496,-70.600327,3356,3357,3448,3449,3450,3456,3457,3458
22.167909,-70.63234,3357,3358,3447,3448
22.132294,-69.999982,3369,3370,3422,3423
22.200591,-69.999587,3370,3371,3422,3465,3466,3467,3468
22.268325,-70.000009,3371,3372,3468
22.5,-70.0,3372,3373,3374,3375,3383,3467,3468
22.466395,-70.067516,3373,3374,3480,3481,3482,3483,3484
22.5,-70.066667,3373,3481
22.466495,-70.033931,3374,3375,3479,3480
22.300012,-70.033148,3375,3383,3384,3479
22.399506,-70.099647,3376,3377,3378,3385,3386,3482,3483
22.398981,-70.067174,3376,3483,3484
22.300613,-70.065613,3376,3384,3385,3479,3480,3484
22.5,-70.1,3377,3481,3482
22.133352,-69.567085,3393,3394,3402,3403,3446
22.065729,-69.566976,3394,3395,3402
22.066461,-69.6004,3395,3396,3401,3402,3403,3404,3405,3406
21.898126,-69.633892,3396,3397,3398,3399,3400,3401
22.166321,-69.566744,3403,3404,3425,3426,3445,3446
22.465151,-69.399078,3410,3411,3499,3500,3501,3502,3503,3504,3505
22.399596,-69.399283,3411,3412,3499
22.400597,-69.467553,3412,3413,3498,3499,3505
22.367021,-69.46724,3413,3414,3498
22.368128,-69.533179,3414,3415,3416,3417,3418,3430,3431,3498,3504,3505
22.5,-69.6,3415,3416,3502,3503
22.434828,-69.532517,3415,3503,3504
22.5,-69.666667,3416,3417,3522,3523
22.467323,-69.667001,3417,3418,3522
22.466443,-69.733337,3418,3419,3420,3421,3431,3432,3522,3523
22.5,-69.866667,3419,3420,3466,3467
22.5,-69.733333,3419,3523
22.433887,-69.867221,3420,3421,3465,3466
22.20032,-69.934809,3421,3422,3423,3424,3425,3426,3432,3465
22.301385,-69.431283,3426,3427,3428,3429,3430,3431,3432,3444,3445
22.233062,-69.432502,3427,3443,3444
22.5,-72.433333,3450,3451,3452,3457,3472,3477,3478
22.36659,-79.500595,3460,3461,3462,3463,3464,3494,3495
22.5,-79.5,3461,3495
22.5,-73.6,3470,3471,3473,3474,3475,3478
22.5,-80.1,3507,3508,3519