135.068151,-41.567152,0,1,43,44
135.0,-41.566667,0,34,35,44
135.0,-45.0,0,1,2,21,22,23,24,25,26,27,28,29,30,31,32,33
135.231802,-41.333873,1,2,42,43
135.298583,-41.334053,2,3,22,41,42
135.633657,-40.867541,3,4,5,6,7,8,9,10,22,23,39,40
135.300263,-41.23228,3,40,41
135.999798,-40.468038,4,5,37,38,50,51
135.632866,-40.83264,4,38,39
136.032772,-40.468486,5,6,49,50,553
136.532536,-40.46612,6,7,552,553,554,555,572,573,577
136.701368,-40.665508,7,8,551,552
136.699986,-40.70101,8,9,551
137.066374,-40.999059,9,10,550,551,552,571,577,578,580
137.099681,-41.366552,10,11,23,24,550
137.132559,-41.800241,11,12,24,25,549
137.133626,-41.367504,11,549,550,570,571
137.167015,-42.233433,12,25,26,547,548
137.166026,-41.798239,12,548,549,569,570
137.432864,-42.765513,13,27,28,545,546
137.431562,-42.599318,13,546,547,548,569
137.39909,-42.599309,13,26,27,547
137.632581,-43.100212,14,15,543,544
137.632848,-42.8992,14,544,545,546,569,570,571,580,581,582,584
137.566435,-42.901831,14,15,16,28,29,545
137.802336,-43.633469,15,16,542,543
137.801029,-43.665308,16,17,29,30,541,542
138.167011,-44.299226,17,30,31,539,540
138.167644,-44.232801,17,540,541
138.432462,-44.567005,18,19,32,33,537,538
138.431548,-44.500453,18,538,539,540,541,542,543,544,576,579,583,584
138.365512,-44.501761,18,31,32,539
138.832464,-44.964921,19,20,21,33,535,536
138.833256,-44.933188,19,536,537
139.033333,-45.0,20,21,533,534
139.034347,-44.967491,20,534,535
135.265855,-41.000089,34,35,53,54
135.0,-41.366667,34,45,46,47,48,54,55
135.300693,-41.000564,35,36,37,38,39,40,41,42,43,44,53
135.566932,-40.499589,36,37,51,52
135.300006,-40.765897,36,52,53,54,55,56
135.23432,-39.800461,45,46,73,74,269
135.0,-39.8,45,57,74,75,76,77,78
135.366254,-39.932867,46,47,269,270,271,272,294,295
135.599987,-39.934159,47,48,293,294
135.60131,-40.000594,48,55,56,292,293
136.232009,-40.331536,49,290,291,553,554
135.835886,-40.165327,49,50,51,52,56,291,292
135.333631,-38.432698,57,58,75,96
135.0,-38.7,57,79,96,97
135.43445,-38.400802,58,75,76,316,317
135.333392,-38.399208,58,95,96,97,100,307,317,318
135.999713,-37.899818,59,60,314,315
135.76579,-38.067318,59,315,316,317,318,319,320,321
135.767233,-38.132815,59,60,76,77,316
136.066774,-37.900709,60,61,62,77,78,314
136.299815,-37.501554,61,62,312,313
136.067005,-37.832614,61,313,314,315,321
136.332259,-37.501247,62,63,64,65,66,67,68,69,70,71,72,73,74,78,312
136.565542,-36.934573,63,64,310,311,336,337
136.366633,-37.299328,63,311,312,313,320,321
136.667353,-36.700195,64,65,335,336,694,699
136.765989,-36.833707,65,66,698,699,700,701
136.69986,-37.132111,66,67,700
136.699449,-37.233541,67,68,700,701,702,703,704,705,706
136.999743,-37.399433,68,69,273,706
137.000087,-37.632742,69,70,272,273,295,296
136.132146,-38.467769,70,71,271,272
135.765943,-38.999199,71,72,270,271
135.700437,-39.000529,72,73,269,270
135.133189,-36.301209,79,80,81,82,83,97,98,99,100,111
135.0,-36.3,79,101,102,103,111,117,118
135.300538,-35.800953,80,81,110,116,117,118
135.133009,-36.133912,80,111,117
135.633361,-36.133814,81,82,110
135.666793,-36.133705,82,83,109,110,115,116
135.866075,-36.501911,83,84,85,86,87,88,89,90,91,92,98,109
136.134029,-36.201255,84,85,108,585,586,587,588
135.867279,-36.466952,84,108,109,114,115
136.333732,-36.334711,85,86,588,625,626,627,628,629,630,631,634,635
136.333408,-36.366531,86,87,633,634
136.466117,-36.467608,87,88,332,333,633
136.299949,-36.699029,88,89,332
136.29961,-36.766173,89,90,332,333,334,335,336,337,338,344,345
135.999021,-37.134357,90,91,343,344
135.833072,-37.2995,91,92,331,342,343
135.764994,-37.299856,92,93,94,98,99,331
135.53258,-37.699962,93,94,329,330
135.76696,-37.365005,93,330,331,341,342
135.402775,-37.831817,94,95,99,100,329
135.366206,-38.332344,95,307,329,330,340,341
135.333718,-35.433604,101,102,122,123
135.0,-35.666667,101,119,120,121,123
135.366044,-35.434243,102,103,122,346
135.434259,-35.566727,103,104,105,112,113,114,115,116,118,346,347,348
135.833451,-35.500982,104,105,354,459
135.800359,-35.497959,104,348,354,355
135.864978,-35.59958,105,106,112,459,460,461,464
135.999695,-35.733045,106,107,112,113,462,463
136.001154,-35.599815,106,463,464
136.034037,-36.033377,107,108,113,114,480,481,482,483,585
136.102015,-35.698777,107,462,480
135.29975,-35.234054,119,120,127
135.0,-35.166667,119,124,125,126,127
135.398424,-35.231756,120,121,126,127,349
135.400143,-35.332923,121,122,123,346,347,349,350,351,352,353,356
135.200341,-34.767102,124,125,139,140
135.0,-34.766667,124,128,129,140
135.566677,-35.033902,125,126,138,139,349,350
135.135206,-34.634622,128,129,146,147
135.0,-34.633333,128,147,148
135.433307,-34.700836,129,130,131,132,133,134,135,136,137,138,139,140,145,146
135.600872,-34.534907,130,131,326,327,328
135.432381,-34.632783,130,144,145,327
135.700228,-34.567233,131,132,326,447,448,449,452
135.767119,-34.567399,132,133,451,452
135.933252,-34.801328,133,134,450,451,466
135.93385,-34.900372,134,135,465,466,467,468,469,470,471,472
135.900617,-34.898896,135,136,465
135.899058,-35.066253,136,137,351,352,465,472
135.633364,-35.034578,137,138,350,351
135.16764,-33.998916,141,142,259,264,265,266,267,268
135.366552,-33.63471,141,152,153,264
135.0,-33.666667,141,142,148,149,150,153
135.100141,-34.299607,142,143,144,145,146,147,148,259,260,261,262,263
135.433596,-34.534075,143,144,322,323,324,325,327,328
135.332016,-34.401322,143,263,322
135.300027,-33.5003,149,150,173,174
135.0,-33.433333,149,154,155,156,174,175
135.533673,-33.499088,150,151,152,153,172,173
135.499065,-33.532754,151,152,264,265,366
135.532819,-33.532981,151,171,172,366,367,378
135.232167,-32.400348,154,155,202,203
135.0,-32.766667,154,176,203,204
135.26438,-32.400066,155,156,201,202
135.532324,-31.401407,156,157,158,175,201
135.899708,-30.932369,157,158,199,200
135.533384,-31.333517,157,200,201,202,203,204,205,206,210
135.933562,-30.933476,158,159,160,161,162,163,164,165,166,167,168,169,170,171,172,173,174,175,198,199
136.334496,-30.399251,159,160,390,391,430
136.33432,-30.233326,159,197,198,391
136.167007,-30.798856,160,161,390
136.301244,-31.102024,161,162,389,390,429,430,431,432,433,434,435,436,437,438,439,440,441,442,443,444,445,446
136.232482,-31.099631,162,163,389
136.233607,-31.400997,163,164,388,389,428,429
136.167107,-31.398752,164,165,388
136.165376,-31.633983,165,166,387,388,427,428
135.999179,-31.867026,166,167,386,387
135.935371,-31.867381,167,168,386
135.90073,-32.200037,168,169,385,386,387,426,427
135.865838,-32.200976,169,170,385
135.700044,-33.499883,170,171,378,383,384,385,425,426
135.265822,-30.635136,176,177,204,205,221
135.0,-31.133333,176,211,212,213,221,222
135.666038,-30.198963,177,178,179,180,181,205,206,220
135.267677,-30.566255,177,220,221,222,223
135.733594,-29.933311,178,179,218,219
135.666355,-29.934233,178,219,220,223
135.832673,-29.665821,179,180,217,218
135.967937,-29.467463,180,181,216,217
135.999013,-29.466138,181,206,207,208,209,210,215,216
136.031813,-29.000058,182,183,240,241
135.967615,-29.168082,182,214,241,242
136.067135,-29.167658,182,183,184,207,214,215
136.065739,-28.999028,183,184,240,589,595,596
136.134238,-29.00122,184,185,186,207,208,595
136.43347,-28.400963,185,186,593,594
136.133845,-28.833776,185,594,595,596,597
136.466574,-28.398995,186,187,188,189,190,191,192,193,194,195,196,208,209,593
137.067109,-27.466724,187,188,235,866,869
136.533788,-28.066548,187,235,236,592,593,594,597
137.432538,-27.165651,188,189,397,398,868,869
137.333563,-27.533516,189,190,397
137.335199,-27.699639,190,191,396,397,398,399,400,432,433
137.099749,-27.999389,191,192,395,396
136.732358,-28.600534,192,193,394,395
136.698907,-28.600878,193,194,394
136.698983,-28.767025,194,195,393,394,395,396,431,432
136.633312,-28.766336,195,196,392,393
136.399831,-29.200703,196,197,198,199,200,209,210,392
136.40003,-30.166004,197,391,392,393,430,431
135.299227,-29.833843,211,212,249,298,299,304
135.0,-30.033333,211,224,225,226,249,250,256,257
135.668527,-29.566618,212,213,303,304,305,306
135.800299,-29.333802,213,214,215,216,217,218,219,222,223,242,243,302,303
139.833333,-22.5,224,225,1385,1386
135.0,-22.5,224
139.400099,-23.433053,225,226,1385
139.400455,-23.532411,226,227,228,250,1180,1385,1386,1391,1392
139.166575,-24.066953,227,228,981,982,1178,1179
139.401301,-23.666868,227,1179,1180,1181,1222,1223
139.067993,-24.132729,228,229,250,251,257,258,981
138.800436,-24.667115,229,230,251,980
138.83404,-24.667021,229,980,981,982,983,984,985,986,987,990
138.032494,-25.73385,230,231,232,233,234,251,252,258,979
138.634092,-25.100103,230,979,980,989,990,991
137.631788,-26.832812,231,232,398,399,867,868
137.934765,-26.366136,231,399,400,979,988,989
137.534977,-26.83266,232,233,867
137.366667,-27.0678,233,234,866,867,868,869
137.167297,-27.23201,234,235,236,237,238,252,866
136.465793,-28.066731,236,237,591,592
136.166552,-28.400655,237,238,590,591
136.132789,-28.400748,238,239,252,253,254,255,256,257,258,590
136.066212,-28.765786,239,240,241,242,243,244,245,253,589
136.133133,-28.499125,239,589,590,591,592,596,597
135.76631,-29.334008,243,244,302
135.700795,-29.433328,244,245,301,302,303,306
135.632495,-29.433459,245,246,253,254,301
135.499627,-29.567592,246,247,248,254,255,300
135.567551,-29.567802,246,300,301,305,306
135.434217,-29.632704,247,248,298,299
135.499151,-29.632984,247,299,300,304,305
135.298383,-29.766555,248,249,255,256,298
135.433385,-33.966993,259,260,268,357
135.500952,-34.132252,260,261,357,358,359
135.498945,-34.233154,261,262,359,360
135.500086,-34.299488,262,263,322,323,360,364,365
135.499434,-33.700037,265,266,366,367,368,374
135.532716,-33.701177,266,267,374,375,377
135.532818,-33.901611,267,268,357,358,373,376,377
137.366823,-37.498917,273,274,275,276,277,278,279,280,281,282,283,284,285,286,287,296,297,705,706
137.399272,-37.067261,274,275,719,720
137.166222,-37.298741,274,704,705,720,721
137.466333,-37.066326,275,276,719
137.532742,-36.932694,276,277,718,719,720,721,903,904
137.634644,-36.966626,277,278,903,949,950,951,952,953
137.733003,-36.968288,278,279,953,954
137.90055,-37.03282,279,280,496,954,955,956,957,958,959
137.766314,-37.467259,280,281,496,497,498,557,558
137.600084,-37.866223,281,282,495,556,557
137.401016,-38.166887,282,283,494,495
137.367876,-38.16549,283,284,494
137.367385,-38.332795,284,285,493,494,495,556
137.169003,-38.766769,285,286,492,493
137.133634,-38.765828,286,287,491,492
137.001376,-39.366704,287,288,289,297,491
136.702022,-39.868257,288,289,489,490
136.999534,-39.468381,288,490,491,492,493,555,556,557,558,559,560,561,562,563,572
136.665983,-39.866885,289,290,291,292,293,294,295,296,297,489
136.566213,-40.067042,290,489,490,554,555
135.399258,-38.333787,307,308,318,319,340
135.900141,-37.533309,308,309,310,311,319,320,339
135.532703,-38.032615,308,339,340,341,342,343,344,345
136.499205,-36.933875,309,310,337,338
135.900844,-37.500054,309,338,339,345
135.598982,-34.299419,323,324,363,364
135.800781,-34.399668,324,325,362,363,453
135.766031,-34.467233,325,326,328,447,453,454,457,458
136.501323,-36.46645,333,334,632,633,634,635
136.666947,-36.665453,334,335,632,694
135.766035,-35.33348,347,348,355,356
135.932926,-35.066387,352,353,471,472
136.131445,-35.265895,353,354,355,356,459,460,470,471
135.833947,-34.000297,358,359,360,361,365,372,373
135.932653,-34.100317,361,362,363,364,365,473,474,475,476,477,478,479
135.898135,-33.933674,361,371,372,473
136.100684,-34.233171,362,453,454,479
135.631764,-33.63471,367,368,378,383
135.766148,-33.63368,368,374,375,382,383,384
136.032969,-33.767153,369,370,371,372,373,376,379,380,484,485,488
135.934564,-33.732491,369,380,381
135.766231,-33.734265,369,375,376,377,381,382
136.066976,-33.865422,370,371,473,474,486,487
136.066728,-33.766541,370,487,488
135.999334,-33.666577,379,424,484
135.965637,-33.667887,379,380,381,382,384,424,425
138.001334,-26.365496,400,401,402,403,433,434,988
138.234098,-25.999708,401,402,987,990,991
137.999889,-26.300014,401,988,989,991
138.534014,-25.666461,402,403,986,987
138.565922,-25.667542,403,404,405,406,407,434,435,985,986
138.834352,-25.831493,404,405,1176,1177,1220,1221
138.700085,-25.36744,404,984,985,1177
138.76734,-25.833073,405,406,1175,1176
138.765969,-26.300197,406,407,1174,1175
138.69991,-26.868178,407,435,436,1173,1174
138.765462,-27.566996,408,409,1171,1172
138.831925,-27.133827,408,1172,1173,1174,1175,1176,1219,1220
138.765888,-27.133961,408,409,436,437,1173
138.700752,-27.767404,409,410,437,438,1171
138.833096,-28.333859,410,438,439,1169,1170
138.766976,-27.76615,410,1170,1171,1172,1219
139.067775,-29.399624,411,412,1168,1217,1218
139.068964,-28.733108,411,1169,1170,1218,1219,1220,1221,1222,1223,1224,1225,1235
139.034866,-28.73278,411,412,439,440,1169
138.834692,-29.69905,412,440,441,1167,1168
138.56594,-31.001196,413,414,1165,1166
138.700854,-30.765468,413,1166,1167,1168,1216,1217
138.700048,-30.466375,413,414,441,442,1167
138.534004,-30.999709,414,415,416,442,443,1165
138.500474,-31.4998,415,416,1163,1164
138.533046,-31.501512,415,1164,1165,1166,1215,1216
138.366488,-31.699687,416,417,418,419,420,421,443,444,1163
138.36577,-31.866644,417,418,640,641,1044
138.36704,-31.832758,417,1044,1045,1163,1164,1214,1215
138.300091,-31.86519,418,419,640
138.00077,-32.233609,419,420,639,640,641,642,643,644,645,652,653
137.432826,-32.366046,420,421,638,639
137.067472,-32.567031,421,422,444,445,637,638
136.36721,-33.33262,422,423,445,446,636
136.399051,-33.332498,422,636,637
136.000279,-33.632461,423,424,425,426,427,428,429,446,484,485
136.333218,-33.667734,423,485,486,487,488,604,605,636,637,638,639,651,652
135.830938,-34.467612,447,448,457
136.032888,-34.365257,448,449,456,457,458
136.23364,-34.49957,449,450,451,452,455,456,616
136.267776,-34.732113,450,466,467,616,617,618,619,620
136.366849,-34.200373,454,455,456,458,478,479,623,624
136.566355,-34.2664,455,616,617,622,623
136.200965,-35.26712,460,461,469,470,598,599,600,601,602,603
136.364784,-35.466486,461,462,463,464,480,481,603
136.467007,-34.866595,467,468,620,654,655
136.36575,-35.133393,468,469,598,654
136.199149,-33.932802,474,475,486,604
136.200003,-33.966909,475,476,604,605,614,615
136.26752,-34.000193,476,477,614,621,622,623,624
136.233277,-34.099586,477,478,624
136.500442,-35.499868,481,482,602,603,671
136.599974,-35.700672,482,483,664,671,672,673,680
136.467585,-35.867879,483,585,586,664,665,669,670
137.933672,-37.032788,496,497,959,974
138.333963,-37.234744,497,498,974,975,976,977,978,1023,1024
138.301733,-37.86531,498,499,558,559,1024,1025
138.432227,-38.065937,499,500,559,560,1026,1027
138.367136,-37.866873,499,1025,1026
138.700547,-37.898184,500,501,502,503,504,505,506,507,508,509,510,511,512,560,561,1028,1029
138.631923,-37.900267,500,1027,1028
138.799637,-37.699847,501,502,1030,1031,1033,2643
138.698854,-37.766522,501,1029,1030
139.034393,-37.898608,502,503,2643,2644,2656,2657
139.034138,-37.932761,503,504,2644
139.466118,-38.166353,504,505,2644,2645,2657,2658,2659,2660
139.466379,-38.332993,505,506,746,2645
139.399094,-38.566862,506,507,745,746,747,748,749,750,751,752,782,783
138.999679,-38.934109,507,508,745
138.93365,-39.200122,508,509,744,745,781,782
138.70034,-39.46602,509,510,744
138.700162,-39.50068,510,511,744,780,781
138.298447,-39.799919,511,512,743,779,780
137.633087,-40.166765,512,513,561,562,743
137.367244,-40.332889,513,514,562,563,742
137.633085,-40.234504,513,742,743,778,779
137.032633,-40.699629,514,515,563,572,573,741
137.367737,-40.365324,514,741,742,777,778
137.067259,-40.867325,515,516,573,574,577,578,819,820,848
137.06538,-40.766295,515,741,776,777,819
137.300311,-41.499164,516,564,574,846,847
137.267566,-41.200981,516,847,848,849,850,851,852,853,854
137.634952,-42.598937,517,518,844,845
137.532246,-41.998879,517,845,846,847,854
137.500321,-41.999336,517,518,564,846
137.632408,-42.732597,518,564,574,578,580,581,843,844
138.232907,-43.666319,519,565,582,583,584,839,840
138.233509,-43.499821,519,840,841
138.200192,-43.499143,519,565,841,842
139.567321,-43.601094,520,566,567,568,575,835,836
139.401788,-43.767397,520,836,837
139.000695,-44.367024,520,575,576,579,837,838
140.099538,-42.734025,521,522,832,833,1463,1464
139.933427,-42.900268,521,833,834
139.933776,-42.967755,521,522,523,524,566,834,835
140.167101,-42.734906,522,523,1462,1463,1565
140.298933,-42.7345,523,524,1545,1565,1572,1573
140.466487,-42.967315,524,525,526,566,567,1545
140.533698,-43.068183,525,526,1546,1547,1548,1566,1567,1568,1569,1570,1574
140.533769,-42.965437,525,1545,1573,1574
140.36623,-43.299867,526,527,528,529,530,531,567,568,1546
141.400898,-43.667774,527,528,2028,2029,2031
141.466696,-43.367916,527,1546,1547,2027,2028
141.367404,-43.666462,528,529,2029
141.699238,-44.000568,529,530,2012,2013,2029,2031,2032
141.667235,-44.299102,530,531,2012
141.799466,-44.599979,531,532,533,534,535,536,537,538,568,575,576,2012,2013
141.733333,-45.0,532,533,2014
141.833771,-44.601668,532,2013,2014,2015,2016,2017,2018,2019,2020,2021,2022,2023,2024,2032,2033
137.766152,-42.967504,565,581,582,842,843
138.399857,-43.868369,579,583,838,839
136.631349,-35.899245,586,587,625,626,669,689,693
136.332343,-36.133845,587,588,625
136.368273,-35.166957,598,599,654,655,656,657,662
136.432896,-35.166462,599,600,661,662,663
136.533191,-35.467409,600,601,660,661,672,673
136.533804,-35.501472,601,602,671,672
136.567467,-33.666987,605,606,607,608,609,610,611,612,613,615,650,651
137.166214,-33.833854,606,607,798,881,892,893
137.166036,-33.800033,606,649,650,881
137.065766,-34.199715,607,608,797,798,815,816
136.999936,-34.200157,608,609,797
137.000244,-34.366794,609,610,682,683,795,796,797,814,815
136.96754,-34.365987,610,611,681,682
136.901903,-34.300119,611,612,618,619,681
136.833033,-34.300044,612,613,617,618,621,622
136.26687,-33.93203,613,614,615,621
136.599839,-34.865948,619,620,655,656,681,682,683,684,685,686,688
136.700126,-35.900944,626,627,692,693
136.833648,-36.034017,627,628,691,692
136.865884,-36.299749,628,629,690,691,729
136.865457,-36.33148,629,630,722,729,734
136.866142,-36.433695,630,631,695,722,723,724,725,726,727,728
136.866407,-36.499893,631,632,635,694,695,696,697,698,699
138.466615,-32.265777,641,642,1044,1045,1046,1047,1048,1132,1133
138.466981,-32.500061,642,643,1131,1132
138.399314,-32.500725,643,644,885,886,1130,1131
138.365919,-32.501155,644,645,884,885
137.933377,-32.867467,645,646,647,653,884
137.632965,-33.1007,646,647,882,883
137.933615,-32.933323,646,883,884,885,886,887,888,889,890,891,895
137.599525,-33.100491,647,648,649,650,651,652,653,882
137.200366,-33.800026,648,649,881,893,894
137.600899,-33.300332,648,882,883,894,895
136.832964,-35.033987,656,657,687,688
136.833398,-35.066689,657,658,659,662,663,687,707
137.001227,-35.267363,658,659,674,675,713,714
136.966876,-35.166115,658,707,708,709,714
136.800398,-35.435303,659,660,661,663,674
136.800771,-35.467879,660,673,674,675,676,677,678,679,680
136.99843,-35.601519,664,665,679,680
137.200123,-35.666887,665,666,667,668,670,678,679,874,875,876,877,878,879,880
137.066471,-35.899366,666,667,730,731
137.235429,-35.799955,666,731,732,880
137.000439,-35.899528,667,668,689,690,691,692,693,730
136.733796,-35.832879,668,669,670,689
137.100104,-35.233913,675,676,712,713,870,871,872,873
137.268279,-35.268379,676,677,873,896
137.300571,-35.434104,677,678,874,896,897,898,899,900,901
137.00074,-34.633948,683,684,735,736,794,795
136.898886,-34.731646,684,685,735
136.901255,-34.833334,685,686,708,709,735,736,739,740
136.899544,-35.066423,686,687,688,707,708
136.99957,-36.233149,690,729,730,731,732,733,734
137.233152,-36.734868,695,696,715,716,728
137.033242,-36.799748,696,697,702,703,715
136.833406,-36.833248,697,698,701,702
136.864753,-37.100531,703,704,715,716,717,718,721
136.998927,-34.899851,709,710,711,712,713,714,739
137.266301,-34.8,710,711,737,738,862
136.999147,-34.799838,710,738,739,740
137.29899,-34.899016,711,712,861,862,865,870
137.266243,-36.732685,716,717,727,728,902,905
137.332893,-36.733233,717,718,904,905,906
137.333595,-36.166938,722,723,733,734,907,908,912,913
137.434149,-36.199119,723,724,912,914
137.433292,-36.2339,724,725,914,920
137.466194,-36.230577,725,726,919,920
137.465866,-36.466407,726,727,902,918,919
137.434304,-35.934449,732,733,879,880,907
137.066815,-34.63337,736,737,738,740,794,855,863
137.332888,-34.801174,737,862,863,864,865
139.500974,-38.333763,746,747,2645,2646,2647,2648,2649,2658
139.499729,-38.399691,747,748,1408,2646
139.667127,-38.667401,748,749,1408,1409,1410,1411,1412,1413,1414,1415
139.798284,-38.798671,749,750,1415,1416,1421,1422
139.90038,-39.033704,750,751,1421,1499
139.899728,-39.067157,751,752,1493,1499,1500,1501,1502,1504
139.933011,-39.266763,752,753,783,784,1493,1494,1498
139.733484,-39.898811,753,754,755,756,784,785,1437
140.066987,-39.400188,753,1437,1438,1497,1498,1538,1539
140.000261,-40.399496,754,755,1446,1447,1485,1486
139.833067,-39.933037,754,1437,1438,1439,1440,1441,1447,1448
139.899691,-40.565974,755,756,1485
139.900112,-40.632601,756,757,758,785,786,1485,1486,1492
140.298616,-40.866006,757,758,1619,1624,1625
140.300024,-40.834331,757,1491,1492,1619
140.632057,-41.199976,758,759,760,761,786,787,788,789,790,1623,1624
140.834052,-40.866917,759,760,1892,1901,1902
140.833781,-40.832022,759,1622,1623,1892
140.865833,-40.867446,760,761,1881,1901
141.267904,-40.998766,761,762,763,764,787,1881,1882,1883,1884,1885,1889,1890
140.966378,-41.200725,762,763,1879,1880
141.166472,-41.265819,762,1880,1888,1889
140.96575,-41.165519,763,764,1878,1879
140.799714,-41.166435,764,787,788,1878
140.899152,-41.899958,765,766,1457,1458,1830
141.100686,-41.465151,765,1830,1831,1887,1888,1889,1890,1891
140.800156,-41.264553,765,766,767,768,769,770,771,772,788,789,1878,1879,1880,1888
140.166462,-42.001119,766,767,1456,1457
140.132187,-41.999292,767,768,825,826,1456
139.865128,-41.701577,768,769,824,825
139.866846,-41.56589,769,770,824
139.699715,-41.566394,770,771,824,825,826,827,828,829,851,852
139.29836,-41.466501,771,772,823,850,851
138.699932,-41.165735,772,773,774,789,790,823
138.333108,-40.967059,773,774,821,822
138.664786,-41.167562,773,822,823,849,850
138.33472,-40.933067,774,775,776,777,778,779,780,781,782,783,784,785,786,790,821
137.399284,-40.866646,775,776,819,820
137.833623,-40.932776,775,820,821,822,848,849
137.734219,-34.667286,791,792,811,812,856,857,858,859,860,861,864,865
137.734037,-34.633637,791,812,813
137.368047,-34.600692,791,792,793,796,813,814
137.366981,-34.665437,792,793,855,863,864
137.067617,-34.599495,793,794,795,796,855
137.233279,-33.83273,798,799,816,817,892
138.032786,-33.733623,799,800,801,802,803,804,805,806,807,808,817,818,890,891
137.234232,-33.801094,799,891,892,893,894,895
138.867105,-33.600079,800,801,888,889,1286,1287,1305,1306
138.366166,-33.665323,800,889,890
138.866666,-33.767336,801,802,1304,1305
139.03317,-34.099913,802,803,1303,1304
139.033152,-34.201106,803,804,1302,1303
139.265407,-34.466382,804,805,1302,1316
139.266388,-34.500753,805,806,1283,1284,1285,1316,1317,1318,1319,1320,1329,1330,1332
139.099151,-34.567351,806,807,1282,1283
138.965598,-34.565462,807,808,1281,1282
138.864257,-34.70116,808,809,818,1281
138.699664,-34.634646,809,810,811,812,813,814,815,816,817,818,1017,1018
138.866426,-34.866712,809,1018,1019,1281,1282,1283,1285
138.099826,-34.667493,810,811,856,993,994
138.233263,-34.667299,810,994,995,1017
140.131882,-42.067452,826,827,1456,1457,1458,1459,1460,1468,1469
140.00091,-42.234304,827,828,1455,1467,1468
139.799774,-42.232384,828,829,1455
139.800105,-42.366812,829,830,831,852,853,1455,1467
139.866485,-42.466382,830,831,1465,1466
140.232282,-42.300731,830,1466,1467,1468,1469,1470,1471,1472
139.866293,-42.632518,831,832,833,834,835,836,837,838,839,840,841,842,843,844,845,853,854,1465
140.132624,-42.498689,832,1464,1465,1466,1472
138.033329,-34.933514,856,857,992,993
138.032991,-35.000099,857,858,923,924,992
137.866995,-34.999026,858,859,922,923
137.733469,-34.933443,859,860,921,922
137.666295,-34.998829,860,861,870,871,921
137.66728,-35.067501,871,872,921,922,923,924,925,926,927
137.534292,-35.200162,872,873,896,897,927
137.300098,-35.467327,874,875,901
137.566497,-35.500541,875,876,900,901,937
137.567112,-35.7004,876,877,937,943
137.565803,-35.800153,877,878,928,942,943
137.565897,-35.833997,878,879,907,908,928,935
138.399259,-32.800583,886,887,1129,1130
138.866283,-33.566191,887,888,1129,1286
137.634186,-35.265959,897,898,926,927,944
137.60014,-35.434423,898,899,938,944,948
137.600547,-35.498926,899,900,937,938,939,940,941,942,943
137.700195,-36.60169,902,905,906,917,918,949,950
137.633023,-36.767582,903,904,906,949
137.865327,-35.832989,908,909,910,911,913,934,935,936
138.101137,-36.132631,909,910,961,962,1000
138.100295,-36.099541,909,934,1000,1001
137.866746,-36.267544,910,911,915,960,961
137.567186,-36.067657,911,912,913,914,915,916,917,918,919,920
137.766625,-36.399179,915,916,960
137.76815,-36.466196,916,917,950,951,960,961,962,963,964,967
138.066963,-35.100395,924,925,945,992,993,994,995,999
137.999531,-35.167518,925,926,944,945,946,947,948
137.764771,-35.800107,928,929,930,931,932,933,935,936,941,942
137.933316,-35.532844,929,930,939,940,968,969,970,973
137.764914,-35.700688,929,940,941
138.267538,-35.50041,930,931,972,973,1006,1016
138.400371,-35.600322,931,932,1015,1016,1236
138.399239,-35.634012,932,933,1034,1035,1236,1237,1238,1239,1240
138.334086,-35.833836,933,934,936,1001,1002,1034
137.798804,-35.433786,938,939,947,948,968
138.167754,-35.165561,945,946,969,970,998,999
137.83356,-35.433144,946,947,968,969
138.033664,-36.467077,951,952,966,967
138.300459,-36.56707,952,953,954,955,965,966
138.566968,-36.499658,955,956,965,1250,1251,1252,1253,1254,1255,1256,1257,1258
138.63288,-36.63324,956,957,1246,1247,1258
138.499599,-36.832891,957,958,975,976,1247,1248
137.999967,-37.032331,958,959,974,975
138.267764,-36.365993,962,963,1000,1001,1002,1003,1005
138.4668,-36.366407,963,964,1004,1005
138.533928,-36.433929,964,965,966,967,1004,1250
138.400438,-35.201678,970,971,972,973,997,998,1007
138.366177,-35.332155,971,972,1006
138.400983,-35.33455,971,1006,1007,1008,1009,1010,1011,1012,1013,1014,1015,1016
138.433091,-37.10167,976,977,1248,1249
138.435132,-37.13247,977,978,1042,1043,1241,1249
138.3668,-37.233322,978,1023,1043
138.932109,-24.765057,982,983,1178
138.93307,-24.965735,983,984,1177,1178,1179,1221,1222
138.467002,-35.133453,995,996,997,998,999,1017,1018,1019,1020,1021
138.533876,-35.234345,996,997,1007,1008
138.734252,-35.136016,996,1008,1009,1021
138.367321,-35.866652,1002,1003,1034,1035,1036,1037,1038
138.569089,-36.232836,1003,1004,1005,1038,1250,1251
138.932162,-35.100045,1009,1010,1020,1021,1315,1328
139.000332,-35.099317,1010,1011,1327,1328,1331
139.000568,-35.132589,1011,1012,1327,1338
138.999322,-35.166004,1012,1013,1338,1339,1345
139.098922,-35.399554,1013,1014,1344,1345,1346,1347,1348,1349,1351,1352
139.066446,-35.467042,1014,1015,1236,1237,1347
139.033813,-35.031885,1019,1020,1284,1285,1315
138.36779,-37.267575,1022,1023,1024,1025,1026,1027,1028,1029,1030,1032,1033,1039,1040,1041,1042,1043
138.699747,-37.53384,1022,1039,1265
138.779676,-37.666674,1022,1031,1032,1264,1265,2643,2655,2656
138.777083,-37.668749,1031,1032,1033
138.665852,-35.733651,1035,1036,1240,1259
138.666166,-35.866887,1036,1037,1259,1260,1261,1262,1263
138.732644,-36.098245,1037,1038,1251,1252,1263
138.846801,-37.41664,1039,1040,1264,1265,2653,2654,2661
138.852083,-37.268749,1040,1041,2661,2662,2663,2664
138.742965,-37.156324,1041,1042,1241,1242,2664
138.467177,-31.733603,1045,1046,1213,1214
138.499961,-31.733132,1046,1047,1212,1213
138.800455,-31.365929,1047,1048,1211,1212
139.266544,-30.967788,1048,1049,1050,1051,1133,1134,1211
139.465721,-30.500668,1049,1050,1209,1210
139.400309,-30.500702,1049,1210,1211,1212,1213,1214,1215,1216,1217,1218,1234,1235
139.766011,-30.166526,1050,1051,1208,1209
139.80007,-30.167426,1051,1052,1053,1054,1055,1134,1135,1208
139.867209,-29.49911,1052,1053,1207,1232,1233
139.800077,-30.000363,1052,1208,1209,1210,1233,1234
140.366653,-29.033186,1053,1054,1206,1207
141.033889,-28.064699,1054,1055,1205,1206
141.101318,-28.06624,1055,1135,1136,1137,1138,1139,1159,1160,1161,1162,1204,1205
141.70026,-27.033363,1056,1057,1202,1203
141.233854,-27.597784,1056,1203,1204,1205,1206,1207,1231,1232
141.233599,-27.700577,1056,1057,1136,1204
141.733252,-27.032469,1057,1058,1059,1136,1137,1202
142.26818,-26.333676,1058,1059,1200,1201
142.233737,-26.332873,1058,1201,1202,1203,1230,1231
142.666527,-25.933164,1059,1060,1137,1138,1200
143.431638,-25.167516,1060,1061,1062,1138,1139,1199
142.666345,-25.900573,1060,1199,1200,1201,1229,1230
144.033255,-24.7992,1061,1062,1197,1198
143.434165,-25.131835,1061,1198,1199,1228,1229
144.100116,-24.799972,1062,1139,1140,1141,1160,1196,1197
144.332623,-24.533146,1063,1064,1194,1195
144.300949,-24.532911,1063,1195,1196,1197,1198,1227,1228
144.300757,-24.566788,1063,1064,1140,1196
144.768277,-24.099913,1064,1065,1066,1140,1141,1194
145.132782,-24.067045,1065,1066,1192,1193
144.767028,-24.067163,1065,1193,1194,1195,1226,1227
145.432408,-24.266863,1066,1067,1141,1160,1161,1192
146.332732,-23.766766,1067,1068,1161,1162,1190,1191
145.73311,-23.899548,1067,1191,1192,1193,1226
146.699398,-23.532768,1068,1069,1070,1142,1143,1144,1145,1146,1147,1148,1149,1150,1151,1152,1153,1154,1155,1156,1157,1158,1159,1162,1188,1189
146.63221,-23.534272,1068,1189,1190
147.434217,-22.934647,1069,1070,1186,1187
147.133707,-23.033297,1069,1187,1188
147.566242,-22.933213,1070,1071,1072,1073,1074,1075,1076,1077,1078,1079,1080,1081,1082,1083,1084,1085,1086,1087,1088,1089,1090,1091,1092,1093,1094,1095,1096,1097,1098,1099,1100,1101,1102,1103,1104,1105,1142,1185,1186
154.133333,-22.5,1071,1072,2419
147.933333,-22.5,1071,1184,1185
154.133465,-22.699017,1072,1073,2418,2419,2420,2421,2422,2423,2424,2425,2426,2427,2428,2429,2430,2466
154.100025,-22.700823,1073,1074,2418
154.101333,-23.265734,1074,1075,2417,2418,2466,2475
154.067376,-23.267645,1075,1076,2417
154.065823,-23.800001,1076,1077,2417,2475,2476,2477,2484
153.464577,-24.834203,1077,1078,2416,2465,2483,2484
153.066774,-25.167037,1078,1079,2416
153.031024,-25.400682,1079,1080,2415,2416,2465
152.766073,-25.901699,1080,1081,2415
152.634378,-26.201079,1081,1082,2414,2415,2464,2465,2482,2483
152.266911,-26.534086,1082,1083,2413,2414
152.232229,-26.533343,1083,1084,2412,2413
151.833522,-26.967115,1084,1085,2412
151.83308,-26.999204,1085,1086,2411,2412,2413,2414,2463,2464
151.732372,-27.03331,1086,1087,2410,2411
151.298561,-27.498934,1087,1088,2410
151.29917,-27.533264,1088,1089,2409,2410,2411,2463
150.66676,-28.132442,1089,1090,2408,2409
150.632559,-28.134521,1090,1091,2407,2408
150.266644,-28.533626,1091,1092,2407
150.26715,-28.568525,1092,1093,2406,2407,2408,2409,2462,2463,2464,2481,2482
149.832935,-28.934363,1093,1094,2405,2406
149.433914,-29.366669,1094,1095,2405
149.434009,-29.399163,1095,1096,2404,2405,2406,2461,2462
149.034965,-29.767413,1096,1097,2403,2404
148.99888,-29.765107,1097,1098,2402,2403
148.633552,-30.166777,1098,1099,2402
148.633892,-30.198862,1099,1100,2401,2402,2403,2404,2460,2461
148.266349,-30.498268,1100,1101,2401
147.932633,-30.899858,1101,1102,2400,2401,2459,2460
147.898479,-30.900166,1102,1103,2399,2400
147.533159,-31.266548,1103,1104,2399
147.36681,-31.46644,1104,1105,2398,2399,2400,2458,2459
146.866467,-31.900506,1105,1106,1142,1143,2398
146.600852,-32.166712,1106,1107,1108,1143,1144,2397
146.867076,-31.966649,1106,2397,2398,2458
145.832999,-32.700224,1107,1108,2395,2396
146.60126,-32.233559,1107,2396,2397,2457,2458,2459,2460,2461,2462,2474,2480,2481
145.799592,-32.700969,1108,1109,1110,1111,1144,1145,2395
144.96647,-33.566495,1109,1110,1693,1855
145.131806,-33.433666,1109,1693,1694,2395,2396,2456,2457
144.601401,-33.732851,1110,1111,1854,1855,1856,1857,1875,1876
144.267777,-33.599462,1111,1145,1146,1853,1854
143.800449,-33.900548,1112,1113,1147,1148,1852
143.96671,-33.898641,1112,1852,1853,1854,1874,1875
143.967854,-33.832214,1112,1146,1147,1853
143.332972,-34.200903,1113,1148,1149,1850,1851
143.500264,-34.13428,1113,1851,1852,1873,1874
142.734915,-34.532583,1114,1115,1150,1151,1849
142.966944,-34.533105,1114,1849,1850,1851,1872,1873
142.965324,-34.499077,1114,1149,1150,1850
142.000473,-34.833993,1115,1116,1117,1151,1152,1848
142.399625,-34.76488,1115,1848,1849,1871,1872
141.63298,-35.234175,1116,1117,1846,1847
141.998551,-34.867962,1116,1847,1848,1870,1871
141.566905,-35.23384,1117,1118,1152,1153,1846
140.934088,-35.700482,1118,1119,1120,1121,1122,1123,1153,1154,1845
141.334093,-35.533745,1118,1845,1846,1847,1869,1870
140.832977,-35.764962,1119,1120,1843,1844,2615,2616,2625,2626
140.933087,-35.766768,1119,1844,1845,1868,1869
140.832551,-35.699196,1120,1121,2616
140.600628,-35.633803,1121,1122,1295,1296,2616,2626,2627,2628,2629
140.433068,-35.167891,1122,1123,1294,1295
140.433913,-35.133886,1123,1124,1125,1126,1127,1154,1155,1294
140.20059,-34.630817,1124,1125,1292,1293
140.36768,-35.132365,1124,1293,1294,1295,1296,1297,1298,1299,1300,1301,1307
140.032671,-34.232131,1125,1126,1291,1292
139.833372,-33.532367,1126,1127,1290,1291
139.833366,-33.166306,1127,1155,1156,1289,1290
139.132926,-33.433316,1128,1129,1130,1131,1132,1133,1134,1135,1158,1159,1286,1287
139.3,-33.431573,1128,1287,1288,1289,1290,1291,1292,1293,1306,1307
139.30142,-33.400108,1128,1157,1158,1288
139.734266,-33.1674,1156,1157,1288,1289
139.500017,-23.433644,1180,1181,1390,1391
139.532416,-23.432341,1181,1182,1223,1224,1390
139.666491,-23.300279,1182,1183,1224,1225,1388,1389
139.598384,-23.298901,1182,1389,1390,1391,1392
140.066853,-22.900761,1183,1184,1185,1186,1187,1188,1189,1190,1191,1225,1226,1227,1228,1229,1230,1231,1232,1233,1234,1235,1387
140.034352,-22.899298,1183,1387,1388
140.1,-22.5,1184,1386,1387,1388,1389,1392
139.0652,-35.499214,1237,1238,1347,1351
139.100014,-35.499407,1238,1239,1350,1351,1352
139.099373,-35.734809,1239,1240,1259,1260,1333,1334,1350
138.577083,-36.985416,1241,1242,1243,1244,1245,1246,1247,1248,1249
138.900082,-37.168499,1242,1243,1274,2663,2664
139.099626,-36.900616,1243,1244,1274,1275,1314
138.900006,-36.700252,1244,1245,1308,1309,1310,1311,1312,1313,1314
138.900142,-36.665999,1245,1246,1257,1258,1308
138.934134,-36.067256,1252,1253,1262,1263
138.999751,-36.06809,1253,1254,1261,1262,1333,1334,1335,1336,1337
139.133671,-36.16614,1254,1255,1337,1357,1358
139.133134,-36.332976,1255,1256,1358,1359,1360,1361,1363,1364
139.267651,-36.467,1256,1257,1308,1309,1359
139.000419,-35.90054,1260,1261,1333
138.839583,-37.618749,1264,2654,2655
139.100349,-37.333341,1266,1267,1268,1269,1270,1272,1273,1278
138.866646,-37.368073,1266,1274,1275,1276,1278,1279,2662,2663
138.865909,-37.401412,1266,1272,2652,2653,2661,2662
139.533279,-37.267479,1267,1268,1277,1380,1381,1382,1383,1384
139.101086,-37.299423,1267,1277,1278,1279,1280
139.3992,-37.566186,1268,1269,1380
139.39948,-37.600418,1269,1270,1370,1380,1384
139.400311,-37.63263,1270,1271,1273,1370,1377,1378,2651
139.267787,-37.567198,1271,1272,1273,2652
139.167417,-37.63214,1271,2651,2652,2653,2654,2655,2656,2657,2660
139.300739,-36.899486,1275,1276,1313,1314
139.533066,-36.965877,1276,1279,1280,1312,1313,1365
139.533107,-37.232621,1277,1280,1365,1366,1367,1368,1369,1381
139.034893,-35.065452,1284,1315,1328,1331,1332
140.400236,-35.332463,1296,1297,2617,2618,2619,2620,2627
140.333377,-35.166732,1297,1298,1481,1482,1483,1484,2617
139.899492,-34.900486,1298,1299,1319,1320,1481
139.900304,-34.833558,1299,1300,1318,1319
139.733657,-34.567203,1300,1301,1317,1318
139.601719,-34.066521,1301,1302,1303,1304,1305,1306,1307,1316,1317
139.466575,-36.534244,1309,1310,1359,1360,1401
139.566315,-36.731811,1310,1311,1401,1402,1403,1404,1405,1406,1407
139.598958,-36.899045,1311,1312,1365,1366,1407
139.833301,-35.334349,1320,1321,1322,1323,1324,1329,1481,1484
139.932059,-35.435013,1321,1322,2635,2636
139.933165,-35.366266,1321,1483,1484,2634,2635
140.100008,-35.633759,1322,1323,2636,2637
139.767178,-35.600686,1323,1324,1340,1341,2637,2638
139.732798,-35.201119,1324,1325,1326,1329,1330,1340
139.234551,-35.264995,1325,1326,1339,1345,1346
139.632724,-35.234084,1325,1340,1341,1342,1343,1344,1346
139.134373,-35.132592,1326,1327,1330,1331,1332,1338,1339
139.231254,-35.732598,1334,1335,1349,1350,1352
139.366416,-35.833451,1335,1336,1348,1349,1355,1356
139.266766,-36.066455,1336,1337,1356,1357
139.700881,-35.599739,1341,1342,2638,2639
139.699045,-35.634411,1342,1343,1353,1354,2639,2641,2642
139.568054,-35.633613,1343,1344,1348,1354,1355
139.766982,-36.067549,1353,2640,2642
139.766528,-36.107733,1353,1354,1355,1356,1357,1358,1362,1363,1433,1434,2640
139.667669,-36.433176,1360,1361,1401,1402,1435,1436
139.765111,-36.233066,1361,1362,1364,1434,1435
139.689583,-36.160416,1362,1363,1364
139.866942,-36.900131,1366,1367,1406,1407,1480
139.933987,-36.967584,1367,1368,1479,1480,1505
139.932812,-37.000111,1368,1369,1505,1518
139.964648,-37.134295,1369,1381,1382,1517,1518
139.501532,-37.599372,1370,1371,1372,1373,1374,1378,1379,1383,1384
140.200182,-37.566658,1371,1372,1515,1516,1540,1541
140.065624,-37.368169,1371,1382,1383,1516,1517
140.067192,-37.699613,1372,1373,1396,1397,1540
139.899421,-37.701647,1373,1374,1396
139.899418,-37.766525,1374,1375,1379,1395,1396,1397,1398,1399,1400
139.567653,-37.63151,1375,1376,1377,1378,1379,1393,1394
139.566349,-37.66652,1375,1394,1395
139.399863,-37.700224,1376,1377,2650,2651,2659,2660
139.465433,-37.699609,1376,1393,2650
139.466959,-37.798616,1393,1394,1395,1400,2649,2650,2658,2659
140.097875,-37.767513,1397,1398,1424,1425,1540,1541,1542,1543,1544
140.034183,-37.767633,1398,1399,1423,1424
139.666539,-37.966955,1399,1400,1423,2648,2649
139.767986,-36.500025,1402,1403,1431,1436,1449
139.765453,-36.633362,1403,1404,1449,1450,1454
139.800805,-36.633819,1404,1405,1453,1454,1473
139.8659,-36.734277,1405,1406,1473,1474,1475,1476,1477,1478,1479,1480
139.733356,-38.133913,1408,1409,1429,2646,2647
139.93269,-38.133638,1409,1410,1428,1429,1430
139.932465,-38.19938,1410,1411,1427,1428
140.034137,-38.19926,1411,1412,1427,1519
140.199589,-38.299109,1412,1413,1519,1520,1521,1522,1523,1580
140.2321,-38.532357,1413,1414,1416,1417,1418,1419,1420,1422,1580,1581,1582,1583,1585
139.934183,-38.634004,1414,1415,1416
140.433625,-38.666206,1417,1418,1584,1594
140.434038,-38.633427,1417,1584,1585
140.433437,-38.700847,1418,1419,1593,1594,1595,1596,1597,1605,1606
140.266963,-38.700998,1419,1420,1500,1501,1593
140.100803,-38.700373,1420,1421,1422,1499,1500
139.733987,-38.03422,1423,1424,1425,1426,1429,1430,2647,2648
140.233565,-37.867094,1425,1426,1520,1521,1544
140.034854,-38.164796,1426,1427,1428,1430,1519,1520
140.166326,-36.065699,1431,1432,1433,1434,1435,1436,1527
140.065841,-36.232428,1431,1449,1450,1524,1525,1526,1527
140.152083,-35.843749,1432,1433,2640,2641,2642
140.343848,-35.888577,1432,1526,1527,2621,2630,2631,2632,2633,2634,2635,2636,2637,2638,2639,2641
140.333063,-39.632718,1438,1439,1537,1538
140.333603,-39.666801,1439,1440,1536,1537,1575,1576
140.2002,-39.800978,1440,1441,1575
140.233687,-40.034018,1441,1442,1443,1444,1445,1448,1575,1576,1577,1578,1579
140.332524,-40.067652,1442,1443,1626,1634
140.332333,-40.031747,1442,1579,1626
140.467093,-40.165632,1443,1444,1633,1634,1635,1636
140.399159,-40.332945,1444,1445,1487,1488,1635
140.10001,-40.36647,1445,1446,1447,1448,1487
140.100428,-40.400278,1446,1486,1487,1488,1489,1490,1491,1492
140.332304,-36.365188,1450,1451,1452,1453,1454,1524,1609,1610
140.234209,-36.699402,1451,1452,1474,1475,1586,1587
140.330987,-36.666484,1451,1587,1588,1610,1611,1612,1613,1614,1618
139.933103,-36.600442,1452,1453,1473,1474
140.832258,-42.333743,1458,1459,1830,1831,1832,1833,1834,1835,1836,1837,1841,1842
140.800137,-42.500839,1459,1460,1561,1562,1841
140.599592,-42.600091,1460,1469,1470,1562,1563,1570,1571,1572,1573,1574
140.199241,-42.598446,1461,1462,1463,1464,1471,1472,1564
140.299248,-42.600602,1461,1563,1564,1571
140.302297,-42.49913,1461,1470,1471
140.202396,-42.732372,1462,1564,1565,1571,1572
140.198662,-36.866725,1475,1476,1586
140.199388,-36.900497,1476,1477,1506,1507,1586,1587,1588,1589,1590,1591,1592
140.100566,-36.900296,1477,1478,1506
140.101166,-36.967295,1478,1479,1505,1506,1507,1508,1509,1510,1511,1512,1513,1514,1515,1516,1517,1518
140.132599,-35.36501,1482,1483,2633,2634
140.199347,-35.433623,1482,2617,2618,2632,2633
140.433303,-40.499049,1488,1489,1635,1636,1637,1638,1639,1640,1641
140.533615,-40.634115,1489,1490,1620,1641
140.333357,-40.833251,1490,1491,1619,1620,1621,1625
140.499636,-38.932916,1493,1494,1503,1504
140.534267,-38.932085,1494,1495,1496,1497,1498,1503,1604,1644
140.434645,-39.167285,1495,1496,1528
140.533274,-39.166609,1495,1528,1529,1644,1645,1646,1647,1649
140.365687,-39.267507,1496,1497,1528,1529,1530,1539
140.267293,-38.73388,1501,1502,1593,1605
140.401013,-38.733244,1502,1503,1504,1604,1605,1606,1608
140.801778,-36.867035,1507,1508,1592,1764,1765
140.932829,-36.934135,1508,1509,1763,1764,1915
141.000238,-36.999206,1509,1510,1915,1924
141.000722,-37.135194,1510,1511,1652,1923,1924
140.867123,-37.601255,1511,1512,1651,1652,1653,1654,1655,1659
140.833721,-37.599715,1512,1513,1643,1650,1651
140.500062,-37.599691,1513,1514,1542,1543,1642,1643
140.332952,-37.500005,1514,1515,1541,1542
140.433789,-37.865947,1521,1522,1543,1544,1642
140.532409,-37.967204,1522,1523,1642,1643,1650
140.532367,-37.999215,1523,1580,1581,1650,1651,1658,1659
140.482257,-35.914019,1524,1525,1609,2614,2622,2623
140.472916,-35.918749,1525,1526,2621,2622
140.666875,-39.26723,1529,1530,1648,1649
140.665019,-39.33308,1530,1531,1532,1533,1534,1535,1536,1537,1538,1539,1648
140.766762,-39.367002,1531,1532,1599,1600,1680,1681
140.766201,-39.332886,1531,1600,1601,1647,1648,1649
140.732482,-39.366803,1532,1533,1680
140.734025,-39.601062,1533,1534,1627,1628,1680,1681,1682,1683,1684
140.699641,-39.602385,1534,1535,1577,1578,1627
140.400362,-39.667571,1535,1536,1576,1577
141.754189,-43.390791,1547,1548,1550,1551,2026,2027
141.656249,-43.297916,1548,1549,1550,1566
141.356249,-43.227083,1549,1566,1567
141.606249,-43.131249,1549,1550,1551,1552,1553,1554,1555,1567,1568
141.867971,-43.399844,1551,1552,2025,2026,2030
141.86738,-43.266098,1552,1553,2025
141.9672,-43.266467,1553,1554,2024,2025,2030,2033,2162,2163,2164,2165,2166,2167
141.900335,-43.099419,1554,1555,2162
142.167319,-42.699795,1555,1556,1557,1558,1559,1568,1569,2162,2163
142.400519,-42.533932,1556,1557,2164,2165,2206,2207,2208,2209
142.201065,-42.700568,1556,2163,2164
142.300521,-42.433013,1557,1558,2196,2207
142.333187,-42.36655,1558,1559,1838,2196
141.667115,-42.633524,1559,1560,1561,1562,1569,1570,1838,1839
141.067811,-42.333023,1560,1561,1840,1841,1842
141.6668,-42.599978,1560,1839,1840
140.302297,-42.499129,1563
140.698302,-39.800193,1578,1579,1626,1627,1628,1629,1630,1631,1632,1633,1634
140.699609,-38.099974,1581,1582,1657,1658,1669,1670
140.665872,-38.601086,1582,1583,1668,1669
140.666128,-38.666951,1583,1584,1585,1594,1595,1668
140.56675,-36.699898,1588,1589,1611
140.732877,-36.700383,1589,1590,1611,1612,1665,1666,1667
140.73309,-36.766869,1590,1591,1665
140.766965,-36.769026,1591,1592,1664,1665,1667,1685,1686,1765,1766
140.867422,-38.700326,1595,1596,1668,1669,1670,1671,1672,1679
141.099951,-38.967234,1596,1597,1678,1679
141.133638,-39.066293,1597,1606,1607,1608,1677,1678,1941,1942
140.867004,-39.364739,1598,1599,1681,1682
141.100888,-39.39982,1598,1682,1683,1941,1942,1943,1944,1945,1946,1947,1948
141.100819,-39.332146,1598,1599,1600,1601,1602,1603,1607,1941
140.833194,-39.233117,1601,1602,1646,1647
140.900071,-39.234189,1602,1603,1645,1646
140.798804,-38.934434,1603,1604,1607,1608,1644,1645
140.771286,-35.767676,1609,1610,1617,1618,2614,2615,2624,2625
140.634177,-36.567735,1612,1613,1666
140.566269,-36.300969,1613,1614,1660,1661,1662,1663,1664,1666,1667
140.566813,-36.199463,1614,1615,1616,1617,1618,1660
140.800298,-35.835082,1615,1616,1661,1662,1843,1844,1867,1868
140.601216,-36.199931,1615,1660,1661
140.798855,-35.767882,1616,1617,1843,2615
140.799399,-40.666399,1620,1621,1640,1641
140.832975,-40.666948,1621,1622,1623,1624,1625,1639,1640,1893
140.901102,-40.83229,1622,1892,1893,1894,1895,1896,1902,1903,1904
140.966919,-39.932902,1628,1629,1684,1925
141.032507,-40.033157,1629,1630,1896,1897,1898,1899,1900,1903,1925,1926,1927,1928,1929,1934
140.966776,-40.032027,1630,1631,1895,1896
140.898983,-40.133184,1631,1632,1637,1638,1894,1895
140.500874,-40.167886,1632,1633,1636,1637
140.832575,-40.46764,1638,1639,1893,1894
141.03288,-37.13405,1652,1653,1922,1923
141.032617,-37.165526,1653,1654,1905,1906,1921,1922
140.935247,-37.867444,1654,1655,1905
140.933611,-38.066979,1655,1656,1657,1658,1659,1905,1906,1907,1912,1913
140.965631,-38.099485,1656,1657,1670,1671,1935
140.966984,-38.066155,1656,1912,1935,1936
140.766451,-36.300954,1662,1663,1866,1867
140.832931,-36.500304,1663,1664,1685,1865,1866
141.001962,-38.233733,1671,1672,1935,1936,1937,1938,1939,1940
141.36655,-38.39995,1672,1673,1674,1675,1676,1677,1678,1679,1940
141.533328,-38.299728,1673,1674,1991,1992
141.498538,-38.298878,1673,1939,1940,1992,1993
141.533002,-38.333034,1674,1675,1990,1991,2066,2067
141.465814,-38.76612,1675,1676,2066
141.466875,-38.800308,1676,1677,1942,1943,2066,2067,2091
141.266096,-39.566746,1683,1684,1925,1926,1948
141.300886,-36.365537,1685,1686,1864,1865
141.366225,-36.366356,1686,1766,1767,1863,1864
142.434137,-35.532072,1687,1688,1861,1862
142.066949,-35.633085,1687,1862,1863,1864,1865,1866,1867,1868,1869,1870,1871,1872,1873,1874,1875,1876,1877
141.765798,-35.966853,1687,1688,1689,1767,1768,1863
142.498768,-35.533565,1688,1689,1860,1861
142.902132,-35.332869,1689,1768,1769,1859,1860
143.933348,-34.332804,1690,1691,1692,1770,1858
143.633896,-34.599223,1690,1858,1859,1860,1861,1862,1877
143.29972,-35.000431,1690,1769,1770,1771,1815,1816,1859
144.600438,-33.932325,1691,1692,1856,1857
143.933056,-34.299099,1691,1857,1858,1876,1877
144.633755,-33.932332,1692,1693,1694,1770,1771,1855,1856
145.301259,-33.433536,1694,1695,1771,1772,1816,1817,2456
145.501077,-33.233422,1695,1696,1772,2455
145.299753,-33.367465,1695,2455,2456,2457,2474
145.832811,-33.199212,1696,1772,1773,1774,1817,1818,2453,2454
145.501081,-33.199634,1696,2454,2455,2473,2474,2479,2480
146.199463,-32.965953,1697,1698,1699,1700,1773,1774,2452
146.065711,-32.966388,1697,2452,2453,2454,2473
146.067527,-33.034039,1697,1773,2453
146.833536,-32.434492,1698,1699,2451
146.466935,-32.634398,1698,2451,2452,2472,2473,2478,2479
147.067655,-32.267266,1699,1700,2450,2451,2471,2472
147.599551,-32.300135,1700,1701,1774,1818,1819,2449,2450
148.368071,-31.801055,1701,1775,1776,1819,1820,1827,1828,1829,2447,2448
148.168568,-31.866997,1701,2448,2449
149.332989,-30.967858,1702,1775,1776,2445,2446
149.165633,-30.966886,1702,2446,2447,2448,2449,2450,2470,2471
149.167377,-31.031558,1702,1775,2447
149.89986,-30.466763,1703,1704,1777,2444
149.534965,-30.798565,1703,2444,2445,2446,2470
149.531313,-30.86619,1703,1776,1777,1778,1820,2445
150.234396,-30.334564,1704,1777,1778,2442,2443
149.900577,-30.433509,1704,2443,2444,2469,2470,2471,2472,2478
150.799712,-29.866657,1705,1706,2440,2441
150.566842,-30.033362,1705,2441,2442,2443,2468,2469
150.565827,-30.100563,1705,1706,1778,1820,1825,1828,2442
150.866408,-29.866646,1706,1707,1823,1825,2439,2440
151.334295,-29.467834,1707,1708,1709,1821,1823,2438
151.267548,-29.466497,1707,2438,2439
151.566839,-29.099772,1708,1709,2436,2437
151.333345,-29.333382,1708,2437,2438,2439,2440,2441,2468
151.63228,-29.098578,1709,1779,1780,1781,1782,1783,1821,2435,2436
152.032704,-28.532458,1710,1711,1779,1780,2434
151.799872,-28.633737,1710,2434,2435,2436,2437,2468,2469,2477,2478,2479,2480,2481,2482,2483,2484
151.800996,-28.766901,1710,1779,2435
152.167091,-28.501399,1711,1780,1781,2432,2433
152.033636,-28.500138,1711,2433,2434,2467,2476,2477
154.132664,-27.766673,1712,1713,2430,2466,2467,2475,2476
153.665696,-27.933905,1712,2431,2432,2433,2467
153.667416,-27.99893,1712,1713,1782,1783,2431
154.501562,-27.767031,1713,1783,1784,1785,1786,1787,1788,1789,1790,1791,1792,1793,1794,1795,1796,1797,1798,1799,1800,1801,1802,1803,1804,1805,1806,1807,1808,1821,1823,1825,1828,1829,2429,2430
155.065656,-27.465602,1714,1715,1716,1717,1784,1785,2426,2427
154.90063,-27.466443,1714,2427,2428
154.900511,-27.534279,1714,1784,2428,2429
155.799784,-27.099586,1715,1716,2424,2425
155.299848,-27.165187,1715,2425,2426
155.999582,-27.099157,1716,1717,2423,2424
156.667235,-27.035996,1717,1718,1719,1720,1721,1722,1723,1724,1725,1726,1785,1786,2422,2423
157.5,-26.866667,1718,1719,2420,2421
157.000145,-26.934024,1718,2421,2422
157.5,-30.0,1719,1720,2527,2528
157.135424,-30.332739,1720,1721,2527
157.134378,-30.399916,1721,1722,2527,2528,2529,2530,2531,2576,2577,2578,2579,2580,2581,2582,2583,2584,2585
156.599906,-30.966923,1722,1723,2526,2575,2576
156.432219,-30.968068,1723,1724,2526
155.832784,-31.434931,1724,1725,2525,2526,2574,2575
155.733877,-31.433783,1725,1726,2524,2525
155.531689,-31.499626,1726,1727,1728,1786,1787,2524
155.20061,-31.901191,1727,1728,2522,2523
155.532407,-31.56634,1727,2523,2524,2525,2573,2574
155.132643,-31.899237,1728,1729,1730,1787,1788,2522
154.432758,-32.433402,1729,1730,2520,2521
155.133147,-32.033078,1729,2521,2522,2523,2572,2573
154.332196,-32.433279,1730,1731,1732,1788,1789,2520
153.265611,-33.199148,1731,1732,2518,2519
153.800337,-32.900664,1731,2519,2520,2521,2571,2572
153.099754,-33.266483,1732,1789,1790,2517,2518
152.50271,-33.732243,1733,1734,2515,2516
152.733163,-33.667283,1733,2516,2517,2518,2519,2570,2571
152.73391,-33.600643,1733,1734,1790,1791,2517
152.399825,-33.700986,1734,1791,1792,2514,2515
151.634355,-34.431659,1735,1736,2513,2568,2569
151.801074,-34.199846,1735,2514,2515,2516,2569,2570
151.79856,-34.134526,1735,1736,1792,1793,2514
151.399865,-34.60008,1736,1737,1793,1794,2513
151.100827,-34.667618,1737,1738,1739,1740,1794,1795,2511,2512
151.400041,-34.667394,1737,2512,2513,2567,2568
150.968063,-34.766517,1738,1739,2118,2119
150.966835,-34.801004,1738,2119,2120,2511
150.534138,-34.767762,1739,1740,2117,2118
149.933716,-34.833994,1740,1795,1796,2116,2117
148.166117,-35.366688,1741,1797,1798,2114,2115
148.933528,-35.300027,1741,2115,2116,2117,2118,2119,2120,2121,2122,2123,2124,2125,2126,2127,2128,2129,2130,2131,2132,2133,2134,2135,2136,2156,2157
149.534464,-35.000876,1741,1796,1797,2116
147.366725,-35.699255,1742,1743,1800,1801,2111,2112
147.701924,-35.666502,1742,2112,2113,2114,2115,2155,2156
147.700063,-35.631707,1742,1799,1800,2113
145.900077,-35.832862,1743,1744,1745,1801,1802,1974
146.765589,-35.899582,1743,1974,1975,2110,2111
145.53323,-35.899403,1744,1745,1972,1973
145.533325,-35.932263,1744,1973,1974,1975,1976,1977,1978,1979,1980,1981,2002,2003
144.667929,-35.900078,1745,1746,1802,1803,1972
144.132892,-35.933952,1746,1747,1803,1804,1971
144.66473,-35.934206,1746,1971,1972,1973,2001,2002
143.865483,-36.0003,1747,1804,1805,1969,1970
144.132703,-35.999642,1747,1970,1971,2000,2001
142.499441,-36.365105,1748,1749,1807,1808,1967
142.83423,-36.36586,1748,1967,1968,1969,1970,1999,2000
142.833705,-36.333723,1748,1806,1807,1968
142.099013,-36.534316,1749,1750,1751,1808,1826,1827,1829,1966
142.268085,-36.533927,1749,1966,1967,1998,1999
141.866811,-36.76685,1750,1751,1964,1965
142.100265,-36.599484,1750,1965,1966,1997,1998
141.799879,-36.766205,1751,1752,1753,1809,1824,1826,1964
141.566323,-37.066495,1752,1753,1962,1963
141.801778,-36.833879,1752,1963,1964,1965,1996,1997
141.501162,-37.066969,1753,1754,1809,1961,1962
141.333252,-37.233305,1754,1809,1822,1824,1959,1960
141.400971,-37.233706,1754,1960,1961
141.63329,-37.76746,1755,1756,1757,1810,1957
141.632406,-37.732943,1755,1957,1958
141.265346,-37.467843,1755,1810,1811,1812,1813,1814,1822,1958,1959
141.799352,-37.864896,1756,1757,1956,1995,1996,1997,1998,1999,2000,2001,2002,2003,2009,2010,2011
141.79916,-37.767559,1756,1957,1958,1959,1960,1961,1962,1963,1996
141.500371,-37.868112,1757,1758,1759,1810,1811,1956
141.267539,-37.932304,1758,1759,1909,1910,1954,1955
141.499434,-37.934355,1758,1955,1956,1994,1995
141.19934,-37.70082,1759,1760,1811,1812,1909
141.13344,-37.399574,1760,1761,1812,1813,1908
141.134577,-37.700039,1760,1908,1909,1910,1911,1914
141.133939,-37.200987,1761,1762,1813,1814,1918,1919
141.066062,-37.201374,1761,1907,1908,1913,1914,1919,1920
141.398455,-36.901263,1762,1814,1815,1816,1817,1818,1819,1822,1824,1826,1827,1916,1917
141.134021,-37.166532,1762,1917,1918
141.13403,-36.93347,1763,1915,1916,1917,1918,1919,1920,1921,1922,1923,1924
141.132667,-36.900792,1763,1764,1765,1766,1767,1768,1769,1815,1916
152.600992,-28.400432,1781,1782,2431,2432
147.899215,-35.467514,1798,1799,2113,2114
143.333679,-36.166674,1805,1806,1968,1969
141.432925,-41.365726,1831,1832,1887,2046,2047,2048,2049,2061,2062
141.600067,-41.766216,1832,1833,2060,2061
141.79955,-41.967004,1833,1834,2059,2060
141.800233,-42.033033,1834,1835,2058,2059
142.400176,-42.199426,1835,1836,2057,2058,2192,2193
142.565334,-42.23241,1836,1837,2191,2192,2197
142.568337,-42.2667,1837,1838,1839,1840,1842,2196,2197,2207,2208
140.934279,-40.866594,1881,1882,1901,1902,1904
140.934087,-40.732722,1882,1883,1900,1903,1904
141.167259,-40.399683,1883,1884,1899,1900,1952,1953
141.53339,-40.467044,1884,1885,1951,1952
141.534519,-40.501034,1885,1886,1890,1891,1951,2047,2048
141.400355,-40.833528,1886,1887,1891,2046
141.434129,-40.832639,1886,2046,2047
141.200102,-40.133986,1897,1898,1932,1933,1949
141.200287,-40.100289,1897,1933,1934
141.201716,-40.23304,1898,1899,1949,1950,1953
141.068246,-37.166911,1906,1907,1920,1921
141.166762,-38.033399,1910,1911,1937,1938,1954
140.966882,-37.89973,1911,1912,1913,1914,1936,1937
141.365534,-39.53533,1926,1927,1947,1948,2034
141.399162,-39.632278,1927,1928,2034,2035,2042,2043
141.633741,-39.834659,1928,1929,2041,2042
141.567725,-39.933682,1929,1930,1931,1932,1933,1934,2041
141.900355,-39.93337,1930,1931,2040,2044,2045
141.733292,-39.799992,1930,2041,2042,2043,2045
141.867924,-39.99924,1931,1932,1949,1950,2039,2040
141.334208,-38.233326,1938,1939,1954,1955,1993,1994
141.533664,-38.799835,1943,1944,2090,2091,2092,2093,2094,2095,2096,2097,2098,2099
141.733109,-38.964736,1944,1945,2090,2100
141.734803,-39.034243,1945,1946,2100,2101,2148,2149
141.833076,-39.199511,1946,1947,2034,2035,2147,2148
141.867962,-40.033247,1950,1951,1952,1953,2039,2048,2049
146.299859,-36.066856,1975,1976,2109,2110
145.834187,-36.366542,1976,1977,2109
145.833383,-36.400012,1977,1978,2108,2109,2110,2111,2112,2154,2155
145.600941,-36.467008,1978,1979,2107,2108
145.067169,-36.732506,1979,1980,2079,2080,2107
144.899344,-36.733269,1980,1981,2078,2079
144.60045,-36.965931,1981,1982,2003,2004,2005,2006,2010,2078
144.167399,-37.167988,1982,1983,1984,2004,2077
144.598515,-36.999638,1982,2077,2078,2079,2080,2081,2082,2083,2084,2085,2086,2087,2088,2097,2098
143.80018,-37.300507,1983,1984,2075,2076
144.165778,-37.198942,1983,2076,2077,2096,2097
143.666181,-37.299734,1984,1985,1986,2004,2005,2075
143.498139,-37.366965,1985,1986,2073,2074
143.666089,-37.367462,1985,2074,2075,2076,2095,2096
143.134045,-37.465877,1986,1987,2005,2006,2073
142.866082,-37.533131,1987,2006,2007,2010,2011,2071,2072
143.133706,-37.499426,1987,2072,2073,2074,2094,2095
142.567441,-37.666909,1988,2007,2008,2009,2011,2069,2070
142.732933,-37.668062,1988,2070,2071,2072,2093,2094
142.733012,-37.600727,1988,2007,2071
141.633808,-38.298632,1989,1990,1991,1992,1993,1994,1995,2008,2009,2068
142.334697,-37.932915,1989,2068,2069,2070,2092,2093
142.332408,-37.833455,1989,2008,2069
141.63255,-38.335469,1990,2067,2068,2091,2092
142.566667,-45.0,2014,2015,2210,2220,2221
142.899752,-44.667361,2015,2016,2210
143.465879,-44.300912,2016,2017,2210,2211,2212,2213,2221,2222
143.466924,-44.265392,2017,2018,2211,2283
143.433125,-43.800014,2018,2019,2283,2284
143.201288,-43.301439,2019,2020,2270,2284,2285
143.267615,-43.166375,2020,2021,2203,2204,2270
142.900598,-43.201301,2021,2022,2204,2205,2206,2209
142.699774,-43.099943,2022,2023,2166,2167,2205
142.300511,-43.267681,2023,2024,2167
141.897916,-43.527083,2026,2027,2028,2030,2031,2032,2033
141.802624,-39.301134,2035,2036,2037,2038,2043,2044,2045,2146,2147
141.966945,-39.598904,2036,2037,2168
142.032846,-39.599452,2036,2145,2146,2168,2169
141.966079,-39.899631,2037,2038,2050,2168,2169,2170,2171,2185,2186
141.967848,-40.001109,2038,2039,2040,2044,2049,2050,2062,2063
142.201218,-40.034452,2050,2051,2052,2063,2064,2065,2185
142.300371,-40.468,2051,2052,2183,2184
142.235087,-40.033333,2051,2184,2185,2186,2187
142.300843,-40.566002,2052,2053,2054,2055,2056,2064,2182,2183
142.566408,-41.033951,2053,2054,2180,2181
142.567116,-40.89986,2053,2181,2182
142.733176,-41.400813,2054,2055,2179,2180,2223,2224
142.733728,-41.431331,2055,2056,2188,2189,2223
142.267494,-41.80071,2056,2064,2065,2188
142.33271,-42.03283,2057,2193,2194,2195
142.264999,-42.033902,2057,2058,2059,2060,2061,2062,2063,2065,2188,2189,2190,2194
144.799908,-37.267638,2080,2081,2106,2107,2108,2153,2154
144.432738,-37.531901,2081,2082,2106
144.201332,-37.766085,2082,2083,2105,2106,2152,2153
143.834399,-37.933163,2083,2084,2105
143.598231,-38.16654,2084,2085,2104,2105,2151,2152
143.26656,-38.164857,2085,2086,2104
142.932741,-38.399739,2086,2087,2103,2104,2150,2151
142.56683,-38.535289,2087,2088,2102,2103
142.132692,-38.832995,2088,2089,2098,2099,2102
141.999713,-38.867188,2089,2090,2099,2100,2101
142.133482,-38.866959,2089,2101,2102,2103,2149,2150
150.866132,-35.067103,2120,2121,2510,2511,2512,2566,2567
150.632289,-35.367437,2121,2122,2509,2510
150.565857,-35.366678,2122,2123,2509
150.56655,-35.532256,2123,2124,2508,2509,2510,2565,2566
150.366349,-35.799273,2124,2125,2308,2309,2346,2347,2507,2508
149.865983,-36.133227,2125,2126,2307,2308
149.799749,-36.132944,2126,2127,2306,2307
149.53262,-36.433018,2127,2128,2306
149.233033,-36.833016,2128,2129,2306,2307,2308,2345,2346
149.00056,-37.100875,2129,2130,2305,2344,2345
148.633405,-37.366898,2130,2131,2304,2305
148.399714,-37.600175,2131,2132,2303,2304
148.332823,-37.598629,2132,2133,2302,2303
147.833422,-38.133567,2133,2134,2239,2240,2241,2242,2262,2263,2302
147.600398,-38.133182,2134,2135,2238,2239
147.200064,-38.299369,2135,2136,2237,2238
146.832532,-38.699001,2136,2137,2157,2158,2237
146.432412,-38.934836,2137,2138,2158,2159,2235,2236
146.834438,-38.732601,2137,2236,2237,2238,2239,2261,2262
145.533612,-39.465982,2138,2139,2159,2160,2234
145.865731,-39.298854,2138,2234,2235
145.267096,-39.633389,2139,2140,2160,2161,2232,2233
145.366659,-39.634019,2139,2233,2234,2235,2236,2260,2261
144.833231,-39.866312,2140,2141,2142,2143,2144,2161,2230,2231
144.900471,-39.865885,2140,2231,2232
143.667881,-40.334075,2141,2142,2172,2173,2174,2175,2176,2177,2178,2179,2180,2181,2182,2183,2184,2187
144.433427,-40.233546,2141,2173,2229,2230
142.966496,-40.000426,2142,2143,2172
142.79951,-40.000362,2143,2144,2171,2172,2186,2187
142.433262,-39.767496,2144,2145,2146,2147,2148,2149,2150,2151,2152,2153,2154,2155,2156,2157,2158,2159,2160,2161,2170,2171
142.23392,-39.766052,2145,2169,2170
142.733186,-42.999929,2165,2166,2205,2206
144.132897,-40.500128,2173,2174,2229
144.132151,-40.567455,2174,2175,2228,2229,2230,2231,2232,2233,2259,2260
143.866969,-40.633667,2175,2176,2227,2228
143.366762,-41.032875,2176,2177,2226,2227
143.167179,-41.100005,2177,2178,2225,2226
142.867,-41.333618,2178,2179,2224,2225
142.833419,-41.700565,2189,2190,2223,2224,2225,2226,2227,2228,2258,2259
143.199703,-41.965818,2190,2194,2195,2198,2199,2257,2258
142.799939,-42.165274,2191,2197,2198,2199,2200,2201,2202,2203,2204,2208,2209
142.799684,-42.133313,2191,2192,2193,2195,2198
143.366021,-42.1659,2199,2200,2256,2257
143.533485,-42.567782,2200,2201,2255,2256,2271,2272
143.399713,-42.96697,2201,2202,2271
143.401833,-43.066514,2202,2203,2270,2271,2272,2273,2274,2275,2276,2277,2278,2279,2280,2281,2285,2286
143.932194,-44.065518,2211,2212,2282,2283,2284,2285,2286
143.932519,-44.099532,2212,2213,2282
144.132295,-44.099364,2213,2214,2215,2216,2217,2218,2222,2281,2282,2286
144.498902,-43.933942,2214,2215,2279,2280,2374,2375
144.135605,-44.001761,2214,2280,2281
145.034335,-44.098515,2215,2216,2373,2374
145.200235,-44.131922,2216,2217,2372,2373,2389
145.367779,-44.366893,2217,2218,2388,2389,2390,2391,2392,2393,2394
145.199288,-44.599098,2218,2219,2220,2221,2222,2388
145.3,-45.0,2219,2220,2386,2387
145.233245,-44.600641,2219,2387,2388,2394
147.767138,-38.232222,2240,2241,2300,2301
147.832333,-38.233915,2240,2301,2302,2303,2304,2305,2344
147.46652,-38.633615,2241,2242,2299,2300
147.432867,-38.632736,2242,2243,2263,2264,2299
146.433192,-40.033321,2243,2244,2245,2264,2265,2298
147.066202,-39.333518,2243,2298,2299,2300,2301,2343,2344,2345,2346,2347,2348,2349,2350,2351,2352,2353,2354,2355,2356,2357,2358,2359,2360,2361,2362
146.367742,-40.099477,2244,2245,2296,2297
146.433655,-40.101034,2244,2297,2298,2342,2343
146.13226,-40.333954,2245,2246,2247,2265,2266,2296
145.967295,-40.566892,2246,2247,2294,2295
146.133386,-40.400479,2246,2295,2296,2297,2341,2342
145.898219,-40.565762,2247,2248,2249,2250,2266,2267,2294
145.597881,-41.033315,2248,2249,2293,2339,2340
145.83396,-40.733653,2248,2294,2295,2340,2341
145.132291,-41.499633,2249,2250,2292,2293
145.066528,-41.498777,2250,2251,2267,2268,2269,2292
144.73365,-41.899603,2251,2252,2268,2291
145.065762,-41.566764,2251,2291,2292,2293,2338,2339
144.332991,-42.134474,2252,2253,2268,2269,2289,2290
144.732759,-41.967022,2252,2290,2291,2337,2338
143.96665,-42.367978,2253,2254,2255,2256,2257,2258,2259,2260,2261,2262,2263,2264,2265,2266,2267,2269,2287,2288
144.033826,-42.366958,2253,2288,2289
143.666392,-42.70049,2254,2255,2272,2273
143.734125,-42.69893,2254,2273,2274,2287
144.234319,-42.999743,2274,2275,2287,2288,2289,2290,2336,2337
144.365734,-43.000323,2275,2276,2335,2336
144.367676,-43.065455,2276,2277,2334,2335,2363
144.368565,-43.168105,2277,2278,2363,2376,2377
144.499549,-43.368247,2278,2279,2375,2376
150.09847,-36.166086,2309,2310,2347,2348,2506
150.167877,-36.166635,2309,2506,2507
149.698686,-37.133119,2310,2311,2348,2349,2505
150.102655,-36.401498,2310,2505,2506,2507,2508,2564,2565
149.633692,-37.533489,2311,2312,2313,2349,2350,2504
149.701888,-37.532902,2311,2504,2505,2563,2564
149.466834,-37.867177,2312,2313,2502,2503
149.63362,-37.633497,2312,2503,2504,2562,2563
149.400269,-37.86629,2313,2314,2315,2350,2351,2502
148.934178,-38.801027,2314,2315,2500,2501
149.232766,-38.49909,2314,2501,2502,2503,2561,2562
148.867341,-38.798833,2315,2316,2317,2318,2351,2352,2500
148.765306,-39.200486,2316,2317,2499,2559,2560
148.866124,-38.967313,2316,2500,2501,2560,2561
148.533477,-39.567078,2317,2318,2498,2499
148.465689,-39.565907,2318,2319,2320,2321,2352,2353,2498
148.232819,-40.032334,2319,2320,2496,2497
148.465596,-39.799141,2319,2497,2498,2499,2558,2559
148.167554,-40.032488,2320,2321,2495,2496
147.99929,-40.268247,2321,2322,2323,2353,2354,2495
147.83346,-40.732705,2322,2323,2493,2494
147.933979,-40.566293,2322,2494,2495,2496,2497,2557,2558
147.764696,-40.732594,2323,2354,2355,2492,2493
147.300379,-41.865276,2324,2325,2356,2357,2491
147.534089,-41.367711,2324,2491,2492,2493,2494,2556,2557
147.532842,-41.266214,2324,2355,2356,2492
147.232286,-41.965815,2325,2326,2327,2357,2358,2490
147.300582,-41.968312,2325,2490,2491,2555,2556
146.700187,-42.667471,2326,2327,2488,2489
147.234136,-42.06675,2326,2489,2490,2554,2555
146.666825,-42.666399,2327,2328,2329,2358,2359,2488
146.467343,-43.06623,2328,2329,2486,2487
146.667994,-42.767563,2328,2487,2488,2489,2553,2554
146.433878,-43.066698,2329,2330,2331,2332,2359,2360,2485,2486
145.900305,-43.499444,2330,2331,2381,2382,2383,2384,2391,2392
146.400609,-43.634497,2330,2382,2485
145.466636,-43.167559,2331,2332,2366,2367,2381
144.901359,-42.965331,2332,2333,2360,2361,2366
144.466053,-42.966751,2333,2361,2362,2364,2365
144.765895,-43.000149,2333,2365,2366,2367,2368,2369,2370,2371,2372,2373,2374,2375,2376,2377
144.434022,-43.065741,2334,2363,2364,2365,2377
144.433271,-42.967741,2334,2335,2336,2337,2338,2339,2340,2341,2342,2343,2362,2364
145.466304,-43.200553,2367,2368,2380,2381,2390,2391
145.266373,-43.331514,2368,2369,2379,2380
145.132405,-43.699154,2369,2370,2378,2379
145.099046,-43.700131,2370,2371,2378
145.100749,-43.833888,2371,2372,2378,2379,2380,2389,2390
146.466916,-43.833098,2382,2383,2485,2486,2487,2552,2553
146.700202,-44.032839,2383,2384,2551,2552
146.801318,-44.466404,2384,2385,2392,2393,2550,2551
147.300413,-44.867434,2385,2386,2387,2393,2394,2548,2549
147.300626,-44.665398,2385,2549,2550
147.466667,-45.0,2386,2547,2548
157.5,-22.5,2419,2420
157.5,-35.833333,2528,2529,2602,2603
157.099978,-36.200389,2529,2530,2601,2602
157.065918,-36.199709,2530,2531,2600,2601
156.799191,-36.467477,2531,2532,2533,2534,2577,2600
156.73453,-37.40035,2532,2533,2599,2612,2613
156.800041,-36.832687,2532,2600,2601,2602,2603,2613
156.43302,-37.932209,2533,2534,2598,2599
156.26533,-38.065862,2534,2535,2577,2578,2598
156.232745,-38.333438,2535,2536,2537,2538,2578,2579,2597
156.267738,-38.332513,2535,2597,2598,2599,2611,2612
155.533832,-39.667749,2536,2537,2595,2596
156.232014,-38.800384,2536,2596,2597,2610,2611
155.499756,-39.666796,2537,2538,2594,2595
155.164636,-40.26519,2538,2539,2579,2580,2594
154.667617,-41.032657,2539,2540,2541,2580,2581,2593
155.16619,-40.299727,2539,2593,2594,2595,2596,2609,2610
154.000384,-41.998941,2540,2541,2591,2592
154.33287,-41.667169,2540,2592,2593,2608,2609
153.965317,-42.000102,2541,2542,2543,2581,2582,2591
153.600405,-42.398401,2542,2543,2589,2590
153.966141,-42.066465,2542,2590,2591,2592,2607,2608
153.565401,-42.398291,2543,2582,2583,2588,2589
153.001121,-44.034207,2544,2545,2587,2605,2606
153.202073,-43.632066,2544,2588,2589,2590,2606,2607
153.298517,-43.26646,2544,2545,2583,2584,2588
152.66613,-44.398814,2545,2546,2584,2585,2587
152.267117,-44.800895,2546,2547,2548,2549,2550,2551,2552,2553,2554,2555,2556,2557,2558,2559,2560,2561,2562,2563,2564,2565,2566,2567,2568,2569,2570,2571,2572,2573,2574,2575,2576,2585,2586
152.665441,-44.434226,2546,2586,2587,2604,2605
152.1,-45.0,2547,2586,2604
157.5,-45.0,2603,2604,2605,2606,2607,2608,2609,2610,2611,2612,2613
140.531493,-35.765881,2614,2623,2624,2628,2629
140.331644,-35.600103,2618,2619,2631,2632
140.399222,-35.599114,2619,2620,2630,2631
140.467058,-35.765644,2620,2621,2622,2623,2627,2628,2630
140.802083,-35.752083,2624,2625,2626,2629