0,1,2,1,1,1,29152
3,2,4,1,0,1
5,4,6,1,0,1
7,6,8,1,0,1
9,8,10,1,0,1
11,12,13,1,1,1
14,15,16,1,1,1
17,16,18,1,0,1
19,20,21,1,1,1
22,23,24,1,1,1
25,26,27,1,1,1
28,27,29,1,0,1
30,29,31,1,0,1
32,31,33,1,0,1
34,33,35,1,0,1
36,35,37,1,0,1
38,39,40,1,1,1
41,40,42,1,0,1
43,44,45,1,1,1
46,45,47,1,0,1
48,47,49,1,0,1
50,51,52,1,1,1
53,54,55,1,1,1
56,57,58,1,1,1
59,58,60,1,0,1
61,60,62,1,0,1
63,62,64,1,0,1
65,64,66,1,0,1
67,66,68,1,0,1
69,68,70,1,0,1
71,72,73,1,1,1
74,75,76,1,1,1
77,78,79,1,1,1
80,81,82,1,1,1
83,84,85,1,1,1
86,87,88,1,1,1
10,88,89,0,0,1
13,89,90,0,0,1
18,90,91,0,0,1
21,91,92,0,0,1
93,92,94,1,0,1
95,94,96,1,0,1
24,96,97,0,0,1
42,37,98,0,0,1
99,98,100,1,0,1
49,100,101,0,0,1
52,101,102,0,0,1
55,103,104,0,1,1
70,104,105,0,0,1
73,105,106,0,0,1
79,76,107,0,0,1
82,107,108,0,0,1
85,108,109,0,0,1
97,109,110,0,0,1
106,102,111,0,0,1
112,111,110,1,0,0
113,114,115,1,1,1,30432
116,115,117,1,0,1
118,117,119,1,0,1
120,119,121,1,0,1
122,121,123,1,0,1
124,125,126,1,1,1
127,128,129,1,1,1
130,129,131,1,0,1
132,133,134,1,1,1
135,134,136,1,0,1
137,136,138,1,0,1
139,138,140,1,0,1
141,140,142,1,0,1
143,144,145,1,1,1
146,147,148,1,1,1
149,148,150,1,0,1
151,150,152,1,0,1
153,154,155,1,1,1
25,155,156,0,0,1
22,26,157,0,0,1
95,23,158,0,0,1
93,158,159,0,0,1
19,159,160,0,0,1
17,20,161,0,0,1
11,15,162,0,0,1
9,12,163,0,0,1
7,163,164,0,0,1
5,164,165,0,0,1
0,3,166,0,0,1
123,166,167,0,0,1
126,167,168,0,0,1
131,168,169,0,0,1
142,169,170,0,0,1
145,170,171,0,0,1
152,171,172,0,0,1
173,172,174,1,0,1
157,156,175,0,0,1
160,175,176,0,0,1
161,176,177,0,0,1
14,177,178,0,0,1
162,178,179,0,0,1
165,179,174,0,0,0
180,181,182,1,1,1,29152
183,182,184,1,0,1
185,184,186,1,0,1
187,186,188,1,0,1
189,188,190,1,0,1
191,190,192,1,0,1
193,192,194,1,0,1
195,194,196,1,0,1
197,196,198,1,0,1
199,198,200,1,0,1
201,200,202,1,0,1
203,202,204,1,0,1
205,204,206,1,0,1
207,206,208,1,0,1
209,208,210,1,0,1
211,210,212,1,0,1
213,212,214,1,0,1
215,214,216,1,0,1
217,218,219,1,1,1
220,219,221,1,0,1
222,221,223,1,0,1
224,225,226,1,1,1
227,228,229,1,1,1
230,229,231,1,0,1
232,233,234,1,1,1
235,234,236,1,0,1
237,236,238,1,0,1
239,238,240,1,0,1
241,242,243,1,1,1
244,245,246,1,1,1
247,246,248,1,0,1
249,250,251,1,1,1
252,251,253,1,0,1
254,255,256,1,1,1
257,256,258,1,0,1
259,260,261,1,1,1
262,261,263,1,0,1
264,263,265,1,0,1
266,265,267,1,0,1
268,267,269,1,0,1
270,269,271,1,0,1
272,271,273,1,0,1
274,273,275,1,0,1
276,275,277,1,0,1
278,277,279,1,0,1
280,281,282,1,1,1
283,284,285,1,1,1
286,287,288,1,1,1
289,288,290,1,0,1
291,292,293,1,1,1
294,293,295,1,0,1
296,297,298,1,1,1
299,298,300,1,0,1
301,302,303,1,1,1
304,303,305,1,0,1
306,307,308,1,1,1
309,308,310,1,0,1
311,312,313,1,1,1
314,315,316,1,1,1
317,316,318,1,0,1
319,320,321,1,1,1
322,323,324,1,1,1
325,326,327,1,1,1
328,327,329,1,0,1
330,329,331,1,0,1
332,333,334,1,1,1
335,334,336,1,0,1
337,338,339,1,1,1
340,341,342,1,1,1
343,342,344,1,0,1
345,346,347,1,1,1
348,347,349,1,0,1
350,349,351,1,0,1
352,353,354,1,1,1
355,354,356,1,0,1
357,356,358,1,0,1
359,360,361,1,1,1
362,361,363,1,0,1
364,365,366,1,1,1
367,368,369,1,1,1
139,369,370,0,0,1
135,137,371,0,0,1
132,371,372,0,0,1
130,133,373,0,0,1
127,373,374,0,0,1
124,128,375,0,0,1
122,125,376,0,0,1
118,120,377,0,0,1
113,116,378,0,0,1
379,378,380,1,0,1
223,216,381,0,0,1
226,381,382,0,0,1
231,382,383,0,0,1
240,383,384,0,0,1
243,384,385,0,0,1
248,385,386,0,0,1
253,386,387,0,0,1
258,387,388,0,0,1
282,279,389,0,0,1
390,389,391,1,0,1
285,391,392,0,0,1
290,392,393,0,0,1
295,393,394,0,0,1
300,394,395,0,0,1
305,395,396,0,0,1
397,396,398,1,0,1
310,398,399,0,0,1
400,399,401,1,0,1
313,401,402,0,0,1
318,402,403,0,0,1
324,321,404,0,0,1
331,404,405,0,0,1
336,405,406,0,0,1
339,406,407,0,0,1
351,408,409,0,1,1
358,409,410,0,0,1
370,366,411,0,0,1
372,411,412,0,0,1
376,375,413,0,0,1
377,413,414,0,0,1
380,414,415,0,0,1
403,388,416,0,0,1
407,416,417,0,0,1
344,417,418,0,0,1
410,418,419,0,0,1
363,419,420,0,0,1
412,420,421,0,0,1
374,421,415,0,0,0
83,87,422,0,0,1,29664
84,422,423,0,0,1
80,423,424,0,0,1
77,81,425,0,0,1
74,78,426,0,0,1
112,75,427,0,0,1
71,427,428,0,0,1
72,428,429,0,0,1
69,429,430,0,0,1
67,430,431,0,0,1
65,431,432,0,0,1
433,432,434,1,0,1
435,434,436,1,0,1
437,436,438,1,0,1
439,438,440,1,0,1
441,440,442,1,0,1
443,442,444,1,0,1
445,444,446,1,0,1
447,446,448,1,0,1
449,448,450,1,0,1
451,452,453,1,1,1
454,453,455,1,0,1
456,457,458,1,1,1
459,458,460,1,0,1
424,460,461,0,0,1
425,461,462,0,0,1
426,462,463,0,0,1
455,450,464,0,0,1
465,464,463,1,0,0
367,141,466,0,0,1,28896
368,466,467,0,0,1
364,467,468,0,0,1
362,365,469,0,0,1
359,469,470,0,0,1
357,360,471,0,0,1
355,471,472,0,0,1
350,353,473,0,0,1
348,473,474,0,0,1
345,474,475,0,0,1
408,346,476,0,0,1
343,476,477,0,0,1
340,477,478,0,0,1
337,341,479,0,0,1
338,479,480,0,0,1
335,480,481,0,0,1
332,481,482,0,0,1
330,333,483,0,0,1
328,483,484,0,0,1
325,484,485,0,0,1
322,326,486,0,0,1
319,323,487,0,0,1
317,320,488,0,0,1
314,488,489,0,0,1
311,315,490,0,0,1
400,312,491,0,0,1
309,491,492,0,0,1
306,492,493,0,0,1
397,307,494,0,0,1
304,494,495,0,0,1
301,495,496,0,0,1
299,302,497,0,0,1
294,297,498,0,0,1
291,498,499,0,0,1
289,292,500,0,0,1
286,500,501,0,0,1
283,287,502,0,0,1
390,284,503,0,0,1
280,503,504,0,0,1
278,281,505,0,0,1
274,276,506,0,0,1
270,272,507,0,0,1
268,507,508,0,0,1
509,264,510,1,0,1
511,510,512,1,0,1
513,512,514,1,0,1
515,514,516,1,0,1
517,516,518,1,0,1
519,518,520,1,0,1
521,520,522,1,0,1
523,524,525,1,1,1
526,525,527,1,0,1
528,529,530,1,1,1
531,530,532,1,0,1
533,532,534,1,0,1
535,536,537,1,1,1
538,537,539,1,0,1
540,541,542,1,1,1
543,542,544,1,0,1
545,546,547,1,1,1
548,549,550,1,1,1
551,552,553,1,1,1
554,555,556,1,1,1
557,556,558,1,0,1
559,560,561,1,1,1
562,563,564,1,1,1
565,564,566,1,0,1
567,568,569,1,1,1
570,571,572,1,1,1
573,574,575,1,1,1
576,575,577,1,0,1
578,579,580,1,1,1
581,580,582,1,0,1
583,582,584,1,0,1
585,586,587,1,1,1
588,587,589,1,0,1
590,591,592,1,1,1
593,594,595,1,1,1
596,595,597,1,0,1
598,599,600,1,1,1
601,602,603,1,1,1
604,603,605,1,0,1
606,607,608,1,1,1
609,610,611,1,1,1
612,611,613,1,0,1
28,30,614,0,0,1
153,614,615,0,0,1
173,154,616,0,0,1
151,616,617,0,0,1
149,617,618,0,0,1
143,147,619,0,0,1
468,144,620,0,0,1
470,620,621,0,0,1
472,621,622,0,0,1
352,622,623,0,0,1
475,623,624,0,0,1
478,624,625,0,0,1
482,625,626,0,0,1
485,626,627,0,0,1
486,627,628,0,0,1
489,487,629,0,0,1
490,629,630,0,0,1
493,630,631,0,0,1
496,631,632,0,0,1
497,632,633,0,0,1
501,499,634,0,0,1
504,502,635,0,0,1
506,505,636,0,0,1
522,266,637,0,0,1
638,637,639,1,0,1
527,639,640,0,0,1
534,640,641,0,0,1
539,641,642,0,0,1
544,642,643,0,0,1
547,643,644,0,0,1
645,644,646,1,0,1
550,646,647,0,0,1
553,647,648,0,0,1
558,648,649,0,0,1
650,649,651,1,0,1
561,651,652,0,0,1
566,652,653,0,0,1
654,653,655,1,0,1
569,655,656,0,0,1
572,656,657,0,0,1
577,657,658,0,0,1
584,658,659,0,0,1
589,659,660,0,0,1
592,660,661,0,0,1
597,661,662,0,0,1
600,662,663,0,0,1
605,663,664,0,0,1
608,664,665,0,0,1
666,665,667,1,0,1
613,667,668,0,0,1
615,668,669,0,0,1
618,669,670,0,0,1
628,619,671,0,0,1
633,671,672,0,0,1
296,672,673,0,0,1
634,673,674,0,0,1
635,674,675,0,0,1
636,675,676,0,0,1
670,508,677,0,0,1
146,677,676,0,0,0
48,51,678,0,0,1,31712
43,46,679,0,0,1
99,44,680,0,0,1
41,680,681,0,0,1
38,681,682,0,0,1
36,39,683,0,0,1
34,683,684,0,0,1
32,684,685,0,0,1
612,685,686,0,0,1
609,686,687,0,0,1
610,687,688,0,0,1
666,688,689,0,0,1
606,689,690,0,0,1
607,690,691,0,0,1
604,691,692,0,0,1
601,692,693,0,0,1
598,602,694,0,0,1
596,599,695,0,0,1
593,695,696,0,0,1
590,594,697,0,0,1
588,591,698,0,0,1
585,698,699,0,0,1
583,586,700,0,0,1
581,700,701,0,0,1
578,701,702,0,0,1
576,579,703,0,0,1
573,703,704,0,0,1
570,574,705,0,0,1
567,571,706,0,0,1
568,706,707,0,0,1
654,707,708,0,0,1
565,708,709,0,0,1
562,709,710,0,0,1
559,563,711,0,0,1
650,560,712,0,0,1
557,712,713,0,0,1
554,713,714,0,0,1
551,555,715,0,0,1
552,715,716,0,0,1
548,716,717,0,0,1
645,549,718,0,0,1
545,718,719,0,0,1
543,546,720,0,0,1
538,541,721,0,0,1
722,721,723,1,0,1
724,723,725,1,0,1
726,725,727,1,0,1
728,727,729,1,0,1
730,729,731,1,0,1
732,731,733,1,0,1
456,733,734,0,0,1
457,734,735,0,0,1
465,735,736,0,0,1
454,736,737,0,0,1
451,737,738,0,0,1
452,738,739,0,0,1
449,739,740,0,0,1
447,740,741,0,0,1
445,741,742,0,0,1
443,742,743,0,0,1
439,441,744,0,0,1
437,744,745,0,0,1
435,745,746,0,0,1
433,746,747,0,0,1
63,747,748,0,0,1
61,748,749,0,0,1
59,749,750,0,0,1
56,750,751,0,0,1
57,751,752,0,0,1
53,752,753,0,0,1
103,54,754,0,0,1
50,754,755,0,0,1
678,755,756,0,0,1
682,679,757,0,0,1
693,757,758,0,0,1
694,758,759,0,0,1
696,759,760,0,0,1
697,760,761,0,0,1
699,761,762,0,0,1
702,762,763,0,0,1
704,763,764,0,0,1
705,764,765,0,0,1
710,765,766,0,0,1
711,766,767,0,0,1
714,767,768,0,0,1
717,768,769,0,0,1
719,769,770,0,0,1
720,770,771,0,0,1
540,771,772,0,0,1
743,772,773,0,0,1
753,773,756,0,0,0
726,728,774,0,0,1,31696
724,774,775,0,0,1
776,775,777,1,0,1
778,777,779,1,0,1
780,779,781,1,0,1
782,781,783,1,0,1
784,783,785,1,0,1
786,785,787,1,0,1
788,787,789,1,0,1
790,789,791,1,0,1
792,791,730,1,0,0
535,722,793,0,0,1,28880
533,536,794,0,0,1
531,794,795,0,0,1
526,529,796,0,0,1
523,796,797,0,0,1
638,524,798,0,0,1
521,798,799,0,0,1
519,799,800,0,0,1
517,800,801,0,0,1
515,801,802,0,0,1
511,513,803,0,0,1
262,509,804,0,0,1
805,804,806,1,0,1
807,808,809,1,1,1
810,811,812,1,1,1
813,814,815,1,1,1
816,817,818,1,1,1
819,818,820,1,0,1
821,822,823,1,1,1
824,823,825,1,0,1
826,825,827,1,0,1
828,827,829,1,0,1
830,831,832,1,1,1
833,834,835,1,1,1
836,837,838,1,1,1
839,840,841,1,1,1
842,841,843,1,0,1
844,845,846,1,1,1
847,846,848,1,0,1
849,850,851,1,1,1
852,851,853,1,0,1
790,853,854,0,0,1
788,854,855,0,0,1
786,855,856,0,0,1
784,856,857,0,0,1
782,857,858,0,0,1
780,858,859,0,0,1
776,778,860,0,0,1
793,860,861,0,0,1
795,861,862,0,0,1
797,528,863,0,0,1
802,863,864,0,0,1
803,864,865,0,0,1
806,865,866,0,0,1
809,866,867,0,0,1
812,867,868,0,0,1
815,868,869,0,0,1
820,869,870,0,0,1
829,870,871,0,0,1
872,871,873,1,0,1
832,873,874,0,0,1
835,874,875,0,0,1
838,875,876,0,0,1
843,876,877,0,0,1
848,877,878,0,0,1
859,878,862,0,0,0
259,805,879,0,0,1,29136
257,260,880,0,0,1
254,880,881,0,0,1
882,881,883,1,0,1
884,883,885,1,0,1
886,885,887,1,0,1
888,889,890,1,1,1
891,892,893,1,1,1
894,895,896,1,1,1
897,896,898,1,0,1
899,900,901,1,1,1
902,903,904,1,1,1
905,904,906,1,0,1
907,908,909,1,1,1
910,909,911,1,0,1
912,913,914,1,1,1
915,916,917,1,1,1
847,850,918,0,0,1
842,845,919,0,0,1
839,919,920,0,0,1
836,840,921,0,0,1
833,837,922,0,0,1
830,834,923,0,0,1
872,831,924,0,0,1
828,924,925,0,0,1
826,925,926,0,0,1
824,926,927,0,0,1
819,822,928,0,0,1
816,928,929,0,0,1
813,817,930,0,0,1
814,930,931,0,0,1
810,931,932,0,0,1
807,811,933,0,0,1
879,808,934,0,0,1
887,934,935,0,0,1
890,935,936,0,0,1
937,936,938,1,0,1
893,938,939,0,0,1
898,939,940,0,0,1
901,940,941,0,0,1
906,942,943,0,1,1
911,943,944,0,0,1
914,944,945,0,0,1
917,945,946,0,0,1
918,946,947,0,0,1
844,947,948,0,0,1
920,948,949,0,0,1
921,949,950,0,0,1
922,950,951,0,0,1
923,951,952,0,0,1
927,952,953,0,0,1
821,953,954,0,0,1
929,954,955,0,0,1
932,955,956,0,0,1
933,956,941,0,0,0
252,255,957,0,0,1,29072
249,957,958,0,0,1
247,250,959,0,0,1
244,959,960,0,0,1
241,245,961,0,0,1
239,242,962,0,0,1
237,962,963,0,0,1
235,963,964,0,0,1
230,233,965,0,0,1
227,965,966,0,0,1
224,228,967,0,0,1
222,225,968,0,0,1
220,968,969,0,0,1
215,218,970,0,0,1
213,970,971,0,0,1
209,211,972,0,0,1
207,972,973,0,0,1
203,205,974,0,0,1
201,974,975,0,0,1
199,975,976,0,0,1
195,197,977,0,0,1
193,977,978,0,0,1
189,191,979,0,0,1
187,979,980,0,0,1
183,185,981,0,0,1
180,981,982,0,0,1
983,982,984,1,0,1
985,984,986,1,0,1
912,916,987,0,0,1
910,913,988,0,0,1
905,908,989,0,0,1
942,903,990,0,0,1
899,990,991,0,0,1
900,991,992,0,0,1
897,992,993,0,0,1
894,993,994,0,0,1
891,895,995,0,0,1
937,892,996,0,0,1
888,996,997,0,0,1
886,889,998,0,0,1
882,884,999,0,0,1
958,999,1000,0,0,1
960,1000,1001,0,0,1
961,1001,1002,0,0,1
964,1002,1003,0,0,1
232,1003,1004,0,0,1
966,1004,1005,0,0,1
969,967,1006,0,0,1
971,217,1007,0,0,1
973,1007,1008,0,0,1
976,1008,1009,0,0,1
978,1009,1010,0,0,1
980,1010,1011,0,0,1
986,1011,1012,0,0,1
987,1012,1013,0,0,1
988,1013,1014,0,0,1
907,1014,1015,0,0,1
989,1015,1016,0,0,1
902,1016,1017,0,0,1
994,1017,1018,0,0,1
995,1018,1019,0,0,1
1005,998,1020,0,0,1
1019,1006,1021,0,0,1
997,1021,1020,0,0,0