0,1,2,1,1,1,30272
3,2,4,1,0,1
5,4,6,1,0,1
7,8,9,1,1,1
10,11,12,1,1,1
13,14,15,1,1,1
16,15,17,1,0,1
18,17,19,1,0,1
20,21,22,1,1,1
23,22,24,1,0,1
25,24,26,1,0,1
27,28,29,1,1,1
30,29,31,1,0,1
32,33,34,1,1,1
35,34,36,1,0,1
37,36,38,1,0,1
39,38,40,1,0,1
41,40,42,1,0,1
43,42,44,1,0,1
45,46,47,1,1,1
48,49,50,1,1,1
51,50,52,1,0,1
53,54,55,1,1,1
56,55,57,1,0,1
58,59,60,1,1,1
61,60,62,1,0,1
63,62,64,1,0,1
65,64,66,1,0,1
67,66,68,1,0,1
69,68,70,1,0,1
71,70,72,1,0,1
73,72,74,1,0,1
75,74,76,1,0,1
77,76,78,1,0,1
79,78,80,1,0,1
81,80,82,1,0,1
83,82,84,1,0,1
85,84,86,1,0,1
87,86,88,1,0,1
89,88,90,1,0,1
91,90,92,1,0,1
93,94,95,1,1,1
96,97,98,1,1,1
99,100,101,1,1,1
102,103,104,1,1,1
105,104,106,1,0,1
107,108,109,1,1,1
110,111,112,1,1,1
113,112,114,1,0,1
115,114,116,1,0,1
117,116,118,1,0,1
119,118,120,1,0,1
121,122,123,1,1,1
124,125,126,1,1,1
127,126,128,1,0,1
129,130,131,1,1,1
132,133,134,1,1,1
135,134,136,1,0,1
137,138,139,1,1,1
140,139,141,1,0,1
142,143,144,1,1,1
145,146,147,1,1,1
148,149,150,1,1,1
151,152,153,1,1,1
154,155,156,1,1,1
157,158,159,1,1,1
160,161,162,1,1,1
163,164,165,1,1,1
166,165,167,1,0,1
168,169,170,1,1,1
171,172,173,1,1,1
174,173,175,1,0,1
176,175,177,1,0,1
178,177,179,1,0,1
180,179,181,1,0,1
182,181,183,1,0,1
184,183,185,1,0,1
186,185,187,1,0,1
188,187,189,1,0,1
190,189,191,1,0,1
192,191,193,1,0,1
194,193,195,1,0,1
196,195,197,1,0,1
198,197,199,1,0,1
200,199,201,1,0,1
202,201,203,1,0,1
204,205,206,1,1,1
207,206,208,1,0,1
209,208,210,1,0,1
211,212,213,1,1,1
214,213,215,1,0,1
6,216,217,0,1,1
9,217,218,0,0,1
26,19,219,0,0,1
31,220,221,0,1,1
44,221,222,0,0,1
47,223,224,0,1,1
52,224,225,0,0,1
57,226,227,0,1,1
92,227,228,0,0,1
95,228,229,0,0,1
98,229,230,0,0,1
231,230,232,1,0,1
101,232,233,0,0,1
106,233,234,0,0,1
235,234,236,1,0,1
109,236,237,0,0,1
120,237,238,0,0,1
123,238,239,0,0,1
128,239,240,0,0,1
131,240,241,0,0,1
136,241,242,0,0,1
141,242,243,0,0,1
144,243,244,0,0,1
147,244,245,0,0,1
150,245,246,0,0,1
153,246,247,0,0,1
156,247,248,0,0,1
159,248,249,0,0,1
162,249,250,0,0,1
251,250,252,1,0,1
167,252,253,0,0,1
254,253,255,1,0,1
170,255,256,0,0,1
203,256,257,0,0,1
210,257,258,0,0,1
215,258,259,0,0,1
218,259,260,0,0,1
12,260,261,0,0,1
219,261,262,0,0,1
222,263,264,0,1,1
225,264,265,0,0,1
266,265,262,1,0,0
267,268,269,1,1,1,30176
270,269,271,1,0,1
272,271,273,1,0,1
274,275,276,1,1,1
277,278,279,1,1,1
280,279,281,1,0,1
282,283,284,1,1,1
285,284,286,1,0,1
287,288,289,1,1,1
290,291,292,1,1,1
293,292,294,1,0,1
295,296,297,1,1,1
298,297,299,1,0,1
300,299,301,1,0,1
302,301,303,1,0,1
304,305,306,1,1,1
307,306,308,1,0,1
309,308,310,1,0,1
311,312,313,1,1,1
314,313,315,1,0,1
316,315,317,1,0,1
318,317,319,1,0,1
320,319,321,1,0,1
322,321,323,1,0,1
73,324,325,0,1,1
326,327,328,1,1,1
329,328,330,1,0,1
331,332,333,1,1,1
334,335,336,1,1,1
337,336,338,1,0,1
339,340,341,1,1,1
342,341,343,1,0,1
344,343,345,1,0,1
346,345,347,1,0,1
348,347,349,1,0,1
350,349,351,1,0,1
352,351,353,1,0,1
354,353,355,1,0,1
356,355,357,1,0,1
358,359,360,1,1,1
361,360,362,1,0,1
363,362,364,1,0,1
365,366,367,1,1,1
368,367,369,1,0,1
370,371,372,1,1,1
373,372,374,1,0,1
375,374,376,1,0,1
377,376,378,1,0,1
379,378,380,1,0,1
273,380,381,0,0,1
276,381,382,0,0,1
281,382,383,0,0,1
384,383,385,1,0,1
286,385,386,0,0,1
289,386,387,0,0,1
294,387,388,0,0,1
303,388,389,0,0,1
310,389,390,0,0,1
323,390,391,0,0,1
325,391,392,0,0,1
330,392,393,0,0,1
394,393,395,1,0,1
396,395,397,1,0,1
333,397,398,0,0,1
357,338,399,0,0,1
364,399,400,0,0,1
369,400,398,0,0,0
401,402,403,1,1,1,13845
404,403,405,1,0,1
406,405,407,1,0,1
408,409,410,1,1,1,9749
411,410,412,1,0,1
413,412,414,1,0,1
415,416,417,1,1,1
418,417,419,1,0,1
420,419,421,1,0,1
422,421,423,1,0,1
424,423,425,1,0,1
426,425,427,1,0,1
428,427,429,1,0,1
430,429,431,1,0,1
432,433,434,1,1,1
406,434,435,0,0,1
404,435,436,0,0,1
414,401,437,0,0,1
431,437,436,0,0,0
438,439,440,1,1,1,9748
441,440,442,1,0,1
443,444,445,1,1,1
446,445,447,1,0,1
411,447,448,0,0,1
408,448,442,0,0,0
443,449,450,0,1,1,9749
444,450,451,0,0,1
441,451,452,0,0,1
438,452,453,0,0,1
454,455,456,1,1,1,38416
457,456,458,1,0,1
459,460,461,1,1,1
462,461,463,1,0,1
464,463,465,1,0,1
466,465,467,1,0,1
468,467,469,1,0,1
470,471,472,1,1,1
473,472,474,1,0,1
475,474,476,1,0,1
477,476,478,1,0,1
416,478,479,0,0,1
413,479,480,0,0,1
446,480,481,0,0,1
449,481,482,0,0,1
458,482,469,0,0,0
483,484,485,1,1,1,38432
486,487,488,1,1,1
489,488,490,1,0,1
491,492,493,1,1,1
494,493,495,1,0,1
496,497,498,1,1,1
499,500,501,1,1,1
502,501,503,1,0,1
504,503,505,1,0,1
506,505,507,1,0,1
508,509,510,1,1,1
511,510,512,1,0,1
513,512,514,1,0,1
515,514,516,1,0,1
517,516,518,1,0,1
519,518,520,1,0,1
521,520,522,1,0,1
523,524,525,1,1,1
526,527,528,1,1,1
529,528,530,1,0,1
531,530,532,1,0,1
533,532,534,1,0,1
535,536,537,1,1,1
538,537,539,1,0,1
540,541,542,1,1,1
543,542,544,1,0,1
545,544,546,1,0,1
547,546,548,1,0,1
549,548,550,1,0,1
551,552,553,1,1,1
554,555,556,1,1,1
557,556,558,1,0,1
559,558,560,1,0,1
561,560,562,1,0,1
563,562,564,1,0,1
565,564,566,1,0,1
567,566,568,1,0,1
569,568,570,1,0,1
571,572,573,1,1,1
574,575,576,1,1,1
471,576,577,0,0,1
468,577,578,0,0,1
464,466,579,0,0,1
457,460,580,0,0,1
454,580,581,0,0,1
485,581,582,0,0,1
490,582,583,0,0,1
495,584,585,0,1,1
507,498,586,0,0,1
587,586,588,1,0,1
522,588,589,0,0,1
525,589,590,0,0,1
591,590,592,1,0,1
550,593,594,0,1,1
595,594,596,1,0,1
570,553,597,0,0,1
573,597,598,0,0,1
599,598,600,1,0,1
583,459,601,0,0,1
585,601,602,0,0,1
592,602,603,0,0,1
604,603,605,1,0,1
596,606,607,0,1,1
600,607,608,0,0,1
578,608,609,0,0,1
605,462,610,0,0,1
534,610,611,0,0,1
609,539,612,0,0,1
611,579,613,0,0,1
614,613,612,1,0,0
615,616,617,1,1,1,36896
618,617,619,1,0,1
620,619,621,1,0,1
622,621,623,1,0,1
624,623,625,1,0,1
486,626,627,0,1,1
487,627,628,0,0,1
483,628,625,0,0,0
629,630,631,1,1,1,39456
632,631,633,1,0,1
634,633,635,1,0,1
636,635,637,1,0,1
638,637,639,1,0,1
640,639,641,1,0,1
642,643,644,1,1,1
645,644,646,1,0,1
647,646,648,1,0,1
649,650,651,1,1,1
652,651,653,1,0,1
654,653,655,1,0,1
656,655,657,1,0,1
658,657,659,1,0,1
660,659,661,1,0,1
615,661,662,0,0,1
641,662,648,0,0,0
663,664,665,1,1,1,39488
666,665,667,1,0,1
668,667,669,1,0,1
670,669,671,1,0,1
672,671,673,1,0,1
674,673,675,1,0,1
676,675,677,1,0,1
678,677,679,1,0,1
680,681,682,1,1,1
629,682,679,0,0,0
683,684,685,1,1,1,38464
686,687,688,1,1,1
689,690,691,1,1,1
692,693,694,1,1,1
670,695,696,0,1,1
668,696,697,0,0,1
663,666,698,0,0,1
685,698,699,0,0,1
688,699,700,0,0,1
691,700,701,0,0,1
694,701,697,0,0,0
702,703,704,1,1,1,13891
705,704,706,1,0,1
707,706,683,1,0,0
708,709,710,1,1,1,2626
711,710,712,1,0,1
713,712,714,1,0,1
715,714,702,1,0,0
716,717,718,1,1,1,39648
719,720,721,1,1,1
722,721,723,1,0,1
724,723,725,1,0,1
726,725,727,1,0,1
708,727,718,0,0,0
728,729,730,1,1,1,38624
731,730,732,1,0,1
733,732,734,1,0,1
735,734,736,1,0,1
737,736,738,1,0,1
739,740,741,1,1,1
742,741,743,1,0,1
726,711,744,0,0,1
722,724,745,0,0,1
716,720,746,0,0,1
747,746,748,1,0,1
738,748,749,0,0,1
744,743,750,0,0,1
745,750,751,0,0,1
719,751,749,0,0,0
752,753,754,1,1,1,34528
755,754,756,1,0,1
757,756,729,1,0,0
758,759,760,1,1,1,30432
761,762,763,1,1,1
764,763,765,1,0,1
766,767,768,1,1,1
769,768,770,1,0,1
771,770,772,1,0,1
773,772,774,1,0,1
775,774,776,1,0,1
777,776,778,1,0,1
755,778,779,0,0,1
752,779,780,0,0,1
760,780,765,0,0,0
781,782,783,1,1,1,31456
784,785,786,1,1,1
787,786,788,1,0,1
789,790,791,1,1,1
792,791,793,1,0,1
794,795,796,1,1,1
797,796,798,1,0,1
799,800,801,1,1,1
802,801,803,1,0,1
804,803,805,1,0,1
806,807,808,1,1,1
809,808,810,1,0,1
811,810,812,1,0,1
813,812,814,1,0,1
815,816,817,1,1,1
767,818,819,0,1,1
764,819,820,0,0,1
761,820,821,0,0,1
758,762,822,0,0,1
783,822,823,0,0,1
788,823,824,0,0,1
793,824,825,0,0,1
798,825,826,0,0,1
805,827,828,0,1,1
814,828,829,0,0,1
817,829,830,0,0,1
821,830,826,0,0,0
831,832,833,1,1,1,30432
790,833,834,0,0,1
787,834,835,0,0,1
784,835,836,0,0,1
781,785,837,0,0,1
838,837,839,1,0,1
840,839,836,1,0,0
841,842,843,1,1,1,30272
844,843,845,1,0,1
846,845,847,1,0,1
848,849,850,1,1,1
789,851,852,0,1,1
831,852,853,0,0,1
840,832,854,0,0,1
847,854,855,0,0,1
850,855,853,0,0,0
856,857,858,1,1,1,28992
859,858,860,1,0,1
861,860,862,1,0,1
863,862,864,1,0,1
865,864,866,1,0,1
867,866,868,1,0,1
869,868,870,1,0,1
871,870,872,1,0,1
873,872,874,1,0,1
875,874,876,1,0,1
877,876,878,1,0,1
879,878,880,1,0,1
881,880,882,1,0,1
883,884,885,1,1,1
886,887,888,1,1,1
59,888,889,0,0,1
56,889,890,0,0,1
53,890,891,0,0,1
54,891,892,0,0,1
226,892,893,0,0,1
266,893,894,0,0,1
51,894,895,0,0,1
48,895,896,0,0,1
45,49,897,0,0,1
223,46,898,0,0,1
43,898,899,0,0,1
41,899,900,0,0,1
39,900,901,0,0,1
37,901,902,0,0,1
32,35,903,0,0,1
904,903,905,1,0,1
906,907,908,1,1,1
909,908,910,1,0,1
911,910,912,1,0,1
799,913,914,0,1,1
915,914,916,1,0,1
846,916,917,0,0,1
844,917,918,0,0,1
841,918,919,0,0,1
882,919,920,0,0,1
885,920,921,0,0,1
897,896,922,0,0,1
905,902,923,0,0,1
912,923,924,0,0,1
921,924,922,0,0,0
925,926,927,1,1,1,29152
928,929,930,1,1,1
931,932,933,1,1,1
865,933,934,0,0,1
863,934,935,0,0,1
861,935,936,0,0,1
859,936,937,0,0,1
856,937,938,0,0,1
927,938,930,0,0,0
939,940,941,1,1,1,31456
942,941,943,1,0,1
944,943,945,1,0,1
946,945,947,1,0,1
948,947,949,1,0,1
950,949,951,1,0,1
952,951,953,1,0,1
954,953,955,1,0,1
956,955,957,1,0,1
958,957,959,1,0,1
960,959,961,1,0,1
962,961,963,1,0,1
964,963,965,1,0,1
966,965,967,1,0,1
968,967,969,1,0,1
970,971,972,1,1,1
973,974,975,1,1,1
976,977,978,1,1,1
979,978,980,1,0,1
981,980,982,1,0,1
983,982,984,1,0,1
985,986,987,1,1,1
988,987,989,1,0,1
990,989,991,1,0,1
992,991,993,1,0,1
994,995,996,1,1,1
997,996,998,1,0,1
867,999,1000,0,1,1
931,1000,1001,0,0,1
928,932,1002,0,0,1
925,929,1003,0,0,1
969,1003,1004,0,0,1
972,1004,1005,0,0,1
984,975,1006,0,0,1
993,1006,1007,0,0,1
998,1007,1008,0,0,1
1001,1008,1009,0,0,1
1002,1009,1005,0,0,0
1010,1011,1012,1,1,1,29920
1013,1012,1014,1,0,1
1015,1014,1016,1,0,1
1017,1016,1018,1,0,1
1019,1018,1020,1,0,1
1021,1020,1022,1,0,1
1023,1022,1024,1,0,1
1025,1024,1026,1,0,1
1027,1026,1028,1,0,1
1029,1028,1030,1,0,1
1031,1030,1032,1,0,1
1033,1032,1034,1,0,1
1035,1034,1036,1,0,1
1037,1036,1038,1,0,1
1039,1040,1041,1,1,1
1042,1043,1044,1,1,1
960,1044,1045,0,0,1
958,1045,1046,0,0,1
956,1046,1047,0,0,1
954,1047,1048,0,0,1
952,1048,1049,0,0,1
948,950,1050,0,0,1
942,944,1051,0,0,1
1038,939,1052,0,0,1
1041,1052,1053,0,0,1
1054,1053,1055,1,0,1
1049,1056,1057,0,1,1
1050,1057,1058,0,0,1
1051,946,1059,0,0,1
1055,1059,1058,0,0,0
1060,1061,1062,1,1,1,31456
1063,1062,1010,1,0,0
1064,1065,1066,1,1,1,28896
1067,1068,1069,1,1,1
1070,1069,1071,1,0,1
1072,1071,1073,1,0,1
1074,1073,1075,1,0,1
1076,1075,1077,1,0,1
1078,1077,1079,1,0,1
1080,1079,1081,1,0,1
1082,1081,1083,1,0,1
1084,1083,1085,1,0,1
1086,1085,1087,1,0,1
1088,1087,1089,1,0,1
1090,1089,1091,1,0,1
1092,1091,1093,1,0,1
1094,1093,1095,1,0,1
1096,1095,1097,1,0,1
1098,1097,1099,1,0,1
1100,1099,1101,1,0,1
365,1101,1102,0,0,1
363,366,1103,0,0,1
356,359,1104,0,0,1
354,1104,1105,0,0,1
350,352,1106,0,0,1
344,346,1107,0,0,1
337,340,1108,0,0,1
1109,1108,1110,1,0,1
1111,1110,1112,1,0,1
979,1112,1113,0,0,1
976,1113,1114,0,0,1
973,977,1115,0,0,1
970,974,1116,0,0,1
971,1116,1117,0,0,1
968,1117,1118,0,0,1
964,966,1119,0,0,1
962,1119,1120,0,0,1
1042,1120,1121,0,0,1
1056,1043,1122,0,0,1
1054,1122,1123,0,0,1
1039,1123,1124,0,0,1
1037,1040,1125,0,0,1
1035,1125,1126,0,0,1
1031,1033,1127,0,0,1
1027,1029,1128,0,0,1
1025,1128,1129,0,0,1
1021,1023,1130,0,0,1
1019,1130,1131,0,0,1
1017,1131,1132,0,0,1
1015,1132,1133,0,0,1
1063,1013,1134,0,0,1
1066,1060,1135,0,0,1
1136,1135,1137,1,0,1
1102,1137,1138,0,0,1
1103,1138,1139,0,0,1
361,1139,1140,0,0,1
358,1140,1141,0,0,1
1105,1141,1142,0,0,1
1106,1142,1143,0,0,1
1114,339,1144,0,0,1
1115,1144,1145,0,0,1
1118,1145,1146,0,0,1
1121,1146,1147,0,0,1
1129,1127,1148,0,0,1
1133,1148,1149,0,0,1
1134,1149,1150,0,0,1
1143,1150,1151,0,0,1
348,1151,1152,0,0,1
1107,1152,1153,0,0,1
1147,342,1154,0,0,1
1124,1154,1155,0,0,1
1126,1155,1153,0,0,0
1068,1156,1157,0,1,1,31456
1136,1157,1064,0,0,0
1158,737,1159,1,0,1,18149
1160,1159,1161,1,0,1
1162,1161,740,1,0,0
728,731,1163,0,0,1,9956
757,1163,1164,0,0,1
777,1164,1165,0,0,1
1166,1165,1167,1,0,1
1168,1167,1169,1,0,1
1170,1171,1172,1,1,1
733,1173,1174,0,1,1
1172,1169,1175,0,0,1
1176,1175,1174,1,0,0
1177,715,1178,1,0,1,9028
1179,1178,1180,1,0,1
1181,1180,705,1,0,0
1173,735,1182,0,0,1,18150
1176,1182,1183,0,0,1
1170,1183,1184,0,0,1
1185,1184,1186,1,0,1
1187,1186,1158,1,0,0
660,618,1188,0,0,1,37664
658,1188,1189,0,0,1
654,656,1190,0,0,1
1191,1190,1192,1,0,1
1193,1192,1194,1,0,1
1195,1194,1196,1,0,1
496,500,1197,0,0,1
497,1197,1198,0,0,1
494,1198,1199,0,0,1
491,1199,1200,0,0,1
584,492,1201,0,0,1
489,1201,1202,0,0,1
626,1202,1203,0,0,1
624,1203,1204,0,0,1
622,1204,1205,0,0,1
620,1205,1206,0,0,1
1189,1206,1207,0,0,1
1196,1207,1200,0,0,0
997,999,1208,0,0,1,31296
994,1208,1209,0,0,1
992,995,1210,0,0,1
990,1210,1211,0,0,1
985,988,1212,0,0,1
983,986,1213,0,0,1
981,1213,1214,0,0,1
1111,1214,1215,0,0,1
1216,1215,1217,1,0,1
1218,1217,1219,1,0,1
1220,1219,1221,1,0,1
61,1221,1222,0,0,1
886,58,1223,0,0,1
883,887,1224,0,0,1
881,884,1225,0,0,1
879,1225,1226,0,0,1
875,877,1227,0,0,1
873,1227,1228,0,0,1
869,871,1229,0,0,1
1209,1229,1230,0,0,1
1211,1230,1231,0,0,1
1222,1212,1232,0,0,1
1223,1232,1233,0,0,1
1224,1233,1234,0,0,1
1226,1234,1235,0,0,1
1228,1235,1231,0,0,0
742,713,1236,0,0,1,2625
1162,739,1237,0,0,1
1238,1237,1239,1,0,1
1240,1239,1241,1,0,1
1242,1241,1243,1,0,1
1244,1243,1245,1,0,1
1246,1245,1247,1,0,1
1179,1247,1248,0,0,1
1177,1248,1236,0,0,0
680,632,1249,0,0,1,37664
1250,1249,1251,1,0,1
1252,1253,1254,1,1,1
643,1254,1255,0,0,1
640,1255,1256,0,0,1
638,1256,1257,0,0,1
636,1257,1258,0,0,1
1251,634,1259,0,0,1
1260,1259,1258,1,0,0
1181,707,1261,0,0,1,9797
1246,1261,1262,0,0,1
1244,1262,1263,0,0,1
1264,1263,1265,1,0,1
1266,1265,1267,1,0,1
1268,1267,1269,1,0,1
1270,1269,687,1,0,0
430,433,1271,0,0,1,13844
428,1271,1272,0,0,1
426,1272,1273,0,0,1
424,1273,1274,0,0,1
678,681,1275,0,0,1,37696
674,676,1276,0,0,1
1277,1276,1278,1,0,1
1279,1278,1280,1,0,1
1281,1280,1282,1,0,1
1283,1282,1284,1,0,1
1252,642,1285,0,0,1
1260,1253,1286,0,0,1
1250,1286,1287,0,0,1
1275,1287,1288,0,0,1
1284,1288,1285,0,0,0
773,775,1289,0,0,1,29664
771,1289,1290,0,0,1
766,769,1291,0,0,1
818,1291,1292,0,0,1
815,1292,1293,0,0,1
813,816,1294,0,0,1
811,1294,1295,0,0,1
1296,1297,1298,1,1,1
1299,1298,1300,1,0,1
1301,1300,1302,1,0,1
1303,1304,1305,1,1,1
1306,1305,1307,1,0,1
1308,1307,1309,1,0,1
1310,1309,1311,1,0,1
20,1311,1312,0,0,1
1313,1312,1314,1,0,1
1315,1314,1316,1,0,1
16,1317,1318,0,1,1
1319,1318,1320,1,0,1
1321,1322,1323,1,1,1
1324,1325,1326,1,1,1
1327,1326,1328,1,0,1
1329,1330,1331,1,1,1
1332,1331,1333,1,0,1
1334,1335,1336,1,1,1
1337,1338,1339,1,1,1
1168,1339,1340,0,0,1
1166,1340,1341,0,0,1
1290,1341,1342,0,0,1
1293,1342,1343,0,0,1
1295,1343,1344,0,0,1
809,1344,1345,0,0,1
1316,1346,1347,0,1,1
1320,1347,1348,0,0,1
1323,1348,1349,0,0,1
1328,1349,1350,0,0,1
1333,1350,1351,0,0,1
1336,1351,1352,0,0,1
1345,1353,1354,0,1,1
1302,1354,1352,0,0,0
1160,1238,1355,0,0,1,10820
1187,1355,1356,0,0,1
1357,1356,1358,1,0,1
1359,1358,1360,1,0,1
1361,1360,1362,1,0,1
1363,1362,1364,1,0,1
1365,1364,1366,1,0,1
1266,1367,1368,0,1,1
1264,1368,1369,0,0,1
1242,1369,1370,0,0,1
1240,1370,1366,0,0,0
848,851,1371,0,0,1,30432
915,849,1372,0,0,1
800,1372,1373,0,0,1
797,827,1374,0,0,1
794,1374,1375,0,0,1
792,795,1376,0,0,1
1371,1376,1377,0,0,1
1373,1377,1375,0,0,0
1270,686,1378,0,0,1,9795
1379,1378,1380,1,0,1
1381,1380,1382,1,0,1
1383,1382,1384,1,0,1
693,1385,1386,0,1,1
689,1386,1387,0,0,1
690,1387,1384,0,0,0
1367,1268,1388,0,0,1,9794
1365,1388,1389,0,0,1
1390,1391,1392,1,1,1
1393,1392,1394,1,0,1
1395,1394,1396,1,0,1
1379,1397,1398,0,1,1
1389,1398,1396,0,0,0
1385,692,1399,0,0,1,19013
1400,1399,1401,1,0,1
1402,1401,1403,1,0,1
1404,1403,1405,1,0,1
1337,1171,1406,0,0,1,33760
1407,1406,1408,1,0,1
1409,1408,1410,1,0,1
1357,1410,1185,0,0,0
1405,695,1411,0,0,1,2625
1412,1411,1413,1,0,1
1414,1413,1415,1,0,1
1416,1415,1417,1,0,1
1277,1417,672,0,0,0
1395,1397,1418,0,0,1,2625
1419,1393,1420,1,0,1
1421,1420,1422,1,0,1
1423,1424,1425,1,1,1
1381,1425,1426,0,0,1
1418,1426,1422,0,0,0
1409,1359,1427,0,0,1,33600
1428,1427,1429,1,0,1
1430,1429,1431,1,0,1
1432,1431,1433,1,0,1
1434,1435,1436,1,1,1
1437,1436,1438,1,0,1
1439,1438,1433,1,0,0
1361,1363,1440,0,0,1,833
1439,1440,1441,0,0,1
1437,1441,1442,0,0,1
1443,1442,1444,1,0,1
1445,1444,1391,1,0,0
418,420,1446,0,0,1,9748
477,415,1447,0,0,1
475,1447,1448,0,0,1
473,1448,1449,0,0,1
1450,1449,1446,1,0,0
1338,1407,1451,0,0,1,29504
1353,1451,1452,0,0,1
1334,1452,1453,0,0,1
1335,1453,1454,0,0,1
1332,1454,1455,0,0,1
1329,1455,1456,0,0,1
1327,1330,1457,0,0,1
1458,1324,1459,1,0,1
11,1459,1460,0,0,1
7,1460,1461,0,0,1
8,1461,1462,0,0,1
5,1462,1463,0,0,1
3,1463,1464,0,0,1
0,1464,1465,0,0,1
214,216,1466,0,0,1
1467,1466,1468,1,0,1
1469,1470,1471,1,1,1
1428,1472,1473,0,1,1
1456,1473,1474,0,0,1
1465,1457,1475,0,0,1
1,1475,1476,0,0,1
1468,1476,1477,0,0,1
1471,1477,1474,0,0,0
1404,1412,1478,0,0,1,19014
1479,1478,1480,1,0,1
1481,1480,1482,1,0,1
1483,1482,1484,1,0,1
1485,1484,1414,1,0,0
1423,1383,1486,0,0,1,2626
1487,1488,1489,1,1,1
1490,1489,1491,1,0,1
1492,1491,1493,1,0,1
1494,1493,1495,1,0,1
1400,1495,1486,0,0,0
911,913,1496,0,0,1,31296
1497,1496,1498,1,0,1
1296,1499,1500,0,1,1
806,1297,1501,0,0,1
804,807,1502,0,0,1
802,1502,1503,0,0,1
1498,1503,1504,0,0,1
1500,1504,1501,0,0,0
1434,1443,1505,0,0,1,37696
1506,1507,1508,1,1,1
1509,1508,1510,1,0,1
1511,1510,1512,1,0,1
1513,1514,1515,1,1,1
1505,1515,1512,0,0,0
1513,1445,1516,0,0,1,38464
1517,1516,1518,1,0,1
1519,1518,1520,1,0,1
1419,1520,1390,0,0,0
1416,1279,1521,0,0,1,17957
1485,1521,1522,0,0,1
1483,1522,1523,0,0,1
1524,1523,1525,1,0,1
1526,1525,1527,1,0,1
1528,1527,1529,1,0,1
1530,1531,1532,1,1,1
1281,1532,1529,0,0,0
645,647,1533,0,0,1,2593
1283,1533,1534,0,0,1
1530,1534,1535,0,0,1
1536,1531,1537,1,0,1
649,1537,1538,0,0,1
650,1538,1535,0,0,0
1519,1421,1539,0,0,1,1601
1540,1539,1541,1,0,1
1542,1541,1543,1,0,1
1544,1543,1545,1,0,1
1546,1545,1547,1,0,1
1488,1547,1424,0,0,0
1548,1072,1549,1,0,1,30176
1550,1551,1552,1,1,1
1553,1554,1555,1,1,1
1078,1555,1556,0,0,1
1076,1556,1557,0,0,1
1549,1074,1558,0,0,1
1552,1558,1557,0,0,0
1553,1080,1559,0,0,1,29664
1550,1554,1560,0,0,1
1561,1551,1562,1,0,1
268,1562,1563,0,0,1
379,1563,1564,0,0,1
377,1564,1565,0,0,1
375,1565,1566,0,0,1
373,1566,1567,0,0,1
368,371,1568,0,0,1
1098,1100,1569,0,0,1
1094,1096,1570,0,0,1
1092,1570,1571,0,0,1
1090,1571,1572,0,0,1
1088,1572,1573,0,0,1
1086,1573,1574,0,0,1
1084,1574,1575,0,0,1
1559,1082,1576,0,0,1
1560,1576,1577,0,0,1
1567,1577,1578,0,0,1
370,1578,1579,0,0,1
1569,1568,1580,0,0,1
1575,1580,1579,0,0,0
1402,1479,1581,0,0,1,17222
1494,1581,1582,0,0,1
1583,1582,1584,1,0,1
1585,1584,1586,1,0,1
1511,1514,1587,0,0,1,2625
1588,1587,1589,1,0,1
1590,1591,1592,1,1,1
1593,1592,1594,1,0,1
1595,1594,1596,1,0,1
1597,1596,1598,1,0,1
1599,1598,1600,1,0,1
1601,1600,1602,1,0,1
1544,1603,1604,0,1,1
1542,1604,1605,0,0,1
1540,1605,1606,0,0,1
1517,1606,1607,0,0,1
1589,1607,1608,0,0,1
1609,1608,1602,1,0,0
1506,1509,1610,0,0,1,39488
1590,1611,1612,0,1,1
1609,1591,1613,0,0,1
1588,1613,1614,0,0,1
1610,1614,1615,0,0,1
1507,1615,1612,0,0,0
1586,1481,1616,0,0,1,17190
1617,1618,1619,1,1,1
1620,1619,1621,1,0,1
1622,1621,1623,1,0,1
1526,1623,1624,0,0,1
1524,1624,1616,0,0,0
523,591,1625,0,0,1,37664
521,524,1626,0,0,1
1627,519,1628,1,0,1
1629,1628,1630,1,0,1
1631,1630,1632,1,0,1
1633,1632,1634,1,0,1
1635,1634,1636,1,0,1
1637,1636,1638,1,0,1
1639,1638,1640,1,0,1
1641,1642,1643,1,1,1
1644,1643,1645,1,0,1
1646,1647,1648,1,1,1
1649,1650,1651,1,1,1
1652,1651,1653,1,0,1
1654,1655,1656,1,1,1
1657,1656,1658,1,0,1
1659,1658,1660,1,0,1
1661,1662,1663,1,1,1
1664,1665,1666,1,1,1
1667,1666,1668,1,0,1
1669,1668,1670,1,0,1
1671,1670,1672,1,0,1
1673,1674,1675,1,1,1
1676,1675,1677,1,0,1
1625,1677,1678,0,0,1
1626,1678,1679,0,0,1
1640,1679,1680,0,0,1
1645,1680,1681,0,0,1
1653,1648,1682,0,0,1
1683,1682,1684,1,0,1
1660,1684,1685,0,0,1
1672,1663,1686,0,0,1
1681,1686,1687,0,0,1
1688,1687,1685,1,0,0
1432,1435,1689,0,0,1,35392
1469,1472,1690,0,0,1
1691,1690,1692,1,0,1
1693,1692,1694,1,0,1
1695,1696,1697,1,1,1
1698,1697,1699,1,0,1
1700,1699,1701,1,0,1
1593,1701,1702,0,0,1
1611,1702,1703,0,0,1
1689,1703,1704,0,0,1
1430,1704,1694,0,0,0
1546,1487,1705,0,0,1,9027
1603,1705,1706,0,0,1
1707,1706,1708,1,0,1
1671,1674,1709,0,0,1,37152
1669,1709,1710,0,0,1
1667,1710,1711,0,0,1
1712,1711,1713,1,0,1
1714,1713,1715,1,0,1
540,1716,1717,0,1,1
541,1717,1718,0,0,1
593,1718,1719,0,0,1
606,1719,1720,0,0,1
538,1720,1721,0,0,1
535,1721,1722,0,0,1
536,1722,1723,0,0,1
614,1723,1724,0,0,1
533,1724,1725,0,0,1
531,1725,1726,0,0,1
529,1726,1727,0,0,1
526,1727,1728,0,0,1
604,527,1729,0,0,1
1676,1729,1730,0,0,1
1673,1730,1731,0,0,1
1715,1731,1728,0,0,0
1492,1583,1732,0,0,1,17221
1708,1490,1733,0,0,1
1734,1733,1735,1,0,1
1736,1735,1737,1,0,1
1738,1737,1739,1,0,1
1617,1739,1740,0,0,1
1618,1740,1741,0,0,1
1585,1741,1732,0,0,0
1467,1470,1742,0,0,1,31296
211,1742,1743,0,0,1
212,1743,1744,0,0,1
209,1744,1745,0,0,1
207,1745,1746,0,0,1
1693,1696,1747,0,0,1
1691,1747,1746,0,0,0
1528,1536,1748,0,0,1,17192
1622,1748,1749,0,0,1
1750,1749,1751,1,0,1
1752,1751,1753,1,0,1
1191,1753,652,0,0,0
909,1497,1754,0,0,1,29504
904,907,1755,0,0,1
30,33,1756,0,0,1
27,1756,1757,0,0,1
1306,1757,1758,0,0,1
1303,1758,1759,0,0,1
1346,1304,1760,0,0,1
1301,1760,1761,0,0,1
1299,1761,1762,0,0,1
1499,1762,1763,0,0,1
1754,1763,1764,0,0,1
906,1764,1765,0,0,1
1755,1765,1759,0,0,0
1601,1707,1766,0,0,1,19013
1767,1766,1768,1,0,1
1769,1768,1770,1,0,1
1771,1770,1734,1,0,0
1738,1620,1772,0,0,1,17191
1773,1772,1774,1,0,1
1775,1774,1776,1,0,1
1777,1776,1750,1,0,0
1771,1736,1778,0,0,1,17222
1779,1778,1780,1,0,1
1781,1780,1782,1,0,1
1783,1782,1784,1,0,1
1785,1784,1773,1,0,0
1777,1752,1786,0,0,1,17958
1785,1775,1787,0,0,1
1788,1787,1789,1,0,1
1790,1789,1791,1,0,1
1792,1791,1793,1,0,1
1794,1795,1796,1,1,1
1193,1796,1797,0,0,1
1786,1797,1793,0,0,0
1798,1794,1799,1,0,1,17959
502,1800,1801,0,1,1
499,1801,1802,0,0,1
1195,1802,1799,0,0,0
1599,1767,1803,0,0,1,10819
1597,1803,1804,0,0,1
1805,1804,1806,1,0,1
1806,1769,1807,0,0,1,17219
1808,1807,1809,1,0,1
1810,1809,1811,1,0,1
1812,1813,1814,1,1,1
1815,1814,1816,1,0,1
1781,1816,1817,0,0,1
1779,1817,1811,0,0,0
506,587,1818,0,0,1,37664
508,1819,1820,0,1,1
509,1820,1818,0,0,0
1792,1795,1821,0,0,1,16679
1790,1821,1822,0,0,1
1823,1822,1824,1,0,1
1825,1824,1826,1,0,1
1827,1826,1828,1,0,1
1829,1828,1798,1,0,0
1700,1595,1830,0,0,1,39488
1831,1830,1832,1,0,1
1833,1832,1834,1,0,1
1835,1834,1836,1,0,1
1837,1836,1838,1,0,1
1810,1839,1840,0,1,1
1805,1808,1841,0,0,1
1838,1841,1840,0,0,0
1783,1788,1842,0,0,1,16711
1815,1842,1843,0,0,1
1844,1843,1845,1,0,1
1846,1845,1847,1,0,1
1848,1849,1850,1,1,1
1825,1850,1851,0,0,1
1823,1851,1847,0,0,0
504,1852,1853,1,1,1,4897
1854,1855,1856,1,1,1
1857,1856,1858,1,0,1
1859,1858,1860,1,0,1
1861,1862,1863,1,1,1
1864,1863,1865,1,0,1
1861,1864,1866,0,0,1
1867,1866,1868,1,0,1
1853,1868,1869,0,0,1
1819,1869,1870,1,0,1
1860,1870,1865,0,0,0
1867,1852,1871,0,0,1,16677
1872,1871,1873,1,0,1
1862,1872,1874,0,0,1
1875,1874,1876,1,0,1
1877,1876,1878,1,0,1
1879,1878,1880,1,0,1
1881,1880,1882,1,0,1
1829,1882,1883,1,0,1
1800,1883,1873,1,0,0
1884,1812,1885,1,0,1,17222
1886,1885,1887,1,0,1
1888,1887,1889,1,0,1
1890,1889,1844,1,0,0
1313,1315,1891,0,0,1,29504
21,1891,1892,0,0,1
18,1892,1317,0,0,0
1848,1827,1893,0,0,1,8515
1849,1893,1894,0,0,1
1895,1894,1896,1,0,1
1897,1898,1899,1,1,1
1900,1901,1902,1,1,1
1881,1902,1903,1,0,1
1896,1903,1899,0,0,0
1839,1813,1904,0,0,1,17989
1835,1837,1905,0,0,1
1906,1905,1907,1,0,1
1908,1907,1909,1,0,1
1910,1909,1911,1,0,1
1912,1911,1913,1,0,1
1886,1913,1914,0,0,1
1884,1914,1904,0,0,0
10,14,1915,0,0,1,30432
1458,1915,1916,0,0,1
1325,1916,1917,0,0,1
1321,1917,1918,0,0,1
1319,1322,1919,0,0,1
13,1919,1918,0,0,0
1308,1310,1920,0,0,1,30432
28,1920,1921,0,0,1
220,1921,1922,0,0,1
25,263,1923,0,0,1
23,1923,1922,0,0,0
1924,513,1925,1,0,1,1569
1926,1925,1927,1,0,1
1928,1929,1930,1,1,1
1931,1930,1932,1,0,1
1933,1934,1935,1,1,1
1936,1935,1937,1,0,1
515,1938,1939,0,1,1
1927,1939,1940,0,0,1
1932,1940,1937,0,0,0
204,1695,1941,0,0,1,34368
205,1941,1942,0,0,1
202,1942,1943,0,0,1
196,198,1944,0,0,1
192,194,1945,0,0,1
190,1945,1946,0,0,1
1947,1946,1948,1,0,1
1949,1948,1950,1,0,1
1951,1950,1952,1,0,1
1953,1952,1954,1,0,1
1955,1954,1956,1,0,1
1957,1958,1959,1,1,1
1831,1960,1961,0,1,1
1698,1961,1962,0,0,1
1943,1962,1963,0,0,1
200,1963,1964,0,0,1
1944,1964,1965,0,0,1
1956,1965,1959,0,0,0
1875,1966,1967,1,1,1,17190
1877,1967,1968,1,0,1
1969,1968,1970,1,0,1
1971,1970,1972,1,0,1
1890,1846,1973,0,0,1,4929
1974,1973,1975,1,0,1
1976,1975,1977,1,0,1
1978,1977,1979,1,0,1
1980,1981,1982,1,1,1
1983,1982,1984,1,0,1
1985,1984,1986,1,0,1
1987,1986,1988,1,0,1
1989,1988,1990,1,0,1
1991,1990,1992,1,0,1
1898,1992,1993,0,0,1
1979,1895,1994,0,0,1
1995,1994,1993,1,0,0
1897,1901,1996,0,0,1,834
1989,1991,1997,0,0,1
1987,1997,1998,0,0,1
1985,1998,1999,0,0,1
2000,1999,1996,1,0,0
1900,1879,2001,0,1,1,16710
2000,2001,2002,0,0,1
1983,2002,2003,0,0,1
2004,2003,2005,1,0,1
2006,2005,2007,1,0,1
2008,2007,2009,1,0,1
1971,2009,1969,0,0,0
1972,2010,2011,0,1,1,17958
2008,2011,2012,0,0,1
2013,2012,2014,1,0,1
2015,2014,2016,1,0,1
2017,2018,2019,1,1,1
1928,2019,2020,0,0,1
1926,1929,2021,0,0,1
2016,2021,2020,0,0,0
1912,1888,2022,0,0,1,322
2023,2022,2024,1,0,1
1976,2025,2026,0,1,1
1974,2026,2024,0,0,0
1833,1906,2027,0,0,1,38464
1960,2027,2028,0,0,1
1957,2028,2029,0,0,1
1958,2029,2030,0,0,1
1955,2030,2031,0,0,1
2032,2033,2034,1,1,1
2035,2034,2036,1,0,1
2037,2036,2038,1,0,1
2039,2040,2041,1,1,1
2042,2041,2043,1,0,1
1908,2043,2044,0,0,1
2031,2044,2045,0,0,1
2046,2045,2038,1,0,0
2042,1910,2047,0,0,1,1601
2039,2047,2048,0,0,1
2040,2048,2049,0,0,1
2050,2037,2051,1,0,1
2052,2051,2053,1,0,1
2054,2053,2055,1,0,1
2056,2055,2057,1,0,1
1978,2057,2058,0,0,1
2025,2058,2059,0,0,1
2023,2059,2049,0,0,0
2060,2061,2062,1,1,1,30432
2063,2062,2064,1,0,1
2017,1931,2065,0,0,1,8995
2066,2065,2067,1,0,1
2068,2067,2069,1,0,1
2070,2069,1934,1,0,0
1938,517,2071,0,0,1,17190
2072,2071,2073,1,0,1
2074,2073,2075,1,0,1
2076,2075,2077,1,0,1
2078,2077,2079,1,0,1
2080,2079,2081,1,0,1
2082,2081,2083,1,0,1
2084,2083,1627,1,0,0
2084,1629,2085,0,0,1,801
2082,2085,2086,0,0,1
2087,2086,2088,1,0,1
2089,2088,2090,1,0,1
2091,2090,1631,1,0,0
1980,2004,2092,0,0,1,322
2093,2092,2094,1,0,1
2095,2096,2097,1,1,1
2098,2099,2100,1,1,1
2101,2100,2102,1,0,1
2094,2102,2097,0,0,0
2103,2104,2105,1,1,1,30432
2106,2105,2107,1,0,1
2108,2107,2109,1,0,1
2070,1933,2110,0,0,1,8996
2111,2110,2112,1,0,1
2113,2114,2115,1,1,1
2116,2115,2117,1,0,1
2072,2117,2118,0,0,1
1936,2118,2112,0,0,0
2101,2006,2119,0,0,1,835
2120,2119,2121,1,0,1
2122,2121,2123,1,0,1
2124,2125,2126,1,1,1
2127,2126,2128,1,0,1
2129,2128,2130,1,0,1
2131,2130,2132,1,0,1
2013,2132,2123,0,0,0
2133,2134,2135,1,1,1,321
2032,2136,2137,1,1,1
2138,2137,2139,1,0,1
2140,2139,2141,1,0,1
2054,2142,2143,1,1,1
2056,2143,2144,1,0,1
1981,1995,2145,1,1,1
2146,2093,2147,1,1,1
2148,2147,2149,1,0,1
2150,2149,2151,1,0,1
2152,2151,2153,1,0,1
2154,2153,2155,1,0,1
2135,2152,2156,0,0,1
2141,2156,2157,0,0,1
2144,2157,2158,0,0,1
2155,2145,2159,0,0,1
2154,2159,2158,0,0,0
2160,1637,2161,1,0,1,801
2162,2161,2163,1,0,1
2164,2163,2165,1,0,1
2166,2165,2167,1,0,1
2168,2169,2170,1,1,1
2171,2170,2172,1,0,1
2173,2172,2174,1,0,1
2175,2174,2176,1,0,1
1641,2177,2178,0,1,1
1642,2178,2179,0,0,1
2167,1639,2180,0,0,1
2176,2180,2179,0,0,0
2098,2120,2181,0,0,1,1602
2095,2099,2182,0,0,1
2146,2096,2183,1,0,1
2184,2183,2185,1,0,1
2186,2185,2187,1,0,1
2127,2188,2189,0,1,1
2124,2189,2190,0,0,1
2122,2125,2191,0,0,1
2181,2191,2192,0,0,1
2182,2192,2193,0,0,1
2187,2193,2190,0,0,0
2052,2142,2194,0,1,1,37184
2050,2194,2195,0,0,1
2035,2195,2196,0,0,1
2138,2196,2140,1,0,1
1664,1712,2197,0,0,1,21284
2198,2197,2199,1,0,1
2200,2199,2201,1,0,1
2068,2111,2202,0,0,1,17190
2203,2202,2204,1,0,1
2205,2206,2207,1,1,1
2114,2207,2204,0,0,0
1953,2046,2208,0,0,1,1602
1951,2208,2209,0,0,1
2210,2209,2211,1,0,1
2212,2211,2213,1,0,1
2136,2213,2033,1,0,0
2201,1714,2214,0,0,1,13090
2215,2214,2216,1,0,1
2217,2216,2218,1,0,1
543,2219,2220,0,1,1
1716,2220,2218,0,0,0
2221,2222,2223,1,1,1,30432
2224,2223,2225,1,0,1
2091,1633,2226,0,0,1,802
2227,2226,2228,1,0,1
2229,2228,2230,1,0,1
2231,2230,2232,1,0,1
2233,2232,2234,1,0,1
2235,2234,2236,1,0,1
2237,2236,2238,1,0,1
2239,2240,2241,1,1,1
2169,2241,2242,0,0,1
2166,2242,2243,0,0,1
2164,2243,2244,0,0,1
2162,2244,2245,0,0,1
1635,2160,2246,0,0,1
2238,2246,2245,0,0,0
2080,2087,2247,0,0,1,8995
2248,2247,2249,1,0,1
2250,2249,2251,1,0,1
2252,2251,2253,1,0,1
2254,2255,2256,1,1,1
2257,2256,2258,1,0,1
2259,2258,2260,1,0,1
2233,2260,2261,0,0,1
2231,2261,2262,0,0,1
2229,2262,2263,0,0,1
2227,2263,2264,0,0,1
2089,2264,2253,0,0,0
2018,2066,2265,0,0,1,8997
2266,2265,2203,1,0,0
2131,2015,2267,0,0,1,8484
2188,2129,2268,0,0,1
2269,2268,2270,1,0,1
2271,2270,2272,1,0,1
2273,2272,2274,1,0,1
2275,2274,2276,1,0,1
2277,2276,2278,1,0,1
2279,2278,2280,1,0,1
2281,2280,2282,1,0,1
2283,2282,2284,1,0,1
2206,2284,2285,0,0,1
2266,2285,2267,0,0,0
1661,1665,2286,0,0,1,803
1662,2286,2287,0,0,1
1659,2287,2288,0,0,1
1657,2288,2289,0,0,1
2290,2289,2291,1,0,1
2292,2291,2198,1,0,0
2150,2293,2294,0,1,1,1601
2148,2294,2295,0,0,1
2184,2295,2296,1,0,1
2297,2296,2298,1,0,1
2299,2300,2301,1,1,1,30432
2302,2301,2303,1,0,1
2304,549,2305,1,0,1,37664
554,2305,2306,0,0,1
551,555,2307,0,0,1
552,2307,2308,0,0,1
595,2308,2306,0,0,0
2116,2074,2309,0,0,1,17189
2205,2113,2310,0,0,1
2283,2310,2311,0,0,1
2312,2311,2313,1,0,1
2314,2313,2315,1,0,1
2316,2315,2317,1,0,1
2318,2317,2319,1,0,1
2320,2319,2309,1,0,0
2078,2248,2321,0,0,1,8996
2076,2321,2322,0,0,1
2320,2322,2323,0,0,1
2318,2323,2324,0,0,1
2325,2324,2250,1,0,0
2326,270,2327,1,0,1,31456
2328,2327,2329,1,0,1
2330,2329,2331,1,0,1
2332,2331,2333,1,0,1
2334,2333,2335,1,0,1
2336,2335,2337,1,0,1
2338,2339,2340,1,1,1
277,2340,2341,0,0,1
278,2341,2342,0,0,1
274,2342,2343,0,0,1
272,275,2344,0,0,1
2337,2344,2343,0,0,0
2292,2200,2345,0,0,1,37664
2346,2345,2347,1,0,1
2348,2347,2349,1,0,1
2217,2349,2215,0,0,0
2350,2271,2351,1,1,1,321
2352,2353,2354,1,1,1
2355,2354,2356,1,0,1
2297,2356,2357,0,0,1
2186,2357,2358,1,0,1
2269,2358,2351,1,0,0
2177,1644,2359,0,0,1,802
2175,2359,2360,0,0,1
2173,2360,2361,0,0,1
2362,2361,2363,1,0,1
1647,2363,1688,0,0,0
2219,545,2364,0,0,1,16677
2348,2364,2365,0,0,1
2366,2365,2367,1,0,1
2368,2367,2369,1,0,1
2370,2369,2371,1,0,1
2372,2371,2373,1,0,1
559,2373,2374,0,0,1
557,2374,2375,0,0,1
2304,2375,547,0,0,0
2376,2377,2378,1,1,1,38464
1947,2378,2379,0,0,1
188,2379,2380,0,0,1
2381,2382,2383,1,1,1
2384,2383,2380,1,0,0
2281,2312,2385,0,0,1,289
2279,2385,2386,0,0,1
2387,2386,2388,1,0,1
2389,2388,2390,1,0,1
2391,2390,2392,1,0,1
2393,2392,2394,1,0,1
2235,2237,2395,0,0,1,17188
2259,2395,2396,0,0,1
2397,2396,2398,1,0,1
2399,2398,2400,1,0,1
2401,2400,2402,1,0,1
2403,2402,2404,1,0,1
2405,2404,2406,1,0,1
2407,2406,2408,1,0,1
2168,2409,2410,0,1,1
2239,2410,2411,0,0,1
2240,2411,2408,0,0,0
2412,2350,2413,1,1,1,37152
2414,2413,2415,1,0,1
2416,2415,2273,1,0,0
2417,2353,2418,1,1,1,33088
2419,2418,2420,1,0,1
2421,2420,2422,1,0,1
2423,2422,2424,1,0,1
2425,2424,2426,1,0,1
2427,2426,2412,1,0,0
2325,2316,2428,1,1,1,4897
2252,2428,2429,1,0,1
2430,2429,2431,1,0,1
2432,2433,2434,1,1,1
2435,2434,2436,1,0,1
2437,2436,2438,1,0,1
2439,2438,2440,1,0,1
2441,2440,2442,1,0,1
2443,2442,2444,1,0,1
2445,2444,2446,1,0,1
2394,2447,2448,1,1,1
2314,2448,2449,1,0,1
2431,2449,2450,0,0,1
2433,2450,2446,0,0,0
2409,2171,2451,0,0,1,8995
2452,2451,2453,1,0,1
2454,2453,2455,1,0,1
1650,2455,2456,0,0,1
1646,2456,2362,0,0,0
2414,2416,2457,0,0,1,33056
2427,2457,2458,0,0,1
2459,2458,2460,1,0,1
2461,2460,2462,1,0,1
2463,2462,2464,1,0,1
2465,2464,2466,1,0,1
2467,2466,2275,1,0,0
2290,2346,2468,0,0,1,37152
2469,1654,2470,1,0,1
2471,2470,2472,1,0,1
2473,2474,2475,1,1,1
2476,2475,2477,1,0,1
2478,2477,2479,1,0,1
2480,2479,2481,1,0,1
2366,2482,2483,0,1,1
2468,2483,2484,0,0,1
2472,2484,2481,0,0,0
1652,1683,2485,0,0,1,801
2454,1649,2486,0,0,1
2487,2486,2488,1,0,1
2489,2488,2490,1,0,1
2491,2492,2493,1,1,1
2494,2495,2496,1,1,1
2469,2496,2497,0,0,1
1655,2497,2498,0,0,1
2485,2498,2499,0,0,1
2493,2490,2500,0,0,1
2501,2500,2499,1,0,0
2502,2328,2503,1,0,1,29664
2504,2503,2505,1,0,1
2506,2507,2508,1,1,1
2509,2510,2511,1,1,1
2512,2513,2514,1,1,1
2515,2514,2516,1,0,1
2517,2516,2518,1,0,1
2519,2520,2521,1,1,1
2522,2521,2523,1,0,1
2524,2525,2526,1,1,1
2527,2526,2528,1,0,1
290,2528,2529,0,0,1
291,2529,2530,0,0,1
287,2530,2531,0,0,1
288,2531,2532,0,0,1
285,2532,2533,0,0,1
282,2533,2534,0,0,1
283,2534,2535,0,0,1
384,2535,2536,0,0,1
280,2536,2537,0,0,1
2338,2537,2538,0,0,1
2339,2538,2539,0,0,1
2336,2539,2540,0,0,1
2334,2540,2541,0,0,1
2332,2541,2542,0,0,1
2330,2542,2543,0,0,1
2508,2505,2544,0,0,1
2511,2544,2545,0,0,1
2546,2545,2547,1,0,1
2518,2547,2548,0,0,1
2523,2548,2549,0,0,1
2550,2549,2551,1,0,1
2552,2551,2543,1,0,0
182,2419,2553,0,0,1,28992
180,2553,2554,0,0,1
176,178,2555,0,0,1
2556,2555,2557,1,0,1
2558,2559,2560,1,1,1
2561,2562,2563,1,1,1
2423,2563,2564,0,0,1
2554,2421,2565,0,0,1
2557,2565,2566,0,0,1
2560,2566,2564,0,0,0
2567,2568,2569,1,1,1,4898
2570,2569,2571,1,0,1
2572,2432,2573,1,0,1
2430,2572,2574,0,0,1
2255,2574,2575,1,0,1
2254,2575,2576,1,0,1
2397,2257,2577,1,1,1
2571,2577,2578,0,0,1
2573,2578,2576,0,0,0
2425,2459,2579,0,0,1,28960
2561,2579,2580,0,0,1
2558,2562,2581,0,0,1
2556,2559,2582,0,0,1
174,2582,2583,0,0,1
2584,2583,2585,1,0,1
2586,2587,2588,1,1,1
2589,2590,2591,1,1,1
2592,2593,2594,1,1,1
2595,2594,2596,1,0,1
2597,2598,2599,1,1,1
2600,2601,2602,1,1,1
2603,2604,2605,1,1,1
2606,2607,2608,1,1,1
2609,2610,2611,1,1,1
2612,2613,2614,1,1,1
2615,2616,2617,1,1,1
2618,2619,2620,1,1,1
2621,2620,2622,1,0,1
2623,2622,2624,1,0,1
2625,2626,2627,1,1,1
2628,2627,2629,1,0,1
2630,2631,2632,1,1,1
2633,2632,2634,1,0,1
2635,2636,2637,1,1,1
2638,2639,2640,1,1,1
2641,2642,2643,1,1,1
2644,2645,2646,1,1,1
2647,2646,2648,1,0,1
2649,2648,2650,1,0,1
2651,2650,2652,1,0,1
2653,2652,2654,1,0,1
2655,2654,2656,1,0,1
2657,2656,2658,1,0,1
2659,2658,2660,1,0,1
2661,2662,2663,1,1,1
2664,2663,2665,1,0,1
2666,2667,2668,1,1,1
2669,2670,2671,1,1,1
2672,2673,2674,1,1,1
2675,2676,2677,1,1,1
2678,2679,2680,1,1,1
2681,2680,2682,1,0,1
2683,2682,2684,1,0,1
2685,2684,2686,1,0,1
2687,2688,2689,1,1,1
2690,2691,2692,1,1,1
2693,2692,2694,1,0,1
2695,2694,2696,1,0,1
2697,2698,2699,1,1,1
2700,2701,2702,1,1,1
2703,2704,2705,1,1,1
2706,2707,2708,1,1,1
2709,2708,2710,1,0,1
2711,2712,2713,1,1,1
2714,2715,2716,1,1,1
2717,2716,2718,1,0,1
2719,2720,2721,1,1,1
2722,2721,2723,1,0,1
2724,2725,2726,1,1,1
2727,2726,2728,1,0,1
2729,2728,2730,1,0,1
2731,2730,2732,1,0,1
2733,2732,2734,1,0,1
2463,2735,2736,0,1,1
2461,2736,2737,0,0,1
2580,2737,2738,0,0,1
2581,2738,2739,0,0,1
2585,2739,2740,0,0,1
2588,2740,2741,0,0,1
2742,2741,2743,1,0,1
2591,2743,2744,0,0,1
2596,2744,2745,0,0,1
2599,2746,2747,0,1,1
2602,2748,2749,0,1,1
2611,2750,2751,0,1,1
2614,2751,2752,0,0,1
2753,2752,2754,1,0,1
2617,2754,2755,0,0,1
2756,2755,2757,1,0,1
2624,2757,2758,0,0,1
2629,2758,2759,0,0,1
2634,2760,2761,0,1,1
2637,2762,2763,0,1,1
2640,2763,2764,0,0,1
2643,2764,2765,0,0,1
2660,2765,2766,0,0,1
2665,2766,2767,0,0,1
2668,2767,2768,0,0,1
2671,2768,2769,0,0,1
2674,2769,2770,0,0,1
2771,2770,2772,1,0,1
2677,2772,2773,0,0,1
2686,2773,2774,0,0,1
2689,2774,2775,0,0,1
2696,2775,2776,0,0,1
2777,2776,2778,1,0,1
2779,2778,2780,1,0,1
2699,2780,2781,0,0,1
2702,2781,2782,0,0,1
2705,2782,2783,0,0,1
2710,2783,2784,0,0,1
2713,2784,2785,0,0,1
2718,2785,2786,0,0,1
2734,2787,2788,0,1,1
2749,2747,2789,0,0,1
2605,2789,2790,0,0,1
2759,2608,2791,0,0,1
2761,2791,2792,0,0,1
2788,2723,2793,0,0,1
2745,2793,2794,0,0,1
2790,2795,2796,0,1,1
2792,2797,2798,0,1,1
2786,2798,2799,0,0,1
2794,2799,2796,0,0,0
2480,2482,2800,0,0,1,289
2801,2478,2802,1,0,1
2803,2802,2804,1,0,1
2805,2806,2807,1,1,1
2370,2807,2808,0,0,1
2368,2808,2809,0,0,1
2800,2809,2804,0,0,0
2568,2399,2810,1,0,1,8995
2811,2810,2812,1,0,1
2813,2812,2814,1,0,1
2403,2814,2401,0,0,0
2815,2391,2816,1,0,1,37152
2817,2816,2818,1,0,1
2819,2818,2820,1,0,1
2393,2447,2821,0,1,1,37664
2820,2821,2822,0,0,1
2823,2822,2824,1,0,1
2825,2824,2826,1,0,1
2827,2826,2445,1,0,1
2467,2277,2828,0,0,1,29472
2735,2465,2829,0,0,1
2733,2829,2830,0,0,1
2831,2830,2832,1,0,1
2387,2832,2828,0,0,0
2833,2834,2835,1,1,1,30432
2836,2835,2837,1,0,1
2838,2837,2839,1,0,1
2831,2389,2840,0,0,1,33056
2731,2840,2841,0,0,1
2729,2841,2842,0,0,1
2727,2842,2843,0,0,1
2823,2844,2845,0,1,1
2819,2845,2846,0,0,1
2815,2817,2847,0,0,1
2843,2847,2846,0,0,0
2407,2452,2848,0,0,1,802
2849,2848,2850,1,0,1
2851,2850,2852,1,0,1
2489,2852,2487,0,0,0
2805,2372,2853,0,0,1,1569
2854,2853,2855,1,0,1
2856,2855,2857,1,0,1
2858,2859,2860,1,1,1
2861,2860,2862,1,0,1
2863,2862,2864,1,0,1
2865,2864,2866,1,0,1
2867,2866,2868,1,0,1
2869,2868,2870,1,0,1
2871,2870,2872,1,0,1
563,2872,2873,0,0,1
561,2873,2857,0,0,0
2874,2875,2876,1,1,1,30432
2877,2876,2878,1,0,1
2405,2849,2879,0,0,1,8484
2813,2879,2880,0,0,1
2881,2880,2882,1,0,1
2883,2882,2884,1,0,1
2885,2884,2886,1,0,1
2887,2886,2888,1,0,1
2889,2888,2890,1,0,1
2891,2890,2892,1,0,1
2844,2825,2893,0,0,1,30240
2724,2893,2894,0,0,1
2787,2725,2895,0,0,1
2722,2895,2896,0,0,1
2719,2896,2897,0,0,1
2717,2720,2898,0,0,1
2714,2898,2899,0,0,1
2711,2715,2900,0,0,1
2712,2900,2901,0,0,1
2709,2901,2902,0,0,1
2706,2902,2903,0,0,1
2703,2707,2904,0,0,1
2905,2904,2906,1,0,1
2907,2906,2908,1,0,1
2909,2908,2910,1,0,1
2911,2910,2912,1,0,1
2913,2912,2914,1,0,1
2915,2916,2917,1,1,1
2918,2917,2919,1,0,1
2920,2921,2922,1,1,1
2441,2922,2923,1,0,1
2443,2923,2924,1,0,1
2827,2924,2925,0,0,1
2894,2925,2926,0,0,1
2897,2926,2927,0,0,1
2899,2927,2928,0,0,1
2903,2928,2929,0,0,1
2919,2914,2930,0,0,1
2931,2930,2929,1,0,0
599,575,2932,0,0,1,37664
571,2932,2933,0,0,1
2871,565,2934,0,0,1,1570
2869,2934,2935,0,0,1
2867,2935,2936,0,0,1
2937,2936,2938,1,0,1
2939,2938,2940,1,0,1
2941,2942,2943,1,1,1
2944,2943,2945,1,0,1
2946,2947,2948,1,1,1
2949,2950,2951,1,1,1
569,2951,2952,0,0,1
2940,567,2953,0,0,1
2945,2953,2954,0,0,1
2948,2954,2955,0,0,1
2956,2955,2957,1,0,1
2958,2957,2952,1,0,0
2435,2570,2959,1,1,1,21284
2960,2959,2961,1,0,1
2962,2961,2963,1,0,1
2964,2963,2965,1,0,1
2966,2965,2967,1,0,1
2968,2967,2969,1,0,1
2970,2969,2971,1,0,1
2972,2971,2973,1,0,1
2811,2881,2974,0,0,1
2567,2974,2973,1,0,0
2491,2501,2975,0,0,1,37152
2492,2975,2976,0,0,1
2851,2976,2977,0,0,1
2978,2892,2979,1,0,1
2980,2979,2981,1,0,1
2495,2981,2977,0,0,0
2494,2471,2982,0,0,1,33056
2980,2982,2983,0,0,1
2978,2983,2984,0,0,1
2891,2984,2985,0,0,1
2986,2985,2987,1,0,1
2988,2987,2989,1,0,1
2990,2989,2991,1,0,1
2992,2991,2993,1,0,1
2994,2993,2995,1,0,1
2996,2995,2474,1,0,0
2920,2997,2998,0,1,1,31264
2931,2921,2999,0,0,1
2918,2999,3000,0,0,1
2915,3000,3001,0,0,1
2913,2916,3002,0,0,1
2911,3002,3003,0,0,1
3004,3003,3005,1,0,1
3006,3005,3007,1,0,1
3008,3007,3009,1,0,1
3010,3009,3011,1,0,1
3012,3011,3013,1,0,1
3014,3013,3015,1,0,1
3016,3017,3018,1,1,1
3019,3020,3021,1,1,1
3022,3023,3024,1,1,1
2960,3024,3025,0,0,1
3026,3025,3027,1,0,1
2998,3027,3028,0,0,1
3001,3028,3029,0,0,1
3018,3015,3030,0,0,1
3031,3030,3032,1,0,1
3021,3032,3029,0,0,0
3033,3034,3035,1,1,1,30432
3036,3035,3037,1,0,1
2806,2854,3038,0,0,1,290
2803,3038,3039,0,0,1
2801,3039,3040,0,0,1
2476,3040,3041,0,0,1
3042,3041,3043,1,0,1
3044,3043,3045,1,0,1
3046,3045,3047,1,0,1
3022,2962,3048,0,0,1,29472
3019,3023,3049,0,0,1
3031,3020,3050,0,0,1
3016,3050,3051,0,0,1
3014,3017,3052,0,0,1
3010,3012,3053,0,0,1
3006,3008,3054,0,0,1
2909,3004,3055,0,0,1
2905,2907,3056,0,0,1
2700,2704,3057,0,0,1
2697,2701,3058,0,0,1
2779,2698,3059,0,0,1
2777,3059,3060,0,0,1
2695,3060,3061,0,0,1
2693,3061,3062,0,0,1
2690,3062,3063,0,0,1
3064,3065,3066,1,1,1
3067,3068,3069,1,1,1
3070,3069,3071,1,0,1
3072,3073,3074,1,1,1
3075,3074,3076,1,0,1
3077,3078,3079,1,1,1
3080,3079,3081,1,0,1
3082,3083,3084,1,1,1
3085,3084,3086,1,0,1
3087,3088,3089,1,1,1
3090,3089,3091,1,0,1
3092,3093,3094,1,1,1
3095,3096,3097,1,1,1
3098,3097,3099,1,0,1
3100,3099,3101,1,0,1
3102,3101,3103,1,0,1
2883,2885,3104,0,0,1
2972,3104,3105,0,0,1
3106,2970,3107,1,0,1
3108,3107,3109,1,0,1
3110,3111,3112,1,1,1
2964,3112,3113,0,0,1
3048,3113,3114,0,0,1
3051,3049,3115,0,0,1
3055,3054,3116,0,0,1
3056,3116,3117,0,0,1
3057,3117,3118,0,0,1
3058,3118,3119,0,0,1
3063,3119,3120,0,0,1
3066,3120,3121,0,0,1
3071,3121,3122,0,0,1
3123,3122,3124,1,0,1
3076,3124,3125,0,0,1
3081,3125,3126,0,0,1
3086,3126,3127,0,0,1
3128,3127,3129,1,0,1
3091,3129,3130,0,0,1
3094,3130,3131,0,0,1
3103,3131,3132,0,0,1
3109,3105,3133,0,0,1
3114,3134,3135,0,1,1
3115,3135,3136,0,0,1
3132,3053,3137,0,0,1
3133,3137,3138,0,0,1
3136,3139,3140,0,1,1
3138,3052,3141,0,0,1
3142,3141,3140,1,0,0
2958,2950,3143,0,0,1,801
3144,3143,3145,1,0,1
2956,3144,3146,0,0,1,802
2946,3146,3147,0,0,1
3148,2889,3149,1,0,1,33568
3150,3149,3151,1,0,1
3152,3151,3153,1,0,1
3154,3153,3155,1,0,1
3156,3155,2986,1,0,0
3157,2939,3158,1,0,1,9764
2861,3159,3160,0,1,1
3161,3160,3162,1,0,1
3163,3162,3164,1,0,1
3165,3164,3166,1,0,1
3167,3166,3168,1,0,1
3169,3168,3170,1,0,1
3171,3170,3172,1,0,1
3173,3172,3174,1,0,1
3175,3174,3176,1,0,1
3177,3176,3178,1,0,1
2941,3179,3180,0,1,1
2942,3180,3181,0,0,1
3158,3181,3182,0,0,1
3183,3182,3178,1,0,0
3110,2966,3184,0,0,1,28960
3134,3111,3185,0,0,1
3139,3185,3186,0,0,1
3142,3186,3187,0,0,1
3108,3187,3188,0,0,1
3106,3188,3189,0,0,1
2968,3189,3184,0,0,0
3100,3102,3190,0,0,1,28960
3191,3095,3192,1,0,1
3193,3192,3194,1,0,1
3195,3194,3196,1,0,1
2990,3196,3197,0,0,1
3198,3199,3200,1,1,1
3150,3201,3202,0,1,1
3148,3202,3203,0,0,1
2887,3203,3204,0,0,1
3190,3204,3205,0,0,1
3197,3098,3206,0,0,1
3207,3206,3208,1,0,1
3200,3208,3205,0,0,0
3047,2856,3209,0,0,1,16677
3210,3046,3211,1,0,1
3212,3211,3213,1,0,1
3214,3213,3215,1,0,1
3216,3215,3217,1,0,1
2859,3217,3209,0,0,0
2865,2937,3218,0,0,1,1571
2863,3218,3219,0,0,1
3159,3219,3220,0,0,1
3183,3220,3157,0,0,0
3201,3152,3221,0,0,1,29472
3198,3221,3222,0,0,1
3207,3199,3223,0,0,1
2988,3223,3224,0,0,1
3156,3224,3225,0,0,1
3154,3225,3222,0,0,0
3216,2858,3226,0,0,1,13860
3227,3226,3228,1,0,1
3229,3228,3161,1,0,0
2992,2994,3230,0,0,1,34336
3195,3230,3231,0,0,1
3232,3231,3233,1,0,1
3234,3233,3235,1,0,1
3236,3235,3237,1,0,1
3042,3237,3238,0,0,1
2473,3238,2996,0,0,0
3179,2944,3239,0,0,1,38432
3240,3239,3241,1,0,1
3242,3241,3243,1,0,1
3244,3245,3246,1,1,1
3247,3246,3248,1,0,1
3249,3250,3251,1,1,1
3252,3251,3253,1,0,1
3254,3253,3255,1,0,1
3256,3255,3257,1,0,1
3258,3257,3259,1,0,1
3260,3259,3261,1,0,1
3243,3262,3263,0,1,1
3248,3263,3264,0,0,1
3265,3264,3261,1,0,0
3044,3210,3266,0,0,1,17957
3236,3266,3267,0,0,1
3268,3267,3269,1,0,1
3270,3269,3271,1,0,1
3272,3273,3274,1,1,1
3275,3276,3277,1,1,1
3278,3279,3280,1,1,1
3281,3280,3282,1,0,1
3283,3282,3284,1,0,1
3212,3284,3285,0,0,1
3271,3285,3286,0,0,1
3274,3286,3277,0,0,0
3229,3163,3287,0,0,1,9763
3227,3287,3288,0,0,1
3214,3288,3289,0,0,1
3290,3283,3291,1,0,1
3292,3291,3293,1,0,1
3294,3295,3296,1,1,1
3289,3296,3293,0,0,0
3193,3232,3297,0,0,1,30240
3191,3297,3298,0,0,1
3096,3298,3299,0,0,1
3092,3299,3300,0,0,1
3093,3300,3301,0,0,1
3090,3301,3302,0,0,1
3087,3302,3303,0,0,1
3128,3088,3304,0,0,1
3085,3304,3305,0,0,1
3082,3305,3306,0,0,1
3307,3306,3308,1,0,1
3309,3308,3310,1,0,1
3311,3310,3312,1,0,1
3313,3312,3314,1,0,1
3315,3314,3316,1,0,1
3317,3316,3318,1,0,1
3319,3318,3320,1,0,1
3321,3320,3322,1,0,1
3323,3324,3325,1,1,1
3326,3325,3327,1,0,1
3328,3327,3329,1,0,1
3268,3270,3330,0,0,1
3303,3234,3331,0,0,1
3322,3331,3332,0,0,1
3329,3332,3330,0,0,0
3333,3292,3334,1,0,1,1570
3335,3334,3336,1,0,1
3337,3338,3339,1,1,1
3340,3341,3342,1,1,1
3278,3342,3343,0,0,1
3344,3343,3345,1,0,1
3346,3345,3347,1,0,1
3348,3347,3349,1,0,1
3350,3349,3351,1,0,1
3352,3351,3353,1,0,1
3354,3353,3355,1,0,1
3356,3355,3357,1,0,1
3295,3357,3358,0,0,1
3336,3358,3339,0,0,0
3175,3177,3359,0,0,1,1570
3171,3173,3360,0,0,1
3361,3360,3362,1,0,1
3363,3362,3364,1,0,1
3365,3364,3366,1,0,1
3367,3366,3368,1,0,1
3369,3368,3370,1,0,1
3371,3372,3373,1,1,1
3244,3373,3374,0,0,1
3242,3245,3375,0,0,1
3240,3375,3376,0,0,1
3359,3376,3377,0,0,1
3370,3377,3374,0,0,0
3294,3165,3378,0,0,1,291
3356,3378,3379,0,0,1
3380,3379,3381,1,0,1
3382,3381,3383,1,0,1
3384,3385,3386,1,1,1
3387,3386,3388,1,0,1
3361,3388,3389,0,0,1
3169,3389,3390,0,0,1
3167,3390,3383,0,0,0
3281,3290,3391,0,0,1,1571
3340,3391,3392,0,0,1
3337,3341,3393,0,0,1
3338,3393,3394,0,0,1
3335,3394,3395,0,0,1
3333,3395,3392,0,0,0
3396,2504,3397,1,0,1,30432
3398,3399,3400,1,1,1
3401,3402,3403,1,1,1
3404,3405,3406,1,1,1
3407,3408,3409,1,1,1
3410,3411,3412,1,1,1
3413,3412,3414,1,0,1
3415,3414,3416,1,0,1
3417,3416,3418,1,0,1
3419,3418,3420,1,0,1
3421,3420,3422,1,0,1
3423,3424,3425,1,1,1
3426,3425,3427,1,0,1
3428,3427,3429,1,0,1
3430,3429,3431,1,0,1
3432,3431,3433,1,0,1
3434,3435,3436,1,1,1
3437,3436,3438,1,0,1
3439,3440,3441,1,1,1
3442,3443,3444,1,1,1
3445,3444,3446,1,0,1
3447,3446,3448,1,0,1
304,3448,3449,0,0,1
305,3449,3450,0,0,1
302,3450,3451,0,0,1
300,3451,3452,0,0,1
298,3452,3453,0,0,1
293,296,3454,0,0,1
2527,3454,3455,0,0,1
2524,3455,3456,0,0,1
2552,2525,3457,0,0,1
2550,3457,3458,0,0,1
2522,3458,3459,0,0,1
2519,3459,3460,0,0,1
2517,2520,3461,0,0,1
2512,2515,3462,0,0,1
2546,2513,3463,0,0,1
2509,3463,3464,0,0,1
2506,2510,3465,0,0,1
3397,2507,3466,0,0,1
3400,3466,3467,0,0,1
3468,3467,3469,1,0,1
3403,3469,3470,0,0,1
3406,3470,3471,0,0,1
3409,3471,3472,0,0,1
3441,3438,3473,0,0,1
3453,3473,3474,0,0,1
295,3474,3475,0,0,1
3456,3475,3476,0,0,1
3460,3476,3477,0,0,1
3461,3477,3478,0,0,1
3462,3478,3479,0,0,1
3472,3465,3480,0,0,1
3422,3480,3481,0,0,1
3479,3433,3482,0,0,1
3464,3482,3481,0,0,0
3275,3279,3483,0,0,1,1569
3272,3276,3484,0,0,1
3485,3486,3487,1,1,1
3352,3488,3489,0,1,1
3348,3350,3490,0,0,1
3346,3490,3491,0,0,1
3483,3344,3492,0,0,1
3484,3492,3493,0,0,1
3487,3493,3494,0,0,1
3489,3494,3491,0,0,0
3328,3273,3495,0,0,1,34336
3496,3326,3497,1,0,1
3486,3497,3495,0,0,0
3354,3380,3498,0,0,1,290
3488,3498,3499,0,0,1
3500,3499,3501,1,0,1
3502,3501,3503,1,0,1
3504,3503,3505,1,0,1
3506,3505,3507,1,0,1
3385,3507,3382,0,0,0
1109,1216,3508,0,0,1,28736
334,3508,3509,0,0,1
3510,3511,3512,1,1,1
63,3512,3513,0,0,1
1220,3513,3514,0,0,1
1218,3514,3509,0,0,0
3515,3506,3516,1,0,1,8484
3517,3516,3518,1,0,1
3365,3518,3519,0,0,1
3387,3363,3520,0,0,1
3384,3520,3519,0,0,0
335,3511,3521,0,0,1,30016
331,3521,3522,0,0,1
396,332,3523,0,0,1
394,3523,3524,0,0,1
329,3524,3525,0,0,1
326,3525,3526,0,0,1
71,327,3527,0,0,1
69,3527,3528,0,0,1
67,3528,3529,0,0,1
65,3529,3530,0,0,1
3522,3510,3531,0,0,1
3526,3531,3530,0,0,0
3496,3485,3532,0,0,1,33056
3323,3532,3533,0,0,1
3534,3533,3535,1,0,1
3536,3535,3537,1,0,1
3538,3539,3540,1,1,1
3541,3540,3542,1,0,1
3543,3542,3544,1,0,1
3545,3546,3547,1,1,1
3548,3549,3550,1,1,1
3500,3550,3551,0,0,1
3537,3551,3552,0,0,1
3544,3553,3554,0,1,1
3547,3554,3552,0,0,0
3548,3502,3555,0,0,1,37152
3549,3555,3556,0,0,1
3545,3556,3557,0,0,1
3546,3557,3558,0,0,1
3543,3558,3559,0,0,1
3560,3541,3561,1,0,1
3562,3561,3559,1,0,0
3324,3534,3563,0,0,1,28960
3321,3563,3564,0,0,1
3319,3564,3565,0,0,1
3317,3565,3566,0,0,1
3315,3566,3567,0,0,1
3313,3567,3568,0,0,1
3309,3311,3569,0,0,1
3083,3307,3570,0,0,1
3080,3570,3571,0,0,1
3077,3571,3572,0,0,1
3075,3078,3573,0,0,1
3072,3573,3574,0,0,1
3123,3073,3575,0,0,1
3070,3575,3576,0,0,1
3067,3576,3577,0,0,1
3578,3579,3580,1,1,1
3581,3582,3583,1,1,1
3584,3585,3586,1,1,1
3587,3588,3589,1,1,1
3590,3591,3592,1,1,1
3593,3592,3594,1,0,1
3595,3594,3596,1,0,1
3597,3598,3599,1,1,1
3600,3599,3601,1,0,1
3602,3603,3604,1,1,1
3605,3604,3606,1,0,1
3607,3606,3608,1,0,1
3536,3609,3610,0,1,1
3568,3610,3611,0,0,1
3572,3569,3612,0,0,1
3574,3612,3613,0,0,1
3577,3613,3614,0,0,1
3580,3614,3615,0,0,1
3583,3615,3616,0,0,1
3586,3616,3617,0,0,1
3589,3617,3618,0,0,1
3596,3618,3619,0,0,1
3601,3619,3620,0,0,1
3608,3620,3611,0,0,0
3562,3504,3621,0,0,1,289
3560,3621,3622,0,0,1
3538,3622,3623,0,0,1
3624,3623,3625,1,0,1
3626,3625,3627,1,0,1
3628,3627,3629,1,0,1
3629,3515,3630,0,0,1,290
3624,3626,3631,0,0,1
3539,3631,3632,0,0,1
3553,3632,3633,0,0,1
3609,3633,3634,0,0,1
3635,3634,3636,1,0,1
3637,3638,3639,1,1,1
3640,3639,3641,1,0,1
3642,3641,3643,1,0,1
3644,3643,3645,1,0,1
3369,3645,3646,0,0,1
3367,3646,3647,0,0,1
3630,3517,3648,0,0,1
3628,3648,3649,0,0,1
3636,3649,3647,0,0,0
168,172,3650,0,0,1,30240
254,169,3651,0,0,1
166,3651,3652,0,0,1
163,3652,3653,0,0,1
251,164,3654,0,0,1
160,3654,3655,0,0,1
161,3655,3656,0,0,1
157,3656,3657,0,0,1
154,158,3658,0,0,1
151,155,3659,0,0,1
148,152,3660,0,0,1
149,3660,3661,0,0,1
145,3661,3662,0,0,1
146,3662,3663,0,0,1
142,3663,3664,0,0,1
143,3664,3665,0,0,1
140,3665,3666,0,0,1
137,3666,3667,0,0,1
135,138,3668,0,0,1
3669,132,3670,1,0,1
3671,3670,3672,1,0,1
3673,3672,3674,1,0,1
3675,3674,3676,1,0,1
3677,3676,3678,1,0,1
3679,3680,3681,1,1,1
3682,3683,3684,1,1,1
3685,3684,3686,1,0,1
3687,3686,3688,1,0,1
3689,3690,3691,1,1,1
3692,3691,3693,1,0,1
3694,3695,3696,1,1,1
3697,3698,3699,1,1,1
3700,3701,3702,1,1,1
3703,3702,3704,1,0,1
3705,3704,3706,1,0,1
3707,3706,3708,1,0,1
3709,3708,3710,1,0,1
3711,3710,3712,1,0,1
3713,3712,3714,1,0,1
3715,3716,3717,1,1,1
3718,3719,3720,1,1,1
3721,3722,3723,1,1,1
3724,3725,3726,1,1,1
3727,3728,3729,1,1,1
3730,3729,3731,1,0,1
3732,3733,3734,1,1,1
3735,3734,3736,1,0,1
3737,3738,3739,1,1,1
3740,3741,3742,1,1,1
3743,3744,3745,1,1,1
3746,3747,3748,1,1,1
3749,3748,3750,1,0,1
3751,3752,3753,1,1,1
3754,3753,3755,1,0,1
3756,3755,3757,1,0,1
3758,3757,3759,1,0,1
3760,3759,3761,1,0,1
3762,3761,3763,1,0,1
3764,3763,3765,1,0,1
3766,3765,3767,1,0,1
3768,3767,3769,1,0,1
3770,3769,3771,1,0,1
3772,3771,3773,1,0,1
3774,3773,3775,1,0,1
3603,3775,3776,0,0,1
3600,3776,3777,0,0,1
3597,3777,3778,0,0,1
3595,3598,3779,0,0,1
3593,3779,3780,0,0,1
3587,3591,3781,0,0,1
3584,3588,3782,0,0,1
3581,3585,3783,0,0,1
3578,3582,3784,0,0,1
3579,3784,3785,0,0,1
3068,3785,3786,0,0,1
3064,3786,3787,0,0,1
2691,3065,3788,0,0,1
2687,3788,3789,0,0,1
2685,2688,3790,0,0,1
2683,3790,3791,0,0,1
2681,3791,3792,0,0,1
2675,2679,3793,0,0,1
2771,2676,3794,0,0,1
2672,3794,3795,0,0,1
2673,3795,3796,0,0,1
2669,3796,3797,0,0,1
2666,2670,3798,0,0,1
2664,2667,3799,0,0,1
2661,3799,3800,0,0,1
2659,2662,3801,0,0,1
2657,3801,3802,0,0,1
2655,3802,3803,0,0,1
2651,2653,3804,0,0,1
2647,2649,3805,0,0,1
2641,2645,3806,0,0,1
2638,2642,3807,0,0,1
2635,2639,3808,0,0,1
2762,2636,3809,0,0,1
2633,3809,3810,0,0,1
2630,3810,3811,0,0,1
2760,2631,3812,0,0,1
2628,3812,3813,0,0,1
2625,3813,3814,0,0,1
2623,2626,3815,0,0,1
2621,3815,3816,0,0,1
2756,2619,3817,0,0,1
2615,3817,3818,0,0,1
2753,2616,3819,0,0,1
2612,3819,3820,0,0,1
2609,2613,3821,0,0,1
2750,2610,3822,0,0,1
2606,3822,3823,0,0,1
2607,3823,3824,0,0,1
2797,3824,3825,0,0,1
2603,3825,3826,0,0,1
2604,3826,3827,0,0,1
2600,3827,3828,0,0,1
2748,2601,3829,0,0,1
2597,3829,3830,0,0,1
2746,2598,3831,0,0,1
2795,3831,3832,0,0,1
2595,3832,3833,0,0,1
2592,3833,3834,0,0,1
2589,2593,3835,0,0,1
2742,2590,3836,0,0,1
2586,3836,3837,0,0,1
2584,2587,3838,0,0,1
171,3838,3839,0,0,1
3650,3839,3840,0,0,1
3653,3840,3841,0,0,1
3657,3841,3842,0,0,1
3658,3842,3843,0,0,1
3667,3659,3844,0,0,1
3668,3844,3845,0,0,1
3678,3845,3846,0,0,1
3681,3846,3847,0,0,1
3848,3847,3849,1,0,1
3688,3849,3850,0,0,1
3693,3850,3851,0,0,1
3696,3851,3852,0,0,1
3699,3852,3853,0,0,1
3854,3853,3855,1,0,1
3717,3714,3856,0,0,1
3720,3856,3857,0,0,1
3723,3857,3858,0,0,1
3726,3858,3859,0,0,1
3731,3860,3861,0,1,1
3736,3861,3862,0,0,1
3739,3862,3863,0,0,1
3864,3863,3865,1,0,1
3742,3865,3866,0,0,1
3745,3866,3867,0,0,1
3778,3750,3868,0,0,1
3780,3868,3869,0,0,1
3590,3869,3870,0,0,1
3781,3870,3871,0,0,1
3782,3871,3872,0,0,1
3783,3872,3873,0,0,1
3787,3873,3874,0,0,1
3789,3874,3875,0,0,1
3792,3875,3876,0,0,1
2678,3876,3877,0,0,1
3793,3877,3878,0,0,1
3797,3878,3879,0,0,1
3798,3879,3880,0,0,1
3800,3880,3881,0,0,1
3803,3881,3882,0,0,1
3804,3882,3883,0,0,1
3805,3883,3884,0,0,1
3807,3806,3885,0,0,1
3808,3885,3886,0,0,1
3811,3886,3887,0,0,1
3814,3887,3888,0,0,1
3818,2618,3889,0,0,1
3820,3889,3890,0,0,1
3830,3828,3891,0,0,1
3834,3891,3892,0,0,1
3835,3892,3893,0,0,1
3837,3893,3894,0,0,1
3843,3894,3895,0,0,1
3884,3867,3896,0,0,1
3890,3816,3897,0,0,1
3895,3821,3898,0,0,1
3855,3898,3899,0,0,1
3896,3859,3900,0,0,1
2644,3900,3901,0,0,1
3888,3901,3902,0,0,1
3897,3902,3899,0,0,0
3371,3247,3903,0,0,1,37152
3904,3903,3905,1,0,1
3250,3905,3265,0,0,0
3640,3642,3906,0,0,1,802
3637,3906,3907,0,0,1
3908,3909,3910,1,1,1
3911,3910,3912,1,0,1
3913,3912,3914,1,0,1
3904,3249,3915,0,0,1
3372,3915,3916,0,0,1
3644,3916,3917,0,0,1
3914,3907,3918,0,0,1
3252,3918,3917,0,0,0
3635,3638,3919,0,0,1,289
3607,3919,3920,0,0,1
3605,3920,3921,0,0,1
3922,3921,3923,1,0,1
3924,3925,3926,1,1,1
3256,3926,3927,0,0,1
3254,3927,3928,0,0,1
3913,3928,3929,0,0,1
3911,3929,3930,0,0,1
3908,3930,3931,0,0,1
3909,3931,3923,0,0,0
3932,3933,3934,1,1,1,34272
3935,3934,3936,1,0,1
3937,3938,3939,1,1,1
3940,3941,3942,1,1,1
3943,3942,3944,1,0,1
3945,3946,3947,1,1,1
3948,3947,3949,1,0,1
3936,3949,3950,0,0,1
3944,3939,3951,0,0,1
3952,3951,3950,1,0,0
3922,3925,3953,0,0,1,37152
3602,3953,3954,0,0,1
3955,3954,3956,1,0,1
3957,3956,3958,1,0,1
3959,3958,3960,1,0,1
3260,3961,3962,0,1,1
3258,3962,3963,0,0,1
3924,3963,3960,0,0,0
3964,3399,3965,1,0,1,30176
3966,3965,3967,1,0,1
3968,3967,3969,1,0,1
3970,3969,3971,1,0,1
3972,3971,3973,1,0,1
3411,3974,3975,0,1,1
3407,3975,3976,0,0,1
3408,3976,3977,0,0,1
3404,3977,3978,0,0,1
3401,3405,3979,0,0,1
3468,3402,3980,0,0,1
3398,3980,3981,0,0,1
3973,3981,3982,0,0,1
3978,3982,3979,0,0,0
3955,3957,3983,0,0,1,38432
3774,3983,3984,0,0,1
3985,3984,3986,1,0,1
3987,3986,3988,1,0,1
3989,3988,3959,1,0,0
3772,3985,3990,0,0,1,34336
3770,3990,3991,0,0,1
3768,3991,3992,0,0,1
3766,3992,3993,0,0,1
3994,3995,3996,1,1,1
3997,3998,3999,1,1,1
3987,3999,4000,0,0,1
3996,3993,4001,0,0,1
4002,4001,4000,1,0,0
322,324,4003,0,0,1,30432
320,4003,4004,0,0,1
318,4004,4005,0,0,1
4006,4005,75,1,0,0
3421,3424,4007,0,0,1,31200
3419,4007,4008,0,0,1
3417,4008,4009,0,0,1
3415,4009,4010,0,0,1
4011,3413,4012,1,0,1
4013,4012,4014,1,0,1
4015,4016,4017,1,1,1
4018,4017,4019,1,0,1
4020,4021,4022,1,1,1
4023,4022,4024,1,0,1
4025,4024,4026,1,0,1
4027,4026,4028,1,0,1
4029,4028,4030,1,0,1
4031,4030,4032,1,0,1
4033,4032,4034,1,0,1
4035,4034,4036,1,0,1
4037,4036,4038,1,0,1
4039,4038,4040,1,0,1
4041,4040,4042,1,0,1
4043,4042,4044,1,0,1
4045,4046,4047,1,1,1
4048,4047,4049,1,0,1
4050,4051,4052,1,1,1
4053,4054,4055,1,1,1
4056,4055,4057,1,0,1
4058,4059,4060,1,1,1
4061,4060,4062,1,0,1
4063,4064,4065,1,1,1
4066,4067,4068,1,1,1
4069,4068,4070,1,0,1
4071,4072,4073,1,1,1
4074,4075,4076,1,1,1
4077,4078,4079,1,1,1
4080,4079,4081,1,0,1
4082,4083,4084,1,1,1
4085,4086,4087,1,1,1
4088,4089,4090,1,1,1
4091,4090,4092,1,0,1
4093,4094,4095,1,1,1
4096,4095,4097,1,0,1
4098,4099,4100,1,1,1
4101,4100,4102,1,0,1
4103,4104,4105,1,1,1
4106,4107,4108,1,1,1
4109,4108,4110,1,0,1
4111,4112,4113,1,1,1
4114,4113,4115,1,0,1
4116,4115,4117,1,0,1
4118,4117,4119,1,0,1
4120,4119,4121,1,0,1
4122,4121,4123,1,0,1
4124,4123,4125,1,0,1
4126,4125,4127,1,0,1
4128,4129,4130,1,1,1
4131,4130,4132,1,0,1
4133,4134,4135,1,1,1
4136,4135,4137,1,0,1
4138,4137,4139,1,0,1
4140,4141,4142,1,1,1
4143,4144,4145,1,1,1
4146,4145,4147,1,0,1
113,4148,4149,0,1,1
4150,110,4151,1,0,1
4152,4151,4153,1,0,1
4154,4155,4156,1,1,1
100,4157,4158,0,1,1
4159,4158,4160,1,0,1
4161,4160,4162,1,0,1
4163,4164,4165,1,1,1
97,4165,4166,0,0,1
4167,4166,4168,1,0,1
4169,4168,4170,1,0,1
4171,4172,4173,1,1,1
4174,4173,4175,1,0,1
4176,4175,4177,1,0,1
4178,4179,4180,1,1,1
4181,4182,4183,1,1,1
4006,77,4184,0,0,1
316,4184,4185,0,0,1
314,4185,4186,0,0,1
311,4186,4187,0,0,1
309,312,4188,0,0,1
307,4188,4189,0,0,1
3447,4189,4190,0,0,1
3445,4190,4191,0,0,1
3442,4191,4192,0,0,1
3439,3443,4193,0,0,1
3437,3440,4194,0,0,1
3434,4194,4195,0,0,1
3432,3435,4196,0,0,1
3430,4196,4197,0,0,1
3428,4197,4198,0,0,1
3423,3426,4199,0,0,1
4010,4199,4200,0,0,1
4014,4200,4201,0,0,1
4202,4201,4203,1,0,1
4019,4203,4204,0,0,1
4044,4204,4205,0,0,1
4049,4205,4206,0,0,1
4207,4206,4208,1,0,1
4052,4208,4209,0,0,1
4057,4209,4210,0,0,1
4211,4210,4212,1,0,1
4062,4212,4213,0,0,1
4065,4213,4214,0,0,1
4070,4214,4215,0,0,1
4073,4215,4216,0,0,1
4076,4216,4217,0,0,1
4218,4217,4219,1,0,1
4220,4219,4221,1,0,1
4081,4221,4222,0,0,1
4223,4222,4224,1,0,1
4084,4224,4225,0,0,1
4087,4225,4226,0,0,1
4092,4226,4227,0,0,1
4097,4227,4228,0,0,1
4102,4228,4229,0,0,1
4105,4229,4230,0,0,1
4110,4230,4231,0,0,1
4132,4127,4232,0,0,1
4139,4233,4234,0,1,1
4142,4235,4236,0,1,1
4153,4149,4237,0,0,1
4162,4156,4238,0,0,1
4170,4238,4239,0,0,1
4180,4177,4240,0,0,1
4183,4240,4241,0,0,1
4187,4241,4242,0,0,1
4192,4242,4243,0,0,1
4193,4243,4244,0,0,1
4198,4195,4245,0,0,1
4231,4245,4246,0,0,1
4232,4246,4247,0,0,1
4248,4247,4249,1,0,1
4234,4249,4250,0,0,1
4236,4250,4251,0,0,1
4147,4251,4252,0,0,1
4237,4252,4253,0,0,1
4254,4253,4255,1,0,1
4239,4255,4244,0,0,0
4256,3966,4257,1,0,1,29152
4020,4257,4258,0,0,1
4021,4258,4259,0,0,1
4018,4259,4260,0,0,1
4015,4260,4261,0,0,1
4016,4261,4262,0,0,1
4013,4202,4263,0,0,1
4011,4263,4264,0,0,1
3410,4264,4265,0,0,1
3974,4265,4266,0,0,1
3972,4266,4267,0,0,1
3970,4267,4268,0,0,1
3968,4268,4262,0,0,0
4002,3998,4269,0,0,1,38432
3994,4269,4270,0,0,1
4181,79,4271,0,0,1,30432
4182,4271,4272,0,0,1
4178,4272,4273,0,0,1
4176,4179,4274,0,0,1
4174,4274,4275,0,0,1
89,4171,4276,0,0,1
87,4276,4277,0,0,1
85,4277,4278,0,0,1
83,4278,4279,0,0,1
4273,81,4280,0,0,1
4275,4280,4279,0,0,0
4172,91,4281,0,0,1,30432
93,4167,4282,0,0,1
4281,94,4283,0,0,1
4169,4283,4282,0,0,0
3760,3762,4284,0,0,1,30224
3758,4284,4285,0,0,1
3749,3752,4286,0,0,1
3746,4286,4287,0,0,1
3743,3747,4288,0,0,1
3744,4288,4289,0,0,1
3740,4289,4290,0,0,1
3864,3741,4291,0,0,1
3737,4291,4292,0,0,1
3735,3738,4293,0,0,1
3730,3733,4294,0,0,1
3860,3728,4295,0,0,1
3724,4295,4296,0,0,1
3725,4296,4297,0,0,1
3721,4297,4298,0,0,1
3718,3722,4299,0,0,1
3715,3719,4300,0,0,1
3713,3716,4301,0,0,1
3709,3711,4302,0,0,1
3707,4302,4303,0,0,1
3705,4303,4304,0,0,1
4305,3703,4306,1,0,1
4307,4308,4309,1,1,1
4310,4311,4312,1,1,1
4313,4312,4314,1,0,1
4315,4314,4316,1,0,1
4317,4316,4318,1,0,1
4319,4318,4320,1,0,1
4321,4320,4322,1,0,1
4323,4322,4324,1,0,1
4325,4324,4326,1,0,1
4327,4326,4328,1,0,1
4329,4328,4330,1,0,1
4331,4330,4332,1,0,1
4333,4332,4334,1,0,1
4335,4334,4336,1,0,1
4337,4336,4338,1,0,1
4339,4338,4340,1,0,1
4341,4340,4342,1,0,1
4343,4342,4344,1,0,1
4345,4346,4347,1,1,1
4348,4349,4350,1,1,1
4351,4352,4353,1,1,1
4354,4353,4355,1,0,1
4356,4357,4358,1,1,1
4359,4360,4361,1,1,1
4362,4361,4363,1,0,1
4364,4365,4366,1,1,1
4367,4368,4369,1,1,1
4370,4369,4371,1,0,1
4372,4373,4374,1,1,1
4375,4374,4376,1,0,1
4377,4378,4379,1,1,1
4380,4379,4381,1,0,1
4382,4381,4383,1,0,1
4384,4383,4385,1,0,1
4386,4385,4387,1,0,1
4388,4387,4389,1,0,1
4390,4389,4391,1,0,1
4392,4391,4393,1,0,1
4394,4393,4395,1,0,1
4396,4395,4397,1,0,1
4398,4397,4399,1,0,1
4400,4399,4401,1,0,1
4402,4401,4403,1,0,1
4404,4403,4405,1,0,1
4406,4405,4407,1,0,1
4408,4407,4409,1,0,1
4410,4409,4411,1,0,1
4412,4411,4413,1,0,1
4414,4413,4415,1,0,1
4416,4415,4417,1,0,1
4418,4417,4419,1,0,1
4420,4419,4421,1,0,1
4422,4421,4423,1,0,1
4424,4423,4425,1,0,1
4426,4425,4427,1,0,1
4428,4427,4429,1,0,1
4430,4429,4431,1,0,1
4432,4431,4433,1,0,1
4434,4433,4435,1,0,1
4436,4437,4438,1,1,1
4439,4440,4441,1,1,1
4442,4441,4443,1,0,1
4444,4445,4446,1,1,1
4447,4446,4448,1,0,1
4449,4450,4451,1,1,1
4452,4453,4454,1,1,1
4455,4456,4457,1,1,1
4458,4459,4460,1,1,1
4461,4462,4463,1,1,1
4464,4463,4465,1,0,1
4466,4467,4468,1,1,1
4469,4468,4470,1,0,1
4471,4472,4473,1,1,1
4474,4473,4475,1,0,1
4476,4477,4478,1,1,1
4479,4478,4480,1,0,1
4481,4482,4483,1,1,1
4285,4483,4484,0,0,1
3756,4484,4485,0,0,1
3754,4485,4486,0,0,1
3751,4486,4487,0,0,1
4287,4487,4488,0,0,1
4290,4488,4489,0,0,1
4292,4489,4490,0,0,1
4293,4490,4491,0,0,1
3732,4491,4492,0,0,1
4294,4492,4493,0,0,1
3727,4493,4494,0,0,1
4298,4494,4495,0,0,1
4299,4495,4496,0,0,1
4300,4496,4497,0,0,1
4301,4497,4498,0,0,1
4304,4498,4499,0,0,1
4306,4499,4500,0,0,1
4309,4500,4501,0,0,1
4344,4501,4502,0,0,1
4350,4347,4503,0,0,1
4363,4504,4505,0,1,1
4371,4366,4506,0,0,1
4507,4506,4508,1,0,1
4376,4508,4509,0,0,1
4435,4510,4511,0,1,1
4448,4512,4513,0,1,1
4454,4451,4514,0,0,1
4457,4514,4515,0,0,1
4460,4515,4516,0,0,1
4465,4517,4518,0,1,1
4470,4518,4519,0,0,1
4475,4519,4520,0,0,1
4480,4520,4521,0,0,1
4502,4521,4522,0,0,1
4503,4522,4523,0,0,1
4524,4523,4525,1,0,1
4526,4525,4527,1,0,1
4505,4358,4528,0,0,1
4511,4509,4529,0,0,1
4527,4516,4530,0,0,1
4528,4355,4531,0,0,1
4529,4531,4532,0,0,1
4533,4532,4534,1,0,1
4438,4534,4535,0,0,1
4443,4535,4536,0,0,1
4513,4536,4530,0,0,0
4163,96,4537,0,0,1,30432
4164,4537,4538,0,0,1
4161,4538,4539,0,0,1
4159,4539,231,0,0,0
4157,99,4540,0,0,1,31040
4154,4540,4541,0,0,1
4155,4541,4542,0,0,1
4152,4254,4543,0,0,1
4150,4543,4544,0,0,1
107,111,4545,0,0,1
235,108,4546,0,0,1
105,4546,4547,0,0,1
102,4547,4548,0,0,1
4542,103,4549,0,0,1
4544,4549,4550,0,0,1
4545,4550,4548,0,0,0
4148,115,4551,0,0,1,31040
4146,4551,4552,0,0,1
4143,4552,4553,0,0,1
4140,4144,4554,0,0,1
4555,4554,4556,1,0,1
3669,4556,4557,0,0,1
129,133,4558,0,0,1
130,4558,4559,0,0,1
127,4559,4560,0,0,1
124,4560,4561,0,0,1
121,125,4562,0,0,1
119,122,4563,0,0,1
117,4563,4564,0,0,1
4553,4564,4565,0,0,1
4561,4557,4566,0,0,1
4562,4566,4565,0,0,0
4567,4025,4568,1,0,1,30432
4569,4570,4571,1,1,1
4572,4573,4574,1,1,1
4575,4574,4576,1,0,1
4577,4576,4578,1,0,1
4579,4580,4581,1,1,1
4582,4581,4583,1,0,1
4584,4585,4586,1,1,1
4587,4588,4589,1,1,1
4590,4589,4591,1,0,1
4592,4591,4593,1,0,1
4594,4593,4595,1,0,1
4596,4595,4597,1,0,1
4598,4597,4599,1,0,1
4600,4599,4601,1,0,1
4602,4603,4604,1,1,1
4605,4606,4607,1,1,1
4608,4607,4609,1,0,1
4610,4609,4611,1,0,1
4612,4611,4613,1,0,1
4614,4613,4615,1,0,1
4616,4615,4617,1,0,1
4618,4617,4619,1,0,1
4620,4619,4621,1,0,1
4622,4621,4623,1,0,1
4624,4623,4625,1,0,1
4626,4625,4627,1,0,1
4628,4627,4629,1,0,1
4630,4629,4631,1,0,1
4632,4631,4633,1,0,1
4634,4633,4635,1,0,1
4636,4635,4637,1,0,1
4638,4637,4639,1,0,1
4640,4639,4641,1,0,1
4642,4641,4643,1,0,1
4644,4643,4645,1,0,1
4646,4645,4647,1,0,1
4648,4647,4649,1,0,1
4650,4649,4651,1,0,1
4652,4651,4653,1,0,1
4088,4653,4654,0,0,1
4089,4654,4655,0,0,1
4085,4655,4656,0,0,1
4086,4656,4657,0,0,1
4082,4657,4658,0,0,1
4083,4658,4659,0,0,1
4080,4223,4660,0,0,1
4077,4660,4661,0,0,1
4220,4078,4662,0,0,1
4218,4662,4663,0,0,1
4074,4663,4664,0,0,1
4071,4075,4665,0,0,1
4069,4072,4666,0,0,1
4063,4067,4667,0,0,1
4064,4667,4668,0,0,1
4061,4668,4669,0,0,1
4058,4669,4670,0,0,1
4211,4059,4671,0,0,1
4056,4671,4672,0,0,1
4053,4672,4673,0,0,1
4050,4054,4674,0,0,1
4207,4051,4675,0,0,1
4048,4675,4676,0,0,1
4043,4046,4677,0,0,1
4041,4677,4678,0,0,1
4037,4039,4679,0,0,1
4033,4035,4680,0,0,1
4031,4680,4681,0,0,1
4029,4681,4682,0,0,1
4568,4027,4683,0,0,1
4571,4683,4684,0,0,1
4578,4684,4685,0,0,1
4686,4685,4687,1,0,1
4583,4687,4688,0,0,1
4689,4688,4690,1,0,1
4601,4691,4692,0,1,1
4659,4604,4693,0,0,1
4661,4693,4694,0,0,1
4664,4694,4695,0,0,1
4665,4695,4696,0,0,1
4666,4696,4697,0,0,1
4066,4697,4698,0,0,1
4670,4698,4699,0,0,1
4673,4699,4700,0,0,1
4674,4700,4701,0,0,1
4682,4679,4702,0,0,1
4690,4702,4703,0,0,1
4692,4586,4704,0,0,1
4703,4678,4705,0,0,1
4704,4706,4707,0,1,1
4701,4707,4708,0,0,1
4676,4708,4709,0,0,1
4045,4709,4705,0,0,0
4141,4555,4710,0,0,1,31008
4235,4710,4711,0,0,1
4138,4711,4712,0,0,1
4136,4712,4713,0,0,1
4233,4134,4714,0,0,1
4248,4714,4715,0,0,1
4131,4715,4716,0,0,1
4128,4716,4717,0,0,1
4126,4129,4718,0,0,1
4124,4718,4719,0,0,1
4122,4719,4720,0,0,1
4120,4720,4721,0,0,1
4118,4721,4722,0,0,1
4723,4722,4724,1,0,1
3700,4724,4725,0,0,1
3701,4725,4726,0,0,1
3697,3854,4727,0,0,1
3698,4727,4728,0,0,1
3694,4728,4729,0,0,1
3695,4729,4730,0,0,1
3692,4730,4731,0,0,1
3689,4731,4732,0,0,1
3687,3690,4733,0,0,1
3685,4733,4734,0,0,1
3682,4734,4735,0,0,1
3848,3683,4736,0,0,1
3679,4736,4737,0,0,1
3677,3680,4738,0,0,1
3675,4738,4739,0,0,1
3671,3673,4740,0,0,1
4713,4740,4741,0,0,1
4726,4717,4742,0,0,1
4732,4742,4743,0,0,1
4739,4737,4744,0,0,1
4741,4744,4745,0,0,1
4743,4133,4746,0,0,1
4735,4746,4745,0,0,0
4479,4482,4747,0,0,1,28944
4476,4747,4748,0,0,1
4477,4748,4749,0,0,1
4474,4749,4750,0,0,1
4469,4472,4751,0,0,1
4466,4751,4752,0,0,1
4464,4467,4753,0,0,1
4517,4462,4754,0,0,1
4458,4754,4755,0,0,1
4459,4755,4756,0,0,1
4455,4756,4757,0,0,1
4452,4456,4758,0,0,1
4449,4453,4759,0,0,1
4447,4450,4760,0,0,1
4444,4760,4761,0,0,1
4512,4445,4762,0,0,1
4442,4762,4763,0,0,1
4439,4763,4764,0,0,1
4436,4440,4765,0,0,1
4533,4437,4766,0,0,1
4434,4766,4767,0,0,1
4432,4767,4768,0,0,1
4430,4768,4769,0,0,1
4428,4769,4770,0,0,1
4426,4770,4771,0,0,1
4424,4771,4772,0,0,1
4422,4772,4773,0,0,1
4418,4420,4774,0,0,1
4416,4774,4775,0,0,1
4414,4775,4776,0,0,1
4412,4776,4777,0,0,1
4410,4777,4778,0,0,1
4406,4408,4779,0,0,1
4404,4779,4780,0,0,1
4402,4780,4781,0,0,1
4398,4400,4782,0,0,1
4396,4782,4783,0,0,1
4392,4394,4784,0,0,1
4388,4390,4785,0,0,1
4386,4785,4786,0,0,1
4384,4786,4787,0,0,1
4382,4787,4788,0,0,1
4380,4788,4789,0,0,1
4790,4789,4791,1,0,1
4750,4791,4792,0,0,1
4471,4792,4793,0,0,1
4752,4793,4794,0,0,1
4753,4794,4795,0,0,1
4461,4795,4796,0,0,1
4757,4796,4797,0,0,1
4758,4797,4798,0,0,1
4759,4798,4799,0,0,1
4761,4799,4800,0,0,1
4764,4800,4801,0,0,1
4765,4801,4802,0,0,1
4778,4773,4803,0,0,1
4781,4803,4804,0,0,1
4783,4804,4805,0,0,1
4784,4805,4802,0,0,0
4806,4570,4807,1,0,1,29152
4587,4807,4808,0,0,1
4691,4588,4809,0,0,1
4584,4809,4810,0,0,1
4585,4810,4811,0,0,1
4706,4811,4812,0,0,1
4582,4689,4813,0,0,1
4579,4813,4814,0,0,1
4686,4580,4815,0,0,1
4577,4815,4816,0,0,1
4575,4816,4817,0,0,1
4572,4817,4818,0,0,1
4569,4573,4819,0,0,1
4808,4819,4820,0,0,1
4814,4812,4821,0,0,1
4818,4821,4820,0,0,0
4822,4592,4823,1,0,1,29664
4606,4823,4824,0,0,1
4602,4824,4825,0,0,1
4603,4825,4826,0,0,1
4600,4826,4827,0,0,1
4596,4598,4828,0,0,1
4594,4828,4827,0,0,0
4116,4723,4829,0,0,1,30992
4114,4829,4830,0,0,1
4310,4831,4832,0,1,1
4311,4832,4833,0,0,1
4307,4833,4834,0,0,1
4305,4308,4835,0,0,1
4830,4835,4834,0,0,0
4524,4526,4836,0,0,1,28944
4348,4836,4837,0,0,1
4345,4349,4838,0,0,1
4343,4346,4839,0,0,1
4341,4839,4840,0,0,1
4339,4840,4841,0,0,1
4337,4841,4842,0,0,1
4333,4335,4843,0,0,1
4331,4843,4844,0,0,1
4327,4329,4845,0,0,1
4323,4325,4846,0,0,1
4847,4321,4848,1,0,1
4849,4848,4850,1,0,1
4851,4850,4852,1,0,1
4853,4852,4854,1,0,1
4855,4856,4857,1,1,1
4858,4859,4860,1,1,1
4861,4860,4862,1,0,1
4863,4864,4865,1,1,1
4866,4865,4867,1,0,1
4868,4867,4869,1,0,1
4870,4869,4871,1,0,1
4872,4873,4874,1,1,1
4875,4874,4876,1,0,1
4877,4878,4879,1,1,1
4880,4879,4881,1,0,1
4882,4883,4884,1,1,1
4885,4884,4886,1,0,1
4887,4886,4888,1,0,1
4889,4888,4890,1,0,1
4891,4890,4892,1,0,1
4893,4892,4894,1,0,1
4895,4894,4896,1,0,1
4897,4896,4898,1,0,1
4899,4898,4900,1,0,1
4368,4900,4901,0,0,1
4364,4901,4902,0,0,1
4365,4902,4903,0,0,1
4362,4903,4904,0,0,1
4359,4904,4905,0,0,1
4360,4905,4906,0,0,1
4504,4906,4907,0,0,1
4356,4907,4908,0,0,1
4357,4908,4909,0,0,1
4354,4909,4910,0,0,1
4351,4910,4911,0,0,1
4352,4911,4912,0,0,1
4837,4912,4913,0,0,1
4838,4913,4914,0,0,1
4842,4914,4915,0,0,1
4844,4915,4916,0,0,1
4845,4916,4917,0,0,1
4854,4846,4918,0,0,1
4857,4918,4919,0,0,1
4862,4919,4920,0,0,1
4871,4920,4921,0,0,1
4876,4921,4922,0,0,1
4881,4922,4917,0,0,0
4831,4313,4923,0,0,1,30736
4111,4923,4924,0,0,1
4925,4924,4926,1,0,1
4927,4926,4928,1,0,1
4929,4928,4930,1,0,1
4931,4930,4932,1,0,1
4933,4932,4934,1,0,1
4935,4934,4936,1,0,1
4937,4936,4938,1,0,1
4939,4938,4940,1,0,1
4941,4940,4942,1,0,1
4943,4942,4944,1,0,1
4945,4944,4946,1,0,1
4947,4946,4948,1,0,1
4949,4948,4950,1,0,1
4951,4950,4952,1,0,1
4953,4954,4955,1,1,1
4880,4883,4956,0,0,1
4877,4956,4957,0,0,1
4875,4878,4958,0,0,1
4872,4958,4959,0,0,1
4870,4873,4960,0,0,1
4868,4960,4961,0,0,1
4866,4961,4962,0,0,1
4863,4962,4963,0,0,1
4861,4864,4964,0,0,1
4858,4964,4965,0,0,1
4855,4859,4966,0,0,1
4853,4856,4967,0,0,1
4851,4967,4968,0,0,1
4319,4847,4969,0,0,1
4317,4969,4970,0,0,1
4315,4970,4971,0,0,1
4952,4971,4972,0,0,1
4955,4972,4973,0,0,1
4957,4973,4974,0,0,1
4963,4959,4975,0,0,1
4965,4975,4976,0,0,1
4966,4976,4977,0,0,1
4968,4977,4978,0,0,1
4849,4978,4974,0,0,0
4109,4112,4979,0,0,1,30944
4106,4979,4980,0,0,1
4103,4107,4981,0,0,1
4101,4104,4982,0,0,1
4098,4982,4983,0,0,1
4096,4099,4984,0,0,1
4091,4094,4985,0,0,1
4652,4985,4986,0,0,1
4650,4986,4987,0,0,1
4648,4987,4988,0,0,1
4644,4646,4989,0,0,1
4642,4989,4990,0,0,1
4640,4990,4991,0,0,1
4638,4991,4992,0,0,1
4636,4992,4993,0,0,1
4634,4993,4994,0,0,1
4630,4632,4995,0,0,1
4628,4995,4996,0,0,1
4624,4626,4997,0,0,1
4620,4622,4998,0,0,1
4616,4618,4999,0,0,1
4610,4612,5000,0,0,1
5001,5000,5002,1,0,1
5003,5002,5004,1,0,1
5005,5004,5006,1,0,1
5007,5008,5009,1,1,1
5010,5011,5012,1,1,1
5013,5012,5014,1,0,1
4929,5014,5015,0,0,1
4927,5015,5016,0,0,1
4925,5016,5017,0,0,1
4980,5017,5018,0,0,1
4981,5018,5019,0,0,1
4983,5019,5020,0,0,1
4984,5020,5021,0,0,1
4093,5021,5022,0,0,1
4988,5022,5023,0,0,1
4994,5023,5024,0,0,1
4996,5024,5025,0,0,1
4997,5025,5026,0,0,1
4998,5026,5027,0,0,1
4999,5027,5028,0,0,1
4614,5028,5029,0,0,1
5006,5029,5009,0,0,0
4367,4370,5030,0,0,1,30992
4899,5030,5031,0,0,1
4897,5031,5032,0,0,1
4895,5032,5033,0,0,1
4891,4893,5034,0,0,1
4889,5034,5035,0,0,1
4887,5035,5036,0,0,1
5037,5036,5038,1,0,1
4378,5038,5039,0,0,1
4510,5039,5040,0,0,1
4375,5040,5041,0,0,1
4372,5041,5042,0,0,1
4507,4373,5043,0,0,1
5033,5043,5042,0,0,0
5013,4931,5044,0,0,1,30784
5010,5044,5045,0,0,1
5007,5011,5046,0,0,1
5005,5008,5047,0,0,1
5003,5047,5048,0,0,1
5049,5048,5050,1,0,1
4951,4954,5051,0,0,1
4949,5051,5052,0,0,1
4945,4947,5053,0,0,1
4943,5053,5054,0,0,1
4941,5054,5055,0,0,1
4939,5055,5056,0,0,1
4935,4937,5057,0,0,1
5045,4933,5058,0,0,1
5046,5058,5059,0,0,1
5052,5050,5060,0,0,1
5056,5060,5061,0,0,1
5057,5061,5059,0,0,0
5062,2355,5063,1,0,1,321
2417,2352,5064,1,0,1,1601
186,184,5065,1,1,1
2384,2381,5066,1,1,1
5067,2376,5068,1,1,1
5069,5068,5070,1,0,1
2212,5070,5071,1,0,1
2293,2134,5072,0,0,1
2298,5072,5073,0,0,1
5063,5073,5074,0,0,1
5062,5074,5075,0,0,1
5076,5075,5077,1,0,1
5064,5076,5078,0,0,1
5065,5078,5079,0,0,1
2382,5079,5080,1,0,1
5071,2377,5081,0,1,1
2133,5081,5082,0,0,1
5080,5077,5083,0,0,1
5066,5083,5082,0,0,0