0,1,2,1,1,1,46320
3,2,4,1,0,1
5,4,6,1,0,1
7,6,8,1,0,1
9,8,10,1,0,1
11,10,12,1,0,1
13,12,14,1,0,1
15,14,16,1,0,1
17,16,18,1,0,1
19,18,20,1,0,1
21,20,22,1,0,1
23,22,24,1,0,1
25,24,26,1,0,1
27,26,28,1,0,1
29,28,30,1,0,1
31,30,32,1,0,1
33,34,35,1,1,1
36,35,37,1,0,1
38,37,39,1,0,1
40,41,42,1,1,1
43,42,44,1,0,1
45,44,46,1,0,1
47,46,48,1,0,1
49,50,51,1,1,1
52,51,53,1,0,1
54,53,55,1,0,1
56,55,57,1,0,1
58,57,59,1,0,1
60,61,62,1,1,1
63,64,65,1,1,1
66,65,67,1,0,1
68,67,69,1,0,1
70,71,72,1,1,1
73,72,74,1,0,1
75,74,76,1,0,1
77,76,78,1,0,1
79,78,80,1,0,1
81,82,83,1,1,1
84,83,85,1,0,1
86,85,87,1,0,1
88,87,89,1,0,1
90,89,91,1,0,1
92,93,94,1,1,1
95,94,96,1,0,1
97,96,98,1,0,1
99,98,100,1,0,1
101,102,103,1,1,1
104,103,105,1,0,1
106,105,107,1,0,1
108,109,110,1,1,1
111,112,113,1,1,1
114,113,115,1,0,1
116,115,117,1,0,1
118,119,120,1,1,1
121,122,123,1,1,1
124,123,125,1,0,1
126,125,127,1,0,1
128,127,129,1,0,1
130,129,131,1,0,1
132,131,133,1,0,1
134,133,135,1,0,1
136,135,137,1,0,1
138,137,139,1,0,1
140,139,141,1,0,1
142,141,143,1,0,1
144,143,145,1,0,1
146,145,147,1,0,1
148,149,150,1,1,1
151,152,153,1,1,1
154,153,155,1,0,1
156,155,157,1,0,1
158,157,159,1,0,1
160,159,161,1,0,1
162,161,163,1,0,1
164,163,165,1,0,1
166,167,168,1,1,1
169,170,171,1,1,1
172,173,174,1,1,1
175,176,177,1,1,1
178,177,179,1,0,1
180,179,181,1,0,1
182,181,183,1,0,1
184,183,185,1,0,1
186,187,188,1,1,1
189,190,191,1,1,1
192,191,193,1,0,1
194,195,196,1,1,1
197,198,199,1,1,1
32,200,201,0,1,1
39,201,202,0,0,1
48,202,203,0,0,1
59,203,204,0,0,1
62,204,205,0,0,1
80,69,206,0,0,1
207,206,208,1,0,1
91,208,209,0,0,1
107,100,210,0,0,1
117,110,211,0,0,1
147,212,213,0,1,1
165,150,214,0,0,1
215,214,216,1,0,1
168,216,217,0,0,1
171,217,218,0,0,1
174,218,219,0,0,1
185,220,221,0,1,1
188,221,222,0,0,1
193,222,223,0,0,1
199,196,224,0,0,1
205,224,225,0,0,1
209,225,226,0,0,1
227,226,228,1,0,1
210,228,229,0,0,1
211,229,230,0,0,1
213,120,231,0,0,1
219,231,232,0,0,1
223,233,234,0,1,1
232,230,235,0,0,1
236,235,234,1,0,0
237,238,239,1,1,1,1268
240,241,242,1,1,1
243,242,244,1,0,1
245,244,246,1,0,1
247,246,248,1,0,1
249,248,250,1,0,1
251,250,252,1,0,1
253,254,255,1,1,1
256,255,257,1,0,1
258,259,260,1,1,1
261,260,262,1,0,1
263,264,265,1,1,1
266,265,267,1,0,1
268,267,269,1,0,1
270,269,271,1,0,1
272,271,273,1,0,1
274,273,275,1,0,1
276,275,277,1,0,1
278,277,279,1,0,1
280,281,282,1,1,1
283,284,285,1,1,1
286,287,288,1,1,1
289,288,290,1,0,1
239,290,291,0,0,1
292,291,293,1,0,1
252,293,294,0,0,1
257,294,295,0,0,1
262,295,296,0,0,1
282,279,297,0,0,1
285,297,296,0,0,0
298,299,300,1,1,1,1267
301,300,302,1,0,1
303,302,304,1,0,1
305,306,307,1,1,1
308,307,309,1,0,1
310,311,312,1,1,1
313,314,315,1,1,1
316,315,317,1,0,1
318,319,320,1,1,1
321,322,323,1,1,1
324,323,325,1,0,1
326,325,327,1,0,1
328,327,329,1,0,1
330,331,332,1,1,1
333,334,335,1,1,1
336,335,337,1,0,1
338,337,339,1,0,1
340,339,341,1,0,1
342,341,343,1,0,1
344,345,346,1,1,1
347,346,348,1,0,1
151,348,349,0,0,1
152,349,350,0,0,1
148,350,351,0,0,1
149,351,352,0,0,1
146,352,353,0,0,1
144,353,354,0,0,1
142,354,355,0,0,1
140,355,356,0,0,1
136,138,357,0,0,1
134,357,358,0,0,1
359,360,361,1,1,1
122,362,363,0,1,1
212,363,364,0,0,1
118,364,365,0,0,1
116,119,366,0,0,1
114,366,367,0,0,1
111,367,368,0,0,1
108,112,369,0,0,1
99,102,370,0,0,1
97,370,371,0,0,1
372,95,373,1,0,1
81,373,374,0,0,1
82,374,375,0,0,1
376,375,377,1,0,1
304,378,379,0,1,1
380,379,381,1,0,1
309,382,383,0,1,1
384,383,385,1,0,1
312,385,386,0,0,1
329,387,388,0,1,1
343,332,389,0,0,1
356,389,390,0,0,1
358,390,391,0,0,1
368,365,392,0,0,1
371,101,393,0,0,1
381,377,394,0,0,1
391,388,395,0,0,1
132,395,396,0,0,1
361,396,397,0,0,1
393,104,398,0,0,1
394,398,399,0,0,1
386,399,400,0,0,1
397,320,401,0,0,1
402,401,403,1,0,1
392,403,404,0,0,1
400,106,405,0,0,1
404,317,406,0,0,1
369,406,407,0,0,1
405,109,408,0,0,1
409,408,407,1,0,0
200,410,411,0,1,1,50416
197,411,412,0,0,1
194,198,413,0,0,1
192,195,414,0,0,1
189,414,415,0,0,1
186,190,416,0,0,1
184,187,417,0,0,1
180,182,418,0,0,1
419,175,420,1,0,1
173,421,422,0,1,1
169,422,423,0,0,1
166,170,424,0,0,1
215,167,425,0,0,1
162,164,426,0,0,1
160,426,427,0,0,1
158,427,428,0,0,1
429,156,430,1,0,1
431,430,432,1,0,1
413,412,433,0,0,1
415,433,434,0,0,1
416,434,435,0,0,1
417,435,436,0,0,1
418,436,437,0,0,1
423,420,438,0,0,1
424,438,439,0,0,1
425,439,440,0,0,1
428,440,441,0,0,1
437,432,442,0,0,1
178,442,441,0,0,0
443,444,445,1,1,1,1266
446,445,447,1,0,1
448,447,449,1,0,1
450,451,452,1,1,1
5,452,453,0,0,1
3,453,454,0,0,1
0,454,449,0,0,0
455,456,457,1,1,1,1267
458,457,459,1,0,1
460,461,462,1,1,1
463,464,465,1,1,1
466,467,468,1,1,1
469,470,471,1,1,1
472,473,474,1,1,1
475,476,477,1,1,1
478,477,479,1,0,1
480,479,481,1,0,1
482,481,483,1,0,1
484,485,486,1,1,1
238,486,487,0,0,1
286,289,488,0,0,1
283,287,489,0,0,1
280,284,490,0,0,1
278,281,491,0,0,1
274,276,492,0,0,1
493,270,494,1,0,1
63,494,495,0,0,1
64,495,496,0,0,1
60,496,497,0,0,1
61,497,498,0,0,1
58,498,499,0,0,1
56,499,500,0,0,1
54,500,501,0,0,1
52,501,502,0,0,1
503,502,504,1,0,1
505,506,507,1,1,1
43,507,508,0,0,1
509,508,510,1,0,1
511,512,513,1,1,1
31,34,514,0,0,1
29,514,515,0,0,1
25,27,516,0,0,1
23,516,517,0,0,1
21,517,518,0,0,1
17,19,519,0,0,1
15,519,520,0,0,1
13,520,521,0,0,1
9,11,522,0,0,1
7,522,523,0,0,1
450,523,524,0,0,1
451,524,525,0,0,1
448,525,526,0,0,1
446,526,527,0,0,1
459,443,528,0,0,1
462,528,529,0,0,1
465,529,530,0,0,1
468,531,532,0,1,1
487,483,533,0,0,1
488,533,534,0,0,1
490,489,535,0,0,1
492,491,536,0,0,1
504,272,537,0,0,1
510,537,538,0,0,1
513,538,539,0,0,1
515,33,540,0,0,1
530,527,541,0,0,1
532,541,542,0,0,1
471,542,543,0,0,1
474,543,544,0,0,1
539,536,545,0,0,1
546,545,547,1,0,1
540,547,548,0,0,1
544,521,549,0,0,1
534,549,550,0,0,1
548,535,551,0,0,1
518,551,550,0,0,0
552,553,554,1,1,1,9460
555,554,556,1,0,1
557,556,558,1,0,1
559,558,560,1,0,1
561,560,562,1,0,1
563,562,455,1,0,0
564,565,566,1,1,1,9461
567,566,568,1,0,1
569,570,571,1,1,1
572,571,573,1,0,1
557,573,574,0,0,1
555,574,575,0,0,1
552,575,568,0,0,0
576,577,578,1,1,1,1270
579,578,580,1,0,1
581,580,582,1,0,1
583,584,585,1,1,1
586,585,587,1,0,1
588,589,590,1,1,1
591,592,593,1,1,1
594,595,596,1,1,1
597,596,598,1,0,1
599,600,601,1,1,1
602,603,604,1,1,1
605,604,606,1,0,1
607,606,608,1,0,1
609,608,610,1,0,1
611,610,612,1,0,1
613,614,615,1,1,1
616,617,618,1,1,1
619,620,621,1,1,1
622,623,624,1,1,1
625,624,626,1,0,1
627,626,628,1,0,1
629,630,631,1,1,1
632,631,633,1,0,1
634,635,636,1,1,1
637,638,639,1,1,1
640,641,642,1,1,1
643,644,645,1,1,1
646,647,648,1,1,1
649,650,651,1,1,1
652,651,653,1,0,1
654,653,655,1,0,1
656,655,657,1,0,1
658,657,659,1,0,1
660,659,661,1,0,1
662,661,663,1,0,1
664,663,665,1,0,1
666,667,668,1,1,1
669,668,670,1,0,1
671,672,673,1,1,1
674,675,676,1,1,1
677,676,678,1,0,1
679,678,680,1,0,1
681,680,682,1,0,1
683,684,685,1,1,1
686,687,688,1,1,1
689,688,690,1,0,1
691,692,693,1,1,1
694,695,696,1,1,1
697,696,698,1,0,1
699,700,701,1,1,1
702,703,704,1,1,1
705,706,707,1,1,1
708,707,709,1,0,1
710,709,711,1,0,1
712,711,713,1,0,1
714,713,715,1,0,1
716,717,718,1,1,1
719,718,720,1,0,1
721,722,723,1,1,1
724,723,725,1,0,1
726,725,727,1,0,1
728,729,730,1,1,1
731,732,733,1,1,1
734,735,736,1,1,1
737,736,738,1,0,1
739,740,741,1,1,1
742,741,743,1,0,1
744,745,746,1,1,1
747,748,749,1,1,1
750,751,752,1,1,1
753,752,754,1,0,1
755,754,756,1,0,1
757,758,759,1,1,1
567,760,761,0,1,1
582,564,762,0,0,1
587,762,763,0,0,1
590,763,764,0,0,1
601,598,765,0,0,1
612,766,767,0,1,1
618,615,768,0,0,1
621,768,769,0,0,1
628,769,770,0,0,1
771,770,772,1,0,1
636,633,773,0,0,1
639,773,774,0,0,1
648,775,776,0,1,1
777,776,778,1,0,1
670,665,779,0,0,1
780,779,781,1,0,1
673,781,782,0,0,1
783,782,784,1,0,1
685,682,785,0,0,1
690,785,786,0,0,1
787,786,788,1,0,1
693,789,790,0,1,1
698,790,791,0,0,1
704,701,792,0,0,1
715,792,793,0,0,1
720,793,794,0,0,1
727,794,795,0,0,1
730,795,796,0,0,1
738,733,797,0,0,1
743,797,798,0,0,1
746,798,799,0,0,1
749,799,800,0,0,1
756,800,801,0,0,1
764,761,802,0,0,1
593,802,803,0,0,1
765,804,805,0,1,1
767,805,806,0,0,1
772,807,808,0,1,1
784,778,809,0,0,1
791,810,811,0,1,1
803,759,812,0,0,1
809,645,813,0,0,1
812,801,814,0,0,1
806,814,815,0,0,1
813,642,816,0,0,1
815,796,817,0,0,1
816,818,819,0,1,1
788,819,820,0,0,1
817,811,821,0,0,1
808,821,822,0,0,1
774,822,820,0,0,0
823,824,825,1,1,1,1271
826,825,827,1,0,1
828,827,829,1,0,1
830,829,831,1,0,1
832,831,833,1,0,1
834,833,835,1,0,1
836,835,837,1,0,1
838,839,840,1,1,1
841,840,842,1,0,1
843,842,844,1,0,1
845,844,846,1,0,1
847,848,849,1,1,1
850,851,852,1,1,1
853,852,854,1,0,1
855,856,857,1,1,1
858,857,859,1,0,1
860,861,862,1,1,1
863,862,864,1,0,1
865,864,866,1,0,1
867,868,869,1,1,1
870,871,872,1,1,1
873,872,874,1,0,1
875,876,877,1,1,1
878,879,880,1,1,1
881,882,883,1,1,1
884,885,886,1,1,1
887,888,889,1,1,1
890,889,891,1,0,1
892,891,893,1,0,1
623,893,894,0,0,1
619,894,895,0,0,1
620,895,896,0,0,1
616,896,897,0,0,1
613,617,898,0,0,1
807,614,899,0,0,1
611,899,900,0,0,1
609,900,901,0,0,1
607,901,902,0,0,1
602,605,903,0,0,1
766,603,904,0,0,1
599,904,905,0,0,1
597,600,906,0,0,1
594,906,907,0,0,1
804,595,908,0,0,1
591,908,909,0,0,1
592,909,910,0,0,1
588,910,911,0,0,1
589,911,912,0,0,1
586,912,913,0,0,1
581,584,914,0,0,1
579,914,915,0,0,1
576,915,916,0,0,1
837,916,917,0,0,1
918,917,919,1,0,1
846,919,920,0,0,1
849,920,921,0,0,1
922,921,923,1,0,1
869,866,924,0,0,1
874,924,925,0,0,1
880,877,926,0,0,1
883,926,927,0,0,1
897,886,928,0,0,1
898,928,929,0,0,1
907,905,930,0,0,1
913,930,931,0,0,1
923,583,932,0,0,1
854,932,933,0,0,1
859,933,934,0,0,1
925,935,936,0,1,1
927,936,937,0,0,1
929,938,939,0,1,1
902,939,940,0,0,1
934,931,941,0,0,1
940,937,942,0,0,1
903,942,941,0,0,0
943,944,945,1,1,1,1272
946,945,947,1,0,1
948,947,949,1,0,1
950,949,951,1,0,1
952,951,953,1,0,1
954,953,955,1,0,1
956,955,957,1,0,1
958,957,959,1,0,1
960,959,961,1,0,1
826,961,823,0,0,0
962,963,964,1,1,1,1273
965,964,966,1,0,1
967,966,968,1,0,1
969,970,971,1,1,1
972,973,974,1,1,1
975,974,976,1,0,1
977,978,979,1,1,1
980,979,981,1,0,1
982,983,984,1,1,1
985,986,987,1,1,1
988,987,989,1,0,1
990,991,992,1,1,1
993,992,994,1,0,1
995,994,996,1,0,1
997,996,998,1,0,1
999,998,1000,1,0,1
1001,1000,1002,1,0,1
1003,1002,1004,1,0,1
1005,1004,1006,1,0,1
1007,1006,1008,1,0,1
1009,1008,1010,1,0,1
1011,1010,1012,1,0,1
1013,1012,1014,1,0,1
1015,1014,1016,1,0,1
1017,1016,1018,1,0,1
1019,1018,1020,1,0,1
1021,1020,1022,1,0,1
1023,1022,1024,1,0,1
1025,1024,1026,1,0,1
1027,1026,1028,1,0,1
1029,1028,1030,1,0,1
1031,1030,1032,1,0,1
1033,1032,1034,1,0,1
1035,1034,1036,1,0,1
1037,1036,1038,1,0,1
1039,1040,1041,1,1,1
1042,1043,1044,1,1,1
1045,1044,1046,1,0,1
1047,1046,1048,1,0,1
1049,1050,1051,1,1,1
1052,1051,1053,1,0,1
1054,1055,1056,1,1,1
1057,1058,1059,1,1,1
1060,1061,1062,1,1,1
1063,1062,1064,1,0,1
1065,1066,1067,1,1,1
1068,1069,1070,1,1,1
1071,1072,1073,1,1,1
1074,1075,1076,1,1,1
1077,1076,1078,1,0,1
1079,1080,1081,1,1,1
1082,1081,1083,1,0,1
1084,1085,1086,1,1,1
1087,1086,1088,1,0,1
1089,1090,1091,1,1,1
1092,1093,1094,1,1,1
1095,1096,1097,1,1,1
1098,1099,1100,1,1,1
1101,1102,1103,1,1,1
1104,1105,1106,1,1,1
1107,1108,1109,1,1,1
1110,1111,1112,1,1,1
1113,1112,1114,1,0,1
1115,1116,1117,1,1,1
1118,1119,1120,1,1,1
1121,1120,1122,1,0,1
1123,1122,1124,1,0,1
1125,1126,1127,1,1,1
1128,1129,1130,1,1,1
1131,1132,1133,1,1,1
1134,1135,1136,1,1,1
1137,1136,1138,1,0,1
1139,1140,1141,1,1,1
1142,1141,1143,1,0,1
1144,1145,1146,1,1,1
1147,1146,1148,1,0,1
1149,1148,1150,1,0,1
1151,1150,1152,1,0,1
1153,1154,1155,1,1,1
1156,1155,1157,1,0,1
1158,1159,1160,1,1,1
1161,1160,1162,1,0,1
1163,1164,1165,1,1,1
1166,1165,1167,1,0,1
1168,1167,1169,1,0,1
1170,1171,1172,1,1,1
1173,1174,1175,1,1,1
1176,1175,1177,1,0,1
1178,1179,1180,1,1,1
1181,1182,1183,1,1,1
1184,1185,1186,1,1,1
1187,1186,1188,1,0,1
1189,1188,1190,1,0,1
1191,1192,1193,1,1,1
1194,1193,1195,1,0,1
1196,1197,1198,1,1,1
1199,1198,1200,1,0,1
1201,1202,1203,1,1,1
1204,1205,1206,1,1,1
1207,1208,1209,1,1,1
1210,1209,1211,1,0,1
1212,1211,1213,1,0,1
1214,1215,1216,1,1,1
1217,1216,1218,1,0,1
1219,1220,1221,1,1,1
1222,1221,1223,1,0,1
1224,1223,1225,1,0,1
1226,1225,1227,1,0,1
1228,1227,1229,1,0,1
1230,1229,1231,1,0,1
1232,1231,1233,1,0,1
1234,1233,1235,1,0,1
1236,1235,1237,1,0,1
1238,1239,1240,1,1,1
1241,1240,1242,1,0,1
1243,1242,1244,1,0,1
1245,1246,1247,1,1,1
1248,1247,1249,1,0,1
1250,1251,1252,1,1,1
1253,1252,1254,1,0,1
1255,1256,1257,1,1,1
1258,1259,1260,1,1,1
1261,1260,1262,1,0,1
1263,1264,1265,1,1,1
1266,1265,1267,1,0,1
1268,1269,1270,1,1,1
1271,1270,1272,1,0,1
1273,1272,1274,1,0,1
1275,1274,1276,1,0,1
1277,1278,1279,1,1,1
1280,1279,1281,1,0,1
1282,1283,1284,1,1,1
1285,1286,1287,1,1,1
1288,1287,1289,1,0,1
1290,1289,1291,1,0,1
1292,1293,1294,1,1,1
1295,1294,1296,1,0,1
1297,1296,1298,1,0,1
1299,1298,1300,1,0,1
958,1300,1301,0,0,1
956,1301,1302,0,0,1
954,1302,1303,0,0,1
952,1303,1304,0,0,1
943,946,1305,0,0,1
976,971,1306,0,0,1
981,1306,1307,0,0,1
1308,1307,1309,1,0,1
989,984,1310,0,0,1
1038,1311,1312,0,1,1
1313,1312,1314,1,0,1
1041,1314,1315,0,0,1
1316,1315,1317,1,0,1
1053,1318,1319,0,1,1
1067,1064,1320,0,0,1
1321,1320,1322,1,0,1
1070,1322,1323,0,0,1
1073,1323,1324,0,0,1
1078,1325,1326,0,1,1
1083,1326,1327,0,0,1
1088,1327,1328,0,0,1
1091,1328,1329,0,0,1
1097,1330,1331,0,1,1
1100,1331,1332,0,0,1
1103,1333,1334,0,1,1
1335,1334,1336,1,0,1
1117,1337,1338,0,1,1
1124,1338,1339,0,0,1
1127,1339,1340,0,0,1
1130,1340,1341,0,0,1
1138,1342,1343,0,1,1
1143,1343,1344,0,0,1
1152,1344,1345,0,0,1
1162,1346,1347,0,1,1
1348,1347,1349,1,0,1
1169,1349,1350,0,0,1
1351,1350,1352,1,0,1
1172,1353,1354,0,1,1
1177,1354,1355,0,0,1
1183,1180,1356,0,0,1
1190,1356,1357,0,0,1
1195,1357,1358,0,0,1
1200,1358,1359,0,0,1
1360,1359,1361,1,0,1
1203,1361,1362,0,0,1
1206,1362,1363,0,0,1
1213,1363,1364,0,0,1
1365,1364,1366,1,0,1
1218,1366,1367,0,0,1
1237,1367,1368,0,0,1
1244,1368,1369,0,0,1
1249,1370,1371,0,1,1
1372,1371,1373,1,0,1
1254,1373,1374,0,0,1
1262,1375,1376,0,1,1
1267,1376,1377,0,0,1
1378,1377,1379,1,0,1
1281,1380,1381,0,1,1
1291,1284,1382,0,0,1
1304,1382,1383,0,0,1
950,1383,1384,0,0,1
1305,948,1385,0,0,1
1309,968,1386,0,0,1
1387,1386,1388,1,0,1
1317,1389,1390,0,1,1
1048,1390,1391,0,0,1
1319,1391,1392,0,0,1
1056,1392,1393,0,0,1
1059,1393,1394,0,0,1
1324,1394,1395,0,0,1
1332,1094,1396,0,0,1
1341,1114,1397,0,0,1
1355,1352,1398,0,0,1
1369,1398,1399,0,0,1
1400,1399,1401,1,0,1
1374,1401,1402,0,0,1
1257,1402,1403,0,0,1
1384,1381,1404,0,0,1
1395,1310,1405,0,0,1
1329,1405,1406,0,0,1
1396,1406,1407,0,0,1
1336,1407,1408,0,0,1
1106,1408,1409,0,0,1
1397,1109,1410,0,0,1
1403,1411,1412,0,1,1
1409,1388,1413,0,0,1
1414,1413,1415,1,0,1
1410,1415,1416,0,0,1
1412,1157,1417,0,0,1
1379,1417,1418,0,0,1
1416,1385,1419,0,0,1
1133,1419,1420,0,0,1
1418,1345,1421,0,0,1
1276,1421,1422,0,0,1
1404,1422,1420,0,0,0
973,1423,1424,0,1,1,1272
969,1424,1425,0,0,1
970,1425,1426,0,0,1
967,1426,1427,0,0,1
965,1427,962,0,0,0
993,1428,1429,0,1,1,1272
990,1429,1430,0,0,1
1311,991,1431,0,0,1
1389,1431,1432,0,0,1
988,1432,1433,0,0,1
985,1433,1434,0,0,1
982,986,1435,0,0,1
1387,983,1436,0,0,1
1308,1436,1437,0,0,1
980,1437,1438,0,0,1
977,1438,1439,0,0,1
975,978,1440,0,0,1
1430,1440,1441,0,0,1
1434,1441,1442,0,0,1
1435,1442,1439,0,0,0
572,559,1443,0,0,1,1268
1444,1443,1445,1,0,1
1446,1445,1447,1,0,1
1448,1447,1449,1,0,1
1450,1449,1451,1,0,1
1452,1451,1453,1,0,1
1454,1453,1455,1,0,1
531,1455,1456,0,0,1
460,464,1457,0,0,1
458,461,1458,0,0,1
563,1458,1459,0,0,1
1456,561,1460,0,0,1
463,1460,1461,0,0,1
1457,1461,1459,0,0,0
960,828,1462,0,0,1,9464
1463,1299,1464,1,0,1
1465,1464,1466,1,0,1
918,839,1467,0,0,1
836,1467,1468,0,0,1
832,834,1469,0,0,1
1462,830,1470,0,0,1
1466,1470,1471,0,0,1
1468,1471,1469,0,0,0
569,1444,1472,0,0,1,1269
570,1472,1473,0,0,1
760,1473,1474,0,0,1
757,1474,1475,0,0,1
758,1475,1476,0,0,1
755,1476,1477,0,0,1
750,753,1478,0,0,1
747,751,1479,0,0,1
744,748,1480,0,0,1
742,745,1481,0,0,1
737,740,1482,0,0,1
734,1482,1483,0,0,1
731,735,1484,0,0,1
728,732,1485,0,0,1
729,1485,1486,0,0,1
726,1486,1487,0,0,1
724,1487,1488,0,0,1
719,722,1489,0,0,1
716,1489,1490,0,0,1
714,717,1491,0,0,1
710,712,1492,0,0,1
1493,1492,1494,1,0,1
264,1494,1495,0,0,1
261,1495,1496,0,0,1
258,1496,1497,0,0,1
259,1497,1498,0,0,1
256,1498,1499,0,0,1
253,1499,1500,0,0,1
251,254,1501,0,0,1
247,249,1502,0,0,1
1503,243,1504,1,0,1
1505,1504,1506,1,0,1
1507,1506,1508,1,0,1
1509,1510,1511,1,1,1
1512,1511,1513,1,0,1
1514,1513,1515,1,0,1
1516,1517,1518,1,1,1
1519,1518,1520,1,0,1
1450,1520,1521,0,0,1
1448,1521,1522,0,0,1
1477,1446,1523,0,0,1
1478,1523,1524,0,0,1
1479,1524,1525,0,0,1
1480,1525,1526,0,0,1
1483,739,1527,0,0,1
1488,1484,1528,0,0,1
1490,721,1529,0,0,1
1491,1529,1530,0,0,1
1500,1530,1531,0,0,1
1501,1531,1532,0,0,1
1502,1532,1533,0,0,1
245,1533,1534,0,0,1
1508,1534,1535,0,0,1
1515,1535,1536,0,0,1
1526,1522,1537,0,0,1
1481,1537,1538,0,0,1
1527,1538,1539,0,0,1
1528,1539,1536,0,0,0
1104,1414,1540,0,0,1,1274
1105,1540,1541,0,0,1
1335,1541,1542,0,0,1
1101,1542,1543,0,0,1
1333,1102,1544,0,0,1
1098,1544,1545,0,0,1
1095,1099,1546,0,0,1
1330,1096,1547,0,0,1
1092,1547,1548,0,0,1
1093,1548,1549,0,0,1
1089,1549,1550,0,0,1
1087,1090,1551,0,0,1
1082,1085,1552,0,0,1
1077,1080,1553,0,0,1
1074,1553,1554,0,0,1
1325,1075,1555,0,0,1
1071,1555,1556,0,0,1
1068,1072,1557,0,0,1
1321,1069,1558,0,0,1
1065,1558,1559,0,0,1
1063,1066,1560,0,0,1
1057,1061,1561,0,0,1
1054,1058,1562,0,0,1
1055,1562,1563,0,0,1
1052,1563,1564,0,0,1
1049,1564,1565,0,0,1
1318,1050,1566,0,0,1
1047,1566,1567,0,0,1
1045,1567,1568,0,0,1
1042,1568,1569,0,0,1
1316,1043,1570,0,0,1
1039,1570,1571,0,0,1
1040,1571,1572,0,0,1
1313,1572,1573,0,0,1
1033,1035,1574,0,0,1
1031,1574,1575,0,0,1
1027,1029,1576,0,0,1
1025,1576,1577,0,0,1
1021,1023,1578,0,0,1
1019,1578,1579,0,0,1
1015,1017,1580,0,0,1
1011,1013,1581,0,0,1
1009,1581,1582,0,0,1
1007,1582,1583,0,0,1
1003,1005,1584,0,0,1
1001,1584,1585,0,0,1
1586,1585,1587,1,0,1
1184,1587,1588,0,0,1
1185,1588,1589,0,0,1
1181,1589,1590,0,0,1
1178,1182,1591,0,0,1
1176,1179,1592,0,0,1
1173,1592,1593,0,0,1
1170,1174,1594,0,0,1
1353,1171,1595,0,0,1
1351,1595,1596,0,0,1
1168,1596,1597,0,0,1
1348,1164,1598,0,0,1
1161,1598,1599,0,0,1
1158,1599,1600,0,0,1
1346,1159,1601,0,0,1
1411,1601,1602,0,0,1
1156,1602,1603,0,0,1
1153,1603,1604,0,0,1
1154,1604,1605,0,0,1
1151,1605,1606,0,0,1
1149,1606,1607,0,0,1
1144,1147,1608,0,0,1
1142,1145,1609,0,0,1
1137,1140,1610,0,0,1
1134,1610,1611,0,0,1
1342,1135,1612,0,0,1
1131,1612,1613,0,0,1
1132,1613,1614,0,0,1
1128,1614,1615,0,0,1
1129,1615,1616,0,0,1
1125,1616,1617,0,0,1
1123,1126,1618,0,0,1
1115,1119,1619,0,0,1
1337,1116,1620,0,0,1
1113,1620,1621,0,0,1
1110,1621,1622,0,0,1
1107,1111,1623,0,0,1
1108,1623,1624,0,0,1
1543,1624,1625,0,0,1
1545,1625,1626,0,0,1
1546,1626,1627,0,0,1
1550,1627,1628,0,0,1
1551,1628,1629,0,0,1
1084,1629,1630,0,0,1
1552,1630,1631,0,0,1
1079,1631,1632,0,0,1
1554,1632,1633,0,0,1
1557,1556,1634,0,0,1
1559,1634,1635,0,0,1
1560,1635,1636,0,0,1
1561,1060,1637,0,0,1
1565,1637,1638,0,0,1
1569,1638,1639,0,0,1
1573,1639,1640,0,0,1
1037,1640,1641,0,0,1
1575,1641,1642,0,0,1
1577,1642,1643,0,0,1
1579,1643,1644,0,0,1
1580,1644,1645,0,0,1
1583,1645,1646,0,0,1
1590,1646,1647,0,0,1
1591,1647,1648,0,0,1
1593,1648,1649,0,0,1
1594,1649,1650,0,0,1
1597,1650,1651,0,0,1
1166,1651,1652,0,0,1
1163,1652,1653,0,0,1
1600,1653,1654,0,0,1
1607,1654,1655,0,0,1
1608,1655,1656,0,0,1
1609,1656,1657,0,0,1
1139,1657,1658,0,0,1
1611,1658,1659,0,0,1
1617,1659,1660,0,0,1
1618,1660,1661,0,0,1
1121,1661,1662,0,0,1
1118,1662,1663,0,0,1
1619,1663,1664,0,0,1
1622,1664,1665,0,0,1
1633,1665,1636,0,0,0
1666,1667,1668,1,1,1,46323
1669,1668,1670,1,0,1
1671,1670,1672,1,0,1
1673,1672,1674,1,0,1
1675,1674,1676,1,0,1
1677,1676,1678,1,0,1
1519,1452,1679,0,0,1,9460
1516,1679,1680,0,0,1
1514,1517,1681,0,0,1
1512,1681,1682,0,0,1
1507,1510,1683,0,0,1
1505,1683,1684,0,0,1
1503,1684,1685,0,0,1
240,1685,1686,0,0,1
292,241,1687,0,0,1
237,1687,1688,0,0,1
484,1688,1689,0,0,1
482,485,1690,0,0,1
478,480,1691,0,0,1
472,476,1692,0,0,1
469,473,1693,0,0,1
470,1693,1694,0,0,1
466,1694,1695,0,0,1
467,1695,1696,0,0,1
1454,1696,1697,0,0,1
1680,1697,1698,0,0,1
1682,1698,1699,0,0,1
1509,1699,1700,0,0,1
1689,1686,1701,0,0,1
1690,1701,1702,0,0,1
1691,1702,1703,0,0,1
475,1703,1704,0,0,1
1692,1704,1700,0,0,0
1297,1463,1705,0,0,1,1272
1295,1705,1706,0,0,1
1292,1706,1707,0,0,1
1290,1293,1708,0,0,1
1709,1708,1710,1,0,1
841,1710,1711,0,0,1
838,1711,1712,0,0,1
1465,1712,1707,0,0,0
1288,1709,1713,0,0,1,9464
1285,1713,1714,0,0,1
1715,1714,1716,1,0,1
1717,1716,1718,1,0,1
850,1719,1720,0,1,1
1721,1720,1722,1,0,1
1723,1722,1724,1,0,1
843,1724,1718,0,0,0
1723,845,1725,0,0,1,9463
1721,1725,1726,0,0,1
922,851,1727,0,0,1
847,1727,1728,0,0,1
848,1728,1726,0,0,0
1729,1730,1731,1,1,1,1267
1732,1731,1733,1,0,1
1734,1733,1735,1,0,1
1736,1737,1738,1,1,1
1739,1738,1735,1,0,0
1282,1286,1740,0,0,1,1272
1280,1283,1741,0,0,1
1742,1741,1743,1,0,1
1744,1743,1745,1,0,1
856,1746,1747,0,1,1
853,1747,1748,0,0,1
1719,1748,1749,0,0,1
1717,1749,1750,0,0,1
1715,1750,1751,0,0,1
1740,1751,1745,0,0,0
1277,1742,1752,0,0,1,9464
1753,1754,1755,1,1,1
1756,1757,1758,1,1,1
1759,1760,1761,1,1,1
1271,1761,1762,0,0,1
1763,1762,1764,1,0,1
1765,1766,1767,1,1,1
1768,1767,1769,1,0,1
1263,1770,1771,0,1,1
1261,1264,1772,0,0,1
1258,1772,1773,0,0,1
1774,1773,1775,1,0,1
871,1775,1776,0,0,1
867,1776,1777,0,0,1
865,868,1778,0,0,1
863,1778,1779,0,0,1
860,1779,1780,0,0,1
935,861,1781,0,0,1
858,1781,1782,0,0,1
1744,1746,1783,0,0,1
1752,1783,1784,0,0,1
1755,1784,1785,0,0,1
1758,1785,1786,0,0,1
1764,1786,1787,0,0,1
1771,1769,1788,0,0,1
1780,1777,1789,0,0,1
1782,1789,1790,0,0,1
1787,855,1791,0,0,1
1788,1791,1790,0,0,0
1380,1278,1792,0,0,1,9465
1275,1792,1793,0,0,1
1759,1273,1794,0,0,1
1756,1760,1795,0,0,1
1753,1757,1796,0,0,1
1793,1754,1797,0,0,1
1794,1797,1798,0,0,1
1795,1798,1796,0,0,0
1799,1800,1801,1,1,1,1267
1802,1801,1803,1,0,1
1268,1763,1804,0,0,1,9465
1378,1269,1805,0,0,1
1266,1805,1806,0,0,1
1768,1770,1807,0,0,1
1765,1807,1808,0,0,1
1804,1766,1809,0,0,1
1806,1809,1808,0,0,0
546,36,1810,0,0,1,1266
511,1810,1811,0,0,1
509,512,1812,0,0,1
40,1812,1813,0,0,1
38,41,1814,0,0,1
1811,1814,1813,0,0,0
1815,1816,1817,1,1,1,9460
1818,1819,1820,1,1,1
1821,1822,1823,1,1,1
1824,1825,1826,1,1,1
1827,1828,1829,1,1,1
1830,1831,1832,1,1,1
1817,1833,1834,0,1,1
1835,1834,1836,1,0,1
1820,1836,1837,0,0,1
1826,1823,1838,0,0,1
1829,1838,1839,0,0,1
1832,1839,1837,0,0,0
45,47,1840,0,0,1,1266
505,1840,1841,0,0,1
503,506,1842,0,0,1
49,1842,1843,0,0,1
50,1843,1841,0,0,0
1255,1375,1844,0,0,1,1272
1253,1256,1845,0,0,1
1846,1845,1847,1,0,1
876,1847,1848,0,0,1
873,1848,1849,0,0,1
870,1849,1850,0,0,1
1774,1850,1851,0,0,1
1259,1851,1844,0,0,0
1250,1846,1852,0,0,1,9464
1372,1251,1853,0,0,1
1854,1853,1855,1,0,1
1856,1857,1858,1,1,1
875,1858,1859,0,0,1
1852,1859,1855,0,0,0
1860,1861,1862,1,1,1,9460
1863,1862,1864,1,0,1
1865,1864,1866,1,0,1
1867,1866,1868,1,0,1
1869,1870,1871,1,1,1
1872,1871,1873,1,0,1
1874,1875,1876,1,1,1
1877,1876,1878,1,0,1
1879,1878,1880,1,0,1
1881,1880,1882,1,0,1
1883,1882,1884,1,0,1
1868,1885,1886,0,1,1
1873,1886,1884,0,0,0
1856,879,1887,0,0,1,1272
1857,1887,1888,0,0,1
1854,1888,1889,0,0,1
1248,1889,1890,0,0,1
1245,1890,1891,0,0,1
1370,1246,1892,0,0,1
1400,1892,1893,0,0,1
1243,1893,1894,0,0,1
1895,1894,1896,1,0,1
1897,1896,1898,1,0,1
1899,1898,1900,1,0,1
885,1900,1901,0,0,1
881,938,1902,0,0,1
878,882,1903,0,0,1
1891,1903,1904,0,0,1
1901,1904,1902,0,0,0
708,1493,1905,0,0,1,9461
705,1905,1906,0,0,1
1907,1906,1908,1,0,1
1909,1910,1911,1,1,1
694,1912,1913,0,1,1
691,695,1914,0,0,1
1915,1914,1916,1,0,1
1917,1918,1919,1,1,1
1920,1919,1921,1,0,1
1922,1921,1923,1,0,1
1924,1923,1925,1,0,1
1926,1927,1928,1,1,1
70,1929,1930,0,1,1
68,71,1931,0,0,1
1932,1931,1933,1,0,1
1934,1935,1936,1,1,1
1937,1938,1939,1,1,1
263,1939,1940,0,0,1
1908,1940,1941,0,0,1
1911,1941,1942,0,0,1
1925,1916,1943,0,0,1
1928,1943,1944,0,0,1
1930,1944,1945,0,0,1
1942,1936,1946,0,0,1
1945,1913,1947,0,0,1
1933,1947,1946,0,0,0
1937,266,1948,0,0,1,9460
1934,1938,1949,0,0,1
1932,1935,1950,0,0,1
66,1950,1951,0,0,1
493,1951,1952,0,0,1
268,1952,1953,0,0,1
1948,1953,1949,0,0,0
702,706,1954,0,0,1,9462
699,703,1955,0,0,1
697,700,1956,0,0,1
1912,1956,1957,0,0,1
1909,1957,1958,0,0,1
1907,1910,1959,0,0,1
1954,1959,1960,0,0,1
1955,1960,1958,0,0,0
1895,1897,1961,0,0,1,9464
1241,1961,1962,0,0,1
1238,1962,1963,0,0,1
1964,1963,1965,1,0,1
1966,1965,1967,1,0,1
1968,1969,1970,1,1,1
1971,1970,1972,1,0,1
1224,1973,1974,0,1,1
1975,1974,1976,1,0,1
1977,1976,1978,1,0,1
887,1978,1979,0,0,1
884,888,1980,0,0,1
1899,1980,1981,0,0,1
1967,1981,1982,0,0,1
1972,1982,1979,0,0,0
1926,1929,1983,0,0,1,9460
1924,1927,1984,0,0,1
1922,1984,1985,0,0,1
1986,1920,1987,1,0,1
1988,1987,1989,1,0,1
298,1989,1990,0,0,1
1991,1990,1992,1,0,1
73,1993,1994,0,1,1
1983,1994,1995,0,0,1
1985,1995,1992,0,0,0
1993,75,1996,0,0,1,1266
1991,1996,1997,0,0,1
299,1997,1998,0,0,1
378,1998,1999,0,0,1
207,376,2000,0,0,1
79,2000,2001,0,0,1
77,2001,1999,0,0,0
1236,1239,2002,0,0,1,9465
1234,2002,2003,0,0,1
1230,1232,2004,0,0,1
1228,2004,2005,0,0,1
1973,1226,2006,0,0,1
1971,2006,2007,0,0,1
1968,2007,2008,0,0,1
1966,1969,2009,0,0,1
2003,1964,2010,0,0,1
2005,2010,2011,0,0,1
2008,2011,2009,0,0,0
789,692,2012,0,0,1,1269
810,2012,2013,0,0,1
787,2013,2014,0,0,1
689,2014,2015,0,0,1
686,2015,2016,0,0,1
683,687,2017,0,0,1
681,684,2018,0,0,1
679,2018,2019,0,0,1
677,2019,2020,0,0,1
2021,674,2022,1,0,1
2023,2022,2024,1,0,1
2025,2024,2026,1,0,1
2027,2026,2028,1,0,1
2029,2028,2030,1,0,1
2031,2030,2032,1,0,1
2033,2034,2035,1,1,1
2036,2037,2038,1,1,1
2039,2038,2040,1,0,1
2041,2040,2042,1,0,1
2043,2042,2044,1,0,1
2045,2044,2046,1,0,1
2047,2046,2048,1,0,1
2049,2050,2051,1,1,1
1986,2051,2052,0,0,1
1917,2052,2053,0,0,1
1915,1918,2054,0,0,1
2016,2054,2055,0,0,1
2017,2055,2056,0,0,1
2020,2056,2057,0,0,1
2032,2057,2058,0,0,1
2035,2058,2059,0,0,1
2048,2059,2053,0,0,0
1988,301,2060,0,0,1,1268
2049,2060,2061,0,0,1
2047,2050,2062,0,0,1
2045,2062,2063,0,0,1
2039,2041,2064,0,0,1
2065,2036,2066,1,0,1
314,2067,2068,0,1,1
409,2068,2069,0,0,1
310,2069,2070,0,0,1
384,311,2071,0,0,1
308,2071,2072,0,0,1
305,2072,2073,0,0,1
382,306,2074,0,0,1
380,2074,2075,0,0,1
303,2075,2076,0,0,1
2061,2076,2077,0,0,1
2063,2077,2078,0,0,1
2043,2078,2079,0,0,1
2064,2079,2080,0,0,1
2066,2080,2081,0,0,1
2070,2081,2073,0,0,0
88,90,2082,0,0,1,1266
84,86,2083,0,0,1
372,2083,2084,0,0,1
92,2084,2085,0,0,1
93,2085,2086,0,0,1
227,2086,2082,0,0,0
1222,1975,2087,0,0,1,1272
1219,2087,2088,0,0,1
1217,1220,2089,0,0,1
1365,1215,2090,0,0,1
1212,2090,2091,0,0,1
1210,2091,2092,0,0,1
1204,1208,2093,0,0,1
1201,1205,2094,0,0,1
1360,1202,2095,0,0,1
1199,2095,2096,0,0,1
1196,2096,2097,0,0,1
1194,1197,2098,0,0,1
1189,1192,2099,0,0,1
2100,2099,2101,1,0,1
2102,2103,2104,1,1,1
2105,2106,2107,1,1,1
2108,2109,2110,1,1,1
2111,2110,2112,1,0,1
2113,2114,2115,1,1,1
2116,2117,2118,1,1,1
2119,2120,2121,1,1,1
2122,2123,2124,1,1,1
2125,2124,2126,1,0,1
2127,2126,2128,1,0,1
2129,2130,2131,1,1,1
2132,2133,2134,1,1,1
2135,2134,2136,1,0,1
2137,2136,2138,1,0,1
890,2139,2140,0,1,1
1977,2140,2141,0,0,1
2088,2141,2142,0,0,1
2089,2142,2143,0,0,1
1214,2143,2144,0,0,1
2092,2144,2145,0,0,1
1207,2145,2146,0,0,1
2093,2146,2147,0,0,1
2097,2094,2148,0,0,1
2098,2148,2149,0,0,1
1191,2149,2150,0,0,1
2104,2101,2151,0,0,1
2152,2151,2153,1,0,1
2107,2153,2154,0,0,1
2112,2154,2155,0,0,1
2115,2156,2157,0,1,1
2118,2157,2158,0,0,1
2128,2121,2159,0,0,1
2138,2131,2160,0,0,1
2147,2160,2161,0,0,1
2150,2161,2162,0,0,1
2155,2162,2163,0,0,1
2159,2158,2164,0,0,1
2165,2164,2163,1,0,0
2139,892,2166,0,0,1,9463
2137,2166,2167,0,0,1
2168,2167,2169,1,0,1
2170,2169,622,1,0,0
2170,625,2171,0,0,1,9462
2135,2168,2172,0,0,1
2132,2172,2173,0,0,1
2174,2173,2175,1,0,1
2176,2177,2178,1,1,1
630,2179,2180,0,1,1
771,2180,2181,0,0,1
627,2181,2182,0,0,1
2175,2171,2183,0,0,1
2178,2183,2182,0,0,0
2133,2174,2184,0,0,1,9463
2129,2184,2185,0,0,1
2176,2186,2187,0,1,1
2177,2187,2185,0,0,0
2165,2130,2188,0,0,1,1271
2127,2188,2189,0,0,1
2125,2189,2190,0,0,1
2122,2190,2191,0,0,1
2119,2123,2192,0,0,1
2116,2120,2193,0,0,1
2113,2117,2194,0,0,1
2156,2114,2195,0,0,1
2111,2195,2196,0,0,1
2108,2196,2197,0,0,1
2105,2109,2198,0,0,1
2152,2106,2199,0,0,1
2102,2199,2200,0,0,1
2103,2200,2201,0,0,1
2202,2201,2203,1,0,1
652,2203,2204,0,0,1
649,2204,2205,0,0,1
650,2205,2206,0,0,1
777,2206,2207,0,0,1
646,2207,2208,0,0,1
775,647,2209,0,0,1
643,2209,2210,0,0,1
640,644,2211,0,0,1
818,641,2212,0,0,1
637,2212,2213,0,0,1
634,638,2214,0,0,1
632,635,2215,0,0,1
629,2215,2216,0,0,1
2186,2179,2217,0,0,1
2191,2217,2218,0,0,1
2193,2192,2219,0,0,1
2194,2219,2220,0,0,1
2198,2197,2221,0,0,1
2208,2221,2222,0,0,1
2210,2222,2223,0,0,1
2211,2223,2224,0,0,1
2213,2224,2225,0,0,1
2214,2225,2226,0,0,1
2216,2226,2227,0,0,1
2218,2227,2220,0,0,0
236,233,2228,0,0,1,1267
2229,2228,2230,1,0,1
2231,2230,220,1,0,0
172,2229,2232,0,0,1,1266
421,2232,2233,0,0,1
419,2233,2234,0,0,1
176,2234,2231,0,0,0
2235,2236,2237,1,1,1,1268
2238,2237,2239,1,0,1
2240,2239,2241,1,0,1
2037,2065,2242,0,0,1,9460
2033,2242,2243,0,0,1
2031,2034,2244,0,0,1
2245,2246,2247,1,1,1
313,2247,2248,0,0,1
2067,2248,2249,0,0,1
2243,2249,2244,0,0,0
2029,2246,2250,0,0,1,1268
2027,2250,2251,0,0,1
2252,2251,2253,1,0,1
2254,2253,2255,1,0,1
318,2255,2256,0,0,1
319,2256,2257,0,0,1
316,2257,2245,0,0,0
675,2021,2258,0,0,1,9461
783,2258,2259,0,0,1
2260,2259,2261,1,0,1
2262,2261,2263,1,0,1
2264,2263,2265,1,0,1
666,2266,2267,0,1,1
2268,2267,2269,1,0,1
2270,2269,2271,1,0,1
2272,2273,2274,1,1,1
2275,2274,2276,1,0,1
2277,2276,2278,1,0,1
2279,2280,2281,1,1,1
2282,2283,2284,1,1,1
2023,2284,2285,0,0,1
2265,2285,2286,0,0,1
2287,2286,2288,1,0,1
2278,2271,2289,0,0,1
2281,2289,2288,0,0,0
2282,2025,2290,0,0,1,9460
2279,2283,2291,0,0,1
2277,2280,2292,0,0,1
2275,2292,2293,0,0,1
2294,2293,2295,1,0,1
2296,2295,2297,1,0,1
2298,2299,2300,1,1,1
326,2300,2301,0,0,1
324,2301,2302,0,0,1
321,2302,2303,0,0,1
387,322,2304,0,0,1
2254,2304,2305,0,0,1
2290,2252,2306,0,0,1
2291,2306,2307,0,0,1
2303,2297,2308,0,0,1
2305,2308,2307,0,0,0
2309,2310,2311,1,1,1,1268
2312,2311,2313,1,0,1
2314,2315,2316,1,1,1
2317,2318,2319,1,1,1
2320,2319,2321,1,0,1
2322,2321,2323,1,0,1
2324,2325,2326,1,1,1
2313,2326,2327,0,0,1
2316,2327,2323,0,0,0
359,402,2328,0,0,1,1266
130,360,2329,0,0,1
126,128,2330,0,0,1
362,121,2331,0,0,1
2328,2331,2332,0,0,1
2330,2329,2333,0,0,1
124,2333,2332,0,0,0
671,2260,2334,0,0,1,1269
780,672,2335,0,0,1
669,2335,2336,0,0,1
2266,2336,2337,0,0,1
2287,2337,2338,0,0,1
2264,2338,2339,0,0,1
2262,2339,2334,0,0,0
664,667,2340,0,0,1,1269
658,660,2341,0,0,1
656,2341,2342,0,0,1
2343,2342,2344,1,0,1
2345,2344,2346,1,0,1
2347,2346,2348,1,0,1
2349,2348,2350,1,0,1
2351,2350,2352,1,0,1
2296,2352,2353,0,0,1
2272,2294,2354,0,0,1
2270,2273,2355,0,0,1
2268,2355,2356,0,0,1
2340,2356,2357,0,0,1
662,2357,2358,0,0,1
2353,2358,2354,0,0,0
2298,328,2359,0,0,1,1268
2351,2299,2360,0,0,1
2349,2360,2361,0,0,1
2345,2347,2362,0,0,1
2363,2362,2364,1,0,1
334,2364,2365,0,0,1
330,2365,2366,0,0,1
331,2366,2367,0,0,1
2359,2367,2361,0,0,0
340,342,2368,0,0,1,46320
336,338,2369,0,0,1
2370,2369,2371,1,0,1
344,2371,2372,0,0,1
345,2372,2368,0,0,0