0,1,2,1,1,1,30432
3,2,4,1,0,1
5,4,6,1,0,1
7,6,8,1,0,1
9,10,11,1,1,1
12,11,13,1,0,1
14,15,16,1,1,1
17,16,18,1,0,1
19,18,20,1,0,1
21,22,23,1,1,1
24,23,25,1,0,1
26,27,28,1,1,1
29,30,31,1,1,1
32,31,33,1,0,1
34,35,36,1,1,1
37,36,38,1,0,1
39,38,40,1,0,1
41,42,43,1,1,1
44,43,45,1,0,1
46,45,47,1,0,1
48,49,50,1,1,1
51,50,52,1,0,1
53,54,55,1,1,1
56,55,57,1,0,1
58,57,59,1,0,1
60,59,61,1,0,1
62,63,64,1,1,1
65,66,67,1,1,1
68,69,70,1,1,1
71,70,72,1,0,1
73,72,74,1,0,1
75,74,76,1,0,1
77,76,78,1,0,1
79,78,80,1,0,1
81,80,82,1,0,1
83,82,84,1,0,1
85,84,86,1,0,1
87,86,88,1,0,1
89,88,90,1,0,1
91,90,92,1,0,1
93,92,94,1,0,1
95,96,97,1,1,1
98,97,99,1,0,1
100,101,102,1,1,1
103,102,104,1,0,1
105,106,107,1,1,1
108,107,109,1,0,1
110,111,112,1,1,1
113,114,115,1,1,1
116,117,118,1,1,1
119,120,121,1,1,1
122,121,123,1,0,1
124,123,125,1,0,1
126,125,127,1,0,1
128,127,129,1,0,1
130,131,132,1,1,1
133,132,134,1,0,1
135,134,136,1,0,1
137,138,139,1,1,1
140,141,142,1,1,1
143,142,144,1,0,1
145,146,147,1,1,1
148,149,150,1,1,1
151,150,152,1,0,1
153,152,154,1,0,1
155,156,157,1,1,1
158,157,159,1,0,1
160,161,162,1,1,1
163,162,164,1,0,1
165,166,167,1,1,1
168,167,169,1,0,1
170,169,171,1,0,1
172,171,173,1,0,1
174,173,175,1,0,1
176,175,177,1,0,1
178,177,179,1,0,1
180,181,182,1,1,1
183,184,185,1,1,1
186,187,188,1,1,1
189,190,191,1,1,1
192,193,194,1,1,1
195,194,196,1,0,1
197,196,198,1,0,1
199,198,200,1,0,1
201,200,202,1,0,1
203,204,205,1,1,1
206,205,207,1,0,1
208,209,210,1,1,1
211,212,213,1,1,1
214,213,215,1,0,1
216,217,218,1,1,1
219,218,220,1,0,1
221,220,222,1,0,1
223,224,225,1,1,1
226,225,227,1,0,1
228,229,230,1,1,1
231,230,232,1,0,1
233,232,234,1,0,1
235,234,236,1,0,1
237,236,238,1,0,1
239,240,241,1,1,1
242,241,243,1,0,1
244,243,245,1,0,1
246,247,248,1,1,1
249,250,251,1,1,1
252,253,254,1,1,1
255,256,257,1,1,1
258,257,259,1,0,1
260,261,262,1,1,1
263,262,264,1,0,1
265,266,267,1,1,1
268,269,270,1,1,1
271,272,273,1,1,1
274,275,276,1,1,1
277,276,278,1,0,1
279,278,280,1,0,1
281,280,282,1,0,1
283,284,285,1,1,1
286,285,287,1,0,1
288,287,289,1,0,1
290,289,291,1,0,1
292,291,293,1,0,1
294,293,295,1,0,1
296,297,298,1,1,1
299,298,300,1,0,1
301,300,302,1,0,1
303,302,304,1,0,1
305,304,306,1,0,1
307,306,308,1,0,1
309,310,311,1,1,1
312,313,314,1,1,1
315,314,316,1,0,1
317,318,319,1,1,1
320,321,322,1,1,1
323,322,324,1,0,1
325,326,327,1,1,1
328,327,329,1,0,1
330,329,331,1,0,1
332,331,333,1,0,1
334,335,336,1,1,1
337,336,338,1,0,1
339,340,341,1,1,1
342,343,344,1,1,1
345,344,346,1,0,1
8,346,347,0,0,1
20,13,348,0,0,1
28,25,349,0,0,1
33,349,350,0,0,1
52,47,351,0,0,1
61,351,352,0,0,1
64,352,353,0,0,1
67,353,354,0,0,1
94,354,355,0,0,1
99,355,356,0,0,1
104,356,357,0,0,1
358,357,359,1,0,1
109,359,360,0,0,1
112,360,361,0,0,1
115,361,362,0,0,1
118,362,363,0,0,1
129,363,364,0,0,1
136,364,365,0,0,1
139,365,366,0,0,1
144,366,367,0,0,1
147,367,368,0,0,1
154,368,369,0,0,1
159,369,370,0,0,1
371,370,372,1,0,1
164,372,373,0,0,1
374,373,375,1,0,1
179,375,376,0,0,1
182,376,377,0,0,1
185,377,378,0,0,1
379,378,380,1,0,1
188,380,381,0,0,1
191,382,383,0,1,1
202,384,385,0,1,1
207,385,386,0,0,1
387,386,388,1,0,1
210,388,389,0,0,1
215,389,390,0,0,1
222,390,391,0,0,1
227,391,392,0,0,1
238,392,393,0,0,1
394,393,395,1,0,1
245,395,396,0,0,1
397,396,398,1,0,1
248,398,399,0,0,1
254,251,400,0,0,1
401,400,402,1,0,1
259,402,403,0,0,1
264,403,404,0,0,1
405,404,406,1,0,1
267,406,407,0,0,1
408,407,409,1,0,1
270,409,410,0,0,1
282,273,411,0,0,1
295,411,412,0,0,1
308,412,413,0,0,1
324,319,414,0,0,1
333,414,415,0,0,1
338,415,416,0,0,1
347,341,417,0,0,1
348,417,418,0,0,1
350,418,419,0,0,1
381,420,421,0,1,1
383,421,422,0,0,1
399,422,423,0,0,1
410,423,424,0,0,1
419,416,425,0,0,1
426,425,427,1,0,1
424,40,428,0,0,1
427,316,429,0,0,1
428,430,431,0,1,1
413,431,432,0,0,1
311,432,429,0,0,0
433,434,435,1,1,1,29360
436,435,437,1,0,1
438,437,439,1,0,1
440,441,442,1,1,1
443,442,444,1,0,1
445,444,446,1,0,1
447,448,449,1,1,1
450,451,452,1,1,1
453,452,454,1,0,1
455,454,456,1,0,1
457,458,459,1,1,1
460,459,461,1,0,1
462,461,463,1,0,1
464,463,465,1,0,1
466,467,468,1,1,1
469,470,471,1,1,1
472,473,474,1,1,1
439,474,475,0,0,1
446,475,476,0,0,1
477,476,478,1,0,1
449,478,479,0,0,1
465,456,480,0,0,1
468,480,481,0,0,1
471,481,482,0,0,1
483,482,479,1,0,0
484,485,486,1,1,1,29616
487,486,488,1,0,1
489,490,491,1,1,1
492,491,493,1,0,1
494,493,495,1,0,1
496,495,497,1,0,1
498,497,499,1,0,1
450,499,500,0,0,1
447,451,501,0,0,1
448,501,502,0,0,1
477,502,503,0,0,1
445,503,504,0,0,1
443,504,505,0,0,1
438,441,506,0,0,1
436,506,507,0,0,1
433,507,508,0,0,1
488,508,509,0,0,1
505,500,510,0,0,1
440,510,509,0,0,0
511,512,513,1,1,1,29360
514,513,515,1,0,1
516,515,517,1,0,1
518,517,519,1,0,1
520,519,521,1,0,1
522,521,523,1,0,1
524,523,525,1,0,1
526,525,527,1,0,1
528,527,529,1,0,1
530,529,531,1,0,1
494,532,533,0,1,1
492,533,534,0,0,1
489,534,535,0,0,1
487,490,536,0,0,1
484,536,537,0,0,1
531,537,535,0,0,0
538,539,540,1,1,1,29616
518,541,542,0,1,1
516,542,543,0,0,1
514,543,544,0,0,1
511,544,540,0,0,0
545,546,547,1,1,1,31440
548,547,549,1,0,1
550,549,551,1,0,1
552,551,553,1,0,1
554,553,555,1,0,1
556,555,557,1,0,1
558,557,559,1,0,1
560,559,561,1,0,1
562,561,563,1,0,1
564,563,565,1,0,1
566,567,568,1,1,1
538,568,565,0,0,0
569,570,571,1,1,1,35520
572,571,573,1,0,1
574,573,575,1,0,1
576,577,578,1,1,1
579,578,580,1,0,1
581,580,582,1,0,1
583,582,584,1,0,1
585,586,587,1,1,1
588,587,589,1,0,1
545,589,590,0,0,1
584,575,591,0,0,1
592,591,590,1,0,0
593,594,595,1,1,1,34496
596,595,597,1,0,1
598,599,600,1,1,1
601,600,602,1,0,1
603,602,604,1,0,1
605,604,606,1,0,1
607,606,608,1,0,1
609,608,610,1,0,1
611,612,613,1,1,1
569,613,614,0,0,1
597,614,610,0,0,0
615,616,617,1,1,1,33728
618,617,619,1,0,1
620,619,621,1,0,1
622,621,623,1,0,1
624,623,625,1,0,1
596,599,626,0,0,1
593,626,625,0,0,0
627,628,629,1,1,1,9156
630,629,631,1,0,1
632,631,633,1,0,1
634,633,635,1,0,1
636,635,637,1,0,1
638,639,640,1,1,1
641,642,643,1,1,1
618,644,645,0,1,1
615,645,646,0,0,1
637,646,647,0,0,1
640,647,643,0,0,0
648,649,650,1,1,1,10949
651,652,653,1,1,1
654,653,655,1,0,1
656,655,657,1,0,1
634,657,658,0,0,1
632,658,659,0,0,1
630,659,660,0,0,1
627,660,650,0,0,0
661,662,663,1,1,1,9158
664,663,665,1,0,1
666,665,667,1,0,1
668,667,648,1,0,0
669,670,671,1,1,1,9907
672,671,673,1,0,1
674,673,661,1,0,0
675,676,677,1,1,1,1714
678,677,679,1,0,1
680,679,681,1,0,1
682,681,669,1,0,1
683,684,685,1,1,1,1715
686,685,687,1,0,1
688,689,690,1,1,1
691,690,692,1,0,1
693,692,687,1,0,0
683,694,695,1,1,1,9908
696,695,697,1,0,1
698,697,699,1,0,1
700,699,701,1,0,1
702,701,703,1,0,1
704,705,706,1,1,1,1716
707,706,708,1,0,1
709,708,710,1,0,1
711,712,713,1,1,1,2230
714,715,716,1,1,1
717,716,718,1,0,1
719,718,720,1,0,1
721,720,722,1,0,1
707,722,723,0,0,1
704,723,713,0,0,0
724,725,726,1,1,1,1717
727,728,729,1,1,1
730,731,732,1,1,1
733,732,734,1,0,1
735,734,736,1,0,1
737,736,738,1,0,1
739,740,741,1,1,1
714,741,742,0,0,1
715,742,743,0,0,1
711,743,744,0,0,1
726,744,745,0,0,1
729,745,738,0,0,0
746,747,748,1,1,1,1716
749,748,750,1,0,1
751,750,752,1,0,1
753,752,754,1,0,1
755,754,756,1,0,1
730,756,757,0,0,1
731,757,758,0,0,1
727,758,759,0,0,1
728,759,760,0,0,1
724,760,761,0,0,1
762,763,764,1,1,1,691
765,764,766,1,0,1
746,767,768,0,1,1
747,768,766,0,0,0
769,770,771,1,1,1,29360
772,771,773,1,0,1
774,773,775,1,0,1
776,775,777,1,0,1
778,777,779,1,0,1
780,779,781,1,0,1
782,781,783,1,0,1
784,783,785,1,0,1
786,785,787,1,0,1
788,789,790,1,1,1
791,792,793,1,1,1
794,793,795,1,0,1
796,795,797,1,0,1
798,797,799,1,0,1
800,799,801,1,0,1
802,801,803,1,0,1
804,803,805,1,0,1
806,805,807,1,0,1
808,807,809,1,0,1
810,809,811,1,0,1
812,813,814,1,1,1
815,814,816,1,0,1
817,816,818,1,0,1
819,818,820,1,0,1
821,820,822,1,0,1
823,824,825,1,1,1
826,827,828,1,1,1
829,828,830,1,0,1
831,832,833,1,1,1
762,833,834,0,0,1
811,790,835,0,0,1
822,835,836,0,0,1
830,837,838,0,1,1
834,838,839,0,0,1
836,787,840,0,0,1
825,840,839,0,0,0
841,842,843,1,1,1,29184
844,843,845,1,0,1
846,845,847,1,0,1
848,849,850,1,1,1
851,852,853,1,1,1
854,853,855,1,0,1
856,855,857,1,0,1
858,857,859,1,0,1
860,859,861,1,0,1
862,861,863,1,0,1
864,863,865,1,0,1
866,865,867,1,0,1
868,867,869,1,0,1
870,869,871,1,0,1
872,871,873,1,0,1
791,873,874,0,0,1
792,874,875,0,0,1
788,875,876,0,0,1
789,876,877,0,0,1
786,877,878,0,0,1
784,878,879,0,0,1
782,879,880,0,0,1
780,880,881,0,0,1
778,881,882,0,0,1
776,882,883,0,0,1
774,883,884,0,0,1
772,884,885,0,0,1
769,885,886,0,0,1
847,886,850,0,0,0
588,548,887,0,0,1,35552
585,887,888,0,0,1
592,586,889,0,0,1
583,889,890,0,0,1
581,890,891,0,0,1
892,891,893,1,0,1
894,893,895,1,0,1
896,895,897,1,0,1
898,897,899,1,0,1
550,899,888,0,0,0
900,674,901,1,0,1,9910
902,901,903,1,0,1
904,903,905,1,0,1
906,905,664,1,0,0
829,832,907,0,0,1,29408
826,907,908,0,0,1
837,827,909,0,0,1
823,909,910,0,0,1
821,824,911,0,0,1
819,911,912,0,0,1
817,912,913,0,0,1
815,913,914,0,0,1
812,914,915,0,0,1
810,813,916,0,0,1
808,916,917,0,0,1
806,917,918,0,0,1
802,804,919,0,0,1
800,919,920,0,0,1
796,798,921,0,0,1
872,794,922,0,0,1
870,922,923,0,0,1
868,923,924,0,0,1
866,924,925,0,0,1
864,925,926,0,0,1
862,926,927,0,0,1
928,927,929,1,0,1
131,929,930,0,0,1
128,930,931,0,0,1
126,931,932,0,0,1
124,932,933,0,0,1
122,933,934,0,0,1
119,934,935,0,0,1
120,935,936,0,0,1
116,936,937,0,0,1
117,937,938,0,0,1
113,938,939,0,0,1
114,939,940,0,0,1
110,940,941,0,0,1
942,941,943,1,0,1
944,943,945,1,0,1
946,945,947,1,0,1
948,949,950,1,1,1
951,950,952,1,0,1
953,954,955,1,1,1
956,955,957,1,0,1
958,957,959,1,0,1
960,959,961,1,0,1
962,961,963,1,0,1
964,963,965,1,0,1
966,965,967,1,0,1
968,969,970,1,1,1
971,972,973,1,1,1
974,975,976,1,1,1
977,978,979,1,1,1
980,979,981,1,0,1
982,983,984,1,1,1
985,984,986,1,0,1
987,986,988,1,0,1
765,988,989,0,0,1
831,989,990,0,0,1
908,990,991,0,0,1
910,991,992,0,0,1
915,992,993,0,0,1
918,993,994,0,0,1
920,994,995,0,0,1
947,921,996,0,0,1
952,996,997,0,0,1
967,997,998,0,0,1
970,998,999,0,0,1
1000,999,1001,1,0,1
973,1001,1002,0,0,1
976,1002,1003,0,0,1
981,1003,1004,0,0,1
1005,1004,995,1,0,0
641,644,1006,0,0,1,962
1007,1006,1008,1,0,1
1009,1010,1011,1,1,1
1012,1011,1013,1,0,1
1014,1015,1016,1,1,1
1017,1018,1019,1,1,1
1020,1019,1021,1,0,1
1022,1021,1023,1,0,1
1024,1023,1025,1,0,1
1026,1027,1028,1,1,1
603,1029,1030,0,1,1
601,1030,1031,0,0,1
624,598,1032,0,0,1
622,1032,1033,0,0,1
620,1033,1034,0,0,1
1008,1034,1035,0,0,1
1013,1035,1036,0,0,1
1016,1036,1037,0,0,1
1028,1025,1038,0,0,1
1039,1038,1040,1,0,1
1031,1040,1037,0,0,0
987,767,1041,0,0,1,739
1042,985,1043,1,0,1
1044,1043,1045,1,0,1
1046,1045,1047,1,0,1
1048,1047,1049,1,0,1
749,1049,1041,0,0,0
721,709,1050,0,0,1,1717
1051,1050,1052,1,0,1
1053,1052,1054,1,0,1
1055,1054,1056,1,0,1
1057,1056,1058,1,0,1
1059,1060,1061,1,1,1
1062,1061,1058,1,0,0
906,666,1063,0,0,1,2230
1064,904,1065,1,0,1
1066,1065,1067,1,0,1
1068,1067,1069,1,0,1
1070,1069,1071,1,0,1
1072,1071,1073,1,0,1
1074,1073,1075,1,0,1
652,1075,1076,0,0,1
668,1076,1063,0,0,0
898,552,1077,0,0,1,31456
1078,1077,1079,1,0,1
1080,1079,1081,1,0,1
1082,1081,1083,1,0,1
558,1084,1085,0,1,1
556,1085,1086,0,0,1
554,1086,1083,0,0,0
1087,1088,1089,1,1,1,9909
1090,1089,1091,1,0,1
676,1091,1092,0,0,1
672,1092,1093,1,0,1
900,1093,1094,1,0,1
902,1094,1095,1,0,1
1064,1095,1096,1,0,1
1097,1096,1098,1,0,1
611,572,1099,0,0,1,33728
609,612,1100,0,0,1
607,1100,1101,0,0,1
605,1101,1102,0,0,1
1029,1102,1103,0,0,1
1039,1103,1104,0,0,1
1026,1104,1105,0,0,1
1027,1105,1106,0,0,1
1107,1024,1108,1,0,1
1109,1108,1110,1,0,1
1111,1112,1113,1,1,1
1114,1113,1115,1,0,1
574,1116,1117,0,1,1
1099,1117,1118,0,0,1
1110,1106,1119,0,0,1
1115,1119,1118,0,0,0
1120,1121,1122,1,1,1,9909
1123,1122,1124,1,0,1
1125,1126,1127,1,1,1
1060,1057,1128,1,1,1
1129,1128,1130,1,0,1
1131,1130,1132,1,0,1
1133,1132,1134,1,0,1
698,1131,1135,0,0,1
1124,1135,1136,0,0,1
1134,1127,1137,0,0,1
1133,1137,1136,0,0,0
483,473,1138,0,0,1,31664
469,1138,1139,0,0,1
466,470,1140,0,0,1
464,467,1141,0,0,1
460,462,1142,0,0,1
457,1142,1143,0,0,1
1144,1143,1145,1,0,1
1146,1145,1147,1,0,1
1148,1147,1149,1,0,1
1150,1149,1151,1,0,1
1152,1151,1153,1,0,1
1154,1153,1155,1,0,1
1156,1157,1158,1,1,1
1159,1160,1161,1,1,1
1162,1161,1163,1,0,1
1164,1163,1165,1,0,1
1166,1165,1167,1,0,1
1139,1167,1168,0,0,1
1140,1168,1169,0,0,1
1141,1169,1170,0,0,1
1155,1170,1158,0,0,0
638,642,1171,0,0,1,1730
639,1171,1172,0,0,1
1173,1172,1174,1,0,1
1010,1174,1007,0,0,0
656,636,1175,0,0,1,2739
654,1175,1176,0,0,1
1177,1176,1178,1,0,1
1179,1178,1180,1,0,1
1181,1180,1182,1,0,1
1183,1182,1184,1,0,1
1185,1186,1187,1,1,1
1188,1187,1189,1,0,1
1190,1191,1192,1,1,1
1193,1192,1194,1,0,1
1195,1194,1196,1,0,1
1197,1196,1198,1,0,1
1009,1198,1199,0,0,1
1173,1199,1200,0,0,1
1184,1200,1189,0,0,0
566,541,1201,0,0,1,30896
1202,1201,1203,1,0,1
1204,1203,1205,1,0,1
1206,1205,1207,1,0,1
1208,1209,1210,1,1,1
1211,1212,1213,1,1,1
1214,1215,1216,1,1,1
1217,1216,1218,1,0,1
1219,1220,1221,1,1,1
1222,1221,1223,1,0,1
1154,1223,1224,0,0,1
1152,1224,1225,0,0,1
1150,1225,1226,0,0,1
1148,1226,1227,0,0,1
1146,1227,1228,0,0,1
1144,1228,1229,0,0,1
458,1229,1230,0,0,1
498,453,1231,0,0,1
496,1231,1232,0,0,1
530,532,1233,0,0,1
524,526,1234,0,0,1
1207,520,1235,0,0,1
1210,1235,1236,0,0,1
1218,1213,1237,0,0,1
1230,1238,1239,0,1,1
455,1239,1240,0,0,1
1232,1240,1241,0,0,1
1233,1241,1242,0,0,1
528,1242,1243,0,0,1
1234,1243,1244,0,0,1
522,1244,1245,0,0,1
1236,1245,1237,0,0,0
576,579,1246,0,0,1,35040
1116,577,1247,0,0,1
1114,1247,1248,0,0,1
1111,1248,1249,0,0,1
1109,1112,1250,0,0,1
1251,1250,1252,1,0,1
1253,1252,1254,1,0,1
1255,1254,1256,1,0,1
1257,1258,1259,1,1,1
1260,1261,1262,1,1,1
1263,1262,1264,1,0,1
1265,1264,1266,1,0,1
1267,1266,1268,1,0,1
1269,1268,1270,1,0,1
1271,1272,1273,1,1,1
1274,1273,1275,1,0,1
1276,1277,1278,1,1,1
1078,1278,1279,0,0,1
896,1279,1280,0,0,1
894,1280,1281,0,0,1
892,1281,1282,0,0,1
1246,1282,1283,0,0,1
1249,1283,1284,0,0,1
1256,1284,1285,0,0,1
1259,1285,1286,0,0,1
1287,1286,1288,1,0,1
1275,1270,1289,0,0,1
1290,1289,1288,1,0,0
753,755,1291,0,0,1,9958
1292,1291,1293,1,0,1
1294,1295,1296,1,1,1
1297,1296,1298,1,0,1
1299,1298,1300,1,0,1
735,1300,1301,0,0,1
733,1301,1293,0,0,0
1048,751,1302,0,0,1,14052
1046,1302,1303,0,0,1
1304,1303,1305,1,0,1
1306,1305,1307,1,0,1
1308,1307,1309,1,0,1
1310,1309,1311,1,0,1
1295,1311,1292,0,0,0
1084,560,1312,0,0,1,30944
1276,1080,1313,0,0,1
1290,1277,1314,0,0,1
1274,1314,1315,0,0,1
1271,1315,1316,0,0,1
1317,1316,1318,1,0,1
1319,1318,1320,1,0,1
1321,1320,1322,1,0,1
1323,1322,1324,1,0,1
1325,1324,1326,1,0,1
1327,1326,1328,1,0,1
1329,1328,1330,1,0,1
1331,1330,1332,1,0,1
1333,1332,1334,1,0,1
1335,1334,1336,1,0,1
1337,1338,1339,1,1,1
1340,1339,1341,1,0,1
1342,1343,1344,1,1,1
1345,1346,1347,1,1,1
1348,1349,1350,1,1,1
1351,1350,1352,1,0,1
1353,1352,1354,1,0,1
1355,1354,1356,1,0,1
1357,1356,1358,1,0,1
1359,1358,1360,1,0,1
1361,1360,1362,1,0,1
1220,1362,1363,0,0,1
1238,1363,1364,0,0,1
1217,1364,1365,0,0,1
1214,1365,1366,0,0,1
1215,1366,1367,0,0,1
1211,1367,1368,0,0,1
1212,1368,1369,0,0,1
1208,1369,1370,0,0,1
1209,1370,1371,0,0,1
1206,1371,1372,0,0,1
1204,1372,1373,0,0,1
1202,1373,1374,0,0,1
567,1374,1375,0,0,1
564,1375,1376,0,0,1
562,1376,1377,0,0,1
1312,1377,1378,0,0,1
1082,1378,1379,0,0,1
1313,1379,1380,0,0,1
1341,1336,1381,0,0,1
1382,1381,1383,1,0,1
1344,1383,1384,0,0,1
1385,1384,1386,1,0,1
1347,1386,1387,0,0,1
1388,1387,1380,1,0,0
1066,1097,1389,1,0,1,9143
1068,1389,1390,1,0,1
1391,1390,1392,1,0,1
1393,1394,1395,1,1,1
1126,1395,1396,0,0,1
1123,1396,1397,0,0,1
1398,1397,1399,1,0,1
1400,1399,1401,1,0,1
1402,1401,1403,1,0,1
1404,1405,1406,1,1,1
1407,1406,1408,1,0,1
1407,1409,1410,0,1,1
1392,1410,1411,0,0,1
1412,1411,1413,1,0,1
1414,1413,1415,1,0,1
1408,1403,1416,0,0,1
1409,1416,1415,0,0,0
1074,651,1417,0,0,1,10423
1418,1417,1419,1,0,1
1420,1419,1421,1,0,1
1422,1421,1423,1,0,1
1424,1423,1425,1,0,1
1426,1427,1428,1,1,1
1179,1428,1429,0,0,1
1425,1177,1430,0,0,1
1431,1430,1429,1,0,0
1432,719,1433,1,0,1,14053
1434,1433,1435,1,0,1
1436,1435,1437,1,0,1
1438,1437,1439,1,0,1
1440,1439,1051,1,0,0
1299,737,1441,0,0,1,14565
1297,1441,1442,0,0,1
1443,1442,1444,1,0,1
1432,1445,1446,0,1,1
717,1446,1447,0,0,1
739,1447,1448,0,0,1
1444,740,1449,0,0,1
1450,1449,1448,1,0,0
1055,1125,1451,0,1,1,10471
1053,1451,1452,0,0,1
1440,1452,1453,0,0,1
1454,1453,1455,1,0,1
1456,1455,1457,1,0,1
1458,1457,1393,1,0,1
1459,1072,1460,1,0,1,2231
1461,1460,1462,1,0,1
1463,1464,1465,1,1,1
1466,1467,1468,1,1,1
1418,1468,1469,0,0,1
1462,1469,1465,0,0,0
1412,1391,1470,1,1,1,2279
1394,1414,1471,1,1,1
1458,1471,1472,0,0,1
1473,1472,1474,1,0,1
1475,1474,1476,1,0,1
1477,1476,1478,1,0,1
1479,1478,1480,1,0,1
1481,1480,1482,1,0,1
1483,1482,1484,1,0,1
1461,1484,1485,0,0,1
1459,1485,1486,0,0,1
1070,1486,1470,0,0,0
1450,1445,1487,0,0,1,10469
1488,1487,1489,1,0,1
1490,1489,1491,1,0,1
1436,1491,1434,0,0,0
1426,1181,1492,0,0,1,10470
1424,1431,1493,0,0,1
1494,1493,1495,1,0,1
1496,1497,1498,1,1,1
1191,1498,1499,0,0,1
1188,1499,1500,0,0,1
1185,1500,1501,0,0,1
1492,1183,1502,0,0,1
1427,1502,1503,0,0,1
1501,1495,1504,0,0,1
1186,1504,1503,0,0,0
1306,1308,1505,0,0,1,2273
1044,1304,1506,0,0,1
1042,1506,1507,0,0,1
982,1507,1508,0,0,1
1509,1508,1510,1,0,1
1511,1510,1512,1,0,1
1513,1512,1514,1,0,1
1515,1514,1516,1,0,1
1517,1516,1518,1,0,1
1519,1520,1521,1,1,1
1522,1521,1523,1,0,1
1524,1525,1526,1,1,1
1527,1528,1529,1,1,1
1530,1529,1531,1,0,1
1532,1533,1534,1,1,1
1535,1534,1536,1,0,1
1537,1536,1538,1,0,1
1539,1538,1540,1,0,1
1541,1540,1542,1,0,1
1543,1542,1544,1,0,1
1545,1544,1546,1,0,1
1547,1548,1549,1,1,1
1550,1549,1551,1,0,1
1552,1551,1553,1,0,1
1554,1555,1556,1,1,1
1557,1558,1559,1,1,1
1560,1559,1561,1,0,1
1454,1561,1562,0,0,1
1438,1562,1563,0,0,1
1490,1563,1564,0,0,1
1488,1564,1565,0,0,1
1294,1443,1566,0,0,1
1310,1566,1567,0,0,1
1505,1567,1568,0,0,1
1518,1568,1569,0,0,1
1570,1569,1571,1,0,1
1523,1571,1572,0,0,1
1546,1531,1573,0,0,1
1553,1573,1574,0,0,1
1556,1574,1575,0,0,1
1572,1565,1576,0,0,1
1526,1576,1575,0,0,0
983,1509,1577,0,0,1,30944
1005,1577,1578,0,0,1
980,1578,1579,0,0,1
977,1579,1580,0,0,1
974,978,1581,0,0,1
971,975,1582,0,0,1
972,1582,1583,0,0,1
1000,1583,1584,0,0,1
968,1584,1585,0,0,1
966,969,1586,0,0,1
964,1586,1587,0,0,1
960,962,1588,0,0,1
958,1588,1589,0,0,1
953,956,1590,0,0,1
951,954,1591,0,0,1
948,1591,1592,0,0,1
946,949,1593,0,0,1
944,1593,1594,0,0,1
111,942,1595,0,0,1
108,1595,1596,0,0,1
105,1596,1597,0,0,1
106,1597,1598,0,0,1
358,1598,1599,0,0,1
103,1599,1600,0,0,1
100,1600,1601,0,0,1
98,101,1602,0,0,1
95,1602,1603,0,0,1
93,96,1604,0,0,1
91,1604,1605,0,0,1
85,87,1606,0,0,1
81,83,1607,0,0,1
75,77,1608,0,0,1
65,69,1609,0,0,1
62,66,1610,0,0,1
60,63,1611,0,0,1
58,1611,1612,0,0,1
53,56,1613,0,0,1
51,54,1614,0,0,1
48,1614,1615,0,0,1
46,49,1616,0,0,1
44,1616,1617,0,0,1
41,1617,1618,0,0,1
420,42,1619,0,0,1
39,1619,1620,0,0,1
37,1620,1621,0,0,1
34,1621,1622,0,0,1
430,35,1623,0,0,1
426,1623,1624,0,0,1
32,1624,1625,0,0,1
29,1625,1626,0,0,1
26,30,1627,0,0,1
24,27,1628,0,0,1
21,1628,1629,0,0,1
19,22,1630,0,0,1
17,1630,1631,0,0,1
14,1631,1632,0,0,1
12,15,1633,0,0,1
9,1633,1634,0,0,1
7,10,1635,0,0,1
5,1635,1636,0,0,1
1637,0,1638,1,0,1
1639,1638,1640,1,0,1
1641,1640,1642,1,0,1
1643,1642,1644,1,0,1
1645,1646,1647,1,1,1
1648,1647,1649,1,0,1
1650,1649,1651,1,0,1
1652,1653,1654,1,1,1
1655,1656,1657,1,1,1
1658,1659,1660,1,1,1
1661,1660,1662,1,0,1
1519,1662,1663,0,0,1
1570,1520,1664,0,0,1
1517,1664,1665,0,0,1
1515,1665,1666,0,0,1
1511,1513,1667,0,0,1
1580,1667,1668,0,0,1
1581,1668,1669,0,0,1
1585,1669,1670,0,0,1
1587,1670,1671,0,0,1
1589,1671,1672,0,0,1
1590,1672,1673,0,0,1
1594,1592,1674,0,0,1
1601,1674,1675,0,0,1
1603,1675,1676,0,0,1
1605,1676,1677,0,0,1
89,1677,1678,0,0,1
1606,1678,1679,0,0,1
1607,1679,1680,0,0,1
1610,1609,1681,0,0,1
1612,1681,1682,0,0,1
1613,1682,1683,0,0,1
1626,1622,1684,0,0,1
1627,1684,1685,0,0,1
1629,1685,1686,0,0,1
1632,1686,1687,0,0,1
1634,1687,1688,0,0,1
1636,1688,1689,0,0,1
3,1689,1690,0,0,1
1644,1690,1691,0,0,1
1651,1691,1692,0,0,1
1654,1692,1693,0,0,1
1663,1657,1694,0,0,1
1666,1694,1695,0,0,1
1673,1695,1696,0,0,1
1680,1696,1697,0,0,1
79,1697,1698,0,0,1
1608,1698,1699,0,0,1
73,1699,1700,0,0,1
71,1700,1701,0,0,1
68,1701,1702,0,0,1
1683,1702,1703,0,0,1
1615,1703,1704,0,0,1
1618,1704,1693,0,0,0
1705,1197,1706,1,0,1,194
1707,1706,1708,1,0,1
1020,1709,1710,0,1,1
1017,1710,1711,0,0,1
1014,1018,1712,0,0,1
1012,1015,1713,0,0,1
1711,1708,1714,0,0,1
1712,1714,1713,0,0,0
1560,1456,1715,0,0,1,10468
1716,1715,1717,1,0,1
1718,1717,1473,1,0,0
1475,1477,1719,0,0,1,10469
1718,1719,1720,0,0,1
1721,1720,1722,1,0,1
1723,1722,1724,1,0,1
1725,1726,1727,1,1,1
1728,1727,1729,1,0,1
1730,1729,1731,1,0,1
1479,1731,1724,0,0,0
1463,1467,1732,0,0,1,2279
1483,1464,1733,0,0,1
1734,1733,1735,1,0,1
1736,1735,1737,1,0,1
1738,1737,1739,1,0,1
1740,1739,1741,1,0,1
1466,1420,1742,0,0,1
1732,1742,1741,0,0,0
1195,1705,1743,0,0,1,10469
1744,1743,1745,1,0,1
1746,1745,1747,1,0,1
1748,1747,1749,1,0,1
1750,1749,1707,1,0,0
1496,1190,1751,0,0,1,2278
1752,1497,1753,1,0,1
1754,1753,1755,1,0,1
1543,1756,1757,0,1,1
1541,1757,1758,0,0,1
1759,1539,1760,1,0,1
1761,1760,1762,1,0,1
1763,1762,1764,1,0,1
1746,1764,1765,0,0,1
1193,1744,1766,0,0,1
1751,1766,1767,0,0,1
1755,1767,1768,0,0,1
1758,1768,1765,0,0,0
1730,1481,1769,0,0,1,10469
1770,1728,1771,1,0,1
1772,1771,1773,1,0,1
1555,1773,1774,0,0,1
1775,1774,1776,1,0,1
1777,1776,1778,1,0,1
1736,1778,1779,0,0,1
1734,1779,1769,0,0,0
1422,1494,1780,0,0,1,2278
1740,1780,1781,0,0,1
1782,1781,1783,1,0,1
1784,1783,1785,1,0,1
1547,1785,1786,0,0,1
1548,1786,1787,0,0,1
1756,1545,1788,0,0,1
1754,1788,1789,0,0,1
1752,1789,1787,0,0,0
1790,1255,1791,1,0,1,10471
1792,1791,1793,1,0,1
1794,1793,1795,1,0,1
1796,1795,1797,1,0,1
1798,1797,1799,1,0,1
1800,1799,1258,1,0,0
1716,1721,1801,0,0,1,2274
1557,1801,1802,0,0,1
1558,1802,1803,0,0,1
1772,1554,1804,0,0,1
1770,1804,1805,0,0,1
1725,1805,1806,0,0,1
1726,1806,1807,0,0,1
1723,1807,1803,0,0,0
1107,1251,1808,0,0,1,14051
1022,1808,1809,0,0,1
1709,1809,1810,0,0,1
1750,1810,1811,0,0,1
1748,1811,1812,0,0,1
1763,1812,1813,0,0,1
1814,1815,1816,1,1,1
1817,1816,1818,1,0,1
1790,1818,1819,0,0,1
1253,1819,1813,0,0,0
1800,1257,1820,0,0,1,18662
1798,1820,1821,0,0,1
1822,1821,1823,1,0,1
1824,1825,1826,1,1,1
1827,1826,1828,1,0,1
1261,1828,1829,0,0,1
1287,1829,1823,0,0,0
1777,1738,1830,0,0,1,10469
1775,1830,1831,0,0,1
1552,1831,1832,0,0,1
1550,1832,1833,0,0,1
1784,1833,1782,0,0,0
1827,1260,1834,0,0,1,2274
1824,1834,1835,0,0,1
1836,1835,1837,1,0,1
1838,1837,1839,1,0,1
1265,1840,1841,0,1,1
1263,1841,1839,0,0,0
1661,1522,1842,0,0,1,35040
1655,1659,1843,0,0,1
1656,1843,1844,0,0,1
1652,1844,1845,0,0,1
1653,1845,1846,0,0,1
1650,1846,1847,0,0,1
1648,1847,1848,0,0,1
1645,1848,1849,0,0,1
1850,1851,1852,1,1,1
1853,1854,1855,1,1,1
1527,1856,1857,0,1,1
1524,1528,1858,0,0,1
1842,1525,1859,0,0,1
1658,1859,1860,0,0,1
1852,1849,1861,0,0,1
1855,1861,1862,0,0,1
1863,1862,1864,1,0,1
1857,1864,1865,0,0,1
1858,1865,1860,0,0,0
1159,1162,1866,0,0,1,32160
1867,1866,1868,1,0,1
1869,1870,1871,1,1,1
1872,1871,1873,1,0,1
1874,1875,1876,1,1,1
1877,1876,1878,1,0,1
1879,1880,1881,1,1,1
1882,1881,1883,1,0,1
1884,1883,1885,1,0,1
1886,1887,1888,1,1,1
1889,1890,1891,1,1,1
1892,1893,1894,1,1,1
1895,1894,1896,1,0,1
1897,1896,1898,1,0,1
1164,1898,1899,0,0,1
1868,1899,1900,0,0,1
1901,1900,1902,1,0,1
1873,1902,1903,0,0,1
1878,1903,1904,0,0,1
1888,1885,1905,0,0,1
1906,1905,1907,1,0,1
1891,1907,1904,0,0,0
1267,1269,1908,0,0,1,9956
1840,1908,1909,0,0,1
1910,1909,1911,1,0,1
1912,345,1913,1,0,1
1317,1914,1915,0,1,1
1272,1915,1916,0,0,1
1911,1916,1913,0,0,0
1814,1817,1917,0,0,1,2278
1761,1815,1918,0,0,1
1759,1918,1919,0,0,1
1537,1919,1920,0,0,1
1535,1920,1921,0,0,1
1922,1921,1923,1,0,1
1924,1923,1925,1,0,1
1851,1926,1927,0,1,1
1646,1927,1928,0,0,1
1929,1928,1930,1,0,1
1931,1930,1932,1,0,1
1933,1932,1934,1,0,1
1822,1934,1935,0,0,1
1796,1935,1936,0,0,1
1794,1936,1937,0,0,1
1792,1937,1938,0,0,1
1917,1938,1925,0,0,0
1933,1825,1939,0,0,1,2273
1929,1931,1940,0,0,1
1643,1940,1941,0,0,1
1641,1941,1942,0,0,1
1639,1942,1943,0,0,1
1637,1943,1944,0,0,1
1,1944,1945,0,0,1
1910,1945,1946,0,0,1
1838,1946,1947,0,0,1
1836,1947,1939,0,0,0
1856,1530,1948,0,0,1,39136
1863,1948,1949,0,0,1
1853,1949,1950,0,0,1
1850,1854,1951,0,0,1
1924,1926,1952,0,0,1
1532,1922,1953,0,0,1
1950,1533,1954,0,0,1
1952,1951,1955,0,0,1
1953,1955,1954,0,0,0
1912,1914,1956,0,0,1,31456
342,1956,1957,0,0,1
339,343,1958,0,0,1
337,340,1959,0,0,1
334,1959,1960,0,0,1
332,335,1961,0,0,1
323,326,1962,0,0,1
320,1962,1963,0,0,1
317,321,1964,0,0,1
315,318,1965,0,0,1
309,313,1966,0,0,1
307,310,1967,0,0,1
305,1967,1968,0,0,1
301,303,1969,0,0,1
299,1969,1970,0,0,1
294,297,1971,0,0,1
292,1971,1972,0,0,1
1973,290,1974,1,0,1
1975,1974,1976,1,0,1
1977,1976,1978,1,0,1
1979,1978,1980,1,0,1
1981,1980,1982,1,0,1
1983,1982,1984,1,0,1
1985,1984,1986,1,0,1
1987,1988,1989,1,1,1
1990,1989,1991,1,0,1
1351,1991,1992,0,0,1
1348,1992,1993,0,0,1
1388,1349,1994,0,0,1
1345,1994,1995,0,0,1
1385,1346,1996,0,0,1
1342,1996,1997,0,0,1
1382,1343,1998,0,0,1
1340,1998,1999,0,0,1
1337,1999,2000,0,0,1
1335,1338,2001,0,0,1
1333,2001,2002,0,0,1
1331,2002,2003,0,0,1
1327,1329,2004,0,0,1
1325,2004,2005,0,0,1
1323,2005,2006,0,0,1
1319,1321,2007,0,0,1
1957,2007,2008,0,0,1
1958,2008,2009,0,0,1
1960,2009,2010,0,0,1
1961,2010,2011,0,0,1
330,2011,2012,0,0,1
328,2012,2013,0,0,1
1963,325,2014,0,0,1
1965,1964,2015,0,0,1
312,2015,2016,0,0,1
1966,2016,2017,0,0,1
1968,2017,2018,0,0,1
1972,296,2019,0,0,1
1986,2019,2020,0,0,1
1993,2020,2021,0,0,1
1995,2021,2022,0,0,1
1997,2022,2023,0,0,1
2006,2003,2024,0,0,1
2013,2024,2025,0,0,1
2014,2025,2026,0,0,1
2018,2026,2027,0,0,1
2023,1970,2028,0,0,1
2000,2028,2027,0,0,0
1156,1160,2029,0,0,1,31648
1157,2029,2030,0,0,1
1222,2030,2031,0,0,1
2032,2031,2033,1,0,1
2034,2033,2035,1,0,1
1875,2036,2037,0,1,1
1872,2037,2038,0,0,1
1869,2038,2039,0,0,1
1901,1870,2040,0,0,1
1867,2040,2041,0,0,1
2035,2041,2039,0,0,0
1892,1895,2042,0,0,1,29344
1889,1893,2043,0,0,1
1906,1890,2044,0,0,1
1886,2044,2045,0,0,1
1884,1887,2046,0,0,1
1882,2046,2047,0,0,1
2048,2047,2049,1,0,1
2050,2049,2051,1,0,1
2052,2051,2053,1,0,1
2054,2055,2056,1,1,1
2057,2058,2059,1,1,1
2060,2061,2062,1,1,1
286,2063,2064,0,1,1
283,2064,2065,0,0,1
2066,2065,2067,1,0,1
2068,2067,2069,1,0,1
2070,2069,2071,1,0,1
2072,2073,2074,1,1,1
2075,2074,2076,1,0,1
2077,2076,2078,1,0,1
2079,2078,2080,1,0,1
2081,2082,2083,1,1,1
2042,2083,2084,0,0,1
2043,2084,2085,0,0,1
2045,2085,2086,0,0,1
2053,2086,2087,0,0,1
2056,2087,2088,0,0,1
2059,2088,2089,0,0,1
2090,2089,2091,1,0,1
2092,2091,2093,1,0,1
2062,2093,2094,0,0,1
2071,2094,2080,0,0,0
1219,2032,2095,0,0,1,30880
1361,2095,2096,0,0,1
1357,1359,2097,0,0,1
1355,2097,2098,0,0,1
1990,1353,2099,0,0,1
2100,2099,2101,1,0,1
2102,2101,2103,1,0,1
2104,2103,2105,1,0,1
2106,2105,2107,1,0,1
2058,2107,2108,0,0,1
2054,2108,2109,0,0,1
2055,2109,2110,0,0,1
2052,2110,2111,0,0,1
2050,2111,2112,0,0,1
2048,2112,2113,0,0,1
1879,2113,2114,0,0,1
1880,2114,2115,0,0,1
1877,2115,2116,0,0,1
1874,2116,2117,0,0,1
2036,2117,2118,0,0,1
2034,2118,2119,0,0,1
2096,2119,2098,0,0,0
2120,2121,2122,1,1,1,34528
2123,2122,2124,1,0,1
2125,2124,2126,1,0,1
2127,2128,2129,1,1,1
2130,2129,2131,1,0,1
2132,2131,2133,1,0,1
2134,2135,2136,1,1,1
2126,2136,2137,0,0,1
2138,2137,2133,1,0,0
1987,2100,2139,0,0,1,31392
1985,1988,2140,0,0,1
1983,2140,2141,0,0,1
1979,1981,2142,0,0,1
1977,2142,2143,0,0,1
1973,1975,2144,0,0,1
288,2144,2145,0,0,1
2063,2145,2146,0,0,1
2060,2146,2147,0,0,1
2061,2147,2148,0,0,1
2092,2148,2149,0,0,1
2090,2149,2150,0,0,1
2057,2150,2151,0,0,1
2106,2151,2152,0,0,1
2104,2152,2153,0,0,1
2139,2102,2154,0,0,1
2141,2154,2155,0,0,1
2143,2155,2153,0,0,0
860,928,2156,0,0,1,30208
858,2156,2157,0,0,1
848,852,2158,0,0,1
849,2158,2159,0,0,1
846,2159,2160,0,0,1
2161,844,2162,1,0,1
2163,2162,2164,1,0,1
2165,2164,2166,1,0,1
2167,2166,2168,1,0,1
2169,2168,2170,1,0,1
2171,2170,2172,1,0,1
2173,2174,2175,1,1,1
2176,2177,2178,1,1,1
2179,2178,2180,1,0,1
2181,2182,2183,1,1,1
2184,2185,2186,1,1,1
2187,2186,2188,1,0,1
2189,2190,2191,1,1,1
2192,2193,2194,1,1,1
2195,2196,2197,1,1,1
2198,2199,2200,1,1,1
2201,2202,2203,1,1,1
192,2204,2205,0,1,1
384,193,2206,0,0,1
189,2206,2207,0,0,1
382,190,2208,0,0,1
186,2208,2209,0,0,1
379,187,2210,0,0,1
183,2210,2211,0,0,1
184,2211,2212,0,0,1
180,2212,2213,0,0,1
181,2213,2214,0,0,1
178,2214,2215,0,0,1
176,2215,2216,0,0,1
174,2216,2217,0,0,1
172,2217,2218,0,0,1
170,2218,2219,0,0,1
168,2219,2220,0,0,1
165,2220,2221,0,0,1
374,166,2222,0,0,1
163,2222,2223,0,0,1
160,2223,2224,0,0,1
371,161,2225,0,0,1
158,2225,2226,0,0,1
155,2226,2227,0,0,1
153,156,2228,0,0,1
151,2228,2229,0,0,1
148,2229,2230,0,0,1
145,149,2231,0,0,1
143,146,2232,0,0,1
140,2232,2233,0,0,1
137,141,2234,0,0,1
135,138,2235,0,0,1
133,2235,2236,0,0,1
130,2236,2237,0,0,1
2157,2237,2238,0,0,1
856,2238,2239,0,0,1
854,2239,2240,0,0,1
851,2240,2241,0,0,1
2160,2241,2242,0,0,1
2172,2242,2243,0,0,1
2175,2243,2244,0,0,1
2180,2244,2245,0,0,1
2183,2245,2246,0,0,1
2188,2246,2247,0,0,1
2191,2247,2248,0,0,1
2194,2248,2249,0,0,1
2197,2249,2250,0,0,1
2203,2200,2251,0,0,1
2205,2251,2252,0,0,1
2207,2252,2253,0,0,1
2209,2253,2254,0,0,1
2221,2254,2255,0,0,1
2224,2255,2256,0,0,1
2227,2256,2257,0,0,1
2230,2257,2258,0,0,1
2231,2258,2259,0,0,1
2233,2259,2260,0,0,1
2234,2260,2250,0,0,0
2079,2082,2261,0,0,1,31440
2075,2077,2262,0,0,1
2070,2073,2263,0,0,1
2264,2263,2265,1,0,1
2266,2267,2268,1,1,1
2269,2270,2271,1,1,1
2272,2271,2273,1,0,1
2274,2275,2276,1,1,1
2277,2278,2279,1,1,1
2280,2279,2281,1,0,1
2282,2283,2284,1,1,1
2285,2286,2287,1,1,1
2288,2289,2290,1,1,1
2291,2292,2293,1,1,1
2294,2293,2295,1,0,1
2296,2297,2298,1,1,1
2299,2298,2300,1,0,1
2261,2300,2301,0,0,1
2262,2301,2302,0,0,1
2072,2302,2303,0,0,1
2265,2303,2304,0,0,1
2268,2304,2305,0,0,1
2273,2305,2306,0,0,1
2276,2306,2307,0,0,1
2284,2281,2308,0,0,1
2290,2287,2309,0,0,1
2295,2309,2310,0,0,1
2307,2310,2308,0,0,0
284,2066,2311,0,0,1,30416
281,2311,2312,0,0,1
279,2312,2313,0,0,1
277,2313,2314,0,0,1
274,2314,2315,0,0,1
2316,2315,2317,1,0,1
2318,2317,2319,1,0,1
2320,2319,2321,1,0,1
2278,2321,2322,0,0,1
2274,2322,2323,0,0,1
2272,2275,2324,0,0,1
2269,2324,2325,0,0,1
2266,2270,2326,0,0,1
2264,2267,2327,0,0,1
2068,2327,2328,0,0,1
2323,2328,2329,0,0,1
2325,2329,2326,0,0,0
271,275,2330,0,0,1,30400
272,2330,2331,0,0,1
408,269,2332,0,0,1
265,2332,2333,0,0,1
405,266,2334,0,0,1
263,2334,2335,0,0,1
260,2335,2336,0,0,1
258,261,2337,0,0,1
255,2337,2338,0,0,1
401,256,2339,0,0,1
252,2339,2340,0,0,1
249,253,2341,0,0,1
246,250,2342,0,0,1
397,247,2343,0,0,1
244,2343,2344,0,0,1
242,2344,2345,0,0,1
239,2345,2346,0,0,1
394,240,2347,0,0,1
237,2347,2348,0,0,1
235,2348,2349,0,0,1
233,2349,2350,0,0,1
2351,2350,2352,1,0,1
2353,2352,2354,1,0,1
2355,2354,2356,1,0,1
2357,2356,2358,1,0,1
2359,2358,2360,1,0,1
2361,2360,2362,1,0,1
2363,2364,2365,1,1,1
2366,2365,2367,1,0,1
2368,2369,2370,1,1,1
2371,2370,2372,1,0,1
2373,2374,2375,1,1,1
2376,2377,2378,1,1,1
2379,2378,2380,1,0,1
2381,2382,2383,1,1,1
2384,2385,2386,1,1,1
2387,2388,2389,1,1,1
2318,2390,2391,0,1,1
2316,2391,2392,0,0,1
2331,2392,2393,0,0,1
268,2393,2394,0,0,1
2333,2394,2395,0,0,1
2336,2395,2396,0,0,1
2338,2396,2397,0,0,1
2340,2397,2398,0,0,1
2346,2342,2399,0,0,1
2362,2399,2400,0,0,1
2367,2400,2401,0,0,1
2402,2401,2403,1,0,1
2372,2403,2404,0,0,1
2405,2404,2406,1,0,1
2375,2406,2407,0,0,1
2380,2407,2408,0,0,1
2409,2408,2410,1,0,1
2383,2410,2411,0,0,1
2386,2412,2413,0,1,1
2389,2413,2414,0,0,1
2398,2414,2415,0,0,1
2411,2341,2416,0,0,1
2417,2416,2415,1,0,0
2320,2277,2418,0,0,1,31424
2390,2418,2419,0,0,1
2387,2419,2420,0,0,1
2384,2388,2421,0,0,1
2412,2385,2422,0,0,1
2417,2422,2423,0,0,1
2381,2423,2424,0,0,1
2409,2382,2425,0,0,1
2379,2425,2426,0,0,1
2376,2426,2427,0,0,1
2373,2377,2428,0,0,1
2405,2374,2429,0,0,1
2371,2429,2430,0,0,1
2368,2430,2431,0,0,1
2402,2369,2432,0,0,1
2366,2432,2433,0,0,1
2363,2433,2434,0,0,1
2361,2364,2435,0,0,1
2359,2435,2436,0,0,1
2355,2357,2437,0,0,1
2438,2353,2439,1,0,1
2440,2439,2441,1,0,1
2442,2443,2444,1,1,1
2445,2444,2446,1,0,1
2447,2448,2449,1,1,1
2450,2451,2452,1,1,1
2453,2454,2455,1,1,1
2456,2455,2457,1,0,1
2458,2457,2459,1,0,1
2460,2461,2462,1,1,1
2463,2464,2465,1,1,1
2466,2467,2468,1,1,1
2469,2468,2470,1,0,1
2471,2472,2473,1,1,1
2474,2473,2475,1,0,1
2296,2475,2476,0,0,1
2297,2476,2477,0,0,1
2294,2477,2478,0,0,1
2291,2478,2479,0,0,1
2292,2479,2480,0,0,1
2288,2480,2481,0,0,1
2289,2481,2482,0,0,1
2285,2482,2483,0,0,1
2286,2483,2484,0,0,1
2282,2484,2485,0,0,1
2280,2283,2486,0,0,1
2420,2486,2487,0,0,1
2421,2487,2488,0,0,1
2424,2488,2489,0,0,1
2427,2489,2490,0,0,1
2431,2428,2491,0,0,1
2434,2491,2492,0,0,1
2441,2437,2493,0,0,1
2446,2493,2494,0,0,1
2495,2494,2496,1,0,1
2449,2496,2497,0,0,1
2498,2497,2499,1,0,1
2452,2499,2500,0,0,1
2459,2500,2501,0,0,1
2502,2501,2503,1,0,1
2462,2503,2504,0,0,1
2465,2504,2505,0,0,1
2506,2505,2507,1,0,1
2470,2507,2508,0,0,1
2490,2485,2509,0,0,1
2492,2509,2510,0,0,1
2436,2510,2508,0,0,0
2351,2438,2511,0,0,1,31456
231,2511,2512,0,0,1
228,2512,2513,0,0,1
2514,2513,2515,1,0,1
2516,2515,2517,1,0,1
2518,2517,2519,1,0,1
2520,2519,2521,1,0,1
2522,2521,2523,1,0,1
2524,2525,2526,1,1,1
2527,2528,2529,1,1,1
2530,2531,2532,1,1,1
2533,2534,2535,1,1,1
2536,2537,2538,1,1,1
2539,2540,2541,1,1,1
2542,2541,2543,1,0,1
2544,2545,2546,1,1,1
2547,2546,2548,1,0,1
2549,2548,2550,1,0,1
2551,2552,2553,1,1,1
2554,2553,2555,1,0,1
2556,2555,2557,1,0,1
2471,2557,2558,0,0,1
2472,2558,2559,0,0,1
2469,2559,2560,0,0,1
2466,2560,2561,0,0,1
2467,2561,2562,0,0,1
2506,2562,2563,0,0,1
2463,2563,2564,0,0,1
2464,2564,2565,0,0,1
2460,2565,2566,0,0,1
2502,2461,2567,0,0,1
2458,2567,2568,0,0,1
2456,2568,2569,0,0,1
2450,2454,2570,0,0,1
2498,2451,2571,0,0,1
2447,2571,2572,0,0,1
2495,2448,2573,0,0,1
2445,2573,2574,0,0,1
2442,2574,2575,0,0,1
2440,2443,2576,0,0,1
2523,2576,2577,0,0,1
2526,2577,2578,0,0,1
2529,2578,2579,0,0,1
2538,2580,2581,0,1,1
2543,2581,2582,0,0,1
2566,2550,2583,0,0,1
2579,2575,2584,0,0,1
2532,2584,2585,0,0,1
2582,2535,2586,0,0,1
2583,2587,2588,0,1,1
2569,2588,2589,0,0,1
2453,2589,2590,0,0,1
2585,2572,2591,0,0,1
2592,2591,2593,1,0,1
2590,2586,2594,0,0,1
2570,2594,2593,0,0,0
226,229,2595,0,0,1,28896
221,224,2596,0,0,1
219,2596,2597,0,0,1
216,2597,2598,0,0,1
2599,2598,2600,1,0,1
2601,2600,2602,1,0,1
2603,2602,2604,1,0,1
2605,2604,2606,1,0,1
2607,2606,2608,1,0,1
2609,2608,2610,1,0,1
2611,2610,2612,1,0,1
2613,2612,2614,1,0,1
2615,2616,2617,1,1,1
2618,2617,2619,1,0,1
2620,2621,2622,1,1,1
2623,2622,2624,1,0,1
2625,2626,2627,1,1,1
2628,2629,2630,1,1,1
2631,2630,2632,1,0,1
2633,2632,2634,1,0,1
2635,2636,2637,1,1,1
2638,2637,2639,1,0,1
2551,2639,2640,0,0,1
2552,2640,2641,0,0,1
2549,2641,2642,0,0,1
2547,2642,2643,0,0,1
2544,2643,2644,0,0,1
2545,2644,2645,0,0,1
2587,2645,2646,0,0,1
2542,2646,2647,0,0,1
2539,2647,2648,0,0,1
2540,2648,2649,0,0,1
2536,2649,2650,0,0,1
2537,2650,2651,0,0,1
2580,2651,2652,0,0,1
2533,2652,2653,0,0,1
2534,2653,2654,0,0,1
2592,2654,2655,0,0,1
2530,2655,2656,0,0,1
2531,2656,2657,0,0,1
2527,2657,2658,0,0,1
2528,2658,2659,0,0,1
2524,2659,2660,0,0,1
2525,2660,2661,0,0,1
2522,2661,2662,0,0,1
2520,2662,2663,0,0,1
2518,2663,2664,0,0,1
2516,2664,2665,0,0,1
2514,2665,2666,0,0,1
2595,2666,2667,0,0,1
223,2667,2668,0,0,1
2614,2668,2669,0,0,1
2619,2669,2670,0,0,1
2624,2670,2671,0,0,1
2627,2671,2634,0,0,0
2672,2163,2673,1,0,1,28672
2674,2673,2675,1,0,1
2676,2677,2678,1,1,1
2679,2680,2681,1,1,1
2682,2683,2684,1,1,1
2685,2684,2686,1,0,1
2687,2686,2688,1,0,1
2689,2688,2690,1,0,1
2189,2193,2691,0,0,1
2187,2190,2692,0,0,1
2184,2692,2693,0,0,1
2181,2185,2694,0,0,1
2179,2182,2695,0,0,1
2176,2695,2696,0,0,1
2173,2177,2697,0,0,1
2171,2174,2698,0,0,1
2169,2698,2699,0,0,1
2167,2699,2700,0,0,1
2165,2700,2701,0,0,1
2675,2701,2702,0,0,1
2678,2702,2703,0,0,1
2681,2703,2704,0,0,1
2705,2704,2706,1,0,1
2707,2706,2708,1,0,1
2691,2709,2710,0,1,1
2693,2710,2711,0,0,1
2696,2694,2712,0,0,1
2708,2697,2713,0,0,1
2690,2713,2714,0,0,1
2711,2714,2712,0,0,0
214,217,2715,0,0,1,31456
211,2715,2716,0,0,1
208,212,2717,0,0,1
387,209,2718,0,0,1
206,2718,2719,0,0,1
203,2719,2720,0,0,1
201,204,2721,0,0,1
2722,199,2723,1,0,1
2724,2725,2726,1,1,1
2727,2726,2728,1,0,1
2729,2728,2730,1,0,1
2731,2732,2733,1,1,1
2734,2733,2735,1,0,1
2736,2735,2737,1,0,1
2738,2739,2740,1,1,1
2741,2740,2742,1,0,1
2743,2744,2745,1,1,1
2746,2745,2747,1,0,1
2748,2747,2749,1,0,1
2628,2749,2750,0,0,1
2629,2750,2751,0,0,1
2625,2751,2752,0,0,1
2626,2752,2753,0,0,1
2623,2753,2754,0,0,1
2620,2754,2755,0,0,1
2621,2755,2756,0,0,1
2618,2756,2757,0,0,1
2615,2757,2758,0,0,1
2616,2758,2759,0,0,1
2613,2759,2760,0,0,1
2611,2760,2761,0,0,1
2609,2761,2762,0,0,1
2607,2762,2763,0,0,1
2605,2763,2764,0,0,1
2603,2764,2765,0,0,1
2601,2765,2766,0,0,1
2599,2766,2767,0,0,1
2716,2767,2768,0,0,1
2717,2768,2769,0,0,1
2720,2769,2770,0,0,1
2723,2721,2771,0,0,1
2730,2771,2772,0,0,1
2737,2772,2773,0,0,1
2742,2773,2770,0,0,0
2709,2192,2774,0,0,1,29440
2689,2774,2775,0,0,1
2687,2775,2776,0,0,1
2707,2683,2777,0,0,1
2705,2777,2778,0,0,1
2679,2778,2779,0,0,1
2680,2779,2780,0,0,1
2676,2780,2781,0,0,1
2677,2781,2782,0,0,1
2783,2782,2784,1,0,1
2785,2784,2786,1,0,1
2787,2786,2788,1,0,1
2789,2788,2790,1,0,1
2791,2790,2792,1,0,1
2793,2794,2795,1,1,1
2796,2795,2797,1,0,1
2798,2797,2799,1,0,1
2800,2801,2802,1,1,1
2803,2804,2805,1,1,1
2196,2805,2806,0,0,1
2776,2806,2807,0,0,1
2685,2807,2808,0,0,1
2682,2808,2809,0,0,1
2799,2792,2810,0,0,1
2811,2810,2812,1,0,1
2802,2812,2809,0,0,0
2803,2195,2813,0,0,1,29184
2804,2813,2814,0,0,1
2800,2814,2815,0,0,1
2811,2801,2816,0,0,1
2798,2816,2817,0,0,1
2796,2817,2818,0,0,1
2793,2818,2819,0,0,1
2791,2794,2820,0,0,1
2821,2820,2822,1,0,1
2823,2822,2824,1,0,1
2825,2826,2827,1,1,1
2828,2829,2830,1,1,1
2204,2831,2832,0,1,1
2201,2832,2833,0,0,1
2198,2202,2834,0,0,1
2815,2199,2835,0,0,1
2819,2835,2836,0,0,1
2824,2836,2837,0,0,1
2827,2837,2838,0,0,1
2830,2838,2839,0,0,1
2833,2839,2834,0,0,0
2831,195,2840,0,0,1,29408
2828,2840,2841,0,0,1
2842,2841,2843,1,0,1
2844,2843,2845,1,0,1
2846,2845,2847,1,0,1
2848,2847,2849,1,0,1
2850,2851,2852,1,1,1
2853,2854,2855,1,1,1
2856,2857,2858,1,1,1
2859,2858,2860,1,0,1
2861,2862,2863,1,1,1
2743,2863,2864,0,0,1
2744,2864,2865,0,0,1
2741,2865,2866,0,0,1
2738,2866,2867,0,0,1
2739,2867,2868,0,0,1
2736,2868,2869,0,0,1
2734,2869,2870,0,0,1
2731,2870,2871,0,0,1
2729,2732,2872,0,0,1
2727,2872,2873,0,0,1
2722,2725,2874,0,0,1
197,2874,2875,0,0,1
2849,2875,2876,0,0,1
2852,2876,2877,0,0,1
2855,2877,2878,0,0,1
2879,2878,2880,1,0,1
2860,2880,2881,0,0,1
2873,2871,2882,0,0,1
2724,2882,2881,0,0,0
2829,2842,2883,0,0,1,29312
2825,2883,2884,0,0,1
2823,2826,2885,0,0,1
2886,2885,2887,1,0,1
2888,2887,2889,1,0,1
2890,2889,2891,1,0,1
2892,2893,2894,1,1,1
2895,2894,2896,1,0,1
2859,2862,2897,0,0,1
2856,2897,2898,0,0,1
2879,2857,2899,0,0,1
2853,2899,2900,0,0,1
2854,2900,2901,0,0,1
2850,2901,2902,0,0,1
2848,2851,2903,0,0,1
2846,2903,2904,0,0,1
2884,2844,2905,0,0,1
2891,2905,2906,0,0,1
2898,2896,2907,0,0,1
2902,2907,2908,0,0,1
2904,2908,2906,0,0,0
2821,2886,2909,0,0,1,29264
2789,2909,2910,0,0,1
2911,2910,2912,1,0,1
2913,2912,2914,1,0,1
2915,2914,2916,1,0,1
2917,2916,2918,1,0,1
2893,2918,2919,0,0,1
2890,2919,2888,0,0,0
2787,2911,2920,0,0,1,29520
2785,2920,2921,0,0,1
2922,2921,2923,1,0,1
2915,2924,2925,0,1,1
2913,2925,2923,0,0,0
2924,2917,2926,0,0,1,29568
2927,2926,2892,1,0,0
2748,2631,2928,0,0,1,30432
2929,2928,2930,1,0,1
2635,2930,2931,0,0,1
2636,2931,2633,0,0,0
1405,1087,1402,0,0,0,9143
2932,1400,2933,1,0,1,9909
2934,2933,1090,1,0,0
1098,1088,1404,0,0,0,9909
1059,1129,2935,1,0,1,9908
2936,710,2937,1,1,1
703,2937,2938,0,0,1
702,2938,2939,0,0,1
2935,700,2940,0,0,1
1062,2940,2939,1,0,0
1398,2932,2941,0,0,1,1714
1120,2941,2942,0,0,1
688,2942,2943,1,0,1
691,2943,2944,1,0,1
693,2944,2945,1,0,1
680,2946,2947,0,1,1
678,2947,2948,0,0,1
675,2948,2949,0,0,1
2934,2949,2945,0,0,0