90.0,63.566667,0,1,2,64,65,66,67,68,69,70,71,72,73,74,75,76,77,78,79,80,81,82,83,84,85,86,87,88,89,90,91,92,93,100,101,102,103,106,107,108,251,271,281,282
67.5,63.566667,0,214,215,252,253,254,272,273,274,275,276,277,278,279,280,282
67.5,49.333333,0,64,163
89.767486,50.264996,1,2,528,529
90.0,50.433333,1,529,530
89.698476,50.266562,2,3,65,528
89.333142,49.933698,3,4,65,66,527
89.699783,50.199763,3,527,528,529,530,538
89.234789,49.900786,4,5,66,67,525,526
89.333868,49.90058,4,526,527,537,538
88.60092,49.434241,5,67,68,523,524
88.665479,49.432068,5,524,525
87.666437,48.699155,6,7,521,522
88.268036,49.065733,6,522,523,524,525,526,536,537
88.266375,49.099663,6,7,68,69,523
87.600428,48.701142,7,69,70,520,521
86.799523,48.232211,8,71,72,518,519
87.133226,48.299239,8,519,520,521,522,535,536
87.132995,48.334544,8,70,71,520
86.333804,47.867778,9,10,516,517
86.432333,47.866085,9,517,518,519,534,535
86.434486,47.933105,9,10,72,73,518
86.101909,47.800717,10,73,74,515,516
84.566785,46.767177,11,12,513,514
84.734487,46.866184,11,514,515,516,517,533,534
85.468532,47.466708,11,12,74,75,515
84.466589,46.766271,12,75,76,512,513
83.4999,46.167746,13,78,79,509,510
83.832692,46.165964,13,510,511,512,513,514,532,533
83.831955,46.200681,13,77,78,511
81.966667,45.0,14,15,531
82.567263,45.402353,14,507,508,509,510,531,532
82.567116,45.434177,14,15,16,17,18,19,81,82,507
81.533333,45.0,15,16,198,199
81.531934,45.066954,16,17,198
81.467611,45.064836,17,18,198,199,200,201,202,203,204,205,206,212,213
80.83424,45.367089,18,19,197,211,212
80.30013,45.765232,19,20,21,82,83,197
79.135262,46.13274,20,21,195,196
80.132442,45.766693,20,196,197,211
79.133568,46.168078,21,22,23,83,84,195
78.833713,46.23349,22,23,193,194
78.83383,46.165079,22,194,195,196,210,211,212,213
78.530618,46.400863,23,24,25,26,84,85,193
77.664853,46.63278,24,25,192,208,209
78.132235,46.466058,24,193,194,209,210
77.667451,46.700132,25,26,191,192
77.266572,46.933229,26,27,85,86,191
76.200559,47.232682,27,28,29,30,31,86,87,190
76.198549,47.165319,27,190,191,192,207,208
75.499493,47.399652,28,29,189,206,207,208,209,210,213
76.065645,47.23216,28,190,207
75.032522,47.565726,29,30,188,189
75.032525,47.633962,30,31,187,188
74.632316,47.800668,31,32,33,34,35,36,87,88,187
74.40013,47.799381,32,33,186
74.399714,47.76664,32,186,187,188,189,205,206
74.033659,47.832424,33,34,185,186,204,205
74.032726,47.867232,34,35,184,185
73.233224,48.099679,35,36,183,184
73.233303,48.166574,36,37,38,39,88,89,183
72.831986,48.200664,37,38,181,182
72.833711,48.164762,37,182,183,184,185,203,204
72.466517,48.298598,38,39,180,181
72.46654,48.331717,39,40,89,90,180
72.233212,48.400703,40,90,91,178,179
72.23311,48.332659,40,179,180,181,182,202,203
70.766572,48.70004,41,42,175,176
70.766347,48.633711,41,176,177,178,179,201,202
71.333463,48.633147,41,42,92,93,177
70.533347,48.800247,42,93,94,95,96,101,174,175
69.566522,48.899589,43,44,171,172,428,429
69.567413,48.86752,43,172,173
69.999706,48.866712,43,44,45,46,47,94,173,174
69.733442,48.96753,44,45,427,428,463,464,466,467
69.968538,48.967441,45,46,466
69.965545,48.999003,46,47,465,466,467
70.132838,48.999417,47,48,49,50,94,95,465
70.265762,49.100139,48,49,426,463,464,477,478
70.133253,49.033318,48,464,465,467
70.365982,49.066738,49,50,476,477,498,499
70.433413,49.065899,50,51,95,96,498
70.567622,49.167565,51,96,97,101,102,497,501,502
70.432352,49.168222,51,498,499,502,503
70.531431,49.298974,52,53,484,494,495
70.53224,49.266407,52,495,496
70.567529,49.267082,52,53,54,97,496,497
70.565901,49.733138,53,54,483,484,485,486,487,488,489,490
70.567647,49.900029,54,97,102,103,482,483
69.933978,49.668508,55,56,438,439
69.832941,49.667108,55,439,440,450,451
70.066674,49.634193,55,56,98,451,452,489,490
69.933004,49.700615,56,98,104,105,437,438
69.100852,49.66741,57,106,108,397,398,436
69.367434,49.666868,57,436,437,438,439,440,441,442
69.36731,49.699196,57,105,107,108,437
68.93499,49.166354,58,59,372,392,393,394,401,402
68.866805,49.265379,58,392,411
68.835274,49.266325,58,59,60,61,62,63,99,405,406,407,408,411,412
68.931865,49.133711,59,60,372,385,386
68.833183,48.999053,60,61,166,167,384,385
67.999056,49.133424,61,62,165,166
68.000317,49.165145,62,63,164,165
67.600929,49.332729,63,64,99,100,163,164
84.098802,46.468398,76,77,511,512
83.333545,46.067321,79,80,508,509
82.93358,45.765938,80,81,507,508
71.633046,48.566363,91,92,177,178
69.999629,49.700705,98,104,482,483,490
68.833452,49.531956,99,100,106,397,405
70.000186,49.765951,103,104,105,107,482
83.4,67.5,109,110,539
82.366667,67.5,109,283
82.400234,67.334106,109,110,111,146,283,284,285,347
83.400148,67.467649,110,111,539,549
83.532629,67.468952,111,112,146,147,548,549,550,551,552,556
83.900093,67.300291,112,113,114,147,148,547
83.900253,67.333378,112,547,548
84.834511,67.133826,113,114,546,554,555
84.300086,67.26913,113,547,548,555,556,557
84.833105,67.099257,114,115,116,117,118,148,159,160,546
85.66766,67.233778,115,116,593,646
85.098997,67.166947,115,545,546,554,593,594
85.666893,67.19963,116,117,646,652
85.86659,67.201373,117,118,651,652
86.332454,67.065419,118,119,149,150,151,152,160,161,650,651
86.599359,67.066785,119,120,121,122,149,648,649
86.333303,67.100533,119,649,650
86.701498,67.067425,120,121,590,591
86.699536,67.0995,120,591,592,647,648
86.999784,67.033625,121,122,590,669
87.001334,67.000587,122,123,149,150,669,670,671,672,677
87.267468,66.932816,123,124,150,151,676
87.26623,66.966077,123,676,677,679
87.399093,66.89959,124,125,151,152,675
87.39849,66.933731,124,675,676,678,679
87.533847,66.866471,125,126,152,153,161,162,584,585
87.533005,66.899454,125,585,586,674,675,678
87.800446,66.833473,126,127,153,693,696
87.799303,66.866489,126,583,584,693
87.933635,66.800091,127,153,154,155,156,157,158,162,694,695
87.933583,66.834205,127,695,696
89.067269,66.80174,128,129,154,155,582
88.199331,66.866018,128,582,583,693,694,695,696
88.166017,66.801612,128,154,694
89.899404,66.801352,129,130,131,132,133,134,135,136,137,155,156,580,581
89.567008,66.900138,129,581,582,583,584,585,586,587,603,604
90.0,66.533333,130,131,295,296
90.0,66.833333,130,580
89.667187,66.534194,131,132,294,295
89.667213,66.567775,132,133,293,294
89.50003,66.733696,133,134,293
88.19871,66.534362,134,135,293,294,295,296,297,298,299,300,301,302,303,304,305,351
87.499377,66.532386,135,136,292,350,351,352,353,354,355,356,357,367
87.498834,66.599247,136,137,291,292
87.366787,66.732533,137,138,139,140,141,142,156,157,291
84.300688,66.534259,138,139,290,349,350,367,368,370
86.831798,66.533526,138,291,292,350
84.299938,66.565593,139,140,289,290
83.932703,66.766624,140,141,288,289
83.934069,66.79949,141,142,287,288
83.599528,67.000029,142,143,157,158,287
83.233213,67.067411,143,144,145,158,159,160,161,162,286
83.466636,66.999108,143,286,287,288,289,290,348,349
82.966134,67.100005,144,145,284,285
82.966954,67.066042,144,285,286,347,348
82.598518,67.335393,145,146,147,148,159,284
67.5,45.0,163,164,165,166,167,168,169,199,200
68.932921,48.799433,167,168,384,413
69.000234,48.700903,168,169,413,414,415,419
69.166407,48.765795,169,170,171,172,173,174,175,176,200,201,418,419
69.533384,48.900386,170,171,416,417,429,430
69.166312,48.801202,170,417,418
68.334918,64.999955,214,215,344,345
67.5,64.966667,214,345,346
68.767085,65.099604,215,216,252,344
69.067943,65.134915,216,252,253,342,343
68.765814,65.134672,216,343,344,345,346,365,366
70.665933,66.000928,217,218,339,364,365,366,369
70.266172,65.734071,217,340,341,342,343,365
70.266805,65.66691,217,218,255,340
71.433471,66.033091,218,219,255,256,339
71.933233,66.066169,219,256,257,337,338
71.432733,66.067053,219,338,339,363,364
73.732276,66.532403,220,258,259,334,335
73.566032,66.533423,220,335,336,337,338,363
73.568504,66.500056,220,258,336
74.699696,66.833074,221,222,333,362,368,370,371
74.40091,66.833432,221,334,335,363,364,369,371
74.064282,66.600084,221,222,223,224,225,259,260,334
74.698539,66.700448,222,223,332,333
74.800096,66.532851,223,224,331,332
75.333368,66.233152,224,225,330,331
75.900324,65.967641,225,260,261,329,330
77.297951,65.600174,226,227,327,328
76.799521,65.765775,226,328,329,330,331,332,333,361,362
76.732811,65.765344,226,227,261,262,329
77.300383,65.566912,227,228,262,273,274,327
78.400359,65.499844,228,229,263,274,275,326
77.599947,65.568012,228,326,327,328,360,361
78.631894,65.533731,229,230,263,325
78.400287,65.533169,229,325,326,359,360
79.032957,65.567038,230,263,264,265,266,267,268,269,275,276,323,324
78.633544,65.566564,230,324,325,358,359
79.766685,65.76663,231,232,233,234,235,264,265,322
79.600386,65.766378,231,322,323,324,358
79.598036,65.734636,231,264,323
80.233977,65.866723,232,233,320,321
80.232482,65.934785,232,321,322,357,358,359,360,361,362,367,368
80.434178,65.632306,233,234,319,320
81.132585,65.134183,234,235,318,319
81.134403,65.066192,235,236,265,266,317,318
81.299255,64.9314,236,237,266,267,316
81.299636,64.999838,236,316,317
81.968186,64.666284,237,267,268,314,315
81.900487,64.76812,237,315,316,317,318,319,320,321,356,357
82.999688,64.233992,238,239,312,313
82.59866,64.500381,238,313,314,315,355,356
82.500294,64.500669,238,239,268,269,314
83.001145,64.199116,239,240,241,269,276,277,312
83.600553,64.0657,240,241,310,311
83.133547,64.199352,240,311,312,313,354,355
83.599238,64.033535,241,242,243,277,278,310
84.433871,63.933606,242,243,308,309
84.034053,64.001025,242,309,310,311,353,354
84.432973,63.899546,243,244,278,279,308
84.934399,63.867652,244,279,280,306,307
84.934082,63.900122,244,307,308,309,352,353
86.89968,63.900006,245,246,247,270,304,305
86.166344,63.898192,245,305,306,307,351,352
86.16666,63.866384,245,270,280,281,282,306
87.499917,63.933012,246,247,302,303
87.50178,63.965737,246,303,304
88.267226,63.933654,247,248,270,271,281,301,302
88.733878,63.999969,248,249,250,251,271,299,300
88.266523,63.967952,248,300,301
89.134088,64.066785,249,250,297,298
88.733428,64.066526,249,298,299
90.0,63.933333,250,251,296,297
69.40105,65.235195,253,254,341,342
70.10107,65.498893,254,255,256,257,272,340,341
73.066082,66.299254,257,258,259,260,261,262,272,273,336,337
67.5,67.5,283,346,347,348,349,366,369,370,371
69.234379,49.433635,372,373,374,375,376,386,387,401
69.100339,49.566289,373,374,399,400,432,433,434,435
69.100781,49.432856,373,400,401,402,403,404
69.268897,49.531997,374,375,435
69.366025,49.534279,375,376,434,435
69.465688,49.59948,376,377,378,379,387,388,433,434
69.697846,49.634052,377,378,440,441,450
69.466025,49.632747,377,432,433,441,442
69.66599,49.50191,378,379,443,444,445,446,447,448,449,450,451,452,453,454,455,461,462
69.300348,49.367147,379,380,388,389,391,443
69.266437,49.165057,380,381,389,421
69.402543,49.199568,380,421,422,443,449
69.066747,49.065443,381,389,390,391,420
69.465226,49.03381,381,420,421,422,423,424,425,431
69.067608,48.800747,382,383,414,415
69.133741,48.800506,382,415,416,417,418,419
69.066495,48.931692,382,383,390,416,420,430,431
68.934634,48.900116,383,384,385,386,387,388,390,391,413,414
68.867908,49.299705,392,393,410,411,412
68.932451,49.300656,393,394,409,410
68.933042,49.333853,394,395,402,403,409
68.899926,49.466451,395,396,403,404,407,408
68.899619,49.333765,395,408,409,410,412
68.866665,49.533928,396,397,398,399,400,404,405,406
68.866799,49.465282,396,406,407
69.100309,49.633391,398,399,432,436,442
69.499806,49.299274,422,423,448,449
69.698354,49.332289,423,424,447,448
69.799962,49.265892,424,425,446,447,468,469,470,471,472,473,479,480,481
70.099897,49.133409,425,426,427,428,429,430,431,478,479
70.065085,49.100413,426,427,463
69.834194,49.332905,444,445,459,460,468,469
69.900025,49.399292,444,460,461
69.800551,49.33297,445,446,468
70.199585,49.633495,452,453,488,489
70.067679,49.533736,453,454,487,488
70.299894,49.533241,454,455,486,487
70.465921,49.434505,455,456,457,458,462,485,486
70.331927,49.332985,456,457,472,473,492,493
70.467611,49.366796,456,484,485,493,494
70.400327,49.433372,457,458,471,472
70.300199,49.433093,458,459,460,461,462,470,471
69.967004,49.334477,459,469,470
70.399636,49.232872,473,474,475,480,492
70.468261,49.199447,474,475,491,500,501,502,503
70.4653,49.233471,474,492,493,494,495,496,497,501
70.333648,49.200325,475,480,481,491
70.365939,49.167454,476,499,500,503
70.332008,49.166594,476,477,478,479,481,491,500
73.600279,53.201879,504,505
73.433824,53.167522,504
73.368354,53.032537,504,505,506
73.600458,53.167479,505,506
73.60093,53.031217,506
90.0,45.0,530,531,532,533,534,535,536,537,538
83.666667,67.5,539,549,550,558
83.733311,67.432945,540,541,551,552,563,564
83.733774,67.466104,540,564,565
83.666764,67.466647,540,550,551,558,559,560,565
83.800359,67.40067,541,542,543,552,553,556,557,561,562
83.799251,67.433624,541,562,563
84.333009,67.332395,542,543,598,606,611
83.900965,67.400137,542,561,598
84.332831,67.298801,543,544,553,597,611,612,613,615
84.799191,67.19919,544,545,553,554,555,557,595,596
84.798548,67.233094,544,596,597
85.100041,67.200646,545,594,595
83.8,67.5,558,559,566
83.799192,67.466736,559,560,566,599
83.866373,67.466312,560,561,562,563,564,565,598,599,600,601,606
84.0,67.5,566,599,600,617
84.798824,67.331601,567,568,630,631
84.334863,67.430717,567,631,632,633,636
84.099085,67.433697,567,568,600,601,617,618,619,632
84.798457,67.300937,568,601,606,611,612,629,630
85.632284,67.334196,569,570,627,628
85.63318,67.367143,569,628,629,630,631,636,638
85.132771,67.299117,569,570,571,612,613,629
86.03173,67.300373,570,571,627
86.500498,67.298918,571,572,613,615,616,626,627,628,635,637,638
86.800586,67.166727,572,573,574,614,616,625
86.800655,67.199522,572,625,626
87.666378,67.0337,573,574,623,624,687,688
87.000465,67.165537,573,624,625,626,634,635
88.000368,66.966878,574,575,576,607,608,609,610,614,687
88.335129,66.998443,575,576,685,686,697
87.99797,67.001476,575,686,687,688,692
88.532966,66.9336,576,602,603,604,605,607,697,698,699,705,706
89.601031,66.966897,577,578,703,704
89.167261,66.967421,577,704,705,706
89.16645,66.931706,577,578,579,602,705
89.59893,66.93268,578,579,702,703
90.0,66.9,579,580,581,602,603,701,702
87.434817,66.932956,586,587,673,674
87.433646,66.966505,587,588,604,605,673
87.29865,66.999898,588,589,605,607,608,671,672
87.300384,66.967726,588,672,673,674,677,678,679
87.200772,67.03224,589,590,591,592,608,609,669,670
87.199474,67.000201,589,670,671
86.233012,67.199709,592,609,610,647
85.800661,67.266778,593,594,595,596,597,610,614,615,616,646,647,648,649,650,651,652
84.333333,67.5,617,618,639
84.3345,67.465572,618,619,639,640,641,642,643
84.498527,67.434204,619,632,633,643
86.899068,67.300883,620,621,664,665
86.266313,67.465905,620,641,642,665,666,667,668
85.967244,67.367663,620,621,622,633,636,637,638,642,643
87.167289,67.26781,621,622,663,664,680
87.166733,67.232381,622,634,635,637,680,681,689,690
87.599337,67.100453,623,688,689,690,691,692
87.532463,67.099929,623,624,634,689
86.233333,67.5,639,640,653
86.233001,67.466892,640,641,653,654,655,656,666
85.866009,66.900313,644,645
85.632758,66.934089,644
85.333529,66.768304,644,645
85.700225,66.767223,645
89.033333,67.5,653,654,707
89.033155,67.465716,654,655,707,709
89.766668,67.432881,655,656,708,709
90.0,67.366667,656,657,666,667,708
89.700026,67.100114,657,658,659,660,661,667,668,700
90.0,67.033333,657,700,701
89.267345,67.100401,658,659,684,698,699
89.699573,67.066586,658,699,700,701,702,703,704,706
88.799072,67.100797,659,660,683,684,685,686,691,692
87.965477,67.232007,660,661,682,683
87.967386,67.26775,661,662,663,664,665,668,682
87.399044,67.26768,662,663,680,681
87.399642,67.231731,662,681,682,683,690,691
88.566987,67.000501,684,685,697,698
90.0,67.5,707,708,709