0,1,0,59
1,2,0,-1
2,0,0,1
3,0,1,58
2,3,1,2
4,3,2,57
2,4,2,3
5,4,3,56
2,5,3,4
6,5,4,56
2,6,4,5
7,6,5,55
2,7,5,22
8,9,6,54
9,7,6,55
7,8,6,7
10,8,7,53
7,10,7,23
11,12,8,51
12,13,8,52
13,11,8,25
14,15,9,50
15,11,9,51
11,14,9,10
16,14,10,332
11,16,10,11
17,16,11,331
11,17,11,12
18,17,12,374
11,18,12,13
19,18,13,373
11,19,13,14
20,19,14,372
11,20,14,26
21,22,15,371
22,20,15,372
20,21,15,26
23,24,16,369
24,25,16,370
25,23,16,27
26,27,17,412
27,23,17,369
23,26,17,28
28,29,18,275
29,30,18,410
30,28,18,29
31,32,19,273
32,28,19,274
28,31,19,30
33,34,20,271
34,35,20,272
35,33,20,31
2,36,21,-1
36,33,21,271
33,2,21,22
33,7,22,23
33,10,23,24
13,10,24,52
33,13,24,25
33,11,25,32
11,21,26,33
25,21,27,370
21,23,27,28
21,26,28,34
30,26,29,411
26,28,29,30
26,31,30,34
35,31,31,272
31,33,31,32
31,11,32,33
31,21,33,34
37,38,35,144
38,1,35,-1
1,37,35,36
39,37,36,143
1,39,36,37
40,39,37,143
1,40,37,38
41,40,38,142
1,41,38,39
42,41,39,141
1,42,39,60
43,44,40,183
44,42,40,141
42,43,40,41
45,43,41,185
42,45,41,42
46,45,42,140
42,46,42,43
47,46,43,139
42,47,43,44
48,47,44,138
42,48,44,45
49,48,45,283
42,49,45,46
50,49,46,338
42,50,46,61
51,52,47,337
52,50,47,338
50,51,47,62
53,54,48,336
54,51,48,337
51,53,48,49
55,53,49,335
51,55,49,63
14,56,50,333
56,15,50,65
15,12,51,65
12,10,52,53
12,8,53,54
12,9,54,66
9,6,55,67
6,4,56,57
6,3,57,58
6,0,58,59
6,1,59,60
6,42,60,61
6,50,61,62
6,51,62,63
6,55,63,64
56,55,64,334
6,56,64,67
56,12,65,66
56,9,66,67
57,58,68,222
58,38,68,-1
38,57,68,69
59,57,69,221
38,59,69,70
60,59,70,221
38,60,70,71
61,60,71,220
38,61,71,72
62,61,72,219
38,62,72,73
63,62,73,219
38,63,73,74
64,63,74,218
38,64,74,75
65,64,75,217
38,65,75,76
66,65,76,216
38,66,76,77
67,66,77,216
38,67,77,78
68,67,78,215
38,68,78,79
69,68,79,214
38,69,79,80
70,69,80,213
38,70,80,81
71,70,81,213
38,71,81,145
72,73,82,211
73,71,82,212
71,72,82,146
74,75,83,207
75,76,83,208
76,74,83,84
77,74,84,206
76,77,84,85
78,77,85,205
76,78,85,86
79,78,86,204
76,79,86,149
80,81,87,202
81,79,87,203
79,80,87,88
82,80,88,483
79,82,88,89
83,82,89,482
79,83,89,90
84,83,90,481
79,84,90,91
85,84,91,480
79,85,91,92
86,85,92,479
79,86,92,150
87,88,93,477
88,89,93,478
89,87,93,152
90,91,94,475
91,87,94,476
87,90,94,153
92,93,95,473
93,90,95,474
90,92,95,154
94,95,96,470
95,96,96,471
96,94,96,180
97,98,97,659
98,99,97,468
99,97,97,98
100,97,98,658
99,100,98,99
101,100,99,657
99,101,99,157
102,103,100,656
103,101,100,657
101,102,100,158
104,105,101,655
105,102,101,656
102,104,101,102
106,104,102,654
102,106,102,103
107,106,103,653
102,107,103,159
108,109,104,734
109,110,104,652
110,108,104,105
111,108,105,651
110,111,105,106
112,111,106,650
110,112,106,161
113,114,107,649
114,112,107,650
112,113,107,162
115,116,108,648
116,113,108,649
113,115,108,109
117,115,109,647
113,117,109,162
118,119,110,646
119,117,110,647
117,118,110,111
120,118,111,645
117,120,111,163
121,122,112,644
122,120,112,645
120,121,112,182
123,124,113,643
124,121,113,644
121,123,113,164
125,126,114,642
126,123,114,643
123,125,114,115
127,125,115,641
123,127,115,164
128,129,116,537
129,127,116,641
127,128,116,117
130,128,117,536
127,130,117,165
131,132,118,511
132,130,118,535
130,131,118,119
133,131,119,303
130,133,119,120
134,133,120,302
130,134,120,121
135,134,121,301
130,135,121,166
136,137,122,300
137,135,122,301
135,136,122,167
138,139,123,299
139,136,123,300
136,138,123,168
140,141,124,298
141,138,124,299
138,140,124,125
142,140,125,297
138,142,125,169
143,144,126,296
144,142,126,297
142,143,126,127
145,143,127,295
142,145,127,128
146,145,128,294
142,146,128,129
147,146,129,293
142,147,129,170
148,149,130,292
149,147,130,293
147,148,130,171
150,151,131,343
151,152,131,291
152,150,131,132
153,150,132,290
152,153,132,173
154,155,133,289
155,153,133,290
153,154,133,174
156,157,134,288
157,154,134,289
154,156,134,175
158,159,135,287
159,156,135,288
156,158,135,136
160,158,136,286
156,160,136,176
48,161,137,283
161,162,137,284
162,48,137,138
162,47,138,139
162,46,139,140
162,45,140,178
44,41,141,142
44,40,142,179
40,37,143,144
40,38,144,145
40,71,145,146
40,72,146,147
163,72,147,210
40,163,147,148
76,163,148,209
40,76,148,149
40,79,149,150
40,86,150,151
89,86,151,478
40,89,151,152
40,87,152,153
40,90,153,154
40,92,154,155
164,92,155,472
40,164,155,156
96,164,156,471
40,96,156,179
99,94,157,469
94,101,157,158
94,102,158,159
94,107,159,160
110,107,160,652
94,110,160,161
94,112,161,181
112,117,162,163
112,120,163,181
121,127,164,165
121,130,165,166
121,135,166,167
121,136,167,168
121,138,168,169
121,142,169,170
121,147,170,171
121,148,171,172
152,148,172,291
121,152,172,173
121,153,173,174
121,154,174,175
121,156,175,176
121,160,176,177
162,160,177,285
121,162,177,178
121,45,178,182
44,96,179,180
44,94,180,183
94,120,181,184
120,45,182,184
43,94,183,185
94,45,184,185
165,166,186,253
166,58,186,-1
58,165,186,187
167,165,187,252
58,167,187,188
168,167,188,251
58,168,188,189
169,168,189,250
58,169,189,190
170,169,190,250
58,170,190,191
171,170,191,249
58,171,191,192
172,171,192,248
58,172,192,193
173,172,193,247
58,173,193,194
174,173,194,247
58,174,194,195
175,174,195,246
58,175,195,196
176,175,196,246
58,176,196,197
177,176,197,245
58,177,197,198
178,177,198,244
58,178,198,199
179,178,199,244
58,179,199,200
180,179,200,243
58,180,200,201
80,180,201,431
58,80,201,202
58,81,202,203
58,79,203,204
58,78,204,205
58,77,205,206
58,74,206,207
58,75,207,208
58,76,208,209
58,163,209,210
58,72,210,211
58,73,211,212
58,71,212,222
71,69,213,214
71,68,214,215
71,67,215,223
67,65,216,217
67,64,217,218
67,63,218,223
63,61,219,220
63,60,220,224
60,57,221,225
57,71,222,225
71,63,223,224
71,60,224,225
181,182,226,-1
182,166,226,-1
166,181,226,227
183,181,227,582
166,183,227,253
184,185,228,580
185,183,228,581
183,184,228,254
186,187,229,578
187,184,229,579
184,186,229,255
188,189,230,577
189,186,230,578
186,188,230,231
190,188,231,576
186,190,231,256
191,192,232,574
192,193,232,575
193,191,232,258
194,195,233,573
195,191,233,574
191,194,233,259
196,197,234,572
197,194,234,573
194,196,234,235
198,196,235,571
194,198,235,260
199,200,236,569
200,198,236,570
198,199,236,261
201,202,237,437
202,199,237,569
199,201,237,262
203,204,238,487
204,201,238,437
201,203,238,239
205,203,239,436
201,205,239,262
206,207,240,435
207,205,240,436
205,206,240,241
208,206,241,434
205,208,241,263
209,210,242,432
210,211,242,433
211,209,242,265
180,209,243,431
209,179,243,266
179,177,244,245
179,176,245,267
176,174,246,268
174,172,247,248
174,171,248,249
174,170,249,269
170,168,250,251
170,167,251,252
170,165,252,270
165,183,253,254
165,184,254,255
165,186,255,256
165,190,256,257
193,190,257,575
165,193,257,258
165,191,258,259
165,194,259,260
165,198,260,261
165,199,261,270
199,205,262,263
199,208,263,264
211,208,264,433
199,211,264,265
199,209,265,266
199,179,266,267
199,176,267,268
199,174,268,269
199,170,269,270
36,34,271,282
34,31,272,273
34,32,273,274
34,28,274,275
34,29,275,276
212,29,276,409
34,212,276,277
213,212,277,408
34,213,277,278
214,213,278,407
34,214,278,279
215,214,279,406
34,215,279,280
216,215,280,405
34,216,280,281
217,216,281,404
34,217,281,282
36,217,282,-1
49,161,283,284
49,162,284,285
49,160,285,286
49,158,286,287
49,159,287,339
159,157,288,340
157,155,289,341
155,150,290,342
151,148,291,292
151,149,292,344
149,146,293,294
149,145,294,295
149,143,295,296
149,144,296,345
144,140,297,298
144,141,298,346
141,139,299,347
139,137,300,368
137,134,301,302
137,133,302,348
218,131,303,511
133,218,303,304
219,218,304,510
133,219,304,305
220,219,305,509
133,220,305,306
221,220,306,509
133,221,306,307
222,221,307,508
133,222,307,308
223,222,308,507
133,223,308,309
224,223,309,506
133,224,309,348
225,226,310,505
226,224,310,506
224,225,310,311
227,225,311,400
224,227,311,312
228,227,312,399
224,228,312,349
229,230,313,398
230,228,313,399
228,229,313,350
231,232,314,397
232,229,314,398
229,231,314,351
233,234,315,395
234,231,315,396
231,233,315,352
235,236,316,394
236,233,316,395
233,235,316,353
237,238,317,393
238,235,317,394
235,237,317,354
239,240,318,392
240,237,318,393
237,239,318,355
241,242,319,390
242,239,319,391
239,241,319,356
243,244,320,389
244,241,320,390
241,243,320,357
245,246,321,418
246,243,321,389
243,245,321,322
247,245,322,388
243,247,322,323
248,247,323,387
243,248,323,324
249,248,324,386
243,249,324,358
250,251,325,385
251,249,325,386
249,250,325,326
252,250,326,384
249,252,326,359
253,254,327,382
254,255,327,383
255,253,327,361
256,257,328,380
257,258,328,381
258,256,328,329
259,256,329,379
258,259,329,363
260,261,330,376
261,262,330,377
262,260,330,365
17,260,331,375
260,16,331,332
260,14,332,333
260,56,333,334
260,55,334,335
260,53,335,336
260,54,336,366
54,52,337,367
52,49,338,339
52,159,339,340
52,157,340,341
52,155,341,342
52,150,342,343
52,151,343,344
52,149,344,345
52,144,345,346
52,141,346,347
52,139,347,367
137,224,348,349
137,228,349,350
137,229,350,351
137,231,351,352
137,233,352,353
137,235,353,354
137,237,354,355
137,239,355,356
137,241,356,357
137,243,357,358
137,249,358,359
137,252,359,360
255,252,360,383
137,255,360,361
137,253,361,362
258,253,362,381
137,258,362,363
137,259,363,364
262,259,364,378
137,262,364,365
137,260,365,366
137,54,366,368
54,139,367,368
27,24,369,413
24,21,370,371
24,22,371,414
22,19,372,373
22,18,373,374
22,17,374,375
22,260,375,376
22,261,376,377
22,262,377,378
22,259,378,379
22,256,379,380
22,257,380,414
257,253,381,382
257,254,382,415
254,252,383,384
254,250,384,385
254,251,385,416
251,248,386,387
251,247,387,388
251,245,388,417
246,244,389,419
244,242,390,391
244,239,391,392
244,240,392,420
240,238,393,421
238,236,394,422
236,234,395,396
236,231,396,397
236,232,397,422
232,230,398,423
230,227,399,400
230,225,400,401
263,225,401,505
230,263,401,402
264,263,402,425
230,264,402,403
217,264,403,-1
230,217,403,404
230,216,404,405
230,215,405,406
230,214,406,407
230,213,407,408
230,212,408,409
230,29,409,410
230,30,410,411
230,26,411,412
230,27,412,413
230,24,413,423
24,257,414,415
24,254,415,416
24,251,416,417
24,245,417,418
24,246,418,419
24,244,419,420
24,240,420,421
24,238,421,424
238,232,422,424
232,24,423,424
265,263,425,526
264,265,425,426
266,265,426,526
264,266,426,427
267,266,427,525
264,267,427,428
268,267,428,524
264,268,428,429
269,268,429,523
264,269,429,430
270,269,430,522
264,270,430,-1
80,209,431,432
80,210,432,484
210,208,433,434
210,206,434,435
210,207,435,485
207,203,436,486
204,202,437,438
271,202,438,614
204,271,438,439
272,271,439,613
204,272,439,440
273,272,440,612
204,273,440,441
274,273,441,611
204,274,441,442
275,274,442,610
204,275,442,488
276,277,443,608
277,278,443,609
278,276,443,444
279,276,444,768
278,279,444,490
280,281,445,839
281,279,445,819
279,280,445,446
282,280,446,818
279,282,446,491
283,284,447,817
284,282,447,818
282,283,447,492
285,286,448,816
286,283,448,817
283,285,448,449
287,285,449,815
283,287,449,493
288,289,450,814
289,287,450,815
287,288,450,451
290,288,451,813
287,290,451,494
291,292,452,812
292,290,452,813
290,291,452,453
293,291,453,811
290,293,453,495
294,295,454,810
295,293,454,811
293,294,454,455
296,294,455,809
293,296,455,496
297,298,456,808
298,296,456,809
296,297,456,457
299,297,457,807
296,299,457,497
300,301,458,806
301,299,458,807
299,300,458,459
302,300,459,805
299,302,459,498
303,304,460,868
304,302,460,804
302,303,460,461
305,303,461,843
302,305,461,462
306,305,462,665
302,306,462,499
307,308,463,664
308,306,463,665
306,307,463,464
309,307,464,664
306,309,464,465
310,309,465,663
306,310,465,500
311,312,466,662
312,310,466,663
310,311,466,501
313,314,467,661
314,311,467,662
311,313,467,502
98,315,468,659
315,99,468,469
315,94,469,470
315,95,470,504
95,164,471,472
95,92,472,473
95,93,473,474
95,90,474,475
95,91,475,476
95,87,476,477
95,88,477,504
88,86,478,479
88,85,479,480
88,84,480,481
88,83,481,482
88,82,482,483
88,80,483,484
88,210,484,485
88,207,485,486
88,203,486,487
88,204,487,488
88,275,488,489
278,275,489,609
88,278,489,490
88,279,490,491
88,282,491,492
88,283,492,493
88,287,493,494
88,290,494,495
88,293,495,496
88,296,496,497
88,299,497,498
88,302,498,499
88,306,499,500
88,310,500,501
88,311,501,502
88,313,502,503
315,313,503,660
88,315,503,504
263,226,505,527
226,223,506,507
226,222,507,508
226,221,508,528
221,219,509,510
221,218,510,529
218,132,511,512
316,132,512,535
218,316,512,513
317,316,513,559
218,317,513,514
318,317,514,558
218,318,514,515
319,318,515,557
218,319,515,530
320,321,516,556
321,319,516,557
319,320,516,531
322,323,517,555
323,320,517,556
320,322,517,532
324,325,518,554
325,322,518,555
322,324,518,519
326,324,519,553
322,326,519,533
327,328,520,551
328,326,520,552
326,327,520,534
270,329,521,-1
329,327,521,550
327,270,521,522
327,269,522,523
327,268,523,524
327,267,524,525
327,266,525,534
266,263,526,527
266,226,527,528
266,221,528,529
266,218,529,530
266,319,530,531
266,320,531,532
266,322,532,533
266,326,533,534
316,130,535,536
316,128,536,537
316,129,537,538
330,129,538,726
316,330,538,539
331,330,539,725
316,331,539,540
332,331,540,725
316,332,540,541
333,332,541,724
316,333,541,542
334,333,542,723
316,334,542,560
335,336,543,722
336,334,543,723
334,335,543,561
337,338,544,721
338,335,544,722
335,337,544,562
339,340,545,720
340,337,545,721
337,339,545,546
341,339,546,719
337,341,546,563
342,343,547,717
343,341,547,718
341,342,547,564
344,345,548,714
345,346,548,715
346,344,548,566
329,347,549,-1
347,344,549,713
344,329,549,550
344,327,550,551
344,328,551,552
344,326,552,553
344,324,553,554
344,325,554,567
325,323,555,568
323,321,556,568
321,318,557,558
321,317,558,559
321,316,559,560
321,334,560,561
321,335,561,562
321,337,562,563
321,341,563,564
321,342,564,565
346,342,565,716
321,346,565,566
321,344,566,567
321,325,567,568
202,200,569,570
202,198,570,571
202,196,571,572
202,197,572,615
197,195,573,616
195,192,574,617
192,190,575,576
192,188,576,577
192,189,577,618
189,187,578,579
189,184,579,580
189,185,580,581
189,183,581,619
348,181,582,-1
183,348,582,583
349,348,583,-1
183,349,583,620
350,351,584,1103
351,349,584,1104
349,350,584,621
352,353,585,1101
353,350,585,1102
350,352,585,586
354,352,586,1100
350,354,586,622
355,356,587,1098
356,357,587,1099
357,355,587,624
358,359,588,1096
359,355,588,1097
355,358,588,625
360,361,589,1094
361,362,589,1095
362,360,589,627
363,364,590,789
364,360,590,1093
360,363,590,591
365,363,591,788
360,365,591,592
366,365,592,787
360,366,592,627
367,368,593,786
368,366,593,787
366,367,593,594
369,367,594,785
366,369,594,628
370,371,595,783
371,369,595,784
369,370,595,596
372,370,596,782
369,372,596,629
373,374,597,841
374,375,597,781
375,373,597,598
376,373,598,780
375,376,598,630
377,378,599,778
378,376,599,779
376,377,599,631
379,380,600,824
380,381,600,776
381,379,600,601
382,379,601,775
381,382,601,602
383,382,602,774
381,383,602,633
384,385,603,822
385,383,603,774
383,384,603,604
386,384,604,773
383,386,604,634
387,388,605,772
388,386,605,773
386,387,605,634
389,390,606,770
390,391,606,771
391,389,606,607
392,389,607,769
391,392,607,635
276,392,608,768
392,277,608,636
277,275,609,610
277,274,610,611
277,273,611,612
277,272,612,613
277,271,613,614
277,202,614,615
277,197,615,616
277,195,616,617
277,192,617,618
277,189,618,619
277,183,619,620
277,349,620,621
277,350,621,622
277,354,622,623
357,354,623,1099
277,357,623,624
277,355,624,625
277,358,625,626
362,358,626,1095
277,362,626,637
362,366,627,628
362,369,628,629
362,372,629,638
375,372,630,781
372,376,630,631
372,377,631,632
393,377,632,777
372,393,632,639
381,393,633,776
393,383,633,640
383,387,634,640
391,387,635,771
387,392,635,636
387,277,636,637
387,362,637,638
387,372,638,639
387,393,639,640
129,125,641,642
129,126,642,727
126,124,643,728
124,122,644,729
122,118,645,646
122,119,646,730
119,115,647,648
119,116,648,731
116,114,649,732
114,111,650,651
114,108,651,733
109,107,652,653
109,106,653,654
109,104,654,655
109,105,655,735
105,103,656,736
103,100,657,658
103,97,658,736
97,315,659,660
97,313,660,661
97,314,661,737
314,312,662,738
312,309,663,739
309,308,664,740
308,305,665,666
394,305,666,843
308,394,666,667
395,394,667,863
308,395,667,668
396,395,668,862
308,396,668,669
397,396,669,862
308,397,669,670
398,397,670,867
308,398,670,671
399,398,671,861
308,399,671,741
400,401,672,860
401,399,672,861
399,400,672,673
402,400,673,859
399,402,673,742
403,404,674,857
404,402,674,858
402,403,674,743
405,406,675,978
406,407,675,856
407,405,675,676
408,405,676,1043
407,408,676,677
409,408,677,1051
407,409,677,678
410,409,678,1050
407,410,678,679
411,410,679,1049
407,411,679,745
412,413,680,971
413,411,680,1049
411,412,680,681
414,412,681,1059
411,414,681,682
415,414,682,1086
411,415,682,746
416,417,683,1085
417,415,683,1086
415,416,683,684
418,416,684,1084
415,418,684,747
419,420,685,1125
420,418,685,1084
418,419,685,686
421,419,686,1125
418,421,686,748
422,423,687,1158
423,424,687,1159
424,422,687,688
425,422,688,1157
424,425,688,750
426,427,689,1156
427,425,689,1157
425,426,689,751
428,429,690,1155
429,426,690,1156
426,428,690,752
430,431,691,1175
431,428,691,1155
428,430,691,692
432,430,692,1154
428,432,692,753
433,434,693,1173
434,435,693,1153
435,433,693,694
436,433,694,1152
435,436,694,755
437,438,695,1150
438,436,695,1151
436,437,695,756
439,440,696,1149
440,437,696,1150
437,439,696,757
441,442,697,1147
442,443,697,1148
443,441,697,698
444,441,698,1147
443,444,698,699
445,444,699,1146
443,445,699,759
446,447,700,1145
447,445,700,1146
445,446,700,760
448,449,701,1167
449,446,701,1145
446,448,701,702
450,448,702,1144
446,450,702,703
451,450,703,1143
446,451,703,761
452,453,704,1142
453,451,704,1143
451,452,704,705
454,452,705,1142
451,454,705,762
455,456,706,1140
456,454,706,1141
454,455,706,707
457,455,707,1197
454,457,707,708
458,457,708,1190
454,458,708,709
459,458,709,1190
454,459,709,710
460,459,710,1189
454,460,710,763
461,462,711,1196
462,460,711,1189
460,461,711,712
347,461,712,-1
460,347,712,713
460,344,713,714
460,345,714,715
460,346,715,716
460,342,716,717
460,343,717,718
460,341,718,719
460,339,719,720
460,340,720,764
340,338,721,765
338,336,722,766
336,333,723,724
336,332,724,767
332,330,725,726
332,129,726,727
332,126,727,728
332,124,728,729
332,122,729,730
332,119,730,731
332,116,731,732
332,114,732,733
332,108,733,734
332,109,734,735
332,105,735,767
105,97,736,737
105,314,737,738
105,312,738,739
105,309,739,740
105,308,740,741
105,399,741,742
105,402,742,743
105,403,743,744
407,403,744,857
105,407,744,745
105,411,745,746
105,415,746,747
105,418,747,748
105,421,748,749
424,421,749,1159
105,424,749,750
105,425,750,751
105,426,751,752
105,428,752,753
105,432,753,754
435,432,754,1153
105,435,754,755
105,436,755,756
105,437,756,757
105,439,757,758
443,439,758,1148
105,443,758,759
105,445,759,760
105,446,760,761
105,451,761,762
105,454,762,763
105,460,763,764
105,340,764,765
105,338,765,766
105,336,766,767
279,392,768,769
279,389,769,770
279,390,770,819
390,387,771,772
390,388,772,820
388,384,773,821
385,382,774,775
385,379,775,823
380,393,776,777
380,377,777,778
380,378,778,779
380,376,779,780
380,373,780,824
374,372,781,782
374,370,782,783
374,371,783,784
374,369,784,785
374,367,785,786
374,368,786,825
368,365,787,788
368,363,788,789
368,364,789,790
463,364,790,1093
368,463,790,825
464,465,791,1003
465,463,791,1004
463,464,791,792
466,464,792,1002
463,466,792,826
467,468,793,1000
468,466,793,1001
466,467,793,827
469,470,794,999
470,467,794,1000
467,469,794,795
471,469,795,998
467,471,795,828
472,473,796,884
473,471,796,997
471,472,796,797
474,472,797,883
471,474,797,829
475,476,798,882
476,474,798,883
474,475,798,799
477,475,799,881
474,477,799,830
478,479,800,880
479,477,800,881
477,478,800,801
480,478,801,880
477,480,801,802
481,480,802,871
477,481,802,831
304,482,803,868
482,481,803,871
481,304,803,804
481,302,804,805
481,300,805,806
481,301,806,832
301,297,807,808
301,298,808,833
298,294,809,810
298,295,810,834
295,291,811,812
295,292,812,835
292,288,813,814
292,289,814,836
289,285,815,816
289,286,816,837
286,284,817,838
284,280,818,842
281,390,819,820
281,388,820,821
281,384,821,822
281,385,822,823
281,379,823,839
379,373,824,840
374,463,825,826
374,466,826,827
374,467,827,828
374,471,828,829
374,474,829,830
374,477,830,831
374,481,831,832
374,301,832,833
374,298,833,834
374,295,834,835
374,292,835,836
374,289,836,837
374,286,837,838
374,284,838,841
280,379,839,840
280,373,840,842
373,284,841,842
394,303,843,844
483,303,844,870
394,483,844,845
484,483,845,877
394,484,845,846
485,484,846,933
394,485,846,847
486,485,847,987
394,486,847,848
487,486,848,987
394,487,848,849
488,487,849,986
394,488,849,850
489,488,850,985
394,489,850,851
490,489,851,984
394,490,851,864
491,492,852,982
492,490,852,983
490,491,852,853
493,491,853,981
490,493,853,854
494,493,854,980
490,494,854,855
406,494,855,979
490,406,855,856
490,407,856,865
407,404,857,858
407,402,858,859
407,400,859,860
407,401,860,865
401,398,861,866
397,395,862,863
397,394,863,864
397,490,864,867
490,401,865,866
490,398,866,867
303,482,868,869
495,482,869,879
303,495,869,870
483,495,870,878
482,480,871,872
496,480,872,917
482,496,872,879
497,498,873,930
498,496,873,917
496,497,873,874
499,497,874,916
496,499,874,875
500,499,875,934
496,500,875,876
484,500,876,933
496,484,876,877
496,483,877,878
496,495,878,879
480,479,880,918
479,475,881,882
479,476,882,919
476,472,883,884
476,473,884,885
501,473,885,997
476,501,885,886
502,501,886,1024
476,502,886,887
503,502,887,1023
476,503,887,888
504,503,888,1022
476,504,888,889
505,504,889,1021
476,505,889,890
506,505,890,1020
476,506,890,891
507,506,891,1019
476,507,891,892
508,507,892,1018
476,508,892,893
509,508,893,1017
476,509,893,894
510,509,894,1016
476,510,894,895
511,510,895,1015
476,511,895,896
512,511,896,1014
476,512,896,897
513,512,897,1013
476,513,897,931
514,515,898,-1
515,516,898,1011
516,514,898,899
517,514,899,1202
516,517,899,900
518,517,900,1201
516,518,900,920
519,520,901,1187
520,518,901,1201
518,519,901,921
521,522,902,1180
522,523,902,952
523,521,902,923
524,525,903,1121
525,521,903,1179
521,524,903,924
526,527,904,1120
527,524,904,1121
524,526,904,925
528,529,905,945
529,526,905,1119
526,528,905,906
530,528,906,1057
526,530,906,907
531,530,907,1056
526,531,907,926
532,533,908,1054
533,531,908,1055
531,532,908,927
534,535,909,942
535,536,909,1052
536,534,909,910
537,534,910,1035
536,537,910,911
538,537,911,1035
536,538,911,912
539,538,912,1034
536,539,912,913
540,539,913,1033
536,540,913,929
541,542,914,1032
542,540,914,1033
540,541,914,915
499,541,915,934
540,499,915,916
540,497,916,932
498,480,917,918
498,479,918,919
498,476,919,930
516,513,920,1012
513,518,920,921
513,519,921,922
523,519,922,1186
513,523,922,923
513,521,923,924
513,524,924,925
513,526,925,926
513,531,926,927
513,532,927,928
536,532,928,1053
513,536,928,929
513,540,929,931
497,476,930,932
476,540,931,932
485,500,933,988
500,541,934,935
543,541,935,1032
500,543,935,936
544,543,936,1038
500,544,936,937
545,544,937,1038
500,545,937,938
546,545,938,1037
500,546,938,939
547,546,939,1037
500,547,939,940
548,547,940,1036
500,548,940,941
534,548,941,1036
500,534,941,942
500,535,942,943
549,535,943,1052
500,549,943,989
528,550,944,1057
550,549,944,1058
549,528,944,945
549,529,945,946
551,529,946,1119
549,551,946,990
552,553,947,1123
553,551,947,1124
551,552,947,991
554,525,948,1179
525,552,948,1122
552,554,948,992
555,556,949,1182
556,554,949,1183
554,555,949,993
557,558,950,1181
558,555,950,1182
555,557,950,994
522,559,951,1180
559,557,951,1181
557,522,951,952
557,523,952,953
560,523,953,1186
557,560,953,994
561,562,954,1206
562,560,954,1188
560,561,954,955
563,561,955,1205
560,563,955,956
564,563,956,1214
560,564,956,995
565,566,957,-1
566,564,957,1216
564,565,957,958
567,565,958,1067
564,567,958,959
568,567,959,1067
564,568,959,960
569,568,960,1066
564,569,960,961
570,569,961,1065
564,570,961,962
571,570,962,1065
564,571,962,963
572,571,963,1064
564,572,963,964
573,572,964,1063
564,573,964,965
574,573,965,1062
564,574,965,966
575,574,966,1061
564,575,966,967
576,575,967,1061
564,576,967,968
577,576,968,1060
564,577,968,969
578,577,969,1060
564,578,969,970
412,578,970,1059
564,412,970,971
564,413,971,972
579,413,972,1048
564,579,972,973
580,579,973,1047
564,580,973,974
581,580,974,1046
564,581,974,975
582,581,975,1045
564,582,975,976
583,582,976,1044
564,583,976,977
405,583,977,1043
564,405,977,978
564,406,978,979
564,494,979,980
564,493,980,981
564,491,981,982
564,492,982,983
564,490,983,984
564,489,984,985
564,488,985,986
564,487,986,996
487,485,987,988
487,500,988,989
487,549,989,990
487,551,990,991
487,552,991,992
487,554,992,993
487,555,993,996
555,560,994,995
555,564,995,996
501,471,997,998
501,469,998,999
501,470,999,1025
470,468,1000,1001
470,466,1001,1002
470,464,1002,1003
470,465,1003,1026
584,463,1004,1116
465,584,1004,1026
585,586,1005,1115
586,584,1005,1116
584,585,1005,1006
587,585,1006,1114
584,587,1006,1027
588,589,1007,1112
589,587,1007,1113
587,588,1007,1028
590,591,1008,1109
591,592,1008,1110
592,590,1008,1030
593,594,1009,1107
594,590,1009,1108
590,593,1009,1031
515,595,1010,-1
595,593,1010,1106
593,515,1010,1011
593,516,1011,1012
593,513,1012,1013
593,512,1013,1014
593,511,1014,1015
593,510,1015,1016
593,509,1016,1017
593,508,1017,1018
593,507,1018,1019
593,506,1019,1020
593,505,1020,1021
593,504,1021,1022
593,503,1022,1023
593,502,1023,1024
593,501,1024,1025
593,470,1025,1031
470,584,1026,1027
470,587,1027,1028
470,588,1028,1029
592,588,1029,1111
470,592,1029,1030
470,590,1030,1031
543,542,1032,1039
542,539,1033,1034
542,538,1034,1040
538,534,1035,1041
534,547,1036,1041
547,545,1037,1042
545,543,1038,1039
545,542,1039,1040
545,538,1040,1042
538,547,1041,1042
408,583,1043,1044
408,582,1044,1045
408,581,1045,1046
408,580,1046,1047
408,579,1047,1048
408,413,1048,1051
413,410,1049,1050
413,409,1050,1051
549,536,1052,1053
549,532,1053,1054
549,533,1054,1055
549,531,1055,1056
549,530,1056,1058
530,550,1057,1058
414,578,1059,1087
578,576,1060,1088
576,574,1061,1062
576,573,1062,1063
576,572,1063,1064
576,571,1064,1089
571,569,1065,1066
571,568,1066,1090
568,565,1067,1068
596,565,1068,-1
568,596,1068,1069
597,596,1069,1136
568,597,1069,1070
598,597,1070,1136
568,598,1070,1071
599,598,1071,1135
568,599,1071,1072
600,599,1072,1135
568,600,1072,1073
601,600,1073,1134
568,601,1073,1074
602,601,1074,1133
568,602,1074,1075
603,602,1075,1133
568,603,1075,1076
604,603,1076,1132
568,604,1076,1077
605,604,1077,1131
568,605,1077,1078
606,605,1078,1131
568,606,1078,1079
607,606,1079,1130
568,607,1079,1080
608,607,1080,1129
568,608,1080,1081
609,608,1081,1128
568,609,1081,1082
610,609,1082,1127
568,610,1082,1091
420,611,1083,1126
611,610,1083,1127
610,420,1083,1092
420,416,1084,1085
420,417,1085,1092
417,414,1086,1087
417,578,1087,1088
417,576,1088,1089
417,571,1089,1090
417,568,1090,1091
417,610,1091,1092
463,360,1093,1094
463,361,1094,1117
361,358,1095,1096
361,359,1096,1097
361,355,1097,1098
361,356,1098,1118
356,354,1099,1100
356,352,1100,1101
356,353,1101,1102
356,350,1102,1103
356,351,1103,1104
356,349,1104,1105
595,349,1105,-1
356,595,1105,1106
356,593,1106,1107
356,594,1107,1108
356,590,1108,1109
356,591,1109,1110
356,592,1110,1111
356,588,1111,1112
356,589,1112,1113
356,587,1113,1114
356,585,1114,1115
356,586,1115,1118
586,463,1116,1117
586,361,1117,1118
551,526,1119,1120
551,527,1120,1124
527,525,1121,1122
527,552,1122,1123
527,553,1123,1124
421,420,1125,1126
421,611,1126,1160
611,609,1127,1128
611,608,1128,1129
611,607,1129,1130
611,606,1130,1161
606,604,1131,1132
606,603,1132,1162
603,601,1133,1134
603,600,1134,1163
600,598,1135,1164
598,596,1136,1137
612,596,1137,-1
598,612,1137,1138
613,612,1138,1208
598,613,1138,1139
455,613,1139,1197
598,455,1139,1140
598,456,1140,1141
598,454,1141,1165
454,453,1142,1165
453,450,1143,1144
453,448,1144,1166
449,447,1145,1168
447,444,1146,1169
444,442,1147,1170
442,439,1148,1149
442,440,1149,1171
440,438,1150,1151
440,436,1151,1152
440,433,1152,1172
434,432,1153,1154
434,430,1154,1174
431,429,1155,1176
429,427,1156,1177
427,422,1157,1158
427,423,1158,1178
423,421,1159,1160
423,611,1160,1161
423,606,1161,1162
423,603,1162,1163
423,600,1163,1164
423,598,1164,1178
598,453,1165,1166
598,448,1166,1167
598,449,1167,1168
598,447,1168,1169
598,444,1169,1170
598,442,1170,1171
598,440,1171,1172
598,433,1172,1173
598,434,1173,1174
598,430,1174,1175
598,431,1175,1176
598,429,1176,1177
598,427,1177,1178
554,521,1179,1183
521,559,1180,1184
559,558,1181,1185
558,556,1182,1185
556,521,1183,1184
556,559,1184,1185
560,519,1186,1187
560,520,1187,1188
562,520,1188,1207
462,459,1189,1196
459,457,1190,1191
614,457,1191,1200
459,614,1191,1192
615,614,1192,1200
459,615,1192,1193
616,615,1193,1212
459,616,1193,1194
617,616,1194,1211
459,617,1194,1195
461,617,1195,-1
459,461,1195,1196
457,613,1197,1198
618,613,1198,1208
457,618,1198,1199
615,618,1199,1212
457,615,1199,1200
520,517,1201,1207
619,514,1202,-1
517,619,1202,1203
620,619,1203,1215
517,620,1203,1204
563,620,1204,1214
517,563,1204,1205
517,561,1205,1206
517,562,1206,1207
618,612,1208,1209
621,612,1209,-1
618,621,1209,1210
622,621,1210,1217
618,622,1210,1213
617,622,1211,-1
622,616,1211,1213
616,618,1212,1213
564,620,1214,1215
564,619,1215,1216
566,619,1216,-1
623,621,1217,-1
622,623,1217,1218
624,623,1218,1222
622,624,1218,1219
625,624,1219,1221
622,625,1219,1220
626,625,1220,1221
622,626,1220,-1
626,624,1221,1222
626,623,1222,1223
627,623,1223,-1
626,627,1223,-1