-179.184064,-59.331055,0,1,52,53
-180.0,-59.333333,0,33,34,35,53,54
-180.0,-90.0,0,1,2,3,21,22
-172.252771,-55.726189,1,2,51,52
-171.986963,-55.734502,2,3,50,51
-167.471999,-53.197275,3,4,5,6,22,23,50
-165.591196,-51.595894,4,5,49,61,62
-167.445757,-52.793405,4,50,51,52,53,54,55,56,57,58,62
-160.533873,-49.724011,5,6,48,49
-158.112359,-49.063645,6,23,24,47,48
-148.54086,-43.734461,7,8,9,10,11,25,26,46
-153.858537,-46.265047,7,46,47,48,49,60,61
-153.874124,-46.680379,7,24,25,47
-146.398055,-41.987212,8,9,45,295,296
-148.244311,-42.805478,8,45,46,59,60
-143.998037,-44.398001,9,10,294,295
-143.986926,-44.53074,10,11,293,294,330,331
-145.590519,-47.205011,11,12,13,26,27,31,330
-143.725444,-52.666769,12,13,329,361,362,363,364,365,369,370
-144.264999,-48.135654,12,330,331,332,333,361
-143.738219,-55.593477,13,14,27,329
-146.128546,-62.533625,14,15,27,28,29,31,32,359,360
-143.215311,-57.463035,14,329,360,368,369
-144.279382,-68.271001,15,16,17,28,358
-145.074201,-65.199175,15,358,359
-141.329766,-74.539257,16,17,251,252,356,357
-143.730968,-68.273532,16,357,358,359,360,367,368
-145.59944,-77.880056,17,18,28,29,250,251
-146.151879,-79.72354,18,29,30,32,248,249
-145.608991,-79.724196,18,249,250
-144.811528,-83.736938,19,20,247,257,258
-145.085477,-82.25744,19,248,249,250,251,252,253,254,255,256,258
-146.141981,-80.798453,19,20,30,248
-148.791356,-88.793059,20,21,22,23,24,25,26,30,31,32,247
-148.8,-90.0,21,247,257
-172.809135,-27.600349,33,34,136,137
-180.0,-28.933333,33,63,64,65,66,67,68,69,70,71,72,73,74,75,76,77,78,79,80,81,137,138
-169.891119,-26.795195,34,35,135,136
-166.900774,-25.598607,35,36,54,55,135
-158.132805,-23.333985,36,37,38,39,40,55,56,134
-166.942069,-25.472819,36,134,135,136,137,138,139,140,141,142,143,144,145,146,147,148,168
-151.992448,-22.125831,37,38,133,167,172,173
-158.141058,-23.063347,37,134,168,173
-147.180856,-27.343763,38,39,132,133,259
-147.207582,-28.003528,39,40,259,302,303
-144.002798,-30.799032,40,41,56,57,302
-143.74537,-32.150826,41,42,43,57,58,301
-143.721222,-30.800817,41,301,302,303,304,305,326
-144.515303,-35.730013,42,43,299,300
-143.214423,-34.137811,42,300,301,325,326,327,328
-145.062489,-35.733256,43,44,58,59,60,61,62,298,299
-146.402459,-40.40333,44,45,59,296,297
-144.778338,-37.6036,44,297,298
-173.606843,54.657618,63,64,201
-180.0,57.066667,63,174,175,176,177,178,179,201,202
-166.665402,52.666439,64,65,200,201,202,203,204,207
-160.528915,49.856781,65,66,200
-156.250099,48.680621,66,67,199,200,206,207
-156.260799,48.403099,67,68,198,199
-150.667054,46.530851,68,69,198
-150.149179,46.530611,69,70,197,198,199,205,206
-144.517357,43.868128,70,71,196,197
-144.55261,43.730699,71,72,195,196
-139.475639,42.131635,72,73,195
-138.929811,42.136444,73,74,194,195,196,197,205
-133.362834,39.990104,74,75,193,194
-133.334913,39.739007,75,76,192,193
-130.402863,39.069169,76,77,192
-124.006468,40.935947,77,78,191,192,193,194,204,205,206,207
-118.923238,41.597584,78,79,190,191
-107.985906,44.415031,79,80,189,190
-107.743101,44.392926,80,81,188,189
-101.034556,46.543601,81,82,83,138,139,188
-99.72523,46.794623,82,83,186,187
-101.063216,46.797423,82,187,188,189,190,191,203,204
-91.724189,48.126654,83,84,139,140,185,186
-84.818734,48.933893,84,85,86,87,88,89,140,141,183,184
-91.715584,48.409761,84,184,185
-75.214101,47.999271,85,86,424,425
-79.735624,49.996329,85,182,183,371,372,425,426
-68.289815,44.400716,86,87,423,424
-68.287315,44.26486,87,88,422,423
-61.362182,40.923275,88,89,421,422
-61.358894,40.809896,89,141,142,420,421
-41.858262,33.330886,90,91,418,419
-51.731129,38.412115,90,419,420,421,422,423,424,425,426,427,428,429,430,431,432,433,434,435,436,437,438,439,441
-51.996548,38.402839,90,91,142,143,420
-41.863026,33.193398,91,143,144,417,418
-24.823958,25.736932,92,145,146,414,415
-24.827262,25.862017,92,415,416
-33.599809,29.059285,92,144,145,416,417
-7.452173,19.344222,93,94,411,412
-13.329601,22.408473,93,412,413,414,415,416,417,418,419,440,441
-13.863846,22.402341,93,94,147,148,413
-7.459731,19.20219,94,95,148,149,150,151,152,168,169,170,171,172,173,411
-3.465629,17.200632,95,96,97,98,99,149,409,410
-6.950624,19.193381,95,410,411,412,440
0.546288,13.064499,96,97,584,585,586,649,650
1.061805,15.867886,96,409,585
-3.465303,7.994016,97,98,583,584
-5.593671,5.871932,98,99,582,583
-9.881775,-1.596998,99,100,101,149,150,582
-14.145673,-5.33553,100,101,580,581
-9.872357,-2.135101,100,581,582,583,584,648,649
-14.412416,-5.330853,101,102,150,151,579,580
-16.27265,-6.940195,102,103,151,152,577,578
-15.714351,-6.935249,102,578,579
-18.400181,-10.13259,103,152,153,169,575,576
-17.853822,-10.129327,103,576,577
-24.808315,-20.929633,104,153,154,169,170,573,574
-20.799941,-17.596191,104,574,575,576,577,578,579,580,581,647,648
-20.772597,-17.076672,104,153,575
-29.082141,-30.542802,105,154,155,170,171,571,572
-25.306121,-27.056951,105,572,573,574,646,647
-25.337858,-24.530335,105,154,573
-35.72976,-40.399211,106,107,108,109,155,156,157,158,159,160,161,162,163,164,165,166,167,171,172,570
-29.593057,-35.879251,106,570,571,572,645,646
-29.607386,-33.738866,106,155,571
-36.517321,-49.456935,107,108,569,643,644
-35.709564,-44.944336,107,570,644,645
-37.86421,-53.463006,108,109,568,569
-38.132869,-53.476657,109,110,111,156,568
-39.481035,-59.58797,110,111,566,567
-38.138508,-56.943379,110,567,568,569,642,643
-40.002614,-59.597412,111,112,113,156,157,566
-46.386104,-65.734166,112,113,468,469
-40.019857,-62.534442,112,469,470,566,567,641,642
-46.664114,-65.731687,113,114,115,116,117,157,158,467,468
-48.790389,-68.407192,114,115,277,446
-48.553572,-68.404301,114,446,447,467
-53.069249,-67.336354,115,116,276,277,278,309
-57.589025,-65.470439,116,117,275,276
-57.605311,-65.197642,117,118,119,158,159,275
-61.841746,-63.994324,118,119,274,308,327,328
-58.676972,-65.200033,118,275,276,309,310,311,312,313,314,315,316,317,318,319,320,321,322,323,324,325,328
-70.412892,-59.597287,119,120,121,159,160,274
-73.597075,-57.737026,120,121,272,273
-70.660738,-59.604533,120,273,274,307,308
-73.597433,-57.469663,121,160,161,271,272
-89.079432,-50.136308,122,123,269,270
-82.141872,-53.861951,122,270,271,272,273,306,307
-81.8765,-53.862748,122,123,124,161,162,271
-95.740732,-46.130338,123,124,268,269
-95.721693,-46.004557,124,125,162,163,267,268
-102.924954,-43.464933,125,126,127,128,163,164,266
-102.922736,-43.742331,125,266,267
-107.213914,-42.537386,126,127,305,306,307,308,326,327
-103.982984,-43.470618,126,266,267,268,269,270,306
-112.257097,-40.667474,127,128,265,304,305
-116.5339,-38.125414,128,129,130,164,165,264,265
-125.310695,-34.529421,129,130,262,263
-122.148632,-36.002408,129,263,264
-125.322865,-34.404598,130,131,165,166,261,262
-141.912632,-28.805244,131,132,133,166,167,260
-134.666349,-31.328425,131,260,261
-143.491797,-28.806267,132,259,260,261,262,263,264,265,303,304
-18.400578,23.612461,146,147,413,414
-167.468166,71.47003,174,175,229,230,231,232,233,234,235,236,237,238,244
-180.0,72.933333,174,208,209,230
-153.603292,68.661326,175,176,229
-130.912977,66.124309,176,177,228,229,243,244,245,246
-121.597579,61.200657,177,178,228
-113.068967,59.320308,178,179,227,228,242,243
-98.929583,55.325871,179,180,181,182,183,184,185,186,187,202,203,227
-83.733646,52.277901,180,181,225,226
-98.651497,55.345109,180,226,227,241,242
-79.750504,50.134527,181,182,225,371
15.466667,90.0,208,209,513
-180.0,90.0,208
15.492846,89.872417,209,210,230,231,512,513,514,515,516,517,518,519,520,521,522,523,524,525,526,527,528,529,530,531,532,533,534,535,536,537,538,539,540,541,542,543,544,545,546,547,548,549,550,563,564
10.115469,87.462255,210,211,231,232,510,511
10.64453,87.471951,210,511,512
7.466838,86.140773,211,212,213,232,233,509
7.994711,86.128836,211,509,510
3.734618,83.736219,212,213,507,508
7.462038,85.599233,212,508,509,510,511,512,562,563
3.19059,83.734075,213,214,215,233,234,507
-5.877263,78.266065,214,215,505,506
-2.680239,80.000337,214,506,507,508,561,562
-6.132978,78.269349,215,216,234,235,505
-11.721543,75.075704,216,217,218,235,236,504
-6.141337,77.860105,216,504,505,506,560,561
-19.19443,70.666941,217,218,502,503
-11.730771,74.660304,217,503,504,559,560
-19.476505,70.66655,218,219,236,237,502
-29.333111,64.802566,219,237,238,500,501
-21.60687,68.937804,219,501,502,503,558,559
-46.934701,55.734942,220,221,378,379
-40.513562,56.669425,220,379,380,500,501,557,558
-38.408449,58.656458,220,221,222,238,239,244,245,500
-53.852107,54.926055,221,222,377,378
-55.200067,54.929487,222,223,239,376,377
-64.551425,53.344126,223,239,245,246,374,375
-62.125943,53.329393,223,375,376
-76.817848,50.937397,224,225,226,240,241,371,372
-72.264324,50.924721,224,372,373,374,375,376,377,378,379,380,381,382,383,384,385,386,387,426,427
-72.281247,51.070017,224,240,373
-68.278012,52.410488,240,241,242,243,246,373,374
-135.463155,-79.336588,252,253,355,356
-135.457994,-79.469621,253,254,354,355
-126.131933,-84.524833,254,255,353,354
-120.247347,-89.067886,255,256,352,353
-118.4,-90.0,256,257,258,351,352
-51.182645,-71.861875,277,278,445,446,447,448,449,450,451,461,462,466
-59.198299,-77.873506,278,279,309,310,445
-63.479708,-78.92648,279,310,311,443,444
-59.215233,-78.127157,279,444,445,460,461
-74.412878,-85.602027,280,281,348,349,442
-67.989524,-82.533217,280,442,443,444,459,460
-68.017447,-82.259683,280,281,311,312,443
-80.009364,-81.738059,281,282,312,313,348
-85.062817,-79.324222,282,283,313,314,347
-80.533699,-81.725094,282,347,348,349,350,351,352,353,354,355,356,357,367
-87.4853,-77.608297,283,284,314,315,345,346
-87.469435,-78.25906,283,346,347,366,367,368,369,370
-90.683002,-75.598812,284,285,286,315,316,344
-90.651344,-75.735003,284,344,345
-96.782817,-73.601075,285,286,343,365,366,370
-93.579612,-74.798436,285,344,345,346,366
-101.861163,-70.399127,286,287,316,317,343
-104.257196,-68.536341,287,288,317,318,341,342
-102.413033,-70.402541,287,342,343,364,365
-108.520012,-65.603583,288,318,319,339,340
-108.520035,-65.866776,288,340,341
-123.472919,-57.722332,289,320,321,337,338
-119.204248,-60.923966,289,338,339,340,341,342,363,364
-118.933964,-60.931721,289,319,320,339
-131.457992,-53.192877,290,291,335,336
-129.059785,-54.940386,290,336,337,338,362,363
-128.52771,-54.941529,290,291,321,322,337
-131.480611,-52.799518,291,322,323,334,335
-140.014811,-47.604383,292,293,294,295,296,297,298,299,300,324,325,332,333
-134.660999,-51.186596,292,333,334,335,336,361,362
-134.137418,-51.19362,292,323,324,334
-140.281727,-47.589746,293,331,332
-72.829338,-87.996156,349,350,442,458,459
-72.8,-90.0,350,351,457,458
-34.937281,55.199186,380,381,557
-34.139032,55.213636,381,382,556,557,558,559,560,561,562,563,564,565
-27.720411,53.611692,382,383,555,556
-22.123642,51.990833,383,384,554,555
-18.666145,51.069556,384,385,553,554
-11.977272,49.999139,385,386,553,682
-9.325582,49.608053,386,387,682,683,684,725,726
2.657205,45.466889,387,388,427,428,725
6.929181,44.011183,388,389,390,391,428,429,724
3.483078,45.469403,388,724,725,726,727,728,729,730,731,732,733,734,735,736,737,742,743
9.06052,44.27463,389,390,741,742,743
6.938374,44.258891,389,724,742
30.125693,39.331782,390,391,723,740,741
39.479244,36.401799,391,392,393,429,430,723
51.471449,33.456302,392,393,721,722
42.149625,36.272281,392,722,723,739,740
51.460668,33.338579,393,394,395,430,431,721
58.409805,31.87101,394,395,719,720
55.468864,33.064755,394,720,721,722,738,739
58.380502,31.602764,395,396,397,431,432,719
65.341111,29.470357,396,397,717,718
60.784133,31.604194,396,718,719,720,738
65.341257,29.331841,397,398,399,432,433,716,717
67.207792,29.074572,398,399,714,715
67.208749,29.336478,398,715,716
73.080419,27.072402,399,400,401,402,433,434,713,714
74.672518,25.991444,400,401,744,745,771,772,776
74.658874,26.802815,400,712,713,771
66.940439,23.21297,401,402,592,593,744
59.229732,23.19441,402,403,404,405,434,435,592
47.201894,19.986285,403,404,591
51.46962,20.265483,403,591,592,593,594,595,596,597,654,655
42.932367,19.199533,404,405,590,591,653,654
37.080015,19.196802,405,406,435,436,590
27.71506,19.068116,406,407,436,437,589
37.052812,19.074215,406,589,590,652,653
18.403017,18.938967,407,437,438,587,588
27.73413,18.939939,407,588,589,651,652
5.070249,17.725635,408,409,410,439,440,441,585,586
14.395099,17.990513,408,586,587,588,650,651
14.398875,18.132836,408,438,439,587
-47.180265,-69.208725,447,448,467,468,469,470,471,472,473,474,492
-45.86896,-69.191096,448,449,491,492,493,494,495,496,497,498,499
-39.477393,-72.532396,449,450,490,491
-39.473748,-72.662658,450,451,489,490
-30.382871,-75.74428,451,452,462,489
-24.27119,-79.053082,452,462,463,464,465,466,487,488
-30.139339,-75.725091,452,488,489,490,491,499
-11.711287,-82.796604,453,454,455,463,464,485,486
-16.004742,-81.082276,453,486,487,488,498,499
-16.540763,-81.07856,453,463,487
-4.794094,-85.596834,454,455,483,484
-10.418796,-83.062507,454,484,485
-4.792982,-85.732959,455,456,464,465,482,483
0.773042,-87.997497,456,457,458,459,460,461,465,466,480,481
0.791315,-87.868356,456,481,482
7.466667,-90.0,457,479,480
-31.170869,-64.401349,470,471,640,641
-31.214237,-64.532965,471,472,640
-29.059215,-64.528232,472,473,640,641,642,643,644,645,646,647,648,649,650,651,652,653,654,655,656,657,658,659,660,661,662,663,664,665,666,667,668,669,670,671,672,673,674,675,676,680
-23.74574,-64.799931,473,474,639,679,680,681
-20.5525,-66.678395,474,475,492,493,639
-2.929128,-76.534897,475,493,494,637,638
-15.45044,-68.930194,475,638,639,678,679
2.924271,-79.458922,476,477,495,496,635,636
2.943917,-79.201066,476,636,637,638,677,678
2.666739,-79.203452,476,494,495,637
13.860463,-84.929205,477,478,496,497,633,634
7.994159,-81.726065,477,634,635
24.794529,-89.328904,478,479,480,481,482,483,484,485,486,497,498,631,632
21.57532,-87.605399,478,632,633
28.533333,-90.0,479,630,631
180.0,90.0,513,514
180.0,86.8,514,515,977,978
170.130691,81.730834,515,516,976,977
165.601715,79.732762,516,517,975,976
159.718424,76.797382,517,518,974,975
154.129292,72.939375,518,519,974
154.116768,72.787232,519,520,973,974,975,976,977,978,979,980,981,982,983,984,985,986,987,993,994
146.954251,68.930047,520,521,972,973
146.659555,68.927197,521,522,971,972
141.860341,65.602878,522,523,971
141.892962,65.4635,523,524,970,971,972,973,992,993
141.330528,65.481224,524,525,969,970
137.857874,63.461946,525,526,968,969
127.484678,58.53239,526,527,967,968
124.806246,54.271665,527,528,699,700,967
121.86752,54.26024,528,529,698,699
116.009188,54.681707,529,530,697,698
104.276035,54.676985,530,531,697
100.807051,53.327854,531,532,696,697,698,699,700,701,702,703,704,705,706,707,708,734,735
96.266571,54.667801,532,533,695,696
94.380769,54.66085,533,534,694,695
91.19983,54.274063,534,535,693,694
79.9927,53.330268,535,536,693
72.544288,51.467488,536,537,693,694,695,696,733,734
67.737598,51.210084,537,538,692,732,733
63.47215,52.128358,538,539,692
63.475381,51.8579,539,540,691,692,731,732
57.338212,52.402993,540,541,690,691
54.383981,52.39303,541,542,689,690
50.376629,51.86688,542,543,689
47.738724,51.215419,543,544,688,689,690,691,730,731
36.791072,52.134677,544,545,688
36.804616,51.857181,545,546,688,729,730
26.117121,51.209312,546,547,728,729
12.792774,50.937377,547,548,687,727,728
9.303964,51.191741,548,549,686,687
6.127601,51.864418,549,550,685,686
3.195006,51.200809,550,551,552,564,565,685
-3.987504,50.268253,551,552,683,684
3.186314,50.936171,551,684,685,686,687,726,727
-7.996555,50.51874,552,553,554,555,556,565,682,683
67.701932,22.397934,593,594,744,745,746,747,748,749,750,751,752,753,754,767
73.038998,19.860842,594,595,766,767,768,770
76.522023,17.991863,595,596,766
84.266644,14.259866,596,597,765,766,769,770
88.54363,11.203992,597,598,655,656,765
88.815066,10.80403,598,656,657,763,764
88.813579,11.191199,598,764,765,769
108.526642,2.139787,599,600,601,602,603,604,605,660,661,758,759
103.193835,3.868016,599,759,760
102.656969,3.855454,599,659,660,760,761
118.136097,-0.398173,600,601,859,860
114.388301,1.472982,600,757,758,860,861
118.11648,-0.655293,601,602,858,859
122.628977,-2.66722,602,603,857,858
124.016878,-3.59376,603,604,856,857,926
124.002021,-3.734185,604,605,926,927,957,958
128.541503,-7.207568,605,606,607,661,662,957
133.066035,-11.865167,606,607,955,956
128.810082,-7.198211,606,956,957,958,959,960,961,966
133.075754,-12.154632,607,608,609,662,663,955
135.469567,-15.473316,608,609,1003
135.995364,-13.729097,608,954,955,956,965,966,1003,1004
135.500122,-17.461909,609,663,664,1003,1004,1005,1006,1007,1040,1041
144.535035,-24.134539,610,611,666,667,1038
142.411524,-22.397121,610,1038,1039,1040,1041,1042,1043,1044,1059
142.142724,-22.400798,610,665,666,1039
144.807678,-25.212617,611,667,668,1036,1037
144.800977,-24.120485,611,1037,1038,1058,1059
148.279722,-29.867718,612,613,669,670,1035
148.261623,-28.655748,612,1035,1036,1037,1057,1058
147.983416,-28.651082,612,668,669,1036
150.417599,-33.607172,613,614,670,671,1034
149.60257,-31.464658,613,1034,1035,1056,1057
150.920784,-37.87829,614,615,616,671,672,1033
151.474902,-34.395259,614,1033,1034,1055,1056
152.778439,-41.335421,615,616,1032,1053,1054
151.483733,-37.865592,615,1033,1054,1055
150.415767,-44.131647,616,617,672,673,1032
150.392965,-45.999475,617,618,673,674,1031
150.927009,-44.14328,617,1031,1032,1052,1053
150.394152,-48.276274,618,674,675,1029,1030
151.742562,-47.205147,618,1030,1031,1051,1052
154.138582,-54.526727,619,620,1028,1049,1050
153.339085,-52.274429,619,1029,1030,1050,1051
151.474805,-50.523079,619,620,621,675,676,1029
154.689006,-63.332139,620,621,1027,1028
154.679538,-64.27543,621,622,623,624,625,626,627,676,680,681,1027
157.049162,-66.133588,622,623,1026,1047,1048
155.207716,-64.269148,622,1027,1028,1048,1049
158.392829,-68.801333,623,624,1025,1026
159.72454,-72.266838,624,625,1024,1025
161.60054,-75.737379,625,626,1023,1024
162.69869,-79.337019,626,627,1022,1023
162.702502,-79.72911,627,628,677,678,679,681,1022
167.997353,-86.533417,628,629,630,631,632,633,634,635,636,677,1021
170.421042,-85.731964,628,1021,1022,1023,1024,1025,1026,1046,1047
168.533333,-90.0,629,630,1020
170.668968,-86.934799,629,1020,1021,1045,1046
90.661612,9.328951,657,658,762,763
97.83434,5.203816,658,659,761,762
136.508996,-18.675865,664,665,1039,1040
124.766312,54.002536,700,701,882,967,968,969,970,991,992
116.271425,49.45368,701,702,881,882,907
112.806518,47.989391,702,703,881
112.807611,47.717687,703,704,880,881,906,907,908,909,910,911,912,913
104.266992,43.468794,704,705,879,880
103.996881,43.464199,705,706,878,879
103.224606,40.534293,706,707,781,782,878
97.86644,38.26514,707,708,780,781
92.796235,35.600339,708,709,710,735,736,780
87.488599,32.931175,709,710,778,779
92.825605,35.460414,709,779,780,781,782,783,784,785,786,787,788,789,811,812
87.183064,32.933687,710,736,737,777,778
75.459508,26.934496,711,712,771,772,809,810
84.529971,31.32338,711,777,778,779,810,811
84.532089,31.467619,711,712,713,714,715,716,717,718,737,738,739,740,741,743,777
76.54196,25.465439,745,746,775,776,823
76.542573,25.057146,746,747,823,872,873
80.254628,23.185468,747,748,872
80.787097,23.205586,748,749,871,872,873,874,875,876,877
84.539749,20.408406,749,750,870,871
84.544701,20.138312,750,751,869,870
91.719414,15.873436,751,752,868,869
95.750226,13.880488,752,753,867,868
95.743866,13.607461,753,754,866,867
100.007191,11.471188,754,755,756,767,768,865,866
105.610436,8.133236,755,756,863,864
100.524489,11.467871,755,864,865
105.582598,7.728184,756,757,758,759,760,761,762,763,764,768,769,770,862,863
111.988998,3.984515,757,861,862
87.469617,25.863049,772,773,774,775,776,809
102.944775,26.548945,773,774,807,808,824
90.680104,26.670652,773,808,809,810,811,812,813,821
97.592916,24.665915,774,775,823,824,825,826,827,828,829,830,831,832,833,834,873,874
104.282592,39.59578,782,783,878,879,880,905,906
109.605236,39.609675,783,784,904,905
116.018158,40.405631,784,785,903,904
121.085593,37.86501,785,786,902,903
121.077554,37.726192,786,787,901,902
127.707218,35.46074,787,788,900,901
135.729727,35.192295,788,789,899,900
135.756202,35.074429,789,790,791,812,813,898,899
149.338051,33.204794,790,791,896,897
144.004211,35.058167,790,897,898
156.26766,31.862096,791,792,793,813,821,822,895,896
162.134786,30.127928,792,793,893,894
156.779709,31.868437,792,894,895
162.129837,29.993851,793,814,815,816,817,818,819,820,822,892,893
180.0,22.533333,794,795,1065
180.0,30.666667,794,890,891
178.396266,29.997774,794,795,796,814,891,892
172.002282,20.793974,795,796,1064,1065,1066,1067,1068,1069
169.329321,20.386844,796,797,814,815,1064
165.583479,22.123776,797,798,799,815,816,1060,1061
169.330268,20.262268,797,1061,1062,1063,1064,1069
141.604531,22.398338,798,799,836,998,999,1002
149.059408,22.26935,798,836,837,1060
136.251196,23.467129,799,800,801,816,817,998
128.27589,23.865188,800,801,996,997
133.859854,22.927659,800,997,998,1001,1002
126.404844,24.395509,801,802,803,817,818,995,996
120.811805,25.065921,802,803,831,832,917,918,924,925
125.074385,24.139069,802,832,833,995
119.207222,25.86762,803,804,818,819,917
118.963525,26.136734,804,805,819,820,916,922,923
118.938014,25.861678,804,917,923,924
114.683265,28.278574,805,806,807,808,820,821,822,915
114.923636,27.873047,805,915,916
105.328047,26.662241,806,807,824,825,914
106.126717,26.670699,806,914,915,916,921,922
105.333488,26.539053,825,826,914,920,921
110.122889,25.999016,826,827,920
113.598904,26.269799,827,828,919,920,921,922,923,924,925
113.603671,25.996187,828,829,919
119.203769,25.331312,829,830,918,919,925
119.202087,25.061713,830,831,918
125.618287,23.606621,833,834,995,996,997,1000,1001
129.843444,22.522555,834,835,874,875,1000
134.664742,22.39926,835,836,837,875,876,999
134.671217,22.525555,835,999,1000,1001,1002
155.715763,20.928461,837,838,876,877,1060,1061,1063
174.936263,19.067238,838,839,840,841,842,843,844,845,846,847,848,849,850,851,852,853,854,855,856,857,858,859,860,861,862,863,864,865,866,867,868,869,870,871,877,1066,1067
169.588072,20.131664,838,1062,1063,1067,1068
180.0,-27.066667,839,840,937,938
180.0,18.666667,839,1065,1066
172.525381,-22.934467,840,841,937
172.25905,-22.935788,841,842,936,937,938,939,940,941,942,943,944,945,946,947,948,949,950,951,952,962
166.925178,-19.599628,842,843,935,936
166.934445,-19.460822,843,844,934,935
163.199851,-17.727115,844,845,933,934
163.219061,-17.601099,845,846,932,933
156.776559,-16.530751,846,847,932
153.050655,-16.004653,847,848,931,932,933,934,935,936,961,962,963,964,965,966
141.885433,-10.252225,848,849,930,931
141.86983,-10.131846,849,850,930
141.339344,-10.134468,850,851,929,930,931,960,961
137.566091,-8.133189,851,852,928,929
137.595143,-7.991092,852,853,928
135.996119,-8.01093,853,854,928,929,959,960
127.71922,-5.331265,854,855,927,958,959
124.527021,-3.598549,855,856,926,927
128.529837,53.71932,882,883,884,907,908,991
132.79409,53.998755,883,884,989,990
128.532585,53.994827,883,990,991,992,993,994
136.252318,53.074663,884,908,909,988,989
151.459175,55.194178,885,886,986,987
144.296871,54.536784,885,987,988,989,990,994
144.245644,54.401715,885,886,909,910,988
152.523119,55.194638,886,910,911,985,986
168.280189,57.991785,887,888,982,983
163.210292,57.333781,887,983,984
158.901912,56.143753,887,888,911,912,984,985
170.144123,58.009335,888,889,912,913,981,982
175.724332,58.940644,889,890,891,892,893,894,895,896,897,898,899,900,901,902,903,904,905,906,913,979,980
174.426558,58.93218,889,980,981
180.0,60.133333,890,978,979
180.0,-43.333333,938,939,1018,1019
176.019747,-39.864525,939,940,1017,1018
172.009509,-37.595781,940,941,1017
171.493394,-37.597298,941,942,1016,1017,1018,1019,1044,1045,1046,1047,1048,1049,1050,1051,1052,1053,1054,1055,1056,1057,1058,1059
171.474642,-36.935421,942,943,1015,1016
169.595329,-35.06053,943,944,1014,1015
166.429407,-32.941541,944,945,1014
165.870393,-32.935016,945,946,1013,1014,1015,1016,1043,1044
165.879443,-32.256857,946,947,1012,1013
161.054803,-28.135937,947,948,1011,1012
161.067529,-27.988203,948,949,1010,1011
153.326866,-24.535101,949,950,1010
152.791131,-24.524147,950,951,1009,1010,1011,1012,1013,1042,1043
152.275789,-23.599322,951,952,1008,1009
150.144898,-22.269184,952,953,962,963,1008
144.775176,-18.666748,953,963,964,1006,1007
149.573659,-22.275019,953,1007,1008,1009,1041,1042
138.919005,-15.862451,954,1004,1005
139.197365,-15.854663,954,964,965,1005,1006
180.0,-90.0,1019,1020,1045
169.59877,20.261906,1062,1068,1069