-67.133417,78.334151,0,1,1211,1212
-67.5,78.4,0,1207,1212,1213
-67.5,76.1,0,1,2,184,1198
-66.832478,78.333918,1,2,1210,1211
-66.76736,78.400414,2,3,4,5,6,184,265,266,267,288,289,1210
-67.5,78.666667,3,4,1208,1209
-66.898494,78.400601,3,1209,1210,1211,1212,1213,1214
-67.5,79.433333,4,5,1217,1218,1219,1220
-67.399182,79.433987,5,6,1220
-67.399136,79.467158,6,7,185,266,1219,1220
-67.466663,79.499758,7,8,9,10,185,1217,1218
-67.467518,79.467198,7,1218,1219
-67.5,79.566667,8,9,1221,1228
-67.5,79.5,8,1217
-66.868413,79.634024,9,10,1227,1228,1229
-66.699967,79.631978,10,185,186,266,267,1226,1227
-65.800666,79.899162,11,12,1223,1224
-66.334831,79.766944,11,1224,1225
-66.333252,79.732996,11,12,186,1225,1226
-65.532845,79.934246,12,186,267,268,289,290,1223
-67.5,79.666667,13,14,1221
-66.799082,79.765455,13,1221,1222,1228,1229
-66.70212,79.93551,13,14,15,16,17,18,19,187,1222
-67.5,81.266667,14,15,1230,1231,1286,1287
-67.266696,81.265659,15,16,1285,1286
-66.732245,81.366074,16,17,1284,1285,1899,1900,1907
-66.432378,81.367485,17,18,1899
-65.433561,81.532255,18,19,1898,1899,1906,1907,1908,1909,1910,1911,1912
-64.632653,81.534151,19,20,187,188,1898
-62.966245,81.566364,20,21,188,189,1897
-64.634964,81.567126,20,1897,1898,1905,1906
-62.434195,81.567429,21,189,190,1895,1896
-62.833749,81.599408,21,1896,1897,1904,1905
-62.634264,81.70022,22,23,191,192,193,194,195,196,197,269,1892,1893
-62.366655,81.665744,22,1893,1894,1895,1896,1904
-62.200055,81.700504,22,269,291,292,1894
-64.40058,81.698808,23,24,25,191,1891
-63.333098,81.667872,23,1891,1892
-65.533386,81.666633,24,25,1903,1911,1912
-64.766366,81.600662,24,1891,1892,1893,1904,1905,1906,1912
-65.70041,81.766438,25,26,27,191,192,1902,1903
-65.632832,81.800799,26,27,1890
-65.633399,81.834101,26,1890,1901,1902
-65.000036,81.801558,27,192,193,1889,1890,1901
-65.766768,82.034158,28,29,30,31,32,33,34,35,194,195,1886,1887
-66.267618,81.966465,28,1887,1888
-65.000025,81.866497,28,193,194,1888,1889
-66.099987,82.199643,29,30,1280,1304
-65.967572,82.068474,29,1280,1885,1886
-65.966607,82.365301,30,31,1279,1303,1304,1311,1312,1313,1314
-65.233656,82.298762,31,32,1278,1279
-64.199445,82.399801,32,33,1278,2335,2359,2360
-63.732993,82.367314,33,34,2358,2359
-63.733172,82.332654,34,35,2357,2358
-63.200179,82.299583,35,36,37,38,195,196,2357
-62.898337,82.301382,36,37,2355,2356
-62.900558,82.332616,36,2356,2357,2358,2359,2360,2361,2362,2363,2364,2365,2366,2367,2368,2369
-62.533757,82.300188,37,38,2354,2355
-62.531074,82.267405,38,39,40,196,197,2353,2354
-61.098914,82.232597,39,40,2351,2352
-61.832236,82.267968,39,2352,2353
-61.100417,82.199081,40,197,269,292,293,2351
-61.466915,82.365496,41,42,43,198,2350
-61.466913,82.333235,41,2350,2368,2369
-61.032588,82.332095,41,198,199,200,201,270,271,272,273,293,294,295,296,2351,2352,2353,2354,2355,2356,2369
-62.166089,82.433778,42,43,2348,2349
-61.765473,82.365826,42,2349,2350,2367,2368
-62.165596,82.468009,43,44,45,46,47,48,198,199,2348
-62.832482,82.566513,44,45,2347,2365,2366
-62.699263,82.467112,44,2348,2349,2366,2367
-62.532741,82.732675,45,46,2346,2347
-62.133736,82.902272,46,47,2345,2346
-62.067585,82.900899,47,48,2344,2345
-61.99885,82.999145,48,49,199,200,2343,2344
-61.465479,83.000266,49,200,201,1268,1269
-62.234353,83.066622,49,1269,1270,2342,2343
-61.867093,83.400348,50,51,202,1267,1298,1299,1300,1308,1309
-61.76548,83.299761,50,1268,1269,1270,1271,1272,1299
-60.998398,83.032952,50,201,202,203,204,205,206,207,208,209,210,211,212,270,1268
-61.532856,83.400162,51,202,203,1265,1266
-61.532993,83.434058,51,1266,1267
-60.50142,83.465773,52,53,204,205,1264
-60.902313,83.533013,52,1264,1265,1266,1267,1297,1298
-61.201802,83.400246,52,203,204,1265
-60.166663,83.467143,53,54,55,56,205,206,1263
-60.499594,83.500358,53,1263,1264,1296,1297
-59.332381,83.466411,54,55,1261,1262
-59.832826,83.498774,54,1262,1263,1295,1296
-58.899553,83.334688,55,56,1260,1261
-58.901223,83.300387,56,57,206,207,1259,1260
-58.066037,83.067374,57,58,59,60,207,208,1257,1258
-58.700223,83.29978,57,1258,1259
-57.799363,83.000167,58,59,1255,1256,3291
-57.933732,83.066694,58,1256,1257
-57.600039,82.933283,59,60,3290,3291,3308,3309
-57.600007,82.8985,60,61,62,63,208,209,3307,3308
-57.132569,82.833272,61,62,3348,3366,3367,3368,3369,3370,3371
-57.499608,82.899681,61,3307,3320,3321,3348,3349
-56.833469,82.765539,62,63,3371,3372,3373,3374,3375,3376,3424,3425
-56.299476,82.633116,63,64,65,209,210,3424
-55.70018,82.499351,64,65,3422,3423
-56.167136,82.632832,64,3423,3424,3425,3426,3427,3428,3429,3430,3449,3450
-55.699564,82.467896,65,66,67,210,211,3422
-55.13377,82.433466,66,67,3491,3500,3501
-55.132961,82.499589,66,3421,3422,3423,3448,3449,3491
-54.999487,82.36747,67,68,211,212,3500
-53.831645,82.19994,68,212,270,271,3498,3499
-54.133128,82.299111,68,3499,3500,3501,3502,3503,3504
-52.7349,82.200539,69,70,3416,3417,3495,3496
-52.767429,82.199432,69,3496,3497
-53.433911,82.165393,69,70,213,214,271,272,3497,3498
-52.234558,82.132739,70,71,213,3416
-51.300077,82.032826,71,72,213,214,3415
-51.898364,82.13282,71,3415,3416,3417,3443,3444
-50.966634,81.999788,72,73,74,75,76,214,215,272,273,3414
-50.967242,82.034714,72,3414,3415,3443
-50.267197,82.000254,73,74,3413
-50.366153,82.034442,73,3413,3414,3442,3443,3444,3445,3446,3447,3448,3449,3450,3451,3452,3453,3454,3458
-49.900271,81.999699,74,75,3412,3413,3442
-49.900385,81.966384,75,76,3411,3412
-48.933697,81.933168,76,77,215,3410,3411
-48.432368,81.899042,77,78,79,215,216,273,274,294,3409
-48.432125,81.932916,77,3409,3410
-48.200467,81.934198,78,79,3407,3408
-48.200405,81.96642,78,3408,3409,3410,3411,3412,3441,3442,3458,3459,3460,3463
-47.400794,81.933135,79,80,81,82,83,216,3407
-47.600783,82.066084,80,81,3406,3441,3462,3463
-47.600161,81.999622,80,3407,3408,3441
-47.165839,82.100823,81,82,3405,3406,3841
-47.099963,82.032176,82,83,3841,3845
-46.266054,81.93322,83,84,216,217,218,219,220,221,222,223,224,225,226,227,274,3844,3845
-46.100407,82.200883,84,85,86,87,88,89,90,91,92,93,217,3404,3842,3843
-46.264539,82.033847,84,3843,3844
-46.53179,82.533016,85,86,3439,3440,3456,3457
-46.533152,82.466806,85,3404,3440
-46.099401,82.59971,86,87,3438,3439
-45.800251,82.468029,87,88,3403,3437,3438
-45.0,82.466667,88,89,3402,3403
-45.0,80.3,89,90,617,618,619,620,665
-45.832711,80.365827,90,91,617
-46.334024,80.366635,91,92,616,617,664,665,666,672,673
-46.332803,80.400347,92,93,615,616
-46.865472,80.434468,93,94,217,218,615
-47.533807,80.499021,94,95,218,219,614
-47.232321,80.434,94,614,615,616,663,664
-48.199333,80.567161,95,219,220,3686,3687
-47.933734,80.500919,95,614,662,663,3687,3688
-49.500374,80.66694,96,97,98,221,222,3685
-49.165303,80.599951,96,3685,3686,3687,3688,3689,3690,3693
-48.966222,80.631935,96,220,221,3686
-49.800376,80.767088,97,98,3684
-49.599881,80.634336,97,3684,3685,3692,3693,3694
-49.899812,80.800647,98,222,223,3683,3684,3691,3692
-51.399896,80.766765,99,100,611,658,659
-51.10027,80.76683,99,612,613,659,660,3683,3691
-51.101162,80.79955,99,100,223,224,3683
-51.835219,80.83191,100,101,224,225,611
-52.768049,80.833625,101,102,103,225,226,610
-51.833372,80.801415,101,610,611,657,658
-52.901287,80.832493,102,103,609,3534,3535
-52.767331,80.799094,102,609,610,656,657
-53.133179,80.866168,103,104,105,106,226,227,3534
-53.700044,80.831862,104,105,3532,3533
-53.132755,80.831681,104,3533,3534,3535,3536,3578
-53.699934,80.866008,105,106,3531,3532
-54.133782,80.866391,106,227,274,294,295,3518,3531
-53.53224,80.232077,107,108,228,3524
-54.06771,80.568259,107,3524,3525,3526,3529
-54.400064,80.699843,107,228,295,296,3518,3525
-53.399797,80.134637,108,109,228,229,230,231,232,233,234,275,276,277,278,279,280,281,282,283,284,285,286,287,288,289,290,291,292,293,296,3523
-53.401687,80.232128,108,3523,3524,3528,3529,3530
-52.333697,80.10005,109,110,111,112,113,114,229,3521,3522
-52.99965,80.232107,109,3522,3523,3527,3528
-52.400711,80.235231,110,111,3572,3573,3574,3590,3595,3596,3599
-52.533285,80.233433,110,3521,3573
-52.033639,80.134359,111,112,3571,3572
-52.031951,80.100431,112,113,3571
-51.665901,80.034457,113,114,3570,3571,3572,3589,3590
-51.666239,79.999037,114,115,116,229,230,3570
-51.33249,79.899842,115,116,3652,3653,3654,3669,3670
-51.533341,80.000641,115,3570,3589,3652
-51.33265,79.86591,116,230,231,3668,3669
-50.6341,79.6658,117,118,3667
-50.634044,79.700312,117,3667,3668,3669,3670,3675
-50.766828,79.700719,117,118,119,120,231,232,3668
-50.201012,79.468348,118,119,3666,3667,3675,3676,3678
-50.367011,79.299305,119,120,3665,3666
-50.599916,79.201413,120,121,122,232,233,3665
-50.231918,78.833822,121,122,3673,3674
-50.43429,79.099699,121,3665,3666,3674,3677,3678
-50.333712,78.766872,122,123,233,234,3664,3672,3673
-50.066912,78.532277,123,124,234,235,275,3663
-50.066352,78.565983,123,3663,3664
-49.600038,78.333376,124,125,235,3661,3662
-49.600023,78.399731,124,3662,3663,3664,3671,3672
-49.101635,78.067252,125,126,127,128,235,236,237,238,239,240,241,242,243,244,245,275,276,3659,3660
-49.100952,78.132358,125,3660,3661
-48.699612,78.032541,126,127,3564,3657,3658
-48.899417,78.06686,126,3658,3659
-47.599577,77.867173,127,128,3563,3564,3594,3597,3598
-47.599959,77.833278,128,129,130,131,132,236,3562,3563
-47.033004,77.766221,129,130,3085,3086,3087,3088,3149,3150
-47.03225,77.799941,129,3086,3562
-47.665883,77.766502,130,131,3085
-48.001032,77.566766,131,132,3084,3085,3149
-48.533288,77.365717,132,133,236,237,3084
-49.200325,77.266619,133,134,237,238,3083
-48.731832,77.26586,133,3083,3084,3148,3149,3150,3151,3152,3153,3154,3155,3156,3157,3158,3159,3160,3161,3162,3163,3164,3165,3166,3167,3168,3169,3170,3171,3181,3182
-50.399906,77.000726,134,238,239,3081,3082
-49.86744,77.03342,134,3082,3083,3148
-51.467555,76.733665,135,136,240,241,3080
-51.001788,76.733527,135,3080,3081,3082,3147,3148,3180,3181
-51.000983,76.765673,135,239,240,3081
-52.632155,76.466447,136,137,241,242,3079
-52.000748,76.565936,136,3079,3080,3146,3147
-53.166459,76.43396,137,138,139,242,243,3078
-52.632736,76.434603,137,3078,3079,3145,3146
-53.668354,76.199215,138,139,3077,3144,3145,3146,3147,3179,3180
-53.166829,76.400284,138,3078,3145
-54.433351,76.201028,139,140,243,244,3077
-55.200093,76.167168,140,141,244,245,3076
-54.433015,76.166496,140,3076,3077,3143,3144
-55.666587,76.132286,141,245,246,276,277,3074,3075
-55.20051,76.13285,141,3075,3076,3142,3143
-56.734222,75.90003,142,246,247,248,249,277,278,3072,3073
-56.299382,75.898849,142,3073,3074,3075,3141,3142
-56.299634,75.933308,142,246,3074
-57.532198,75.666999,143,144,247,248,3071
-57.167085,75.667561,143,3071,3072,3073,3140,3141
-57.164765,75.700883,143,247,3072
-58.266391,75.634522,144,145,248,249,3070
-57.532531,75.633555,144,3070,3071,3139,3140
-58.634237,75.599414,145,249,250,251,252,253,254,255,256,257,258,278,279,3068,3069
-58.266737,75.599351,145,3069,3070,3138,3139
-59.299229,75.198788,146,147,250,251,3067
-58.899041,75.365552,146,3067,3068,3069,3137,3138
-58.900229,75.400086,146,250,3068
-59.566839,75.131981,147,148,251,252,3066
-59.300698,75.133606,147,3066,3067,3136,3137
-60.034118,75.100639,148,252,253,3064,3065
-59.567276,75.100399,148,3065,3066,3135,3136
-61.165955,74.83361,149,150,151,152,153,154,254,255,3062,3063
-60.701025,74.83299,149,3063,3064,3065,3134,3135
-60.700158,74.86696,149,253,254,3064
-61.533984,74.533933,150,151,3035,3036,3060,3061
-61.168272,74.800337,150,3061,3062
-61.832894,74.467139,151,152,2226,3035
-62.300628,74.36703,152,153,2226,2227,2242
-62.399697,74.366734,153,154,2225,2242,2243,2244,2245,2248
-62.366321,74.498984,154,155,255,256,2224,2225,2867
-61.866136,74.700369,155,256,257,2866
-61.966604,74.701444,155,2866,2867,2868,2869,2874
-62.465801,74.900129,156,157,2865,2872,2873
-62.433382,74.898556,156,2873,2876,2877
-62.433634,74.967498,156,157,257,258,2866,2874,2875,2877
-62.465133,75.002131,157,258,279,280,2865
-62.598195,74.766107,158,159,160,259,2847,2848
-62.565774,74.767511,158,2848,2849,2870,2871
-62.566368,74.966378,158,259,260,261,280,281,2865,2871,2872
-62.833218,74.66701,159,160,2222,2223,2240,2241
-62.600563,74.732287,159,2223,2847
-62.933265,74.699124,160,161,162,259,260,2222
-63.300009,74.734076,161,162,2580,2581
-63.032977,74.632604,161,2222,2240,2581,2582,2583
-63.099939,74.900404,162,163,164,165,166,167,168,260,261,2579,2580
-63.86619,74.932118,163,164,2220,2578
-63.43325,74.866843,163,2578,2579
-64.098769,75.033397,164,165,2219,2220,2238,2239
-63.932902,75.032173,165,166,2218,2219
-63.934338,75.066954,166,167,2217,2218,2407,2408,2409
-63.300074,75.033877,167,168,2409
-63.131137,75.133755,168,261,262,281,282,2408,2409
-64.266848,75.198465,169,170,2207,2208,2216
-63.966164,75.166994,169,2216,2217,2407
-63.531958,75.168127,169,170,171,172,173,174,262,2407,2408
-64.466546,75.266054,170,171,2206,2207
-64.466594,75.333419,171,172,2059,2060,2205,2206
-64.400687,75.332914,172,173,2058,2059
-64.401163,75.36639,173,174,2057,2058,2319,2320
-63.399766,75.399067,174,262,282,283,2320
-64.40058,75.632197,175,176,2121,2122
-64.399205,75.600041,175,2055,2122,2123,2128
-63.932397,75.532913,175,176,283,284,2055,2056,2319,2320
-64.90009,75.767881,176,177,178,284,285,2120,2121
-65.465938,75.834586,177,178,2165,2166
-65.101732,75.76602,177,2120,2166,2167,2168,2169
-65.466182,75.867651,178,179,180,285,286,2164,2165
-65.733198,75.900016,179,180,2091,2092
-65.733353,75.868071,179,2092,2093,2163,2164
-66.267957,75.999774,180,181,263,286,287,1188,1189,2091
-67.067326,76.033833,181,182,263,1187,1202
-66.833266,76.000624,181,1187,1188
-67.165821,76.066433,182,263,264,265,287,288,1200,1201
-67.165749,76.03309,182,1201,1202,1203,1204,1205,1206
-67.366048,76.100416,183,184,264,265,1198,1199
-67.300644,76.032841,183,1199,1200,1201,1206
-67.300871,76.066114,183,264,1200
-66.365564,80.067086,187,188,189,190,268,1222,1223,1224,1225,1226,1227,1229
-62.199078,81.600736,190,268,290,291,1894,1895
-66.566965,85.665521,297,298,299,397,398,1577
-67.5,85.666667,297,1533,1577,1578
-67.5,84.833333,297,396,397,1531
-65.164966,85.667023,298,299,1576,1602,1603
-66.567181,85.700895,298,1577,1578,1579,1603,1604
-65.167348,85.634755,299,300,398,399,1576
-64.333277,85.60014,300,399,400,1574,1575
-64.331918,85.633396,300,1575,1576,1601,1602
-63.29959,85.633225,301,302,303,401,402,1573
-63.934519,85.63265,301,1573,1574,1575,1601
-63.934456,85.599813,301,400,401,1574
-62.965814,85.667375,302,303,1572,1600,1609,1610
-63.300189,85.66531,302,1573,1601,1602,1603,1604,1605,1606,1610
-62.966447,85.632926,303,304,305,306,402,403,1572
-59.832797,85.666764,304,305,1571,1598,1599
-62.001462,85.667642,304,1572,1599,1600
-59.832894,85.63386,305,306,1570,1571
-58.834383,85.600682,306,307,403,404,1569,1570
-58.031663,85.566377,307,404,405,1567,1568
-58.032817,85.599421,307,1568,1569
-56.133052,85.633274,308,309,310,311,312,313,314,315,406,407,1566
-56.70127,85.633942,308,1566,1567,1568,1569,1570,1571,1597,1598
-56.799195,85.599718,308,405,406,1567
-55.633138,85.69831,309,310,1565,1596,1597,1598,1599,1600,1608,1609
-56.133597,85.66724,309,1566,1597
-55.632825,85.666983,310,311,1565
-55.267338,85.667425,311,312,1564,1565,1595,1596
-55.266594,85.635411,312,313,1564
-54.533644,85.632418,313,314,1563,1564,1594,1595
-54.534489,85.599905,314,315,1562,1563
-53.902351,85.5674,315,316,317,318,407,441,442,1562
-53.600147,85.534031,316,317,1560,1561
-53.600464,85.56655,316,1561,1562,1563,1593,1594
-53.799689,85.532762,317,318,1559,1560
-53.800129,85.466767,318,442,443,1558,1559
-51.698852,85.500313,319,320,408,1592,1593,1594,1595,1596,1607,1608
-53.099167,85.499039,319,1558,1559,1560,1561,1593
-53.199881,85.466247,319,408,409,443,444,1558
-52.266454,85.466291,320,408,409,1557
-51.699243,85.466282,320,1557,1591,1592
-51.633038,85.500459,321,322,1589,1590
-51.632137,85.467011,321,1555,1556,1590,1591,1592,1607
-51.434233,85.466228,321,322,323,410,1555
-51.265529,85.500702,322,323,1554,1588,1589
-50.100051,85.400551,323,324,410,411,1554
-49.332205,85.334897,324,325,411,412,1552,1553
-49.332233,85.39973,324,1553,1554,1587,1588
-48.867307,85.265433,325,326,412,413,414,415,416,417,418,419,420,421,422,446,450,453,454,1551
-48.866756,85.301407,325,1551,1552
-47.466667,85.2332,326,327,413,1550
-47.467449,85.266953,326,1550,1551,1552,1553,1586,1587
-47.099481,85.19901,327,328,413,414,1549
-47.099698,85.234355,327,1549,1550,1585,1586
-46.765159,85.166365,328,329,330,331,414,415,1548
-46.765375,85.199947,328,1548,1549,1584,1585
-45.0,85.1,329,330,3895,3896
-45.0,85.133333,329,1547,1548,1584
-45.333159,85.100773,330,331,3895
-45.334087,85.065755,331,332,333,334,335,336,337,338,415,416,3895,3896
-45.0,83.733333,332,333,2469
-45.0,85.066667,332,3896
-45.966565,83.834576,333,334,2468,2469,2470,2471,2472,2534,2535
-45.967294,83.865223,334,335,2467,2468
-46.366624,83.899971,335,336,2466,2467
-46.36705,83.932797,336,337,2466
-46.734699,83.931884,337,338,2465,2466,2467,2468,2533,2534
-46.733775,83.966665,338,339,340,416,417,2465
-47.668355,84.001205,339,340,2463,2464
-47.866896,83.966655,339,2464,2465,2532,2533
-47.666597,84.06768,340,341,342,343,417,418,2463
-49.067752,83.967728,341,342,2462,2530,2531
-48.133781,84.000433,341,2463,2464,2531,2532
-49.065956,83.998731,342,343,2461,2462
-49.433077,84.000091,343,344,418,419,2461
-49.801458,83.966802,344,345,419,420,2460
-49.433763,83.965773,344,2460,2461,2462,2529,2530
-50.132653,83.93308,345,346,420,421,2459
-49.800045,83.93253,345,2459,2460,2528,2529
-50.700329,83.898777,346,421,422,2457,2458
-50.133728,83.899304,346,2458,2459,2527,2528
-51.199809,83.567462,347,348,423,2455,2456
-50.967322,83.701014,347,2456,2457,2458,2526,2527
-51.13365,83.766094,347,422,423,451,452,454,2457
-51.466688,83.434283,348,423,447,451,3679
-51.099824,83.43512,348,2455,3679,3680
-49.867379,83.266814,349,350,2452,2453
-49.83255,83.367861,349,2453,2454,2526,2527,2528,2529,2530,2531,2532,2533,2534,2535,2536,2537,2557,3682
-51.466302,83.400435,349,350,351,424,425,426,427,428,429,430,431,432,447,3679,3680,3681,3682
-49.866397,83.233012,350,351,2451,2452
-49.300936,83.133444,351,352,424,2451
-49.034859,82.967735,352,353,424,425,2450
-49.09933,83.135264,352,2450,2451,2452,2453,2557,2563
-48.933831,82.865237,353,354,355,425,426,2449
-48.832956,82.965858,353,2449,2450,2563,2566
-48.700521,82.798472,354,355,2448,2569,2570,2575
-48.699128,82.866256,354,2449,2566,2569
-49.101323,82.800152,355,356,357,358,359,360,426,427,2448
-50.099151,82.766002,356,357,2447,2525,2574,2576,2577
-49.099114,82.766789,356,2448,2575,2577
-50.100008,82.799281,357,358,2447
-50.366269,82.800394,358,359,2447,2525
-50.833364,82.83292,359,360,2446,2524,2525,2573,2574
-51.767032,83.065861,360,361,362,427,428,2446
-53.032663,83.168299,361,362,2444,2445
-52.26733,83.066641,361,2445,2446,2524
-53.033446,83.198745,362,363,364,428,429,2444
-54.264477,83.234641,363,364,2442,2443
-54.266487,83.200926,363,2443,2444,2445,2524,2572,2573
-54.798713,83.33353,364,365,429,430,2442
-55.034116,83.666367,365,366,367,368,369,370,371,372,430,431,2441
-54.966571,83.333943,365,2441,2442,2443,2523,2568,2571,2572
-55.867285,83.767325,366,367,2523,2565,2567,2568
-55.368207,83.666381,366,2441,2523
-56.166527,84.033867,367,368,2440,2522,2562,2564,2565
-54.966787,84.102044,368,369,2439,2440
-54.96644,84.066856,369,370,2438,2439
-54.700062,84.067303,370,371,2437,2438
-54.500341,84.132602,371,372,2436,2437
-54.033224,84.234198,372,373,431,432,2435,2436
-54.10103,84.365205,373,432,433,447,451,452,2433,2434
-54.199423,84.299263,373,2434,2435
-54.834898,84.531891,374,375,376,433,434,452,453,454,2432
-54.699541,84.43293,374,2432,2433,2434,2435,2436,2437,2438,2439,2440,2522
-54.467141,84.432979,374,433,2433
-55.265643,84.499991,375,376,2430,2431
-55.265336,84.46751,375,2431,2432,2521,2522,2556,2561,2562
-56.031685,84.66804,376,377,378,434,2430
-57.131269,84.76698,377,378,2428,2429
-56.632326,84.667534,377,2429,2430,2431,2520,2521
-57.133899,84.798638,378,434,448,449,450,453,2427,2428
-58.23074,84.766881,379,380,381,382,383,435,2426
-57.732929,84.765998,379,2426,2427,2428,2429,2520
-57.732642,84.799832,379,435,436,448,2427
-58.433205,84.733755,380,381,2425,2519,2554,2555
-58.234117,84.733424,380,2426,2520,2521,2555,2556
-58.431494,84.766385,381,382,2425
-58.998093,84.765806,382,383,2424,2425,2518,2519
-59.000516,84.799157,383,384,435,436,2424
-59.898443,84.867023,384,385,386,436,437,438,439,448,449,2423
-59.533814,84.799354,384,2423,2424,2517,2518
-60.66786,84.8326,385,386,2422,2515,2516
-59.899721,84.832831,385,2423,2516,2517
-60.665818,84.867566,386,387,388,389,437,2422
-61.000124,84.866348,387,388,2420,2421
-60.867257,84.832903,387,2421,2422,2515
-61.599694,84.866058,388,389,2419,2420
-61.600033,84.901002,389,390,437,438,2418,2419
-62.400194,84.934179,390,391,438,439,1504
-62.232882,84.866621,390,1504,1505,1506,1507,1508,1509,1526,1527,2418
-63.133104,85.03425,391,392,439,440,441,442,443,444,445,446,449,450,1503
-62.866746,84.933419,391,1503,1504,1525,1526
-64.13283,84.966389,392,393,394,440,1502
-63.132868,84.966852,392,1502,1503,1524,1525
-64.832233,84.899634,393,394,1501,1522,1523
-64.134051,84.933399,393,1502,1523,1524
-65.299923,84.9335,394,395,396,397,398,399,400,401,402,403,404,405,406,407,440,441,1501
-67.231571,84.832733,395,396,1500,1531,1532
-65.29833,84.900073,395,1500,1501,1521,1522
-52.267832,85.433189,409,444,445,1556,1557,1591
-51.431563,85.433725,410,411,412,445,446,1555,1556
-66.632238,68.167925,455,456,470,471,720,721
-66.701268,68.166815,455,721,722,1780,1781
-66.700501,67.999936,455,469,470,1781,1782,1830,1831
-66.566828,68.266375,456,471,472,1790,1927,1928
-66.633473,68.23299,456,720,1790,1791
-66.331898,68.59878,457,458,1924,1925,1970,1971
-66.43274,68.665436,457,1925,1926,1927,1928,1929,1930,1931,1932,1933
-66.433679,68.632434,457,458,459,473,1926
-66.366464,68.601803,458,459,1970
-66.365694,68.534022,459,460,461,462,463,464,473,474,1970,1971,1972,1973,1974,1976
-65.901124,68.399516,460,461,1975,2147,2150
-66.099224,68.498807,460,1975,1976
-65.73375,68.334885,461,462,2149,2150
-65.765705,68.200605,462,463,475,476,2148,2149
-65.801293,68.200806,463,464,475
-65.800827,68.032517,464,465,466,467,468,469,470,471,472,474,475,476,477,559
-65.96665,67.866356,465,466,2074,2075,2129
-65.665352,68.033091,465,558,559,581,582,2129,2130
-66.166293,67.832206,466,467,2073,2074
-66.264543,67.833166,467,468,1948,1949,2073
-66.466684,67.899532,468,469,1831,1832,1948
-66.467511,68.43292,472,473,474,1926,1927
-65.733101,68.197905,476,477,2148,2170,2171,2174,2175
-65.299967,68.167224,477,559,560,561,562,582,583,2173,2174
-65.367211,68.399183,478,479,2172
-65.533815,68.333622,478,2172,2173,2174,2175
-65.300183,68.233281,478,479,480,481,482,560,2173
-65.400789,68.533481,479,480,2153,2171,2172,2175
-65.265565,68.667853,480,481,2152,2153,2154,2158
-65.134367,68.665507,481,482,2100,2101,2152
-64.966467,68.666849,482,483,484,485,486,487,488,489,490,560,561,2099,2100
-64.867527,68.700008,483,484,2040,2041
-64.966931,68.700277,483,2041,2042,2099
-64.466504,68.800014,484,485,2039,2040,2291,2292
-64.234625,68.834807,485,486,2290,2291,2326,2327
-64.06632,68.833735,486,487,2326,2399
-63.999912,68.766217,487,488,2370,2371,2399,2400,2404
-64.166177,68.665949,488,489,2370
-64.166412,68.633029,489,490,2370,2371,2374,2375,2376
-63.967126,68.501317,490,491,561,562,2374
-63.666604,68.499881,491,492,493,494,562,583,595,596,597,601,602,2373
-63.966968,68.534192,491,2373,2374,2376
-63.831578,68.700526,492,493,2372
-63.899996,68.7008,492,2372,2373,2375,2376
-63.834234,68.765945,493,494,2371,2372,2375,2403,2404
-63.53281,68.899518,494,584,585,596,2402,2403
-63.898257,69.033487,495,496,2279,2280,2322,2323
-63.93338,68.934237,495,2323,2324,2325,2328,2329
-63.866535,68.934654,495,496,497,498,563,2324,2401
-63.700087,69.067383,496,497,2278,2279,2598,2599
-63.534032,69.065163,497,498,2598,2611,2612,2613,2614,2625,2626
-63.400769,69.067505,498,499,563,584,585,2625
-62.633015,69.434209,499,585,596,597,2624,2632,2633,2635
-63.334109,69.233342,499,2625,2626,2627,2628,2632
-62.067263,70.100438,500,501,2930,2931
-62.432717,69.932335,500,2624,2631,2634,2635,2928,2931
-62.400654,69.600418,500,501,586,597,602,603,2624
-62.00086,70.101308,501,502,503,564,586,2929,2930
-62.434293,70.432682,502,503,2620,2621,2799,2800
-62.399227,70.200075,502,2621,2622,2929
-62.200566,70.431902,503,504,505,564,2799
-62.033224,70.533237,504,505,2797,2798
-62.032151,70.566886,504,2798,2799,2800,2801,2802,2803,2804,2809,2810
-61.46743,70.532559,505,506,564,565,586,603,604,2797
-61.833135,70.733771,506,507,508,509,510,511,512,565,2796
-61.699953,70.565491,506,2796,2797,2798,2808,2809
-62.067249,70.666808,507,508,2808,2809,2810,2813
-61.832506,70.70076,507,2796,2808
-62.167097,70.733803,508,509,2795,2813,2815
-62.032347,70.801823,509,510,2795
-61.999428,70.967467,510,511,2794,2795,2812,2814,2815
-61.865722,70.966735,511,512,2794,3025
-61.299737,70.866471,512,565,598,604,605,3025,3026
-61.43235,71.365901,513,514,2792,2793
-61.434257,71.264915,513,2793,2794,2807,2811,2812,3025,3026
-61.200267,71.198601,513,514,587,588,598,3026
-61.300224,71.433713,514,566,567,587,2791,2792
-61.833329,71.632902,515,516,517,566,567,2790,2945
-61.76734,71.499491,515,2790,2791,2792,2793,2806,2807
-61.599428,71.500513,515,566,2791
-62.132407,71.66592,516,517,2944,2953,2954
-62.166547,71.666664,516,2944,2945,2946,2947
-61.03455,71.635766,517,567,587,588,2952,2953
-61.867485,71.86781,518,519,520,521,568,569,570,571,589,2949
-61.533555,71.800606,518,2949,2950,2951,2952,2953,2954,2956
-61.467151,71.865105,518,589,599,2950
-62.299985,71.799407,519,520,2752,2758,2759,2948
-62.167731,71.799313,519,2948,2949,2955,2956
-62.499484,71.800813,520,521,2751,2752
-62.600848,71.799503,521,522,523,568,2751
-63.000111,71.766653,522,523,1103,1104,2750
-62.60008,71.766951,522,2750,2751,2752,2757,2758
-62.998666,71.80117,523,524,525,568,569,1103
-63.034515,71.866418,524,525,2650,2651
-63.032676,71.800413,524,1103,1104,1145,2651,2652
-62.800378,71.832937,525,526,527,569,570,2649,2650
-62.333292,72.166263,526,527,2703,2713,2714,2715,2720
-62.765817,71.899034,526,2648,2649,2703
-61.669001,72.066216,527,528,529,570,571,2702,2720,2725,2972
-61.101543,72.099325,528,529,3202,3203
-61.367164,72.132727,528,2971,2972,2973,2976,3203,3204
-60.899522,72.099645,529,571,589,599,600,3201,3202
-60.966663,72.30012,530,531,2967,2968,3199
-60.832984,72.265797,530,3199,3200,3201,3202,3203,3204,3205
-60.698865,72.300382,530,531,572,590,3200
-60.96508,72.43359,531,532,533,534,535,536,537,538,572,2967
-61.467481,72.566891,532,533,2699,2700,2965,2966
-61.499876,72.398737,532,2966,2967,2968,2969,2970,2971,2975,2976
-61.2679,72.567643,533,534,2699
-61.300026,72.700209,534,535,2699,2700,2711,3189,3190,3195
-61.100039,72.802104,535,536,3189,3206,3207,3208,3209,3210
-60.866448,72.700785,536,537,3210,3211,3212,3213
-60.566095,72.699062,537,538,3213
-60.532896,72.69945,538,572,573,574,575,590,591,3212,3213
-60.566947,73.031782,539,540,3208,3209,3214,3215,3216,3221
-60.698931,72.933584,539,3209,3210,3211
-60.533956,72.834484,539,540,541,542,573,3211,3212
-60.366394,73.099154,540,541,3220,3221
-60.36753,73.066292,541,542,3050,3219,3220
-60.365028,72.199435,542,573,574,3049,3050,3051,3130
-60.932393,70.599761,543,575,576,591,592,3047,3048
-60.367089,70.565406,543,3048,3049,3129,3130,3131,3176,3177
-60.567232,71.133149,543,574,575,3049
-60.466435,70.499573,544,545,3046,3128,3129,3175,3176
-60.467381,70.534382,544,3047,3048,3129
-60.932842,70.533563,544,545,546,576,3047
-61.099906,70.232555,545,546,3045,3046
-61.30124,70.235175,546,547,548,576,592,593,3045
-61.600124,69.633959,547,548,3043,3044
-61.399397,69.899026,547,3044,3045,3046,3127,3128
-61.633754,69.633201,548,593,594,601,602,603,604,605,607,3043
-60.899614,67.902082,549,550,3124,3125
-60.934024,68.86678,549,3125,3126,3127,3128,3174,3175
-60.965842,68.866719,549,550,577,3126
-61.100418,67.667611,550,551,552,553,577,578,3123,3124
-60.666667,67.5,551,552,3121,3122
-60.666271,67.533102,551,3122,3123
-62.9,67.5,552,553,2184,2185
-63.70003,67.698948,553,554,578,579,2183,2184
-64.099505,67.734423,554,555,579,580,2181,2182
-64.101501,67.699288,554,2182,2183
-64.699686,67.80104,555,556,580,594,595,601,2179,2180
-64.400788,67.734398,555,2180,2181
-65.265516,67.867843,556,581,582,583,595,2177,2178
-65.26671,67.800394,556,2178,2179
-65.66762,67.933339,557,558,2130,2131
-65.666422,67.800715,557,2131,2132,2176
-65.633604,67.867282,557,558,581,2176,2177
-63.833642,68.933616,563,584,2401,2402
-61.632625,69.532928,577,578,579,580,594,3043,3044,3126,3127
-60.93313,71.733269,588,598,605,606,607,2951,2952
-60.699185,72.233816,590,591,592,593,600,606,607,3200,3201
-61.167032,71.834242,599,600,606,2950,2951
-52.900172,80.799316,608,609,655,656,3535,3536
-53.366721,80.766516,608,3536,3578,3579
-53.3679,80.633668,608,654,655,3537,3579,3580
-50.200081,80.599677,612,613,3690,3693,3694
-50.733355,80.76704,612,3691,3692,3694
-50.197457,80.566235,613,660,661,3689,3690
-45.566958,80.267186,618,619,3782,3783
-45.0,80.166667,618,3783,3784
-45.999868,80.298615,619,620,3781,3782
-46.000002,80.333928,620,665,666,3780,3781
-49.032419,80.199853,621,622,667,3779
-48.165343,80.266343,621,3779,3780,3781,3782,3783,3784,3785,3786,3787,3801,3802
-47.966959,80.3341,621,666,667,673,674,3780
-49.434422,80.168529,622,667,674,675,3778
-49.032882,80.1663,622,3778,3779,3800,3801
-48.200741,79.299675,623,624,3807,3810
-48.400979,79.499738,623,3799,3800,3801,3802,3803,3804,3805,3807
-48.431957,79.500452,623,624,625,668,3799
-48.032329,78.833978,624,625,3809,3810
-48.033346,78.76618,625,668,669,3798,3806,3808,3809
-47.066546,78.033787,626,670,671,676,3795,3796
-47.065212,78.067169,626,3796,3797
-47.766648,78.299991,626,669,676,677,679,3797,3798
-45.0,78.066667,627,628,3555
-45.0,78.233333,627,3793,3794
-46.09943,78.033418,627,628,629,630,631,632,670,3794,3795
-45.199419,77.999847,628,629,3554,3555,3556,3585
-45.398944,78.001096,629,630,3553,3554
-45.967403,77.932833,630,631,3553
-45.967704,77.898901,631,632,3552,3553,3554,3585,3586,3587,3588,3593
-46.56655,77.899314,632,633,634,635,636,637,670,671,3552
-47.368246,77.868274,633,634,3551,3597,3598,3600
-46.567313,77.867968,633,3552,3593,3594,3597
-47.36738,77.901464,634,635,3551
-47.73292,77.932566,635,636,3550,3551,3600,3604
-47.965749,78.033064,636,637,3549,3550
-48.565162,78.200748,637,638,639,640,641,642,643,644,671,676,677,3549
-48.666285,78.233845,638,639,3548
-48.666467,78.199244,638,3548,3549,3550,3604,3607
-49.066647,78.399857,639,640,3547,3548,3606,3607,3608
-49.066417,78.433569,640,641,3547
-49.265472,78.601236,641,642,3547,3603,3605,3606
-49.498795,79.000278,642,643,3546,3602,3603
-49.400575,79.367157,643,644,3545,3546
-49.499138,79.532333,644,645,646,677,679,680,3545
-50.067544,79.764819,645,646,3543,3544
-49.567053,79.532923,645,3544,3545,3546,3584,3596,3599,3601,3602
-50.067308,79.799354,646,647,680,681,3543
-50.497721,79.932924,647,648,681,682,3542
-50.165031,79.800649,647,3542,3543,3544,3583,3584
-51.266701,80.134093,648,649,650,678,682,3541
-50.632794,79.932934,648,3541,3542,3582,3583
-51.998912,80.266496,649,650,3539,3540
-51.366863,80.132639,649,3540,3541,3581,3582
-52.000808,80.300248,650,651,652,672,673,674,675,678,3539
-52.832585,80.365338,651,652,3538,3581,3582,3583,3584,3592,3595,3596
-52.266281,80.299699,651,3539,3540,3581
-52.832048,80.40019,652,653,654,655,656,657,658,659,660,661,662,663,664,672,3538
-52.999959,80.434249,653,654,3537
-52.998858,80.399807,653,3537,3538,3580,3591,3592
-49.833149,80.532237,661,662,3688,3689
-49.434037,80.067349,668,669,675,678,679,680,681,682,3778,3799,3800
-67.433925,67.531422,683,684,690,691
-67.5,67.533333,683,685,686,687,691
-67.5,67.5,683,684
-67.433333,67.5,684,689,690
-67.398977,67.565689,685,686,705,706
-67.5,67.7,685,692,693,694,695,696,706,707
-67.233548,67.566092,686,687,704,705
-67.232932,67.533157,687,688,689,690,691,703,704
-67.1,67.5,688,689,701,702
-67.099369,67.534123,688,702,703
-67.433754,68.032891,692,693,726,727
-67.5,68.033333,692,708,727,732,733,734
-67.433203,67.999838,693,694,725,726
-67.165971,67.998745,694,695,724,725,1778
-67.033129,67.933331,695,696,1778,1783
-66.833588,67.933246,696,697,698,707,1782,1783,1830
-66.768202,67.700144,697,698,1829
-66.732717,67.699568,697,1829,1830,1831,1832,1833,1834
-66.865793,67.634588,698,699,700,701,702,703,704,705,706,707,1829,1834
-66.533483,67.53341,699,700,1946
-66.499852,67.534496,699,1833,1834,1946,1947
-66.533333,67.5,700,701,1946,1947,1954
-67.466928,69.5005,708,709,710,728,729,730,733,737,738
-67.5,69.5,708,738
-67.399707,69.534995,709,710,735,736,744,745
-67.468339,69.533477,709,736,737
-67.200129,69.468125,710,711,712,728,743,744,1756,1757,1764
-67.166103,69.431639,711,712,1715,1762,1763
-67.16646,69.466156,711,1763,1764
-67.300229,69.367112,712,713,714,715,716,728,729,1715,1721
-66.83274,69.133753,713,714,1645,1720
-66.867127,69.267656,713,1720,1721,1722
-66.867222,68.93275,714,715,1645,1652,1653,1654,1655
-67.233696,68.865979,715,716,1644,1651,1652
-67.432737,68.867155,716,729,730,1644
-66.967289,68.665757,717,718,1650,1654,1655
-67.234319,68.83285,717,1651,1652,1655
-67.433216,68.832907,717,718,730,733,734,1644,1651
-67.134141,68.499676,718,719,731,732,734,1650
-66.865974,68.332505,719,720,721,722,723,731,1791,1792
-66.998716,68.499276,719,1649,1650,1653,1654,1792,1797,1798
-67.067514,68.098248,722,723,1779,1780
-67.132162,68.099632,723,724,725,726,727,731,732,1779
-67.031319,68.001223,724,1778,1779,1780,1781,1782,1783
-67.39878,69.566885,735,745,746
-67.5,69.566667,735,736,737,738,739,740,741,742,746
-67.466253,69.665871,739,740,748,793,794
-67.5,69.666667,739,747,748
-67.33263,69.666623,740,741,792,793,1669
-67.33256,69.633355,741,742,1669,1681
-67.267291,69.63112,742,743,744,745,746,1680,1681
-67.20005,69.500922,743,1679,1680,1756
-67.465519,69.765715,747,748,794,795
-67.5,69.766667,747,749,795,796
-67.466702,70.16644,749,750,796,797,827
-67.5,70.166667,749,823,824,825,827,828
-67.433583,70.200117,750,797,809,810,826
-67.466998,70.198914,750,826,827,828
-67.465477,70.367223,751,752,753,798,823,824
-67.466148,70.30045,751,824,825
-67.432267,70.299212,751,798,799,810,815,816,825,826,828
-67.5,70.433333,752,753,829,835,836
-67.5,70.366667,752,823
-67.332513,70.432149,753,754,755,756,798,799,834,835
-67.200922,70.49995,754,755,1664
-67.333986,70.500675,754,833,834,1664,1665,1668
-66.967023,70.600556,755,756,1663,1664,1667,1668
-66.933626,70.599974,756,757,799,816,817,1662,1663
-66.734653,70.733256,757,811,817,818,1660,1661
-66.799307,70.733381,757,1661,1662
-66.700698,71.333276,758,759,760,761,800,1820,1821
-66.700716,71.267252,758,1658,1659,1821,1822
-66.601701,71.067551,758,800,811,1659,1660
-66.400069,71.634018,759,760,1741,1742
-66.831789,71.465025,759,1742,1743,1819,1820
-66.333874,71.631861,760,761,1741
-65.833323,71.932765,761,800,801,811,818,819,820,821,822,1740,1741,1742,1743,1744,1745,1746,1747,1748,1749,1754,1755
-66.533105,72.799434,762,763,1738,1739
-66.632693,72.66703,762,1739,1740,1753,1754
-66.367452,72.600903,762,763,801,1740
-66.566479,72.900905,763,764,801,812,813,814,819,1738
-67.199407,73.100023,764,765,802,803,804,812,897,900,901,1737,1751,1752
-66.699501,72.899588,764,1738,1739,1752,1753
-67.333092,73.1334,765,766,802,906,907
-67.332436,73.100743,765,896,897,907
-67.400674,73.167966,766,767,802,803,904,905
-67.400132,73.13426,766,905,906
-67.433674,73.200741,767,768,769,770,771,772,773,774,775,776,803,804,902,903
-67.43418,73.167337,767,903,904
-67.5,73.466667,768,769,908,909,945,946
-67.5,73.2,768,902
-67.134049,73.400174,769,770,945
-66.799446,73.399865,770,771,944,945,946,947,948,957
-66.800565,73.3658,771,772,943,944
-66.433902,73.264894,772,773,943
-66.267971,73.267496,773,774,943,944,957,958,959,963
-65.932119,73.000916,774,775,942,956,962,963
-65.798252,72.73363,775,776,941,942
-65.667988,72.632175,776,804,812,813,940,941
-65.266637,72.233394,777,778,805,806,938
-65.265765,72.331998,777,938,939,940,941,942,956
-65.366876,72.333094,777,805,939
-65.13221,72.032783,778,779,806,807,937
-64.966974,72.167165,778,937,938,956,961,962
-65.165559,71.632767,779,780,781,807,814,819,820,936
-64.901166,71.899652,779,936,937,955,960,961
-65.765976,71.432694,780,781,934,935
-65.166661,71.566795,780,935,936,954,955
-65.932776,71.433406,781,782,820,821,933,934
-66.266323,71.298049,782,783,784,785,786,787,788,808,821,822,932
-66.133073,71.299712,782,932,933
-66.099743,70.80133,783,784,931,952,953
-66.033664,71.066609,783,932,933,934,935,953,954
-66.365504,70.534082,784,785,930,931
-66.400319,70.535198,785,786,930
-66.467081,70.400351,786,787,929,930,931,951,952
-66.600127,70.333766,787,788,928,929,1823,1824,1825,1826,1827,1828
-66.934141,70.332285,788,789,808,1823
-67.200735,70.099896,789,808,815,816,817,818,822,1765
-66.932993,70.26781,789,1765,1766,1823,1828
-66.666768,69.734568,790,791,1670,1773,1774
-66.6674,69.766228,790,1774,1775
-67.066606,69.93361,790,791,792,793,794,795,796,797,809,1775,1776
-66.966622,69.63345,791,792,1669,1670,1671,1672,1673,1674,1675,1676,1677,1678,1679,1680,1681
-65.932723,72.466238,805,806,807,813,814,939,940
-67.201485,70.065884,809,810,815,1765,1766,1767,1768,1769,1776,1777
-67.466117,70.565751,829,830,836,847
-67.5,70.566667,829,837,838,839,847,848
-67.367089,70.599862,830,831,832,833,834,835,836,846
-67.467372,70.598872,830,846,847,848,852,853
-67.132323,70.567079,831,832,1665,1666,1667,1668
-67.367845,70.633267,831,846,852,1656,1666
-67.266995,70.567694,832,833,1665
-67.432323,70.833208,837,838,865,866
-67.5,70.7,837,858,859,866
-67.200492,71.099492,838,839,864,865
-67.166703,71.099779,839,848,853,856,857,863,864
-67.5,71.5,840,841,870,871,872,876,877
-67.5,71.366667,840,861,862
-67.166621,71.133374,840,841,854,855,857,862,863
-67.465587,71.500424,841,849,850,851,854,876,1633,1638
-66.799892,71.767186,842,843,844,849,850,1810
-66.900955,71.765427,842,1636,1637,1810,1811
-66.900528,71.732065,842,849,1637,1638
-66.400093,71.834338,843,844,1723,1808,1809
-66.63349,71.834283,843,1809,1810,1811,1812,1813,1817
-67.132349,71.533516,844,850,851,1723,1724,1725,1726,1727,1728,1731
-67.365546,70.765388,845,852,853,856,1656
-67.167556,70.86659,845,1656,1657,1658,1659,1660,1661,1662,1663,1666,1667
-66.96806,71.165646,845,855,856,857,1657,1729,1730
-67.234331,71.26669,851,854,855,1730,1731
-67.432658,70.932652,858,859,869
-67.5,70.966667,858,867,868,869
-67.366437,71.099818,859,860,861,862,863,864,865,866,868,869
-67.5,71.3,860,861,867
-67.466393,71.165928,860,867,868
-67.431819,72.766392,870,871,886,887,888,889,890
-67.5,72.766667,870,878,887
-67.26534,72.665866,871,872,885,886
-67.200557,72.500012,872,873,874,875,877,884,885
-66.732738,72.098664,873,874,1634,1813,1814,1815,1816,1817
-66.966695,72.366104,873,884,1814
-67.16479,71.665551,874,875,1633,1634,1635,1636,1637,1638
-67.467461,71.567635,875,876,877,1633
-67.466039,72.80083,878,887,888,892
-67.5,72.8,878,891,892
-67.5,72.9,879,880,893,895
-67.5,72.833333,879,891
-67.466026,72.833627,879,880,881,888,889,891,892
-67.467536,72.900353,880,881,894,895,1639
-67.366262,72.732797,881,882,883,889,890,1639,1640,1641,1642,1643
-67.100028,72.632893,882,883,1735,1736,1805
-67.199617,72.698769,882,1643,1732,1733,1734,1736
-67.000835,72.534486,883,884,885,886,890,1805,1814,1815
-67.332945,73.00064,893,894,895,899,900,901
-67.5,73.0,893,896,897,900
-67.266838,72.899272,894,898,899,1639,1640
-67.5,73.1,896,902,903,904,905,906,907
-67.23204,72.900821,898,1640,1641,1737,1751
-67.235271,72.966152,898,899,901,1737
-66.834586,73.632684,908,909,1031,1032
-67.5,73.9,908,964,965,966,967,968,969,970,971,1032,1033
-66.399753,73.566501,909,910,911,912,946,947,1031
-65.634429,73.635063,910,911,1030,1056,1057,1066
-65.767804,73.633845,910,1031,1032,1033,1034,1035,1036,1056
-65.732277,73.532029,911,912,1029,1030
-65.066135,73.43447,912,913,914,947,948,1029
-64.965704,73.265981,913,914,1027,1028
-64.700163,73.43308,913,1028,1029,1030,1055,1065,1066,1067,1070
-65.133097,73.034485,914,915,948,957,958,1027
-65.0327,72.632425,915,916,958,959,1025,1026
-64.700629,72.732743,915,1026,1027,1028,1054,1055
-64.733909,72.43304,916,917,949,950,959,960,961,962,963,1024
-64.733904,72.46762,916,1024,1025
-64.299683,72.199473,917,918,949,1023
-64.59996,72.433981,917,1023,1024,1025,1026,1054
-64.366545,72.033765,918,919,920,921,922,949,950,1022
-64.231959,72.198196,918,1022,1023,1054,1055,1065
-64.03448,71.832723,919,920,1021,1053,1064,1068,1069
-64.066542,72.000794,919,1022,1065,1069,1070
-64.400309,71.735506,920,921,1021
-64.56601,71.432654,921,922,1020,1021,1052,1053
-65.000461,71.20043,922,923,950,951,952,953,954,955,960,1020
-65.60028,70.76514,923,924,925,926,927,928,929,951,1019
-65.000376,70.899657,923,1019,1020,1051,1052
-65.700042,70.499411,924,925,1018
-65.501511,70.600171,924,1018,1019,1050,1051
-65.799002,70.399852,925,926,1017,1018,1049,1050
-66.367318,70.19978,926,927,1016,1017
-66.432593,70.232755,927,928,1015,1016,1824
-66.765325,74.966474,964,965,1137,1157
-67.5,74.833333,964,1071,1072,1073,1074,1075,1076,1137
-66.332726,74.998594,965,966,1136,1157,1158,1159,1160,1161,1167
-65.732531,74.699863,966,967,1135,1136
-65.432985,74.335624,967,968,1134,1135
-64.933093,74.234272,968,969,1133,1134
-64.734103,74.133695,969,970,1132,1133
-64.733915,74.100298,970,971,1131,1132
-64.234628,74.099579,971,972,1033,1034,1131
-63.768245,73.965618,972,973,1034,1035,1130
-64.067477,74.200822,972,1130,1131,1132,1133,1134,1135,1136,1167,1169
-63.967173,73.799538,973,1035,1036,1128,1129
-63.732263,73.967267,973,1129,1130,1156,1169,1170,1171,1172,1174
-63.932983,73.501354,974,975,1126,1127
-63.665843,73.600846,974,1127,1128,1129,1155,1156
-63.967107,73.731713,974,975,1036,1056,1057,1128
-64.199584,73.466141,975,1037,1038,1057,1058,1066,1067,1125,1126
-63.633573,73.032072,976,977,1123,1124
-63.532004,73.032212,976,1124,1125,1126,1127,1155
-63.966063,73.200957,976,977,1037,1125
-63.997922,72.801537,977,1037,1038,1122,1123
-63.432911,72.533763,978,979,1121
-63.266701,72.801811,978,1121,1122,1123,1124,1155,1156,1166,1168,1173,1174
-63.997982,72.765974,978,979,980,1038,1039,1040,1058,1122
-63.4667,72.367832,979,980,1120,1121,1165,1166
-63.766543,72.300167,980,981,1039,1120
-63.933033,71.934172,981,1039,1040,1118,1119
-63.666912,72.100789,981,1119,1120,1154,1164,1165
-63.234556,71.266232,982,983,1041,1117
-63.567133,71.598286,982,1117,1118,1119,1154
-63.965859,71.80016,982,1040,1041,1058,1059,1060,1067,1068,1069,1070,1118
-63.467311,71.066235,983,984,985,1041,1042,1043,1044,1045,1059,1116
-63.166943,71.266309,983,1116,1117,1153,1154,1163,1164
-63.166095,70.732589,984,985,1115
-63.131936,70.732649,984,1115,1116,1152,1153
-63.16637,70.699736,985,986,987,1042,1114,1115,1152,2586,2587
-63.366051,70.735053,986,987,2298
-63.367137,70.699233,986,2298,2299,2585,2586
-63.599683,70.833064,987,988,1042,1043,2297,2298,2299,2300,2301,2311,2312
-63.832844,70.899455,988,989,1043,1044,2331
-63.666855,70.831683,988,2296,2297,2331,2332
-63.967451,70.867076,989,990,991,1044,1045,2330
-63.833297,70.866665,989,2330,2331,2332,2333,2334
-64.133128,70.733834,990,991,2294,2295,2333,2334
-63.965859,70.832141,990,2330,2334
-64.334899,70.733113,991,1045,1059,1060,2294
-63.699632,70.167781,992,993,2310,2316,2317,2318
-64.467451,70.498605,992,2311,2312,2313,2317
-64.565529,70.499063,992,993,994,995,996,997,998,999,1000,1046,1060,1061,1062,1063,1064,1068,2294,2295,2296,2297,2311
-63.801162,70.03251,993,994,2310
-63.566174,69.833321,994,995,2309,2310,2315,2316
-63.834694,69.665553,995,996,2308,2309
-64.266716,69.53375,996,997,2272,2273,2274,2275,2276,2277,2284,2285,2308
-64.333027,69.533999,997,998,2254,2271,2272
-64.366537,69.666341,998,999,2253,2254
-64.533932,69.698737,999,1000,2253
-64.665729,69.532841,1000,1001,1046,2253,2254,2271
-64.833218,69.500167,1001,1046,1047,1061,2195,2196
-64.666716,69.499919,1001,2196,2197,2271,2272,2284
-64.966166,69.202522,1002,1047,1048,1061,1062,2194
-64.666044,69.300431,1002,2194,2195,2196,2197,2198,2199,2200,2201,2202,2203,2204
-64.834358,69.399853,1002,1047,2195
-65.132241,69.068088,1003,1004,2038,2046,2048
-64.732353,68.966264,1003,2039,2040,2041,2042,2043,2046,2203,2204
-64.968773,69.131693,1003,1004,1005,1006,1007,1008,1048,2194,2204
-65.299814,69.100139,1004,1005,2038,2087
-65.632683,69.267091,1005,1006,2086,2087,2088,2089,2090
-65.632155,69.367388,1006,1007,2085,2086
-65.367635,69.367761,1007,1008,2084,2085
-65.199357,69.599642,1008,1009,1048,1062,1063,2083,2084
-65.734492,69.834557,1009,1010,1011,1012,1049,1050,1051,1052,1053,1063,1064,2081,2082
-65.733895,69.801142,1009,2082,2083
-66.066244,69.767366,1010,1011,1771,1772,1773,1774,1775,1776,1777,1957,1958
-65.900632,69.765495,1010,1958,1959,1960,1961,2080,2081
-66.433098,70.067399,1011,1012,1770,1771
-66.43488,70.099205,1012,1013,1014,1015,1016,1017,1049,1770
-66.799814,70.199636,1013,1014,1768,1769,1825,1826
-66.765584,70.067937,1013,1769,1770,1771,1777
-66.534066,70.265512,1014,1015,1824,1825
-67.332133,75.798548,1071,1072,1181,1182,1682
-67.5,75.8,1071,1175,1176,1177,1178,1179,1182,1183
-67.332691,75.700173,1072,1073,1682,1701,1702
-66.633301,75.499952,1073,1074,1701
-66.535384,75.499455,1074,1075,1700,1701,1702,1703,1704,1705,1712
-66.100163,75.268935,1075,1076,1700
-65.700841,75.232818,1076,1077,1078,1079,1137,1157,1158,1700,1711,1712,1713,1714
-65.199949,74.998833,1077,1078,1698,1699
-65.36621,75.099521,1077,1699,1710,1711
-65.400254,75.000205,1078,1079,1697,1698
-65.401865,74.932993,1079,1138,1158,1159,1697
-64.299933,74.699585,1080,1081,2266,2267,2268,2270
-64.699549,74.833232,1080,2213,2255,2256,2257,2267
-64.73363,74.833737,1080,1081,1138,1696,1697,1698,1699,1709,1710,2210,2213,2214
-64.500237,74.432532,1081,1082,1083,1138,1159,1160,2266
-64.033048,74.36738,1082,1083,2264,2265
-64.265917,74.433021,1082,2265,2266,2269,2270
-64.167103,74.265735,1083,1084,1139,1160,1161,2263,2264
-63.2011,74.169198,1084,1085,1086,1087,1139,2606,2607
-63.19923,74.200135,1084,2262,2263,2607,2608
-62.567392,74.06501,1085,1086,2760,2774
-62.768231,74.166618,1085,2605,2606,2760
-62.566874,74.033495,1086,1087,2774,2775,2776,2777,2778,2780
-63.001746,73.832405,1087,1088,1089,1090,1139,1161,1167,1169,1170,2773,2779,2780
-62.49969,73.566157,1088,1089,2679,2680,2771,2772
-62.433186,73.632427,1088,2772,2773
-62.932683,73.499993,1089,1090,2667,2679
-63.199603,73.23208,1090,1091,1092,1093,1094,1170,1171,2667,2668
-62.601419,73.167302,1091,1092,2677,2678,2716,2721
-62.833787,73.200312,1091,2668,2678
-62.800185,73.034338,1092,1093,2661,2662,2676,2677
-62.967877,73.034317,1093,1094,2660,2661
-63.265755,72.934379,1094,1171,1172,2660
-62.83277,72.833779,1095,1096,1140,2663,2664
-63.066907,72.899867,1095,2664,2665,2666
-63.134307,72.833526,1095,1140,1141,1142,1143,1144,1168,1173,2665
-62.599946,72.600832,1096,1097,1098,1099,1100,1140,1141,2674,2675
-62.667094,72.898869,1096,2663,2675,2676,2677,2721,2722,2723,2727,2728,2729,2730
-62.201711,72.398717,1097,1098,2957,2958,2959,2960
-62.234085,72.50058,1097,2674,2957
-62.03327,72.299987,1098,1099,2671,2672,2960
-62.567079,72.366747,1099,1100,2670,2671
-62.966391,72.365431,1100,1101,1141,1142,2669,2670
-63.134151,72.267424,1101,1142,1143,2643,2644
-63.066701,72.266807,1101,2644,2645,2669
-63.3669,71.834308,1102,1144,1145,1146,1147,1162,1163,1164,1165,1166,1168,2652
-63.234109,71.900307,1102,2643,2644,2645,2646,2647,2648,2649,2650,2651,2652
-63.233859,72.034466,1102,1143,1144,2643
-63.000377,71.73367,1104,1105,1145,1146,2750,2756,2757
-62.898973,71.533053,1105,1106,1146,1147,2816,2821,2822
-62.867509,71.732822,1105,2755,2756,2816
-62.733358,71.29969,1106,1147,1148,1149,1150,1151,1162,2836,2837,2842,2843
-62.732724,71.399546,1106,2820,2821,2836
-61.967526,71.332995,1107,1108,3009,3010,3011,3012,3013,3021,3023,3024
-62.000127,71.332762,1107,2841,3009
-62.33328,71.265462,1107,1108,1109,1110,1148,2841,2842
-61.965333,71.199942,1108,1109,3008,3020,3021
-61.99929,71.200042,1109,1110,2831,2832,3008
-62.434298,71.201443,1110,1111,1148,1149,2831
-62.566361,71.16812,1111,1149,1150,2830
-62.433135,71.16699,1111,2830,2831,2832,2833,2834,2835
-62.800096,70.667391,1112,1113,2588,2592,2593,2742
-62.568075,70.766173,1112,2742,2743,2829
-62.799861,70.867807,1112,1113,1114,1151,1152,1153,1162,1163,2825,2826,2827,2828,2829
-62.800238,70.699475,1113,1114,2587,2588
-62.699725,71.032973,1150,1151,2825,2830,2835
-63.266381,72.899568,1172,1173,1174,2660,2661,2662,2665,2666
-67.366187,75.934866,1175,1176,1192,1193,1195
-67.5,75.933333,1175,1184,1185,1186,1193
-67.366816,75.90032,1176,1177,1192
-66.935389,75.933677,1177,1178,1191,1192,1195,1197
-66.933937,75.900549,1178,1179,1191
-66.667505,75.900083,1179,1180,1183,1190,1191,1194,1196,1197
-67.100886,75.834723,1180,1181,1182,1183,1683
-66.665701,75.866213,1180,1190,1683,1684
-67.099282,75.801414,1181,1682,1683,1684,1685,1686,1687,1688,1702,1703
-67.465508,76.000083,1184,1185,1204,1205
-67.5,76.0,1184,1198,1199,1205,1206
-67.466884,75.966839,1185,1186,1203,1204
-67.067541,75.968069,1186,1187,1188,1189,1193,1195,1196,1197,1202,1203
-66.23418,75.833177,1189,1194,1196,1939,1940,2091,2092,2093,2094,2095,2096
-66.599524,75.866332,1190,1194,1684,1685,1939
-67.400446,78.533087,1207,1213,1214,1216
-67.5,78.533333,1207,1215,1216
-67.5,78.6,1208,1215
-67.400054,78.599429,1208,1209,1214,1215,1216
-67.301372,82.433757,1230,1231,1316
-67.5,82.433333,1230,1315,1316
-67.265425,82.499861,1231,1232,1233,1234,1287,1288,1315,1316
-67.5,82.566667,1232,1233,1317,1365,1366
-67.5,82.533333,1232,1315
-67.334434,82.565516,1233,1234,1364,1365
-66.999836,82.631813,1234,1235,1288,1289,1305,1306,1364
-66.533581,82.66533,1235,1236,1237,1289,1363
-67.000458,82.666875,1235,1363,1364,1365,1366,1367,1368,1369,1385,1386
-66.300119,82.699156,1236,1237,1361,1362
-66.53381,82.699905,1236,1362,1363,1384,1385
-66.067402,82.633545,1237,1238,1289,1306,1307,1361
-65.364734,82.731749,1238,1239,1307,1312,1313,1360
-66.067951,82.733858,1238,1360,1361,1362,1383,1384
-64.333607,82.933605,1239,1313,1314,1358,1359
-65.368115,82.765883,1239,1359,1360,1383
-63.199985,83.767741,1240,1241,1356,1382,1390,1391
-63.601648,83.69943,1240,1357,1358,1359,1383,1384,1385,1386,1387,1388,1391
-63.434441,83.433256,1240,1241,1242,1290,1357
-63.200815,83.699204,1241,1242,1355,1356
-62.866799,83.665746,1242,1243,1290,1291,1355
-62.433308,83.666807,1243,1244,1245,1291,1292,1354
-62.867462,83.698819,1243,1354,1355,1356,1381,1382
-62.165894,83.700483,1244,1245,1352,1353
-62.432231,83.701252,1244,1353,1354,1380,1381
-62.16632,83.66675,1245,1292,1293,1351,1352
-60.499653,83.799781,1246,1247,1350,1378,1379
-60.96745,83.798997,1246,1351,1352,1353,1379,1380
-61.80043,83.668397,1246,1247,1248,1249,1250,1293,1294,1295,1296,1297,1298,1308,1351
-60.033282,83.699705,1247,1248,1349,1350
-60.033242,83.667464,1248,1249,1348,1349
-59.233148,83.63453,1249,1250,1347,1348
-59.233607,83.601256,1250,1251,1252,1294,1347
-58.797802,83.632526,1251,1252,1426,3222
-59.000126,83.633694,1251,1346,1347,1348,1349,1350,1378,1426,1427
-58.767599,83.500995,1252,1253,1254,1255,1256,1257,1258,1259,1260,1261,1262,1294,1295,3222,3223,3224,3225,3226,3227,3231,3232
-58.033864,83.36706,1253,1254,3230,3286
-58.166562,83.433196,1253,3230,3231
-58.16561,83.298418,1254,1255,3286,3287,3288,3289,3290,3291
-62.501876,83.065763,1270,1271,2342
-62.765323,83.000419,1271,1272,2341,2342,2343,2344,2345,2346,2347,2364,2365
-62.93355,83.000965,1272,1273,1299,1300,2341
-63.099739,82.967171,1273,1300,1301,1309,1310,2339,2340
-62.93311,82.967318,1273,2340,2341,2363,2364
-63.534717,82.667327,1274,1275,2337,2338
-63.232298,82.765394,1274,2338,2339,2340,2362,2363
-63.265861,82.83422,1274,1275,1301,2339
-63.667783,82.666115,1275,1276,1301,1302,1303,1310,1311,2337
-63.832841,82.497781,1276,1277,1302,2336
-63.600681,82.565852,1276,2336,2337,2338,2361,2362
-64.199989,82.434263,1277,1278,1279,1302,1303,2335
-63.533664,82.432771,1277,2335,2336,2360,2361
-66.768297,81.967313,1280,1304,1305,1306,1307,1312,1885
-65.833389,81.567191,1281,1282,1908,1909
-66.06821,81.698933,1281,1909,1910
-66.766156,81.933375,1281,1282,1283,1284,1285,1286,1287,1288,1305,1885,1886,1887,1888,1889,1901,1902,1903,1910,1911
-66.267133,81.465736,1282,1283,1900,1907,1908
-66.434983,81.467981,1283,1284,1900
-63.800201,83.067559,1290,1291,1292,1293,1308,1309,1310,1311,1314,1357,1358
-67.10164,83.100165,1317,1318,1366,1367,1454
-67.5,83.1,1317,1392,1393,1454,1455
-66.499403,83.133952,1318,1319,1367,1368,1452,1453
-67.099847,83.13316,1318,1453,1454,1455,1477
-66.000162,83.200175,1319,1320,1321,1368,1369,1450,1451
-66.200987,83.200621,1319,1451,1452
-65.466013,83.401352,1320,1321,1448,1449
-66.001395,83.233618,1320,1449,1450
-65.400561,83.399849,1321,1322,1323,1369,1386,1387,1447,1448
-65.468003,83.734255,1322,1323,1445,1446
-65.499646,83.533664,1322,1446,1447
-65.133415,83.932154,1323,1324,1325,1387,1388,1444,1445
-65.201295,83.999914,1324,1325,1965,1966
-65.333697,84.000165,1324,1444,1966,1967
-65.200775,84.03359,1325,1326,1388,1389,1390,1391,1964,1965
-65.833324,84.099126,1326,1327,1370,1371,1372,1373,1374,1375,1376,1377,1389,1963
-65.834377,84.067014,1326,1963,1964
-66.466496,84.132154,1327,1328,1329,1330,1370,1962
-66.067082,84.067263,1327,1962,1963,1964,1965,1966,1967,1968,1969
-66.899253,84.133293,1328,1329,1442,1443,1482,1484
-66.466895,84.099602,1328,1442,1962,1969
-67.066319,84.200034,1329,1330,1441,1476,1481,1483,1484,1485
-66.300615,84.199985,1330,1331,1370,1371,1441
-66.065768,84.298906,1331,1332,1371,1372,1440
-66.467102,84.267658,1331,1440,1441,1476
-65.666395,84.334124,1332,1333,1334,1335,1336,1372,1373,1439
-66.06652,84.333935,1332,1439,1440,1476,1480,1481
-65.233215,84.366851,1333,1334,1437,1438
-65.664871,84.367171,1333,1438,1439,1475,1479,1480
-65.233763,84.333892,1334,1335,1436,1437
-64.233656,84.332789,1335,1336,1435,1436
-64.233897,84.299749,1336,1373,1374,1434,1435
-62.631929,84.26559,1337,1338,1432,1433
-63.367057,84.367809,1337,1433,1434,1435,1436,1437,1438,1474,1475
-64.000547,84.29971,1337,1338,1339,1374,1375,1434
-62.632895,84.233254,1338,1339,1431,1432
-62.234016,84.200927,1339,1375,1376,1430,1431
-61.100181,84.198894,1340,1341,1429,1472,1473
-61.300163,84.200087,1340,1430,1431,1432,1433,1473,1474
-61.299985,84.167742,1340,1341,1342,1343,1344,1376,1377,1430
-61.099707,84.168018,1341,1342,1429
-60.632053,84.166892,1342,1343,1429,1471,1472
-59.834593,84.033618,1343,1344,1428,1470,1471
-59.833612,83.932581,1344,1345,1346,1377,1378,1379,1380,1381,1382,1389,1390,1428
-59.033775,83.801289,1345,1346,1427,1468,1469
-59.532098,83.932372,1345,1428,1469,1470
-66.966892,83.867616,1392,1393,1487
-67.5,83.766667,1392,1486,1487
-66.86791,83.933865,1393,1394,1455,1477,1482,1484,1485,1486,1487
-67.5,84.566667,1394,1395,1483,1485,1488,1489,1490,1491,1492,1496,1497
-67.5,84.066667,1394,1486
-66.23365,84.566677,1395,1396,1478,1479,1480,1481,1483,1495
-66.800182,84.566952,1395,1495,1496
-65.500065,84.600224,1396,1397,1456,1457,1458,1478,1494
-66.234485,84.598366,1396,1494,1495,1496,1497,1498
-64.999168,84.633084,1397,1398,1399,1400,1456,1493,1516
-65.499333,84.632208,1397,1493,1494,1498
-64.566422,84.667209,1398,1399,1514,1515
-64.567663,84.700878,1398,1515,1516,1517,1518,1529,1530
-64.200817,84.665773,1399,1400,1513,1514
-63.86652,84.598923,1400,1401,1402,1403,1404,1405,1456,1457,1512,1513
-63.399445,84.667325,1401,1402,1510,1511,2511
-63.867782,84.633841,1401,1511,1512
-62.699505,84.667106,1402,1403,2510,2511,2551,2552
-62.199917,84.600516,1403,1404,2509,2510
-62.199021,84.568466,1404,1405,2508,2509
-61.500087,84.532625,1405,1406,1457,1458,2507,2508
-60.899253,84.499538,1406,1458,1459,1460,1461,1462,1463,1464,1465,1466,1467,1468,1469,1470,1471,1472,1473,1474,1475,1478,1479,2505,2506
-60.901871,84.532475,1406,2506,2507
-59.633831,84.534748,1407,1408,2504,2551,2552,2553,2554,2555,2556,2561
-60.300496,84.533107,1407,2505,2506,2507,2508,2509,2510,2551
-60.298853,84.498998,1407,1408,1409,1459,2505
-59.332994,84.46867,1408,1409,2503,2504
-59.335291,84.431173,1409,1410,1459,1460,2503
-58.234861,84.264739,1410,1411,1412,1413,1460,1461,2502
-58.733325,84.432529,1410,2502,2503,2504,2550,2561,2562,2564
-57.36685,84.166361,1411,1412,2550,2564,2565,2567
-57.999646,84.266035,1411,2502,2550
-57.067055,84.066412,1412,1413,2501,2549,2560,2567,2568,2571
-56.73348,83.731924,1413,1414,1415,1461,1462,2501
-56.399508,83.700971,1414,1415,2499,2500
-56.400401,83.733348,1414,2500,2501,2548,2549
-56.768192,83.700545,1415,1462,1463,2498,2499
-55.868054,83.533254,1416,1417,2497,2547,2548,2549,2559,2560
-56.200119,83.633781,1416,2498,2499,2500,2548
-56.766292,83.633382,1416,1417,1418,1463,1464,2498
-56.19908,83.398936,1417,1418,2497
-55.899864,83.266182,1418,1419,1420,1421,1422,1423,1464,1465,2497,2546,2547
-56.766481,83.234448,1419,1420,2496
-56.767032,83.200292,1419,2496,2545,2546
-57.434543,83.233587,1420,1421,2495,2496,2544,2545,3294,3295
-57.333406,83.365547,1421,1422,3228,3293,3294
-57.199351,83.434104,1422,1423,3227,3228,3229,3232
-57.197987,83.465871,1423,1424,1425,1465,1466,3226,3227
-57.966383,83.600772,1424,1425,3224,3225
-57.700232,83.533157,1424,3225,3226
-57.966121,83.634744,1425,1466,1467,3223,3224
-58.53526,83.66738,1426,1427,1467,1468,3222,3223
-66.200071,84.066159,1442,1443,1968,1969
-66.032309,84.000205,1443,1444,1445,1446,1447,1448,1449,1450,1451,1452,1453,1477,1482,1967,1968
-67.06621,84.76589,1488,1489,1519,1520,1521,1522,1523,1524,1525,1526,1527,1528,1529,1530
-67.5,84.766667,1488,1499,1520
-67.066094,84.733357,1489,1490,1519
-65.933018,84.733558,1490,1491,1518,1519,1530
-65.93438,84.69966,1491,1492,1517,1518
-65.264872,84.698867,1492,1493,1497,1498,1516,1517
-67.233155,84.800505,1499,1500,1520,1521,1532
-67.5,84.8,1499,1531,1532
-62.433419,84.801508,1505,1506,2417
-62.433155,84.766134,1505,2417,2418,2419,2420,2421,2514,2515,2516,2517,2518,2519,2553,2554
-62.832766,84.767673,1506,1507,2416,2417,2513,2514
-62.833717,84.800508,1507,1508,2416
-63.400383,84.766003,1508,1509,2415,2416,2512,2513
-63.932367,84.76481,1509,1527,1528,2415
-63.432721,84.733913,1510,2511,2512,2513,2514,2552,2553
-63.93288,84.73414,1510,1511,1512,1513,1514,1515,1528,1529,2415,2512
-66.934213,85.964593,1533,1534,1578,1579,1612
-67.5,85.966667,1533,1611,1612
-65.732333,85.999233,1534,1579,1604,1605,1619,1620
-66.933533,85.999179,1534,1611,1612,1620
-66.100806,86.065902,1535,1536,1616,1617
-66.099145,86.03566,1535,1617,1618
-65.733144,86.033946,1535,1536,1580,1581,1582,1583,1605,1606,1618,1619
-66.700588,86.133866,1536,1537,1580,1615,1616
-66.999017,86.16545,1537,1538,1539,1540,1541,1542,1580,1581,1613,1614
-66.999562,86.131655,1537,1614,1615
-67.5,86.933333,1538,1539,1621,1629,1630
-67.5,86.2,1538,1613
-62.733758,86.932468,1539,1540,1628,1629
-62.7323,86.898943,1540,1541,1627,1628
-59.93251,86.934256,1541,1542,1626,1627
-58.699771,86.934555,1542,1543,1581,1582,1626
-57.132484,86.966424,1543,1544,1545,1582,1583,1625
-58.698638,86.966629,1543,1625,1626,1627,1628,1629,1630,1632
-55.800597,86.999985,1544,1545,1623,1624
-57.133341,87.000297,1544,1624,1625,1631,1632
-53.499286,87.033523,1545,1546,1547,1583,1584,1585,1586,1587,1588,1589,1590,1606,1607,1608,1609,1610,1623
-45.0,87.066667,1546,1547,1622
-53.500359,87.06748,1546,1622,1623,1624,1631
-67.5,86.0,1611,1613,1614,1615,1616,1617,1618,1619,1620
-45.0,90.0,1621,1622,1630,1631,1632
-67.5,90.0,1621
-66.70006,71.899917,1634,1635,1812,1813
-66.699664,71.866547,1635,1636,1811,1812
-67.166203,72.901604,1641,1642,1750,1751,1752,1753,1754,1755
-67.134424,72.800873,1642,1643,1732,1750
-66.765818,69.133755,1645,1646,1647,1648,1649,1653,1719,1720,1722
-66.700331,69.233611,1646,1647,1717,1718,1793
-66.765714,69.234098,1646,1718,1719
-66.700396,68.899611,1647,1648,1793,1799,1800
-66.700869,68.865698,1648,1649,1798,1799
-66.735091,71.265497,1657,1658,1729,1822
-66.46586,69.734364,1670,1671,1772,1773
-66.465053,69.699234,1671,1672,1772,1957
-66.46595,69.668189,1672,1673,1957,1958,1961
-66.000509,69.666696,1673,1674,1960,1961
-65.999616,69.633656,1674,1675,1959,1960,1979
-66.000253,69.599493,1675,1676,1978,1979,1980,1981,1982,1983,1984
-66.29996,69.533123,1676,1677,1935,1936,1977,1978
-66.63195,69.565762,1677,1678,1784,1934,1935
-67.099011,69.533236,1678,1679,1756,1757,1784,1794,1795
-66.600265,75.833643,1685,1686,1939,1940,1941,1942,1943,1944,1945
-66.500689,75.635089,1686,1687,1945
-66.33336,75.56641,1687,1688,1944,1945,2049
-66.332741,75.532957,1688,1689,1703,1704,2049,2050,2067,2068
-66.033761,75.499528,1689,1704,1705,2110,2111,2112,2115,2116
-66.033846,75.535146,1689,2067,2110
-65.032397,75.499437,1690,1691,2064,2065,2113
-65.299472,75.500119,1690,2113,2114,2115,2116
-65.299019,75.46684,1690,1691,1706,2114
-65.467594,75.399823,1691,1706,1707,2063,2064
-65.299862,75.100347,1692,1693,1709,1710,1711,1714,2191
-65.300255,75.134497,1692,2191,2192
-65.500538,75.201079,1692,1708,1713,1714,2186,2187,2188,2189,2192,2193
-65.100658,75.067156,1693,1694,1695,1696,1709,2190
-65.09966,75.101349,1693,2190,2191,2192,2193
-64.633841,75.000082,1694,1695,2210,2211,2212,2214,2236
-64.699918,75.064834,1694,2189,2190,2193,2215,2236,2237
-64.766688,74.931927,1695,1696,2210
-65.665679,75.466781,1705,1706,1707,1708,1712,1713,2114,2115
-65.499876,75.2674,1707,1708,2062,2063,2186
-66.935696,69.367365,1715,1716,1717,1718,1719,1721,1722,1761,1762
-66.699147,69.265864,1716,1717,1759,1760,1793,1800,1803,1804
-66.834729,69.367735,1716,1760,1761
-66.36688,71.83505,1723,1724,1746,1747,1807,1808
-66.599035,71.700075,1724,1725,1745,1746
-66.599,71.634024,1725,1726,1744,1745
-66.900871,71.466961,1726,1727,1743,1744,1818,1819
-67.067693,71.432586,1727,1728,1818
-67.066022,71.299867,1728,1729,1730,1731,1818,1819,1820,1821,1822
-66.932266,72.668694,1732,1733,1749,1750,1755
-66.867033,72.565758,1733,1734,1748,1749,1806
-66.866023,72.500883,1734,1735,1736,1806,1807,1808,1809,1816,1817
-66.933329,72.500748,1735,1805,1815,1816
-66.333573,72.034716,1747,1748,1806,1807
-66.867218,69.466288,1757,1758,1759,1760,1761,1762,1763,1764,1794
-66.735028,69.46534,1758,1759,1801,1802,1804
-66.766054,69.467434,1758,1794,1795,1801
-66.86639,70.266175,1766,1767,1827,1828
-66.866355,70.199166,1767,1768,1826,1827
-66.666971,69.466718,1784,1795,1801,1802,1934
-66.268073,69.299084,1785,1786,1937,1977,1978,1984
-66.400811,69.39941,1785,1937,1938
-66.666902,69.401573,1785,1786,1787,1788,1796,1802,1803,1804,1934,1935,1936,1938
-66.231598,69.198982,1786,1787,1915,1916,1983,1984
-66.432779,69.200911,1787,1788,1914,1915
-66.533777,68.998867,1788,1789,1796,1914
-66.700669,68.566903,1789,1796,1797,1798,1799,1800,1803,1913
-66.467283,68.999377,1789,1913,1914,1915,1916,1917,1918,1919,1929,1930
-66.699392,68.46752,1790,1791,1792,1797,1913,1928,1929
-66.43371,67.534396,1832,1833,1947,1948,1949,1950,1954,1955
-66.032547,80.433922,1835,1836,1864,1865,2010
-66.366573,80.43481,1835,1985,1986,2010,2011
-66.767289,80.299876,1835,1863,1864
-64.734429,80.466649,1836,1837,1865,1869,1870,2009
-66.034375,80.467587,1836,2009,2010,2011,2022,2023
-63.799008,80.50071,1837,1838,1839,1840,1841,1842,1870,1874,1878,1879,2008
-64.73305,80.499078,1837,2008,2009,2022
-62.833965,80.53222,1838,1839,2007,2021,2025,2026
-63.799608,80.53279,1838,2008,2022,2023,2024,2026
-62.833607,80.500284,1839,1840,2007
-62.332396,80.499787,1840,1841,2006,2007,2020,2021
-62.333345,80.46598,1841,1842,2005,2006
-61.59991,80.400496,1842,1843,1879,1881,1882,2005
-60.900113,80.266501,1843,1882,1883,1884,2004,2018,2019
-61.33264,80.398792,1843,2005,2006,2019,2020
-60.801509,79.833072,1844,1875,1876,1877,1880,2002
-60.799264,79.866569,1844,2002,2003
-60.966428,80.101386,1844,1880,1883,2003,2004
-60.532594,80.900283,1845,1846,1997,1998
-60.531997,80.865973,1845,1998,1999
-60.132883,80.232846,1845,1846,1847,1848,1849,1850,1851,1852,1853,1866,1999,2000
-60.001587,80.799683,1846,1847
-59.832871,80.433888,1847,1848
-59.800199,80.432828,1848,1849
-59.532672,80.167187,1849,1850
-59.968137,80.132057,1850,1851
-59.832708,80.034348,1851,1852
-59.865251,79.833991,1852,1853
-60.199992,79.799519,1853,1854,1855,1866,1871,1872
-60.53225,79.734027,1854,1855
-60.498741,79.732463,1854
-60.533781,79.766178,1855,1872,1875,1876
-61.233496,79.966952,1856,1857,1858,1867
-61.399043,79.901965,1856
-61.101232,79.900283,1856,1867,1876,1877
-61.499716,80.232982,1857,1858
-61.732511,80.06681,1857
-61.16679,80.233551,1858,1867,1877,1880,1883,1884
-63.999669,80.434222,1859,1860,1873,1874,1878
-62.966623,80.401359,1859
-62.965479,80.434453,1859,1878,1879,1881
-64.399393,80.433446,1860,1868,1873
-64.400361,80.399097,1860
-64.868304,80.433663,1861,1862,1868,1869,1870,1873,1874
-64.766295,80.399668,1861
-64.767783,80.43243,1861,1868
-65.700948,80.433408,1862,1863,1864,1865,1869
-65.699986,80.40065,1862
-66.201449,80.232038,1863
-60.200701,79.966809,1866,1871,2000,2001
-60.366441,79.832163,1871,1872,1875,2001,2002,2003,2004,2018
-61.467284,80.366892,1881,1882,1884
-66.200756,69.199489,1916,1917,1982,1983
-66.200437,69.166307,1917,1918,1981,1982,2078,2079
-66.26623,69.066501,1918,1919,2035,2078
-66.333104,68.900074,1919,1930,1931,2035,2036,2037,2044,2045
-65.333196,69.033094,1920,1921,1922,1932,1933,2043,2046,2047,2048
-66.233625,68.866289,1920,2044,2045,2047
-66.234467,68.834273,1920,1931,1932,2044
-65.501096,68.865355,1921,1922,2097,2098
-65.200026,68.867105,1921,2042,2043,2098,2099,2100,2101,2106
-65.766729,68.866642,1922,1923,1924,1925,1933,2097
-66.167124,68.634563,1923,1924,1971,1972,2105,2108,2109
-65.766612,68.833005,1923,2097,2098,2106,2107,2109
-66.334926,69.433754,1936,1937,1938,1977
-66.234019,75.800704,1940,1941,2096
-66.066362,75.700476,1941,1942,2051,2095,2096
-66.066339,75.633449,1942,1943,2050,2051,2052,2053,2068,2069
-66.333831,75.633074,1943,1944,2049,2050
-66.269016,67.73293,1949,1950,2073,2074,2075,2076,2077
-66.167143,67.533377,1950,1955,1956,2077
-65.734546,67.598743,1951,1952,2134,2135,2136
-65.965963,67.83387,1951,2075,2076,2129,2130,2131,2132,2135
-66.001482,67.600921,1951,1952,1953,1956,2076,2077
-65.833872,67.567717,1952,1953,2134
-65.833333,67.5,1953,1954,1955,1956,2133,2134,2136
-65.933284,69.634159,1959,1979,1980,2080
-65.933251,68.599586,1972,1973,2104,2105,2137
-65.93514,68.565414,1973,1974,2137,2144,2145
-65.868899,68.565787,1974,1975,1976,2143,2144,2147
-65.80042,69.467192,1980,1981,2079,2080,2081,2082,2083,2084,2085,2086,2090
-66.134258,80.465891,1985,1986
-66.36606,80.467545,1985
-65.567177,80.532971,1986,1987,1988,2011,2012,2013,2014,2023,2024
-65.200103,80.632282,1987,1988
-65.566364,80.565514,1987
-65.13218,80.600562,1988,1989,2012
-64.633318,80.668157,1989,1990,1991,2012,2013
-64.865775,80.667318,1989
-64.400615,80.698694,1990,1991
-64.633901,80.700744,1990
-63.999637,80.599362,1991,1992,2013,2014
-63.131923,80.566529,1992,1993,2014,2015,2016,2017,2024,2025,2026
-63.132791,80.600581,1992
-62.465951,80.83312,1993,1994,2015
-62.966957,80.733908,1993
-62.333608,80.833076,1994,2015,2016
-62.467121,80.866107,1994
-61.333655,80.899312,1995,1996,1997,1998,1999,2000,2001,2017,2018,2019,2020,2021,2025
-61.698228,80.899504,1995
-61.700565,80.866635,1995,2016,2017
-60.699226,80.933418,1996,1997
-61.132288,80.933554,1996
-66.300533,68.20101,2027,2028
-66.332713,68.199291,2027
-66.334752,68.132601,2027,2028,2029,2034
-66.29869,68.165127,2028,2029
-66.168564,68.268043,2029,2030,2031,2032,2033,2034
-66.132392,68.100633,2030,2031
-66.031054,68.101235,2030
-66.133052,68.06764,2031,2032
-66.29883,68.099613,2032,2033
-66.299211,68.133696,2033,2034
-66.265613,69.032533,2035,2036,2078,2079,2089,2090
-66.198992,68.933644,2036,2037,2088,2089
-66.033737,68.934691,2037,2038,2045,2047,2048,2087,2088
-64.533313,69.09888,2039,2202,2203,2292,2293
-66.033671,75.700813,2051,2052,2094,2095,2117,2118,2119,2125,2126
-65.534567,75.633724,2052,2053,2124,2125
-65.533041,75.601384,2053,2054,2069,2070,2124
-64.967183,75.56544,2054,2055,2056,2057,2058,2059,2060,2061,2070,2071,2072,2123
-64.965816,75.600962,2054,2123,2124,2125,2126,2127,2128
-64.398532,75.466238,2056,2057,2319
-64.799252,75.434729,2060,2061,2205
-64.900897,75.166709,2061,2062,2063,2064,2065,2071,2187,2188,2205,2206,2207,2208,2209
-65.334066,75.199791,2062,2186,2187
-65.03504,75.532247,2065,2066,2071,2072,2112,2113,2116
-65.700511,75.566861,2066,2067,2068,2069,2070,2072,2110,2111
-65.699874,75.53373,2066,2111,2112
-65.867131,75.76701,2093,2094,2117,2163
-65.599285,68.833321,2101,2106,2107,2152,2158,2159,2160,2162
-65.900884,68.666233,2102,2103,2104,2105,2108,2151
-65.866291,68.665455,2102,2151,2156,2157
-65.867388,68.734839,2102,2107,2108,2109,2157,2161,2162
-65.899174,68.600325,2103,2104,2137,2138,2145,2146
-65.899764,68.634203,2103,2138,2151,2156
-65.867199,75.732786,2117,2118,2163,2164,2165,2166,2169
-65.531836,75.731186,2118,2119,2168,2169
-65.533392,75.699948,2119,2126,2127,2167,2168
-65.200347,75.699859,2120,2121,2122,2127,2128,2167
-65.56597,67.666881,2132,2133,2135,2136,2176,2177,2178,2179,2180,2181,2182,2183,2184,2185
-65.666667,67.5,2133,2185
-65.833895,68.633393,2138,2139,2146,2156,2157,2161
-65.599896,68.701725,2139,2140,2141,2142,2143,2144,2145,2146,2155
-65.833176,68.699385,2139,2155,2160,2161,2162
-65.499466,68.732786,2140,2141,2154,2158,2159
-65.600842,68.733811,2140,2155,2159,2160
-65.499933,68.600227,2141,2142,2153,2154,2170,2171
-65.63244,68.566434,2142,2143,2147,2148,2149,2150,2170
-64.767206,75.134327,2188,2189,2209,2215
-64.39988,69.499659,2197,2198,2283,2284,2285
-64.266631,69.333026,2198,2199,2282,2283
-64.43341,69.232573,2199,2200,2281,2282,2286,2287
-64.500006,69.233038,2200,2201,2286
-64.500016,69.199523,2201,2202,2286,2287,2288,2289,2293
-64.267002,75.133769,2208,2209,2215,2216,2217,2218,2219,2237,2238
-64.132456,74.899648,2211,2212,2234,2235,2255,2256
-64.234284,75.000136,2211,2235,2236,2237,2238,2239,2246
-64.699566,74.866261,2212,2213,2214,2255
-63.866603,74.801705,2220,2221,2239,2246,2247,2578,2579,2580,2581,2583
-63.300534,74.533153,2221,2240,2241,2247,2250,2251,2252,2582
-63.466024,74.665546,2221,2582,2583
-62.598521,74.600575,2223,2224,2225,2241,2248,2249,2251,2847,2848,2849,2853,2854
-62.498084,74.599374,2224,2852,2853,2867,2868
-61.798615,74.367323,2226,2227,2987,2988,3035,3036,3037,3041,3042
-62.000279,74.200091,2227,2228,2242,2243,2916,2917,2986,2987
-62.26741,74.266308,2228,2243,2244,2761,2762
-62.267635,74.232486,2228,2762,2763,2915,2916
-63.634137,74.399149,2229,2230,2260,2261,2601
-63.498524,74.399604,2229,2601,2602,2603,2610
-63.498279,74.434002,2229,2230,2231,2232,2250,2252,2602
-63.967505,74.534299,2230,2231,2259,2260,2396
-63.766211,74.698745,2231,2232,2395,2396,2397,2398
-63.766279,74.733618,2232,2233,2234,2235,2246,2247,2250,2394,2395
-64.067432,74.80184,2233,2234,2256,2257,2392,2393
-63.967373,74.733803,2233,2393,2394
-62.300836,74.266721,2244,2245,2604,2761
-62.600153,74.53408,2245,2248,2249,2603,2604,2605,2606,2607,2608,2609,2610
-63.031444,74.532464,2249,2251,2252,2602,2603
-64.134025,74.700354,2257,2258,2267,2268,2392
-64.132265,74.567588,2258,2259,2260,2261,2268,2269,2270,2397,2398
-64.067591,74.699463,2258,2392,2393,2394,2395,2398
-63.965216,74.56742,2259,2396,2397
-63.500616,74.333247,2261,2262,2263,2264,2265,2269,2601,2609,2610
-63.134318,74.367546,2262,2608,2609
-63.400308,69.565426,2273,2274,2307,2380,2389
-63.632175,69.599799,2273,2307,2308,2309,2315
-63.801764,69.434424,2274,2275,2379,2388,2389,2390,2391
-63.799837,69.399964,2275,2276,2378,2379
-64.10027,69.433819,2276,2277,2377,2378
-64.133107,69.300764,2277,2278,2279,2280,2281,2282,2283,2285,2377
-63.700466,69.200448,2278,2377,2378,2379,2388,2594,2595,2596,2599,2600
-64.066645,69.134273,2280,2281,2287,2288,2321,2322
-64.298777,69.134795,2288,2289,2321
-64.300167,68.999763,2289,2290,2291,2292,2293,2321,2322,2323,2328
-64.100652,68.932667,2290,2327,2328,2329
-63.733101,70.833304,2295,2296,2332,2333
-63.634288,70.700661,2299,2300,2584,2585
-63.76633,70.59891,2300,2301,2410,2584
-63.934732,70.499165,2301,2312,2313,2410,2411,2412,2413,2414
-62.966014,70.233538,2302,2303,2642,2653,2654
-63.499479,70.40032,2302,2413,2414,2636,2637,2638,2639,2640,2641,2642
-63.599623,70.367823,2302,2303,2313,2314,2317,2318,2414
-63.266699,69.900848,2303,2304,2305,2306,2314,2653
-63.199287,69.667235,2304,2305,2381,2659
-63.199569,69.83196,2304,2653,2654,2655,2656,2657,2658,2659
-63.198696,69.600156,2305,2306,2380,2381,2382,2383,2384,2385,2386,2387,2389,2390
-63.399141,69.599121,2306,2307,2314,2315,2316,2318,2380
-63.866583,68.867456,2324,2325,2400,2401,2402,2403,2404
-64.066647,68.867218,2325,2326,2327,2329,2399,2400
-63.199076,69.699904,2381,2382,2658,2659
-62.967667,69.734557,2382,2383,2657,2658,2731,2732
-63.031815,69.532933,2383,2384,2614,2626,2627,2731
-63.233937,69.499399,2384,2385,2613,2614
-63.266182,69.499889,2385,2386,2596,2597,2600,2612,2613
-63.367716,69.501537,2386,2387,2595,2596
-63.700548,69.364496,2387,2390,2391,2594,2595
-63.700925,69.333611,2388,2391,2594
-63.16668,85.033418,2405,2406
-64.0656,85.032634,2405
-64.066301,85.000949,2405,2406
-63.166414,84.999609,2406
-63.766553,70.533716,2410,2411,2584,2585,2586,2587,2588,2591,2592
-63.499797,70.532925,2411,2412,2590,2591
-63.500044,70.46601,2412,2413,2590,2636
-50.599628,83.465123,2454,2455,2456,2526,3680,3681
-50.600336,83.433745,2454,3681,3682
-45.0,83.1,2469,2470,3750,3751
-45.600599,83.133711,2470,2471,3750
-45.600022,83.100773,2471,2472,3749,3750,3751,3752,3753,3754,3755,3771
-46.733687,83.10001,2472,2473,2535,2536,3749
-47.100346,83.067104,2473,2474,2536,2537,3748
-46.731991,83.067485,2473,3748,3749,3770,3771,3772,3773,3774,3775,3777
-48.16707,83.031763,2474,2537,2538,2557,2563,2566,2569,2570,3746,3747
-47.100209,83.03324,2474,3747,3748,3769,3770
-48.166299,82.567704,2475,2476,3768,3769,3770,3776,3777
-48.168396,82.732605,2475,3746,3747,3769
-48.367003,82.866131,2475,2476,2477,2478,2538,3746
-48.367101,82.49967,2476,2477,3745,3767,3768
-48.633553,82.499619,2477,2478,3744,3745
-49.20108,82.433889,2478,2479,2480,2481,2482,2483,2538,2539,2558,2570,2575,2576,2577,3744
-49.765965,82.365278,2479,2480,3695,3696,3743
-49.200289,82.401516,2479,3743,3744,3745,3766,3767
-49.768387,82.399882,2480,2481,3695
-50.099436,82.400074,2481,2482,3646,3695,3696,3706
-50.566826,82.499094,2482,2483,3645,3646,3647,3648,3651
-50.568284,82.53253,2483,2484,2539,3644,3645
-51.032908,82.600373,2484,2485,2539,2540,2541,2558,3642,3643
-51.033588,82.565315,2484,3643,3644
-52.866914,82.632535,2485,2486,2487,2540,3610,3611,3641
-51.401465,82.600523,2485,3641,3642
-53.465589,82.766578,2486,2487,3471,3472
-52.966607,82.634192,2486,3472,3473,3610
-53.465586,82.800366,2487,2488,2540,2541,3470,3471
-53.933033,82.900074,2488,2489,2541,2558,2559,2560,2571,2572,2573,2574,2576,3469
-53.934293,82.867499,2488,3469,3470
-54.466126,82.93254,2489,2490,2542,2543,2544,2545,2546,2547,2559,3468
-54.467157,82.9007,2489,3468,3469,3470,3471,3472,3473,3474,3475,3476,3477,3478,3479,3480,3481,3488
-55.400956,82.966945,2490,2491,2542,3467
-55.399139,82.932628,2490,3467,3468,3487,3488,3489,3490
-55.732593,83.000353,2491,2492,2542,2543,3466
-55.73387,82.967381,2491,3466,3467,3486,3487
-56.26742,83.033626,2492,2493,2494,2495,2543,2544,3464,3465
-56.267118,83.000478,2492,3465,3466,3485,3486
-56.733335,83.032483,2493,2494,3296,3297,3310,3311
-56.533203,83.032351,2493,3297,3464
-57.367347,83.134609,2494,2495,3295,3296
-63.399639,70.533245,2589,2590,2591,2592,2593,2636,2637
-63.067808,70.433303,2589,2617,2637,2638
-62.999933,70.500847,2589,2593,2617,2618,2742,2743,2748,2749
-63.535014,69.266493,2597,2598,2599,2600,2611
-63.500231,69.26699,2597,2611,2612
-62.300514,74.232535,2604,2605,2760,2761,2762,2763,2774,2775
-62.531999,69.933024,2615,2629,2633,2634,2635,2735,2740,2741
-62.766761,69.833077,2615,2736,2737,2738,2739,2741
-62.63348,69.633998,2615,2629,2736
-62.633311,70.400542,2616,2617,2618,2619,2620,2621,2622,2623,2630,2638,2639
-62.633435,70.334491,2616,2639,2640,2733,2734
-62.566247,70.266226,2616,2630,2631,2634,2734,2735
-62.901644,70.500374,2618,2619,2748,2785,2801,2802
-62.400927,70.500327,2619,2620,2800,2801
-62.399957,70.165521,2622,2623,2928,2929,2930,2931
-62.432723,70.165476,2623,2630,2631,2928
-62.899178,69.432426,2627,2628,2731,2732,2737,2738
-62.666859,69.531838,2628,2629,2632,2633,2736,2737
-62.733421,70.298818,2640,2641,2733,2781,2782
-62.930623,70.234423,2641,2642,2654,2655,2781
-62.86704,72.16626,2645,2646,2669,2670,2671,2672,2705,2823
-62.79751,72.032539,2646,2647,2704,2823,2824
-62.76584,71.932382,2647,2648,2703,2704,2713
-62.733567,70.099202,2655,2656,2781,2782,2783,2784
-62.932859,69.932903,2656,2657,2732,2738,2739,2784
-62.799147,72.96784,2662,2663,2664,2666,2676
-62.566178,73.334678,2667,2668,2678,2679,2680,2706,2707,2708,2716
-61.800796,72.332749,2672,2673,2705,2715,2720,2725,2726,2959,2960
-62.000869,72.501401,2673,2674,2675,2726,2727,2957,2958
-62.000078,72.466718,2673,2958,2959
-62.300016,73.566886,2680,2681,2682,2683,2706,2770,2771
-62.266578,73.53453,2681,2682,2889
-62.19944,73.700869,2681,2769,2770,2889,2890
-62.26673,73.500324,2682,2683,2889,2890,2891,2906,2907
-62.467075,73.367607,2683,2684,2685,2686,2687,2688,2706,2707,2905,2906
-62.032727,73.233525,2684,2685,2962,2977
-62.166261,73.298934,2684,2905,2961,2962
-62.067462,73.066023,2685,2686,2690,2884,2885,2888,2977,2978,2979,2980,2997,2998
-62.465408,73.066282,2686,2687,2883,2884
-62.467067,73.100212,2687,2688,2882,2883
-62.533783,73.099662,2688,2707,2708,2882
-62.066962,73.032076,2689,2690,2691,2692,2693,2694,2695,2696,2709,2885
-62.19968,73.034069,2689,2885,2886,2887,2888
-62.201101,72.966293,2689,2709,2717,2886
-61.63355,73.131664,2690,2691,2997,3187
-61.632216,73.065207,2691,2692,3187,3188,3192,3193
-61.265767,73.032525,2692,2693,3028,3192
-61.267844,72.999438,2693,2694,3027,3028,3029,3030,3031,3032,3033,3034
-61.466876,73.000848,2694,2695,3027
-61.466228,72.965553,2695,2696,3027,3034
-61.866939,72.867107,2696,2709,2717,2723,2724,2728,3033,3034
-61.133423,72.931711,2697,2698,2710,3030,3031,3191
-61.333534,72.933499,2697,3031,3032
-61.666305,72.866846,2697,2710,2718,2719,2724,3032,3033
-61.300923,72.899667,2698,2710,2711,2712,2718,3190
-61.132633,72.898575,2698,3190,3191,3195,3196
-61.467093,72.80141,2700,2711,2712,2964,2965
-61.466412,72.267084,2701,2702,2972,2973
-61.533505,72.367022,2701,2973,2974,2975,2976
-61.700314,72.365993,2701,2702,2725,2726,2727,2730,2974
-62.599332,72.032513,2704,2713,2714,2824
-62.53366,72.200943,2705,2714,2715,2823,2824
-62.5331,73.0003,2708,2716,2721,2722,2882,2883,2884,2887,2888
-61.601013,72.834194,2712,2718,2719,2963,2964
-62.399789,72.965672,2717,2722,2723,2886,2887
-62.098922,72.667426,2719,2724,2728,2729,2963
-61.999957,72.566514,2729,2730,2963,2964,2965,2966,2974,2975
-62.667239,70.234197,2733,2734,2735,2740,2782,2783
-62.666033,70.066599,2739,2740,2741,2783,2784
-62.53336,70.766112,2743,2744,2745,2746,2747,2749,2828,2829
-62.334312,70.799884,2744,2745,2786,2787,2804,2805,2810,2813,2814,2815
-62.533852,70.800049,2744,2786,2827,2828
-62.231845,70.632865,2745,2746,2803,2804
-62.23412,70.598925,2746,2747,2785,2802,2803
-62.899426,70.533781,2747,2748,2749,2785
-62.433995,71.599925,2753,2754,2817,2818,2819,2820,2821,2822
-62.299243,71.600052,2753,2818,2942,2943
-62.299876,71.635461,2753,2754,2759,2943,2946,2947,2948,2955
-62.566944,71.766864,2754,2755,2756,2757,2758,2759,2817
-62.566565,71.732647,2755,2816,2817,2822
-62.266471,74.166849,2763,2764,2775,2776,2915
-62.233138,74.132908,2764,2765,2776,2777,2914
-62.233607,74.166053,2764,2914,2915,2916,2917,2925
-62.466946,73.964534,2765,2766,2777,2778,2923,2924
-62.066552,74.132841,2765,2914,2924,2925,2926,2927
-62.367597,73.834665,2766,2767,2778,2779,2780,2932,2933,2934,2940
-62.367914,73.933843,2766,2922,2923,2932
-62.298662,73.76616,2767,2768,2769,2770,2771,2772,2773,2779,2938,2939
-62.298775,73.800838,2767,2939,2940
-62.167588,73.700998,2768,2769,2890,2891,2936,2937
-62.168098,73.766182,2768,2937,2938
-62.401016,70.932569,2786,2787,2826,2827,2855,2856,2857,2863
-61.800937,71.099913,2787,2788,2805,2862,2863,2864
-61.698572,71.133108,2788,2805,2811,2812,2814,2860,2861,3015,3016
-61.799795,71.167019,2788,2861,2862
-61.900814,71.501083,2789,2790,2806,2837,2838,2843,2844,2845,2846,2941,2942,2943,2945,2946
-61.700328,71.333935,2789,2838,3014
-61.632709,71.332973,2789,2806,2807,2811,3014,3015
-62.299228,71.567146,2818,2819,2941,2942
-62.333255,71.566223,2819,2820,2836,2837,2941
-62.56637,71.034109,2825,2826,2834,2835,2855
-61.997964,71.164569,2832,2833,2856,2857,3008,3019,3020
-62.30084,71.165886,2833,2834,2855,2856
-61.699965,71.301093,2838,2839,2844,3014,3015,3016,3017,3022
-61.766744,71.331921,2839,2840,2844,2845,3012,3013
-61.765028,71.298476,2839,3013,3022,3024
-61.899223,71.366073,2840,2845,2846,3010,3011
-61.900175,71.333391,2840,3011,3012
-62.000073,71.367601,2841,2842,2843,2846,3009,3010
-62.533634,74.76861,2849,2850,2854,2870
-62.399998,74.866556,2850,2851,2852,2853,2854,2875,2876,2877
-62.532602,74.867147,2850,2870,2871,2872,2873,2876
-62.099416,74.765908,2851,2852,2868,2869
-62.39967,74.933498,2851,2869,2874,2875
-61.899869,71.166875,2857,2858,2863,2864,3019
-61.866319,71.200218,2858,2859,2860,2861,2862,2864,3018
-61.899526,71.200027,2858,3018,3019,3020,3021,3023
-61.699953,71.234302,2859,2860,3016,3017
-61.866901,71.233782,2859,3017,3018,3022,3023,3024
-62.43396,69.298435,2878,2879
-62.500819,69.299431,2878
-62.53255,69.167566,2878,2879,2881
-62.032827,69.565874,2879,2880,2881
-62.165939,69.233442,2880,2881
-62.10005,69.234332,2880
-62.066671,73.566941,2891,2907,2912,2913,2935,2936
-62.334464,73.933025,2892,2893,2922,2932,2933
-62.333438,73.900364,2892,2933,2934
-62.065402,73.900792,2892,2893,2894,2895,2896,2897,2898,2899,2908,2934,2935,2936,2937,2938,2939,2940
-62.333503,73.968239,2893,2894,2921,2922,2923,2924,2927
-62.165293,73.96824,2894,2895,2921
-61.865219,74.100684,2895,2896,2920,2921,2926,2927
-61.865143,74.065715,2896,2897,2919,2920,2984,2985
-61.866106,73.999646,2897,2898,2984
-61.666545,73.999786,2898,2899,2983,2984,2985,3000
-61.832172,73.865499,2899,2908,2909,2982,2983
-61.166681,73.69919,2900,2901,2902,2903,2904,2910,2911,2981
-60.798417,73.768658,2900,2981,2982,2983,2999,3000,3005,3006,3007
-60.867323,73.766731,2900,2909,2910,2982
-60.9321,73.600311,2901,2902,2980,2998,2999,3004,3005
-61.066244,73.699814,2901,2981,2999
-61.132847,73.531681,2902,2903,2979,2980
-61.533702,73.568053,2903,2904,2978,2979
-61.699593,73.567775,2904,2911,2912,2913,2961,2962,2977,2978
-62.10095,73.466781,2905,2906,2907,2912,2961
-62.066354,73.635314,2908,2909,2910,2911,2913,2935
-61.700015,74.132732,2917,2918,2919,2920,2925,2926,2986
-61.399655,74.067988,2918,2919,2985,3000,3001,3002,3006
-61.633613,74.166052,2918,2986,2987,2988,3001
-62.164931,71.732397,2944,2947,2954,2955,2956
-60.966852,72.267247,2968,2969,3198,3199,3205
-61.2342,72.266659,2969,2970,3198
-61.233174,72.233796,2970,2971,3198,3204,3205
-61.599654,74.334189,2988,2989,2990,2991,2992,3001,3002,3041
-61.299344,74.364603,2989,2990,3039,3040,3058
-61.600051,74.36714,2989,3040,3041,3042
-60.899007,74.233333,2990,2991,3057,3058,3059,3132,3133
-60.833173,73.932337,2991,2992,3056,3057
-60.834056,73.832172,2992,3002,3006,3007,3055,3056
-60.566324,73.300742,2993,2994,2995,2996,3003,3053,3054
-60.565439,73.432293,2993,3054,3055,3056,3057,3132
-60.598695,73.433632,2993,3003,3004,3005,3007,3055
-60.56557,73.165533,2994,2995,3207,3208,3214
-60.466555,73.200007,2994,3052,3053,3214,3215
-60.667318,73.167007,2995,2996,3188,3193,3194,3206,3207
-60.798972,73.367065,2996,2997,2998,3003,3004,3187,3188
-61.099605,73.099526,3028,3029,3192,3193,3194,3197
-61.101178,72.933955,3029,3030,3191,3196,3197
-60.998608,74.400385,3036,3037,3060
-60.899328,74.399921,3037,3038,3039,3040,3042,3060,3061,3062,3063,3134
-60.933892,74.265707,3038,3039,3058,3059
-60.700461,74.267899,3038,3059,3133,3134,3135,3136,3137,3138,3139,3140,3141,3142,3143,3144,3179
-60.234055,73.066686,3050,3051,3218,3219
-59.966809,72.900742,3051,3130,3131,3217,3218
-60.432907,73.199589,3052,3215,3216
-60.032988,73.26539,3052,3053,3054,3132,3133,3178,3179,3180,3181,3182,3183,3184,3185,3186,3216,3217,3218,3219,3220,3221
-46.834135,77.834332,3086,3087,3561,3562,3563,3588,3593,3594
-46.76487,77.800239,3087,3088,3560,3561
-46.400062,77.799697,3088,3089,3150,3151,3560
-45.966557,77.83272,3089,3151,3152,3558,3559
-46.398779,77.831857,3089,3559,3560,3561,3587,3588
-45.200038,77.933339,3090,3091,3092,3093,3094,3153,3154,3557
-45.500522,77.931995,3090,3557,3558,3559,3586,3587
-45.499673,77.901209,3090,3152,3153,3558
-45.0,77.966667,3091,3092,3555,3556
-45.201198,77.96606,3091,3556,3557,3585,3586
-45.0,75.466667,3092,3093,3261,3262
-45.598865,75.367371,3093,3094,3260,3261
-46.033435,75.266099,3094,3095,3154,3155,3260
-46.399722,75.234018,3095,3155,3156,3258,3259
-46.032927,75.231833,3095,3259,3260,3261,3262,3263,3264,3265,3266,3267,3268,3269,3270,3271,3272,3273,3274,3283,3284
-47.799529,74.900782,3096,3097,3256,3257
-47.634051,74.900723,3096,3257,3258,3259,3283
-47.133192,75.16615,3096,3097,3156,3157,3258
-48.23215,74.76646,3097,3098,3157,3158,3256
-49.233631,74.56626,3098,3099,3158,3159,3255
-48.366268,74.700033,3098,3255,3256,3257,3282,3283,3284,3285
-49.49916,74.533764,3099,3159,3160,3253,3254
-49.23226,74.53315,3099,3254,3255,3281,3282
-50.801032,74.166401,3100,3101,3161,3162,3252
-50.133435,74.33355,3100,3252,3253,3254,3281
-49.899426,74.467941,3100,3160,3161,3253
-50.997938,74.133672,3101,3102,3162,3163,3251
-50.798168,74.134086,3101,3251,3252,3280,3281,3282,3285
-51.933764,73.899024,3102,3103,3104,3163,3164,3250
-51.299356,74.033619,3102,3250,3251,3279,3280
-52.498789,73.799961,3103,3104,3248,3249
-51.933038,73.867266,3103,3249,3250,3278,3279
-52.76654,73.800208,3104,3164,3165,3247,3248
-54.4666,73.533598,3105,3106,3245,3246
-53.932705,73.5664,3105,3246,3247,3248,3249,3277,3278
-53.701268,73.633555,3105,3106,3165,3166,3247
-55.00077,73.532326,3106,3166,3167,3244,3245
-56.1669,73.333055,3107,3168,3169,3242,3243
-55.833552,73.332565,3107,3243,3244,3245,3246,3276,3277
-55.833243,73.399324,3107,3167,3168,3244
-57.633018,73.033013,3108,3171,3182,3183,3239,3240
-57.133684,73.032284,3108,3240,3241,3242,3243,3275,3276
-57.133683,73.066175,3108,3170,3171,3241
-57.732885,72.266256,3109,3110,3238,3274,3275,3276,3277,3278,3279,3280,3284,3285
-57.734093,72.867462,3109,3239,3240,3275
-57.766524,72.865913,3109,3110,3172,3183,3184,3239
-57.766722,72.267407,3110,3111,3112,3172,3238
-57.831222,71.8017,3111,3112,3236,3237
-57.766546,72.031698,3111,3237,3238,3273,3274
-57.865947,71.799686,3112,3172,3173,3184,3185,3235,3236
-57.931857,69.799954,3113,3114,3234,3271,3272
-57.766599,70.732852,3113,3235,3236,3237,3272,3273
-57.867324,71.56721,3113,3114,3115,3173,3235
-57.967247,69.799039,3114,3115,3233,3234
-58.199815,69.199978,3115,3173,3185,3186,3233
-58.00057,68.832746,3116,3117,3268,3269
-58.13462,69.033849,3116,3269,3270
-58.199743,69.033665,3116,3117,3118,3174,3175,3176,3177,3178,3186,3233,3234,3270,3271
-58.000963,68.765545,3117,3118,3267,3268
-57.699079,68.201002,3118,3119,3120,3121,3122,3123,3124,3125,3174,3266,3267
-57.667225,68.066376,3119,3120,3264,3265
-57.667722,68.201264,3119,3265,3266
-57.533333,67.5,3120,3121,3263,3264
-59.933365,73.033275,3131,3177,3178,3217
-56.666814,73.233404,3169,3170,3241,3242
-60.96745,73.067943,3189,3194,3195,3196,3197,3206
-57.434659,83.367978,3228,3229,3287,3288,3292,3293
-57.700275,83.400205,3229,3230,3231,3232,3286,3287
-45.0,67.5,3262,3263
-58.000633,83.300748,3288,3289,3292
-57.599524,83.066373,3289,3290,3292,3293,3294,3295,3296,3309,3310
-56.532737,83.002353,3297,3298,3299,3311,3314,3315,3464,3465,3485
-55.96635,82.900397,3298,3299,3483,3484
-56.366003,83.00046,3298,3484,3485,3486,3487,3490
-55.967241,82.866311,3299,3300,3315,3316,3483
-55.566032,82.799635,3300,3301,3302,3316,3317,3318,3319,3482
-55.80016,82.866834,3300,3482,3483,3484,3489,3490
-54.966214,82.866931,3301,3302,3480,3481
-55.333675,82.865526,3301,3481,3482,3488,3489
-54.666631,82.798954,3302,3312,3317,3479,3480
-55.066355,82.767245,3303,3304,3312,3317,3318,3324
-54.500301,82.700219,3303,3324,3325,3350,3477,3478
-54.668136,82.732974,3303,3312,3478,3479
-55.833899,82.800799,3304,3305,3313,3318,3319,3323
-55.833444,82.767083,3304,3323,3324,3350,3363,3365
-56.267856,82.867776,3305,3306,3313,3322
-56.099664,82.800969,3305,3322,3323,3360,3362,3364,3365
-56.967876,83.000317,3306,3313,3314,3315,3316,3319,3320,3321
-56.966555,82.967137,3306,3321,3322,3349,3359,3360
-57.500806,83.033049,3307,3308,3309,3310,3311,3314,3320
-54.033145,82.598972,3325,3326,3327,3350,3351,3361,3363,3475,3476
-54.29936,82.699743,3325,3476,3477
-53.300606,82.566776,3326,3327,3609,3617,3618
-53.299942,82.599226,3326,3474,3475,3609
-53.133488,82.5316,3327,3328,3351,3616,3617
-52.298784,82.466407,3328,3351,3352,3353,3354,3355,3356,3357,3361,3615
-52.30116,82.50048,3328,3615,3616
-51.098896,82.501583,3329,3330,3648,3649,3650,3651
-51.133416,82.499027,3329,3613,3614,3649
-51.13188,82.466335,3329,3330,3331,3352,3614,3615,3616,3617,3618
-51.099025,82.467835,3330,3331,3647,3648,3704,3705
-51.099779,82.433311,3331,3332,3333,3352,3353,3704
-50.932952,82.399987,3332,3333,3621,3622,3702,3703
-50.934994,82.434532,3332,3703,3704,3705,3708
-51.599014,82.43359,3333,3334,3335,3336,3337,3338,3339,3353,3354,3621
-52.300764,82.367265,3334,3335,3620,3634,3635
-51.600933,82.399677,3334,3621,3622,3635,3636
-52.299919,82.400313,3335,3336,3619,3620
-52.901076,82.399627,3336,3337,3384,3385,3619
-53.200285,82.433685,3337,3338,3384,3507,3508,3514
-53.200338,82.465285,3338,3339,3506,3507
-53.599498,82.500116,3339,3354,3355,3505,3506
-54.834287,82.600537,3340,3341,3378,3379,3512,3513
-54.066598,82.533053,3340,3505,3506,3507,3513,3514,3515,3516,3517
-53.600385,82.533968,3340,3341,3355,3356,3505
-54.832465,82.63398,3341,3342,3356,3357,3378
-55.233038,82.666339,3342,3343,3344,3357,3358,3361,3363,3364,3365,3377
-55.234467,82.632749,3342,3377,3378,3379,3426,3427
-55.833858,82.700864,3343,3344,3375,3376
-55.833862,82.666121,3343,3376,3377,3425,3426
-56.432623,82.799988,3344,3345,3346,3358,3374,3375
-56.56563,82.833635,3345,3346,3369,3370,3372,3373
-56.566971,82.799218,3345,3373,3374
-56.566051,82.86532,3346,3347,3358,3362,3364,3368,3369
-56.732521,82.900368,3347,3359,3360,3362,3366,3367
-56.733314,82.866541,3347,3367,3368
-57.133331,82.900776,3348,3349,3359,3366
-56.833032,82.832852,3370,3371,3372
-54.832623,82.566989,3379,3380,3427,3428,3512
-54.701446,82.533596,3380,3381,3428,3429,3511
-54.700575,82.56601,3380,3511,3512,3513,3517
-54.366069,82.499128,3381,3382,3429,3430,3510
-54.367242,82.533489,3381,3510,3511,3516,3517
-54.201546,82.46665,3382,3383,3430,3431,3432,3433,3450,3451,3509
-54.199,82.50038,3382,3509,3510,3515,3516
-53.499881,82.432683,3383,3384,3385,3431,3508
-53.499954,82.466669,3383,3508,3509,3514,3515
-52.899136,82.366057,3385,3386,3387,3431,3432,3619,3620,3634
-51.800685,82.266738,3386,3387,3632,3633
-52.267485,82.333349,3386,3633,3634,3635,3636,3637,3638,3639,3640
-51.79992,82.232566,3387,3388,3389,3432,3433,3632
-51.001902,82.165641,3388,3389,3630,3631
-51.534315,82.234889,3388,3631,3632,3633,3640
-51.001848,82.134495,3389,3390,3433,3451,3452,3629,3630
-50.532824,82.100596,3390,3434,3452,3453,3627,3628
-50.532724,82.13269,3390,3628,3629
-49.80053,82.065556,3391,3392,3434,3453,3454,3719,3737,3738
-49.800798,82.099922,3391,3716,3719
-49.933544,82.099878,3391,3434,3626,3627,3716,3717
-48.699161,82.033624,3392,3454,3458,3459,3735,3736
-48.699975,82.066364,3392,3736,3737
-47.900655,82.099722,3393,3435,3455,3733,3734
-48.099644,82.099655,3393,3734,3735,3736,3737,3738,3739,3740,3741,3742
-48.099518,82.066324,3393,3455,3459,3460,3735
-47.100027,82.200019,3394,3395,3435,3455,3460,3461,3462,3463,3732
-47.668165,82.201056,3394,3732,3733,3734,3742
-47.667038,82.167371,3394,3435,3733
-46.665815,82.600743,3395,3396,3456,3457,3461,3730,3731
-47.133662,82.567282,3395,3731,3732,3741,3742
-45.899692,82.632266,3396,3436,3437,3438,3439,3456,3728,3729
-46.667181,82.633268,3396,3729,3730
-46.433976,82.700863,3397,3398,3726,3821
-46.432613,82.666604,3397,3726,3727
-45.901126,82.667047,3397,3398,3399,3400,3436,3727,3728
-45.733195,82.765379,3398,3399,3820,3821,3822,3823,3824,3825,3826,3827
-45.734242,82.734807,3399,3400,3819,3820
-45.334531,82.732536,3400,3401,3402,3403,3436,3437,3819
-45.0,82.766667,3401,3402,3817,3818
-45.333666,82.7674,3401,3818,3819,3820,3827
-46.600415,82.166936,3404,3405,3406,3440,3457,3461,3462,3842
-46.599655,82.133575,3405,3841,3842,3843,3844,3845
-52.731176,82.232701,3417,3418,3444,3445,3495
-53.401461,82.300448,3418,3419,3445,3446,3494
-53.300462,82.232906,3418,3494,3495,3496,3497,3498,3499,3504
-54.099751,82.367933,3419,3420,3446,3447,3493
-53.899888,82.298925,3419,3493,3494,3503,3504
-54.599021,82.433207,3420,3421,3447,3448,3492
-54.598804,82.399987,3420,3492,3493,3502,3503
-54.935356,82.432632,3421,3491,3492,3501,3502
-52.967135,82.599272,3473,3474,3609,3610,3611,3612,3613,3614,3618
-54.098337,80.733376,3518,3525,3526,3531,3532,3533,3577,3578,3579,3580,3591
-53.300615,80.265292,3519,3520,3527,3528,3530,3575
-53.300548,80.300828,3519,3575,3576
-53.498783,80.333852,3519,3526,3529,3530,3576,3577
-52.700062,80.232259,3520,3521,3522,3527,3573,3574
-52.700614,80.266582,3520,3574,3575,3576,3577,3591,3592,3595
-48.699849,78.066341,3564,3565,3566,3567,3598,3600,3604,3607,3608,3657
-49.734108,78.466866,3565,3566,3656,3671,3672,3673,3674,3677
-48.833413,78.066842,3565,3657,3658,3659,3660,3661,3662,3671
-49.931234,78.833337,3566,3567,3656
-50.065313,78.966899,3567,3605,3606,3608,3655,3656,3676,3677,3678
-50.566487,79.731095,3568,3569,3653,3654
-50.134358,79.567086,3568,3654,3655,3670,3675,3676
-50.033588,79.565625,3568,3569,3601,3602,3603,3605,3655
-50.56736,79.766957,3569,3589,3590,3599,3601,3652,3653
-52.866468,82.599759,3611,3612,3641,3642,3643,3644,3645,3650,3651
-52.297314,82.567874,3612,3613,3649,3650
-50.933051,82.368298,3622,3623,3624,3636,3637,3702
-50.665835,82.333395,3623,3624,3700,3701
-50.66596,82.366742,3623,3701,3702,3703,3707,3708
-50.468114,82.265984,3624,3625,3637,3638,3699,3700
-50.533697,82.199538,3625,3638,3639,3709
-50.299961,82.265827,3625,3698,3699,3709,3710
-49.934659,82.133261,3626,3717,3718
-50.299685,82.133658,3626,3627,3628,3629,3630,3631,3639,3640,3709,3710,3711,3712,3713,3714,3715,3718
-50.332036,82.400275,3646,3647,3705,3706,3707,3708
-49.701222,82.266542,3696,3697,3698,3699,3700,3701,3706,3707,3743,3766
-49.933542,82.19964,3697,3698,3710,3711
-49.233896,82.199299,3697,3711,3712,3765,3766,3767,3768,3776
-48.866697,82.200533,3712,3713,3764,3765
-48.734359,82.200823,3713,3714,3720,3721,3763,3764
-48.734567,82.166064,3714,3715,3720
-48.366402,82.167559,3715,3716,3717,3718,3719,3720,3721,3722,3738,3739
-48.333704,82.267224,3721,3722,3762,3763
-47.83305,82.29945,3722,3723,3724,3725,3739,3740,3762
-47.434361,82.732155,3723,3724,3761,3811,3812,3823,3824
-47.600795,82.732455,3723,3761,3762,3763,3764,3765,3775,3776,3777
-46.933891,82.698533,3724,3725,3822,3823
-46.934244,82.665948,3725,3726,3727,3728,3729,3730,3731,3740,3741,3821,3822
-45.0,82.966667,3751,3752,3890,3891
-45.300751,82.967494,3752,3753,3890
-45.299135,82.933679,3753,3754,3889,3890,3891,3892,3893,3894
-45.667603,82.899798,3754,3755,3888,3889
-45.732671,82.899732,3755,3756,3757,3771,3772,3888
-45.766683,82.866361,3756,3757,3814,3829,3830
-45.733647,82.867133,3756,3814,3815,3888,3889,3894
-46.533607,82.866959,3757,3758,3772,3773,3829
-46.966139,82.865697,3758,3759,3760,3773,3774,3828
-46.533269,82.833818,3758,3828,3829,3830,3831,3834
-47.266226,82.766104,3759,3760,3811,3812,3832,3833
-46.967351,82.833467,3759,3828,3833,3834
-47.433355,82.766278,3760,3761,3774,3775,3811
-45.0,79.666667,3784,3785,3857,3858
-46.56548,79.900993,3785,3786,3857
-46.566012,79.832856,3786,3787,3857,3858,3859,3860
-46.233592,79.400012,3787,3802,3803,3860
-45.0,78.966667,3788,3789,3862,3863,3864,3865,3866,3867
-45.0,79.5,3788,3858,3859
-45.833401,79.333788,3788,3789,3790,3791,3803,3804,3859,3860
-45.767463,78.999403,3789,3790,3861,3862
-46.366134,78.89933,3790,3791,3835,3836,3861
-46.999546,78.79938,3791,3804,3805,3835
-45.498863,78.500237,3792,3793,3794,3795,3796,3797,3798,3806,3879,3880
-46.034552,78.600341,3792,3880,3881,3882
-46.36713,78.599498,3792,3806,3808,3840,3881
-45.0,78.5,3793,3878,3879
-47.201218,78.699362,3805,3807,3808,3809,3810,3835,3836,3837,3838,3839,3840
-46.766601,82.765714,3812,3813,3824,3825,3832
-46.000076,82.799365,3813,3814,3815,3825,3826,3830,3831
-46.767097,82.801101,3813,3831,3832,3833,3834
-45.167142,82.866162,3815,3816,3817,3818,3826,3827,3893,3894
-45.0,82.9,3816,3817,3891,3892
-45.167537,82.899929,3816,3892,3893
-46.432948,78.834138,3836,3837,3861,3862,3867
-46.131076,78.832929,3837,3838,3866,3867,3883
-46.232853,78.732972,3838,3839,3868,3883,3884,3885,3886,3887
-46.365205,78.666821,3839,3840,3868,3873,3881,3882
-46.866573,77.967166,3846,3847,3854,3855
-47.067667,77.967561,3846
-47.066281,77.933641,3846,3853,3854
-46.066289,77.999836,3847,3848,3855,3856
-46.866577,77.999448,3847
-45.766814,78.033843,3848,3849,3850,3851,3852,3856
-46.067555,78.033284,3848
-45.432248,78.067031,3849,3850
-45.766716,78.066223,3849
-45.433397,78.034579,3850,3851
-45.600008,78.032057,3851,3852
-46.099121,77.966734,3852,3853,3854,3855,3856
-46.098845,77.933786,3853
-45.266162,78.833083,3863,3864,3870,3871
-45.0,78.833333,3863,3871,3872,3875
-45.300316,78.833571,3864,3865,3869,3870,3884,3885
-45.300892,78.865939,3865,3866,3883,3884
-45.367001,78.666013,3868,3873,3874,3887
-45.399474,78.801197,3869,3885,3886
-45.332992,78.666778,3869,3870,3871,3874,3875,3876,3886,3887
-45.23307,78.666822,3872,3875,3876,3877
-45.0,78.6,3872,3877,3878
-45.701035,78.600889,3873,3874,3876,3877,3878,3879,3880,3882