0,1,0,53
1,2,0,-1
2,0,0,1
3,0,1,52
2,3,1,2
4,3,2,51
2,4,2,3
5,4,3,50
2,5,3,4
6,5,4,98
2,6,4,32
7,8,5,97
8,6,5,98
6,7,5,6
9,7,6,96
6,9,6,33
10,11,7,94
11,12,7,95
12,10,7,35
13,14,8,93
14,10,8,94
10,13,8,36
15,16,9,106
16,17,9,92
17,15,9,10
18,15,10,91
17,18,10,38
19,20,11,105
20,21,11,89
21,19,11,12
22,19,12,88
21,22,12,41
23,24,13,87
24,22,13,88
22,23,13,42
25,26,14,86
26,23,14,87
23,25,14,43
27,28,15,85
28,25,15,86
25,27,15,44
29,30,16,336
30,27,16,84
27,29,16,17
31,29,17,345
27,31,17,18
32,31,18,344
27,32,18,19
33,32,19,446
27,33,19,20
34,33,20,474
27,34,20,21
35,34,21,502
27,35,21,22
36,35,22,501
27,36,22,23
37,36,23,501
27,37,23,24
38,37,24,500
27,38,24,25
39,38,25,499
27,39,25,45
40,41,26,498
41,39,26,499
39,40,26,45
42,43,27,495
43,44,27,496
44,42,27,48
45,46,28,494
46,42,28,495
42,45,28,29
47,45,29,493
42,47,29,49
48,49,30,491
49,47,30,492
47,48,30,31
2,48,31,-1
47,2,31,32
47,6,32,33
47,9,33,34
12,9,34,95
47,12,34,35
47,10,35,36
47,13,36,37
17,13,37,92
47,17,37,38
47,18,38,39
50,18,39,90
47,50,39,40
21,50,40,89
47,21,40,41
47,22,41,42
47,23,42,43
47,25,43,44
47,27,44,49
27,40,45,46
51,40,46,497
27,51,46,47
44,51,47,496
27,44,47,48
27,42,48,49
5,52,50,99
52,4,50,51
52,3,51,52
52,0,52,53
52,1,53,-1
53,54,54,186
54,52,54,-1
52,53,54,55
55,53,55,185
52,55,55,56
56,55,56,184
52,56,56,57
57,56,57,183
52,57,57,58
58,57,58,183
52,58,58,59
59,58,59,182
52,59,59,60
60,59,60,182
52,60,60,61
61,60,61,181
52,61,61,62
62,61,62,181
52,62,62,63
63,62,63,180
52,63,63,64
64,63,64,179
52,64,64,65
65,64,65,179
52,65,65,66
66,65,66,178
52,66,66,67
67,66,67,177
52,67,67,68
68,67,68,176
52,68,68,69
69,68,69,175
52,69,69,70
70,69,70,175
52,70,70,71
71,70,71,174
52,71,71,72
72,71,72,174
52,72,72,73
73,72,73,173
52,73,73,74
74,73,74,172
52,74,74,75
75,74,75,171
52,75,75,76
76,75,76,171
52,76,76,77
77,76,77,170
52,77,77,78
78,77,78,170
52,78,78,79
79,78,79,169
52,79,79,80
80,79,80,169
52,80,80,81
81,80,81,168
52,81,81,100
82,83,82,166
83,81,82,167
81,82,82,101
30,84,83,336
84,82,83,165
82,30,83,84
82,27,84,85
82,28,85,101
28,26,86,102
26,24,87,103
24,19,88,104
20,50,89,90
20,18,90,91
20,15,91,110
16,13,92,93
16,14,93,106
14,11,94,107
11,9,95,96
11,7,96,97
11,8,97,108
8,5,98,99
8,52,99,100
8,81,100,108
81,28,101,102
81,26,102,103
81,24,103,104
81,19,104,105
81,20,105,109
15,14,106,107
15,11,107,110
11,81,108,109
11,20,109,110
85,86,111,298
86,54,111,-1
54,85,111,112
87,85,112,298
54,87,112,113
88,87,113,297
54,88,113,114
89,88,114,297
54,89,114,115
90,89,115,296
54,90,115,116
91,90,116,295
54,91,116,117
92,91,117,294
54,92,117,118
93,92,118,293
54,93,118,119
94,93,119,293
54,94,119,120
95,94,120,292
54,95,120,121
96,95,121,291
54,96,121,122
97,96,122,290
54,97,122,187
98,99,123,320
99,97,123,290
97,98,123,124
100,98,124,289
97,100,124,188
101,102,125,318
102,100,125,289
100,101,125,126
103,101,126,288
100,103,126,127
104,103,127,287
100,104,127,189
105,106,128,284
106,107,128,285
107,105,128,129
108,105,129,283
107,108,129,191
109,110,130,282
110,108,130,283
108,109,130,131
111,109,131,281
108,111,131,192
112,113,132,280
113,111,132,281
111,112,132,133
114,112,133,279
111,114,133,134
115,114,134,278
111,115,134,193
116,117,135,275
117,118,135,276
118,116,135,194
119,120,136,274
120,116,136,275
116,119,136,195
121,122,137,273
122,119,137,274
119,121,137,138
123,121,138,272
119,123,138,196
124,125,139,271
125,123,139,272
123,124,139,197
126,127,140,270
127,124,140,271
124,126,140,198
128,129,141,269
129,126,141,270
126,128,141,142
130,128,142,268
126,130,142,199
131,132,143,266
132,130,143,267
130,131,143,200
133,134,144,307
134,131,144,266
131,133,144,145
135,133,145,265
131,135,145,201
136,137,146,305
137,135,146,265
135,136,146,147
138,136,147,264
135,138,147,148
139,138,148,263
135,139,148,201
140,141,149,528
141,139,149,263
139,140,149,150
142,140,150,527
139,142,150,151
143,142,151,526
139,143,151,202
144,145,152,525
145,143,152,526
143,144,152,203
146,147,153,523
147,148,153,524
148,146,153,205
149,150,154,522
150,146,154,523
146,149,154,155
151,149,155,521
146,151,155,156
152,151,156,520
146,152,156,206
153,154,157,518
154,155,157,519
155,153,157,158
156,153,158,517
155,156,158,208
157,158,159,515
158,156,159,516
156,157,159,209
159,160,160,513
160,157,160,514
157,159,160,210
161,162,161,349
162,159,161,513
159,161,161,211
163,164,162,348
164,161,162,349
161,163,162,212
165,166,163,347
166,163,163,348
163,165,163,213
84,167,164,337
167,165,164,347
165,84,164,165
165,82,165,166
165,83,166,167
165,81,167,168
165,80,168,214
80,78,169,215
78,76,170,216
76,74,171,172
76,73,172,173
76,72,173,217
72,70,174,218
70,68,175,176
70,67,176,177
70,66,177,178
70,65,178,219
65,63,179,180
65,62,180,220
62,60,181,221
60,58,182,222
58,56,183,184
58,55,184,185
58,53,185,186
58,54,186,187
58,97,187,188
58,100,188,189
58,104,189,190
168,104,190,286
58,168,190,223
107,168,191,285
168,108,191,192
168,111,192,193
168,115,193,223
118,169,194,276
169,116,194,195
169,119,195,196
169,123,196,197
169,124,197,198
169,126,198,199
169,130,199,200
169,131,200,225
131,139,201,202
131,143,202,203
131,144,203,204
148,144,204,524
131,148,204,205
131,146,205,206
131,152,206,207
155,152,207,519
131,155,207,208
131,156,208,209
131,157,209,210
131,159,210,211
131,161,211,212
131,163,212,213
131,165,213,214
131,80,214,215
131,78,215,216
131,76,216,217
131,72,217,218
131,70,218,219
131,65,219,220
131,62,220,221
131,60,221,222
131,58,222,225
58,115,223,224
169,115,224,277
58,169,224,225
170,171,226,335
171,86,226,-1
86,170,226,299
172,173,227,333
173,170,227,334
170,172,227,228
174,172,228,332
170,174,228,300
175,176,229,330
176,174,229,331
174,175,229,230
177,175,230,329
174,177,230,301
178,179,231,327
179,177,231,328
177,178,231,302
180,181,232,325
181,178,232,326
178,180,232,303
182,183,233,-1
183,180,233,324
180,182,233,234
184,182,234,-1
180,184,234,235
185,184,235,615
180,185,235,236
186,185,236,614
180,186,236,237
187,186,237,613
180,187,237,238
188,187,238,613
180,188,238,239
189,188,239,612
180,189,239,240
190,189,240,612
180,190,240,241
191,190,241,611
180,191,241,242
192,191,242,610
180,192,242,243
193,192,243,610
180,193,243,244
194,193,244,642
180,194,244,245
195,194,245,609
180,195,245,246
196,195,246,609
180,196,246,247
197,196,247,608
180,197,247,248
198,197,248,607
180,198,248,249
199,198,249,607
180,199,249,250
200,199,250,606
180,200,250,251
201,200,251,605
180,201,251,252
202,201,252,604
180,202,252,253
203,202,253,603
180,203,253,254
204,203,254,603
180,204,254,255
205,204,255,602
180,205,255,256
206,205,256,601
180,206,256,257
207,206,257,600
180,207,257,258
208,207,258,600
180,208,258,259
209,208,259,599
180,209,259,260
210,209,260,598
180,210,260,261
211,210,261,597
180,211,261,262
141,211,262,529
180,141,262,304
141,138,263,264
141,136,264,304
137,133,265,306
134,132,266,267
134,130,267,268
134,128,268,269
134,129,269,308
129,127,270,309
127,125,271,310
125,121,272,273
125,122,273,311
122,120,274,312
120,117,275,313
117,169,276,277
117,115,277,278
117,114,278,279
117,112,279,280
117,113,280,314
113,109,281,282
113,110,282,315
110,105,283,284
110,106,284,316
106,168,285,286
106,104,286,287
106,103,287,288
106,101,288,317
102,98,289,319
99,96,290,291
99,95,291,292
99,94,292,321
94,92,293,294
94,91,294,295
94,90,295,296
94,89,296,322
89,87,297,323
87,86,298,299
87,170,299,300
87,174,300,301
87,177,301,302
87,178,302,303
87,180,303,323
180,136,304,305
180,137,305,306
180,133,306,307
180,134,307,308
180,129,308,309
180,127,309,310
180,125,310,311
180,122,311,312
180,120,312,313
180,117,313,314
180,113,314,315
180,110,315,316
180,106,316,317
180,101,317,318
180,102,318,319
180,98,319,320
180,99,320,321
180,94,321,322
180,89,322,323
183,212,324,-1
212,180,324,325
212,181,325,326
212,178,326,327
212,179,327,328
212,177,328,329
212,175,329,330
212,176,330,331
212,174,331,332
212,172,332,333
212,173,333,334
212,170,334,335
212,171,335,-1
29,84,336,337
29,167,337,338
213,167,338,377
29,213,338,339
214,213,339,392
29,214,339,340
215,214,340,450
29,215,340,346
216,217,341,449
217,215,341,450
215,216,341,342
218,216,342,448
215,218,342,346
32,219,343,447
219,218,343,448
218,32,343,344
218,31,344,345
218,29,345,346
167,166,347,378
166,164,348,379
164,162,349,350
220,162,350,576
164,220,350,351
221,220,351,575
164,221,351,352
222,221,352,575
164,222,352,353
223,222,353,574
164,223,353,354
224,223,354,574
164,224,354,355
225,224,355,573
164,225,355,356
226,225,356,573
164,226,356,357
227,226,357,572
164,227,357,358
228,227,358,571
164,228,358,391
229,230,359,568
230,231,359,569
231,229,359,360
232,229,360,567
231,232,360,380
233,234,361,565
234,232,361,566
232,233,361,362
235,233,362,409
232,235,362,363
236,235,363,409
232,236,363,364
237,236,364,408
232,237,364,380
238,239,365,405
239,240,365,406
240,238,365,382
241,242,366,403
242,243,366,404
243,241,366,384
244,245,367,453
245,241,367,403
241,244,367,368
246,244,368,402
241,246,368,369
247,246,369,401
241,247,369,385
248,249,370,399
249,250,370,400
250,248,370,371
251,248,371,398
250,251,371,372
252,251,372,397
250,252,372,386
253,254,373,396
254,252,373,397
252,253,373,374
255,253,374,396
252,255,374,375
256,255,375,395
252,256,375,386
257,258,376,393
258,256,376,394
256,257,376,387
213,257,377,392
257,167,377,378
257,166,378,379
257,164,379,388
231,237,380,381
240,237,381,407
231,240,381,382
231,238,382,383
243,238,383,404
231,243,383,384
231,241,384,385
231,247,385,389
250,256,386,387
250,257,387,388
250,164,388,390
231,228,389,570
228,247,389,391
250,247,390,400
247,164,390,391
214,257,392,393
214,258,393,394
214,256,394,395
214,255,395,451
255,254,396,471
254,251,397,398
254,248,398,399
254,249,399,452
249,247,400,401
249,246,401,402
249,244,402,452
245,242,403,454
242,238,404,405
242,239,405,406
242,240,406,407
242,237,407,408
242,236,408,455
236,233,409,456
259,260,410,654
260,233,410,564
233,259,410,457
261,262,411,658
262,259,411,659
259,261,411,458
263,264,412,657
264,261,412,658
261,263,412,459
265,266,413,686
266,263,413,657
263,265,413,414
267,265,414,697
263,267,414,460
268,269,415,730
269,267,415,719
267,268,415,416
270,268,416,718
267,270,416,461
271,272,417,716
272,270,417,717
270,271,417,473
273,274,418,715
274,271,418,716
271,273,418,462
275,276,419,714
276,273,419,715
273,275,419,462
277,278,420,713
278,275,420,714
275,277,420,463
279,280,421,712
280,277,421,713
277,279,421,463
281,282,422,711
282,279,422,712
279,281,422,423
283,281,423,710
279,283,423,464
284,285,424,-1
285,283,424,710
283,284,424,425
286,284,425,-1
283,286,425,426
287,286,426,490
283,287,426,427
288,287,427,508
283,288,427,428
289,288,428,489
283,289,428,429
290,289,429,489
283,290,429,430
291,290,430,488
283,291,430,431
292,291,431,487
283,292,431,432
293,292,432,486
283,293,432,433
294,293,433,485
283,294,433,434
295,294,434,484
283,295,434,435
296,295,435,484
283,296,435,436
297,296,436,483
283,297,436,437
298,297,437,483
283,298,437,438
299,298,438,482
283,299,438,439
300,299,439,481
283,300,439,440
301,300,440,480
283,301,440,441
302,301,441,479
283,302,441,465
303,304,442,478
304,302,442,479
302,303,442,466
305,306,443,477
306,303,443,478
303,305,443,444
307,305,444,476
303,307,444,445
308,307,445,475
303,308,445,467
33,308,446,474
308,32,446,447
308,219,447,468
219,216,448,449
219,217,449,469
217,214,450,451
217,255,451,470
254,244,452,453
254,245,453,454
254,242,454,455
254,236,455,456
254,233,456,457
254,259,457,458
254,261,458,459
254,263,459,460
254,267,460,461
254,270,461,472
271,275,462,473
275,279,463,464
275,283,464,465
275,302,465,466
275,303,466,467
275,308,467,468
275,219,468,469
275,217,469,470
275,255,470,471
275,254,471,472
275,270,472,473
34,308,474,475
34,307,475,476
34,305,476,477
34,306,477,503
306,304,478,504
304,301,479,480
304,300,480,481
304,299,481,482
304,298,482,505
298,296,483,506
296,294,484,485
296,293,485,486
296,292,486,487
296,291,487,488
296,290,488,507
290,288,489,511
48,286,490,-1
287,48,490,491
287,49,491,492
287,47,492,493
287,45,493,494
287,46,494,508
46,43,495,509
43,51,496,497
43,40,497,498
43,41,498,512
41,38,499,500
41,37,500,510
37,35,501,502
37,34,502,503
37,306,503,504
37,304,504,505
37,298,505,506
37,296,506,507
37,290,507,510
288,46,508,509
288,43,509,511
41,290,510,512
290,43,511,512
162,160,513,514
162,157,514,515
162,158,515,516
162,156,516,517
162,153,517,518
162,154,518,577
154,152,519,520
154,151,520,521
154,149,521,522
154,150,522,578
150,147,523,579
147,144,524,525
147,145,525,579
145,142,526,527
145,140,527,528
145,141,528,529
145,211,529,530
309,211,530,597
145,309,530,531
310,309,531,637
145,310,531,532
311,310,532,636
145,311,532,580
312,313,533,635
313,311,533,636
311,312,533,534
314,312,534,634
311,314,534,535
315,314,535,633
311,315,535,536
316,315,536,632
311,316,536,581
317,318,537,630
318,316,537,631
316,317,537,582
319,320,538,628
320,321,538,629
321,319,538,583
322,323,539,627
323,319,539,628
319,322,539,584
324,325,540,650
325,326,540,626
326,324,540,541
327,324,541,625
326,327,541,585
328,329,542,624
329,327,542,625
327,328,542,543
330,328,543,623
327,330,543,544
331,330,544,622
327,331,544,586
332,333,545,621
333,331,545,622
331,332,545,586
334,335,546,620
335,332,546,621
332,334,546,587
336,337,547,617
337,338,547,618
338,336,547,548
339,336,548,616
338,339,548,549
340,339,549,-1
338,340,549,550
341,340,550,744
338,341,550,551
342,341,551,744
338,342,551,552
343,342,552,672
338,343,552,553
344,343,553,671
338,344,553,554
345,344,554,670
338,345,554,555
346,345,555,670
338,346,555,556
347,346,556,669
338,347,556,557
348,347,557,668
338,348,557,558
349,348,558,667
338,349,558,559
350,349,559,666
338,350,559,560
351,350,560,665
338,351,560,561
352,351,561,664
338,352,561,589
353,354,562,663
354,352,562,664
352,353,562,590
260,355,563,654
355,353,563,662
353,260,563,564
353,233,564,565
353,234,565,566
353,232,566,567
353,229,567,568
353,230,568,569
353,231,569,570
353,228,570,571
353,227,571,572
353,226,572,591
226,224,573,592
224,222,574,593
222,220,575,576
222,162,576,577
222,154,577,578
222,150,578,594
150,145,579,580
150,311,580,581
150,316,581,582
150,317,582,595
321,317,583,629
317,319,583,584
317,322,584,595
326,322,585,626
322,327,585,596
327,332,586,587
327,334,587,588
338,334,588,619
327,338,588,589
327,352,589,590
327,353,590,591
327,226,591,592
327,224,592,593
327,222,593,594
327,150,594,596
150,322,595,596
309,210,597,598
309,209,598,599
309,208,599,637
208,206,600,601
208,205,601,602
208,204,602,638
204,202,603,604
204,201,604,605
204,200,605,606
204,199,606,639
199,197,607,608
199,196,608,640
196,194,609,641
193,191,610,611
193,190,611,643
190,188,612,644
188,186,613,614
188,185,614,645
339,184,615,-1
185,339,615,616
185,336,616,617
185,337,617,618
185,338,618,619
185,334,619,620
185,335,620,646
335,333,621,647
333,330,622,623
333,328,623,624
333,329,624,648
329,324,625,649
325,322,626,627
325,323,627,651
323,320,628,652
320,317,629,630
320,318,630,631
320,316,631,632
320,315,632,633
320,314,633,634
320,312,634,635
320,313,635,653
313,310,636,653
310,208,637,638
310,204,638,639
310,199,639,640
310,196,640,641
310,194,641,642
310,193,642,643
310,190,643,644
310,188,644,645
310,185,645,646
310,335,646,647
310,333,647,648
310,329,648,649
310,324,649,650
310,325,650,651
310,323,651,652
310,320,652,653
259,355,654,655
356,355,655,662
259,356,655,659
266,357,656,687
357,356,656,688
356,266,656,660
266,264,657,660
264,262,658,661
262,356,659,661
356,264,660,661
356,353,662,663
356,354,663,689
354,351,664,665
354,350,665,666
354,349,666,667
354,348,667,668
354,347,668,669
354,346,669,690
346,344,670,671
346,343,671,691
358,342,672,737
343,358,672,673
359,358,673,736
343,359,673,674
360,359,674,735
343,360,674,675
361,360,675,734
343,361,675,691
362,363,676,733
363,361,676,734
361,362,676,677
364,362,677,705
361,364,677,678
365,364,678,705
361,365,678,679
366,365,679,704
361,366,679,680
367,366,680,703
361,367,680,681
368,367,681,702
361,368,681,692
369,370,682,701
370,368,682,702
368,369,682,693
371,372,683,700
372,369,683,701
369,371,683,694
373,374,684,720
374,371,684,700
371,373,684,685
375,373,685,699
371,375,685,695
265,376,686,697
376,266,686,687
376,357,687,688
376,356,688,689
376,354,689,690
376,346,690,696
346,361,691,692
346,368,692,693
346,369,693,694
346,371,694,695
346,375,695,696
376,375,696,698
267,376,697,698
267,375,698,699
267,373,699,719
374,372,700,721
372,370,701,722
370,367,702,703
370,366,703,704
370,365,704,723
365,362,705,706
377,362,706,733
365,377,706,724
378,379,707,741
379,377,707,742
377,378,707,724
380,381,708,739
381,378,708,740
378,380,708,709
285,380,709,-1
378,285,709,725
285,281,710,711
285,282,711,725
282,280,712,726
280,278,713,727
278,276,714,728
276,274,715,729
274,272,716,717
274,270,717,718
274,268,718,729
269,373,719,720
269,374,720,721
269,372,721,722
269,370,722,723
269,365,723,731
365,378,724,732
378,282,725,726
378,280,726,727
378,278,727,728
378,276,728,732
276,268,729,730
276,269,730,731
276,365,731,732
377,363,733,743
363,360,734,735
363,359,735,736
363,358,736,743
382,342,737,745
358,382,737,738
380,382,738,-1
358,380,738,739
358,381,739,740
358,378,740,741
358,379,741,742
358,377,742,743
342,340,744,745
382,340,745,-1