-111.832755,26.965214,0,1,72,73,74,75,76,77,78,79,80,81,85,86
-112.5,26.466667,0,34,35,36,37,38,39,40,41,42,43,44,45,46,47,48,49,50,51,52,53,73
-112.5,22.5,0,1,19,20
-111.234018,26.96678,1,2,20,21,72
-110.700349,27.000218,2,21,22,70,71
-111.233634,26.999892,2,71,72,85
-109.033867,27.233752,3,4,23,29,30,69
-110.20052,27.232967,3,69,70,71,84,85,86
-110.199253,27.199674,3,22,23,70
-107.867637,27.265649,4,5,30,31,68
-109.035215,27.266538,4,68,69,83,84
-107.132388,27.300072,5,24,31,32,33,66,67
-107.865443,27.300104,5,67,68,82,83
-105.499424,27.866216,6,24,25,26,27,28,32,64,65
-106.598073,27.532803,6,65,66,67,82
-106.599745,27.500638,6,24,66
-104.133426,28.298438,7,8,63,310
-105.13427,28.266579,7,63,64,65,81,82,83,84,86
-105.13455,28.23225,7,8,9,10,25,64
-104.066043,28.132973,8,9,310,311,312,313,314,315,316,317,318,319,320,342,343
-103.700017,27.800322,9,10,341,342
-103.701705,27.766401,10,11,25,26,341
-102.89926,26.96743,11,12,13,26,27,339,340
-103.633346,27.766816,11,340,341,342,343,344,345,346,347,348
-101.167127,24.833507,12,13,337,338
-101.500801,25.633606,12,338,339
-100.799876,24.332826,13,14,27,28,336,337
-100.266418,23.800717,14,15,28,32,33,334,335
-100.267012,23.834207,14,335,336
-99.46589,23.266073,15,16,17,29,30,31,33,332,333
-99.833012,23.632402,15,333,334
-98.766261,22.999662,16,17,330,331
-99.034122,23.16703,16,331,332
-98.767984,22.965992,17,18,19,20,21,22,23,29,329,330
-97.866667,22.5,18,19,490,491
-98.200014,22.866476,18,328,329,491,492
-112.066072,33.867039,34,35,164,165
-112.5,34.166667,34,87,88,89,90,165,166
-111.765954,33.565946,35,36,163,164
-111.767882,33.533984,36,37,163
-111.367043,33.565927,37,38,162,163,164,165,166,167,168,169,170,171,172,197,198
-110.867725,33.166711,38,39,162
-110.401701,33.10102,39,40,161,162,196,197
-110.400422,33.033543,40,41,161
-110.232999,33.034471,41,42,160,161,195,196
-109.700287,32.734813,42,43,159,160
-109.700542,32.699959,43,44,159
-109.301376,32.633626,44,45,159,160,194,195
-109.066893,32.566794,45,46,158,193,194
-108.733222,32.334587,46,47,157,158
-108.73157,32.29878,47,48,157
-108.434147,32.166244,48,49,156,157,158,192,193
-108.03255,31.934233,49,50,155,156
-107.766391,31.700673,50,51,155
-107.232347,31.567765,51,52,154,155,156,191,192
-106.833462,31.300159,52,53,153,154
-106.835243,31.267188,53,54,73,74,152,153
-106.131886,30.86735,54,55,74,75,151
-106.234987,30.967322,54,151,152
-105.199147,30.400125,55,56,57,75,76,150
-105.567174,30.767529,55,150,151,152,153,154,190,191
-104.334779,29.866472,56,57,148,149
-104.89995,30.399988,56,149,150,189,190
-104.332172,29.833079,57,58,59,76,77,148
-104.100014,29.765856,58,59,146,147
-104.099918,29.833526,58,147,148,149,188,189
-103.565934,29.432012,59,60,77,78,146
-103.366198,29.266493,60,61,62,78,79,144,145
-103.534222,29.434392,60,145,146,147,187,188
-103.132622,28.967456,61,62,312,313,349,362,363,369
-103.132595,29.200506,61,143,144,349
-103.767067,28.831938,62,79,80,311,312
-104.031747,28.533502,63,80,81,310,311
-111.800413,35.432997,87,88,274,275,276,277,278,279,280,297
-112.5,35.2,87,200,275
-111.366483,35.332228,88,89,273,274
-110.933198,35.301382,89,90,272,273
-110.600842,35.232707,90,91,92,93,166,167,272
-110.101479,35.298999,91,92,270,271
-110.366587,35.365971,91,271,272,273,274,296,297
-110.100413,35.233852,92,93,269,270
-109.599515,35.233693,93,94,95,96,167,168,269
-108.865871,35.433192,94,95,268,294,295
-109.366287,35.367643,94,269,270,271,295,296
-108.367286,35.466415,95,96,267,268
-107.899062,35.464827,96,97,98,99,168,169,267
-107.767056,35.53383,97,98,265,266
-107.900867,35.533352,97,266,267,268,293,294
-107.465484,35.266534,98,99,264,265
-107.465795,35.232852,99,100,101,102,169,170,264
-105.334086,35.598183,100,101,263,291,292
-105.700861,35.600119,100,264,265,266,292,293
-104.800914,35.534031,101,102,262,263
-104.568343,35.466514,102,103,104,105,106,170,171,262
-104.266371,35.532526,103,104,260,261
-104.567225,35.533605,103,261,262,263,290,291
-104.267294,35.467564,104,105,259,260
-104.033489,35.367467,105,106,258,259
-104.032948,35.29931,106,171,172,257,258
-103.165896,35.534504,107,108,254,255
-103.268186,35.534004,107,255,256,257,258,259,260,261,289,290
-103.265956,35.467289,107,108,173,174,175,176,177,199,256
-102.799784,35.766365,108,109,173,254
-102.497988,35.832923,109,110,111,173,174,253
-102.800664,35.832672,109,253,254,255,288,289
-101.966507,36.000463,110,111,251,252
-102.499421,35.867072,110,252,253,287,288
-101.865449,35.998881,111,112,174,175,251
-100.866335,36.06589,112,113,114,175,176,250
-101.864913,36.066667,112,250,251,252,286,287
-100.166925,35.999382,113,114,248,249
-100.4665,36.165319,113,249,250,285,286
-100.166516,35.932019,114,115,176,177,247,248
-99.767444,35.833721,115,116,177,178,179,180,181,182,183,184,185,186,187,188,189,190,191,192,193,194,195,196,197,198,199,246
-99.999755,35.932562,115,246,247
-98.631573,36.4319,116,117,118,119,178,245
-99.167138,36.333553,116,245,246,247,248,249,284,285
-98.433082,36.465947,117,118,244,282,283
-98.633472,36.465694,117,245,283,284
-98.066948,36.299769,118,119,243,244
-98.066995,36.231972,119,120,121,178,179,243
-97.267404,36.10126,120,121,241,242
-97.501576,36.165642,120,242,243,244,281,282
-97.266795,36.066848,121,122,123,124,125,126,179,180,241
-96.900756,36.001861,122,123,524,645,646
-96.899824,36.066967,122,240,241,242,281,595,596,597,598,599,600,601,602,603,604,605,606,607,608,609,646,647
-96.899501,35.931774,123,124,523,524,571,572
-96.932485,35.933319,124,125,522,523
-97.567025,35.299855,125,126,521,522
-97.598799,35.298904,126,127,128,129,180,181,521
-97.633493,35.2326,127,128,520
-97.599195,35.233436,127,520,521,522,523,571
-98.266515,34.566443,128,129,519,520,570,571,572,573,574,580,581,582,583
-98.366099,34.533753,129,130,181,182,519
-99.499856,33.367379,130,131,132,133,134,135,136,182,183,517,518
-98.399839,34.432337,130,518,519,569,570
-100.032911,32.265953,131,132,379,380
-99.60044,32.633579,131,380,381,517
-100.067393,32.266044,132,133,379
-100.333309,31.933247,133,134,378,379,380,381,382,383,384,385,386,387,388,389,390,437,438
-100.767074,31.534332,134,135,377,378
-100.800929,31.531518,135,136,376,377
-101.200596,31.100676,136,137,138,183,184,376
-101.600461,30.701232,137,138,374,375
-101.200003,31.065916,137,375,376,377,378,436,437
-101.633892,30.69904,138,139,184,185,374
-102.067099,30.267117,139,140,141,142,185,186,373
-101.632883,30.632831,139,373,374,375,435,436
-102.599699,29.665917,140,141,372,433,434
-102.367823,29.899806,140,373,434,435
-102.831809,29.466673,141,142,372
-103.067335,29.234679,142,143,144,145,186,187,350,372,433
-103.066449,29.200033,143,349,350,351,352,363
-103.433477,35.367089,172,198,199,256,257
-112.100522,43.365329,200,201,202,275,276,308,309
-112.5,42.9,200,309
-111.934269,43.601146,201,202,306,307
-112.100038,43.433339,201,307,308
-111.867508,43.600023,202,203,276,277,305,306
-111.632927,43.831833,203,277,278,303,304
-111.700102,43.832766,203,304,305
-111.266509,44.266987,204,205,279,280,300,301
-111.333312,44.267048,204,301,302
-111.399571,44.133278,204,278,279,302,303
-110.765644,44.767241,205,206,207,208,209,210,211,212,213,214,215,216,217,218,219,220,221,222,223,224,225,226,227,228,229,230,231,232,233,234,235,236,237,238,239,240,280,281,282,283,284,285,286,287,288,289,290,291,292,293,294,295,296,297,298,299
-110.800317,44.76562,205,299,300
-90.0,45.0,206,207
-110.566667,45.0,206,298
-90.0,44.2,207,208,623,624
-90.531502,43.66742,208,209,622,623
-90.564605,43.667005,209,210,622
-90.6994,43.466268,210,211,621,622,623,624,625,626,627,628,649,650
-90.965456,43.199961,211,212,620,621
-91.3666,42.833598,212,213,619,620
-91.40077,42.832326,213,214,618,619
-92.132857,42.066937,214,215,617,618
-92.166436,42.066393,215,216,616,617
-92.49948,41.70084,216,217,615,616
-92.532218,41.701414,217,218,615
-92.867757,41.033156,218,219,614,615,616,617,618,619,620,621,648,649
-93.266929,40.664915,219,220,613,614
-93.300967,40.666724,220,221,612,613
-93.632992,40.265638,221,222,611,612
-94.065416,39.866434,222,223,610,611
-94.09874,39.868553,223,224,610
-94.199262,39.43324,224,225,609,610,611,612,613,614,647,648
-94.601144,39.064528,225,226,608,609
-94.632637,39.067579,226,227,607,608
-94.965903,38.698558,227,228,606,607
-95.099866,38.599106,228,229,605,606
-95.266617,38.366644,229,230,604,605
-95.367773,38.332593,230,231,603,604
-95.566071,38.06673,231,232,602,603
-95.632726,38.067084,232,233,601,602
-95.833784,37.800664,233,234,600,601
-95.899324,37.800893,234,235,599,600
-96.167243,37.499654,235,236,598,599
-96.534787,37.134211,236,237,597,598
-96.566817,37.132386,237,238,596,597
-96.799292,36.634183,238,239,595,596
-96.900355,36.134535,239,240,595
-112.5,45.0,298,299,300,301,302,303,304,305,306,307,308,309
-102.933493,28.867239,313,314,362,464
-102.933715,28.767045,314,315,464,465,511,512
-102.401623,28.298513,315,316,510,511
-102.400141,28.200012,316,317,509,510
-102.233136,27.900186,317,318,508,509
-101.399613,26.999208,318,319,507,508
-100.999337,26.433794,319,320,506,507
-100.666214,26.066931,320,321,343,344,505,506
-100.633756,25.999019,321,322,323,324,344,345,503,504
-100.63269,26.065859,321,504,505
-99.565835,24.800421,322,323,501,502
-99.933042,25.366834,322,502,503
-99.567037,24.765916,323,324,500,501
-99.29956,24.432667,324,325,345,346,499,500
-98.932023,24.033503,325,326,346,347,497,498
-99.232924,24.432339,325,498,499
-98.832693,23.86641,326,347,348,495,496
-98.900787,24.034495,326,496,497
-98.201276,22.966681,327,328,492,493
-98.499113,23.500194,327,493,494
-98.53392,23.499722,327,328,329,330,331,332,333,334,335,336,337,338,339,340,348,494,495
-102.39845,29.233101,350,351,432,433,434,435,436,437,438,439,440,441,442,458,460,462,463
-101.733644,28.99915,351,352,431,432
-101.733918,28.965921,352,363,369,370,430,431
-101.167301,29.166756,353,354,428,458,460
-101.33314,29.133047,353,429,430,431,432,458
-101.332548,29.06496,353,354,355,364,429
-100.933288,29.066373,354,355,427,428
-100.933906,29.001319,355,364,365,426,427
-100.201461,29.233782,356,366,367,423,424
-100.499108,29.300784,356,424,425,426,427,428,457,460,462
-100.500462,29.266239,356,366,425
-99.76765,29.367446,357,358,422,455,456
-100.000703,29.367815,357,423,424,456,457
-99.999904,29.299518,357,358,359,360,361,367,368,423
-99.765589,29.233859,358,359,421,422
-99.632016,29.134348,359,360,420,421,466
-100.133552,28.664915,360,361,465,466,467,468,469,470,471,472,473,474,475,476,477,512,513
-100.434864,28.867247,361,362,368,369,370,371,464,465
-101.567988,28.967034,364,365,370,371,429,430
-100.766144,28.999262,365,366,367,368,371,425,426
-99.465579,32.399814,381,382,517,518,568,569
-98.799932,32.399687,382,383,567,568
-97.99965,32.600425,383,384,566,567
-97.999231,32.565554,384,385,565,566
-97.665772,32.200517,385,386,564,565
-97.499967,32.099865,386,387,563,564
-97.299555,31.89985,387,388,562,563
-97.299492,31.866636,388,389,561,562
-96.666632,31.500828,389,390,560,561
-96.499753,31.333532,390,391,438,439,559,560
-96.032789,31.300646,391,392,439,440,557,558
-96.034484,31.333621,391,558,559
-95.532319,31.267278,392,393,394,395,396,440,441,555,556
-95.533696,31.299447,392,556,557
-94.266721,31.066516,393,394,553,554
-94.500452,31.264812,393,554,555
-94.2679,31.033668,394,395,552,553
-93.833322,30.83296,395,396,551,552
-93.833183,30.798659,396,397,441,442,550,551
-93.267617,30.698584,397,398,399,442,461,463,548,549
-93.666626,30.800916,397,549,550
-93.132948,30.633032,398,399,546,547
-93.133833,30.701319,398,547,548
-92.766138,30.266851,399,400,459,461,545,546
-92.232865,30.000888,400,443,444,445,446,447,448,449,450,451,452,453,454,459,543,544
-92.433208,30.167372,400,544,545
-90.0,28.133333,401,402,685,686
-90.0,30.166667,401,541,542
-90.200203,30.000767,401,402,403,404,443,542,543
-90.099203,28.133735,402,403,685
-90.099749,28.065832,403,404,684,685,686,687,688,691,692
-90.334092,28.065617,404,405,443,444,684
-90.932477,27.830039,405,444,445,682,683
-90.33372,27.99959,405,683,684,691
-91.334123,27.599355,406,407,408,409,446,447,681
-91.098165,27.60031,406,681,682,683,690,691,692,693
-91.10031,27.668074,406,445,446,682
-91.400525,27.566599,407,408,671,677,678,679,680
-91.333755,27.564576,407,672,673,678,681,690
-91.800354,28.001141,408,409,670,671
-91.799402,28.033554,409,410,447,448,669,670
-92.367373,28.065977,410,411,412,413,448,449,667,668
-92.367122,28.034212,410,668,669
-94.800447,28.099599,411,412,479,661,662,666
-93.867255,28.065452,411,479,480,667
-95.168132,28.333543,412,413,660,661
-95.165359,28.367135,413,449,450,659,660
-96.500151,28.533974,414,415,451,452,657,658
-95.766593,28.2331,414,658,659,660,661,665,666
-95.46738,28.368131,414,450,451,659
-97.266821,28.732174,415,416,417,418,452,453,473,474
-96.867928,28.534476,415,474,475,657
-97.899047,29.299605,416,417,588,589,590,591,592,593,594
-97.400371,28.766307,416,472,473,589
-98.232773,29.600245,417,418,587,588
-98.232741,29.633631,418,453,454,586,587
-99.334344,29.165997,419,420,466,467,584
-99.001235,29.265302,419,584,585,586,587,588,594
-99.001072,29.299574,419,420,421,422,455,585
-98.633838,29.66684,454,455,456,457,459,461,462,463,585,586
-99.332985,29.133814,467,468,584,593,594
-98.734377,29.000044,468,469,592,593
-98.299623,29.067425,469,470,591,592
-98.300094,28.999447,470,471,590,591
-97.600277,28.767124,471,472,589,590
-96.431663,28.333671,475,476,657,658,664,665
-96.265425,28.199705,476,477,663,664
-96.267549,28.13399,477,478,513,514,663
-95.667048,28.100432,478,479,480,481,482,514,515,662
-95.666958,28.133853,478,662,663,664,665,666
-93.868483,28.035063,480,481,667,668,669,670,671,676,677
-93.632207,27.898253,481,482,675,676
-93.232535,27.801226,482,483,484,485,515,516,675
-92.300471,27.668285,483,484,674,679,680
-92.701474,27.767229,483,675,676,677,680
-92.300001,27.633768,484,485,674
-91.867085,27.499971,485,486,487,488,516,673,674,678,679
-90.632698,27.298509,486,487,688,689,692,693,694
-91.301064,27.532787,486,672,673,689
-90.632637,27.267828,487,488,694,695,696,697
-90.400535,27.133251,488,489,490,491,492,493,494,495,496,497,498,499,500,501,502,503,504,505,506,507,508,509,510,511,512,513,514,515,516,697
-90.0,22.5,489,490
-90.0,27.033333,489,696,697
-96.433492,35.935094,524,525,526,527,528,572,573,645
-95.899741,36.000326,525,526,643,644
-96.433421,35.999708,525,644,645,646,647,648,649,650,651,652,653,654,655,656
-95.901478,35.933104,526,527,642,643
-95.466659,35.800136,527,528,641,642
-95.46744,35.766619,528,529,573,574,640,641
-94.900088,35.833674,529,574,575,576,581,638,639
-95.000345,35.833716,529,639,640
-94.26762,36.132202,530,531,575,576,637
-94.666973,36.101084,530,637,638,639,640,641,642,643,644,656
-94.665716,36.065216,530,575,638
-93.701473,36.167078,531,576,577,581,582,635,636
-94.266561,36.16781,531,636,637,655,656
-92.934098,36.531804,532,533,634,653,654
-93.432937,36.365238,532,635,636,654,655
-93.432005,36.300553,532,533,577,635
-92.633882,36.533401,533,534,535,577,578,582,583,634
-92.500374,36.600093,534,535,632,633
-92.632904,36.600168,534,633,634,652,653
-92.233088,36.700074,535,536,537,578,632
-91.767688,36.899726,536,537,630,631
-92.231861,36.76769,536,631,632,633,651,652
-91.565132,36.900418,537,578,579,580,583,629,630
-90.701259,37.232283,538,539,627,628
-91.16628,37.098526,538,628,629,630,631,650,651
-91.167011,37.066369,538,539,579,629
-90.533282,37.234535,539,540,541,542,543,544,545,546,547,548,549,550,551,552,553,554,555,556,557,558,559,560,561,562,563,564,565,566,567,568,569,570,579,580,626,627
-90.0,37.533333,540,541,624,625
-90.167265,37.532545,540,625,626
-91.300979,27.567335,672,689,690,693
-90.0,27.3,686,687,695,696
-90.466317,27.433153,687,688,694,695