0,1,0,351
1,2,0,-1
2,0,0,1
3,0,1,1035
2,3,1,2
4,3,2,1068
2,4,2,105
5,6,3,1066
6,7,3,1067
7,5,3,4
8,5,4,1065
7,8,4,164
9,10,5,1064
10,8,5,1065
8,9,5,159
11,12,6,1074
12,13,6,1061
13,11,6,7
14,11,7,1047
13,14,7,8
15,14,8,1057
13,15,8,106
16,17,9,380
17,15,9,1056
15,16,9,10
18,16,10,379
15,18,10,11
19,18,11,-1
15,19,11,12
20,19,12,418
15,20,12,13
21,20,13,418
15,21,13,14
22,21,14,417
15,22,14,15
23,22,15,417
15,23,15,16
24,23,16,416
15,24,16,17
25,24,17,1083
15,25,17,18
26,25,18,1088
15,26,18,19
27,26,19,1091
15,27,19,20
28,27,20,1087
15,28,20,21
29,28,21,1087
15,29,21,22
30,29,22,411
15,30,22,23
31,30,23,411
15,31,23,24
32,31,24,410
15,32,24,25
33,32,25,1154
15,33,25,26
34,33,26,1162
15,34,26,27
35,34,27,1162
15,35,27,28
36,35,28,1161
15,36,28,29
37,36,29,1161
15,37,29,30
38,37,30,1160
15,38,30,31
39,38,31,1159
15,39,31,107
40,41,32,1158
41,39,32,1159
39,40,32,33
42,40,33,405
39,42,33,108
43,44,34,403
44,42,34,404
42,43,34,35
45,43,35,1121
42,45,35,36
46,45,36,1120
42,46,36,37
47,46,37,1178
42,47,37,38
48,47,38,1177
42,48,38,109
49,50,39,1117
50,48,39,1177
48,49,39,40
51,49,40,1264
48,51,40,110
52,53,41,1269
53,51,41,1270
51,52,41,111
54,55,42,1527
55,56,42,1111
56,54,42,113
57,58,43,1526
58,54,43,1527
54,57,43,114
59,60,44,1524
60,61,44,1525
61,59,44,116
62,63,45,1535
63,64,45,1523
64,62,45,46
65,62,46,1522
64,65,46,118
66,67,47,1988
67,65,47,1522
65,66,47,48
68,66,48,1987
65,68,48,49
69,68,49,1986
65,69,49,119
70,71,50,1521
71,72,50,1990
72,70,50,51
73,70,51,1520
72,73,51,121
74,75,52,1519
75,73,52,1520
73,74,52,53
76,74,53,1518
73,76,53,122
77,78,54,1517
78,76,54,1518
76,77,54,123
79,80,55,1516
80,77,55,1517
77,79,55,124
81,82,56,1881
82,79,56,1882
79,81,56,125
83,84,57,1880
84,81,57,1881
81,83,57,126
85,86,58,1879
86,83,58,1880
83,85,58,127
87,88,59,1877
88,85,59,1878
85,87,59,127
89,90,60,2044
90,87,60,1876
87,89,60,61
91,89,61,2071
87,91,61,62
92,91,62,2075
87,92,62,63
93,92,63,2043
87,93,63,64
94,93,64,2042
87,94,64,65
95,94,65,2042
87,95,65,128
96,97,66,2040
97,95,66,2041
95,96,66,128
98,99,67,2038
99,100,67,2039
100,98,67,130
101,102,68,2037
102,98,68,2038
98,101,68,131
103,104,69,1995
104,101,69,2036
101,103,69,70
105,103,70,1994
101,105,70,132
106,107,71,1993
107,105,71,1994
105,106,71,133
108,109,72,1992
109,106,72,1993
106,108,72,134
110,111,73,2007
111,108,73,1992
108,110,73,74
112,110,74,1991
108,112,74,135
113,114,75,2004
114,115,75,2005
115,113,75,76
116,113,76,1203
115,116,76,77
117,116,77,1202
115,117,77,78
118,117,78,1201
115,118,78,79
119,118,79,1200
115,119,79,136
120,121,80,1238
121,119,80,1200
119,120,80,81
122,120,81,1199
119,122,81,82
123,122,82,1199
119,123,82,83
124,123,83,1198
119,124,83,137
125,126,84,1197
126,124,84,1198
124,125,84,85
127,125,85,1196
124,127,85,86
128,127,86,1195
124,128,86,138
129,130,87,1193
130,128,87,1194
128,129,87,139
131,132,88,1191
132,133,88,1192
133,131,88,141
134,135,89,1252
135,131,89,1191
131,134,89,90
136,134,90,1251
131,136,90,152
137,138,91,1189
138,136,91,1190
136,137,91,153
139,140,92,1253
140,141,92,1226
141,139,92,155
142,143,93,1260
143,139,93,1261
139,142,93,94
144,142,94,1259
139,144,94,142
145,146,95,1258
146,144,95,1259
144,145,95,96
147,145,96,1257
144,147,96,142
148,149,97,1221
149,147,97,1257
147,148,97,156
150,151,98,1297
151,152,98,1288
152,150,98,143
153,154,99,1317
154,150,99,1299
150,153,99,100
155,153,100,1316
150,155,100,144
156,157,101,221
157,155,101,222
155,156,101,145
158,159,102,219
159,156,102,220
156,158,102,146
160,161,103,315
161,162,103,218
162,160,103,161
2,163,104,341
163,164,104,342
164,2,104,105
164,4,105,147
13,165,106,1062
165,15,106,107
165,39,107,108
165,42,108,109
165,48,109,110
165,51,110,111
165,52,111,112
56,52,112,1268
165,56,112,113
165,54,113,114
165,57,114,115
61,57,115,1525
165,61,115,116
165,59,116,117
64,59,117,1523
165,64,117,118
165,65,118,119
165,69,119,120
72,69,120,1986
165,72,120,121
165,73,121,122
165,76,122,123
165,77,123,124
165,79,124,125
165,81,125,126
165,83,126,148
83,87,127,149
87,96,128,129
100,96,129,2039
87,100,129,130
87,98,130,131
87,101,131,132
87,105,132,133
87,106,133,134
87,108,134,135
87,112,135,150
115,112,136,1991
112,119,136,137
112,124,137,138
112,128,138,139
112,129,139,140
133,129,140,1192
112,133,140,141
112,131,141,151
139,147,142,160
152,148,143,1221
148,150,143,144
148,155,144,145
148,156,145,146
148,158,146,156
164,166,147,326
166,4,147,158
165,9,148,1063
9,83,148,149
9,87,149,150
9,112,150,151
9,131,151,152
9,136,152,153
9,137,153,154
141,137,154,1189
9,141,154,155
9,139,155,159
147,158,156,157
162,158,157,218
147,162,157,160
166,160,158,327
160,4,158,162
8,139,159,164
139,162,160,161
139,160,161,162
139,4,162,163
7,4,163,1067
139,7,163,164
167,168,165,274
168,169,165,-1
169,167,165,194
170,171,166,309
171,167,166,274
167,170,166,167
172,170,167,273
167,172,167,168
173,172,168,272
167,173,168,169
174,173,169,272
167,174,169,170
175,174,170,271
167,175,170,194
176,177,171,270
177,175,171,271
175,176,171,195
178,179,172,268
179,180,172,269
180,178,172,197
181,182,173,267
182,178,173,268
178,181,173,198
183,184,174,265
184,185,174,266
185,183,174,175
186,183,175,264
185,186,175,200
187,188,176,263
188,186,176,264
186,187,176,201
189,190,177,262
190,187,177,263
187,189,177,202
191,192,178,261
192,189,178,262
189,191,178,203
193,194,179,259
194,195,179,260
195,193,179,205
196,197,180,258
197,193,180,259
193,196,180,181
198,196,181,257
193,198,181,206
199,200,182,256
200,198,182,257
198,199,182,183
201,199,183,255
198,201,183,207
202,203,184,253
203,201,184,254
201,202,184,208
204,205,185,252
205,202,185,253
202,204,185,186
206,204,186,251
202,206,186,209
207,208,187,250
208,206,187,251
206,207,187,210
209,210,188,248
210,211,188,249
211,209,188,189
212,209,189,247
211,212,189,212
213,214,190,245
214,215,190,246
215,213,190,191
216,213,191,244
215,216,191,192
217,216,192,-1
215,217,192,193
169,217,193,-1
215,169,193,213
169,175,194,195
169,176,195,196
180,176,196,269
169,180,196,197
169,178,197,198
169,181,198,199
185,181,199,266
169,185,199,200
169,186,200,201
169,187,201,202
169,189,202,203
169,191,203,204
195,191,204,260
169,195,204,205
169,193,205,206
169,198,206,207
169,201,207,208
169,202,208,209
169,206,209,210
169,207,210,211
211,207,211,249
169,211,211,212
169,212,212,213
215,212,213,246
218,219,214,319
219,168,214,-1
168,218,214,215
220,218,215,318
168,220,215,216
221,220,216,317
168,221,216,217
161,221,217,316
168,161,217,275
161,158,218,219
161,159,219,220
161,156,220,221
161,157,221,276
222,155,222,1315
157,222,222,277
223,224,223,1314
224,222,223,1315
222,223,223,224
225,223,224,1567
222,225,224,278
226,227,225,1753
227,228,225,1310
228,226,225,281
229,230,226,1791
230,226,226,1792
226,229,226,282
231,232,227,1790
232,229,227,1791
229,231,227,228
233,231,228,1789
229,233,228,283
234,235,229,1788
235,233,229,1789
233,234,229,284
236,237,230,1787
237,234,230,1788
234,236,230,285
238,239,231,1786
239,236,231,1787
236,238,231,232
240,238,232,1785
236,240,232,286
241,242,233,1784
242,240,233,1785
240,241,233,287
243,244,234,1783
244,241,234,1784
241,243,234,288
245,246,235,1781
246,243,235,1782
243,245,235,289
247,248,236,1780
248,245,236,1781
245,247,236,290
249,250,237,1779
250,247,237,1780
247,249,237,290
251,252,238,1796
252,249,238,1779
249,251,238,239
253,251,239,1778
249,253,239,240
254,253,240,1777
249,254,240,291
255,256,241,1775
256,257,241,1776
257,255,241,311
258,259,242,1772
259,260,242,1773
260,258,242,243
216,258,243,-1
260,216,243,244
260,213,244,245
260,214,245,293
214,212,246,247
214,209,247,248
214,210,248,294
210,207,249,250
210,208,250,295
208,204,251,252
208,205,252,296
205,203,253,254
205,201,254,255
205,199,255,256
205,200,256,297
200,196,257,258
200,197,258,298
197,194,259,299
194,191,260,261
194,192,261,300
192,190,262,301
190,188,263,302
188,183,264,265
188,184,265,303
184,181,266,267
184,182,267,304
182,179,268,305
179,176,269,270
179,177,270,306
177,174,271,307
174,172,272,273
174,170,273,308
171,168,274,275
171,161,275,276
171,157,276,277
171,222,277,278
171,225,278,279
261,225,279,1566
171,261,279,280
228,261,280,1311
171,228,280,281
171,226,281,282
171,229,282,283
171,233,283,284
171,234,284,285
171,236,285,286
171,240,286,287
171,241,287,288
171,243,288,289
171,245,289,309
245,249,290,291
245,254,291,292
257,254,292,1777
245,257,292,310
260,255,293,1774
255,214,293,294
255,210,294,295
255,208,295,296
255,205,296,297
255,200,297,298
255,197,298,299
255,194,299,300
255,192,300,301
255,190,301,302
255,188,302,303
255,184,303,304
255,182,304,305
255,179,305,306
255,177,306,307
255,174,307,308
255,170,308,311
170,245,309,310
170,257,310,311
262,263,312,332
263,219,312,-1
219,262,312,313
264,262,313,331
219,264,313,319
265,266,314,329
266,264,314,330
264,265,314,320
160,265,315,328
265,161,315,316
265,221,316,317
265,220,317,318
265,218,318,320
218,264,319,320
267,268,321,339
268,263,321,-1
263,267,321,332
269,270,322,338
270,267,322,339
267,269,322,323
271,269,323,337
267,271,323,333
272,273,324,345
273,271,324,337
271,272,324,334
164,274,325,343
274,272,325,344
272,164,325,326
272,166,326,327
272,160,327,328
272,265,328,329
272,266,329,330
272,264,330,331
272,262,331,334
262,267,332,333
262,271,333,334
275,276,335,346
276,268,335,-1
268,275,335,336
273,275,336,346
268,273,336,340
273,269,337,338
273,270,338,340
270,268,339,340
2,276,341,-1
276,163,341,342
276,164,342,343
276,274,343,344
276,272,344,345
276,273,345,346
277,278,347,366
278,1,347,-1
1,277,347,348
279,277,348,1038
1,279,348,349
280,279,349,1037
1,280,349,350
281,280,350,1036
1,281,350,351
0,281,351,1035
282,283,352,377
283,278,352,-1
278,282,352,367
284,285,353,376
285,282,353,377
282,284,353,368
286,287,354,374
287,288,354,375
288,286,354,370
289,290,355,-1
290,286,355,373
286,289,355,356
291,289,356,383
286,291,356,357
292,291,357,382
286,292,357,358
293,292,358,1044
286,293,358,359
294,293,359,1049
286,294,359,360
295,294,360,1081
286,295,360,361
296,295,361,1080
286,296,361,362
297,296,362,1051
286,297,362,370
298,299,363,1040
299,300,363,1041
300,298,363,364
301,298,364,1039
300,301,364,365
277,301,365,1038
300,277,365,366
300,278,366,367
300,282,367,368
300,284,368,369
288,284,369,376
300,288,369,372
288,297,370,371
302,297,371,1050
288,302,371,372
300,302,372,1031
290,283,373,-1
283,286,373,374
283,287,374,375
283,288,375,378
288,285,376,378
285,283,377,378
18,289,379,-1
289,16,379,380
289,17,380,383
303,304,381,1045
304,305,381,1055
305,303,381,385
292,303,382,1044
303,291,382,385
291,17,383,384
305,17,384,1055
291,305,384,385
306,307,386,454
307,19,386,-1
19,306,386,387
308,306,387,453
19,308,387,388
309,308,388,452
19,309,388,419
310,311,389,451
311,309,389,452
309,310,389,390
312,310,390,450
309,312,390,420
313,314,391,1092
314,315,391,448
315,313,391,392
316,313,392,1133
315,316,392,393
317,316,393,1132
315,317,393,429
318,319,394,1130
319,320,394,1131
320,318,394,422
321,322,395,1128
322,323,395,1129
323,321,395,396
324,321,396,1128
323,324,396,397
325,324,397,1127
323,325,397,423
326,327,398,1126
327,325,398,1127
325,326,398,399
328,326,399,1125
325,328,399,423
329,330,400,1124
330,328,400,1125
328,329,400,430
331,332,401,1122
332,333,401,1123
333,331,401,402
43,331,402,1122
333,43,402,403
333,44,403,404
333,42,404,405
333,40,405,406
334,40,406,1158
333,334,406,424
335,336,407,1156
336,334,407,1157
334,335,407,425
337,338,408,1164
338,339,408,1155
339,337,408,409
32,337,409,1154
339,32,409,410
339,31,410,427
31,29,411,412
340,29,412,1086
31,340,412,427
341,342,413,1089
342,340,413,1086
340,341,413,414
343,341,414,1085
340,343,414,435
24,344,415,1083
344,343,415,1084
343,24,415,416
343,23,416,431
23,21,417,428
21,19,418,419
21,309,419,420
21,312,420,421
315,312,421,449
21,315,421,428
320,317,422,1131
317,318,422,432
323,328,423,433
333,329,424,1123
329,334,424,425
329,335,425,426
339,335,426,1155
329,339,426,430
339,340,427,434
23,315,428,429
23,317,429,431
328,339,430,433
343,317,431,432
343,318,432,435
323,339,433,434
323,340,434,436
340,318,435,436
323,318,436,1129
345,346,437,463
346,307,437,-1
307,345,437,438
347,345,438,463
307,347,438,439
348,347,439,462
307,348,439,440
349,348,440,461
307,349,440,441
350,349,441,461
307,350,441,442
351,350,442,460
307,351,442,454
352,353,443,517
353,351,443,518
351,352,443,444
354,352,444,516
351,354,444,455
355,356,445,515
356,354,445,516
354,355,445,446
357,355,446,1093
354,357,446,447
314,357,447,1092
354,314,447,448
354,315,448,449
354,312,449,450
354,310,450,451
354,311,451,455
311,308,452,453
311,306,453,456
306,351,454,456
351,311,455,456
358,359,457,521
359,346,457,-1
346,358,457,464
360,361,458,542
361,362,458,520
362,360,458,459
363,360,459,519
362,363,459,466
351,363,460,518
363,350,460,467
350,348,461,462
350,347,462,467
347,346,463,464
347,358,464,465
362,358,465,520
347,362,465,466
347,363,466,467
364,365,468,637
365,359,468,-1
359,364,468,469
366,364,469,637
359,366,469,470
367,366,470,636
359,367,470,522
368,369,471,635
369,367,471,636
367,368,471,543
370,371,472,633
371,372,472,634
372,370,472,523
373,374,473,632
374,370,473,633
370,373,473,474
375,373,474,631
370,375,474,524
376,377,475,630
377,375,475,631
375,376,475,476
378,376,476,629
375,378,476,553
379,380,477,628
380,378,477,629
378,379,477,525
381,382,478,627
382,379,478,628
379,381,478,525
383,384,479,625
384,381,479,626
381,383,479,526
385,386,480,663
386,387,480,624
387,385,480,481
388,385,481,623
387,388,481,482
389,388,482,622
387,389,482,527
390,391,483,621
391,389,483,622
389,390,483,484
392,390,484,621
389,392,484,485
393,392,485,620
389,393,485,486
394,393,486,619
389,394,486,528
395,396,487,618
396,394,487,619
394,395,487,488
397,395,488,617
394,397,488,545
398,399,489,615
399,397,489,616
397,398,489,529
400,401,490,614
401,398,490,615
398,400,490,491
402,400,491,614
398,402,491,492
403,402,492,613
398,403,492,529
404,405,493,1861
405,403,493,1862
403,404,493,494
406,404,494,1860
403,406,494,530
407,408,495,1859
408,406,495,1860
406,407,495,531
409,410,496,1510
410,407,496,1859
407,409,496,497
411,409,497,1509
407,411,497,532
412,413,498,1507
413,411,498,1508
411,412,498,533
414,415,499,1505
415,412,499,1506
412,414,499,534
416,417,500,1503
417,414,500,1504
414,416,500,535
418,419,501,1109
419,416,501,1502
416,418,501,502
420,418,502,1108
416,420,502,536
421,422,503,1107
422,420,503,1108
420,421,503,537
423,424,504,1104
424,425,504,1105
425,423,504,548
426,427,505,1169
427,423,505,1103
423,426,505,549
428,429,506,1102
429,426,506,1168
426,428,506,507
430,428,507,1101
426,430,507,538
431,432,508,1100
432,430,508,1101
430,431,508,509
433,431,509,1099
430,433,509,538
434,435,510,1098
435,433,510,1099
433,434,510,511
436,434,511,1097
433,436,511,512
437,436,512,1096
433,437,512,513
438,437,513,1095
433,438,513,514
439,438,514,1094
433,439,514,539
355,439,515,1093
439,356,515,540
356,352,516,517
356,353,517,541
353,363,518,519
353,360,519,541
361,358,520,521
361,359,521,522
361,367,522,542
372,368,523,634
368,370,523,524
368,375,524,552
378,381,525,526
378,383,526,544
387,383,527,624
383,389,527,528
383,394,528,544
397,403,529,530
397,406,530,531
397,407,531,532
397,411,532,533
397,412,533,534
397,414,534,535
397,416,535,536
397,420,536,537
397,421,537,546
426,433,538,539
426,439,539,540
426,356,540,550
356,360,541,551
360,367,542,543
360,368,543,551
378,394,544,545
378,397,545,546
378,421,546,547
425,421,547,1106
378,425,547,548
378,423,548,549
378,426,549,550
378,356,550,553
356,368,551,552
356,375,552,553
440,441,554,776
441,365,554,-1
365,440,554,555
442,440,555,776
365,442,555,556
443,442,556,775
365,443,556,557
444,443,557,774
365,444,557,558
445,444,558,774
365,445,558,559
446,445,559,773
365,446,559,560
447,446,560,772
365,447,560,561
448,447,561,772
365,448,561,562
449,448,562,771
365,449,562,563
450,449,563,770
365,450,563,564
451,450,564,770
365,451,564,565
452,451,565,812
365,452,565,566
453,452,566,769
365,453,566,567
454,453,567,768
365,454,567,568
455,454,568,767
365,455,568,569
456,455,569,766
365,456,569,570
457,456,570,765
365,457,570,638
458,459,571,764
459,457,571,765
457,458,571,639
460,461,572,763
461,458,572,764
458,460,572,573
462,460,573,762
458,462,573,640
463,464,574,760
464,465,574,761
465,463,574,642
466,467,575,758
467,468,575,759
468,466,575,671
469,470,576,757
470,466,576,758
466,469,576,577
471,469,577,756
466,471,577,677
472,473,578,754
473,471,578,755
471,472,578,678
474,475,579,806
475,476,579,752
476,474,579,580
477,474,580,751
476,477,580,581
478,477,581,750
476,478,581,582
479,478,582,749
476,479,582,643
480,481,583,747
481,479,583,748
479,480,583,644
482,483,584,745
483,484,584,746
484,482,584,585
485,482,585,744
484,485,585,586
486,485,586,743
484,486,586,645
487,488,587,741
488,489,587,742
489,487,587,646
490,491,588,740
491,487,588,741
487,490,588,647
492,493,589,739
493,490,589,740
490,492,589,648
494,495,590,738
495,492,590,739
492,494,590,591
496,494,591,737
492,496,591,648
497,498,592,736
498,496,592,737
496,497,592,675
499,500,593,735
500,497,593,736
497,499,593,649
501,502,594,733
502,499,594,734
499,501,594,595
503,501,595,-1
499,503,595,596
504,503,596,2161
499,504,596,649
505,506,597,2160
506,504,597,2161
504,505,597,598
507,505,598,2159
504,507,598,599
508,507,599,2158
504,508,599,650
509,510,600,2157
510,508,600,2158
508,509,600,651
511,512,601,2156
512,509,601,2157
509,511,601,652
513,514,602,2154
514,511,602,2155
511,513,602,653
515,516,603,2153
516,513,603,2154
513,515,603,604
517,515,604,2152
513,517,604,605
518,517,605,2151
513,518,605,654
519,520,606,2144
520,518,606,2150
518,519,606,607
521,519,607,2143
518,521,607,608
522,521,608,2100
518,522,608,609
523,522,609,2099
518,523,609,655
524,525,610,2107
525,523,610,2099
523,524,610,611
526,524,611,1863
523,526,611,656
403,527,612,1862
527,526,612,1863
526,403,612,613
526,402,613,657
402,401,614,658
401,399,615,616
401,397,616,617
401,395,617,618
401,396,618,659
396,393,619,620
396,392,620,660
392,391,621,661
391,388,622,623
391,385,623,662
386,383,624,625
386,384,625,626
386,381,626,627
386,382,627,663
382,380,628,664
380,376,629,630
380,377,630,665
377,373,631,632
377,374,632,666
374,371,633,667
371,368,634,635
371,369,635,668
369,366,636,669
366,365,637,638
366,457,638,639
366,458,639,640
366,462,640,641
465,462,641,761
366,465,641,642
366,463,642,669
476,528,643,752
528,479,643,644
528,480,644,672
484,480,645,746
480,486,645,673
489,486,646,742
486,487,646,647
486,490,647,674
490,496,648,680
497,504,649,650
497,508,650,651
497,509,651,652
497,511,652,653
497,513,653,654
497,518,654,655
497,523,655,656
497,526,656,657
497,402,657,658
497,401,658,659
497,396,659,660
497,392,660,661
497,391,661,662
497,385,662,675
385,382,663,664
385,380,664,665
385,377,665,666
385,374,666,667
385,371,667,668
385,369,668,676
369,463,669,670
468,463,670,759
369,468,670,671
369,466,671,676
528,472,672,753
472,480,672,673
472,486,673,674
472,490,674,679
496,385,675,680
385,466,676,677
385,471,677,678
385,472,678,679
385,490,679,680
529,530,681,925
530,441,681,-1
441,529,681,777
531,532,682,951
532,529,682,925
529,531,682,683
533,531,683,924
529,533,683,778
534,535,684,950
535,533,684,924
533,534,684,685
536,534,685,968
533,536,685,686
537,536,686,923
533,537,686,687
538,537,687,922
533,538,687,688
539,538,688,921
533,539,688,779
540,541,689,920
541,539,689,921
539,540,689,690
542,540,690,919
539,542,690,780
543,544,691,918
544,542,691,919
542,543,691,692
545,543,692,917
542,545,692,781
546,547,693,916
547,545,693,917
545,546,693,782
548,549,694,915
549,546,694,916
546,548,694,695
550,548,695,914
546,550,695,783
551,552,696,912
552,553,696,913
553,551,696,785
554,555,697,911
555,551,697,912
551,554,697,698
556,554,698,910
551,556,698,786
557,558,699,908
558,556,699,909
556,557,699,787
559,560,700,907
560,557,700,908
557,559,700,788
561,562,701,906
562,559,701,907
559,561,701,789
563,564,702,905
564,561,702,906
561,563,702,790
565,566,703,903
566,563,703,904
563,565,703,791
567,568,704,901
568,569,704,902
569,567,704,792
570,571,705,965
571,567,705,901
567,570,705,706
572,570,706,964
567,572,706,707
573,572,707,900
567,573,707,708
574,573,708,900
567,574,708,709
575,574,709,899
567,575,709,710
576,575,710,898
567,576,710,711
577,576,711,897
567,577,711,793
578,579,712,896
579,577,712,897
577,578,712,713
580,578,713,895
577,580,713,817
581,582,714,894
582,580,714,895
580,581,714,794
583,584,715,892
584,581,715,893
581,583,715,794
585,586,716,937
586,587,716,891
587,585,716,717
588,585,717,890
587,588,717,718
589,588,718,889
587,589,718,719
590,589,719,888
587,590,719,795
591,592,720,961
592,593,720,887
593,591,720,721
594,591,721,886
593,594,721,796
595,596,722,959
596,594,722,886
594,595,722,723
597,595,723,885
594,597,723,724
598,597,724,884
594,598,724,725
599,598,725,883
594,599,725,726
600,599,726,882
594,600,726,797
601,602,727,879
602,603,727,880
603,601,727,825
604,605,728,936
605,606,728,878
606,604,728,729
607,604,729,877
606,607,729,799
608,609,730,875
609,607,730,876
607,608,730,799
610,611,731,873
611,608,731,874
608,610,731,732
501,610,732,-1
608,501,732,733
608,502,733,734
608,499,734,735
608,500,735,800
500,498,736,801
498,494,737,738
498,495,738,802
495,493,739,803
493,491,740,804
491,488,741,805
488,486,742,743
488,485,743,744
488,482,744,745
488,483,745,821
483,480,746,747
483,481,747,748
483,479,748,749
483,478,749,750
483,477,750,751
483,474,751,822
475,528,752,753
475,472,753,754
475,473,754,755
475,471,755,756
475,469,756,757
475,470,757,806
470,467,758,807
467,463,759,760
467,464,760,808
464,462,761,762
464,460,762,763
464,461,763,809
461,459,764,810
459,456,765,766
459,455,766,767
459,454,767,768
459,453,768,769
459,452,769,811
451,449,770,771
451,448,771,813
448,446,772,773
448,445,773,813
445,443,774,775
445,442,775,814
442,441,776,777
442,529,777,778
442,533,778,779
442,539,779,780
442,542,780,781
442,545,781,782
442,546,782,783
442,550,783,784
553,550,784,913
442,553,784,785
442,551,785,786
442,556,786,787
442,557,787,788
442,559,788,789
442,561,789,790
442,563,790,791
442,565,791,815
569,565,792,902
565,567,792,793
565,577,793,816
580,583,794,818
587,583,795,891
583,590,795,819
593,590,796,887
590,594,796,797
590,600,797,798
603,600,798,881
590,603,798,819
606,608,799,800
606,500,800,801
606,498,801,802
606,495,802,803
606,493,803,804
606,491,804,805
606,488,805,820
474,470,806,807
474,467,807,808
474,464,808,809
474,461,809,810
474,459,810,811
474,452,811,812
474,451,812,823
451,445,813,814
451,442,814,815
451,565,815,816
451,577,816,817
451,580,817,818
451,583,818,823
583,603,819,824
606,601,820,878
601,488,820,821
601,483,821,822
601,474,822,825
474,583,823,824
474,603,824,825
612,613,826,971
613,530,826,-1
530,612,826,926
614,615,827,-1
615,616,827,970
616,614,827,828
617,614,828,1006
616,617,828,829
618,617,829,1005
616,618,829,830
619,618,830,1004
616,619,830,831
620,619,831,1004
616,620,831,832
621,620,832,1003
616,621,832,833
622,621,833,1003
616,622,833,834
623,622,834,1002
616,623,834,835
624,623,835,1002
616,624,835,836
625,624,836,1001
616,625,836,837
626,625,837,1001
616,626,837,838
627,626,838,1000
616,627,838,839
628,627,839,1000
616,628,839,840
629,628,840,999
616,629,840,841
630,629,841,999
616,630,841,842
631,630,842,998
616,631,842,843
632,631,843,998
616,632,843,844
633,632,844,997
616,633,844,845
634,633,845,997
616,634,845,846
635,634,846,996
616,635,846,847
636,635,847,996
616,636,847,848
637,636,848,995
616,637,848,849
638,637,849,994
616,638,849,850
639,638,850,994
616,639,850,851
640,639,851,993
616,640,851,852
641,640,852,993
616,641,852,853
642,641,853,992
616,642,853,854
643,642,854,992
616,643,854,855
644,643,855,991
616,644,855,856
645,644,856,990
616,645,856,928
646,647,857,1025
647,648,857,989
648,646,857,858
649,646,858,988
648,649,858,929
650,651,859,987
651,649,859,988
649,650,859,860
652,650,860,986
649,652,860,930
653,654,861,985
654,652,861,986
652,653,861,931
655,656,862,983
656,657,862,984
657,655,862,932
658,659,863,982
659,655,863,983
655,658,863,864
660,658,864,981
655,660,864,932
661,662,865,980
662,660,865,981
660,661,865,933
663,664,866,979
664,661,866,980
661,663,866,933
665,666,867,978
666,663,867,979
663,665,867,956
667,668,868,977
668,665,868,978
665,667,868,957
669,670,869,1022
670,667,869,977
667,669,869,934
671,672,870,975
672,669,870,976
669,671,870,934
673,674,871,973
674,671,871,974
671,673,871,872
610,673,872,-1
671,610,872,873
671,611,873,874
671,608,874,875
671,609,875,876
671,607,876,877
671,604,877,935
605,601,878,879
605,602,879,880
605,603,880,881
605,600,881,882
605,599,882,883
605,598,883,884
605,597,884,885
605,595,885,936
596,591,886,960
592,590,887,888
592,589,888,889
592,588,889,890
592,585,890,962
586,583,891,892
586,584,892,893
586,581,893,894
586,582,894,937
582,578,895,896
582,579,896,938
579,576,897,898
579,575,898,899
579,574,899,939
574,572,900,940
571,568,901,941
568,565,902,903
568,566,903,904
568,563,904,905
568,564,905,941
564,562,906,942
562,560,907,943
560,558,908,909
560,556,909,910
560,554,910,911
560,555,911,944
555,552,912,945
552,550,913,914
552,548,914,915
552,549,915,946
549,547,916,947
547,543,917,918
547,544,918,947
544,540,919,920
544,541,920,948
541,538,921,922
541,537,922,923
541,536,923,949
535,531,924,950
532,530,925,926
532,612,926,927
616,612,927,971
532,616,927,928
532,645,928,951
648,645,929,989
645,649,929,930
645,652,930,931
645,653,931,952
657,660,932,954
660,663,933,955
667,671,934,935
667,604,935,958
604,595,936,958
585,582,937,938
585,579,938,939
585,574,939,940
585,572,940,963
571,564,941,942
571,562,942,943
571,560,943,944
571,555,944,945
571,552,945,946
571,549,946,966
549,544,947,948
549,541,948,949
549,536,949,967
534,531,950,969
531,645,951,952
531,653,952,953
657,653,953,984
531,657,953,954
531,660,954,955
531,663,955,956
531,665,956,957
531,667,957,969
667,595,958,959
667,596,959,960
667,591,960,961
667,592,961,962
667,585,962,963
667,572,963,964
667,570,964,965
667,571,965,966
667,549,966,967
667,536,967,968
667,534,968,969
615,613,970,-1
613,616,970,971
675,676,972,-1
676,614,972,-1
614,675,972,1006
673,675,973,-1
675,674,973,974
675,671,974,975
675,672,975,976
675,669,976,1024
670,668,977,1007
668,666,978,1007
666,664,979,1008
664,662,980,1009
662,658,981,982
662,659,982,1010
659,656,983,1011
656,653,984,985
656,654,985,1011
654,650,986,987
654,651,987,1012
651,646,988,1013
647,645,989,990
647,644,990,991
647,643,991,1026
643,641,992,1027
641,639,993,1028
639,637,994,995
639,636,995,1029
636,634,996,1014
634,632,997,1014
632,630,998,1015
630,628,999,1016
628,626,1000,1016
626,624,1001,1017
624,622,1002,1017
622,620,1003,1021
620,618,1004,1005
620,617,1005,1018
617,675,1006,1018
670,666,1007,1008
670,664,1008,1009
670,662,1009,1010
670,659,1010,1019
659,654,1011,1012
659,651,1012,1013
659,646,1013,1019
636,632,1014,1015
636,630,1015,1020
630,626,1016,1020
626,622,1017,1023
620,675,1018,1021
670,646,1019,1022
636,626,1020,1030
622,675,1021,1023
669,646,1022,1024
626,675,1023,1030
675,646,1024,1025
675,647,1025,1026
675,643,1026,1027
675,641,1027,1028
675,639,1028,1029
675,636,1029,1030
677,302,1031,1050
300,677,1031,1032
678,677,1032,1054
300,678,1032,1033
679,678,1033,1058
300,679,1033,1041
3,680,1034,1068
680,679,1034,1069
679,3,1034,1042
3,281,1035,1036
3,280,1036,1037
3,279,1037,1042
279,301,1038,1039
279,298,1039,1040
279,299,1040,1043
299,679,1041,1043
679,279,1042,1043
293,303,1044,1045
293,304,1045,1046
14,304,1046,1057
293,14,1046,1047
293,11,1047,1048
681,11,1048,1074
293,681,1048,1049
294,681,1049,1082
677,297,1050,1051
677,296,1051,1052
682,296,1052,1079
677,682,1052,1053
683,682,1053,1078
677,683,1053,1054
678,683,1054,1058
304,17,1055,1056
304,15,1056,1057
679,683,1058,1059
684,683,1059,1078
679,684,1059,1070
685,686,1060,1076
686,684,1060,1077
684,685,1060,1071
12,685,1061,1075
685,13,1061,1062
685,165,1062,1063
685,9,1063,1064
685,10,1064,1071
10,5,1065,1066
10,6,1066,1072
6,4,1067,1073
4,680,1068,1069
4,679,1069,1070
4,684,1070,1073
684,10,1071,1072
684,6,1072,1073
681,12,1074,1075
681,685,1075,1076
681,686,1076,1077
681,684,1077,1082
684,682,1078,1079
684,296,1079,1080
684,295,1080,1081
684,294,1081,1082
25,344,1083,1084
25,343,1084,1085
25,341,1085,1088
342,29,1086,1090
29,27,1087,1090
26,341,1088,1089
26,342,1089,1091
342,27,1090,1091
313,357,1092,1134
357,439,1093,1094
357,438,1094,1095
357,437,1095,1096
357,436,1096,1097
357,434,1097,1098
357,435,1098,1135
435,431,1099,1100
435,432,1100,1136
432,428,1101,1137
687,429,1102,1168
428,687,1102,1138
427,688,1103,1170
688,423,1103,1104
688,424,1104,1105
688,425,1105,1106
688,421,1106,1107
688,422,1107,1139
422,418,1108,1109
422,419,1109,1110
689,419,1110,1501
422,689,1110,1140
55,689,1111,1501
689,56,1111,1112
690,56,1112,1267
689,690,1112,1113
691,690,1113,1266
689,691,1113,1114
692,691,1114,1266
689,692,1114,1115
693,692,1115,1271
689,693,1115,1116
694,693,1116,1265
689,694,1116,1140
695,50,1117,1176
49,695,1117,1142
696,697,1118,1174
697,695,1118,1175
695,696,1118,1143
698,699,1119,1172
699,696,1119,1173
696,698,1119,1144
46,700,1120,1171
700,45,1120,1121
700,43,1121,1146
43,332,1122,1147
332,329,1123,1124
332,330,1124,1147
330,326,1125,1126
330,327,1126,1148
327,324,1127,1149
324,322,1128,1150
322,318,1129,1130
322,319,1130,1151
319,317,1131,1132
319,316,1132,1133
319,313,1133,1134
319,357,1134,1135
319,435,1135,1136
319,432,1136,1137
319,428,1137,1138
319,687,1138,1151
688,687,1139,1170
687,422,1139,1152
422,694,1140,1141
49,694,1141,1264
422,49,1141,1142
422,695,1142,1143
422,696,1143,1144
422,698,1144,1145
700,698,1145,1171
422,700,1145,1146
422,43,1146,1152
43,330,1147,1148
43,327,1148,1149
43,324,1149,1150
43,322,1150,1153
322,687,1151,1153
687,43,1152,1153
33,337,1154,1163
338,335,1155,1156
338,336,1156,1157
338,334,1157,1165
334,41,1158,1166
41,38,1159,1160
41,37,1160,1166
37,35,1161,1167
35,33,1162,1163
35,337,1163,1164
35,338,1164,1165
35,334,1165,1167
334,37,1166,1167
687,426,1168,1169
687,427,1169,1170
46,698,1171,1172
46,699,1172,1173
46,696,1173,1174
46,697,1174,1175
46,695,1175,1176
46,50,1176,1178
50,47,1177,1178
701,702,1179,-46322
702,703,1179,-46322
703,701,1179,1180
704,701,1180,-46322
703,704,1180,1181
705,704,1181,-46322
703,705,1181,1188
706,707,1182,-46322
707,705,1182,-46322
705,706,1182,1183
708,706,1183,-46322
705,708,1183,1188
709,710,1184,-46322
710,708,1184,-46322
708,709,1184,1185
711,709,1185,-46322
708,711,1185,1186
712,711,1186,-46322
708,712,1186,1187
703,712,1187,-46322
708,703,1187,1188
141,138,1189,1190
141,136,1190,1250
135,132,1191,1227
132,129,1192,1193
132,130,1193,1194
132,128,1194,1195
132,127,1195,1196
132,125,1196,1197
132,126,1197,1227
126,123,1198,1228
123,120,1199,1228
121,118,1200,1201
121,117,1201,1202
121,116,1202,1229
713,113,1203,2003
116,713,1203,1204
714,713,1204,2088
116,714,1204,1229
715,716,1205,2112
716,714,1205,2113
714,715,1205,1230
717,718,1206,2111
718,715,1206,2112
715,717,1206,1207
719,717,1207,1676
715,719,1207,1208
720,719,1208,1675
715,720,1208,1231
721,722,1209,1673
722,723,1209,1674
723,721,1209,1233
724,725,1210,1703
725,721,1210,1673
721,724,1210,1211
726,724,1211,1672
721,726,1211,1212
727,726,1212,1671
721,727,1212,1239
728,729,1213,1670
729,727,1213,1671
727,728,1213,1214
730,728,1214,1669
727,730,1214,1240
731,732,1215,1668
732,730,1215,1669
730,731,1215,1247
733,734,1216,1666
734,735,1216,1667
735,733,1216,1234
736,737,1217,1327
737,733,1217,1666
733,736,1217,1235
738,739,1218,1326
739,736,1218,1327
736,738,1218,1235
740,741,1219,1274
741,738,1219,1275
738,740,1219,1242
152,742,1220,1288
742,743,1220,1280
743,152,1220,1236
152,149,1221,1222
744,149,1222,1256
152,744,1222,1223
745,744,1223,1255
152,745,1223,1224
746,745,1224,1255
152,746,1224,1225
747,746,1225,1254
152,747,1225,1236
140,747,1226,1253
747,141,1226,1237
135,126,1227,1246
126,120,1228,1244
121,714,1229,1230
121,715,1230,1231
121,720,1231,1232
723,720,1232,1674
121,723,1232,1233
121,721,1233,1238
735,731,1234,1667
731,733,1234,1241
733,738,1235,1241
743,747,1236,1237
743,141,1237,1243
120,721,1238,1239
120,727,1239,1240
120,730,1240,1244
731,738,1241,1242
731,740,1242,1248
743,748,1243,1272
748,141,1243,1245
126,730,1244,1246
748,749,1245,1272
749,141,1245,1249
135,730,1246,1247
135,731,1247,1248
135,740,1248,1252
749,740,1249,1273
740,141,1249,1250
740,136,1250,1251
740,134,1251,1252
139,747,1253,1254
139,746,1254,1261
746,744,1255,1256
746,149,1256,1262
149,145,1257,1258
149,146,1258,1262
146,142,1259,1260
146,143,1260,1263
143,746,1261,1263
746,146,1262,1263
51,694,1264,1265
51,693,1265,1270
692,690,1266,1267
692,56,1267,1268
692,52,1268,1269
692,53,1269,1271
53,693,1270,1271
743,749,1272,1273
743,740,1273,1274
743,741,1274,1281
750,738,1275,1325
741,750,1275,1276
751,750,1276,1325
741,751,1276,1277
752,751,1277,1282
741,752,1277,1278
753,752,1278,1282
741,753,1278,1279
754,753,1279,1290
741,754,1279,1281
742,754,1280,1289
754,743,1280,1281
753,751,1282,1283
755,751,1283,1334
753,755,1283,1284
756,755,1284,1482
753,756,1284,1285
757,756,1285,1491
753,757,1285,1286
758,757,1286,1335
753,758,1286,1287
759,758,1287,1335
753,759,1287,1291
151,742,1288,1289
151,754,1289,1290
151,753,1290,1291
151,759,1291,1292
760,759,1292,1436
151,760,1292,1293
761,760,1293,1494
151,761,1293,1298
762,763,1294,1498
763,761,1294,1499
761,762,1294,1295
764,762,1295,1544
761,764,1295,1296
765,764,1296,1300
761,765,1296,1298
150,765,1297,1299
765,151,1297,1298
154,765,1299,1300
154,764,1300,1301
766,764,1301,1544
154,766,1301,1318
767,768,1302,1561
768,766,1302,1555
766,767,1302,1303
769,767,1303,1554
766,769,1303,1319
770,771,1304,1559
771,769,1304,1554
769,770,1304,1305
772,770,1305,1553
769,772,1305,1324
773,774,1306,1817
774,775,1306,1621
775,773,1306,1307
776,773,1307,1816
775,776,1307,1308
777,776,1308,1754
775,777,1308,1309
227,777,1309,1753
775,227,1309,1310
775,228,1310,1320
778,261,1311,1565
228,778,1311,1312
779,778,1312,1564
228,779,1312,1321
780,781,1313,1563
781,779,1313,1564
779,780,1313,1322
223,780,1314,1563
780,224,1314,1322
224,155,1315,1316
224,153,1316,1317
224,154,1317,1318
224,766,1318,1319
224,769,1319,1323
775,772,1320,1553
772,228,1320,1321
772,779,1321,1324
779,224,1322,1323
779,769,1323,1324
751,738,1325,1326
751,739,1326,1334
739,737,1327,1328
782,737,1328,1694
739,782,1328,1329
783,782,1329,1693
739,783,1329,1330
784,783,1330,1692
739,784,1330,1331
785,784,1331,1483
739,785,1331,1332
786,785,1332,1483
739,786,1332,1333
755,786,1333,1482
739,755,1333,1334
759,757,1335,1336
787,757,1336,1490
759,787,1336,1337
788,787,1337,1489
759,788,1337,1338
789,788,1338,1745
759,789,1338,1339
790,789,1339,1744
759,790,1339,1340
791,790,1340,1743
759,791,1340,1341
792,791,1341,1743
759,792,1341,1342
793,792,1342,1742
759,793,1342,1343
794,793,1343,1741
759,794,1343,1344
795,794,1344,1740
759,795,1344,1345
796,795,1345,1739
759,796,1345,1437
797,798,1346,1737
798,796,1346,1738
796,797,1346,1438
799,800,1347,1735
800,801,1347,1736
801,799,1347,1439
802,803,1348,2190
803,804,1348,1732
804,802,1348,1440
805,806,1349,2119
806,802,1349,2189
802,805,1349,1440
807,808,1350,2118
808,805,1350,2119
805,807,1350,1351
809,807,1351,2117
805,809,1351,1441
810,811,1352,2084
811,809,1352,2116
809,810,1352,1353
812,810,1353,2056
809,812,1353,1354
813,812,1354,2056
809,813,1354,1355
814,813,1355,2055
809,814,1355,1441
815,816,1356,2067
816,814,1356,2055
814,815,1356,1357
817,815,1357,2066
814,817,1357,1358
818,817,1358,2054
814,818,1358,1359
819,818,1359,2053
814,819,1359,1360
820,819,1360,2052
814,820,1360,1442
821,822,1361,1933
822,820,1361,-1
820,821,1361,1362
823,821,1362,1932
820,823,1362,1363
824,823,1363,1931
820,824,1363,1364
825,824,1364,1931
820,825,1364,1365
826,825,1365,1930
820,826,1365,1366
827,826,1366,1929
820,827,1366,1367
828,827,1367,1929
820,828,1367,1443
829,830,1368,1927
830,828,1368,1928
828,829,1368,1444
831,832,1369,1926
832,829,1369,1927
829,831,1369,1370
833,831,1370,1925
829,833,1370,1445
834,835,1371,1924
835,833,1371,1925
833,834,1371,1372
836,834,1372,1924
833,836,1372,1373
837,836,1373,1981
833,837,1373,1374
838,837,1374,1923
833,838,1374,1375
839,838,1375,1923
833,839,1375,1376
840,839,1376,1922
833,840,1376,1377
841,840,1377,1922
833,841,1377,1378
842,841,1378,1921
833,842,1378,1379
843,842,1379,1920
833,843,1379,1445
844,845,1380,1919
845,843,1380,1920
843,844,1380,1446
846,847,1381,1918
847,844,1381,1919
844,846,1381,1447
848,849,1382,1917
849,846,1382,1918
846,848,1382,1448
850,851,1383,1963
851,848,1383,1917
848,850,1383,1384
852,850,1384,1916
848,852,1384,1385
853,852,1385,1916
848,853,1385,1386
854,853,1386,1915
848,854,1386,1449
855,856,1387,1913
856,854,1387,1914
854,855,1387,1449
857,858,1388,1960
858,859,1388,1912
859,857,1388,1479
860,861,1389,1973
861,857,1389,1960
857,860,1389,1390
862,860,1390,1959
857,862,1390,1391
863,862,1391,1958
857,863,1391,1480
864,865,1392,1957
865,863,1392,1958
863,864,1392,1393
866,864,1393,1956
863,866,1393,1481
867,868,1394,1955
868,866,1394,1956
866,867,1394,1476
869,870,1395,1953
870,867,1395,1954
867,869,1395,1450
871,872,1396,1951
872,869,1396,1952
869,871,1396,1450
873,874,1397,1949
874,871,1397,1950
871,873,1397,1398
875,873,1398,1948
871,875,1398,1451
876,877,1399,1946
877,875,1399,1947
875,876,1399,1451
878,879,1400,1944
879,876,1400,1945
876,878,1400,1401
880,878,1401,1943
876,880,1401,1467
881,882,1402,1941
882,880,1402,1942
880,881,1402,1452
883,884,1403,-1
884,881,1403,1940
881,883,1403,1404
885,883,1404,1599
881,885,1404,1405
886,885,1405,1598
881,886,1405,1406
887,886,1406,1597
881,887,1406,1407
888,887,1407,1597
881,888,1407,1408
889,888,1408,1596
881,889,1408,1409
890,889,1409,2223
881,890,1409,1410
891,890,1410,2223
881,891,1410,1411
892,891,1411,2222
881,892,1411,1412
893,892,1412,2222
881,893,1412,1413
894,893,1413,2221
881,894,1413,1414
895,894,1414,2220
881,895,1414,1452
896,897,1415,2230
897,895,1415,2220
895,896,1415,1453
898,899,1416,1589
899,896,1416,1590
896,898,1416,1417
900,898,1417,1589
896,900,1417,1418
901,900,1418,1588
896,901,1418,1419
902,901,1419,1587
896,902,1419,1454
903,904,1420,1586
904,902,1420,1587
902,903,1420,1421
905,903,1421,1585
902,905,1421,1422
906,905,1422,2016
902,906,1422,1455
907,908,1423,2015
908,906,1423,2016
906,907,1423,1424
909,907,1424,2014
906,909,1424,1456
910,911,1425,2023
911,909,1425,2014
909,910,1425,1426
912,910,1426,2013
909,912,1426,1457
913,914,1427,1578
914,915,1427,1579
915,913,1427,1428
916,913,1428,1908
915,916,1428,1458
917,918,1429,1911
918,916,1429,1908
916,917,1429,1430
919,917,1430,1907
916,919,1430,1459
920,921,1431,1576
921,919,1431,1906
919,920,1431,1460
922,923,1432,1719
923,924,1432,1709
924,922,1432,1461
925,926,1433,1707
926,927,1433,1708
927,925,1433,1434
928,925,1434,1706
927,928,1434,1463
760,929,1435,1494
929,930,1435,1495
930,760,1435,1436
930,759,1436,1437
930,796,1437,1438
930,797,1438,1464
801,797,1439,1736
797,799,1439,1475
804,805,1440,1465
805,814,1441,1442
805,820,1442,1443
805,828,1443,1444
805,829,1444,1465
829,843,1445,1446
829,844,1446,1447
829,846,1447,1448
829,848,1448,1466
848,855,1449,1471
867,871,1450,1473
871,876,1451,1469
880,895,1452,1453
880,896,1453,1454
880,902,1454,1455
880,906,1455,1456
880,909,1456,1457
880,912,1457,1467
915,912,1458,2012
912,916,1458,1459
912,919,1459,1460
912,920,1460,1474
924,920,1461,1575
920,922,1461,1462
927,922,1462,1708
920,927,1462,1463
920,928,1463,1477
930,928,1464,1495
928,797,1464,1478
804,829,1465,1466
804,848,1466,1468
876,912,1467,1469
804,931,1468,1733
931,848,1468,1470
871,912,1469,1473
931,799,1470,1734
799,848,1470,1471
799,855,1471,1472
859,855,1472,1912
799,859,1472,1475
867,912,1473,1474
867,920,1474,1476
797,859,1475,1478
866,920,1476,1477
866,928,1477,1481
928,859,1478,1479
928,857,1479,1480
928,863,1480,1481
756,786,1482,1492
786,784,1483,1484
932,784,1484,1691
786,932,1484,1485
933,932,1485,1724
786,933,1485,1486
934,933,1486,1723
786,934,1486,1493
935,936,1487,1722
936,934,1487,1723
934,935,1487,1488
937,935,1488,1721
934,937,1488,1493
788,937,1489,1721
937,787,1489,1490
937,757,1490,1491
937,756,1491,1492
937,786,1492,1493
761,929,1494,1499
929,928,1495,1496
938,928,1496,1705
929,938,1496,1497
939,938,1497,1568
929,939,1497,1500
762,939,1498,1545
939,763,1498,1500
763,929,1499,1500
55,419,1501,1502
55,416,1502,1503
55,417,1503,1504
55,414,1504,1505
55,415,1505,1506
55,412,1506,1507
55,413,1507,1508
55,411,1508,1509
55,409,1509,1510
55,410,1510,1528
940,941,1511,1902
941,410,1511,1888
410,940,1511,1529
942,943,1512,1886
943,944,1512,1887
944,942,1512,1540
945,946,1513,1885
946,942,1513,1886
942,945,1513,1538
947,948,1514,1883
948,949,1514,1884
949,947,1514,1530
79,950,1515,1882
950,947,1515,1883
947,79,1515,1516
947,80,1516,1531
80,78,1517,1532
78,74,1518,1519
78,75,1519,1533
75,70,1520,1534
951,71,1521,1989
70,951,1521,1541
67,62,1522,1539
63,59,1523,1524
63,60,1524,1535
60,57,1525,1526
60,58,1526,1536
58,55,1527,1528
58,410,1528,1529
58,940,1529,1537
949,945,1530,1884
945,947,1530,1531
945,80,1531,1532
945,78,1532,1533
945,75,1533,1534
945,70,1534,1538
62,60,1535,1536
62,58,1536,1537
62,940,1537,1539
942,70,1538,1540
67,940,1539,1542
944,70,1540,1541
944,951,1541,1543
67,951,1542,1988
951,940,1542,1543
944,940,1543,1887
766,762,1544,1545
766,939,1545,1546
952,939,1546,1568
766,952,1546,1547
953,952,1547,1628
766,953,1547,1555
954,955,1548,1626
955,956,1548,1627
956,954,1548,1557
957,958,1549,1625
958,954,1549,1626
954,957,1549,1557
959,960,1550,1624
960,957,1550,1625
957,959,1550,1551
961,959,1551,1623
957,961,1551,1552
775,961,1552,1622
957,775,1552,1558
775,770,1553,1558
771,767,1554,1560
768,953,1555,1556
956,953,1556,1627
768,956,1556,1561
956,957,1557,1562
957,770,1558,1559
957,771,1559,1560
957,767,1560,1562
767,956,1561,1562
223,781,1563,1567
781,778,1564,1565
781,261,1565,1566
781,225,1566,1567
952,938,1568,1629
962,963,1569,1704
963,938,1569,1705
938,962,1569,1570
964,962,1570,1704
938,964,1570,1629
965,966,1571,1715
966,964,1571,1716
964,965,1571,1630
967,968,1572,1714
968,965,1572,1715
965,967,1572,1573
969,967,1573,1713
965,969,1573,1631
970,971,1574,1711
971,969,1574,1712
969,970,1574,1631
924,972,1575,1709
972,920,1575,1576
972,921,1576,1656
913,973,1577,1909
973,974,1577,1910
974,913,1577,1578
974,914,1578,1649
975,915,1579,2012
914,975,1579,1632
976,977,1580,2021
977,975,1580,2022
975,976,1580,1632
978,979,1581,2020
979,976,1581,2021
976,978,1581,1633
980,981,1582,2019
981,978,1582,2020
978,980,1582,1664
982,983,1583,2018
983,980,1583,2019
980,982,1583,1584
984,982,1584,2017
980,984,1584,1665
905,984,1585,2017
984,903,1585,1586
984,904,1586,1661
904,901,1587,1588
904,900,1588,1634
900,899,1589,1634
985,896,1590,2229
899,985,1590,1635
986,987,1591,2234
987,985,1591,2229
985,986,1591,1592
988,986,1592,2228
985,988,1592,1593
989,988,1593,2227
985,989,1593,1635
990,991,1594,2225
991,992,1594,2226
992,990,1594,1595
889,990,1595,2224
992,889,1595,1596
992,888,1596,1636
888,886,1597,1598
888,885,1598,1636
993,883,1599,-1
885,993,1599,1600
994,993,1600,2207
885,994,1600,1601
995,994,1601,2206
885,995,1601,1602
996,995,1602,2205
885,996,1602,1603
997,996,1603,2205
885,997,1603,1604
998,997,1604,2204
885,998,1604,1637
999,1000,1605,2203
1000,998,1605,2204
998,999,1605,1638
1001,1002,1606,2202
1002,999,1606,2203
999,1001,1606,1639
1003,1004,1607,1836
1004,1005,1607,2201
1005,1003,1607,1608
1006,1003,1608,1836
1005,1006,1608,1609
1007,1006,1609,1835
1005,1007,1609,1610
1008,1007,1610,1834
1005,1008,1610,1640
1009,1010,1611,1833
1010,1008,1611,1834
1008,1009,1611,1640
1011,1012,1612,1832
1012,1009,1612,1833
1009,1011,1612,1613
1013,1011,1613,1831
1009,1013,1613,1641
1014,1015,1614,1830
1015,1013,1614,1831
1013,1014,1614,1615
1016,1014,1615,1829
1013,1016,1615,1642
1017,1018,1616,1828
1018,1016,1616,1829
1016,1017,1616,1643
1019,1020,1617,1855
1020,1017,1617,1828
1017,1019,1617,1618
1021,1019,1618,1827
1017,1021,1618,1644
1022,1023,1619,1826
1023,1021,1619,1827
1021,1022,1619,1620
1024,1022,1620,1825
1021,1024,1620,1645
774,1025,1621,1811
1025,775,1621,1622
1025,961,1622,1623
1025,959,1623,1624
1025,960,1624,1654
960,958,1625,1646
958,955,1626,1646
955,953,1627,1628
955,952,1628,1647
952,964,1629,1630
952,965,1630,1647
965,970,1631,1648
914,976,1632,1633
914,978,1633,1649
904,899,1634,1657
899,989,1635,1653
992,885,1636,1637
992,998,1637,1638
992,999,1638,1639
992,1001,1639,1650
1005,1009,1640,1641
1005,1013,1641,1642
1005,1016,1642,1643
1005,1017,1643,1644
1005,1021,1644,1645
1005,1024,1645,1658
960,955,1646,1652
955,965,1647,1648
955,970,1648,1652
974,978,1649,1663
992,989,1650,2226
989,1001,1650,1651
1005,1001,1651,2201
989,1005,1651,1653
960,970,1652,1654
899,1005,1653,1657
1025,970,1654,1655
972,970,1655,1710
1025,972,1655,1656
1025,921,1656,1659
904,1005,1657,1658
904,1024,1658,1661
1025,1026,1659,1811
1026,921,1659,1660
974,921,1660,1906
1026,974,1660,1662
984,1024,1661,1665
1026,1024,1662,1812
1024,974,1662,1663
1024,978,1663,1664
1024,980,1664,1665
737,734,1666,1694
734,731,1667,1668
734,732,1668,1695
732,728,1669,1670
732,729,1670,1696
729,726,1671,1672
729,724,1672,1697
725,722,1673,1698
722,720,1674,1675
722,719,1675,1676
722,717,1676,1677
1027,717,1677,2111
722,1027,1677,1698
1028,1029,1678,2123
1029,1027,1678,2110
1027,1028,1678,1679
1030,1028,1679,2122
1027,1030,1679,1699
1031,1032,1680,2121
1032,1030,1680,2122
1030,1031,1680,1681
1033,1031,1681,2187
1030,1033,1681,1682
1034,1033,1682,2192
1030,1034,1682,1683
1035,1034,1683,1730
1030,1035,1683,1684
1036,1035,1684,1730
1030,1036,1684,1685
1037,1036,1685,1748
1030,1037,1685,1686
1038,1037,1686,1729
1030,1038,1686,1687
1039,1038,1687,1728
1030,1039,1687,1688
1040,1039,1688,1728
1030,1040,1688,1689
1041,1040,1689,1727
1030,1041,1689,1690
1042,1041,1690,1726
1030,1042,1690,1700
932,1043,1691,1724
1043,784,1691,1692
1043,783,1692,1693
1043,782,1693,1702
782,734,1694,1695
782,732,1695,1696
782,729,1696,1697
782,724,1697,1702
725,1027,1698,1699
725,1030,1699,1700
725,1042,1700,1701
1043,1042,1701,1725
725,1043,1701,1703
1043,724,1702,1703
964,963,1704,1716
963,928,1705,1706
963,925,1706,1707
963,926,1707,1717
926,922,1708,1718
923,972,1709,1710
923,970,1710,1711
923,971,1711,1712
923,969,1712,1713
923,967,1713,1714
923,968,1714,1719
968,966,1715,1720
966,963,1716,1717
966,926,1717,1718
966,922,1718,1720
922,968,1719,1720
788,935,1721,1722
788,936,1722,1745
936,933,1723,1746
933,1043,1724,1725
933,1042,1725,1726
933,1041,1726,1727
933,1040,1727,1746
1040,1038,1728,1729
1040,1037,1729,1747
1036,1034,1730,1731
1044,1034,1731,2192
1036,1044,1731,1748
803,1044,1732,2191
1044,804,1732,1733
1044,931,1733,1734
1044,799,1734,1735
1044,800,1735,1749
800,797,1736,1737
800,798,1737,1738
800,796,1738,1739
800,795,1739,1740
800,794,1740,1741
800,793,1741,1742
800,792,1742,1750
792,790,1743,1744
792,789,1744,1751
789,936,1745,1752
936,1040,1746,1747
936,1037,1747,1752
1037,1044,1748,1749
1037,800,1749,1750
1037,792,1750,1751
1037,789,1751,1752
226,777,1753,1754
226,776,1754,1755
1045,776,1755,1815
226,1045,1755,1756
1046,1045,1756,1822
226,1046,1756,1757
1047,1046,1757,1846
226,1047,1757,1758
1048,1047,1758,1845
226,1048,1758,1792
1049,1050,1759,1844
1050,1048,1759,1845
1048,1049,1759,1760
1051,1049,1760,1843
1048,1051,1760,1793
1052,1053,1761,1842
1053,1051,1761,1843
1051,1052,1761,1762
1054,1052,1762,1841
1051,1054,1762,1763
1055,1054,1763,1840
1051,1055,1763,1794
1056,1057,1764,1839
1057,1055,1764,1840
1055,1056,1764,1807
1058,1059,1765,1837
1059,1060,1765,1838
1060,1058,1765,1766
1061,1058,1766,2214
1060,1061,1766,1809
1062,1063,1767,2213
1063,1061,1767,2214
1061,1062,1767,1768
1064,1062,1768,2212
1061,1064,1768,1804
1065,1066,1769,2210
1066,1064,1769,2211
1064,1065,1769,1770
1067,1065,1770,2209
1064,1067,1770,1801
258,1068,1771,-1
1068,1067,1771,2208
1067,258,1771,1772
1067,259,1772,1773
1067,260,1773,1774
1067,255,1774,1775
1067,256,1775,1776
1067,257,1776,1795
257,253,1777,1778
257,251,1778,1795
252,250,1779,1797
250,248,1780,1798
248,246,1781,1782
248,243,1782,1783
248,244,1783,1805
244,242,1784,1810
242,238,1785,1786
242,239,1786,1806
239,237,1787,1802
237,235,1788,1799
235,231,1789,1790
235,232,1790,1799
232,230,1791,1800
230,1048,1792,1793
230,1051,1793,1794
230,1055,1794,1803
1067,251,1795,1796
1067,252,1796,1797
1067,250,1797,1798
1067,248,1798,1801
237,232,1799,1800
237,230,1800,1802
1064,248,1801,1804
239,230,1802,1803
239,1055,1803,1806
1061,248,1804,1805
1061,244,1805,1809
242,1055,1806,1807
242,1056,1807,1808
1060,1056,1808,1838
242,1060,1808,1810
1060,244,1809,1810
774,1026,1811,1817
1069,1024,1812,1824
1026,1069,1812,1813
1070,1069,1813,1823
1026,1070,1813,1814
1045,1070,1814,1822
1026,1045,1814,1815
1026,776,1815,1816
1026,773,1816,1817
1071,1072,1818,-46322
1072,1073,1818,-46322
1073,1071,1818,1819
1074,1071,1819,-46322
1073,1074,1819,1820
1075,1074,1820,-46322
1073,1075,1820,1821
1076,1075,1821,-46322
1073,1076,1821,-46322
1046,1070,1822,1823
1046,1069,1823,1824
1046,1024,1824,1825
1046,1022,1825,1826
1046,1023,1826,1847
1023,1019,1827,1848
1020,1018,1828,1849
1018,1014,1829,1830
1018,1015,1830,1849
1015,1011,1831,1832
1015,1012,1832,1850
1012,1010,1833,1850
1010,1007,1834,1835
1010,1006,1835,1851
1006,1004,1836,1852
1058,1004,1837,2215
1004,1059,1837,1852
1059,1056,1838,1839
1059,1057,1839,1853
1057,1054,1840,1841
1057,1052,1841,1842
1057,1053,1842,1858
1053,1049,1843,1844
1053,1050,1844,1854
1050,1047,1845,1846
1050,1046,1846,1847
1050,1023,1847,1848
1050,1019,1848,1854
1020,1015,1849,1856
1015,1010,1850,1851
1015,1006,1851,1857
1006,1059,1852,1853
1006,1057,1853,1857
1053,1019,1854,1855
1053,1020,1855,1856
1053,1015,1856,1858
1015,1057,1857,1858
410,408,1859,1888
408,404,1860,1861
408,405,1861,1889
405,527,1862,1890
527,524,1863,1864
1077,524,1864,2089
527,1077,1864,1890
1078,1079,1865,2094
1079,1080,1865,2095
1080,1078,1865,1866
1081,1078,1866,2136
1080,1081,1866,1892
1082,1083,1867,2199
1083,1081,1867,2135
1081,1082,1867,1904
1084,1085,1868,2198
1085,1082,1868,2199
1082,1084,1868,1893
1086,1087,1869,2239
1087,1084,1869,2198
1084,1086,1869,1893
1088,1089,1870,2237
1089,1086,1870,2238
1086,1088,1870,1871
1090,1088,1871,2249
1086,1090,1871,1872
1091,1090,1872,2047
1086,1091,1872,1894
1092,1093,1873,2046
1093,1091,1873,2047
1091,1092,1873,1874
1094,1092,1874,2045
1091,1094,1874,1875
90,1094,1875,2044
1091,90,1875,1876
1091,87,1876,1877
1091,88,1877,1878
1091,85,1878,1879
1091,86,1879,1895
86,84,1880,1896
84,82,1881,1897
82,950,1882,1898
950,948,1883,1899
948,945,1884,1885
948,946,1885,1900
946,943,1886,1901
943,940,1887,1905
941,408,1888,1889
941,405,1889,1902
405,1077,1890,1891
1080,1077,1891,2095
405,1080,1891,1892
405,1081,1892,1903
1082,1086,1893,1894
1082,1091,1894,1895
1082,86,1895,1896
1082,84,1896,1897
1082,82,1897,1898
1082,950,1898,1899
1082,948,1899,1900
1082,946,1900,1901
1082,943,1901,1904
940,405,1902,1903
940,1081,1903,1905
1081,943,1904,1905
974,919,1906,1907
974,917,1907,1910
918,913,1908,1909
918,973,1909,1911
973,917,1910,1911
858,855,1912,1913
858,856,1913,1914
858,854,1914,1915
858,853,1915,1961
853,850,1916,1962
851,849,1917,1964
849,847,1918,1964
847,845,1919,1965
845,842,1920,1921
845,841,1921,1965
841,839,1922,1979
839,837,1923,1980
836,835,1924,1974
835,831,1925,1926
835,832,1926,1966
832,830,1927,1928
832,828,1928,1966
828,826,1929,1930
828,825,1930,1967
825,823,1931,1932
825,821,1932,1968
1095,822,1933,-1
821,1095,1933,1982
1096,1097,1934,2255
1097,1098,1934,2256
1098,1096,1934,1969
1099,1100,1935,2254
1100,1096,1935,2255
1096,1099,1935,1969
1101,1102,1936,2261
1102,1099,1936,2254
1099,1101,1936,1985
1103,1104,1937,2259
1104,1101,1937,2260
1101,1103,1937,1975
1105,1106,1938,2258
1106,1103,1938,2259
1103,1105,1938,1970
884,1107,1939,-1
1107,1105,1939,2258
1105,884,1939,1940
1105,881,1940,1941
1105,882,1941,1942
1105,880,1942,1943
1105,878,1943,1944
1105,879,1944,1945
1105,876,1945,1946
1105,877,1946,1947
1105,875,1947,1948
1105,873,1948,1949
1105,874,1949,1950
1105,871,1950,1951
1105,872,1951,1952
1105,869,1952,1953
1105,870,1953,1954
1105,867,1954,1955
1105,868,1955,1970
868,864,1956,1957
868,865,1957,1971
865,862,1958,1959
865,860,1959,1972
861,858,1960,1961
861,853,1961,1962
861,850,1962,1963
861,851,1963,1976
851,847,1964,1977
847,841,1965,1978
835,828,1966,1967
835,825,1967,1968
835,821,1968,1974
1098,1099,1969,1984
1103,868,1970,1971
1103,865,1971,1972
1103,860,1972,1973
1103,861,1973,1975
836,821,1974,1981
1101,861,1975,1976
1101,851,1976,1977
1101,847,1977,1978
1101,841,1978,1979
1101,839,1979,1980
1101,837,1980,1985
837,821,1981,1982
837,1095,1982,1983
1098,1095,1983,2256
837,1098,1983,1984
837,1099,1984,1985
72,68,1986,1987
72,66,1987,1990
66,951,1988,1989
66,71,1989,1990
115,110,1991,2006
111,109,1992,2007
109,107,1993,2008
107,103,1994,1995
107,104,1995,1996
1108,104,1996,2035
107,1108,1996,1997
1109,1108,1997,2035
107,1109,1997,1998
1110,1109,1998,2034
107,1110,1998,1999
1111,1110,1999,2033
107,1111,1999,2008
1112,1113,2000,2029
1113,1114,2000,2076
1114,1112,2000,2010
1115,1116,2001,2081
1116,1112,2001,2059
1112,1115,2001,2002
713,1115,2002,2088
1112,713,2002,2003
1112,113,2003,2004
1112,114,2004,2005
1112,115,2005,2006
1112,110,2006,2010
110,109,2007,2011
109,1111,2008,2009
1114,1111,2009,2076
109,1114,2009,2011
1114,110,2010,2011
975,912,2012,2013
975,910,2013,2022
911,907,2014,2015
911,908,2015,2024
908,905,2016,2025
905,982,2017,2018
905,983,2018,2026
983,981,2019,2027
981,979,2020,2028
979,977,2021,2028
977,910,2022,2023
977,911,2023,2024
977,908,2024,2025
977,905,2025,2026
977,983,2026,2027
977,981,2027,2028
1117,1113,2029,2080
1112,1117,2029,2030
1118,1117,2030,2079
1112,1118,2030,2031
1119,1118,2031,2078
1112,1119,2031,2032
1120,1119,2032,2077
1112,1120,2032,2060
1111,1120,2033,2077
1120,1110,2033,2034
1120,1109,2034,2061
1109,104,2035,2036
1109,101,2036,2037
1109,102,2037,2061
102,99,2038,2062
99,96,2039,2040
99,97,2040,2041
99,95,2041,2063
95,93,2042,2043
95,92,2043,2074
89,1094,2044,2045
89,1092,2045,2046
89,1093,2046,2064
1093,1090,2047,2048
1121,1090,2048,2248
1093,1121,2048,2049
1122,1121,2049,2247
1093,1122,2049,2064
1123,1124,2050,2272
1124,1122,2050,-1
1122,1123,2050,2072
820,1125,2051,-1
1125,1126,2051,2273
1126,820,2051,2052
1126,819,2052,2053
1126,818,2053,2054
1126,817,2054,2065
816,813,2055,2067
813,810,2056,2057
1127,810,2057,2083
813,1127,2057,2058
1128,1127,2058,2082
813,1128,2058,2068
1116,1128,2059,2081
1128,1112,2059,2060
1128,1120,2060,2069
1120,102,2061,2062
1120,99,2062,2063
1120,95,2063,2070
89,1122,2064,2071
1126,1123,2065,2272
1123,817,2065,2066
1123,815,2066,2073
815,813,2067,2068
815,1128,2068,2069
815,1120,2069,2070
815,95,2070,2073
91,1122,2071,2072
91,1123,2072,2075
1123,95,2073,2074
1123,92,2074,2075
1113,1111,2076,2080
1111,1119,2077,2078
1111,1118,2078,2079
1111,1117,2079,2080
1115,1128,2081,2082
1115,1127,2082,2083
1115,810,2083,2084
1115,811,2084,2085
1129,811,2085,2116
1115,1129,2085,2086
1130,1129,2086,2109
1115,1130,2086,2087
714,1130,2087,2109
1115,714,2087,2088
1131,524,2089,2107
1077,1131,2089,2090
1132,1131,2090,2106
1077,1132,2090,2091
1133,1132,2091,2105
1077,1133,2091,2096
1134,1135,2092,2139
1135,1133,2092,2104
1133,1134,2092,2097
1136,1137,2093,2127
1137,1134,2093,2139
1134,1136,2093,2098
1078,1136,2094,2127
1136,1079,2094,2098
1079,1077,2095,2096
1079,1133,2096,2097
1079,1134,2097,2098
525,522,2099,2100
525,521,2100,2101
1138,521,2101,2142
525,1138,2101,2102
1139,1138,2102,2142
525,1139,2102,2103
1140,1139,2103,2141
525,1140,2103,2108
1135,1140,2104,2140
1140,1133,2104,2105
1140,1132,2105,2106
1140,1131,2106,2108
1131,525,2107,2108
714,1129,2109,2113
1029,1129,2110,2123
1129,1027,2110,2114
1027,718,2111,2114
718,716,2112,2115
716,1129,2113,2115
1129,718,2114,2115
1129,809,2116,2117
1129,807,2117,2118
1129,808,2118,2124
808,806,2119,2120
1141,806,2120,2188
808,1141,2120,2125
1031,1141,2121,2187
1141,1032,2121,2126
1032,1028,2122,2126
1028,1129,2123,2124
1028,808,2124,2125
1028,1141,2125,2126
1078,1137,2127,2128
1142,1137,2128,2149
1078,1142,2128,2129
1143,1142,2129,2148
1078,1143,2129,2137
1144,1145,2130,2179
1145,1143,2130,2147
1143,1144,2130,2131
1146,1144,2131,2178
1143,1146,2131,2138
1147,1148,2132,2177
1148,1146,2132,2178
1146,1147,2132,2133
1149,1147,2133,2176
1146,1149,2133,2134
1150,1149,2134,2193
1146,1150,2134,2138
1083,1150,2135,2193
1150,1081,2135,2136
1150,1078,2136,2137
1150,1143,2137,2138
1137,1135,2139,2140
1137,1140,2140,2141
1137,1139,2141,2149
1139,521,2142,2143
1139,519,2143,2144
1139,520,2144,2145
1151,520,2145,2150
1139,1151,2145,2146
1145,1151,2146,2179
1139,1145,2146,2147
1139,1143,2147,2148
1139,1142,2148,2149
1151,518,2150,2151
1151,517,2151,2152
1151,515,2152,2153
1151,516,2153,2180
516,514,2154,2155
516,511,2155,2156
516,512,2156,2181
512,510,2157,2182
510,507,2158,2159
510,505,2159,2160
510,506,2160,2183
506,503,2161,2162
1152,503,2162,-1
506,1152,2162,2163
1153,1152,2163,2270
506,1153,2163,2164
1154,1153,2164,2270
506,1154,2164,2165
1155,1154,2165,2265
506,1155,2165,2166
1156,1155,2166,2244
506,1156,2166,2167
1157,1156,2167,2243
506,1157,2167,2168
1158,1157,2168,2242
506,1158,2168,2169
1159,1158,2169,2241
506,1159,2169,2170
1160,1159,2170,2241
506,1160,2170,2171
1161,1160,2171,2240
506,1161,2171,2184
1162,1163,2172,2236
1163,1161,2172,2240
1161,1162,2172,2173
1164,1162,2173,2235
1161,1164,2173,2174
1165,1164,2174,2196
1161,1165,2174,2175
1166,1165,2175,2195
1161,1166,2175,2185
1149,1166,2176,2194
1166,1147,2176,2177
1166,1148,2177,2186
1148,1144,2178,2186
1144,1151,2179,2180
1144,516,2180,2181
1144,512,2181,2182
1144,510,2182,2183
1144,506,2183,2184
1144,1161,2184,2185
1144,1166,2185,2186
1033,1141,2187,2188
1033,806,2188,2189
1033,802,2189,2190
1033,803,2190,2191
1033,1044,2191,2192
1083,1149,2193,2194
1083,1166,2194,2195
1083,1165,2195,2196
1083,1164,2196,2197
1087,1164,2197,2235
1083,1087,2197,2200
1087,1085,2198,2200
1085,1083,2199,2200
1004,1001,2201,2202
1004,1002,2202,2216
1002,1000,2203,2217
1000,997,2204,2218
997,995,2205,2206
997,994,2206,2219
1068,993,2207,-1
994,1068,2207,2208
994,1067,2208,2209
994,1065,2209,2210
994,1066,2210,2211
994,1064,2211,2212
994,1062,2212,2213
994,1063,2213,2219
1063,1058,2214,2215
1063,1004,2215,2216
1063,1002,2216,2217
1063,1000,2217,2218
1063,997,2218,2219
897,894,2220,2221
897,893,2221,2231
893,891,2222,2232
891,889,2223,2224
891,990,2224,2225
891,991,2225,2232
991,989,2226,2227
991,988,2227,2228
991,986,2228,2233
987,896,2229,2230
987,897,2230,2231
987,893,2231,2234
893,991,2232,2233
893,986,2233,2234
1087,1162,2235,2236
1087,1163,2236,2239
1088,1163,2237,2250
1163,1089,2237,2238
1163,1086,2238,2239
1163,1160,2240,2251
1160,1158,2241,2242
1160,1157,2242,2243
1160,1156,2243,2252
1167,1155,2244,2265
1156,1167,2244,2253
1168,1169,2245,2268
1169,1167,2245,2269
1167,1168,2245,2253
1122,1170,2246,-1
1170,1168,2246,2267
1168,1122,2246,2247
1168,1121,2247,2248
1168,1090,2248,2249
1168,1088,2249,2250
1168,1163,2250,2251
1168,1160,2251,2252
1168,1156,2252,2253
1102,1100,2254,2262
1100,1097,2255,2263
1097,1095,2256,2257
1107,1095,2257,-1
1097,1107,2257,2264
1107,1106,2258,2264
1106,1104,2259,2260
1106,1101,2260,2261
1106,1102,2261,2262
1106,1100,2262,2263
1106,1097,2263,2264
1167,1154,2265,2266
1171,1154,2266,2271
1167,1171,2266,2269
1170,1171,2267,-1
1171,1168,2267,2268
1171,1169,2268,2269
1154,1152,2270,2271
1171,1152,2271,-1
1126,1124,2272,2273
1125,1124,2273,-1