0,1,0,368
1,2,0,-1
2,0,0,1
3,0,1,367
2,3,1,2
4,3,2,367
2,4,2,3
5,4,3,366
2,5,3,4
6,5,4,365
2,6,4,5
7,6,5,364
2,7,5,143
8,9,6,363
9,7,6,364
7,8,6,144
10,11,7,392
11,12,7,362
12,10,7,8
13,10,8,361
12,13,8,9
14,13,9,360
12,14,9,146
15,16,10,358
16,14,10,359
14,15,10,11
17,15,11,357
14,17,11,147
18,19,12,353
19,20,12,354
20,18,12,150
21,22,13,352
22,18,13,353
18,21,13,151
23,24,14,350
24,21,14,351
21,23,14,233
25,26,15,348
26,23,15,349
23,25,15,228
27,28,16,346
28,25,16,347
25,27,16,17
29,27,17,345
25,29,17,222
30,31,18,342
31,32,18,343
32,30,18,19
33,30,19,341
32,33,19,20
34,33,20,418
32,34,20,21
35,34,21,685
32,35,21,22
36,35,22,684
32,36,22,23
37,36,23,683
32,37,23,152
38,39,24,682
39,37,24,683
37,38,24,153
40,41,25,680
41,42,25,681
42,40,25,155
43,44,26,678
44,40,26,679
40,43,26,156
45,46,27,677
46,43,27,678
43,45,27,157
47,48,28,675
48,45,28,676
45,47,28,29
49,47,29,674
45,49,29,30
50,49,30,673
45,50,30,158
51,52,31,671
52,50,31,672
50,51,31,159
53,54,32,667
54,55,32,668
55,53,32,33
56,53,33,666
55,56,33,160
57,58,34,664
58,56,34,665
56,57,34,35
59,57,35,663
56,59,35,225
60,61,36,661
61,59,36,662
59,60,36,161
62,63,37,659
63,60,37,660
60,62,37,38
64,62,38,807
60,64,38,39
65,64,39,795
60,65,39,40
66,65,40,829
60,66,40,41
67,66,41,829
60,67,41,42
68,67,42,839
60,68,42,43
69,68,43,828
60,69,43,44
70,69,44,827
60,70,44,45
71,70,45,826
60,71,45,46
72,71,46,825
60,72,46,47
73,72,47,825
60,73,47,48
74,73,48,824
60,74,48,161
75,76,49,823
76,74,49,824
74,75,49,50
77,75,50,822
74,77,50,162
78,79,51,821
79,77,51,822
77,78,51,163
80,81,52,820
81,78,52,821
78,80,52,164
82,83,53,819
83,80,53,820
80,82,53,54
84,82,54,818
80,84,54,165
85,86,55,-1
86,84,55,818
84,85,55,56
87,85,56,600
84,87,56,57
88,87,57,599
84,88,57,58
89,88,58,598
84,89,58,166
90,91,59,597
91,89,59,598
89,90,59,167
92,93,60,596
93,90,60,597
90,92,60,168
94,95,61,593
95,96,61,594
96,94,61,170
97,98,62,591
98,99,62,592
99,97,62,172
100,101,63,589
101,102,63,590
102,100,63,174
103,104,64,588
104,100,64,589
100,103,64,175
105,106,65,587
106,103,65,588
103,105,65,176
107,108,66,586
108,105,66,587
105,107,66,177
109,110,67,585
110,107,67,586
107,109,67,178
111,112,68,584
112,109,68,585
109,111,68,69
113,111,69,583
109,113,69,179
114,115,70,580
115,116,70,581
116,114,70,182
117,118,71,579
118,114,71,580
114,117,71,72
119,117,72,578
114,119,72,183
120,121,73,576
121,122,73,577
122,120,73,185
123,124,74,575
124,120,74,576
120,123,74,186
125,126,75,573
126,127,75,574
127,125,75,76
128,125,76,572
127,128,76,188
129,130,77,570
130,131,77,571
131,129,77,78
132,129,78,569
131,132,78,190
133,134,79,567
134,135,79,568
135,133,79,192
136,137,80,566
137,133,80,567
133,136,80,81
138,136,81,565
133,138,81,193
139,140,82,562
140,141,82,563
141,139,82,196
142,143,83,623
143,144,83,561
144,142,83,84
145,142,84,560
144,145,84,85
146,145,85,559
144,146,85,198
147,148,86,557
148,149,86,558
149,147,86,87
150,147,87,556
149,150,87,200
151,152,88,553
152,153,88,554
153,151,88,89
154,151,89,552
153,154,89,203
155,156,90,551
156,154,90,552
154,155,90,204
157,158,91,-1
158,155,91,551
155,157,91,92
159,157,92,269
155,159,92,93
160,159,93,268
155,160,93,94
161,160,94,267
155,161,94,95
162,161,95,266
155,162,95,96
163,162,96,265
155,163,96,97
164,163,97,264
155,164,97,98
165,164,98,263
155,165,98,99
166,165,99,262
155,166,99,100
167,166,100,261
155,167,100,205
168,169,101,259
169,167,101,260
167,168,101,102
170,168,102,258
167,170,102,206
171,172,103,256
172,170,103,257
170,171,103,104
173,171,104,255
170,173,104,105
174,173,105,254
170,174,105,207
175,176,106,252
176,174,106,253
174,175,106,208
177,178,107,250
178,175,107,251
175,177,107,226
179,180,108,248
180,177,108,249
177,179,108,209
181,182,109,246
182,179,109,247
179,181,109,209
183,184,110,244
184,181,110,245
181,183,110,111
185,183,111,286
181,185,111,112
186,185,112,502
181,186,112,113
187,186,113,502
181,187,113,114
188,187,114,501
181,188,114,115
189,188,115,500
181,189,115,116
190,189,116,499
181,190,116,117
191,190,117,498
181,191,117,118
192,191,118,498
181,192,118,119
193,192,119,497
181,193,119,210
194,195,120,496
195,193,120,497
193,194,120,121
196,194,121,495
193,196,121,211
197,198,122,514
198,199,122,494
199,197,122,123
200,197,123,493
199,200,123,124
201,200,124,492
199,201,124,125
202,201,125,491
199,202,125,212
203,204,126,512
204,202,126,491
202,203,126,127
205,203,127,490
202,205,127,128
206,205,128,489
202,206,128,129
207,206,129,488
202,207,129,213
208,209,130,486
209,207,130,487
207,208,130,131
210,208,131,485
207,210,131,213
211,212,132,481
212,213,132,482
213,211,132,214
214,215,133,315
215,211,133,480
211,214,133,134
216,214,134,314
211,216,134,135
217,216,135,313
211,217,135,215
218,219,136,311
219,217,136,312
217,218,136,216
220,221,137,309
221,218,137,310
218,220,137,138
222,220,138,308
218,222,138,217
223,224,139,306
224,222,139,307
222,223,139,140
225,223,140,305
222,225,140,218
226,227,141,302
227,228,141,303
228,226,141,142
2,226,142,301
228,2,142,143
228,7,143,144
228,8,144,145
12,8,145,362
228,12,145,146
228,14,146,147
228,17,147,148
229,17,148,356
228,229,148,149
230,229,149,355
228,230,149,220
20,230,150,354
230,18,150,151
230,21,151,221
32,29,152,344
29,37,152,153
29,38,153,154
42,38,154,681
29,42,154,155
29,40,155,156
29,43,156,157
29,45,157,158
29,50,158,159
29,51,159,222
55,231,160,669
231,56,160,224
59,74,161,162
59,77,162,163
59,78,163,164
59,80,164,165
59,84,165,166
59,89,166,167
59,90,167,168
59,92,168,169
96,92,169,595
59,96,169,170
59,94,170,171
99,94,171,592
59,99,171,172
59,97,172,173
102,97,173,590
59,102,173,174
59,100,174,175
59,103,175,176
59,105,176,177
59,107,177,178
59,109,178,179
59,113,179,180
232,113,180,582
59,232,180,181
116,232,181,581
59,116,181,182
59,114,182,183
59,119,183,184
122,119,184,577
59,122,184,185
59,120,185,186
59,123,186,187
127,123,187,574
59,127,187,188
59,128,188,189
131,128,189,571
59,131,189,190
59,132,190,191
135,132,191,568
59,135,191,192
59,133,192,193
59,138,193,194
233,138,194,564
59,233,194,195
141,233,195,563
59,141,195,196
59,139,196,197
144,139,197,561
59,144,197,198
59,146,198,199
149,146,199,558
59,149,199,200
59,150,200,201
234,150,201,555
59,234,201,202
153,234,202,554
59,153,202,203
59,154,203,204
59,155,204,205
59,167,205,206
59,170,206,207
59,174,207,208
59,175,208,229
177,181,209,210
177,193,210,211
177,196,211,226
199,196,212,494
196,202,212,230
202,210,213,231
213,235,214,482
235,211,214,215
235,217,215,216
235,218,216,217
235,222,217,218
235,225,218,219
228,225,219,304
235,228,219,220
235,230,220,221
235,21,221,227
25,51,222,223
231,51,223,670
25,231,223,224
25,56,224,225
25,59,225,228
175,196,226,229
235,236,227,483
236,21,227,232
23,59,228,234
59,196,229,230
59,202,230,231
59,210,231,234
236,210,232,484
210,21,232,233
210,23,233,234
237,238,235,292
238,239,235,-1
239,237,235,236
240,237,236,291
239,240,236,237
241,240,237,291
239,241,237,238
242,241,238,290
239,242,238,239
243,242,239,290
239,243,239,240
244,243,240,289
239,244,240,241
245,244,241,288
239,245,241,242
246,245,242,288
239,246,242,243
183,246,243,287
239,183,243,244
239,184,244,245
239,181,245,246
239,182,246,247
239,179,247,248
239,180,248,249
239,177,249,250
239,178,250,251
239,175,251,252
239,176,252,253
239,174,253,254
239,173,254,255
239,171,255,256
239,172,256,257
239,170,257,258
239,168,258,259
239,169,259,260
239,167,260,261
239,166,261,262
239,165,262,263
239,164,263,264
239,163,264,265
239,162,265,266
239,161,266,267
239,160,267,268
239,159,268,269
239,157,269,-1
247,248,270,300
248,238,270,-1
238,247,270,271
249,247,271,299
238,249,271,272
250,249,272,299
238,250,272,292
251,252,273,318
252,250,273,298
250,251,273,274
253,251,274,317
250,253,274,275
254,253,275,316
250,254,275,276
215,254,276,315
250,215,276,277
255,215,277,480
250,255,277,278
256,255,278,509
250,256,278,279
257,256,279,509
250,257,279,280
258,257,280,508
250,258,280,281
259,258,281,507
250,259,281,282
260,259,282,506
250,260,282,283
261,260,283,505
250,261,283,284
262,261,284,504
250,262,284,285
185,262,285,503
250,185,285,286
250,183,286,287
250,246,287,293
246,244,288,289
246,243,289,293
243,241,290,294
241,237,291,295
237,250,292,295
250,243,293,294
250,241,294,295
263,264,296,319
264,248,296,-1
248,263,296,297
252,263,297,318
248,252,297,298
248,250,298,300
250,247,299,300
2,264,301,-1
264,226,301,302
264,227,302,303
264,228,303,304
264,225,304,305
264,223,305,306
264,224,306,307
264,222,307,308
264,220,308,309
264,221,309,310
264,218,310,311
264,219,311,312
264,217,312,313
264,216,313,314
264,214,314,320
214,254,315,316
214,253,316,317
214,251,317,320
251,263,318,319
251,264,319,320
265,266,321,444
266,1,321,-1
1,265,321,368
267,268,322,443
268,265,322,444
265,267,322,369
269,270,323,442
270,267,323,443
267,269,323,370
271,272,324,441
272,269,324,442
269,271,324,371
273,274,325,439
274,275,325,440
275,273,325,373
276,277,326,437
277,273,326,438
273,276,326,374
278,279,327,435
279,280,327,436
280,278,327,376
281,282,328,462
282,283,328,434
283,281,328,329
284,281,329,433
283,284,329,330
285,284,330,432
283,285,330,378
286,287,331,430
287,288,331,431
288,286,331,380
289,290,332,429
290,286,332,430
286,289,332,381
291,292,333,428
292,289,333,429
289,291,333,334
293,291,334,427
289,293,334,381
294,295,335,457
295,293,335,427
293,294,335,336
296,294,336,426
293,296,336,337
297,296,337,425
293,297,337,382
298,299,338,422
299,300,338,423
300,298,338,383
301,302,339,421
302,298,339,422
298,301,339,384
33,303,340,419
303,301,340,420
301,33,340,341
301,30,341,342
301,31,342,343
301,32,343,344
301,29,344,345
301,27,345,346
301,28,346,347
301,25,347,348
301,26,348,349
301,23,349,350
301,24,350,351
301,21,351,352
301,22,352,385
22,19,353,386
19,230,354,355
19,229,355,356
19,17,356,357
19,15,357,358
19,16,358,359
19,14,359,360
19,13,360,361
19,10,361,391
11,8,362,363
11,9,363,393
9,6,364,365
9,5,365,366
9,4,366,387
4,0,367,387
0,265,368,369
0,267,369,370
0,269,370,371
0,271,371,372
275,271,372,440
0,275,372,373
0,273,373,374
0,276,374,375
280,276,375,436
0,280,375,376
0,278,376,377
283,278,377,434
0,283,377,378
0,285,378,379
288,285,379,431
0,288,379,380
0,286,380,388
286,293,381,382
286,297,382,389
300,304,383,423
304,298,383,384
304,301,384,385
304,22,385,386
304,19,386,390
9,0,387,388
9,286,388,389
9,297,389,393
304,297,390,424
297,19,390,391
297,10,391,392
297,11,392,393
305,306,394,479
306,266,394,-1
266,305,394,395
307,305,395,478
266,307,395,396
308,307,396,477
266,308,396,397
309,308,397,476
266,309,397,445
310,311,398,474
311,309,398,475
309,310,398,399
312,310,399,473
309,312,399,446
313,314,400,471
314,312,400,472
312,313,400,447
315,316,401,469
316,313,401,470
313,315,401,402
317,315,402,468
313,317,402,403
318,317,403,-1
313,318,403,404
319,318,404,518
313,319,404,405
320,319,405,541
313,320,405,448
321,322,406,550
322,320,406,541
320,321,406,407
323,321,407,540
320,323,407,449
324,325,408,539
325,323,408,540
323,324,408,409
326,324,409,538
323,326,409,450
327,328,410,536
328,329,410,537
329,327,410,452
330,331,411,534
331,327,411,535
327,330,411,453
332,333,412,651
333,330,412,533
330,332,412,413
334,332,413,650
330,334,413,414
335,334,414,649
330,335,414,415
336,335,415,648
330,336,415,416
337,336,416,647
330,337,416,417
338,337,417,646
330,338,417,453
34,338,418,646
338,33,418,419
338,303,419,420
338,301,420,421
338,302,421,454
302,299,422,455
299,304,423,424
299,297,424,425
299,296,425,426
299,294,426,456
295,291,427,428
295,292,428,458
292,290,429,459
290,287,430,460
287,285,431,432
287,284,432,433
287,281,433,461
282,278,434,435
282,279,435,463
279,276,436,437
279,277,437,438
279,273,438,439
279,274,439,464
274,271,440,441
274,272,441,465
272,270,442,466
270,268,443,467
268,266,444,445
268,309,445,446
268,312,446,447
268,313,447,448
268,320,448,449
268,323,449,450
268,326,450,451
329,326,451,537
268,329,451,452
268,327,452,467
327,338,453,454
327,302,454,455
327,299,455,456
327,294,456,457
327,295,457,458
327,292,458,459
327,290,459,460
327,287,460,461
327,281,461,462
327,282,462,463
327,279,463,464
327,274,464,465
327,272,465,466
327,270,466,467
317,339,468,-1
339,315,468,469
339,316,469,470
339,313,470,471
339,314,471,472
339,312,472,473
339,310,473,474
339,311,474,475
339,309,475,476
339,308,476,477
339,307,477,478
339,305,478,479
339,306,479,-1
255,211,480,481
255,212,481,510
212,235,482,483
212,236,483,484
212,210,484,485
212,208,485,486
212,209,486,487
212,207,487,488
212,206,488,489
212,205,489,490
212,203,490,511
204,201,491,492
204,200,492,493
204,197,493,513
198,196,494,495
198,194,495,496
198,195,496,515
195,192,497,516
192,190,498,499
192,189,499,500
192,188,500,501
192,187,501,517
187,185,502,503
187,262,503,504
187,261,504,505
187,260,505,506
187,259,506,507
187,258,507,508
187,257,508,517
257,255,509,510
257,212,510,511
257,203,511,512
257,204,512,513
257,197,513,514
257,198,514,515
257,195,515,516
257,192,516,517
340,318,518,-1
319,340,518,519
341,340,519,780
319,341,519,520
342,341,520,804
319,342,520,521
343,342,521,803
319,343,521,522
344,343,522,802
319,344,522,523
345,344,523,801
319,345,523,542
346,347,524,799
347,345,524,800
345,346,524,525
62,346,525,805
345,62,525,526
348,62,526,658
345,348,526,543
349,350,527,657
350,348,527,658
348,349,527,528
351,349,528,656
348,351,528,544
352,353,529,654
353,354,529,655
354,352,529,546
355,356,530,653
356,352,530,654
352,355,530,547
357,358,531,652
358,355,531,653
355,357,531,532
333,357,532,651
355,333,532,533
355,330,533,534
355,331,534,535
355,327,535,536
355,328,536,548
328,326,537,538
328,324,538,539
328,325,539,549
325,321,540,549
322,319,541,542
322,345,542,543
322,348,543,544
322,351,544,545
354,351,545,655
322,354,545,546
322,352,546,547
322,355,547,548
322,328,548,550
328,321,549,550
158,156,551,619
156,151,552,553
156,152,553,620
152,234,554,555
152,150,555,556
152,147,556,557
152,148,557,621
148,146,558,559
148,145,559,560
148,142,560,622
143,139,561,562
143,140,562,624
140,233,563,564
140,138,564,565
140,136,565,566
140,137,566,625
137,134,567,626
134,132,568,569
134,129,569,570
134,130,570,627
130,128,571,572
130,125,572,573
130,126,573,628
126,123,574,575
126,124,575,629
124,121,576,630
121,119,577,578
121,117,578,579
121,118,579,631
118,115,580,632
115,232,581,582
115,113,582,583
115,111,583,584
115,112,584,633
112,110,585,634
110,108,586,635
108,106,587,636
106,104,588,637
104,101,589,638
101,97,590,591
101,98,591,639
98,94,592,593
98,95,593,594
98,96,594,595
98,92,595,596
98,93,596,640
93,91,597,641
91,88,598,599
91,87,599,600
91,85,600,601
359,85,601,-1
91,359,601,602
360,359,602,855
91,360,602,603
361,360,603,854
91,361,603,604
362,361,604,854
91,362,604,605
363,362,605,853
91,363,605,606
364,363,606,852
91,364,606,607
365,364,607,852
91,365,607,608
366,365,608,851
91,366,608,609
367,366,609,850
91,367,609,610
368,367,610,849
91,368,610,642
369,370,611,848
370,368,611,849
368,369,611,642
371,372,612,846
372,369,612,847
369,371,612,643
373,374,613,845
374,371,613,846
371,373,613,614
375,373,614,844
371,375,614,615
376,375,615,843
371,376,615,644
377,378,616,841
378,379,616,842
379,377,616,617
380,377,617,841
379,380,617,618
158,380,618,-1
379,158,618,619
379,156,619,620
379,152,620,621
379,148,621,622
379,142,622,623
379,143,623,624
379,140,624,625
379,137,625,626
379,134,626,627
379,130,627,628
379,126,628,629
379,124,629,630
379,121,630,631
379,118,631,632
379,115,632,633
379,112,633,634
379,110,634,635
379,108,635,636
379,106,636,637
379,104,637,638
379,101,638,639
379,98,639,640
379,93,640,641
379,91,641,645
91,369,642,643
91,371,643,644
91,376,644,645
379,376,645,842
34,337,646,647
34,336,647,648
34,335,648,649
34,334,649,650
34,332,650,686
332,357,651,652
332,358,652,687
358,356,653,688
356,353,654,689
353,351,655,656
353,349,656,657
353,350,657,690
350,62,658,659
350,63,659,660
350,60,660,661
350,61,661,662
350,59,662,663
350,57,663,664
350,58,664,665
350,56,665,666
350,53,666,667
350,54,667,668
350,55,668,669
350,231,669,670
350,51,670,671
350,52,671,672
350,50,672,673
350,49,673,674
350,47,674,675
350,48,675,676
350,45,676,677
350,46,677,691
46,44,678,679
46,40,679,680
46,41,680,692
41,38,681,682
41,39,682,692
39,36,683,684
39,35,684,685
39,34,685,686
39,332,686,687
39,358,687,688
39,356,688,689
39,353,689,690
39,350,690,691
39,46,691,692
381,382,693,-29154
382,383,693,-29154
383,381,693,694
384,381,694,-29154
383,384,694,695
385,384,695,-29154
383,385,695,696
386,385,696,-29154
383,386,696,706
387,388,697,-29154
388,386,697,-29154
386,387,697,698
389,387,698,-29154
386,389,698,706
390,391,699,-29154
391,389,699,-29154
389,390,699,700
392,390,700,-29154
389,392,700,701
393,392,701,-29154
389,393,701,702
394,393,702,-29154
389,394,702,703
395,394,703,-29154
389,395,703,704
396,395,704,-29154
389,396,704,705
383,396,705,-29154
389,383,705,706
397,398,707,-29154
398,399,707,-29154
399,397,707,753
400,401,708,-29154
401,402,708,-29154
402,400,708,755
403,404,709,-29154
404,400,709,-29154
400,403,709,710
405,403,710,-29154
400,405,710,711
406,405,711,-29154
400,406,711,756
407,408,712,-29154
408,406,712,-29154
406,407,712,713
409,407,713,-29154
406,409,713,714
410,409,714,-29154
406,410,714,757
411,412,715,-29154
412,410,715,-29154
410,411,715,758
413,414,716,-29154
414,415,716,-29154
415,413,716,777
416,417,717,-29154
417,418,717,-29154
418,416,717,718
419,416,718,-29154
418,419,718,760
420,421,719,-29154
421,419,719,-29154
419,420,719,720
422,420,720,-29154
419,422,720,761
423,424,721,-29154
424,422,721,-29154
422,423,721,762
425,426,722,-29154
426,423,722,-29154
423,425,722,778
427,428,723,-29154
428,429,723,-29154
429,427,723,724
430,427,724,-29154
429,430,724,725
431,430,725,-29154
429,431,725,726
432,431,726,-29154
429,432,726,763
433,434,727,-29154
434,432,727,-29154
432,433,727,728
435,433,728,-29154
432,435,728,764
436,437,729,-29154
437,435,729,-29154
435,436,729,730
438,436,730,-29154
435,438,730,731
439,438,731,-29154
435,439,731,765
440,441,732,-29154
441,439,732,-29154
439,440,732,766
442,443,733,-29154
443,440,733,-29154
440,442,733,767
444,445,734,-29154
445,442,734,-29154
442,444,734,768
446,447,735,-29154
447,444,735,-29154
444,446,735,736
448,446,736,-29154
444,448,736,737
449,448,737,-29154
444,449,737,738
450,449,738,-29154
444,450,738,739
451,450,739,-29154
444,451,739,740
452,451,740,-29154
444,452,740,769
453,454,741,-29154
454,452,741,-29154
452,453,741,742
455,453,742,-29154
452,455,742,770
456,457,743,-29154
457,455,743,-29154
455,456,743,744
458,456,744,-29154
455,458,744,745
459,458,745,-29154
455,459,745,771
460,461,746,-29154
461,459,746,-29154
459,460,746,772
462,463,747,-29154
463,460,747,-29154
460,462,747,773
464,465,748,-29154
465,462,748,-29154
462,464,748,749
466,464,749,-29154
462,466,749,774
467,468,750,-29154
468,466,750,-29154
466,467,750,751
469,467,751,-29154
466,469,751,775
470,471,752,-29154
471,469,752,-29154
469,470,752,776
399,470,753,-29154
470,397,753,754
402,397,754,-29154
470,402,754,755
470,400,755,756
470,406,756,757
470,410,757,758
470,411,758,759
415,411,759,-29154
470,415,759,779
418,413,760,-29154
413,419,760,761
413,422,761,762
413,423,762,777
429,425,763,-29154
425,432,763,764
425,435,764,765
425,439,765,766
425,440,766,767
425,442,767,768
425,444,768,769
425,452,769,770
425,455,770,771
425,459,771,772
425,460,772,773
425,462,773,774
425,466,774,775
425,469,775,776
425,470,776,778
415,423,777,779
423,470,778,779
472,340,780,-1
341,472,780,804
473,474,781,816
474,472,781,-1
472,473,781,782
475,473,782,815
472,475,782,783
476,475,783,814
472,476,783,784
477,476,784,813
472,477,784,785
478,477,785,813
472,478,785,786
479,478,786,812
472,479,786,787
480,479,787,811
472,480,787,788
481,480,788,810
472,481,788,789
482,481,789,810
472,482,789,790
483,482,790,809
472,483,790,791
484,483,791,809
472,484,791,792
485,484,792,808
472,485,792,793
486,485,793,808
472,486,793,794
65,486,794,830
472,65,794,795
472,64,795,796
487,64,796,807
472,487,796,797
488,487,797,806
472,488,797,798
346,488,798,805
472,346,798,799
472,347,799,800
472,345,800,801
472,344,801,802
472,343,802,803
472,342,803,804
62,488,805,806
62,487,806,807
486,484,808,831
484,482,809,831
482,480,810,811
482,479,811,812
482,478,812,832
478,476,813,814
478,475,814,815
478,473,815,816
478,474,816,817
86,474,817,-1
478,86,817,833
86,82,818,819
86,83,819,833
83,81,820,834
81,79,821,835
79,75,822,823
79,76,823,836
76,73,824,837
73,71,825,826
73,70,826,827
73,69,827,828
73,68,828,838
67,65,829,830
67,486,830,839
486,482,831,832
486,478,832,840
478,83,833,834
478,81,834,835
478,79,835,836
478,76,836,837
478,73,837,838
478,68,838,840
68,486,839,840
380,378,841,857
378,376,842,843
378,375,843,844
378,373,844,845
378,374,845,858
374,372,846,847
374,369,847,848
374,370,848,859
370,367,849,850
370,366,850,851
370,365,851,860
365,363,852,853
365,362,853,861
362,360,854,855
362,359,855,856
489,359,856,-1
362,489,856,861
380,489,857,-1
489,378,857,858
489,374,858,859
489,370,859,860
489,365,860,861