0,1,2,1,1,1,28752
3,2,4,1,0,1
5,4,6,1,0,1
7,6,8,1,0,1
9,8,10,1,0,1
11,12,13,1,1,1,31056
14,13,15,1,0,1
16,15,17,1,0,1
18,17,19,1,0,1
20,19,21,1,0,1
22,21,23,1,0,1
24,23,25,1,0,1
26,25,27,1,0,1
28,27,29,1,0,1
30,29,31,1,0,1
32,31,33,1,0,1
9,34,35,0,1,1
7,35,36,0,0,1
5,36,37,0,0,1
3,37,38,0,0,1
0,38,33,0,0,0
39,40,41,1,1,1,30976
42,41,43,1,0,1
44,45,46,1,1,1
47,48,49,1,1,1
50,51,52,1,1,1
53,54,55,1,1,1
56,55,57,1,0,1
58,57,59,1,0,1
60,61,62,1,1,1
63,64,65,1,1,1
66,67,68,1,1,1
69,68,70,1,0,1
71,72,73,1,1,1
74,73,75,1,0,1
76,75,77,1,0,1
78,77,79,1,0,1
80,79,81,1,0,1
82,81,83,1,0,1
84,83,85,1,0,1
86,85,87,1,0,1
88,87,89,1,0,1
90,89,91,1,0,1
92,91,93,1,0,1
94,93,95,1,0,1
96,95,97,1,0,1
98,97,99,1,0,1
100,99,101,1,0,1
102,101,103,1,0,1
104,103,105,1,0,1
106,105,107,1,0,1
108,107,109,1,0,1
110,109,111,1,0,1
112,111,113,1,0,1
114,113,115,1,0,1
116,115,117,1,0,1
118,119,120,1,1,1
121,120,122,1,0,1
123,124,125,1,1,1
126,127,128,1,1,1
129,128,130,1,0,1
131,130,132,1,0,1
133,134,135,1,1,1
136,135,137,1,0,1
138,139,140,1,1,1
141,142,143,1,1,1
144,143,145,1,0,1
146,147,148,1,1,1
149,148,150,1,0,1
18,150,151,0,0,1
16,151,152,0,0,1
14,152,153,0,0,1
11,153,154,0,0,1
43,154,155,0,0,1
46,155,156,0,0,1
49,156,157,0,0,1
52,157,158,0,0,1
59,158,159,0,0,1
62,159,160,0,0,1
65,160,161,0,0,1
70,161,162,0,0,1
117,162,163,0,0,1
122,163,164,0,0,1
132,125,165,0,0,1
140,137,166,0,0,1
145,166,167,0,0,1
164,167,165,0,0,0
168,169,170,1,1,1,29696
171,172,173,1,1,1
174,175,176,1,1,1
177,176,178,1,0,1
179,178,180,1,0,1
181,180,182,1,0,1
183,182,184,1,0,1
185,184,186,1,0,1
187,186,188,1,0,1
189,188,190,1,0,1
191,190,192,1,0,1
193,192,194,1,0,1
195,196,197,1,1,1
198,199,200,1,1,1
201,202,203,1,1,1
204,203,205,1,0,1
206,205,207,1,0,1
208,207,209,1,0,1
210,209,211,1,0,1
212,213,214,1,1,1
215,216,217,1,1,1
218,219,220,1,1,1
221,220,222,1,0,1
223,222,224,1,0,1
225,224,226,1,0,1
227,226,228,1,0,1
229,230,231,1,1,1
232,233,234,1,1,1
235,234,236,1,0,1
237,236,238,1,0,1
239,238,240,1,0,1
241,240,242,1,0,1
243,244,245,1,1,1
246,247,248,1,1,1
249,248,250,1,0,1
251,252,253,1,1,1
254,255,256,1,1,1
257,256,258,1,0,1
259,260,261,1,1,1
262,263,264,1,1,1
265,264,266,1,0,1
267,266,268,1,0,1
269,270,271,1,1,1
272,273,274,1,1,1
275,276,277,1,1,1
278,277,279,1,0,1
280,281,282,1,1,1
283,284,285,1,1,1
286,287,288,1,1,1
289,288,290,1,0,1
291,292,293,1,1,1
294,293,295,1,0,1
296,295,297,1,0,1
74,298,299,0,1,1
69,72,300,0,0,1
66,300,301,0,0,1
63,67,302,0,0,1
60,64,303,0,0,1
58,61,304,0,0,1
56,304,305,0,0,1
50,54,306,0,0,1
47,51,307,0,0,1
44,48,308,0,0,1
42,45,309,0,0,1
39,309,310,0,0,1
170,310,311,0,0,1
173,311,312,0,0,1
194,312,313,0,0,1
197,313,314,0,0,1
200,314,315,0,0,1
211,315,316,0,0,1
214,316,317,0,0,1
217,317,318,0,0,1
228,318,319,0,0,1
231,319,320,0,0,1
321,320,322,1,0,1
245,242,323,0,0,1
324,323,325,1,0,1
250,325,326,0,0,1
327,326,328,1,0,1
253,328,329,0,0,1
330,329,331,1,0,1
258,331,332,0,0,1
261,332,333,0,0,1
268,333,334,0,0,1
335,334,336,1,0,1
271,336,337,0,0,1
338,337,339,1,0,1
274,339,340,0,0,1
279,340,341,0,0,1
282,341,342,0,0,1
285,342,343,0,0,1
290,343,344,0,0,1
297,344,345,0,0,1
299,345,346,0,0,1
71,346,347,0,0,1
301,347,348,0,0,1
302,348,349,0,0,1
303,349,350,0,0,1
305,350,351,0,0,1
53,351,352,0,0,1
306,352,353,0,0,1
307,353,354,0,0,1
308,354,322,0,0,0
355,356,357,1,1,1,50176
175,357,358,0,0,1
171,358,359,0,0,1
172,359,168,0,0,0
360,361,362,1,1,1,50416
363,362,364,1,0,1
365,364,366,1,0,1
367,366,368,1,0,1
369,368,370,1,0,1
371,370,372,1,0,1
373,374,375,1,1,1
376,375,377,1,0,1
378,377,379,1,0,1
380,381,382,1,1,1
383,382,384,1,0,1
385,384,386,1,0,1
387,388,389,1,1,1
390,391,392,1,1,1
393,394,395,1,1,1
396,395,397,1,0,1
398,397,399,1,0,1
400,399,401,1,0,1
402,403,404,1,1,1
405,404,406,1,0,1
407,408,409,1,1,1
410,411,412,1,1,1
413,412,414,1,0,1
415,414,416,1,0,1
417,418,419,1,1,1
420,419,421,1,0,1
422,423,424,1,1,1
425,424,426,1,0,1
427,428,429,1,1,1
430,431,432,1,1,1
433,434,435,1,1,1
436,437,438,1,1,1
439,438,440,1,0,1
441,440,442,1,0,1
443,442,444,1,0,1
445,444,446,1,0,1
447,448,449,1,1,1
450,449,451,1,0,1
452,453,454,1,1,1
455,456,457,1,1,1
458,459,460,1,1,1
461,460,462,1,0,1
463,464,465,1,1,1
466,467,468,1,1,1
469,468,470,1,0,1
471,470,472,1,0,1
473,472,474,1,0,1
475,474,476,1,0,1
206,476,477,0,0,1
478,477,479,1,0,1
480,479,481,1,0,1
482,481,483,1,0,1
484,483,485,1,0,1
486,485,487,1,0,1
488,487,489,1,0,1
201,490,491,0,1,1
492,491,493,1,0,1
494,179,495,1,0,1
496,497,498,1,1,1
499,500,501,1,1,1
502,501,503,1,0,1
504,505,506,1,1,1
507,506,508,1,0,1
509,510,511,1,1,1
512,511,513,1,0,1
514,513,515,1,0,1
516,517,518,1,1,1
519,518,520,1,0,1
174,521,522,0,1,1
355,522,523,0,0,1
372,523,524,0,0,1
379,524,525,0,0,1
386,525,526,0,0,1
389,526,527,0,0,1
392,527,528,0,0,1
401,528,529,0,0,1
406,529,530,0,0,1
409,530,531,0,0,1
416,531,532,0,0,1
421,532,533,0,0,1
534,533,535,1,0,1
426,536,537,0,1,1
432,429,538,0,0,1
539,538,540,1,0,1
446,435,541,0,0,1
451,541,542,0,0,1
462,457,543,0,0,1
465,544,545,0,1,1
546,545,547,1,0,1
489,547,548,0,0,1
493,549,550,0,1,1
495,550,551,0,0,1
498,551,552,0,0,1
503,552,553,0,0,1
520,515,554,0,0,1
535,554,555,0,0,1
540,537,556,0,0,1
542,556,557,0,0,1
454,557,558,0,0,1
543,558,559,0,0,1
548,559,560,0,0,1
553,560,561,0,0,1
562,561,563,1,0,1
508,563,555,0,0,0
564,565,566,1,1,1,46320
567,566,568,1,0,1
363,568,360,0,0,0
569,570,571,1,1,1,9460
572,573,574,1,1,1
575,574,576,1,0,1
577,578,579,1,1,1
580,579,581,1,0,1
582,581,583,1,0,1
584,585,586,1,1,1
587,588,589,1,1,1
365,590,591,0,1,1
567,591,592,0,0,1
571,564,593,0,0,1
576,593,594,0,0,1
583,595,596,0,1,1
586,596,597,0,0,1
589,597,598,0,0,1
592,598,594,0,0,0
599,600,601,1,1,1,9461
602,601,603,1,0,1
604,605,606,1,1,1
575,595,607,0,0,1
569,573,608,0,0,1
603,608,609,0,0,1
607,606,610,0,0,1
572,610,609,0,0,0
611,612,613,1,1,1,1269
614,615,616,1,1,1
617,616,618,1,0,1
619,620,621,1,1,1
622,621,623,1,0,1
624,623,625,1,0,1
626,625,627,1,0,1
578,627,628,0,0,1
604,628,629,0,0,1
605,629,630,0,0,1
602,630,631,0,0,1
613,599,632,0,0,1
618,632,631,0,0,0
633,634,635,1,1,1,1270
636,635,637,1,0,1
638,637,639,1,0,1
640,641,642,1,1,1
643,644,645,1,1,1
646,645,647,1,0,1
648,647,649,1,0,1
650,649,651,1,0,1
652,651,653,1,0,1
654,653,655,1,0,1
656,655,657,1,0,1
658,657,659,1,0,1
660,659,661,1,0,1
662,661,663,1,0,1
664,663,665,1,0,1
666,665,667,1,0,1
668,667,669,1,0,1
670,671,672,1,1,1
617,620,673,0,0,1
614,673,674,0,0,1
611,615,675,0,0,1
639,675,676,0,0,1
669,642,677,0,0,1
672,677,678,0,0,1
679,678,680,1,0,1
619,680,681,0,0,1
676,674,682,0,0,1
683,682,681,1,0,0
644,684,685,0,1,1,1271
640,685,686,0,0,1
641,686,687,0,0,1
638,683,688,0,0,1
636,688,689,0,0,1
633,689,687,0,0,0
690,691,692,1,1,1,1269
693,692,694,1,0,1
695,694,696,1,0,1
697,696,698,1,0,1
699,698,700,1,0,1
648,700,646,0,0,0
587,590,701,0,0,1,1267
584,588,702,0,0,1
582,585,703,0,0,1
704,703,705,1,0,1
373,705,706,0,0,1
371,374,707,0,0,1
369,707,708,0,0,1
701,367,709,0,0,1
702,709,710,0,0,1
706,710,708,0,0,0
697,699,711,0,0,1,46320
712,711,713,1,0,1
714,715,716,1,1,1
717,716,718,1,0,1
719,718,720,1,0,1
721,720,722,1,0,1
723,722,724,1,0,1
725,724,726,1,0,1
727,728,729,1,1,1
730,729,731,1,0,1
732,731,733,1,0,1
734,733,735,1,0,1
736,737,738,1,1,1
739,738,740,1,0,1
741,740,742,1,0,1
743,744,745,1,1,1
746,745,747,1,0,1
748,747,749,1,0,1
750,749,751,1,0,1
752,753,754,1,1,1
755,754,756,1,0,1
757,758,759,1,1,1
760,759,761,1,0,1
762,763,764,1,1,1
765,766,767,1,1,1
768,767,769,1,0,1
770,771,772,1,1,1
773,772,774,1,0,1
775,774,776,1,0,1
777,776,778,1,0,1
779,780,781,1,1,1
782,781,783,1,0,1
784,785,786,1,1,1
787,786,788,1,0,1
789,788,790,1,0,1
791,792,793,1,1,1
423,793,794,0,0,1
536,794,795,0,0,1
534,795,796,0,0,1
420,796,797,0,0,1
417,797,798,0,0,1
418,798,799,0,0,1
415,799,800,0,0,1
413,800,801,0,0,1
410,801,802,0,0,1
407,411,803,0,0,1
405,408,804,0,0,1
805,402,806,1,0,1
398,807,808,0,1,1
396,808,809,0,0,1
393,809,810,0,0,1
390,394,811,0,0,1
387,391,812,0,0,1
385,388,813,0,0,1
814,813,815,1,0,1
816,815,817,1,0,1
818,819,820,1,1,1
821,822,823,1,1,1
824,825,826,1,1,1
827,828,829,1,1,1
650,829,830,0,0,1
713,830,831,0,0,1
726,831,832,0,0,1
756,751,833,0,0,1
834,833,835,1,0,1
769,764,836,0,0,1
837,836,838,1,0,1
783,839,840,0,1,1
790,841,842,0,1,1
802,842,843,0,0,1
803,843,844,0,0,1
804,844,845,0,0,1
806,845,846,0,0,1
847,846,848,1,0,1
812,811,849,0,0,1
817,849,850,0,0,1
820,850,851,0,0,1
823,852,853,0,1,1
832,826,854,0,0,1
735,854,855,0,0,1
742,855,856,0,0,1
838,761,857,0,0,1
840,858,859,0,1,1
848,859,860,0,0,1
851,810,861,0,0,1
856,853,862,0,0,1
863,862,864,1,0,1
860,778,865,0,0,1
864,861,866,0,0,1
835,866,867,0,0,1
857,867,865,0,0,0
827,652,868,0,0,1,9462
869,868,870,1,0,1
871,870,872,1,0,1
873,874,875,1,1,1
660,875,876,0,0,1
658,876,877,0,0,1
656,877,878,0,0,1
654,878,872,0,0,0
879,693,880,1,0,1,1268
715,880,881,0,0,1
712,881,695,0,0,0
824,828,882,0,0,1,9461
821,825,883,0,0,1
884,883,885,1,0,1
886,885,887,1,0,1
888,889,890,1,1,1
891,890,892,1,0,1
662,892,893,0,0,1
873,893,894,0,0,1
871,874,895,0,0,1
882,869,896,0,0,1
887,896,897,0,0,1
894,897,895,0,0,0
679,622,898,0,0,1,9461
670,898,899,0,0,1
671,899,900,0,0,1
901,900,902,1,0,1
903,902,904,1,0,1
905,906,907,1,1,1
908,907,909,1,0,1
910,909,911,1,0,1
912,911,913,1,0,1
914,913,915,1,0,1
916,915,917,1,0,1
918,917,919,1,0,1
624,919,904,0,0,0
918,626,920,0,0,1,1268
921,920,922,1,0,1
923,922,924,1,0,1
376,924,925,0,0,1
580,704,926,0,0,1
577,926,925,0,0,0
891,664,927,0,0,1,1269
928,929,930,1,1,1
931,930,932,1,0,1
933,932,934,1,0,1
906,934,935,0,0,1
903,935,936,0,0,1
668,901,937,0,0,1
927,666,938,0,0,1
888,938,939,0,0,1
936,939,937,0,0,0
940,717,941,1,0,1,1268
942,941,943,1,0,1
944,943,945,1,0,1
728,946,947,0,1,1
725,947,948,0,0,1
723,948,949,0,0,1
721,949,950,0,0,1
719,950,945,0,0,0
519,521,951,0,0,1,29936
516,951,952,0,0,1
514,517,953,0,0,1
509,512,954,0,0,1
507,510,955,0,0,1
504,955,956,0,0,1
562,505,957,0,0,1
502,957,958,0,0,1
499,958,959,0,0,1
496,500,960,0,0,1
497,960,961,0,0,1
494,961,962,0,0,1
952,177,963,0,0,1
953,963,964,0,0,1
954,964,965,0,0,1
956,965,966,0,0,1
959,966,962,0,0,0
916,921,967,0,0,1,46320
914,967,968,0,0,1
969,968,970,1,0,1
971,972,973,1,1,1
974,973,975,1,0,1
380,975,976,0,0,1
381,976,977,0,0,1
378,977,978,0,0,1
923,978,970,0,0,0
979,942,980,1,0,1,9460
981,982,983,1,1,1
984,983,985,1,0,1
986,985,987,1,0,1
988,989,990,1,1,1
727,990,991,0,0,1
946,991,992,0,0,1
980,944,993,0,0,1
987,993,992,0,0,0
994,822,995,1,0,1,9460
996,997,998,1,1,1
999,998,1000,1,0,1
929,1000,1001,0,0,1
889,1001,1002,0,0,1
886,1002,1003,0,0,1
884,1003,995,0,0,0
852,994,1004,0,0,1,1267
818,1004,1005,0,0,1
819,1005,1006,0,0,1
816,1006,1007,0,0,1
383,814,1008,0,0,1
971,974,1009,0,0,1
1010,1011,1012,1,1,1
1013,1012,1014,1,0,1
1015,1016,1017,1,1,1
997,1018,1019,0,1,1
1007,1019,1020,0,0,1
1014,1009,1021,0,0,1
1022,1021,1023,1,0,1
1020,1017,1024,0,0,1
1008,1024,1023,0,0,0
988,730,1025,0,0,1,1267
1026,1025,1027,1,0,1
1028,1027,1029,1,0,1
1030,1029,1031,1,0,1
1032,1033,1034,1,1,1
1035,1034,1036,1,0,1
1037,1038,1039,1,1,1
1040,1039,1041,1,0,1
753,1042,1043,0,1,1
748,750,1044,0,0,1
1045,743,1046,1,0,1
1047,1048,1049,1,1,1
737,1049,1050,0,0,1
734,1050,1051,0,0,1
732,1051,1052,0,0,1
1031,1052,1053,0,0,1
1036,1053,1054,0,0,1
1041,1054,1055,0,0,1
1043,1055,1056,0,0,1
1044,1056,1057,0,0,1
746,1057,1046,0,0,0
910,912,1058,0,0,1,9460
908,1058,1059,0,0,1
931,933,1060,0,0,1
1061,1060,1062,1,0,1
1063,1062,1064,1,0,1
1010,1064,1065,0,0,1
1011,1065,1066,0,0,1
969,972,1067,0,0,1
1059,1067,1068,0,0,1
905,1068,1066,0,0,0
989,1026,1069,0,0,1,1268
986,1069,1070,0,0,1
984,1070,1071,0,0,1
981,1071,1072,0,0,1
1073,982,1074,1,0,1
1075,1074,1076,1,0,1
1077,1076,1078,1,0,1
1079,1078,1080,1,0,1
1033,1080,1081,0,0,1
1030,1081,1082,0,0,1
1028,1082,1072,0,0,0
999,928,1083,0,0,1,1268
1018,996,1084,0,0,1
1015,1084,1085,0,0,1
1016,1085,1086,0,0,1
1022,1086,1087,0,0,1
1063,1013,1088,0,0,1
1083,1061,1089,0,0,1
1087,1089,1088,0,0,0
1090,1075,1091,1,0,1,9460
1092,1093,1094,1,1,1
1095,1094,1096,1,0,1
1032,1096,1097,0,0,1
1079,1097,1098,0,0,1
1091,1077,1099,0,0,1
1100,1099,1098,1,0,0
1045,1048,1101,0,0,1,1266
744,1101,1102,0,0,1
863,1102,1103,0,0,1
741,1103,1104,0,0,1
739,1104,1105,0,0,1
736,1105,1047,0,0,0
1095,1035,1106,0,0,1,1268
1100,1093,1107,0,0,1
1108,1107,1109,1,0,1
1110,1109,1111,1,0,1
1112,1113,1114,1,1,1
1115,1114,1116,1,0,1
1117,1116,1118,1,0,1
1119,1118,1120,1,0,1
1121,1122,1123,1,1,1
1124,1125,1126,1,1,1
1127,1128,1129,1,1,1
1130,1129,1131,1,0,1
1132,1131,1133,1,0,1
1134,1135,1136,1,1,1
1137,1136,1138,1,0,1
766,1138,1139,0,0,1
762,1139,1140,0,0,1
1141,1140,1142,1,0,1
752,1143,1144,0,1,1
1040,1042,1145,0,0,1
1106,1038,1146,0,0,1
1111,1092,1147,0,0,1
1120,1147,1148,0,0,1
1123,1148,1149,0,0,1
1133,1150,1151,0,1,1
1152,1151,1153,1,0,1
1142,1153,1154,0,0,1
1146,1037,1155,0,0,1
1149,1155,1156,0,0,1
1157,1156,1158,1,0,1
1154,1159,1160,0,1,1
1144,1160,1161,0,0,1
1158,1145,1162,0,0,1
1126,1162,1161,0,0,0
1163,1110,1164,1,0,1,1269
1152,1135,1165,0,0,1
1132,1165,1166,0,0,1
1167,1166,1168,1,0,1
1169,1168,1170,1,0,1
1112,1170,1171,0,0,1
1113,1171,1164,0,0,0
1117,1119,1172,0,0,1,9460
1169,1115,1173,0,0,1
1167,1173,1174,0,0,1
1130,1174,1175,0,0,1
1150,1128,1176,0,0,1
1159,1176,1177,0,0,1
1124,1177,1178,0,0,1
1157,1125,1179,0,0,1
1121,1179,1180,0,0,1
1122,1180,1181,0,0,1
1172,1181,1182,0,0,1
1175,1182,1183,0,0,1
1127,1183,1178,0,0,0
1143,755,1184,0,0,1,1267
763,1141,1185,0,0,1
757,760,1186,0,0,1
834,758,1187,0,0,1
1184,1187,1188,0,0,1
1185,1188,1186,0,0,0
1189,1137,1190,1,0,1,9460
1191,1190,1192,1,0,1
1193,1192,1194,1,0,1
1195,1194,1196,1,0,1
1197,1196,1198,1,0,1
1199,1200,1201,1,1,1
1202,1201,1203,1,0,1
1204,1205,1206,1,1,1
1207,1208,1209,1,1,1
1210,1211,1212,1,1,1
1213,1214,1215,1,1,1
1216,1215,1217,1,0,1
431,1217,1218,0,0,1
1219,427,1220,1,0,1
792,1221,1222,0,1,1
789,1222,1223,0,0,1
787,1223,1224,0,0,1
841,785,1225,0,0,1
782,1225,1226,0,0,1
839,780,1227,0,0,1
858,1227,1228,0,0,1
777,1228,1229,0,0,1
775,1229,1230,0,0,1
837,771,1231,0,0,1
768,1231,1232,0,0,1
1198,765,1233,0,0,1
1203,1234,1235,0,1,1
1212,1236,1237,0,1,1
1218,1238,1239,0,1,1
1220,1239,1240,0,0,1
1233,1232,1241,0,0,1
1240,1242,1243,0,1,1
1241,770,1244,0,0,1
1235,1244,1245,0,0,1
1243,1246,1247,0,1,1
1224,1247,1248,0,0,1
1245,773,1249,0,0,1
1206,1249,1250,0,0,1
1248,1237,1251,0,0,1
784,1251,1252,0,0,1
1250,1230,1253,0,0,1
1209,1253,1254,0,0,1
1252,1255,1256,0,1,1
1226,1256,1257,0,0,1
779,1257,1254,0,0,0
30,32,1258,0,0,1,28752
26,28,1259,0,0,1
24,1259,1260,0,0,1
22,1260,1261,0,0,1
20,1261,1262,0,0,1
149,1262,1263,0,0,1
1264,1263,1265,1,0,1
1266,1265,1267,1,0,1
1268,1267,1269,1,0,1
1270,1269,1271,1,0,1
1272,1271,1273,1,0,1
1274,1273,1275,1,0,1
1276,1275,1277,1,0,1
1278,1277,1279,1,0,1
1280,1279,1281,1,0,1
1282,1281,1283,1,0,1
1284,1283,1285,1,0,1
1286,1285,1287,1,0,1
1288,1287,1258,1,0,0
1289,1191,1290,1,0,1,9461
1291,1290,1292,1,0,1
1293,1292,1294,1,0,1
1295,1294,1296,1,0,1
1297,1296,1298,1,0,1
1299,1300,1301,1,1,1
1302,1303,1304,1,1,1
1305,1306,1307,1,1,1
1308,1309,1310,1,1,1
1311,1312,1313,1,1,1
1314,1315,1316,1,1,1
1317,1318,1319,1,1,1
1320,1321,1322,1,1,1
1323,1324,1325,1,1,1
1326,1327,1328,1,1,1
1329,1328,1330,1,0,1
1331,1330,1332,1,0,1
1333,1332,1334,1,0,1
1335,1334,1336,1,0,1
1337,1338,1339,1,1,1
1340,1339,1341,1,0,1
1214,1341,1342,0,0,1
1238,1342,1343,0,0,1
1242,1343,1344,0,0,1
1246,1344,1345,0,0,1
1236,1211,1346,0,0,1
1207,1255,1347,0,0,1
1208,1347,1348,0,0,1
1204,1348,1349,0,0,1
1205,1349,1350,0,0,1
1202,1350,1351,0,0,1
1234,1200,1352,0,0,1
1197,1352,1353,0,0,1
1298,1193,1354,0,0,1
1301,1354,1355,0,0,1
1307,1304,1356,0,0,1
1310,1356,1357,0,0,1
1313,1357,1358,0,0,1
1319,1316,1359,0,0,1
1345,1360,1361,0,1,1
1355,1195,1362,0,0,1
1358,1362,1363,0,0,1
1361,1364,1365,0,1,1
1210,1365,1366,0,0,1
1346,1366,1367,0,0,1
1363,1353,1368,0,0,1
1359,1368,1369,0,0,1
1367,1336,1370,0,0,1
1369,1199,1371,0,0,1
1322,1371,1372,0,0,1
1370,1325,1373,0,0,1
1351,1373,1372,0,0,0
144,147,1374,0,0,1,28672
141,1374,1375,0,0,1
138,142,1376,0,0,1
136,139,1377,0,0,1
133,1377,1378,0,0,1
131,134,1379,0,0,1
129,1379,1380,0,0,1
123,127,1381,0,0,1
121,124,1382,0,0,1
118,1382,1383,0,0,1
116,119,1384,0,0,1
112,114,1385,0,0,1
110,1385,1386,0,0,1
106,108,1387,0,0,1
104,1387,1388,0,0,1
100,102,1389,0,0,1
92,94,1390,0,0,1
90,1390,1391,0,0,1
88,1391,1392,0,0,1
84,86,1393,0,0,1
80,82,1394,0,0,1
78,1394,1395,0,0,1
298,76,1396,0,0,1
296,1396,1397,0,0,1
294,1397,1398,0,0,1
291,1398,1399,0,0,1
1400,1399,1401,1,0,1
1402,1401,1403,1,0,1
1404,1403,1405,1,0,1
1406,1405,1407,1,0,1
1408,1407,1409,1,0,1
1410,1411,1412,1,1,1
1413,1414,1415,1,1,1
1416,1417,1418,1,1,1
1419,1420,1421,1,1,1
1422,1423,1424,1,1,1
1425,1426,1427,1,1,1
1428,1429,1430,1,1,1
1431,1430,1432,1,0,1
1433,1432,1434,1,0,1
1435,1436,1437,1,1,1
1438,1439,1440,1,1,1
1441,1440,1442,1,0,1
1443,1444,1445,1,1,1
1446,1445,1447,1,0,1
1448,1447,1449,1,0,1
1450,1451,1452,1,1,1
1453,1454,1455,1,1,1
1456,1455,1457,1,0,1
1458,1457,1459,1,0,1
1460,1459,1461,1,0,1
1462,1461,1463,1,0,1
1464,1463,1465,1,0,1
1466,1465,1467,1,0,1
1468,1469,1470,1,1,1
1471,1472,1473,1,1,1
1276,1474,1475,0,1,1
1274,1475,1476,0,0,1
1272,1476,1477,0,0,1
1270,1477,1478,0,0,1
1266,1268,1479,0,0,1
146,1264,1480,0,0,1
1375,1480,1481,0,0,1
1376,1481,1482,0,0,1
1378,1482,1483,0,0,1
1380,1483,1484,0,0,1
126,1484,1485,0,0,1
1383,1381,1486,0,0,1
1386,1384,1487,0,0,1
1388,1487,1488,0,0,1
1389,1488,1489,0,0,1
98,1489,1490,0,0,1
1393,1392,1491,0,0,1
1395,1491,1492,0,0,1
1409,1492,1493,0,0,1
1412,1493,1494,0,0,1
1415,1494,1495,0,0,1
1496,1495,1497,1,0,1
1418,1497,1498,0,0,1
1499,1498,1500,1,0,1
1421,1500,1501,0,0,1
1424,1501,1502,0,0,1
1503,1502,1504,1,0,1
1427,1504,1505,0,0,1
1434,1505,1506,0,0,1
1437,1506,1507,0,0,1
1442,1507,1508,0,0,1
1449,1509,1510,0,1,1
1452,1510,1511,0,0,1
1467,1512,1513,0,1,1
1473,1470,1514,0,0,1
1478,1514,1515,0,0,1
1479,1515,1516,0,0,1
1485,1516,1517,0,0,1
1486,1517,1518,0,0,1
1490,1518,1519,0,0,1
96,1519,1520,0,0,1
1508,1520,1521,0,0,1
1511,1521,1513,0,0,0
1522,1291,1523,1,0,1,1270
1524,1525,1526,1,1,1
1527,1528,1529,1,1,1
1530,1531,1532,1,1,1
1533,1534,1535,1,1,1
1536,1537,1538,1,1,1
1539,1538,1540,1,0,1
1541,1542,1543,1,1,1
1544,1545,1546,1,1,1
1547,1546,1548,1,0,1
1549,1548,1550,1,0,1
1329,1550,1551,0,0,1
1323,1327,1552,0,0,1
1320,1324,1553,0,0,1
1554,1553,1555,1,0,1
1556,1557,1558,1,1,1
1559,1560,1561,1,1,1
1308,1562,1563,0,1,1
1564,1563,1565,1,0,1
1566,1565,1567,1,0,1
1293,1568,1569,0,1,1
1523,1569,1570,0,0,1
1571,1570,1572,1,0,1
1573,1572,1574,1,0,1
1526,1574,1575,0,0,1
1535,1532,1576,0,0,1
1540,1576,1577,0,0,1
1578,1577,1579,1,0,1
1543,1579,1580,0,0,1
1581,1580,1582,1,0,1
1551,1582,1583,0,0,1
1326,1583,1584,0,0,1
1552,1584,1585,0,0,1
1555,1585,1586,0,0,1
1558,1586,1587,0,0,1
1588,1587,1589,1,0,1
1561,1589,1590,0,0,1
1591,1590,1592,1,0,1
1575,1567,1593,0,0,1
1594,1593,1595,1,0,1
1529,1595,1592,0,0,0
807,400,1596,0,0,1,46080
847,1596,1597,0,0,1
805,1597,403,0,0,0
1568,1295,1598,0,0,1,1269
1566,1598,1599,0,0,1
1305,1309,1600,0,0,1
1306,1600,1601,0,0,1
1302,1601,1602,0,0,1
1299,1303,1603,0,0,1
1300,1603,1604,0,0,1
1599,1297,1605,0,0,1
1564,1605,1606,0,0,1
1602,1606,1604,0,0,0
1607,1571,1608,1,0,1,1271
1531,1608,1609,0,0,1
1527,1609,1610,0,0,1
1528,1610,1611,0,0,1
1594,1611,1612,0,0,1
1524,1612,1613,0,0,1
1525,1613,1573,0,0,0
1474,1278,1614,0,0,1,28832
1471,1614,1615,0,0,1
1468,1472,1616,0,0,1
1466,1469,1617,0,0,1
1464,1617,1618,0,0,1
1462,1618,1619,0,0,1
1460,1619,1620,0,0,1
1458,1620,1621,0,0,1
1456,1621,1622,0,0,1
1623,1453,1624,1,0,1
1625,1624,1626,1,0,1
1627,1626,1628,1,0,1
1629,1628,1630,1,0,1
1631,1630,1632,1,0,1
1633,1632,1634,1,0,1
1635,1634,1636,1,0,1
1286,1636,1637,0,0,1
1284,1637,1638,0,0,1
1282,1638,1639,0,0,1
1280,1639,1640,0,0,1
1615,1640,1641,0,0,1
1616,1641,1622,0,0,0
492,181,1642,0,0,1,50176
198,202,1643,0,0,1
195,199,1644,0,0,1
193,196,1645,0,0,1
191,1645,1646,0,0,1
189,1646,1647,0,0,1
187,1647,1648,0,0,1
185,1648,1649,0,0,1
1642,183,1650,0,0,1
1643,1650,1651,0,0,1
1644,1651,1649,0,0,0
1591,1562,1652,0,0,1,9462
1588,1560,1653,0,0,1
1556,1653,1654,0,0,1
1554,1557,1655,0,0,1
1321,1655,1656,0,0,1
1317,1656,1657,0,0,1
1318,1657,1658,0,0,1
1314,1658,1659,0,0,1
1311,1315,1660,0,0,1
1652,1312,1661,0,0,1
1559,1661,1662,0,0,1
1654,1662,1663,0,0,1
1659,1663,1660,0,0,0
1549,1331,1664,0,0,1,1269
1547,1664,1665,0,0,1
1666,1581,1667,1,0,1
1668,1667,1669,1,0,1
1360,1338,1670,0,0,1
1364,1670,1671,0,0,1
1335,1671,1672,0,0,1
1333,1672,1673,0,0,1
1665,1673,1674,0,0,1
1544,1674,1675,0,0,1
1669,1545,1676,0,0,1
1337,1676,1675,0,0,0
1221,791,1677,0,0,1,50419
1219,1677,1678,0,0,1
428,1678,1679,0,0,1
425,1679,422,0,0,0
549,490,1680,0,0,1,29936
488,1680,1681,0,0,1
486,1681,1682,0,0,1
484,1682,1683,0,0,1
482,1683,1684,0,0,1
480,1684,1685,0,0,1
478,1685,204,0,0,0
1666,1668,1686,0,0,1,9461
1578,1542,1687,0,0,1
1539,1687,1688,0,0,1
1689,1536,1690,1,0,1
1691,1692,1693,1,1,1
1694,1693,1695,1,0,1
1696,1697,1698,1,1,1
1699,1700,1701,1,1,1
1702,1703,1704,1,1,1
1705,1704,1706,1,0,1
1707,1706,1708,1,0,1
1709,1710,1711,1,1,1
1712,1711,1713,1,0,1
1714,1715,1716,1,1,1
1690,1688,1717,0,0,1
1695,1717,1718,0,0,1
1698,1718,1719,0,0,1
1701,1719,1720,0,0,1
1708,1720,1721,0,0,1
1713,1721,1722,0,0,1
1723,1722,1724,1,0,1
1716,1725,1726,0,1,1
1686,1726,1727,0,0,1
1541,1727,1724,0,0,0
1714,1340,1728,0,0,1,1268
1729,1715,1730,1,0,1
1731,1730,1732,1,0,1
1733,1734,1735,1,1,1
1736,1735,1737,1,0,1
1738,1739,1740,1,1,1
1741,1742,1743,1,1,1
1213,1743,1744,0,0,1
1728,1744,1745,0,0,1
1732,1745,1746,0,0,1
1737,1746,1740,0,0,0
1741,1216,1747,0,0,1,1267
1738,1742,1748,0,0,1
1736,1739,1749,0,0,1
1750,1751,1752,1,1,1
1753,1752,1754,1,0,1
437,1754,1755,0,0,1
433,1755,1756,0,0,1
539,434,1757,0,0,1
430,1757,1758,0,0,1
1747,1758,1759,0,0,1
1748,1759,1760,0,0,1
1749,1760,1756,0,0,0
1723,1725,1761,0,0,1,9460
1712,1761,1762,0,0,1
1750,1763,1764,0,1,1
1733,1751,1765,0,0,1
1731,1734,1766,0,0,1
1729,1766,1767,0,0,1
1762,1767,1768,0,0,1
1764,1768,1765,0,0,0
1404,1406,1769,0,0,1,29440
1770,1769,1771,1,0,1
1772,1771,1773,1,0,1
1774,1773,1775,1,0,1
1776,1775,1777,1,0,1
1778,1777,1779,1,0,1
1780,1781,1782,1,1,1
1783,1784,1785,1,1,1
1786,1785,1787,1,0,1
1788,1789,1790,1,1,1
1791,1790,1792,1,0,1
1793,1794,1795,1,1,1
1796,1797,1798,1,1,1
1799,1800,1801,1,1,1
1802,1803,1804,1,1,1
1805,1806,1807,1,1,1
1808,1809,1810,1,1,1
1811,1810,1812,1,0,1
1813,1814,1815,1,1,1
1816,1817,1818,1,1,1
1819,1820,1821,1,1,1
1822,1823,1824,1,1,1
1825,1826,1827,1,1,1
1828,1827,1829,1,0,1
1830,1829,1831,1,0,1
1832,1831,1833,1,0,1
1834,1833,1835,1,0,1
1836,1835,1837,1,0,1
1838,1839,1840,1,1,1
1841,1842,1843,1,1,1
1844,1845,1846,1,1,1
1847,1846,1848,1,0,1
1849,1848,1850,1,0,1
1851,1852,1853,1,1,1
1623,1854,1855,0,1,1
1454,1855,1856,0,0,1
1512,1856,1857,0,0,1
1450,1857,1858,0,0,1
1448,1451,1859,0,0,1
1446,1859,1860,0,0,1
1509,1444,1861,0,0,1
1441,1861,1862,0,0,1
1438,1862,1863,0,0,1
1435,1439,1864,0,0,1
1433,1436,1865,0,0,1
1428,1431,1866,0,0,1
1425,1429,1867,0,0,1
1503,1426,1868,0,0,1
1422,1868,1869,0,0,1
1419,1423,1870,0,0,1
1499,1420,1871,0,0,1
1416,1871,1872,0,0,1
1496,1417,1873,0,0,1
1413,1873,1874,0,0,1
1410,1414,1875,0,0,1
1408,1411,1876,0,0,1
1779,1876,1877,0,0,1
1782,1877,1878,0,0,1
1787,1878,1879,0,0,1
1792,1879,1880,0,0,1
1795,1880,1881,0,0,1
1882,1881,1883,1,0,1
1798,1883,1884,0,0,1
1801,1884,1885,0,0,1
1804,1886,1887,0,1,1
1807,1887,1888,0,0,1
1889,1888,1890,1,0,1
1815,1891,1892,0,1,1
1821,1818,1893,0,0,1
1824,1893,1894,0,0,1
1837,1894,1895,0,0,1
1840,1895,1896,0,0,1
1843,1896,1897,0,0,1
1850,1897,1898,0,0,1
1853,1898,1899,0,0,1
1858,1899,1900,0,0,1
1860,1900,1901,0,0,1
1443,1901,1902,0,0,1
1863,1902,1903,0,0,1
1864,1903,1904,0,0,1
1865,1904,1905,0,0,1
1866,1905,1906,0,0,1
1867,1906,1907,0,0,1
1869,1907,1908,0,0,1
1870,1908,1909,0,0,1
1872,1909,1910,0,0,1
1874,1910,1911,0,0,1
1885,1875,1912,0,0,1
1890,1912,1913,0,0,1
1812,1913,1914,0,0,1
1915,1914,1916,1,0,1
1892,1916,1911,0,0,0
292,1400,1917,0,0,1,31232
289,1917,1918,0,0,1
286,1918,1919,0,0,1
283,287,1920,0,0,1
280,284,1921,0,0,1
278,281,1922,0,0,1
275,1922,1923,0,0,1
272,276,1924,0,0,1
338,273,1925,0,0,1
269,1925,1926,0,0,1
335,270,1927,0,0,1
267,1927,1928,0,0,1
265,1928,1929,0,0,1
1930,1929,1931,1,0,1
1932,1931,1933,1,0,1
1934,1935,1936,1,1,1
1937,1936,1938,1,0,1
1939,1940,1941,1,1,1
1942,1943,1944,1,1,1
1945,1944,1946,1,0,1
1947,1948,1949,1,1,1
1950,1951,1952,1,1,1
1953,1954,1955,1,1,1
1956,1955,1957,1,0,1
1958,1959,1960,1,1,1
1961,1960,1962,1,0,1
1963,1962,1964,1,0,1
1965,1964,1966,1,0,1
1967,1966,1968,1,0,1
1969,1968,1970,1,0,1
1971,1972,1973,1,1,1
1974,1975,1976,1,1,1
1977,1978,1979,1,1,1
1980,1981,1982,1,1,1
1983,1982,1984,1,0,1
1985,1986,1987,1,1,1
1988,1989,1990,1,1,1
1991,1992,1993,1,1,1
1994,1995,1996,1,1,1
1997,1996,1998,1,0,1
1999,1998,2000,1,0,1
2001,2002,2003,1,1,1
2004,2005,2006,1,1,1
2007,2008,2009,1,1,1
1783,2009,2010,0,0,1
1780,1784,2011,0,0,1
1778,1781,2012,0,0,1
1776,2012,2013,0,0,1
1772,1774,2014,0,0,1
1770,2014,2015,0,0,1
1402,2015,2016,0,0,1
1919,2016,2017,0,0,1
1920,2017,2018,0,0,1
1921,2018,2019,0,0,1
1923,2019,2020,0,0,1
1924,2020,2021,0,0,1
1926,2021,2022,0,0,1
1933,2022,2023,0,0,1
1938,2023,2024,0,0,1
2025,2024,2026,1,0,1
1941,2026,2027,0,0,1
2028,2027,2029,1,0,1
1946,2029,2030,0,0,1
1949,2030,2031,0,0,1
2032,2031,2033,1,0,1
1952,2033,2034,0,0,1
1957,2034,2035,0,0,1
1973,1970,2036,0,0,1
2037,2036,2038,1,0,1
1976,2038,2039,0,0,1
1979,2039,2040,0,0,1
1984,2040,2041,0,0,1
2042,2041,2043,1,0,1
1987,2043,2044,0,0,1
1990,2044,2045,0,0,1
1993,2045,2046,0,0,1
2000,2046,2047,0,0,1
2003,2047,2048,0,0,1
2006,2048,2049,0,0,1
2010,2049,2050,0,0,1
2011,2050,2051,0,0,1
2013,2051,2035,0,0,0
1763,1753,2052,0,0,1,46320
1709,2052,2053,0,0,1
2054,2053,2055,1,0,1
2056,2055,436,1,0,0
1710,2054,2057,0,0,1,9460
1707,2057,2058,0,0,1
1705,2058,2059,0,0,1
1702,2059,2060,0,0,1
1699,1703,2061,0,0,1
1696,1700,2062,0,0,1
2063,2062,2064,1,0,1
2065,2064,2066,1,0,1
2067,2068,2069,1,1,1
2070,2071,2072,1,1,1
2073,2074,2075,1,1,1
439,2076,2077,0,1,1
2056,2077,2078,0,0,1
2060,2078,2079,0,0,1
2061,2079,2080,0,0,1
2069,2066,2081,0,0,1
2072,2081,2082,0,0,1
2075,2082,2080,0,0,0
2073,2076,2083,0,0,1,46320
2070,2074,2084,0,0,1
2067,2071,2085,0,0,1
2086,2085,2087,1,0,1
2088,2087,2089,1,0,1
2090,2089,2091,1,0,1
2092,2091,2093,1,0,1
2094,2095,2096,1,1,1
2097,2098,2099,1,1,1
2100,2099,2101,1,0,1
2102,2103,2104,1,1,1
2105,2104,2106,1,0,1
2107,2108,2109,1,1,1
2110,2111,2112,1,1,1
2113,2114,2115,1,1,1
2116,2115,2117,1,0,1
2118,2117,2119,1,0,1
2120,2121,2122,1,1,1
2123,2122,2124,1,0,1
2125,2124,2126,1,0,1
2127,2128,2129,1,1,1
471,2129,2130,0,0,1
469,2130,2131,0,0,1
466,2131,2132,0,0,1
546,467,2133,0,0,1
463,2133,2134,0,0,1
544,464,2135,0,0,1
461,2135,2136,0,0,1
458,2136,2137,0,0,1
455,459,2138,0,0,1
452,456,2139,0,0,1
450,453,2140,0,0,1
447,2140,2141,0,0,1
445,448,2142,0,0,1
443,2142,2143,0,0,1
2083,441,2144,0,0,1
2084,2144,2145,0,0,1
2093,2145,2146,0,0,1
2101,2147,2148,0,1,1
2109,2106,2149,0,0,1
2119,2112,2150,0,0,1
2126,2151,2152,0,1,1
2132,2152,2153,0,0,1
2134,2153,2154,0,0,1
2137,2154,2155,0,0,1
2139,2138,2156,0,0,1
2141,2156,2157,0,0,1
2146,2143,2158,0,0,1
2096,2158,2159,0,0,1
2160,2159,2161,1,0,1
2149,2148,2162,0,0,1
2155,2150,2163,0,0,1
2161,2157,2164,0,0,1
2162,2164,2165,0,0,1
2166,2165,2167,1,0,1
2168,2167,2163,1,0,0
2007,1786,2169,0,0,1,31488
2008,2169,2170,0,0,1
2004,2170,2171,0,0,1
2005,2171,2172,0,0,1
2001,2172,2173,0,0,1
1999,2002,2174,0,0,1
1997,2174,2175,0,0,1
1991,1995,2176,0,0,1
1992,2176,2177,0,0,1
1988,2177,2178,0,0,1
1985,1989,2179,0,0,1
2042,1986,2180,0,0,1
1983,2180,2181,0,0,1
1980,2181,2182,0,0,1
1977,1981,2183,0,0,1
1974,1978,2184,0,0,1
2037,1975,2185,0,0,1
1971,2185,2186,0,0,1
1972,2186,2187,0,0,1
2188,2187,2189,1,0,1
2190,2189,2191,1,0,1
2192,2191,2193,1,0,1
2194,2193,2195,1,0,1
2196,2195,2197,1,0,1
2198,2197,2199,1,0,1
2200,2199,2201,1,0,1
2202,2201,2203,1,0,1
2204,2203,2205,1,0,1
2206,2205,2207,1,0,1
1823,2207,2208,0,0,1
1819,2208,2209,0,0,1
1816,1820,2210,0,0,1
1813,1817,2211,0,0,1
1891,1814,2212,0,0,1
1915,2212,2213,0,0,1
1811,2213,2214,0,0,1
1808,2214,2215,0,0,1
1889,1809,2216,0,0,1
1805,2216,2217,0,0,1
1802,1806,2218,0,0,1
1886,1803,2219,0,0,1
1799,2219,2220,0,0,1
1796,1800,2221,0,0,1
1882,1797,2222,0,0,1
1793,2222,2223,0,0,1
1791,1794,2224,0,0,1
1788,2224,2225,0,0,1
2173,1789,2226,0,0,1
2175,2226,2227,0,0,1
2178,1994,2228,0,0,1
2182,2179,2229,0,0,1
2184,2183,2230,0,0,1
2209,2230,2231,0,0,1
2210,2231,2232,0,0,1
2211,2232,2233,0,0,1
2215,2233,2234,0,0,1
2217,2234,2235,0,0,1
2218,2235,2236,0,0,1
2220,2236,2237,0,0,1
2221,2237,2238,0,0,1
2223,2238,2239,0,0,1
2225,2239,2240,0,0,1
2227,2240,2241,0,0,1
2228,2241,2229,0,0,0
475,208,2242,0,0,1,50176
235,2243,2244,0,1,1
232,2244,2245,0,0,1
321,233,2246,0,0,1
229,2246,2247,0,0,1
230,2247,2248,0,0,1
227,2248,2249,0,0,1
225,2249,2250,0,0,1
223,2250,2251,0,0,1
221,2251,2252,0,0,1
218,2252,2253,0,0,1
215,219,2254,0,0,1
212,216,2255,0,0,1
210,213,2256,0,0,1
2242,2256,2257,0,0,1
2253,2245,2258,0,0,1
2254,2258,2259,0,0,1
2255,2259,2257,0,0,0
1854,1625,2260,0,0,1,29600
1851,2260,2261,0,0,1
1852,2261,2262,0,0,1
1849,2262,2263,0,0,1
1847,2263,2264,0,0,1
1844,2264,2265,0,0,1
2266,2265,2267,1,0,1
2268,2267,2269,1,0,1
2270,2269,2271,1,0,1
2272,2271,2273,1,0,1
1633,2274,2275,0,1,1
1631,2275,2276,0,0,1
1629,2276,2277,0,0,1
1627,2277,2273,0,0,0
1537,1689,2278,0,0,1,1269
1533,2278,2279,0,0,1
2280,1534,2281,1,0,1
2282,2281,2283,1,0,1
1692,2283,2279,0,0,0
2284,2282,2285,1,0,1,1270
2286,2285,2287,1,0,1
2288,2287,2289,1,0,1
2290,2289,2291,1,0,1
2292,2293,2294,1,1,1
2295,2296,2297,1,1,1
2298,2297,2299,1,0,1
2300,2301,2302,1,1,1
2303,2304,2305,1,1,1
2306,2305,2307,1,0,1
2308,2309,2310,1,1,1
2311,2310,2312,1,0,1
2313,2314,2315,1,1,1
2316,2315,2317,1,0,1
2318,2319,2320,1,1,1
2321,2320,2322,1,0,1
2323,2322,2324,1,0,1
2325,2324,2326,1,0,1
2327,2326,2328,1,0,1
2329,2328,2330,1,0,1
2331,2330,2332,1,0,1
2333,2334,2335,1,1,1
2336,2335,2337,1,0,1
2338,2337,2339,1,0,1
2340,2339,2341,1,0,1
2342,2341,2343,1,0,1
2344,2343,2345,1,0,1
2346,2345,2347,1,0,1
2348,2347,2349,1,0,1
2350,2349,2351,1,0,1
2352,2351,2353,1,0,1
2354,2355,2356,1,1,1
2357,2356,2358,1,0,1
2359,2360,2361,1,1,1
2362,2361,2363,1,0,1
2364,2365,2366,1,1,1
2367,2368,2369,1,1,1
2291,1691,2370,0,0,1
2371,2370,2372,1,0,1
2294,2372,2373,0,0,1
2302,2299,2374,0,0,1
2312,2307,2375,0,0,1
2317,2375,2376,0,0,1
2332,2376,2377,0,0,1
2378,2377,2379,1,0,1
2353,2379,2380,0,0,1
2358,2380,2381,0,0,1
2363,2381,2382,0,0,1
2369,2366,2383,0,0,1
2373,2384,2385,0,1,1
2374,2385,2386,0,0,1
2382,2387,2388,0,1,1
2383,2388,2386,0,0,0
2068,2086,2389,0,0,1,1268
2065,2389,2390,0,0,1
2391,2390,2392,1,0,1
2393,2392,2394,1,0,1
2395,2394,2396,1,0,1
2397,2396,2398,1,0,1
2399,2398,2400,1,0,1
2401,2095,2402,1,0,1
2403,2402,2404,1,0,1
2405,2404,2406,1,0,1
2088,2407,2408,0,1,1
2400,2408,2409,0,0,1
2094,2409,2406,0,0,0
2384,1694,2410,0,0,1,1269
2367,2410,2411,0,0,1
2364,2368,2412,0,0,1
2362,2365,2413,0,0,1
2359,2413,2414,0,0,1
2357,2360,2415,0,0,1
2416,2354,2417,1,0,1
2418,2417,2419,1,0,1
2420,2421,2422,1,1,1
2423,2422,2424,1,0,1
2395,2425,2426,0,1,1
2393,2426,2427,0,0,1
2391,2427,2428,0,0,1
2063,2428,2429,0,0,1
1697,2429,2430,0,0,1
2411,2430,2431,0,0,1
2412,2431,2432,0,0,1
2414,2432,2433,0,0,1
2415,2433,2434,0,0,1
2419,2434,2424,0,0,0
2090,2092,2435,0,0,1,1267
2405,2407,2436,0,0,1
2401,2403,2437,0,0,1
2435,2437,2436,0,0,0
2268,2270,2438,0,0,1,29520
1845,2266,2439,0,0,1
1841,2439,2440,0,0,1
1842,2440,2441,0,0,1
1838,2441,2442,0,0,1
1836,1839,2443,0,0,1
1834,2443,2444,0,0,1
1832,2444,2445,0,0,1
2446,2445,2447,1,0,1
2448,2447,2449,1,0,1
2450,2449,2451,1,0,1
2452,2453,2454,1,1,1
2455,2456,2457,1,1,1
2458,2457,2459,1,0,1
2272,2459,2460,0,0,1
2438,2460,2461,0,0,1
2442,2461,2462,0,0,1
2451,2462,2454,0,0,0
262,1930,2463,0,0,1,30208
259,263,2464,0,0,1
257,260,2465,0,0,1
254,2465,2466,0,0,1
330,255,2467,0,0,1
251,2467,2468,0,0,1
327,252,2469,0,0,1
249,2469,2470,0,0,1
246,2470,2471,0,0,1
324,247,2472,0,0,1
243,2472,2473,0,0,1
2474,2473,2475,1,0,1
2476,2475,2477,1,0,1
2478,2479,2480,1,1,1
2481,2480,2482,1,0,1
2483,2484,2485,1,1,1
1958,2485,2486,0,0,1
1959,2486,2487,0,0,1
1956,2487,2488,0,0,1
1953,2488,2489,0,0,1
1954,2489,2490,0,0,1
1950,2490,2491,0,0,1
1951,2491,2492,0,0,1
2032,2492,2493,0,0,1
1947,2493,2494,0,0,1
1948,2494,2495,0,0,1
1945,2495,2496,0,0,1
1942,2496,2497,0,0,1
1943,2497,2498,0,0,1
2028,2498,2499,0,0,1
1939,2499,2500,0,0,1
1940,2500,2501,0,0,1
2025,2501,2502,0,0,1
1937,2502,2503,0,0,1
1934,2503,2504,0,0,1
1935,2504,2505,0,0,1
1932,2505,2506,0,0,1
2463,2506,2507,0,0,1
2464,2507,2508,0,0,1
2466,2508,2509,0,0,1
2468,2509,2510,0,0,1
2471,2510,2511,0,0,1
2477,2511,2482,0,0,0
2512,2286,2513,1,0,1,1271
2514,2515,2516,1,1,1
2517,2518,2519,1,1,1
2520,2519,2521,1,0,1
2522,2523,2524,1,1,1
2525,2524,2526,1,0,1
2316,2526,2527,0,0,1
2313,2527,2528,0,0,1
2314,2528,2529,0,0,1
2311,2529,2530,0,0,1
2308,2530,2531,0,0,1
2306,2309,2532,0,0,1
2387,2304,2533,0,0,1
2300,2533,2534,0,0,1
2301,2534,2535,0,0,1
2298,2535,2536,0,0,1
2295,2536,2537,0,0,1
2296,2537,2538,0,0,1
2292,2538,2539,0,0,1
2293,2539,2540,0,0,1
2371,2540,2541,0,0,1
2290,2541,2542,0,0,1
2513,2288,2543,0,0,1
2544,2543,2545,1,0,1
2546,2545,2547,1,0,1
2521,2516,2548,0,0,1
2531,2548,2549,0,0,1
2532,2549,2550,0,0,1
2303,2550,2551,0,0,1
2542,2551,2547,0,0,0
2397,2399,2552,0,0,1,9460
2425,2552,2553,0,0,1
2423,2553,2554,0,0,1
2555,2554,2556,1,0,1
2557,2556,2558,1,0,1
2559,2560,2561,1,1,1
2100,2103,2562,0,0,1
2147,2098,2563,0,0,1
2160,2563,2564,0,0,1
2558,2564,2565,0,0,1
2562,2561,2566,0,0,1
2097,2566,2565,0,0,0
2418,2421,2567,0,0,1,9461
2355,2416,2568,0,0,1
2352,2568,2569,0,0,1
2570,2350,2571,1,0,1
2572,2573,2574,1,1,1
2575,2576,2577,1,1,1
2336,2578,2579,0,1,1
2580,2333,2581,1,0,1
2582,2583,2584,1,1,1
2585,2584,2586,1,0,1
2587,2586,2588,1,0,1
2589,2588,2590,1,0,1
2102,2590,2591,0,0,1
2559,2591,2592,0,0,1
2557,2560,2593,0,0,1
2555,2593,2594,0,0,1
2420,2594,2595,0,0,1
2567,2595,2596,0,0,1
2569,2596,2597,0,0,1
2571,2597,2598,0,0,1
2574,2598,2599,0,0,1
2577,2599,2600,0,0,1
2579,2600,2601,0,0,1
2581,2601,2592,0,0,0
2206,1822,2602,0,0,1,28672
2204,2602,2603,0,0,1
2202,2603,2604,0,0,1
2200,2604,2605,0,0,1
2198,2605,2606,0,0,1
2196,2606,2607,0,0,1
2608,2607,2609,1,0,1
2610,2609,1826,1,0,0
1830,2446,2611,0,0,1,29600
2612,2611,2613,1,0,1
2614,2613,2615,1,0,1
2616,2615,2617,1,0,1
2618,2617,2619,1,0,1
2620,2621,2622,1,1,1
2623,2624,2625,1,1,1
2455,2625,2626,0,0,1
2456,2626,2627,0,0,1
2452,2627,2628,0,0,1
2450,2453,2629,0,0,1
2619,2448,2630,0,0,1
2622,2630,2631,0,0,1
2628,2631,2629,0,0,0
1828,2612,2632,0,0,1,29488
2633,2632,2634,1,0,1
2635,2634,2636,1,0,1
2637,2636,2614,1,0,0
2638,2544,2639,1,0,1,1272
2522,2640,2641,0,1,1
2520,2523,2642,0,0,1
2514,2518,2643,0,0,1
2546,2515,2644,0,0,1
2639,2644,2645,0,0,1
2642,2641,2646,0,0,1
2643,2517,2647,0,0,1
2645,2647,2646,0,0,0
2610,1825,2648,0,0,1,28720
2608,2648,2649,0,0,1
2650,2649,2651,1,0,1
2652,2651,2653,1,0,1
2654,2653,2655,1,0,1
2656,2655,2657,1,0,1
2658,2657,2659,1,0,1
2637,2660,2661,0,1,1
2633,2635,2662,0,0,1
2659,2662,2661,0,0,0
2348,2570,2663,0,0,1,9462
2342,2344,2664,0,0,1
2338,2340,2665,0,0,1
2578,2665,2666,0,0,1
2575,2666,2667,0,0,1
2576,2667,2668,0,0,1
2572,2668,2669,0,0,1
2663,2573,2670,0,0,1
2346,2670,2671,0,0,1
2664,2671,2669,0,0,0
2660,2616,2672,0,0,1,28832
2658,2672,2673,0,0,1
2674,2673,2675,1,0,1
2676,2675,2677,1,0,1
2678,2679,2680,1,1,1
2681,2682,2683,1,1,1
2624,2683,2684,0,0,1
2620,2684,2685,0,0,1
2621,2685,2686,0,0,1
2618,2686,2687,0,0,1
2677,2687,2688,0,0,1
2689,2688,2680,1,0,0
2194,2650,2690,0,0,1,31536
2192,2690,2691,0,0,1
2190,2691,2692,0,0,1
2693,2692,2694,1,0,1
2695,2694,2696,1,0,1
2697,2696,2698,1,0,1
2699,2700,2701,1,1,1
2702,2701,2703,1,0,1
2704,2703,2705,1,0,1
2706,2705,2707,1,0,1
2708,2707,2709,1,0,1
2710,2709,2711,1,0,1
2656,2711,2712,0,0,1
2654,2712,2713,0,0,1
2652,2713,2698,0,0,0
2589,2105,2714,0,0,1,46324
2715,2714,2716,1,0,1
2111,2717,2718,0,1,1
2168,2718,2719,0,0,1
2720,2719,2721,1,0,1
2722,2721,2723,1,0,1
2108,2723,2716,0,0,0
2722,2107,2724,0,0,1,46323
2720,2724,2166,0,0,0
2378,2334,2725,0,0,1,1269
2331,2725,2726,0,0,1
2727,2726,2728,1,0,1
2729,2728,2730,1,0,1
2731,2730,2732,1,0,1
2733,2732,2734,1,0,1
2583,2734,2580,0,0,0
2710,2674,2735,0,0,1,31648
2708,2735,2736,0,0,1
2704,2706,2737,0,0,1
2702,2737,2738,0,0,1
2699,2738,2739,0,0,1
2740,2739,2741,1,0,1
2742,2741,2743,1,0,1
2678,2682,2744,0,0,1
2689,2679,2745,0,0,1
2676,2745,2746,0,0,1
2736,2746,2747,0,0,1
2743,2747,2744,0,0,0
2585,2587,2748,0,0,1,9460
2749,2582,2750,1,0,1
2751,2750,2752,1,0,1
2114,2752,2753,0,0,1
2110,2753,2754,0,0,1
2717,2754,2755,0,0,1
2715,2755,2748,0,0,0
2756,2731,2757,1,0,1,1268
2120,2757,2758,0,0,1
2759,2758,2760,1,0,1
2761,2760,2762,1,0,1
2763,2762,2764,1,0,1
2751,2113,2765,0,0,1
2733,2749,2766,0,0,1
2764,2766,2765,0,0,0
2767,2329,2768,1,0,1,9461
2769,2770,2771,1,1,1
2772,2773,2774,1,1,1
2775,2774,2776,1,0,1
2727,2777,2778,0,1,1
2768,2778,2779,0,0,1
2771,2779,2776,0,0,0
2777,2729,2780,0,0,1,9460
2775,2780,2781,0,0,1
2782,2781,2783,1,0,1
2125,2128,2784,0,0,1
2123,2784,2785,0,0,1
2756,2785,2783,0,0,0
2761,2763,2786,0,0,1,1267
2121,2759,2787,0,0,1
2151,2787,2788,0,0,1
2118,2788,2789,0,0,1
2116,2789,2786,0,0,0
244,2474,2790,0,0,1,28672
241,2790,2791,0,0,1
239,2791,2792,0,0,1
2793,2792,2794,1,0,1
2481,2484,2795,0,0,1
2478,2795,2796,0,0,1
2476,2479,2797,0,0,1
2794,2797,2796,0,0,0
2327,2767,2798,0,0,1,1269
2325,2798,2799,0,0,1
2323,2799,2800,0,0,1
2321,2800,2801,0,0,1
2802,2318,2803,1,0,1
2773,2803,2804,0,0,1
2769,2804,2805,0,0,1
2770,2805,2801,0,0,0
1969,2188,2806,0,0,1,31296
1967,2806,2807,0,0,1
1963,1965,2808,0,0,1
2809,2808,2810,1,0,1
2695,2697,2811,0,0,1
2807,2693,2812,0,0,1
2810,2812,2811,0,0,0