0,1,0,73
1,2,0,-1
2,0,0,1
3,0,1,72
2,3,1,46
4,5,2,71
5,3,2,72
3,4,2,3
6,4,3,70
3,6,3,47
7,8,4,68
8,9,4,69
9,7,4,5
10,7,5,67
9,10,5,49
11,12,6,65
12,10,6,66
10,11,6,50
13,14,7,63
14,11,7,64
11,13,7,8
15,13,8,125
11,15,8,9
16,15,9,435
11,16,9,10
17,16,10,434
11,17,10,11
18,17,11,433
11,18,11,12
19,18,12,433
11,19,12,13
20,19,13,432
11,20,13,14
21,20,14,432
11,21,14,15
22,21,15,431
11,22,15,16
23,22,16,431
11,23,16,17
24,23,17,430
11,24,17,18
25,24,18,429
11,25,18,19
26,25,19,428
11,26,19,20
27,26,20,428
11,27,20,21
28,27,21,427
11,28,21,22
29,28,22,426
11,29,22,51
30,31,23,425
31,29,23,426
29,30,23,52
32,33,24,424
33,30,24,425
30,32,24,25
34,32,25,423
30,34,25,26
35,34,26,422
30,35,26,53
36,37,27,420
37,35,27,421
35,36,27,28
38,36,28,493
35,38,28,29
39,38,29,521
35,39,29,30
40,39,30,492
35,40,30,31
41,40,31,491
35,41,31,32
42,41,32,491
35,42,32,33
43,42,33,490
35,43,33,34
44,43,34,490
35,44,34,35
45,44,35,489
35,45,35,36
46,45,36,488
35,46,36,37
47,46,37,487
35,47,37,38
48,47,38,486
35,48,38,54
49,50,39,484
50,51,39,485
51,49,39,56
52,53,40,483
53,49,40,484
49,52,40,57
54,55,41,481
55,56,41,482
56,54,41,58
57,58,42,479
58,59,42,480
59,57,42,43
60,57,43,478
59,60,43,44
61,60,44,477
59,61,44,60
2,62,45,-1
62,61,45,477
61,2,45,46
61,3,46,47
61,6,47,48
9,6,48,69
61,9,48,49
61,10,49,50
61,11,50,51
61,29,51,52
61,30,52,53
61,35,53,54
61,48,54,55
51,48,55,485
61,51,55,56
61,49,56,57
61,52,57,60
56,52,58,482
52,54,58,59
59,54,59,480
52,59,59,60
63,64,61,127
64,1,61,-1
1,63,61,62
65,63,62,127
1,65,62,74
13,65,63,126
65,14,63,64
65,11,64,65
65,12,65,66
65,10,66,67
65,7,67,68
65,8,68,75
8,6,69,70
8,4,70,71
8,5,71,75
5,0,72,73
5,1,73,74
5,65,74,75
66,67,76,203
67,64,76,-1
64,66,76,77
68,66,77,202
64,68,77,128
69,70,78,213
70,68,78,202
68,69,78,79
71,69,79,212
68,71,79,80
72,71,80,201
68,72,80,81
73,72,81,200
68,73,81,82
74,73,82,199
68,74,82,129
75,76,83,198
76,74,83,199
74,75,83,84
77,75,84,197
74,77,84,130
78,79,85,196
79,77,85,197
77,78,85,131
80,81,86,194
81,82,86,195
82,80,86,87
83,80,87,193
82,83,87,133
84,85,88,191
85,86,88,192
86,84,88,89
87,84,89,190
86,87,89,135
88,89,90,188
89,87,90,189
87,88,90,136
90,91,91,185
91,92,91,186
92,90,91,138
93,94,92,332
94,90,92,184
90,93,92,93
95,93,93,331
90,95,93,94
96,95,94,330
90,96,94,95
97,96,95,329
90,97,95,139
98,99,96,327
99,97,96,328
97,98,96,97
100,98,97,326
97,100,97,140
101,102,98,324
102,100,98,325
100,101,98,141
103,104,99,322
104,101,99,323
101,103,99,100
105,103,100,321
101,105,100,142
106,107,101,319
107,105,101,320
105,106,101,143
108,109,102,317
109,106,102,318
106,108,102,144
110,111,103,315
111,108,103,316
108,110,103,104
112,110,104,314
108,112,104,105
113,112,105,378
108,113,105,145
114,115,106,377
115,113,106,378
113,114,106,145
116,117,107,376
117,114,107,377
114,116,107,146
118,119,108,374
119,120,108,375
120,118,108,148
121,122,109,373
122,118,109,374
118,121,109,110
123,121,110,372
118,123,110,149
124,125,111,371
125,123,111,372
123,124,111,150
126,127,112,370
127,124,112,371
124,126,112,113
128,126,113,369
124,128,113,151
129,130,114,367
130,131,114,368
131,129,114,152
132,133,115,363
133,134,115,364
134,132,115,154
135,136,116,362
136,132,116,363
132,135,116,154
137,138,117,361
138,135,117,362
135,137,117,155
139,140,118,360
140,137,118,361
137,139,118,119
141,139,119,359
137,141,119,156
142,143,120,358
143,141,120,359
141,142,120,157
144,145,121,357
145,142,121,358
142,144,121,158
146,147,122,355
147,148,122,356
148,146,122,159
149,150,123,354
150,146,123,355
146,149,123,160
151,152,124,352
152,149,124,353
149,151,124,161
15,151,125,352
151,13,125,126
151,65,126,161
65,64,127,128
65,68,128,129
65,74,129,130
65,77,130,131
65,78,131,132
82,78,132,195
65,82,132,133
65,83,133,134
86,83,134,192
65,86,134,135
65,87,135,136
65,88,136,137
92,88,137,187
65,92,137,138
65,90,138,139
65,97,139,140
65,100,140,141
65,101,141,142
65,105,142,143
65,106,143,144
65,108,144,162
108,114,145,146
108,116,146,147
120,116,147,375
108,120,147,148
108,118,148,149
108,123,149,150
108,124,150,151
108,128,151,162
131,128,152,368
128,129,152,153
153,129,153,366
128,153,153,163
134,135,154,155
134,137,155,156
134,141,156,157
134,142,157,158
134,144,158,165
148,144,159,356
144,146,159,160
144,149,160,166
149,65,161,166
65,128,162,163
65,153,163,164
134,153,164,365
65,134,164,165
65,144,165,166
154,155,167,244
155,67,167,-1
67,154,167,168
156,154,168,243
67,156,168,169
157,156,169,242
67,157,169,170
158,157,170,242
67,158,170,171
159,158,171,241
67,159,171,214
160,161,172,239
161,159,172,240
159,160,172,215
162,163,173,238
163,160,173,239
160,162,173,204
164,165,174,237
165,162,174,238
162,164,174,204
166,167,175,235
167,164,175,236
164,166,175,205
168,169,176,247
169,170,176,234
170,168,176,177
171,168,177,233
170,171,177,206
172,173,178,232
173,171,178,233
171,172,178,179
174,172,179,231
171,174,179,207
175,176,180,229
176,174,180,230
174,175,180,181
177,175,181,335
174,177,181,182
178,177,182,334
174,178,182,183
94,178,183,333
174,94,183,184
174,90,184,185
174,91,185,186
174,92,186,187
174,88,187,188
174,89,188,189
174,87,189,190
174,84,190,191
174,85,191,207
85,83,192,193
85,80,193,194
85,81,194,208
81,78,195,196
81,79,196,209
79,75,197,198
79,76,198,210
76,73,199,200
76,72,200,201
76,71,201,211
70,66,202,203
70,67,203,213
160,164,204,205
160,166,205,216
170,166,206,234
166,171,206,217
171,85,207,208
171,81,208,209
171,79,209,210
171,76,210,211
171,71,211,212
171,69,212,217
69,67,213,214
69,159,214,215
69,160,215,216
69,166,216,217
179,180,218,347
180,155,218,-1
155,179,218,219
181,179,219,346
155,181,219,220
182,181,220,345
155,182,220,221
183,182,221,344
155,183,221,222
184,183,222,343
155,184,222,223
185,184,223,342
155,185,223,224
186,185,224,341
155,186,224,225
187,186,225,340
155,187,225,226
188,187,226,339
155,188,226,227
189,188,227,338
155,189,227,228
190,189,228,337
155,190,228,245
175,190,229,336
190,176,229,230
190,174,230,231
190,172,231,232
190,173,232,246
173,168,233,246
169,166,234,235
169,167,235,236
169,164,236,237
169,165,237,248
165,163,238,249
163,161,239,240
163,159,240,241
163,158,241,250
158,156,242,243
158,154,243,244
158,155,244,245
158,190,245,250
190,168,246,247
190,169,247,248
190,165,248,249
190,163,249,250
191,192,251,351
192,180,251,-1
180,191,251,252
193,191,252,350
180,193,252,253
194,193,253,349
180,194,253,347
195,196,254,569
196,194,254,-1
194,195,254,255
197,195,255,568
194,197,255,256
198,197,256,568
194,198,256,257
199,198,257,567
194,199,257,258
200,199,258,567
194,200,258,259
201,200,259,566
194,201,259,260
202,201,260,566
194,202,260,261
203,202,261,565
194,203,261,262
204,203,262,564
194,204,262,263
205,204,263,563
194,205,263,264
206,205,264,562
194,206,264,265
207,206,265,561
194,207,265,266
208,207,266,561
194,208,266,267
209,208,267,560
194,209,267,268
210,209,268,559
194,210,268,269
211,210,269,558
194,211,269,270
212,211,270,557
194,212,270,271
213,212,271,556
194,213,271,272
214,213,272,555
194,214,272,273
215,214,273,555
194,215,273,274
216,215,274,554
194,216,274,275
217,216,275,554
194,217,275,276
218,217,276,553
194,218,276,277
219,218,277,552
194,219,277,278
220,219,278,551
194,220,278,279
221,220,279,550
194,221,279,280
222,221,280,549
194,222,280,281
223,222,281,548
194,223,281,282
224,223,282,547
194,224,282,283
225,224,283,546
194,225,283,284
226,225,284,545
194,226,284,285
227,226,285,399
194,227,285,286
228,227,286,398
194,228,286,287
229,228,287,398
194,229,287,288
230,229,288,453
194,230,288,289
231,230,289,452
194,231,289,290
232,231,290,397
194,232,290,291
233,232,291,397
194,233,291,292
234,233,292,396
194,234,292,293
235,234,293,395
194,235,293,294
236,235,294,395
194,236,294,295
237,236,295,394
194,237,295,296
238,237,296,394
194,238,296,297
239,238,297,393
194,239,297,298
240,239,298,392
194,240,298,299
241,240,299,391
194,241,299,300
242,241,300,391
194,242,300,301
243,242,301,390
194,243,301,302
244,243,302,389
194,244,302,303
245,244,303,389
194,245,303,304
246,245,304,388
194,246,304,305
247,246,305,387
194,247,305,306
248,247,306,386
194,248,306,307
249,248,307,385
194,249,307,308
250,249,308,384
194,250,308,309
251,250,309,383
194,251,309,310
252,251,310,382
194,252,310,311
253,252,311,381
194,253,311,312
254,253,312,380
194,254,312,313
112,254,313,379
194,112,313,314
194,110,314,315
194,111,315,316
194,108,316,317
194,109,317,318
194,106,318,319
194,107,319,320
194,105,320,321
194,103,321,322
194,104,322,323
194,101,323,324
194,102,324,325
194,100,325,326
194,98,326,327
194,99,327,328
194,97,328,329
194,96,329,330
194,95,330,331
194,93,331,332
194,94,332,333
194,178,333,334
194,177,334,335
194,175,335,336
194,190,336,337
194,189,337,338
194,188,338,339
194,187,339,340
194,186,340,341
194,185,341,342
194,184,342,343
194,183,343,344
194,182,344,345
194,181,345,346
194,179,346,347
194,255,348,-1
255,256,348,-1
256,194,348,349
256,193,349,350
256,191,350,351
256,192,351,-1
15,152,352,353
15,149,353,354
15,150,354,435
150,147,355,436
147,144,356,357
147,145,357,437
145,143,358,438
143,139,359,360
143,140,360,439
140,138,361,440
138,136,362,441
136,133,363,364
136,134,364,365
136,153,365,366
136,129,366,367
136,130,367,442
130,128,368,369
130,126,369,370
130,127,370,442
127,125,371,443
125,121,372,373
125,122,373,444
122,119,374,445
119,116,375,376
119,117,376,445
117,115,377,446
115,112,378,379
115,254,379,380
115,253,380,381
115,252,381,382
115,251,382,383
115,250,383,384
115,249,384,385
115,248,385,386
115,247,386,387
115,246,387,388
115,245,388,446
245,243,389,390
245,242,390,447
242,240,391,392
242,239,392,393
242,238,393,448
238,236,394,449
236,234,395,396
236,233,396,450
233,231,397,451
229,227,398,399
229,226,399,400
257,226,400,544
229,257,400,401
258,257,401,543
229,258,401,454
259,260,402,604
260,258,402,543
258,259,402,403
261,259,403,542
258,261,403,455
262,263,404,541
263,261,404,542
261,262,404,456
264,265,405,539
265,262,405,540
262,264,405,457
266,267,406,537
267,268,406,538
268,266,406,459
269,270,407,536
270,266,407,537
266,269,407,408
271,269,408,535
266,271,408,460
272,273,409,599
273,271,409,535
271,272,409,410
274,272,410,534
271,274,410,411
275,274,411,533
271,275,411,461
276,277,412,532
277,275,412,533
275,276,412,413
278,276,413,531
275,278,413,462
279,280,414,529
280,281,414,530
281,279,414,464
282,283,415,528
283,279,415,529
279,282,415,465
284,285,416,526
285,282,416,527
282,284,416,466
286,287,417,524
287,288,417,525
288,286,417,418
289,286,418,524
288,289,418,419
36,289,419,493
288,36,419,420
288,37,420,421
288,35,421,422
288,34,422,423
288,32,423,424
288,33,424,468
33,31,425,469
31,28,426,427
31,27,427,470
27,25,428,429
27,24,429,430
27,23,430,471
23,21,431,472
21,19,432,473
19,17,433,434
19,16,434,474
16,150,435,436
16,147,436,437
16,145,437,438
16,143,438,439
16,140,439,440
16,138,440,441
16,136,441,475
136,127,442,443
136,125,443,444
136,122,444,476
122,117,445,476
117,245,446,447
117,242,447,448
117,238,448,449
117,236,449,450
117,233,450,451
117,231,451,452
117,230,452,453
117,229,453,454
117,258,454,455
117,261,455,456
117,262,456,457
117,264,457,458
268,264,458,538
117,268,458,459
117,266,459,460
117,271,460,461
117,275,461,462
117,278,462,463
281,278,463,530
117,281,463,464
117,279,464,465
117,282,465,466
117,284,466,467
288,284,467,525
117,288,467,468
117,33,468,469
117,31,469,470
117,27,470,471
117,23,471,472
117,21,472,473
117,19,473,474
117,16,474,475
117,136,475,476
62,60,477,478
62,57,478,479
62,58,479,514
58,54,480,481
58,55,481,515
55,52,482,483
55,53,483,516
53,50,484,517
50,48,485,486
50,47,486,487
50,46,487,488
50,45,488,489
50,44,489,518
44,42,490,519
42,40,491,492
42,39,492,520
38,289,493,494
290,289,494,593
38,290,494,495
291,290,495,592
38,291,495,496
292,291,496,591
38,292,496,497
293,292,497,590
38,293,497,498
294,293,498,589
38,294,498,499
295,294,499,588
38,295,499,500
296,295,500,587
38,296,500,501
297,296,501,586
38,297,501,502
298,297,502,585
38,298,502,503
299,298,503,584
38,299,503,504
300,299,504,583
38,300,504,505
301,300,505,582
38,301,505,506
302,301,506,581
38,302,506,507
303,302,507,580
38,303,507,508
304,303,508,579
38,304,508,509
305,304,509,578
38,305,509,522
306,307,510,576
307,305,510,577
305,306,510,523
308,309,511,574
309,306,511,575
306,308,511,523
310,311,512,572
311,308,512,573
308,310,512,513
62,310,513,-1
308,62,513,514
308,58,514,515
308,55,515,516
308,53,516,517
308,50,517,518
308,44,518,519
308,42,519,520
308,39,520,521
308,38,521,522
308,305,522,523
289,287,524,594
287,284,525,526
287,285,526,527
287,282,527,528
287,283,528,595
283,280,529,596
280,278,530,531
280,276,531,532
280,277,532,597
277,274,533,534
277,272,534,598
273,269,535,536
273,270,536,600
270,267,537,601
267,264,538,539
267,265,539,540
267,262,540,541
267,263,541,602
263,259,542,603
260,257,543,544
260,226,544,545
260,225,545,546
260,224,546,547
260,223,547,548
260,222,548,549
260,221,549,550
260,220,550,551
260,219,551,552
260,218,552,553
260,217,553,605
217,215,554,605
215,213,555,556
215,212,556,557
215,211,557,558
215,210,558,559
215,209,559,560
215,208,560,606
208,206,561,562
208,205,562,563
208,204,563,564
208,203,564,565
208,202,565,607
202,200,566,608
200,198,567,609
198,195,568,569
198,196,569,570
312,196,570,-1
198,312,570,571
310,312,571,-1
198,310,571,572
198,311,572,573
198,308,573,574
198,309,574,575
198,306,575,576
198,307,576,577
198,305,577,578
198,304,578,579
198,303,579,580
198,302,580,581
198,301,581,582
198,300,582,583
198,299,583,584
198,298,584,585
198,297,585,586
198,296,586,587
198,295,587,588
198,294,588,589
198,293,589,590
198,292,590,591
198,291,591,592
198,290,592,593
198,289,593,594
198,287,594,595
198,283,595,596
198,280,596,597
198,277,597,598
198,272,598,599
198,273,599,600
198,270,600,601
198,267,601,602
198,263,602,603
198,259,603,604
198,260,604,609
260,215,605,606
260,208,606,607
260,202,607,608
260,200,608,609