0,1,0,-1
1,2,0,463
2,0,0,1
3,0,1,649
2,3,1,2
4,3,2,665
2,4,2,3
5,4,3,664
2,5,3,83
6,7,4,663
7,5,4,664
5,6,4,84
8,9,5,661
9,6,5,662
6,8,5,85
10,11,6,660
11,8,6,661
8,10,6,7
12,10,7,659
8,12,7,86
13,14,8,657
14,12,8,658
12,13,8,87
15,16,9,698
16,13,9,699
13,15,9,10
17,15,10,697
13,17,10,88
18,19,11,694
19,20,11,695
20,18,11,12
21,18,12,693
20,21,12,91
22,23,13,692
23,21,13,693
21,22,13,92
24,25,14,690
25,26,14,691
26,24,14,94
27,28,15,688
28,24,15,689
24,27,15,95
29,30,16,686
30,31,16,687
31,29,16,17
32,29,17,787
31,32,17,18
33,32,18,786
31,33,18,96
34,35,19,785
35,33,19,786
33,34,19,97
36,37,20,820
37,34,20,785
34,36,20,21
38,36,21,784
34,38,21,22
39,38,22,783
34,39,22,98
40,41,23,782
41,39,23,783
39,40,23,24
42,40,24,920
39,42,24,99
43,44,25,919
44,42,25,920
42,43,25,26
45,43,26,918
42,45,26,100
46,47,27,916
47,45,27,917
45,46,27,101
48,49,28,914
49,50,28,915
50,48,28,102
51,52,29,913
52,48,29,914
48,51,29,30
53,51,30,912
48,53,30,31
54,53,31,911
48,54,31,32
55,54,32,910
48,55,32,33
56,55,33,909
48,56,33,34
57,56,34,590
48,57,34,35
58,57,35,589
48,58,35,36
59,58,36,589
48,59,36,37
60,59,37,588
48,60,37,38
61,60,38,587
48,61,38,103
62,63,39,586
63,61,39,587
61,62,39,40
64,62,40,585
61,64,40,41
65,64,41,584
61,65,41,42
66,65,42,360
61,66,42,43
67,66,43,359
61,67,43,44
68,67,44,359
61,68,44,45
69,68,45,422
61,69,45,46
70,69,46,358
61,70,46,47
71,70,47,358
61,71,47,48
72,71,48,357
61,72,48,104
73,74,49,356
74,72,49,357
72,73,49,105
75,76,50,355
76,73,50,356
73,75,50,106
77,78,51,420
78,75,51,355
75,77,51,52
79,77,52,354
75,79,52,107
80,81,53,353
81,79,53,354
79,80,53,108
82,83,54,352
83,80,54,353
80,82,54,55
84,82,55,351
80,84,55,109
85,86,56,417
86,84,56,351
84,85,56,57
87,85,57,440
84,87,57,58
88,87,58,350
84,88,58,59
89,88,59,349
84,89,59,110
90,91,60,348
91,89,60,349
89,90,60,111
92,93,61,347
93,90,61,348
90,92,61,112
94,95,62,415
95,92,62,347
92,94,62,63
96,94,63,346
92,96,63,113
97,98,64,413
98,96,64,346
96,97,64,65
99,97,65,345
96,99,65,66
100,99,66,344
96,100,66,114
101,102,67,343
102,100,67,344
100,101,67,115
103,104,68,474
104,101,68,342
101,103,68,116
105,106,69,504
106,107,69,473
107,105,69,70
108,105,70,503
107,108,70,71
109,108,71,472
107,109,71,118
110,111,72,471
111,109,72,472
109,110,72,119
112,113,73,500
113,110,73,471
110,112,73,74
114,112,74,499
110,114,74,75
115,114,75,470
110,115,75,76
116,115,76,469
110,116,76,77
117,116,77,468
110,117,77,120
118,119,78,467
119,117,78,468
117,118,78,121
120,121,79,496
121,118,79,467
118,120,79,80
122,120,80,466
118,122,80,81
123,122,81,465
118,123,81,122
2,124,82,464
124,123,82,465
123,2,82,83
123,5,83,84
123,6,84,85
123,8,85,86
123,12,86,87
123,13,87,88
123,17,88,89
125,17,89,696
123,125,89,90
20,125,90,695
123,20,90,91
123,21,91,92
123,22,92,93
26,22,93,691
123,26,93,94
123,24,94,95
123,27,95,123
31,27,96,687
27,33,96,97
27,34,97,98
27,39,98,99
27,42,99,100
27,45,100,101
27,46,101,123
50,46,102,915
46,48,102,103
46,61,103,104
46,72,104,105
46,73,105,106
46,75,106,107
46,79,107,108
46,80,108,109
46,84,109,110
46,89,110,111
46,90,111,112
46,92,112,113
46,96,113,114
46,100,114,115
46,101,115,116
46,103,116,117
107,103,117,473
46,107,117,118
46,109,118,119
46,110,119,120
46,117,120,121
46,118,121,122
46,123,122,123
126,127,124,195
127,128,124,-1
128,126,124,125
129,126,125,195
128,129,125,126
130,129,126,194
128,130,126,127
131,130,127,193
128,131,127,128
132,131,128,192
128,132,128,164
133,134,129,191
134,132,129,192
132,133,129,165
135,136,130,245
136,137,130,188
137,135,130,131
138,135,131,526
137,138,131,132
139,138,132,525
137,139,132,133
140,139,133,524
137,140,133,168
141,142,134,523
142,140,134,524
140,141,134,135
143,141,135,522
140,143,135,168
144,145,136,520
145,146,136,521
146,144,136,137
147,144,137,519
146,147,137,169
148,149,138,239
149,150,138,517
150,148,138,139
151,148,139,745
150,151,139,140
152,151,140,744
150,152,140,141
153,152,141,578
150,153,141,142
154,153,142,733
150,154,142,143
155,154,143,732
150,155,143,144
156,155,144,732
150,156,144,145
157,156,145,739
150,157,145,146
158,157,146,731
150,158,146,147
159,158,147,731
150,159,147,148
160,159,148,574
150,160,148,171
161,162,149,727
162,160,149,573
160,161,149,172
163,164,150,725
164,161,150,726
161,163,150,173
165,166,151,570
166,167,151,571
167,165,151,152
168,165,152,542
167,168,152,153
169,168,153,541
167,169,153,175
170,171,154,539
171,169,154,540
169,170,154,176
172,173,155,538
173,170,155,539
170,172,155,177
174,175,156,537
175,172,156,538
172,174,156,157
176,174,157,536
172,176,157,178
177,178,158,535
178,176,158,536
176,177,158,159
179,177,159,534
176,179,159,179
180,181,160,532
181,179,160,533
179,180,160,161
182,180,161,531
179,182,161,180
183,184,162,553
184,185,162,554
185,183,162,163
128,183,163,-1
185,128,163,164
185,132,164,165
185,133,165,166
186,133,166,190
185,186,166,167
137,186,167,189
185,137,167,181
137,143,168,182
146,143,169,521
143,147,169,170
150,147,170,518
143,150,170,171
143,160,171,172
143,161,172,173
143,163,173,174
167,163,174,725
143,167,174,175
143,169,175,176
143,170,176,177
143,172,177,178
143,176,178,179
143,179,179,180
143,182,180,182
185,182,181,531
182,137,181,182
187,188,183,251
188,127,183,-1
127,187,183,184
189,187,184,250
127,189,184,196
190,191,185,248
191,192,185,249
192,190,185,198
193,194,186,247
194,190,186,248
190,193,186,187
136,193,187,246
190,136,187,188
190,137,188,189
190,186,189,190
190,133,190,191
190,134,191,199
134,131,192,193
134,130,193,194
134,129,194,199
129,127,195,196
129,189,196,197
192,189,197,249
129,192,197,198
129,190,198,199
195,196,200,286
196,188,200,-1
188,195,200,201
197,195,201,285
188,197,201,202
198,197,202,284
188,198,202,203
199,198,203,284
188,199,203,204
200,199,204,283
188,200,204,205
201,200,205,282
188,201,205,206
202,201,206,282
188,202,206,207
203,202,207,281
188,203,207,208
204,203,208,280
188,204,208,209
205,204,209,279
188,205,209,210
206,205,210,279
188,206,210,211
207,206,211,278
188,207,211,212
208,207,212,277
188,208,212,213
209,208,213,276
188,209,213,214
210,209,214,275
188,210,214,215
211,210,215,274
188,211,215,216
212,211,216,373
188,212,216,217
213,212,217,372
188,213,217,218
214,213,218,372
188,214,218,219
215,214,219,429
188,215,219,220
216,215,220,371
188,216,220,221
217,216,221,371
188,217,221,222
218,217,222,370
188,218,222,223
219,218,223,369
188,219,223,224
220,219,224,368
188,220,224,225
221,220,225,368
188,221,225,226
222,221,226,428
188,222,226,227
223,222,227,427
188,223,227,252
224,225,228,366
225,226,228,367
226,224,228,229
227,224,229,365
226,227,229,254
228,229,230,364
229,227,230,365
227,228,230,231
230,228,231,363
227,230,231,255
231,232,232,362
232,230,232,363
230,231,232,233
233,231,233,362
230,233,233,234
234,233,234,582
230,234,234,235
235,234,235,581
230,235,235,236
236,235,236,580
230,236,236,237
237,236,237,740
230,237,237,256
148,238,238,746
238,237,238,740
237,148,238,239
237,149,239,240
239,149,240,517
237,239,240,241
240,239,241,516
237,240,241,242
241,240,242,515
237,241,242,256
242,243,243,528
243,241,243,515
241,242,243,244
244,242,244,514
241,244,244,257
135,244,245,514
244,136,245,246
244,193,246,247
244,194,247,257
194,191,248,258
191,189,249,250
191,187,250,251
191,188,251,252
191,223,252,253
226,223,253,367
191,226,253,254
191,227,254,255
191,230,255,258
230,241,256,259
241,194,257,259
194,230,258,259
245,246,260,314
246,196,260,-1
196,245,260,286
247,248,261,396
248,245,261,397
245,247,261,262
249,247,262,395
245,249,262,287
250,251,263,393
251,252,263,394
252,250,263,289
253,254,264,390
254,255,264,391
255,253,264,292
256,257,265,387
257,258,265,388
258,256,265,266
259,256,266,386
258,259,266,295
260,261,267,384
261,262,267,385
262,260,267,297
263,264,268,382
264,265,268,383
265,263,268,269
266,263,269,381
265,266,269,299
267,268,270,379
268,269,270,380
269,267,270,301
270,271,271,377
271,272,271,378
272,270,271,303
273,274,272,375
274,275,272,376
275,273,272,273
211,273,273,374
275,211,273,274
275,210,274,275
275,209,275,276
275,208,276,277
275,207,277,278
275,206,278,305
206,204,279,280
206,203,280,281
206,202,281,306
202,200,282,283
202,199,283,307
199,197,284,285
199,195,285,307
195,245,286,287
195,249,287,288
252,249,288,394
195,252,288,289
195,250,289,290
276,250,290,392
195,276,290,291
255,276,291,391
195,255,291,292
195,253,292,293
277,253,293,389
195,277,293,294
258,277,294,388
195,258,294,295
195,259,295,296
262,259,296,385
195,262,296,297
195,260,297,298
265,260,298,383
195,265,298,299
195,266,299,300
269,266,300,380
195,269,300,301
195,267,301,302
272,267,302,378
195,272,302,303
195,270,303,304
275,270,304,376
195,275,304,305
195,206,305,306
195,202,306,307
278,279,308,400
279,246,308,-1
246,278,308,309
280,278,309,400
246,280,309,310
281,280,310,399
246,281,310,311
282,281,311,398
246,282,311,312
283,282,312,398
246,283,312,313
284,283,313,436
246,284,313,314
245,284,314,397
285,286,315,452
286,279,315,-1
279,285,315,401
287,288,316,-1
288,289,316,451
289,287,316,317
290,287,317,-1
289,290,317,318
291,290,318,453
289,291,318,319
292,291,319,458
289,292,319,320
293,292,320,457
289,293,320,321
294,293,321,456
289,294,321,322
295,294,322,460
289,295,322,323
296,295,323,491
289,296,323,324
297,296,324,491
289,297,324,325
298,297,325,490
289,298,325,326
299,298,326,490
289,299,326,327
300,299,327,489
289,300,327,328
301,300,328,489
289,301,328,329
302,301,329,511
289,302,329,330
303,302,330,488
289,303,330,331
304,303,331,487
289,304,331,332
305,304,332,486
289,305,332,403
306,307,333,485
307,305,333,486
305,306,333,334
308,306,334,484
305,308,334,404
309,310,335,483
310,308,335,484
308,309,335,405
311,312,336,482
312,309,336,483
309,311,336,406
313,314,337,481
314,311,337,482
311,313,337,407
315,316,338,479
316,317,338,480
317,315,338,339
318,315,339,478
317,318,339,409
319,320,340,477
320,318,340,478
318,319,340,341
321,319,341,476
318,321,341,410
104,321,342,475
321,101,342,343
321,102,343,411
102,99,344,345
102,97,345,412
98,94,346,414
95,93,347,415
93,91,348,416
91,88,349,350
91,87,350,416
86,82,351,352
86,83,352,417
83,81,353,418
81,77,354,419
78,76,355,420
76,74,356,421
74,71,357,421
71,69,358,443
68,66,359,360
68,65,360,361
233,65,361,583
68,233,361,422
233,232,362,423
232,228,363,364
232,229,364,424
229,224,365,366
229,225,366,425
225,223,367,426
221,219,368,369
221,218,369,370
221,217,370,428
217,215,371,446
214,212,372,373
214,211,373,374
214,273,374,375
214,274,375,429
274,270,376,377
274,271,377,430
271,267,378,379
271,268,379,431
268,266,380,381
268,263,381,382
268,264,382,432
264,260,383,384
264,261,384,448
261,259,385,386
261,256,386,387
261,257,387,433
257,277,388,389
257,253,389,390
257,254,390,433
254,276,391,392
254,250,392,393
254,251,393,434
251,249,394,395
251,247,395,396
251,248,396,434
248,284,397,435
283,281,398,399
283,280,399,437
280,279,400,401
280,285,401,402
289,285,402,452
280,289,402,403
280,305,403,404
280,308,404,405
280,309,405,406
280,311,406,407
280,313,407,408
317,313,408,480
280,317,408,409
280,318,409,410
280,321,410,411
280,102,411,412
280,97,412,413
280,98,413,414
280,94,414,437
94,93,415,438
93,87,416,439
85,83,417,418
85,81,418,419
85,77,419,441
77,76,420,442
76,71,421,442
69,233,422,423
69,232,423,424
69,229,424,425
69,225,425,426
69,223,426,427
69,222,427,444
222,217,428,445
215,274,429,430
215,271,430,431
215,268,431,432
215,264,432,447
261,254,433,449
254,248,434,435
254,284,435,436
254,283,436,450
283,94,437,438
283,93,438,439
283,87,439,440
283,85,440,441
283,77,441,450
77,71,442,443
77,69,443,444
77,222,444,445
77,217,445,446
77,215,446,447
77,264,447,448
77,261,448,449
77,254,449,450
288,286,451,-1
286,289,451,452
322,290,453,-1
291,322,453,458
323,324,454,461
324,322,454,462
322,323,454,459
294,325,455,460
325,323,455,461
323,294,455,456
323,293,456,457
323,292,457,459
292,322,458,459
295,325,460,492
325,324,461,493
1,322,462,-1
324,1,462,463
324,2,463,464
324,124,464,494
124,122,465,466
124,120,466,495
121,119,467,497
119,116,468,469
119,115,469,470
119,114,470,498
113,111,471,501
111,108,472,502
106,103,473,474
106,104,474,475
106,321,475,476
106,319,476,477
106,320,477,504
320,315,478,479
320,316,479,505
316,313,480,481
316,314,481,506
314,312,482,507
312,310,483,508
310,306,484,485
310,307,485,509
307,304,486,487
307,303,487,488
307,302,488,510
301,299,489,512
299,297,490,513
297,295,491,492
297,325,492,493
297,324,493,494
297,124,494,495
297,120,495,496
297,121,496,497
297,119,497,498
297,114,498,499
297,112,499,500
297,113,500,501
297,111,501,502
297,108,502,503
297,105,503,513
105,320,504,505
105,316,505,506
105,314,506,507
105,312,507,508
105,310,508,509
105,307,509,510
105,302,510,511
105,301,511,512
105,299,512,513
135,242,514,527
243,240,515,516
243,239,516,529
239,150,517,518
239,147,518,519
239,144,519,520
239,145,520,530
145,143,521,522
145,141,522,523
145,142,523,530
142,139,524,525
142,138,525,526
142,135,526,527
142,242,527,528
142,243,528,529
142,239,529,530
185,180,531,532
185,181,532,533
185,179,533,534
185,177,534,535
185,178,535,554
178,174,536,537
178,175,537,555
175,173,538,556
173,171,539,540
173,169,540,541
173,168,541,542
173,165,542,543
326,165,543,570
173,326,543,544
327,326,544,569
173,327,544,545
328,327,545,568
173,328,545,546
329,328,546,567
173,329,546,556
330,331,547,566
331,329,547,567
329,330,547,548
332,330,548,565
329,332,548,557
333,334,549,564
334,332,549,565
332,333,549,558
335,336,550,563
336,333,550,564
333,335,550,558
337,338,551,562
338,335,551,563
335,337,551,559
183,339,552,-1
339,337,552,562
337,183,552,553
337,184,553,559
184,178,554,555
184,175,555,560
175,329,556,557
175,332,557,560
332,335,558,561
335,184,559,561
184,332,560,561
339,338,562,618
338,336,563,619
336,334,564,620
334,330,565,566
334,331,566,621
331,328,567,568
331,327,568,569
331,326,569,622
326,166,570,623
340,167,571,730
166,340,571,624
341,342,572,728
342,340,572,729
340,341,572,625
162,341,573,728
341,160,573,574
341,159,574,575
343,159,575,737
341,343,575,576
344,343,576,737
341,344,576,577
345,344,577,736
341,345,577,626
346,152,578,743
153,346,578,629
347,348,579,742
348,346,579,743
346,347,579,630
236,347,580,741
347,235,580,581
347,234,581,582
347,233,582,583
347,65,583,584
347,64,584,585
347,62,585,586
347,63,586,631
63,60,587,588
63,59,588,632
59,57,589,590
59,56,590,591
349,56,591,908
59,349,591,633
350,351,592,907
351,349,592,908
349,350,592,593
352,350,593,906
349,352,593,634
353,354,594,904
354,352,594,905
352,353,594,635
355,356,595,959
356,353,595,904
353,355,595,596
357,355,596,903
353,357,596,597
358,357,597,902
353,358,597,636
359,360,598,957
360,358,598,902
358,359,598,599
361,359,599,956
358,361,599,600
362,361,600,901
358,362,600,601
363,362,601,1017
358,363,601,602
364,363,602,1016
358,364,602,603
365,364,603,1015
358,365,603,604
366,365,604,1015
358,366,604,605
367,366,605,1014
358,367,605,606
368,367,606,1014
358,368,606,607
369,368,607,1013
358,369,607,637
370,371,608,1012
371,369,608,1013
369,370,608,637
372,373,609,1009
373,374,609,1010
374,372,609,640
375,376,610,1008
376,372,610,1009
372,375,610,641
377,378,611,1006
378,379,611,1007
379,377,611,643
380,381,612,1005
381,377,612,1006
377,380,612,644
382,383,613,1003
383,384,613,1004
384,382,613,646
385,386,614,1001
386,382,614,1002
382,385,614,647
387,388,615,1000
388,385,615,1001
385,387,615,616
389,387,616,999
385,389,616,648
339,390,617,-1
390,389,617,999
389,339,617,618
389,338,618,619
389,336,619,620
389,334,620,621
389,331,621,622
389,326,622,623
389,166,623,624
389,340,624,625
389,341,625,626
389,345,626,627
391,345,627,735
389,391,627,628
153,391,628,734
389,153,628,629
389,346,629,630
389,347,630,631
389,63,631,632
389,59,632,633
389,349,633,634
389,352,634,635
389,353,635,636
389,358,636,648
358,370,637,638
392,370,638,1011
358,392,638,639
374,392,639,1010
358,374,639,640
358,372,640,641
358,375,641,642
379,375,642,1007
358,379,642,643
358,377,643,644
358,380,644,645
384,380,645,1004
358,384,645,646
358,382,646,647
358,385,647,648
393,0,649,-1
3,393,649,650
394,393,650,670
3,394,650,651
395,394,651,704
3,395,651,652
396,395,652,703
3,396,652,653
397,396,653,702
3,397,653,666
398,399,654,701
399,397,654,702
397,398,654,667
400,401,655,700
401,398,655,701
398,400,655,656
402,400,656,700
398,402,656,668
13,402,657,699
402,14,657,658
402,12,658,659
402,10,659,660
402,11,660,669
11,9,661,662
11,6,662,663
11,7,663,669
7,4,664,665
7,3,665,666
7,397,666,667
7,398,667,668
7,402,668,669
403,393,670,-1
394,403,670,671
404,403,671,747
394,404,671,672
405,404,672,806
394,405,672,673
406,405,673,805
394,406,673,674
407,406,674,804
394,407,674,675
408,407,675,803
394,408,675,704
409,410,676,802
410,408,676,803
408,409,676,705
411,412,677,800
412,413,677,801
413,411,677,707
414,415,678,798
415,416,678,799
416,414,678,709
417,418,679,797
418,414,679,798
414,417,679,710
419,420,680,796
420,417,680,797
417,419,680,681
421,419,681,795
417,421,681,711
422,423,682,793
423,424,682,794
424,422,682,713
425,426,683,790
426,427,683,791
427,425,683,684
428,425,684,789
427,428,684,715
29,429,685,788
429,428,685,789
428,29,685,686
428,30,686,716
30,27,687,688
30,28,688,689
30,24,689,690
30,25,690,717
25,22,691,692
25,23,692,718
23,18,693,694
23,19,694,719
19,125,695,696
19,17,696,697
19,15,697,698
19,16,698,720
16,402,699,721
402,401,700,722
401,399,701,723
399,396,702,703
399,395,703,724
395,408,704,705
395,409,705,706
413,409,706,801
395,413,706,707
395,411,707,708
416,411,708,799
395,416,708,709
395,414,709,710
395,417,710,711
395,421,711,712
424,421,712,794
395,424,712,713
395,422,713,714
430,422,714,792
395,430,714,724
427,430,715,791
430,428,715,716
430,30,716,717
430,25,717,718
430,23,718,719
430,19,719,720
430,16,720,721
430,402,721,722
430,401,722,723
430,399,723,724
167,164,725,726
167,161,726,727
167,162,727,730
162,342,728,729
162,340,729,730
159,157,731,738
156,154,732,733
156,153,733,734
156,391,734,735
156,345,735,736
156,344,736,739
344,159,737,738
344,157,738,739
238,236,740,741
238,347,741,742
238,348,742,746
348,152,743,744
348,151,744,745
348,148,745,746
431,403,747,-1
404,431,747,748
432,431,748,850
404,432,748,749
433,432,749,866
404,433,749,750
434,433,750,865
404,434,750,751
435,434,751,864
404,435,751,806
436,437,752,862
437,435,752,863
435,436,752,753
438,436,753,861
435,438,753,807
439,440,754,859
440,438,754,860
438,439,754,808
441,442,755,857
442,439,755,858
439,441,755,809
443,444,756,989
444,441,756,856
441,443,756,757
445,443,757,875
441,445,757,758
446,445,758,874
441,446,758,759
447,446,759,874
441,447,759,760
448,447,760,873
441,448,760,761
449,448,761,872
441,449,761,762
450,449,762,871
441,450,762,810
451,452,763,870
452,450,763,871
450,451,763,764
453,451,764,869
450,453,764,810
454,455,765,938
455,453,765,869
453,454,765,831
456,457,766,936
457,458,766,937
458,456,766,811
459,460,767,935
460,456,767,936
456,459,767,812
461,462,768,933
462,463,768,934
463,461,768,769
464,461,769,933
463,464,769,770
465,464,770,932
463,465,770,814
466,467,771,967
467,465,771,932
465,466,771,772
468,466,772,931
465,468,772,773
469,468,773,930
465,469,773,774
470,469,774,929
465,470,774,814
471,472,775,928
472,470,775,929
470,471,775,833
473,474,776,926
474,475,776,927
475,473,776,815
476,477,777,925
477,473,777,926
473,476,777,816
478,479,778,924
479,476,778,925
476,478,778,779
480,478,779,923
476,480,779,817
481,482,780,922
482,480,780,923
480,481,780,781
40,481,781,921
480,40,781,782
480,41,782,818
41,38,783,784
41,36,784,819
37,35,785,821
35,32,786,787
35,29,787,788
35,429,788,822
429,425,789,790
429,426,790,823
426,430,791,792
426,422,792,793
426,423,793,824
423,421,794,795
423,419,795,796
423,420,796,825
420,418,797,826
418,415,798,827
415,411,799,800
415,412,800,828
412,409,801,802
412,410,802,828
410,407,803,804
410,406,804,805
410,405,805,829
405,435,806,807
405,438,807,808
405,439,808,809
405,441,809,829
441,453,810,830
458,454,811,937
454,456,811,812
454,459,812,813
463,459,813,934
454,463,813,832
463,470,814,835
475,471,815,927
471,473,815,816
471,476,816,817
471,480,817,818
471,41,818,819
471,36,819,820
471,37,820,821
471,35,821,822
471,429,822,823
471,426,823,824
471,423,824,825
471,420,825,826
471,418,826,827
471,415,827,833
415,410,828,834
410,441,829,830
410,453,830,831
410,454,831,832
410,463,832,834
470,415,833,835
415,463,834,835
483,484,836,-30178
484,485,836,-30178
485,483,836,837
486,483,837,-30178
485,486,837,838
487,486,838,-30178
485,487,838,839
488,487,839,-30178
485,488,839,-30178
489,490,840,-30178
490,491,840,-30178
491,489,840,841
492,489,841,-30178
491,492,841,842
493,492,842,-30178
491,493,842,847
494,495,843,-30178
495,493,843,-30178
493,494,843,848
496,497,844,-30178
497,494,844,-30178
494,496,844,849
498,499,845,-30178
499,496,845,-30178
496,498,845,849
491,500,846,-30178
500,498,846,-30178
498,491,846,847
498,493,847,848
498,494,848,849
501,431,850,-1
432,501,850,851
502,501,851,974
432,502,851,852
503,502,852,994
432,503,852,867
504,505,853,993
505,503,853,994
503,504,853,867
506,507,854,991
507,508,854,992
508,506,854,855
444,506,855,990
508,444,855,856
508,441,856,857
508,442,857,858
508,439,858,859
508,440,859,860
508,438,860,861
508,436,861,862
508,437,862,863
508,435,863,864
508,434,864,865
508,433,865,866
508,432,866,868
432,504,867,868
508,504,868,992
455,451,869,870
455,452,870,939
452,449,871,872
452,448,872,873
452,447,873,940
447,445,874,941
509,443,875,988
445,509,875,942
510,511,876,986
511,509,876,987
509,510,876,943
512,513,877,997
513,510,877,986
510,512,877,878
514,512,878,996
510,514,878,944
515,516,879,984
516,514,879,985
514,515,879,880
517,515,880,983
514,517,880,945
518,519,881,981
519,517,881,982
517,518,881,946
520,521,882,978
521,522,882,979
522,520,882,883
523,520,883,977
522,523,883,948
524,525,884,975
525,523,884,976
523,524,884,885
526,524,885,-1
523,526,885,886
527,526,886,-1
523,527,886,887
528,527,887,1104
523,528,887,949
529,530,888,1078
530,528,888,1103
528,529,888,889
531,529,889,1077
528,531,889,890
532,531,890,1097
528,532,890,891
533,532,891,1096
528,533,891,892
534,533,892,1096
528,534,892,893
535,534,893,1102
528,535,893,894
536,535,894,1095
528,536,894,950
537,538,895,1091
538,536,895,1031
536,537,895,896
539,537,896,1094
536,539,896,951
540,541,897,1066
541,539,897,1090
539,540,897,898
542,540,898,1066
539,542,898,899
543,542,899,1065
539,543,899,952
544,545,900,1060
545,546,900,1023
546,544,900,954
362,544,901,1059
544,361,901,955
360,357,902,903
360,355,903,958
356,354,904,905
356,352,905,906
356,350,906,907
356,351,907,960
351,56,908,909
351,55,909,910
351,54,910,911
351,53,911,912
351,51,912,913
351,52,913,960
52,49,914,961
49,46,915,916
49,47,916,917
49,45,917,918
49,43,918,919
49,44,919,962
44,40,920,921
44,481,921,922
44,482,922,963
482,478,923,924
482,479,924,964
479,477,925,965
477,474,926,973
474,471,927,928
474,472,928,966
472,469,929,930
472,468,930,931
472,466,931,966
467,464,932,968
464,462,933,969
462,459,934,935
462,460,935,970
460,457,936,971
457,454,937,938
457,455,938,939
457,452,939,940
457,447,940,941
457,445,941,942
457,509,942,943
457,510,943,944
457,514,944,945
457,517,945,946
457,518,946,947
522,518,947,980
457,522,947,948
457,523,948,949
457,528,949,950
457,536,950,951
457,539,951,952
457,543,952,953
546,543,953,1064
457,546,953,954
457,544,954,955
457,361,955,956
457,359,956,957
457,360,957,958
457,355,958,959
457,356,959,972
356,52,960,961
356,49,961,962
356,44,962,963
356,482,963,964
356,479,964,965
356,477,965,972
474,466,966,967
474,467,967,968
474,464,968,969
474,462,969,970
474,460,970,971
474,457,971,973
457,477,972,973
524,501,974,-1
502,524,974,975
502,525,975,976
502,523,976,977
502,520,977,978
502,521,978,979
502,522,979,980
502,518,980,981
502,519,981,982
502,517,982,983
502,515,983,984
502,516,984,985
502,514,985,995
513,511,986,987
513,509,987,988
513,443,988,989
513,444,989,990
513,506,990,991
513,507,991,998
507,504,992,993
507,505,993,998
505,502,994,995
505,514,995,996
505,512,996,997
505,513,997,998
390,387,999,1000
390,388,1000,1050
388,386,1001,1002
388,382,1002,1003
388,383,1003,1051
383,380,1004,1005
383,381,1005,1052
381,378,1006,1053
378,375,1007,1008
378,376,1008,1054
376,373,1009,1055
373,392,1010,1011
373,370,1011,1012
373,371,1012,1056
371,368,1013,1057
368,366,1014,1058
366,364,1015,1016
366,363,1016,1017
366,362,1017,1018
547,362,1018,1059
366,547,1018,1019
548,547,1019,1063
366,548,1019,1020
549,548,1020,1062
366,549,1020,1021
550,549,1021,1061
366,550,1021,1022
545,550,1022,1060
366,545,1022,1023
366,546,1023,1024
551,546,1024,1064
366,551,1024,1025
552,551,1025,1068
366,552,1025,1026
541,552,1026,1067
366,541,1026,1027
553,541,1027,1090
366,553,1027,1028
554,553,1028,1093
366,554,1028,1029
555,554,1029,1092
366,555,1029,1030
538,555,1030,1091
366,538,1030,1031
366,536,1031,1032
556,536,1032,1095
366,556,1032,1033
557,556,1033,1101
366,557,1033,1034
558,557,1034,1100
366,558,1034,1035
559,558,1035,1099
366,559,1035,1036
531,559,1036,1098
366,531,1036,1037
560,531,1037,1076
366,560,1037,1038
561,560,1038,1076
366,561,1038,1039
562,561,1039,1075
366,562,1039,1040
563,562,1040,1075
366,563,1040,1041
564,563,1041,1074
366,564,1041,1042
565,564,1042,1073
366,565,1042,1043
566,565,1043,1073
366,566,1043,1044
567,566,1044,1072
366,567,1044,1045
568,567,1045,1071
366,568,1045,1046
569,568,1046,1070
366,569,1046,1047
570,569,1047,1070
366,570,1047,1048
571,570,1048,1069
366,571,1048,1049
572,571,1049,1069
366,572,1049,1058
390,572,1050,-1
572,388,1050,1051
572,383,1051,1052
572,381,1052,1053
572,378,1053,1054
572,376,1054,1055
572,373,1055,1056
572,371,1056,1057
572,368,1057,1058
547,544,1059,1063
544,550,1060,1061
544,549,1061,1062
544,548,1062,1063
551,543,1064,1065
551,542,1065,1068
542,541,1066,1067
542,552,1067,1068
572,570,1069,1086
570,568,1070,1071
570,567,1071,1072
570,566,1072,1087
566,564,1073,1074
566,563,1074,1088
563,561,1075,1089
561,531,1076,1077
561,529,1077,1078
561,530,1078,1079
573,530,1079,1103
561,573,1079,1080
574,573,1080,1109
561,574,1080,1081
575,574,1081,1108
561,575,1081,1082
576,575,1082,1107
561,576,1082,1083
577,576,1083,1106
561,577,1083,1084
578,577,1084,1105
561,578,1084,1085
579,578,1085,-1
561,579,1085,1089
572,579,1086,-1
579,570,1086,1087
579,566,1087,1088
579,563,1088,1089
553,539,1090,1093
537,555,1091,1092
537,554,1092,1094
554,539,1093,1094
556,535,1095,1101
534,532,1096,1097
534,531,1097,1098
534,559,1098,1099
534,558,1099,1100
534,557,1100,1102
557,535,1101,1102
573,528,1103,1104
573,527,1104,1109
578,527,1105,-1
527,577,1105,1106
527,576,1106,1107
527,575,1107,1108
527,574,1108,1109