140.233333,0.0,0,1,586
138.433333,0.0,0,431,458,459
138.432183,-0.299692,0,1,2,3,85,432,433,459,460
140.233954,-0.067526,1,2,586,587,588,589,590,603,604
140.500149,-0.566959,2,3,602,603
141.000763,-1.165988,3,4,85,86,602
141.032737,-1.26599,4,5,86,87,601
141.033253,-1.168453,4,601,602,603,604,605,608
141.600301,-2.068097,5,6,7,87,88,600
141.16658,-1.398574,5,600,601,607,608
141.631927,-2.16598,6,7,598,599
141.634992,-2.067779,6,599,600,606,607
141.767411,-2.632064,7,88,89,597,598
142.36624,-3.566782,8,9,641,642
142.300364,-3.333611,8,595,596,642,643
142.033485,-3.033457,8,9,89,90,596,597
142.599772,-3.967495,9,90,91,640,641
143.766939,-5.132233,10,11,12,92,93,638
143.432669,-4.799507,10,638,639
142.833141,-4.300609,10,91,92,639,640
143.901585,-5.266834,11,12,636,637
143.835529,-5.134509,11,637,638,639,640,641,642,643,665,666
144.200715,-5.664715,12,13,93,94,636
144.467892,-5.967222,13,14,15,94,95,635
144.467722,-5.900325,13,635,636,637,664,665
144.899761,-6.333864,14,15,633,634
144.532848,-5.96639,14,634,635,663,664
145.065857,-6.567878,15,95,96,127,128,632,633
145.300382,-6.900666,16,17,96,128,129,630,631
145.299812,-6.731237,16,631,632,633,634,662,663
145.265278,-6.733645,16,96,632
145.600867,-7.199849,17,97,98,99,100,101,102,129,628,629
145.599373,-7.134428,17,629,630
146.36655,-7.732256,18,19,626,627,711,712
146.132497,-7.500428,18,627,628,629,630,631,661,662
146.065336,-7.499494,18,19,20,97,628
146.434868,-8.000056,19,20,710,711
146.600139,-8.235141,20,21,97,98,710
147.001581,-9.000461,21,22,23,24,98,99,709
146.86611,-8.499493,21,709,710,711,712,747,748
147.532846,-9.534132,22,23,708,745,746
147.133189,-8.99859,22,709,746,747
147.533783,-10.001636,23,24,707,708
147.698422,-10.33261,24,25,26,99,100,707
147.933292,-11.500567,25,26,705,706,839,840
147.73405,-10.334097,25,706,707,708,744,745
147.934072,-11.700134,26,27,28,100,101,839
148.034835,-12.099925,27,28,837,838
148.000792,-11.700844,27,838,839,840,871,872
147.931908,-12.566626,28,29,101,102,836,837
148.100779,-13.067941,29,102,103,104,105,106,107,108,109,110,111,112,113,114,115,116,117,118,119,120,121,122,123,124,125,126,127,128,129,834,835
148.098634,-12.966694,29,835,836
148.734554,-13.834809,30,103,104,832,833
148.733271,-13.733637,30,833,834,835,836,837,838,871
148.699079,-13.734836,30,103,834
148.8333,-14.466101,31,32,830,831
148.966827,-14.099475,31,831,832,833,870,871,872,873,874,884
148.932135,-14.100606,31,32,104,105,832
148.799543,-14.465967,32,33,34,35,36,37,38,39,40,105,106,829,830
148.7339,-15.598965,33,34,827,828
148.800249,-15.067187,33,828,829
148.566824,-15.966346,34,35,826,827
148.399283,-16.199277,35,36,546,547,825,826
147.900471,-16.199218,36,37,545,546
147.533521,-16.099087,37,38,545
146.900094,-16.233546,38,39,544,545,546,547,579,580
146.133077,-16.200161,39,40,543,544
145.467507,-16.332903,40,41,42,43,44,45,106,107,543
144.533449,-16.365448,41,42,541,542
145.466308,-16.367195,41,542,543,544,578,579
144.533536,-16.333124,42,43,540,541
143.766245,-16.300622,43,44,351,352,539,540
143.768041,-16.13176,44,45,350,351
143.533646,-15.831353,45,46,47,48,49,50,107,108,350
142.899166,-15.365628,46,47,408,409,426
143.499996,-15.833059,46,350,351,352,353,354,355,408
142.666105,-15.064429,47,48,349,407,425,426,427,430
142.665649,-14.966658,48,49,349
142.433048,-14.667074,49,50,348,349,406,407
142.433075,-14.565904,50,51,108,109,348
142.099501,-14.101159,51,52,109,110,347
142.299524,-14.433469,51,347,348,406
141.833805,-13.698005,52,53,54,110,111,346
142.065291,-14.099707,52,346,347,405,406,407,425
141.499988,-13.264635,53,54,345,404,405,425,429,430
141.800622,-13.70048,53,346,405
141.500749,-12.566647,54,55,111,112,345
141.433064,-12.333784,55,56,57,112,113,344
141.434222,-12.566225,55,344,345,403,404
141.267962,-12.033247,56,57,342,343
141.36705,-12.333428,56,343,344,402,403
141.267918,-11.866383,57,58,59,60,61,113,114,342
141.034257,-11.56704,58,59,402,403,404,424,428,429
141.199624,-11.867406,58,342,343,402
140.967584,-11.033649,59,60,341,401,423,424
141.034416,-10.865141,60,61,340,341
141.032412,-9.832542,61,62,114,115,340
140.8686,-9.600159,62,63,115,116,339
141.0016,-9.834115,62,339,340,341,401
140.76714,-9.399973,63,64,65,116,117,338
140.800047,-9.599031,63,338,339,400,401,423
140.332049,-8.933377,64,65,337,399,400,422,423,424,428
140.733464,-9.399791,64,338,400
140.134363,-8.199406,65,66,67,68,117,118,337
139.898543,-7.799488,66,67,336,397,398
140.099867,-8.199447,66,337,398,399
139.834972,-7.534857,67,68,335,336
139.634867,-6.90009,68,69,118,119,334,335
139.434233,-6.433558,69,70,119,120,332,333
139.533354,-6.733067,69,333,334
139.23149,-5.865697,70,71,72,120,121,442
139.200923,-6.100919,70,332,442,443
138.766563,-5.034389,71,72,440,441
138.900029,-5.502079,71,441,442,443,444,445,446,447,469
138.633287,-4.733739,72,73,74,121,122,440
138.599927,-4.399313,73,74,439,467,468
138.599484,-4.73427,73,440,441,468,469,470,471,472,473,474,475,476
138.766607,-3.967388,74,75,122,123,439
138.699648,-2.967507,75,76,77,78,79,80,123,124,438
138.700495,-3.499994,75,438,439,466,467
138.599048,-2.566006,76,77,464,465
138.666604,-2.967134,76,438,465,466
138.599739,-2.167076,77,78,437,463,464
138.634013,-2.166612,78,79,436,437
138.767293,-1.800414,79,80,435,436
138.833343,-1.799976,80,81,124,125,435
138.700176,-1.4997,81,82,83,84,125,126,434
138.699244,-1.631472,81,434,435,436,437,462,463
138.466338,-1.334695,82,83,433,460,461
138.633205,-1.499819,82,434,461,462
138.601056,-1.166621,83,84,432,433
138.567098,-0.566147,84,85,86,87,88,89,90,91,92,93,94,95,126,127,432
135.599544,-19.93386,130,131,191
135.0,-20.0,130,179,180,191,192
135.0,-22.5,130,131,132,133,134,162,163
135.834217,-19.799591,131,132,190,191,192,193,194
135.832364,-19.867686,132,133,189,190
136.300886,-19.865537,133,134,188,189
136.534049,-19.635244,134,135,163,164,188
137.16683,-19.568194,135,164,165,186,187
136.533428,-19.565715,135,187,188,189,190,194
138.89964,-18.69901,136,137,241,477,491,492
138.635465,-18.899535,136,183,184,241,242
138.166679,-19.334374,136,137,138,166,167,184,185
139.032515,-18.700687,137,138,490,491
139.234528,-18.566682,138,139,167,168,490
139.398037,-18.533592,139,168,169,488,489
139.233899,-18.532772,139,489,490,491,492,496
139.799679,-18.298899,140,141,170,177,178,486,487
139.566414,-18.300203,140,487,488,489,495,496
139.567002,-18.368209,140,169,170,488
140.099978,-18.299227,141,171,172,173,174,175,176,178,484,485
139.966978,-18.231669,141,485,486
140.867501,-17.832233,142,143,482,483
140.53393,-17.933515,142,483,484,485,486,487,494,495
140.534235,-17.965933,142,143,171,484
141.032548,-17.833898,143,171,172,481,482
142.233758,-17.299627,144,145,235,535
141.899841,-17.367572,144,235,236,480
141.800221,-17.53286,144,145,146,147,148,149,150,151,152,153,154,155,172,173,480,481
142.231868,-17.599477,145,146,534,535,536,576,577
141.999753,-18.034131,146,147,533,534
141.966727,-18.032475,147,148,533
141.731923,-18.632906,148,149,532,533,534,575,576
141.69904,-18.632501,149,150,532
141.634194,-18.867372,150,151,531,532,574,575
141.466866,-19.197565,151,152,504,505,531
141.333693,-19.333837,152,153,503,504
141.267407,-19.332308,153,154,503
141.099565,-19.700792,154,155,502,503,504,505,506,507,508,509,515
140.934267,-19.867785,155,156,173,174,502
140.867515,-20.034433,156,157,158,159,174,175,501
140.933977,-20.032834,156,501,502,515,518
140.633673,-20.667461,157,158,500,514,522,523
140.867608,-20.399496,157,501,518,519,520,523
140.266677,-21.034623,158,159,499,500
140.232889,-21.033469,159,160,175,176,498,499
139.866853,-21.631834,160,176,177,178,497
140.167671,-21.199301,160,497,498
139.866667,-22.5,161,162,512,513
139.932824,-22.100217,161,513,514,517,521,522
139.866322,-22.101192,161,162,163,164,165,166,167,168,169,170,177,497,498,499,500,514
137.867719,-19.466688,165,166,185,186
135.699924,-19.433262,179,180,245,246
135.0,-19.766667,179,195,196,197,198,199,200,201,202,203,204,205,206,207,208,209,210,211,212,213,214,215,216,217,218,219,220,221,222,223,224,225,226,227,228,246,247
135.732727,-19.434735,180,181,192,193,245
136.667149,-18.933184,181,182,183,184,185,186,187,193,194,244
136.132913,-19.001207,181,244,245,246,247,248,249,253
138.167887,-18.699755,182,183,242,243
136.933678,-18.733512,182,243,244,252,253,254
135.399083,-8.533995,195,196,284,285,286,287,288,289,290,291,292,293,294,295,296,297,298,299,300,301,302,306,307
135.0,-8.233333,195,255,285
135.967452,-9.100626,196,197,283,284
135.967121,-9.131142,197,198,283
136.067094,-9.132934,198,199,282,283,284,305,306
136.435224,-9.500209,199,200,281,282
136.434284,-9.531869,200,201,281
136.601107,-9.599505,201,202,280,281,282,305
136.834451,-9.834791,202,203,279,280
136.833187,-9.899335,203,204,279
137.301334,-10.066976,204,205,278,279,280,304,305,306,307
137.467086,-10.233774,205,206,277,278
137.466188,-10.300684,206,207,277
137.567494,-10.298863,207,208,276,277,278,303,304
137.566565,-10.332175,208,209,275,276
137.934074,-10.699677,209,210,275
137.999853,-10.699984,210,211,274,275,276,303
138.334149,-11.233465,211,212,273,274
138.33377,-11.332415,212,213,272,273
138.866719,-11.633492,213,214,271,272
139.03381,-11.799924,214,215,270,271
139.101137,-11.799074,215,216,269,270
139.267311,-12.000481,216,217,268,269,365,366
139.701342,-12.534006,217,218,364,365
139.700985,-12.566456,218,219,363,364
140.16812,-13.034271,219,220,363
140.967688,-13.664992,220,221,362,363,364,365,366,367,410,411
140.968828,-13.764979,221,222,361,362
141.267281,-14.266016,222,223,361
141.398096,-14.26643,223,224,360,361,362,410
141.499217,-14.368521,224,225,359,360
141.500168,-14.434337,225,226,359
141.668063,-14.433184,226,227,359,360,410,411,412,413,414,415,416,417,418,419,420,421,422,427,428,429,430
141.900705,-14.601065,227,228,358,409,426,427
141.899785,-14.633913,228,229,247,248,357,358
142.500281,-15.300465,229,230,231,248,249,356
142.399215,-15.134181,229,356,357
143.200804,-15.834485,230,231,354,355
142.599831,-15.299967,230,355,356,357,358,408,409
143.1985,-15.901931,231,232,233,249,250,251,253,254,353,354
143.134276,-16.597756,232,233,537,538
143.733721,-16.30025,232,352,353,538,539
142.900166,-16.801071,233,234,250,537
142.800425,-16.833771,234,235,236,237,238,250,251,535,536
142.896843,-16.833074,234,536,537,538,539,540,541,542,577,578
141.101827,-17.567113,236,237,479,480,481,482,483,493,494
140.699646,-17.564844,237,238,478,479
140.131817,-17.667033,238,239,240,251,252,254,478
139.76857,-18.09984,239,240,477,492,493,494,495,496
140.131302,-17.734983,239,478,479,493
139.10114,-18.467316,240,241,242,243,252,477
135.299538,-3.499043,255,256,257,285,286,312,388
135.0,-3.066667,255,308,309,310,311,312
135.499644,-3.933724,256,257,386,387
135.534727,-3.93399,256,387,388,389,419,420
135.500389,-4.599346,257,286,287,385,386
135.798683,-5.033696,258,288,289,383,384
135.801175,-4.93372,258,384,385,386,387,418,419
135.765981,-4.933769,258,287,288,385
136.432981,-6.266388,259,291,292,380,381
136.432111,-5.966293,259,381,382,383,384,417,418
136.366636,-5.967325,259,290,291,382
137.199636,-7.49942,260,261,377,378
136.900724,-6.866584,260,378,379,380,381,416,417
136.866365,-6.865803,260,261,293,294,379
137.201224,-7.600842,261,294,295,376,377
137.700188,-8.566206,262,263,264,296,297,375
137.634373,-8.066825,262,375,376,377,378,415,416
137.59874,-8.066343,262,295,296,376
138.23418,-9.233587,263,264,373,374
138.234395,-9.100845,263,374,375,414,415
138.366698,-9.632768,264,297,298,372,373
138.598927,-10.533957,265,299,300,370,371
138.600032,-9.83363,265,371,372,373,374,413,414
138.533688,-9.833333,265,298,299,372
138.834053,-11.101162,266,301,302,368,369
138.834747,-10.767194,266,369,370,371,412,413
138.765746,-10.766976,266,300,301,370
139.067266,-11.498982,267,268,366,367
139.065683,-11.399008,267,367,368,369,411,412
139.000574,-11.399552,267,268,269,270,271,272,273,274,302,303,304,307,368
136.132245,-5.667305,289,290,382,383
136.666453,-6.665755,292,293,379,380
135.366745,-2.567841,308,309,390,391,392,393,394,395,396,397,398,399,421,422
135.0,-2.066667,308,313,314,315,316,317,318,319,320,321,322,323,324,325,391
135.432606,-2.966678,309,310,390
135.500584,-3.034966,310,311,389,390,420,421
135.333998,-3.499883,311,312,388,389
136.8,0.0,313,314,431
135.0,0.0,313
136.799535,-0.032714,314,315,431,458
136.866908,-0.0335,315,316,457,458,459,460,461,462,463,464,465,466,467,468,476
137.034103,-0.933159,316,317,456,457
137.033333,-1.032915,317,318,456
137.067769,-1.032952,318,319,455,456,457,475,476
137.165666,-1.33435,319,320,455
137.33277,-1.766569,320,321,454,455,474,475
137.332451,-1.998505,321,322,453,454
137.234623,-2.334031,322,323,453
137.399293,-2.667251,323,324,453,454,473,474
137.731713,-3.499197,324,325,452,472,473
137.733816,-3.866559,325,326,391,392,452
137.765534,-4.201996,326,392,393,450,451
137.767848,-3.866772,326,451,452,471,472
138.234391,-4.800349,327,328,448,449
138.065968,-4.633252,327,449,450,451,470,471
137.999069,-4.63312,327,328,393,394,450
138.232518,-4.864794,328,329,330,394,395,448
138.401219,-5.067244,329,330,446,447
138.332873,-4.866493,329,447,448,449,469,470
138.700786,-5.49859,330,331,395,396,445,446
139.099468,-6.066451,331,332,333,334,335,336,396,397,443,444
138.934275,-5.798972,331,444,445
141.466256,-19.367225,505,506,530,531,573,574
141.234153,-19.801671,506,507,530
141.23181,-19.866771,507,508,529,530,572,573
140.932474,-20.300558,508,509,528,529
140.900771,-20.298592,509,515,518,519,528
140.167778,-21.933803,510,511,516,517,521,525
140.367188,-21.735039,510,525,526,527,570,571
140.366785,-21.532874,510,516,526
140.10061,-22.465788,511,512,513,517,524
140.133136,-22.466523,511,524,525,569,570
140.1,-22.5,512,524,568,569
140.432346,-21.135361,516,520,521,522,523,526,527
140.9013,-20.432291,519,520,527,528,529,571,572
149.032911,-16.334314,547,548,549,550,580,581,825
149.400045,-16.433819,548,549,823,824
149.201029,-16.332844,548,824,825,826,827,828,829,830,831,870
150.099434,-16.665868,549,550,822,823
150.100336,-16.732364,550,551,581,582,822
151.167234,-17.13183,551,552,553,554,555,556,557,558,559,560,561,562,563,582,583,821
150.398956,-16.732825,551,821,822,823,824,869,870,883,884,885
151.732054,-17.199695,552,553,869,882,883
151.434165,-17.132912,552,821,869
152.301531,-17.366734,553,554,820,868,881,882
152.666206,-17.633424,554,555,819,820,919,920
151.999979,-17.632418,555,556,918,919
151.46608,-18.200278,556,557,917,918
151.43422,-18.199806,557,558,917
151.433178,-18.535066,558,559,916,917,918,919,920,921,922,923,924,925,926,927,928,929,930,931,932,933,934,935,936,942
151.399628,-18.533736,559,560,916
151.400183,-18.967436,560,561,915,916,941,942
151.364993,-18.96547,561,562,915
151.367334,-19.400734,562,563,914,915,940,941
150.300019,-20.433459,563,564,583,584,585,914
149.933643,-20.799321,564,565,584,913
150.300812,-20.466299,564,913,914,939,940
149.865489,-20.833677,565,566,567,584,585,912
149.933912,-20.832797,565,912,913,938,939
148.732567,-21.866862,566,567,910,911
148.900232,-21.866723,566,911,912,937,938
148.23334,-22.232473,567,568,569,570,571,572,573,574,575,576,577,578,579,580,581,582,583,585,910
147.966667,-22.5,568,910,911,937
140.8,0.0,586,587,609
140.898874,-0.166287,587,588,609,610,611,612,613,614,649,650
141.032425,-0.598527,588,589,648,649
141.032136,-0.83413,589,590,647,648
141.199697,-1.198819,590,591,604,605,647
141.332409,-1.533908,591,592,593,594,605,606,607,608,646
141.233435,-1.19975,591,646,647,648,649,650,651,652,653,654,655,656,657,658,659,669
141.969197,-2.333964,592,593,645
141.835254,-2.100169,592,645,646,668,669
142.265149,-2.768343,593,594,644,645,667,668
142.266252,-3.033064,594,595,596,597,598,599,606,644
142.300345,-3.033092,595,643,644,666,667
143.033333,0.0,609,610,670
143.033115,-0.068418,610,611,670,671,731
143.300009,-0.167045,611,612,730,731,732,733,734,735,736,737,755
143.665884,-0.533736,612,613,729,730
143.66628,-0.565161,613,614,728,729
144.232916,-1.066318,614,615,650,651,728
144.263769,-1.266771,615,651,652,726,727
144.266099,-1.065757,615,727,728,729,730,754,755,756,757,759
144.900077,-2.467154,616,617,618,619,653,654,725
144.868327,-2.200144,616,725,726,727,754
144.432482,-1.565215,616,652,653,726
145.29958,-3.235162,617,618,723,724
145.299255,-2.8686,617,724,725,753,754,758,759,760
145.266152,-3.232334,618,619,722,723
145.267554,-3.399155,619,620,654,655,722
145.600127,-4.366038,620,621,622,655,656,721
145.533821,-4.03188,620,721,722,723,724,752,753
145.766766,-4.899119,621,622,719,720
145.766935,-4.600672,621,720,721,751,752
145.59866,-5.366286,622,656,657,718,719
145.833022,-6.232674,623,658,659,716,717
145.834136,-5.833417,623,717,718,719,720,750,751
145.798953,-5.832481,623,657,658,718
146.301327,-7.23423,624,625,713,714
146.19981,-6.666293,624,714,715,716,717,749,750
146.133025,-6.667405,624,625,660,715
146.30178,-7.534263,625,626,627,660,661,713
146.433893,-7.699679,626,712,713,714,748,749
145.965295,-6.499139,659,660,661,662,663,664,665,666,667,668,669,715,716
145.766667,0.0,670,671,770
145.933428,-0.234247,671,672,731,732,770,771,788
145.998953,-0.500775,672,673,732,733,786,787
146.000918,-0.233603,672,787,788,789,790,791
146.399395,-1.099886,673,733,734,784,785
146.400084,-0.86711,673,785,786
147.299958,-1.766229,674,675,780,781
147.301404,-1.698486,674,781,782
147.233412,-1.700212,674,675,735,736,782,783
147.766412,-2.300213,675,676,736,737,779,780
147.867359,-2.500273,676,677,678,679,680,681,682,683,684,737,738,755,756,777,778
147.800534,-2.300938,676,778,779
148.099847,-2.866111,677,678,799,897,898
148.000509,-2.600012,677,776,777,898,899
148.099952,-3.034505,678,679,798,799,859,860
147.899732,-3.500188,679,680,798
147.867213,-3.665888,680,681,797,798,858,859
147.700136,-4.033491,681,682,796,797
147.633836,-4.033907,682,683,795,796
147.568187,-4.266758,683,684,794,795
147.398928,-4.567092,684,685,686,738,794
147.333152,-5.032795,685,686,792,793
147.398765,-5.034698,685,793,794,795,796,797,857,858
147.232323,-5.267336,686,738,756,757,792
147.332457,-5.533177,687,688,855,856
147.299802,-5.335447,687,856,857,858,859,860,861,862,863,864,865,866,867,868,881
147.23286,-5.333282,687,688,739,740,741,742,757,759,760,792,793,857
147.467669,-5.866409,688,689,739,855
147.333512,-6.266886,689,739,740,853,854
147.499695,-5.865837,689,854,855,856,880,881,882,883,885
147.40076,-6.599205,690,691,852
147.399435,-6.36539,690,852,853,854,879,880
147.331599,-6.367025,690,691,692,740,741,853
147.500541,-6.966052,691,692,851,852,878,879
147.400137,-7.134989,692,693,694,695,696,741,742,851
147.50025,-7.600064,693,694,850,876,877
147.466501,-7.133428,693,851,877,878
147.500242,-8.06615,694,695,849,850
147.46664,-8.067711,695,696,848,849
147.465651,-8.600953,696,697,742,758,760,848
147.5662,-8.933105,697,698,699,700,701,702,743,744,745,746,747,748,749,750,751,752,753,758,847
147.532788,-8.600452,697,847,848,849,850,875,876
148.099028,-9.767662,698,699,846
147.967448,-9.467144,698,846,847,875
148.332354,-10.167187,699,700,845,846,874,875,876,877,878,879,880,884,885
148.233896,-10.331642,700,701,844,845
148.164513,-10.332615,701,702,843,844
148.167389,-10.601257,702,703,704,743,843
148.100178,-11.165879,703,704,841,842
148.266868,-10.766585,703,842,843,844,845,873,874
148.032905,-11.165897,704,705,706,743,744,841
148.034028,-11.466138,705,840,841,842,872,873
146.700287,-1.364503,734,735,783,784
145.633058,-14.800141,761,762
145.367527,-14.500429,761
145.36549,-14.600193,761,762,763,768,769
145.631008,-14.999097,762,763
145.599704,-14.997993,763,764,765,766,767,769
145.666375,-15.366079,764,765
145.666315,-15.065798,764
145.566418,-15.099244,765,766
145.533276,-15.099201,766,767
145.533216,-14.89984,767,768,769
145.499648,-14.900586,768
147.6,0.0,770,771,886
147.599593,-0.100381,771,788,789,886,887,888,889,890,891,892,893,894,904,905
148.000068,-0.768318,772,773,774,790,791,903
147.998594,-0.600348,772,903,904,905,906,907,909
147.699813,-0.299828,772,789,790,904
148.066993,-0.933295,773,774,901,902
148.067382,-0.767345,773,902,903,908,909
148.16701,-1.198579,774,775,776,777,778,779,780,781,782,783,784,785,786,787,791,901
148.23367,-1.965523,775,776,899,900
148.202686,-1.198792,775,900,901,902,908
148.434025,-2.500391,799,800,801,860,861,897
148.732541,-1.867118,800,801,895,896
148.633325,-2.034366,800,896,897,898,899,900,907,908,909
148.800031,-1.866277,801,802,861,862,895
149.033175,-1.464906,802,803,804,862,863,894,905,906
148.799772,-1.700132,802,895,896,906,907
149.100259,-1.399674,803,804,892,893
149.033245,-1.400292,803,893,894
149.399229,-1.166418,804,805,863,864,891,892
149.933211,-0.633663,805,806,807,808,809,810,864,865,889,890
149.866361,-0.63225,805,890,891
150.266269,-0.067383,806,807,887,888
149.934758,-0.567021,806,888,889
150.333333,0.0,807,808,886,887
157.5,0.0,808,809
157.5,-18.433333,809,810,966,967,968,969,970,971
156.565902,-18.434862,810,811,812,813,814,815,816,817,818,865,866,965,966
156.234294,-18.60045,811,812,953,954
156.234806,-18.63231,811,954,955,965
155.966874,-18.600885,812,813,926,927,952,953
155.068233,-18.365344,813,814,925,926
154.699655,-18.333631,814,815,924,925
154.599398,-18.266053,815,816,923,924,946
154.601684,-18.233554,816,817,945,946
154.266938,-17.934177,817,818,944,945
154.266792,-17.899521,818,866,867,943,944
153.266461,-17.832545,819,920,921
153.599165,-17.833302,819,820,867,868,921,922,943
153.902906,-18.066438,922,923,943,944,945,946
155.933199,-19.299714,927,928,952
155.932962,-20.734007,928,929,951,952,953,954,955,956,957,958,959,960,961,964
155.535591,-21.067071,929,930,951
155.534384,-21.098628,930,931,950,951,963,964
155.133688,-21.26724,931,932,949,950
155.101462,-21.266512,932,933,948,949
154.767181,-21.6324,933,934,947,948
154.734279,-21.633345,934,935,947
154.599728,-22.065836,935,936,947,948,949,950,962,963
154.133333,-22.5,936,937,938,939,940,941,942,962
156.233809,-18.664833,955,956,965,966,971
156.633292,-18.667587,956,957,970,971
157.000116,-18.89951,957,958,969,970
157.000039,-18.933713,958,959,968,969
157.23288,-18.999869,959,960,967,968
157.5,-19.166667,960,961,967
157.5,-22.5,961,962,963,964