-167.03418,-60.03349,0,1,788,821,822
-167.399807,-60.166792,0,679,680,681,682,683,789,790,822,823,824,825,839,845,846
-166.800558,-60.233148,0,1,2,3,4,5,6,679
-165.934207,-59.865264,1,2,678,787,788
-165.633937,-59.999451,2,3,677,678,1558
-165.698081,-60.298817,3,4,1558,1559,1560,1561,1562,1563,1564,1565,1566,1582,1583
-166.167297,-60.36555,4,5,1581,1582
-166.5648,-60.366683,5,6,1557,1580,1581
-166.800428,-60.299612,6,679,680,1557
-179.968103,-66.067283,7,8,67,310
-180.0,-66.066667,7,24,25,67,68
-180.0,-67.5,7,8,9,10,18,19,20,21,22,23
-179.967499,-66.233188,8,9,310,311,327,328
-179.666662,-66.198626,9,10,327
-179.500258,-66.100324,10,11,19,326,327,328,329,330,331,332,333
-179.434569,-66.367573,11,12,19,20,324,325
-179.267457,-66.198931,11,325,326
-179.233487,-66.465593,12,13,14,20,21,334,335,336,337,338,339,351
-179.265275,-66.300639,12,323,324,334
-178.734667,-66.699157,13,14,350,353,354,356
-178.999106,-66.465679,13,351,353
-178.734061,-66.734167,14,15,21,22,349,350
-178.366836,-66.866977,15,22,23,367,368,383,384
-178.432703,-66.765692,15,349,367
-177.400695,-67.035189,16,17,381,382
-177.699143,-66.833692,16,382,383,384,385,386,387,388,389,390
-178.068235,-66.966982,16,17,18,23,383
-177.0,-67.5,17,18,380,381
-179.633123,-57.334219,24,25,143,144
-180.0,-57.233333,24,96,97,98,99,100,101,144,145
-179.632729,-57.367004,25,26,68,69,142,143
-178.499635,-57.699803,26,27,28,69,70,140,141
-179.100475,-57.399321,26,141,142
-177.868054,-57.867366,27,28,138,139
-178.199514,-57.699837,27,139,140
-177.86631,-57.933325,28,29,30,31,32,70,71,137,138
-177.567234,-58.000326,29,30,135,136
-177.566745,-57.933159,29,136,137
-177.299294,-58.101141,30,31,134,135
-177.100022,-58.233839,31,32,133,134
-177.099814,-58.26695,32,33,71,72,132,133
-176.767221,-58.332754,33,34,72,73,130,131
-176.767517,-58.268339,33,131,132
-176.398883,-58.434392,34,35,36,73,74,128,129
-176.399046,-58.400564,34,129,130
-174.733498,-58.333419,35,36,753,754,813
-175.001914,-58.333227,35,127,128,558,754
-174.533966,-58.401171,36,37,74,75,753
-174.067754,-58.866893,37,38,39,40,75,76,752
-174.433026,-58.367212,37,752,753,812,813,814,815,816,829
-173.999186,-58.967836,38,39,750,751
-173.998369,-58.8685,38,751,752,811,812
-173.799237,-59.333454,39,40,749,750
-173.798921,-59.366682,40,76,77,748,749
-173.300582,-59.866802,41,42,746,747
-173.466032,-59.698845,41,747,748,749,750,751,810,811
-173.533433,-59.699165,41,42,77,78,748
-173.302219,-59.932749,42,43,78,79,746
-172.900867,-60.334093,43,79,80,744,745
-173.234081,-59.933602,43,745,746,747,809,810
-171.968065,-61.132521,44,45,81,82,743
-172.067444,-61.00081,44,743,744,745,809
-172.100919,-60.997087,44,80,81,744
-171.899647,-61.267356,45,82,83,741,742
-171.900969,-61.133074,45,742,743,809,810,811,812,829,830,831,832,833,834,835,836,837,838,839,844,845
-171.601247,-61.667779,46,47,48,49,50,51,52,84,85,86,87,88,89,94,95,740
-171.600319,-61.500904,46,740,741,742,843,844
-171.667645,-61.499508,46,83,84,741
-171.066628,-62.6667,47,48,738,739
-171.166092,-62.065894,47,739,740,808,828,842,843
-170.799562,-63.433525,48,49,737,738,1212,1213
-171.834339,-63.566464,49,50,1019,1212
-172.399597,-64.20001,50,51,1018,1019,1020,1021,1042,1043
-172.899323,-64.300141,51,52,1004,1005,1012,1013,1018
-173.367778,-64.298684,52,53,54,85,1003,1011,1012
-173.667361,-64.368382,53,54,962,963,1002
-173.36706,-64.399236,53,1002,1003
-173.900012,-64.400516,54,55,85,86,552,553,557,962
-174.533224,-64.667091,55,86,87,550,551
-174.333451,-64.599581,55,551,552
-174.934331,-64.86765,56,57,501,502,547,548
-174.699642,-64.901447,56,548,549
-174.667545,-64.766427,56,57,87,88,549,550
-175.265599,-64.765806,57,88,89,500,501
-175.967991,-65.399215,58,59,60,61,90,499
-175.767283,-65.166003,58,499,500,501,502,503,504,505,506,507,508,509
-175.767374,-64.932771,58,89,90,91,92,93,95,500
-176.399589,-65.499929,59,60,344,370
-175.966846,-65.432913,59,370,371,499,509
-177.30019,-65.49888,60,61,344,345,346,347,348,352
-178.332584,-65.43405,61,62,63,64,65,90,91,343,352,355
-178.968091,-65.566352,62,63,316,317,330,331
-178.532426,-65.49973,62,316,342,343
-179.299989,-65.466063,63,64,315,329,330
-179.433623,-65.332715,64,65,314,315
-179.434366,-65.234763,65,91,92,313,314
-179.966994,-65.299965,66,67,68,69,70,71,72,73,74,75,76,77,78,79,80,81,82,83,84,94,310,311
-179.701628,-65.300416,66,311,312,313,314,315,328,329
-179.69994,-65.198349,66,93,94,95,312
-179.667121,-65.19911,92,93,312,313
-179.866106,-53.265765,96,97,170
-180.0,-53.266667,96,154,170,171
-179.501601,-53.032634,97,98,169,170,171,172,173,174,175,176,177,178
-179.267156,-53.032093,98,99,168,169
-178.634614,-52.899558,99,100,167,168
-178.199387,-52.734632,100,101,166,167
-177.865436,-52.433232,101,102,145,146,166
-177.633512,-52.333977,102,103,146,147,165
-177.866318,-52.399581,102,165,166,167,168,169,178
-176.799698,-52.133749,103,104,105,147,148,163,164
-177.633044,-52.268521,103,164,165,177,178
-176.766282,-51.933789,104,105,423,431
-176.867821,-51.932089,104,162,163,423,424
-176.666955,-51.933352,105,106,148,149,430,431
-176.601538,-51.966842,106,149,150,436
-176.665877,-51.899548,106,429,430,432,433,434,435,436
-175.267843,-52.032459,107,108,263,264
-175.767326,-51.966039,107,264,265,434,435
-176.132192,-52.100194,107,108,109,110,111,112,113,114,115,116,117,118,150,151,152,153,435,436
-175.033131,-52.033479,108,109,262,263
-174.631661,-52.100618,109,110,261,262,847
-174.599328,-52.166426,110,111,570,847,886,887
-174.632547,-53.598819,111,112,569,570,571,572,573,574,759,760
-174.700582,-53.599449,112,113,569
-174.699435,-54.599953,113,114,568,569,758,759
-174.766207,-54.599541,114,115,567,568
-174.767985,-54.867713,115,116,567
-174.699491,-55.100467,116,117,566,567,568,757,758
-174.800023,-55.465558,117,118,565,566
-174.701376,-55.899736,118,119,120,121,122,151,565
-174.601453,-56.133083,119,120,564,756,757,758,759,760,761,762,763,764,765,766,767,768,769,770,771,772,773,774,814,815
-174.634122,-55.900571,119,565,566,757
-174.700164,-56.300324,120,121,563,564
-174.767959,-56.29877,121,122,562,563
-174.866866,-56.632822,122,123,151,152,561,562
-174.933144,-56.866139,123,124,152,153,560
-174.866495,-56.868005,123,560,561
-174.800598,-57.467529,124,125,126,127,128,129,130,131,132,133,134,135,136,137,138,139,140,141,142,143,144,145,146,147,148,149,150,153,559
-174.700022,-57.234468,124,559,560,561,562,563,564,755,756
-174.700059,-57.800549,125,126,558,754,755,756,813,814
-174.700762,-57.698352,125,559,755
-174.900192,-57.999339,126,127,558
-179.667301,-51.666564,154,155,171,172,189
-180.0,-51.766667,154,179,189,190
-179.298982,-51.666831,155,156,157,172,173,187,188
-179.668211,-51.631836,155,188,189,190,191,192
-178.467797,-51.765688,156,157,185,186
-179.065549,-51.665948,156,186,187
-178.467729,-51.800235,157,158,173,174,184,185
-178.200568,-51.899483,158,174,175,396,397
-178.134112,-51.832077,158,183,184,391,397,398
-177.199085,-51.867169,159,160,161,162,163,164,176,177,419
-177.800947,-51.835365,159,394,395,411,412,413,414,415,416,417,418,419
-177.93217,-51.899078,159,175,176,395,396
-177.133018,-51.83369,160,161,420,421,422,425
-177.134218,-51.799376,160,418,419,420
-177.033335,-51.833485,161,162,424,425
-179.300567,-51.367053,179,180,190,191,194,195,215,224,227
-180.0,-51.6,179,193,195
-178.733737,-51.533266,180,181,182,191,192,357,358,359,365
-178.899552,-51.399275,180,215,357
-178.366343,-51.600874,181,182,363,364
-178.566198,-51.533755,181,364,365,366
-178.367134,-51.63264,182,183,184,185,186,187,188,192,362,363
-178.033271,-51.633741,183,361,362,391
-179.768529,-51.400331,193,194,195,216
-180.0,-51.433333,193,196,197,198,199,200,201,202,203,216,217
-179.766408,-51.367692,194,216,217,218,224
-179.900926,-48.865267,196,197,278,279
-180.0,-48.7,196,228,279,280
-179.533669,-49.233324,197,198,277,278
-179.03489,-49.566868,198,199,277
-178.567582,-49.867231,199,200,276,277,278,279,280,281,282,283,284,285,286,287,288,289,290,294
-178.567056,-50.033441,200,201,276
-178.1667,-50.334542,201,202,275,276,293,294
-177.932457,-50.732581,202,203,275
-177.900121,-50.731788,203,204,217,218,274,275,292,293
-177.699268,-51.200052,204,205,206,218,224,225,226,227,273
-177.699752,-51.132482,204,273,274
-177.367568,-51.432587,205,206,271,272
-177.634145,-51.200089,205,272,273,274,291,292
-177.232986,-51.599887,206,207,219,220,221,225,271
-177.166521,-51.767809,207,208,209,219,269,270,416,417
-177.166401,-51.599589,207,270,271,272,291
-177.234,-51.701183,208,209,402,403
-177.36647,-51.699592,208,403,404,415,416
-177.234697,-51.63435,209,210,219,220,402
-177.533389,-51.601927,210,211,220,221,401
-177.531815,-51.634579,210,401,402,403,404,405,406,407,408,409,410
-177.700722,-51.599018,211,221,222,223,225,226,399,400
-177.701248,-51.633231,211,400,401,410
-178.067949,-51.600726,212,213,360,361,362,363,364,366
-177.966305,-51.600175,212,360,392
-177.933071,-51.599152,212,213,222,392,393,399
-178.166216,-51.532333,213,214,222,223,359,365,366
-178.90139,-51.368267,214,215,223,226,227,357,358
-178.59918,-51.465662,214,358,359
-179.898694,-48.666878,228,229,280,281,308,309
-180.0,-48.666667,228,309
-179.49977,-47.999556,229,230,281,282,306,307
-179.633204,-48.167405,229,307,308
-179.033768,-47.765732,230,231,282,283,304,305
-179.499394,-47.966848,230,305,306
-178.565697,-47.366522,231,232,233,283,284,302,303
-178.632222,-47.367361,231,303,304
-178.300791,-46.966061,232,233,300,301
-178.567356,-47.299769,232,301,302
-178.266955,-46.966463,233,284,285,299,300
-177.566328,-45.799281,234,235,236,237,238,239,240,241,242,243,244,245,246,247,248,249,250,251,252,253,254,255,256,286,287,296,297
-178.033314,-46.500013,234,297,298
-178.033862,-46.566182,234,285,286,298,299
-177.333333,-45.0,235,236,295
-177.466042,-45.366035,235,295,296
-173.233333,-45.0,236,237,864
-173.299368,-45.634491,237,238,864,896,897
-173.466262,-46.167233,238,239,863,895,896
-173.534417,-46.166241,239,240,863
-173.533009,-46.333676,240,241,862,863,894,895
-173.632647,-46.533528,241,242,861,862
-173.698947,-47.001147,242,243,860,861
-173.766761,-47.000166,243,244,859,860
-173.767059,-47.234042,244,245,858,859
-173.933474,-47.632111,245,246,858
-173.733266,-47.833435,246,247,858,859,860,861,862,894
-173.699934,-48.633502,247,248,857,893,894,895,896,897,898,899,900,901,902,903,904,905,906,907,908
-173.766844,-48.634776,248,249,857
-173.767315,-48.866411,249,250,856,857,892,893
-174.000046,-49.168011,250,251,855,856
-174.066205,-49.167932,251,252,854,855
-174.13403,-49.4003,252,253,853,854
-174.300853,-49.732962,253,254,852,853
-174.334999,-49.732987,254,255,852
-174.299767,-50.032106,255,256,851,852,853,854,855,856,891,892
-174.400104,-50.266023,256,257,258,259,287,288,851
-174.36579,-50.666567,257,258,850,889,890
-174.366108,-50.266904,257,851,890,891
-174.500514,-50.86635,258,259,849,850
-174.534478,-50.86521,259,260,288,289,849
-174.566395,-51.300198,260,261,262,263,264,265,266,267,268,289,290,848
-174.531272,-51.299586,260,848,849,850,888,889
-174.567854,-51.834436,261,847,848,887,888
-176.232337,-51.800941,265,266,433,434
-176.466238,-51.800214,266,267,427,428,432,433
-176.466366,-51.733984,267,268,426,427
-176.900533,-51.699216,268,269,270,290,291,292,293,294,421,422,426
-177.132964,-51.766129,269,417,418,420,421
-180.0,-45.0,295,296,297,298,299,300,301,302,303,304,305,306,307,308,309
-178.564794,-65.767955,316,317,341,342
-178.900718,-65.93287,317,331,332,340,341
-178.633984,-66.366494,318,319,339,351,353,354
-178.500787,-66.165711,318,340,341,342,343,354,355,356
-178.700082,-66.101328,318,319,320,321,332,333,340
-178.799846,-66.201685,319,320,338,339
-178.802571,-66.164211,320,321,337,338
-179.032824,-66.167262,321,322,323,324,325,326,333,336,337
-179.198958,-66.30054,322,323,334,335
-179.200497,-66.401148,322,335,336
-176.432171,-65.699251,344,345,370,371,372,373,374,386,387
-176.832993,-65.798856,345,346,369,385,386
-177.166393,-65.667664,346,347,369
-177.166226,-65.698752,347,348,368,369,384,385
-177.801347,-65.699761,348,349,350,352,355,356,367,368
-177.967159,-51.633841,360,361,391,392,393,398
-175.865431,-65.566865,371,372,470,471,508,509
-176.031468,-65.932972,372,373,470
-176.034082,-66.100262,373,374,470,471,472,493,494
-175.966393,-66.334072,374,375,376,377,378,387,388,492,493
-175.73416,-66.499592,375,376,442,490,491
-175.733549,-66.467477,375,491,492
-175.731863,-66.631578,376,377,441,442,458,459
-176.334309,-67.033867,377,378,440,441
-176.36776,-67.034211,378,379,388,389,439,440
-176.466688,-67.133003,379,389,390,437,438
-176.367684,-67.133691,379,438,439
-176.333333,-67.5,380,437,438,439,440,441,457,458
-176.46552,-67.166975,380,381,382,390,437
-177.931456,-51.667782,393,394,395,396,397,398,399,400,409,410
-177.868777,-51.667059,394,408,409,411
-177.531507,-51.700647,404,405,414,415
-177.533069,-51.666596,405,406,413,414
-177.699372,-51.700385,406,407,412,413
-177.700352,-51.665571,407,408,411,412
-176.901263,-51.7337,422,423,424,425,426,427,428,429,430,431
-176.667018,-51.834289,428,429,432
-175.432677,-66.667346,442,443,459,466,467,489,490
-175.200907,-66.466173,443,467,468,469,487,488
-175.433312,-66.465544,443,488,489
-175.333709,-66.16701,444,445,484,485
-175.43471,-66.301007,444,485,486,487,488,489,490,491,492,493,494,498
-175.333521,-66.300383,444,445,460,486
-175.202453,-66.133523,445,446,447,460,461,484
-175.168177,-66.033163,446,447,482,483
-175.333713,-66.034737,446,483,484,485,497,498
-174.533774,-65.600068,447,448,449,461,462,482
-174.400361,-65.565926,448,449,481,915,944,945
-174.5678,-65.534037,448,481,482,483,496,497
-174.267511,-65.867583,449,450,451,462,463,944
-174.102223,-66.433073,450,451,514,515,516,517,536,943
-174.065817,-66.065361,450,943,944,945,955,956
-174.467575,-66.265567,451,452,463,464,514
-174.966177,-66.666768,452,453,464,465,513
-174.433448,-66.500655,452,513,514,535,536,537,543
-174.899205,-67.266661,453,454,455,456,465,468,469,512
-174.73413,-66.867722,453,512,513,535
-174.933779,-67.366002,454,455,511
-174.834225,-67.368243,454,511,512,535,542,543,544,545
-174.999116,-67.432704,455,456,510,511,534,541,542
-175.368283,-67.333222,456,466,467,469,510
-175.233333,-67.5,457,534,540,541
-175.36659,-67.400327,457,458,459,466,510,534
-175.199925,-66.368074,460,461,462,463,464,465,468,486,487
-175.566615,-65.566993,471,472,507,508
-175.534186,-65.566072,472,473,474,475,476,477,494,495,496,497,498,506,507
-175.367721,-65.366487,473,474,504,505
-175.533567,-65.40027,473,505,506
-175.100664,-65.166858,474,475,503,504,546
-174.732278,-65.167638,475,476,546,547,548,549,550,551,552,556,557
-174.732935,-65.234161,476,477,555,556
-174.334316,-65.300088,477,478,479,480,495,554,555
-173.999223,-65.434638,478,479,916,917,918,919,946
-174.133372,-65.198797,478,554,916,961,973,974
-174.000566,-65.500037,479,480,915,945,946,947,956,957
-174.398991,-65.499036,480,481,495,496,915
-175.10069,-65.065575,502,503,546,547
-173.933628,-66.232192,515,516,955,956,957,958,960
-174.033522,-66.234983,515,943,955
-173.699806,-66.433749,516,517,942,954,959,960
-174.200841,-66.533165,517,518,519,536,537,942
-174.200943,-66.967026,518,519,940,941
-173.934118,-66.801395,518,941,942,954
-174.266562,-67.066957,519,520,537,543,544,939,940
-173.300853,-67.06638,520,521,522,523,524,544,545,996
-173.967034,-67.065585,520,939,981,996,997
-173.099447,-66.966587,521,522,994,995
-173.131676,-66.800295,521,995,996,997,998,999,1001
-172.56567,-66.89882,522,523,993,994,1085,1086
-172.299656,-66.967538,523,524,1084,1085
-171.699221,-66.933665,524,525,526,527,538,539,540,541,542,545,1084
-170.867138,-66.466564,525,526,1082,1083
-171.299701,-66.600036,525,1083,1084,1085,1086,1087,1088,1089,1090,1091,1092,1093,1094,1095,1096
-170.765379,-66.465649,526,527,1081,1082
-170.501024,-66.33348,527,528,538,1081
-170.200909,-66.266606,528,529,530,531,532,533,538,539,1080
-170.498468,-66.266659,528,1080,1081,1082,1083,1096
-169.699854,-66.034973,529,530,1079,1241,1242
-170.267451,-66.13267,529,1079,1080,1095,1096
-169.665686,-66.033736,530,531,718,719,1241
-169.566819,-66.699337,531,532,717,718
-169.566444,-66.867407,532,533,716,717
-169.366667,-67.5,533,539,540,715,716
-173.999729,-64.664051,553,554,555,556,557,961
-173.900353,-64.667328,553,961,962,963,974,975
-174.466868,-52.198952,570,571,886,909
-174.4659,-52.23301,571,572,909,910,911,914
-174.200738,-52.332905,572,573,913,914
-173.734135,-52.165963,573,574,912,913
-173.599379,-52.16681,574,575,576,760,761,912
-173.16591,-52.100102,575,576,882,883
-173.600175,-52.099879,575,883,884,911,912,913,914
-172.867568,-52.20056,576,577,761,762,881,882
-172.468056,-52.365413,577,578,579,580,581,582,762,763,879,880
-172.7346,-52.199766,577,880,881
-172.066936,-52.366492,578,579,1110,1111,1151,1193,1194
-172.067073,-52.333672,578,878,879,1151
-172.067182,-52.733257,579,580,1109,1110
-172.132507,-52.731873,580,581,1109
-172.065543,-53.332531,581,582,1108,1109,1110,1111,1112,1113,1114,1115,1116,1117,1118,1119,1120,1121,1122,1123,1124,1125,1126,1127,1128,1129,1130,1131,1132,1133,1134,1135,1136,1137,1138,1139,1140,1141,1150
-172.133487,-53.600416,582,583,763,764,1108
-172.23365,-53.899066,583,584,764,765,1107
-172.066361,-53.666779,583,1107,1108,1149,1150
-172.234007,-54.301772,584,585,586,587,765,766,1106
-172.133124,-54.000496,584,1106,1107,1148,1149
-172.133868,-55.700557,585,586,1146,1147
-172.133972,-54.833812,585,1106,1147,1148
-172.234554,-56.066779,586,587,1105,1145,1146
-172.301025,-56.06756,587,588,766,767,1105
-172.468481,-56.533628,588,767,768,1103,1104
-172.300841,-56.300515,588,1104,1105,1144,1145
-172.599295,-57.16747,589,769,770,1100,1101
-172.534056,-57.167024,589,1101,1102
-172.53268,-56.832489,589,768,769,1102,1103
-172.60068,-57.566984,590,771,772,1098,1099
-172.534996,-57.566694,590,1099,1100,1101,1102,1103,1104,1143,1144
-172.599949,-57.334501,590,770,771,1100
-172.66548,-57.932699,591,773,774,1097
-172.534076,-57.767277,591,1097,1098,1099,1142,1143
-172.601158,-57.76645,591,772,773,1098
-171.533005,-57.967031,592,593,775,830,831,1138,1139
-171.700858,-57.966267,592,1139,1140
-171.701113,-57.999187,592,775,1140,1141
-171.29925,-57.866979,593,594,831,832,1136,1137
-171.433571,-57.867468,593,1137,1138
-170.435264,-57.466639,594,595,832,833,1134,1135
-170.967185,-57.700346,594,1135,1136
-169.500545,-56.933324,595,833,834,1132,1133
-169.800666,-56.933243,595,1133,1134
-169.266689,-56.30136,596,597,1129,1130
-169.334241,-56.299944,596,1130,1131
-169.333978,-56.766072,596,597,817,834,835,1131,1132
-169.099243,-55.832671,597,776,777,817,1128,1129
-168.799064,-54.600286,598,599,1125,1126
-168.933745,-54.967051,598,1126,1127
-168.932744,-55.066929,598,599,600,776,1127,1128
-168.665926,-54.400598,599,600,1124,1125
-168.634753,-54.399365,600,601,602,603,604,605,606,607,608,609,610,611,612,613,614,615,616,617,618,619,620,621,622,623,624,625,626,627,628,629,776,777,1123,1124
-168.566616,-53.50016,601,602,1121,1122
-168.667226,-54.001709,601,1122,1123
-168.498516,-53.333107,602,603,1120,1121
-168.399057,-53.33224,603,604,1119,1120,1273,1274
-168.400516,-53.467287,604,605,1272,1273
-168.233047,-53.500432,605,606,1271,1272,1458
-167.964833,-53.53401,606,607,1450,1458,1459
-167.699121,-53.533128,607,608,1449,1450,1451,1457
-167.300813,-53.669621,608,609,1448,1449
-167.133092,-53.831811,609,610,1447,1448,1489
-167.133521,-53.901145,610,611,1489,1490,1497
-167.067711,-53.934237,611,612,1496,1497
-166.633721,-54.000245,612,613,1495,1496,1594,1599
-166.498704,-54.001726,613,614,1598,1599
-166.499456,-54.034209,614,615,1597,1598
-166.299559,-54.06582,615,616,1287,1596,1597,1608
-166.333459,-54.60149,616,617,1286,1287,1288,1289,1345,1346
-166.400751,-54.59942,617,618,1285,1286
-166.567113,-54.767349,618,619,1285
-166.566707,-54.834023,619,620,1284,1285,1286,1344,1345
-166.633365,-54.833746,620,621,1283,1284
-166.800397,-55.000034,621,622,1283
-166.79958,-55.06586,622,623,1282,1283,1284,1343,1344
-166.866701,-55.066526,623,624,1281,1282
-167.466778,-55.533347,624,625,1280,1281
-167.500377,-55.532996,625,626,1280
-167.734324,-56.00034,626,627,1280,1281,1282,1342,1343
-167.967411,-56.367542,627,628,1279,1341,1342
-168.433423,-56.868178,628,629,1279
-168.432126,-57.000172,629,630,777,817,835,836,1279,1341
-167.967871,-57.100329,630,818,836,837,1339,1340
-168.200141,-56.999997,630,1340,1341,1342,1343,1344,1345,1346,1347,1348,1349,1350,1351,1352,1353,1354,1355,1356,1364
-166.365134,-57.33278,631,632,1338,1362,1363
-167.000228,-57.234347,631,1339,1340,1363,1364
-167.465849,-57.20009,631,632,633,778,818,1339
-165.932287,-57.465107,632,633,1337,1338
-165.932952,-57.501073,633,634,778,1336,1337
-165.366488,-57.633739,634,778,779,818,837,838,1334,1335
-165.367629,-57.56622,634,1335,1336
-164.800588,-57.565653,635,636,1332,1333
-165.166743,-57.564866,635,1333,1334,1335,1336,1337,1338,1361,1362
-165.168182,-57.633987,635,636,637,779,1334
-164.066196,-57.633503,636,637,1331,1332
-164.066809,-57.698757,637,638,639,640,779,819,820,821,822,838,839,1331
-162.866765,-57.565957,638,639,1330,1359,1360
-163.36851,-57.567904,638,1331,1332,1333,1360,1361
-162.43362,-57.634845,639,640,1329,1330
-162.432859,-57.6998,640,780,781,819,1328,1329
-161.699627,-57.566091,641,642,1327,1357,1358
-162.03423,-57.600344,641,1328,1329,1330,1358,1359
-162.033793,-57.634445,641,642,643,644,780,1328
-161.465912,-57.633924,642,643,1326,1327
-161.301884,-57.73181,643,644,1325,1326
-161.300767,-57.766545,644,645,780,781,1324,1325
-160.866301,-57.865973,645,781,782,783,784,785,819,820,1322,1323
-160.86678,-57.800552,645,1323,1324
-160.033632,-57.767476,646,647,1320,1321
-160.499853,-57.79767,646,1321,1322,1323,1324,1325,1326,1327,1357
-160.500071,-57.86597,646,647,648,782,1322
-160.032414,-57.80046,647,648,1319,1320
-159.166838,-57.966204,648,649,650,651,652,653,654,655,656,657,658,659,660,661,782,783,1318,1319
-158.766404,-58.165658,649,650,1316,1317,3079,3080,3122,3123,3124,3125,3127
-159.099116,-57.966674,649,1317,1318
-158.899498,-58.401187,650,651,2820,2821,3080,3081
-159.232831,-58.633478,651,652,2821,2822
-159.299119,-58.631454,652,653,2822,2823
-159.566387,-58.832461,653,654,2823,2824
-159.632282,-58.966962,654,655,2665,2666,2824,2825
-159.868005,-58.800767,655,656,2616,2617,2618,2621,2665
-159.966282,-58.799212,656,657,2467,2468,2615,2616
-160.467005,-58.732119,657,658,2466,2467
-160.467112,-58.698591,658,659,2465,2466
-161.067816,-58.701545,659,660,2464,2465
-161.065524,-58.599734,660,661,2463,2464
-161.46636,-58.59957,661,662,663,664,783,784,2462,2463
-161.73279,-58.632435,662,663,2383,2384
-161.466674,-58.634604,662,2384,2385,2462
-161.800216,-58.633503,663,664,2165,2382,2383
-161.800505,-58.600058,664,784,785,2165,2166
-162.067282,-59.00055,665,666,2169,2170
-162.066207,-58.700378,665,2168,2169
-162.10031,-58.699208,665,666,667,668,669,670,671,786,2167,2168
-162.132691,-59.299046,666,667,2170,2183,2184
-162.265752,-59.598861,667,668,2171,2172,2173,2174,2184,2187,2188
-163.134046,-59.866238,668,669,1666,1667,2171
-163.466443,-59.833688,669,670,1667,1668,1669,1670,1671,1787,1788
-163.467706,-59.799235,670,671,1668
-164.000567,-59.800189,671,672,673,674,675,676,677,678,786,787,1668,1669
-164.498763,-60.166247,672,673,1562,1563,1670,1671
-164.167548,-60.033424,672,1669,1670
-164.867911,-60.201011,673,674,1561,1562
-164.864838,-60.168028,674,675,1560,1561
-165.53174,-60.033049,675,676,1559,1560
-165.635389,-60.032989,676,677,1558,1559
-166.632599,-60.366278,680,681,1557,1580
-166.334931,-60.632096,681,682,1580,1581,1582,1583,1584,1585,1586,1589
-166.234338,-60.764988,682,683,1579,1588,1589
-166.168013,-61.13313,683,684,685,789,1579
-166.165802,-61.532842,684,685,1577,1578,1695
-166.133721,-61.134616,684,1578,1579,1587,1588
-166.200164,-61.633916,685,686,687,789,790,1695,1696
-165.901485,-61.734469,686,687,1697,1698,1699,1800,1801
-165.932926,-61.633992,686,1696,1697
-166.066634,-61.801356,687,688,689,690,790,791,792,793,823,1698
-165.633252,-61.900338,688,689,1699,1700,1701,1801,1802
-165.834151,-61.799242,688,1698,1699
-165.766422,-62.032203,689,690,1700
-165.268942,-62.466422,690,691,692,693,694,695,696,791,1700,1701
-164.800201,-62.967889,691,692,1702,1853
-164.866224,-62.533201,691,1701,1702,1703,1704,1802,1803
-164.66804,-63.732405,692,693,1853,1854,1855,1856,1857,1858,1859,1860,1882
-164.734003,-64.066265,693,694,1881,1882,1883,1884,1885,1886,1887
-164.999475,-64.300306,694,695,1880,1881
-165.633168,-64.533961,695,696,1523,1524,1879,1880
-166.401065,-64.632957,696,791,792,1522,1523
-166.834195,-65.065904,697,793,794,795,796,823,824,1521
-166.432912,-64.900302,697,1521,1522,1523,1524,1532,1533
-166.466895,-64.801079,697,792,793,1522
-166.634147,-65.333886,698,699,1499
-166.400964,-65.30035,698,1499,1500,1530,1531
-166.831495,-65.098818,698,699,700,701,702,703,794,1521,1531,1532
-166.633438,-65.365199,699,700,1498,1499,1500,1515,1516
-166.934264,-65.366447,700,701,1462,1463,1498
-167.567348,-65.465807,701,702,1461,1462
-167.633289,-65.466855,702,703,1368,1369,1460,1461
-167.800494,-65.067404,703,704,794,795,1368
-167.867003,-64.835481,704,705,795,796,1366,1367
-167.865086,-65.067601,704,1367,1368,1369,1370,1371
-168.199112,-64.466887,705,796,824,825,1365
-168.100207,-64.599203,705,1365,1366
-168.100226,-65.599582,706,707,797,826,840,1369,1370,1460
-168.099984,-65.367392,706,1370,1371
-168.400394,-65.000865,706,825,840,841,846,1365,1366,1367,1371
-167.232274,-65.865274,707,708,797,1470,1471
-167.534394,-65.700159,707,1460,1461,1462,1463,1464,1471,1472
-166.73277,-66.066568,708,709,797,798,799,800,801,826,1534,1535,1552
-166.80055,-65.968266,708,1470,1534
-165.83422,-66.300702,709,710,798,1550,1551
-165.632668,-66.099729,709,1551,1552,1553,1554,1555,1556
-165.334414,-66.434161,710,711,712,713,714,715,716,717,718,719,720,798,799,1548,1549
-165.3329,-66.399726,710,1549,1550
-164.499445,-66.566865,711,712,1546,1547,1969
-164.99952,-66.400956,711,1547,1548
-164.499271,-67.132516,712,713,1968,1969,1987,1988
-164.53264,-67.133997,713,714,1968
-164.533333,-67.5,714,715,1968,1986,1987
-169.70078,-65.698231,719,720,1240,1241,1242,1243,1244,1245,1246,1249
-169.800025,-65.533442,720,799,800,1239,1240
-171.466648,-64.701091,721,722,1045,1046,1235,1236
-170.667899,-64.999385,721,1236,1237
-170.165596,-64.998657,721,722,723,724,725,726,727,728,801,802,826,840,841,1237,1238
-171.432746,-64.334043,722,723,1026,1044,1045
-171.367539,-64.333564,723,724,1025,1026
-171.033013,-63.899336,724,725,1024,1025
-170.667592,-63.66593,725,726,1023,1024,1225,1229,1230
-170.100903,-63.466813,726,727,1224,1225
-169.899804,-63.465475,727,728,1223,1224
-169.566262,-63.36728,728,729,802,1222,1223
-168.733707,-63.234191,729,802,803,827,841,842,843,844,845,846,1220,1221
-169.565996,-63.332586,729,1221,1222
-169.733549,-62.967371,730,803,804,805,806,807,827,1217,1218
-169.565864,-63.099499,730,1218,1219
-169.466189,-63.099838,730,803,1219,1220
-170.234754,-63.200894,731,732,733,804,805,1216
-170.06527,-63.200406,731,1216,1217,1218,1219,1220,1221,1222,1223,1224,1225,1229
-170.066836,-63.167754,731,804,1217
-170.43333,-63.332857,732,733,1215,1254,1255
-170.232928,-63.299642,732,1215,1216,1229,1230,1233
-170.299492,-63.101226,733,805,806,1253,1254
-170.633796,-63.133103,734,735,736,737,738,739,808,1257
-170.632977,-62.899876,734,1251,1252,1253,1254,1255,1257,1258
-170.866824,-62.633582,734,808,828,1251
-170.53368,-63.366906,735,736,1214,1256
-170.566706,-63.133383,735,1256,1257,1258
-170.53289,-63.401088,736,737,1213,1214,1228,1231,1232
-172.665982,-58.166505,774,815,816,1097,1142
-172.068627,-58.16688,775,816,829,830,1141,1142,1143,1144,1145,1146,1147,1148,1149,1150
-161.966343,-58.601373,785,786,787,788,820,821,2166,2167
-169.798924,-65.165608,800,801,1238,1239
-170.566784,-62.734735,806,807,1252,1253
-170.832679,-62.634427,807,827,828,842,1251,1252
-169.966667,-45.0,864,865,897,898,1168,1169
-170.067057,-45.466658,865,898,899,1166,1167
-170.033734,-45.465748,865,1167,1168
-170.034547,-46.067085,866,867,1165
-169.967039,-46.066802,866,1165,1166,1167,1168,1169,1200,1201,1202,1203,1204,1205,1206,1207,1208,1209,1210,1211
-170.066348,-45.700596,866,867,868,899,900,1166
-170.033948,-46.466177,867,868,1164,1165,1199,1200
-170.20081,-46.698697,868,869,900,901,1164
-170.265891,-46.765433,869,901,902,1162,1163
-170.198636,-46.766716,869,1163,1164,1198,1199
-170.600437,-48.299795,870,871,903,904,1161
-170.534557,-48.001088,870,1161,1162,1163,1197,1198
-170.499252,-47.066474,870,902,903,1162
-170.900284,-49.000723,871,872,873,874,875,904,905,1160
-170.599256,-48.465848,871,1160,1161,1196,1197
-171.065818,-49.667785,872,873,1158,1159
-170.899896,-49.199902,872,1159,1160,1195,1196
-171.201287,-49.90084,873,874,1157,1158
-171.433267,-50.133992,874,875,1156,1157
-171.467115,-50.133609,875,876,905,906,1155,1156
-171.764764,-51.033452,876,877,906,907,1153,1154
-171.734377,-51.031741,876,1154,1155
-171.9003,-51.366711,877,878,879,880,881,882,883,884,885,907,908,1152
-171.834524,-51.365231,877,1152,1153
-171.899346,-52.067422,878,1151,1152,1153,1154,1155,1156,1157,1158,1159,1194,1195
-173.9334,-52.101098,884,885,910,911
-174.299951,-52.099901,885,886,887,888,889,890,891,892,893,908,909,910
-173.799549,-65.19925,916,917,973
-173.732659,-65.132024,917,918,973,974,975,976,977,978,980
-173.732897,-65.266277,918,919,972,979,980
-173.900212,-65.499707,919,920,921,946,947,972
-173.633945,-65.466164,920,921,970,971
-173.835132,-65.433762,920,971,972,979
-173.600458,-65.833961,921,922,947,957,958,969,970
-173.234969,-65.699414,922,948,949,950,951,952,953,958,959,960,967,968
-173.400952,-65.700975,922,968,969
-172.898912,-65.532917,923,924,965,966,1052,1053
-173.165718,-65.533577,923,966,967,968,969,970,971,978,979,980
-173.166278,-65.567459,923,924,925,926,927,928,948,967
-172.902873,-65.567322,924,925,1051,1052
-173.068237,-65.56745,925,926,1051
-172.699411,-65.600266,926,927,1032,1033,1051,1052,1053,1054,1055,1056,1062,1063
-172.701011,-65.667265,927,928,1031,1032
-172.866449,-65.699657,928,948,949,1030,1031
-172.299885,-65.666492,929,930,1029,1069,1070
-172.46771,-65.664719,929,1029,1030,1031,1032,1033,1034,1047,1048
-172.466491,-65.700991,929,930,931,949,950,1030
-172.300255,-65.701385,930,931,1068,1069
-172.766338,-65.733779,931,932,950,951,1067,1068
-172.834412,-65.766275,932,933,951,952,984,985
-172.765883,-65.766832,932,985,986,1067
-173.167199,-66.267408,933,934,935,936,937,938,952,953,983
-173.000639,-66.131998,933,983,984
-172.967141,-66.399798,934,935,999,1000,1001
-172.998498,-66.33414,934,983,984,985,986,987,988,989,990,991,992,1000
-173.133675,-66.498817,935,936,982,998,999
-173.366573,-66.532607,936,937,982
-173.700302,-66.832439,937,938,981,982,997,998
-173.967555,-66.933002,938,939,940,941,953,954,959,981
-173.267308,-65.000925,963,975,976,1002,1003,1010,1011
-172.966863,-65.199366,964,965,966,977,978,1054,1055
-173.033984,-64.932734,964,1008,1009,1055,1056
-173.067421,-65.000229,964,976,977,1009,1010
-172.767574,-65.534179,965,1053,1054
-172.298299,-65.734519,986,987,1067,1068,1069,1070,1071,1072,1073,1074,1090,1091
-172.233515,-65.901535,987,988,1066,1089,1090
-172.334498,-66.033319,988,989,1066
-172.333109,-66.234011,989,990,1065,1066,1088,1089
-172.53304,-66.366799,990,991,1064,1065
-172.698983,-66.399469,991,992,1064
-172.766482,-66.699436,992,993,994,995,1000,1001,1064,1065,1087,1088
-172.565959,-66.700343,993,1086,1087
-172.832365,-64.432749,1004,1005,1017,1040,1041
-172.866669,-64.298523,1004,1018,1041,1042
-172.966824,-64.498205,1005,1006,1013,1014,1017
-173.066813,-64.633135,1006,1007,1014,1016
-172.900364,-64.634086,1006,1016,1017,1039,1040
-173.16752,-64.733171,1007,1008,1009,1010,1011,1012,1013,1014,1015
-173.032506,-64.799554,1007,1015,1016,1038,1039
-173.032152,-64.866891,1008,1015,1038,1056,1057,1058,1059,1063
-171.835243,-63.601523,1019,1020,1212,1213,1227,1228
-171.633165,-63.699072,1020,1021,1226,1227
-171.168486,-63.600571,1021,1022,1023,1024,1025,1026,1043,1044,1226
-170.867661,-63.566424,1022,1023,1230,1231,1232,1233
-171.168142,-63.567227,1022,1226,1227,1228,1231
-171.966834,-65.499692,1027,1028,1071,1072
-171.167054,-65.499176,1027,1072,1073,1234,1235,1236,1237,1238,1239,1240,1248,1249,1250
-171.399591,-65.033597,1027,1028,1046,1047,1048,1049,1050,1235
-172.233325,-65.532127,1028,1029,1047,1070,1071
-172.465453,-65.599319,1033,1034,1061,1062
-172.199653,-65.399917,1034,1048,1049,1060,1061
-172.699314,-65.233033,1035,1036,1058,1059
-172.699319,-65.268059,1035,1059,1060,1061,1062,1063
-172.20043,-65.231603,1035,1036,1037,1049,1050,1060
-172.200783,-65.201003,1036,1037,1057,1058
-172.133929,-65.034788,1037,1038,1039,1040,1041,1042,1043,1044,1045,1046,1050,1057
-171.467262,-65.800084,1073,1074,1234
-171.468543,-65.834237,1074,1091,1092,1234,1247,1248
-170.567137,-65.631727,1075,1076,1246,1249,1250
-170.93428,-65.665058,1075,1247,1248,1250
-171.368409,-65.835242,1075,1076,1092,1093,1247
-170.63331,-65.867664,1076,1077,1078,1093,1094,1245,1246
-170.099507,-66.002219,1077,1078,1243,1244
-170.501384,-65.866006,1077,1244,1245
-170.099217,-66.032987,1078,1079,1094,1095,1242,1243
-171.499686,-52.465437,1111,1112,1192,1193
-171.49983,-52.50118,1112,1113,1191,1192
-170.367769,-52.7332,1113,1114,1190,1191,1259
-169.599408,-53.000324,1114,1115,1259,1260,1261,1262,1263,1267
-169.166957,-53.000406,1115,1116,1266,1267
-169.166652,-53.032258,1116,1117,1265,1266
-168.798285,-53.100138,1117,1118,1264,1265,1275,1276
-168.80016,-53.167541,1118,1119,1274,1275
-164.233333,-45.0,1169,1170,1201,1390,1391
-164.666481,-45.598886,1170,1171,1201,1202,1388,1389
-164.633699,-45.599708,1170,1389,1390
-164.933298,-46.001706,1171,1172,1173,1202,1203,1387
-164.899303,-46.000609,1171,1387,1388
-165.466646,-46.8658,1172,1173,1385,1386
-164.932125,-46.33348,1172,1386,1387,1388,1389,1390,1391,1420,1421
-165.53252,-46.865911,1173,1174,1175,1203,1204,1385
-165.83284,-47.46696,1174,1175,1383,1384
-165.532512,-47.000812,1174,1384,1385,1386,1420
-165.866671,-47.466847,1175,1176,1177,1204,1205,1383
-166.333961,-48.400446,1176,1177,1381,1382
-165.932511,-48.000225,1176,1382,1383,1384,1419,1420,1421,1422,1423,1424,1425,1426,1427,1428,1429,1430,1431,1432,1433,1434,1435,1436,1437,1438,1439
-166.3996,-48.400424,1177,1178,1179,1180,1205,1206,1381
-166.467729,-48.565394,1178,1179,1379,1380
-166.40078,-48.567455,1178,1380,1381,1382,1418,1419
-166.765642,-49.033886,1179,1180,1378,1379
-166.800505,-49.032569,1180,1181,1206,1207,1378
-167.200522,-49.899254,1181,1182,1207,1208,1377
-166.798449,-49.267437,1181,1377,1378,1379,1380,1417,1418
-167.566772,-50.63188,1182,1208,1209,1375,1376
-167.200218,-50.134669,1182,1376,1377,1416,1417
-167.966931,-51.567602,1183,1184,1210,1211,1374
-167.799306,-51.266317,1183,1374,1375,1376,1416
-167.800507,-51.200133,1183,1209,1210,1375
-168.332334,-52.59953,1184,1185,1186,1187,1188,1189,1190,1191,1192,1193,1194,1195,1196,1197,1198,1199,1200,1211,1373
-167.968497,-51.968361,1184,1373,1374,1415,1416,1417,1418,1419,1439
-168.399387,-53.134167,1185,1186,1268,1269,1372
-168.331947,-52.967636,1185,1372,1373,1414,1415
-168.899685,-52.933109,1186,1187,1262,1263,1268
-169.234213,-52.93352,1187,1188,1261,1262
-169.399902,-52.867327,1188,1189,1260,1261
-169.999881,-52.800336,1189,1190,1259,1260
-170.433177,-63.367878,1214,1215,1232,1233,1255,1256,1258
-168.901452,-52.967491,1263,1264,1265,1266,1267,1268,1269,1277,1278
-168.766745,-53.100816,1264,1276,1277
-168.399516,-53.16718,1269,1270,1278,1372,1414
-168.300443,-53.265641,1270,1271,1272,1273,1274,1275,1276,1277,1278,1440,1441,1452
-168.365868,-53.16696,1270,1413,1414,1415,1438,1439,1440
-168.098912,-53.298894,1271,1451,1452,1453,1454,1455,1456,1457,1458,1459
-166.034074,-54.165983,1287,1288,1607,1608,1609,1610
-164.932478,-54.531007,1288,1289,1606,1607,1936
-164.93414,-54.600764,1289,1290,1291,1346,1347,1936,1937,1938,1939,1941
-164.632895,-54.735012,1290,1291,1940,1962
-164.79968,-54.600639,1290,1940,1941
-164.567329,-54.867746,1291,1292,1293,1294,1347,1348,1962,1963,1964,1965,1967
-164.234455,-54.900113,1292,1293,1997,1998,1999,2000,2007
-164.232628,-54.866377,1292,1966,1967,1997
-163.999151,-54.966909,1293,1294,2006,2007
-164.000008,-54.999703,1294,1295,1348,1349,2005,2006
-163.767994,-55.067059,1295,1296,1349,1350,2077,2113
-163.766344,-55.033338,1295,2004,2005,2077
-163.131535,-55.365803,1296,1297,1298,1299,1300,1301,1302,1350,1351,2111,2112
-163.366007,-55.16672,1296,2112,2113,2114,2122,2123
-162.599725,-55.431888,1297,1298,2109,2110
-162.899769,-55.365773,1297,2110,2111
-162.500506,-55.500497,1298,1299,2108,2109,2249,2250
-162.399724,-55.565277,1299,1300,2249,2265,2268,2269
-162.232948,-55.66734,1300,1301,2268,2285
-161.999194,-55.76795,1301,1302,2285,2286,2287,2288,2323
-161.866712,-55.866917,1302,1303,1304,1305,1306,1351,1352,2323,2324,2325,2326,2327,2328,2329
-160.90085,-56.033102,1303,1304,2481,2482,2483,2484,2488,2507
-161.033802,-55.933543,1303,2329,2481,2489,2490,2496
-160.898753,-56.165691,1304,1305,2506,2507,2508,2509,2510,2511,2512,2513,2515,2516
-160.967081,-56.166712,1305,1306,2506
-160.968551,-56.400821,1306,1307,1352,1353,2506,2515
-160.732874,-56.533687,1307,1353,1354,2514
-160.73286,-56.466249,1307,2514,2515,2516
-160.065323,-56.398971,1308,1309,2607,2608,2609,2610,2612,2709
-160.166324,-56.398895,1308,2512,2513,2608
-160.50047,-56.532641,1308,1309,1310,1354,1355,2513,2514,2516
-159.801165,-56.565821,1309,1310,2709,2710,2711,2712,2713,2714,2715,2718
-159.36777,-56.667211,1310,1311,1312,1313,1314,1355,1356,2717,2718
-158.967306,-56.799649,1311,1312,2716,3046
-159.232805,-56.666598,1311,2716,2717
-158.965276,-56.833177,1312,1313,2996,2997,3046,3047,3048,3049,3050,3051,3052,3064
-159.033353,-57.065794,1313,1314,2996
-159.031336,-57.099407,1314,1315,1316,1317,1318,1319,1320,1321,1356,1357,1358,1359,1360,1361,1362,1363,1364,2996,2997,2998,2999,3000
-158.766575,-58.134498,1315,1316,3122
-158.732308,-57.100191,1315,3000,3122,3123
-161.9,-45.0,1391,1392,1421,1422,1627
-161.966118,-45.233923,1392,1393,1394,1395,1396,1422,1423,1626
-161.90055,-45.233538,1392,1626,1627,1628,1629,1630,1631,1632,1633,1634,1635,1636,1637,1656
-162.066562,-45.867196,1393,1394,1654,1655
-161.967322,-45.534664,1393,1626,1655,1656,1657,1658,1659,1660,1661
-162.299545,-46.299262,1394,1395,1625,1653,1654
-162.667669,-46.699755,1395,1396,1624,1625
-162.999742,-46.999319,1396,1397,1423,1424,1624
-163.400846,-47.799594,1397,1424,1425,1622,1623
-163.001798,-47.233377,1397,1623,1624,1625,1652,1653
-163.700255,-49.265869,1398,1399,1426,1427,1620,1621
-163.366091,-48.233524,1398,1621,1622,1623,1651,1652
-163.400333,-48.23303,1398,1425,1426,1622
-163.766617,-49.566315,1399,1400,1427,1428,1619
-163.699646,-49.564991,1399,1619,1620
-164.001114,-50.398364,1400,1428,1429,1617,1618
-163.666181,-49.966025,1400,1618,1619,1620,1621,1650,1651
-164.233103,-51.899721,1401,1402,1614,1615
-164.167433,-51.90029,1401,1615,1616,1617,1618,1649,1650
-164.16692,-51.498897,1401,1402,1430,1431,1616
-164.466023,-52.265784,1402,1403,1404,1431,1432,1614
-164.83373,-52.500638,1403,1404,1612,1613
-164.466662,-52.365918,1403,1613,1614,1615,1648,1649
-165.233197,-52.731637,1404,1405,1406,1432,1433,1612
-165.899596,-53.49954,1405,1406,1611,1646,1647
-165.53446,-53.134564,1405,1612,1613,1647,1648
-166.30014,-53.799831,1406,1407,1408,1433,1434,1611
-166.400526,-53.867094,1407,1408,1492,1493,1600
-166.300322,-53.86724,1407,1600,1601,1611,1645,1646
-166.433973,-53.667125,1408,1409,1434,1435,1491,1492
-166.600626,-53.567853,1409,1410,1435,1436,1477
-166.60075,-53.631872,1409,1477,1478,1491
-167.268044,-53.368047,1410,1411,1436,1437,1476
-166.834185,-53.53413,1410,1476,1477,1478,1479,1480,1481,1482,1483,1487,1488
-167.599669,-53.267582,1411,1412,1413,1437,1438,1475,1485,1486
-167.399716,-53.367341,1411,1476,1486,1487
-167.800017,-53.267762,1412,1413,1440,1441
-167.79949,-53.299981,1412,1441,1452,1453,1475
-164.100062,-50.800055,1429,1430,1616,1617
-167.166003,-53.499365,1442,1443,1454,1455,1484
-167.501306,-53.366903,1442,1484,1485,1486,1487,1488
-167.734411,-53.368433,1442,1453,1454,1475,1485
-167.166846,-53.601718,1443,1444,1455,1456,1482,1483
-167.000396,-53.500143,1443,1483,1484,1488
-166.900851,-53.699884,1444,1445,1446,1447,1448,1449,1456,1457,1480,1481
-166.999267,-53.600655,1444,1481,1482
-166.734238,-53.700199,1445,1446,1478,1479,1490,1491,1492,1493,1494,1495,1496,1497
-166.799322,-53.600455,1445,1479,1480
-166.965056,-53.799913,1446,1447,1489,1490
-167.833849,-53.468914,1450,1451,1459
-166.966535,-65.465684,1463,1464,1498,1514,1515
-166.832624,-65.534312,1464,1465,1466,1472,1473,1514
-166.466014,-65.366869,1465,1466,1513,1518,1520
-166.500768,-65.366962,1465,1514,1515,1516,1518
-166.067739,-65.567144,1466,1467,1468,1473,1474,1513
-165.767573,-65.831732,1467,1468,1536,1537,1538,1539,1540,1553,1554
-165.700553,-65.566333,1467,1512,1513,1517,1519,1520,1537
-166.101202,-65.967204,1468,1469,1474,1536
-166.600616,-65.933956,1469,1470,1471,1472,1473,1474,1534,1535
-166.101406,-66.000916,1469,1535,1536,1552,1553
-166.399859,-53.900903,1493,1494,1594,1595,1596,1597,1598,1599,1600,1601,1602,1603,1604,1605,1606,1607,1610
-166.534454,-53.831774,1494,1495,1594
-166.134131,-65.300367,1500,1501,1502,1516,1518,1519,1520,1529,1530
-165.633294,-65.099147,1501,1502,1527,1528
-165.86678,-65.166832,1501,1528,1529
-165.599069,-65.100016,1502,1503,1504,1517,1519,1527
-165.43324,-64.800646,1503,1504,1525,1526
-165.600354,-65.033146,1503,1526,1527,1528,1529,1530,1531,1532,1533
-165.366906,-64.799789,1504,1505,1506,1507,1508,1509,1510,1511,1512,1517,1525
-165.033315,-64.466042,1505,1506,1878,1879,1880,1881,1887,1910
-165.299204,-64.499508,1505,1524,1525,1526,1533,1879
-165.066496,-64.667357,1506,1507,1910,1911,1912,1913,1914,1915,1916,1917,1921
-164.633073,-65.199667,1507,1508,1920,1921
-164.63319,-65.26644,1508,1509,1888,1889,1919,1920
-164.866572,-65.265923,1509,1510,1888
-165.434455,-65.532996,1510,1511,1538,1539,1888,1889,1890,1903,1904
-165.634328,-65.566485,1511,1512,1537,1538
-165.133003,-65.865842,1539,1540,1902,1903
-165.134939,-65.900064,1540,1541,1554,1555,1902
-164.433441,-65.966917,1541,1542,1543,1544,1555,1556,1901
-164.832715,-65.899714,1541,1901,1902,1903,1904,1905,1909
-164.099723,-65.899772,1542,1543,1907,1908
-164.433331,-65.933165,1542,1901,1908,1909
-163.933667,-66.133031,1543,1544,1900,1906,1907
-164.066194,-66.233993,1544,1545,1546,1547,1548,1549,1550,1551,1556,1900
-163.800171,-66.565909,1545,1546,1969,1970,1971,1988,1989
-163.93363,-66.266434,1545,1899,1900,1906,1970
-164.666182,-60.332327,1563,1564,1671,1672,1788,1789,1790,1791,1792,1793,1824
-165.100093,-60.432817,1564,1565,1672
-165.199313,-60.533442,1565,1566,1672,1673,1674,1789
-165.39847,-60.567007,1566,1583,1584,1673
-164.799458,-60.866053,1567,1568,1675,1790,1791
-165.033248,-60.667781,1567,1674,1789,1790
-165.100991,-60.667166,1567,1568,1569,1570,1584,1585,1673,1674
-164.801075,-60.901023,1568,1569,1675,1688,1942
-164.967117,-60.966803,1569,1570,1688,1689,1690,1796,1797
-165.166396,-60.999637,1570,1571,1572,1573,1574,1575,1585,1586,1689
-164.866162,-61.09979,1571,1572,1690,1691,1797,1798
-164.968093,-61.000419,1571,1689,1690
-165.165114,-61.133793,1572,1573
-165.165209,-61.199659,1573,1574,1691,1798,1799,1800,1801,1802,1803,1804,1805,1806,1807,1808,1809,1810,1811,1827,1828
-165.399332,-61.232561,1574,1575,1692,1693,1694,1799
-165.467853,-61.065947,1575,1576,1586,1587,1588,1589,1692
-165.899907,-61.433405,1576,1577,1578,1587,1693,1694
-165.633593,-61.298602,1576,1692,1693
-165.799367,-61.53347,1577,1694,1695,1696,1697,1799,1800
-166.233528,-59.966818,1590,1591
-166.232265,-59.934457,1590
-166.697876,-60.100167,1590,1591,1592,1593
-165.96796,-60.165861,1591,1592
-166.000827,-60.167483,1592,1593
-166.399125,-60.20165,1593
-166.299214,-53.999775,1595,1596,1608,1609
-166.267076,-54.000129,1595,1609,1610
-165.86648,-53.966408,1601,1602,1644,1645
-165.001134,-54.132394,1602,1603,1643,1644,1922
-165.000291,-54.200377,1603,1604,1922,1931,1932
-164.73353,-54.400749,1604,1605,1931,1937,1938
-164.832839,-54.40019,1605,1606,1936,1937
-157.5,-45.0,1627,1628
-157.5,-54.366667,1628,1629,3236,3237
-157.900125,-54.867187,1629,1630,3236
-157.901225,-54.901029,1630,1631,3235,3236,3237,3238,3239,3240
-158.2668,-55.300861,1631,1632,2983,2984,3235
-158.332066,-55.301817,1632,1633,2935,2936,2982,2983
-158.631412,-55.199364,1633,1634,2934,2935
-159.332942,-54.901369,1634,1635,2088,2089,2934
-160.232192,-54.900217,1635,1636,2088,2276
-160.63204,-54.866262,1636,1637,2275,2276,2277,2278,2279,2280,2281,2282,2284
-160.966957,-54.799425,1637,1638,1639,1656,1657,2275
-161.266638,-54.765784,1638,1639,2273,2274
-161.26663,-54.800214,1638,2274,2275,2283,2284
-161.834529,-54.598995,1639,1640,1657,1658,2272,2273
-162.366965,-54.501418,1640,1641,1658,1659,2081,2082,2271
-162.132022,-54.565747,1640,2271,2272
-163.433269,-54.400297,1641,1642,1659,1660,1925
-162.900562,-54.500398,1641,1925,1926,2080,2081
-163.732656,-54.334286,1642,1660,1661,1923,1924
-163.632288,-54.39978,1642,1924,1925,1926,1927,1933,1934
-164.532735,-54.232735,1643,1922,1923,1924,1932,1933
-164.299256,-54.233086,1643,1644,1645,1646,1647,1648,1649,1650,1651,1652,1653,1654,1655,1661,1923
-162.701695,-60.26699,1662,1663,1664,1665,1666,1667,1786,1787,2175
-162.598612,-60.265576,1662,2175,2176,2177,2185
-162.167356,-60.634048,1662,1785,1786,2176
-162.499809,-60.164785,1663,1664,2173,2174
-162.467108,-60.16621,1663,2174,2175,2185,2186,2188
-162.634037,-59.965598,1664,1665,2172,2173
-163.032104,-59.867135,1665,1666,2171,2172
-164.666893,-60.79973,1675,1676,1677,1678,1791,1792,1942,1943
-164.265295,-60.766782,1676,1677,1944,1945,1946,1947,1956,1957
-164.433245,-60.800366,1676,1943,1955,1956
-164.43317,-60.599986,1677,1678,1944
-164.433606,-60.530846,1678,1679,1680,1681,1792,1793,1944,1945
-164.031397,-60.766125,1679,1680,1946,1947
-164.332683,-60.633767,1679,1945,1946
-163.833616,-60.76559,1680,1681,1947,1948,1949,1950,1957,1958
-163.833387,-60.566303,1681,1793,1824,1825,1948
-163.832541,-60.866658,1682,1683,1951,1952,1959
-163.833701,-60.832241,1682,1950,1958,1959,1960,1961
-163.599628,-60.834819,1682,1683,1794,1949,1950
-163.599662,-60.86614,1683,1794,1795,1951
-164.000616,-61.033565,1684,1685,1686,1687,1796,1797,1798,1827,1953
-163.933451,-60.899722,1684,1952,1953,1959,1960
-163.701043,-61.000513,1684,1795,1826,1827,1828,1829,1842,1843,1951,1952
-164.599011,-60.867452,1685,1686,1954,1955,1956,1957,1958,1961
-164.133642,-60.86642,1685,1953,1960,1961
-164.59852,-60.933027,1686,1687,1954
-164.801418,-60.934066,1687,1688,1796,1942,1943,1954,1955
-165.165114,-61.133792,1691
-164.567704,-63.101725,1702,1703,1853,1854
-164.366403,-63.232004,1703,1704,1854,1855
-163.732691,-63.032846,1704,1705,1803,1804,1855,1856
-163.400596,-63.034706,1705,1706,1707,1708,1804,1805,1857,1858
-163.600535,-63.09966,1705,1856,1857
-163.033555,-62.599394,1706,1707,2139,2140,2189,2206,2207
-162.83256,-63.166518,1706,1858,1859,2205,2206
-163.567884,-62.364234,1707,1708,2140,2141
-163.733506,-62.265551,1708,1805,1806
-163.366588,-62.166488,1709,1710,2130,2131,2132,2143
-163.599283,-62.231967,1709
-163.733505,-62.199797,1709,1710,1806,1807,2129
-163.333329,-62.033765,1710,1807,1808,2130
-162.86806,-62.299513,1711,1712,2132,2133,2134,2135,2136,2137,2138,2139,2140,2141,2142,2143
-163.199821,-62.065644,1711,2131,2132
-163.20023,-62.03237,1711,1712,1713,1808,1809,2130,2131
-162.799737,-62.200195,1712,1713,2133
-162.733705,-62.198905,1713,1714,1715,1716,1717,1718,1719,1720,1721,1722,1723,1724,1725,1726,1809,1810,2133,2134
-162.53277,-62.400216,1714,1715,2135,2136,2190
-162.733594,-62.267043,1714,2134,2135
-162.199013,-62.43151,1715,1716,2190,2191
-161.833003,-62.566773,1716,1717,2191,2192
-161.700575,-62.566509,1717,1718,2192,2193,2391
-161.500431,-62.566197,1718,1719,2391,2392
-161.49952,-62.367101,1719,1720,2392,2393
-161.433569,-62.366502,1720,1721,2393,2394
-161.433915,-62.299859,1721,1722
-161.600335,-62.133738,1722,1723,2337,2338
-161.932347,-62.135533,1723,1724,2330,2338,2339
-161.933286,-62.101176,1724,1725,2330
-161.765806,-61.9342,1725,1726,2330,2331,2339,2340
-161.832692,-61.76713,1726,1727,1810,1811,2331
-161.834253,-61.599819,1727,1811,1828,1829,2332
-161.666533,-61.767418,1727,2331,2332,2333,2334,2335,2340
-161.332681,-61.966297,1728,1729,2334,2335,2437,2438
-161.466391,-61.766797,1728,2333,2334
-161.366013,-61.700917,1728,1729,1730,1731,1829,1843,1844,2332,2333
-161.20086,-61.965359,1729,1730,2399,2438,2439
-160.966974,-61.932918,1730,1731,2399,2400
-160.466645,-62.066212,1731,1732,1733,1844,1845,2400,2401
-160.333015,-62.332458,1732,1733,2402,2403,2404,2405,2406,2418,2419
-160.533603,-62.200453,1732,2401,2402
-160.13308,-62.331842,1733,1845,1849,1850,2403
-160.634109,-62.466658,1734,1735,1736,1737,1738,1739,1812,1846,1847,1851,2405,2406
-160.201115,-62.399002,1734,2404,2405
-160.133367,-62.400025,1734,1850,1851,1852,2403,2404
-161.033952,-62.533597,1735,1736,2407,2420,2421,2422,2423
-160.767435,-62.265828,1735,2406,2419,2420
-160.96591,-62.534218,1736,1737,2407
-160.59997,-62.800945,1737,1738,2407,2408,2409,2410,2411,2412,2421
-160.499808,-62.664867,1738,1739,2408
-160.166483,-63.066799,1739,1740,1741,1812,2408,2409,2559
-159.766599,-63.666517,1740,1741,2521,2522,2761
-159.867402,-63.666758,1740,2520,2521,2559,2560
-159.532702,-63.734297,1741,1742,1743,1812,1830,1831,1832,1846,2761,2762
-159.169007,-63.999626,1742,1743,2763,2764
-159.532797,-63.766355,1742,2762,2763
-158.966577,-63.999702,1743,1744,1813,1814,1830,2764,2765
-158.733171,-64.433255,1744,1745,1746,1747,1748,1813,2690,2691,2766
-158.967057,-64.033895,1744,2765,2766,2767,2768,2769
-158.667148,-64.466378,1745,1746,2692,3132,3133
-158.733351,-64.467283,1745,2691,2692,2693,2700,2701
-158.611061,-64.410506,1746,1747,1753,1754,3131,3132,3283,3284
-158.63125,-64.397916,1747,1748,1753
-158.76875,-64.031249,1748,1752,1753,1754,1813,1814,1815,1816,1833
-160.035416,-62.868749,1749,1750,1832,1846,1847
-159.464583,-63.435416,1749,1750,1751,1752,1833,1834,1835,1836,1837,1848
-159.339583,-63.731249,1749,1751,1831,1832
-160.152083,-62.527083,1750,1847,1848,1851,1852
-159.097916,-63.927083,1751,1752,1814,1830,1831
-158.500183,-64.300052,1754,1755,1815,3282,3283
-158.533455,-64.232875,1755,1756,1757,1758,1815,1816,2902,2903
-158.499967,-64.232776,1755,2901,2902,3281,3282
-158.668054,-63.933398,1756,1757,2904,2905
-158.600175,-63.932485,1756,2903,2904
-158.866672,-63.765694,1757,1758,2905,2906
-159.13535,-63.699124,1758,1759,1816,1833,1834,2906,2907
-159.334566,-63.433395,1759,1760,1834,1835,2908
-159.232964,-63.432938,1759,2907,2908,2913,2914
-159.433191,-63.200319,1760,1761,1835,1836,2909
-159.367076,-63.1997,1760,2908,2909,2910,2911,2912,2914
-159.433082,-63.033874,1761,1836,1837,2891
-159.367455,-63.033186,1761,2891,2892,2909,2910
-158.932558,-63.067759,1762,1763,1817,1838,2893
-159.199844,-63.066766,1762,2892,2893,2910,2911
-159.432494,-62.966483,1762,1837,1838,1839,1840,1841,1848,1849,1850,1852,2891,2892
-158.333003,-63.333106,1763,1764,1817,2894,3196,3197
-158.566222,-63.268376,1763,2893,2894,2895,2911,2912
-158.367254,-63.165699,1764,1765,1766,1817,1818,1819,1838,1839,3187,3188,3189,3190,3198
-158.332124,-63.167288,1764
-158.366542,-62.766502,1765,1766,2864,2865,3174,3175
-158.366576,-62.800241,1765,3173,3174,3187
-158.500096,-62.800442,1766,1767,1768,1769,1770,1818,2865,2866
-158.766979,-62.800455,1767,1768,2867,2868
-158.700412,-62.699774,1767,2866,2867
-158.76564,-62.83316,1768,1769,2868,2869,2870,2871,2872,2873,2874
-158.533266,-62.833106,1769,1770,2869
-158.633895,-62.99994,1770,1771,1818,1819,2869,2870
-159.233344,-62.931838,1771,1772,1819,1839,1840,2871,2872
-158.833536,-62.966946,1771,2870,2871
-159.533685,-62.631811,1772,1773,1774,1775,1776,1777,1778,1779,1780,1840,1841,2873,2874
-159.232664,-62.899948,1772,2872,2873
-159.300294,-62.066506,1773,1774,2859
-159.132746,-62.164763,1773,2859,2860,2861,2862,2863,2864,2865,2866,2867,2868,2874
-159.300002,-61.932474,1774,1775,2859,2860,2881,2882
-159.39955,-61.867514,1775,1776,2882,2883
-159.500375,-61.865636,1776,1777,2646,2875,2876,2883
-159.634695,-61.700404,1777,1778,2645,2646,2647,2648,2649,2650
-159.800039,-61.832337,1778,1779,2644,2645
-159.999077,-61.83288,1779,1780,2643,2644
-160.231707,-61.765458,1780,1820,1821,1822,1823,1841,1842,1843,1844,1845,1849,2642,2643
-160.364583,-61.522916,1781,1782,1820,1821,3339
-159.925675,-61.566807,1781,2642,2643,2644,2645,2650,3310,3311,3339,3340
-160.299058,-61.565321,1781,1820,2642
-161.46875,-60.902083,1782,1783,1821,1822,3338
-161.235416,-60.897916,1782,3338,3339,3340,3341,3342,3343,3344,3345,3346,3347,3350
-161.639583,-60.843749,1783,1784,1822,1823,3337
-161.510416,-60.806249,1783,3337,3338,3349,3350
-162.15625,-60.643749,1784,1785,1786,1787,1788,1823,1824,1825,1826,1842,3335,3336
-161.78125,-60.714583,1784,3336,3337,3348,3349
-162.165136,-60.634369,1785,2154,2155,2176,2177,2178,3335
-163.433503,-60.70086,1794,1795,1825,1826,1948,1949
-162.333754,-63.433465,1859,1860,2204,2205
-162.23483,-63.532383,1860,1861,1862,1863,1882,1883,2203,2204
-161.766787,-63.400675,1861,1862,2318,2319,2322
-162.133131,-63.433733,1861,2202,2203,2309,2319
-161.76732,-63.433623,1862,1863,2317,2318
-161.06747,-63.599634,1863,1864,1865,1866,1867,1883,1884,2317
-160.766004,-63.866364,1864,1865,2315,2316,2517
-160.966275,-63.598978,1864,2316,2317,2318,2321,2322
-160.932443,-64.199691,1865,1866,2292,2293,2517,2518,2519,2520,2521,2522,2523,2524,2533,2534
-161.199561,-64.434179,1866,1867,2291,2292
-161.499604,-64.433564,1867,1884,1885,2290,2291
-160.800788,-64.632269,1868,1869,2303,2304,2307
-161.032879,-64.5012,1868,2290,2291,2292,2293,2303
-161.364617,-64.500188,1868,1869,1870,1871,1872,1873,1874,1885,1886,2290
-161.100271,-64.866051,1869,1870,2306,2307,2308
-161.232261,-64.932926,1870,1871,2302,2305,2306
-161.700931,-64.800322,1871,1872,2219,2220,2289,2301,2302
-162.199737,-64.69929,1872,1873,2218,2219
-162.465888,-64.601455,1873,1874,2147,2148,2218
-162.831292,-64.366495,1874,1875,1876,1877,1878,1886,1887,2146,2147
-163.499174,-64.567372,1875,1876,1912,1913,2145
-163.167028,-64.633762,1875,2145,2146
-164.500499,-64.53381,1876,1877,1911,1912
-164.96674,-64.533839,1877,1878,1910,1911
-164.400134,-65.368285,1889,1890,1918,1919
-164.400066,-65.400275,1890,1891,1904,1905,1918
-163.599494,-65.234309,1891,1892,1893,1894,1895,1896,1897,1898,1899,1905,1906,1907,1908,1909,1916,1917
-163.833652,-65.234581,1891,1917,1918,1919,1920,1921
-162.966123,-65.466124,1892,1893,2152,2153,2215
-163.53291,-65.166424,1892,1915,1916,2144,2153
-162.797703,-65.565796,1893,1894,2215,2216,2217,2225,2226,2231
-162.633298,-65.833641,1894,1895,2230,2231,2244,2245
-162.800077,-65.90076,1895,1896,2230
-162.799557,-66.06701,1896,1897,1972,2230,2243,2244
-162.798863,-66.099133,1897,1898,1971,1972,1973,1974,1989,1990
-163.799839,-66.066959,1898,1899,1970,1971
-163.499123,-64.900352,1913,1914,2144,2145,2146,2147,2148,2149,2150,2151,2152,2153
-163.532139,-64.900209,1914,1915,2144
-163.467294,-54.666194,1926,1927,2013,2014,2080
-163.698797,-54.598465,1927,1928,1929,1934,1935,2013
-163.966114,-54.63351,1928,1929,1964,1965,2012
-163.700831,-54.63364,1928,2012,2013,2014,2015,2016,2017
-164.365481,-54.466205,1929,1930,1935,1963,1964
-164.398615,-54.432677,1930,1931,1932,1933,1934,1935,1938,1939
-164.400661,-54.46623,1930,1939,1940,1941,1962,1963
-164.033324,-54.732347,1965,1966,1967,2008,2009,2012,2017
-164.132686,-54.867454,1966,1997,1998,2008
-162.667582,-65.998918,1972,1973,2242,2243
-162.667811,-66.034549,1973,1974,2241,2242
-162.100749,-66.067388,1974,1975,1990,1991,1992,1995,1996,2240,2241
-161.399837,-66.266703,1975,1976,1977,1978,1979,1991,2238,2239
-161.800454,-65.966893,1975,2239,2240
-160.999308,-66.267728,1976,1977,2342,2343,2344,2371,2377,2378,2379,2380,2381
-161.165968,-66.099153,1976,2237,2238,2343
-161.366645,-66.365727,1977,1978,2342
-161.366305,-66.400904,1978,1979,2341,2342,2370,2376,2377
-161.901026,-66.366381,1979,1991,1992,2341
-161.267366,-66.533527,1980,1981,2044,2367,2368
-161.465759,-66.433525,1980,2368,2369,2370,2376
-161.766397,-66.499284,1980,1981,1982,1993,2369
-161.531999,-66.533292,1981,1982,2044,2045,2046,2072,2073
-161.900391,-66.731664,1982,1993,1994,1995,1996,2045
-161.967319,-67.067333,1983,1984,2047,2068,2069,2070,2074
-161.532111,-66.998538,1983,2046,2073,2074,2075,2076
-161.733647,-66.898768,1983,1984,1985,1994,2045,2046
-162.667078,-67.031997,1984,1985,2047
-163.132776,-67.032696,1985,1986,1987,1988,1989,1990,1994,1995,2047,2064,2065,2068
-163.966667,-67.5,1986,2048,2049,2050,2064
-161.900253,-66.432578,1992,1993,1996,2341,2369,2370
-164.133897,-54.900234,1998,1999,2008,2009,2011
-163.80034,-54.900683,1999,2000,2010,2011
-163.801137,-54.933954,2000,2001,2002,2003,2004,2005,2006,2007,2010
-163.467622,-54.866005,2001,2002,2015,2016,2078,2079
-163.565588,-54.865475,2001,2009,2010,2011,2016,2017
-163.56652,-54.999164,2002,2003,2078
-163.56633,-55.034423,2003,2004,2077,2078,2079,2113,2114
-163.367929,-54.800635,2014,2015,2079,2080,2081,2082,2083,2084,2085,2086,2114,2123,2126,2127,2128
-157.810416,-67.081249,2018,2019,2028
-157.5,-66.958831,2018,2028,2029
-157.5,-67.5,2018,2019,2020,2021,2022,2054,2055
-158.352083,-67.097916,2019,2020,2027,2028,2029,2030,2031,2032,2033,2058,2059
-158.610416,-67.197916,2020,2021,2027
-159.052083,-67.131249,2021,2022,2026,2027,2057,2058
-159.385416,-67.189583,2022,2023,2026,2055,2056
-160.90625,-66.910416,2023,2024,2025,2056,2066,2070,2074,2075
-159.927083,-67.006249,2023,2025,2026,2057
-161.285416,-66.681249,2024,2075,2076
-161.21875,-66.577083,2024,2025,2057,2058,2059,2060,2071,2072,2073,2076
-157.5,-66.433333,2029,2030,3100
-157.899611,-66.433305,2030,2031,3100,3101
-158.267313,-66.399936,2031,2032,3101,3102
-158.266331,-66.367427,2032,2033,3102,3103
-158.667123,-66.433716,2033,2034,2059,2060
-158.865215,-66.365571,2034,2035,2036,2060,2067,2071,3097,3098,3099,3105
-158.666583,-66.366564,2034,3104,3105
-158.967293,-66.300608,2035,2036,2757,2758,2949,2950
-158.867239,-66.301209,2035,2950,2951,3097
-159.133283,-66.299432,2036,2037,2061,2062,2063,2067,2758,2759
-159.532107,-66.199955,2037,2038,2039,2061,2752,2753,2760
-159.201163,-66.200406,2037,2759,2760
-159.899883,-66.132749,2038,2039,2360,2361
-159.799718,-66.065979,2038,2359,2360,2752
-160.133726,-66.134103,2039,2040,2041,2061,2062,2361,2362
-160.166694,-66.066352,2040,2041,2363,2364
-160.066895,-66.068102,2040,2362,2363
-160.367553,-66.199125,2041,2042,2043,2062,2063,2364,2365
-160.833213,-66.333246,2042,2043,2366,2367,2368,2375,2376,2377,2381
-160.499559,-66.200685,2042,2365,2366
-160.900884,-66.535106,2043,2044,2063,2067,2071,2072,2367
-163.064583,-67.347916,2048,2049,2053
-162.96601,-67.5,2048,2053,2054
-162.50625,-67.235416,2049,2050,2052,2053,2054,2055,2056,2066
-162.58125,-67.156249,2050,2051,2052,2064,2065
-162.422916,-67.060416,2051,2065,2068,2069
-162.38125,-67.164583,2051,2052,2066,2069,2070
-162.399976,-54.566583,2082,2083,2271,2272,2273,2274,2283
-162.16633,-54.898073,2083,2084,2282,2283,2284
-161.766724,-55.067366,2084,2085,2281,2282
-161.765746,-55.100503,2085,2086,2280,2281
-161.399153,-55.199868,2086,2087,2124,2125,2127,2279,2280
-160.69948,-55.166074,2087,2115,2116,2117,2118,2119,2120,2124,2277,2278
-161.001136,-55.164901,2087,2278,2279
-160.432337,-55.065308,2088,2089,2090,2091,2115,2276,2277
-159.299473,-55.233413,2089,2090,2934,2935,2936,2937,2938,2939
-159.098951,-55.699495,2090,2091,2848,2939
-159.365605,-55.70067,2091,2092,2115,2116,2847,2848,2849,2857,2858
-159.633295,-55.667328,2092,2116,2117,2738,2739
-159.533145,-55.76712,2092,2739,2740,2748,2749,2847
-159.831541,-55.865753,2093,2094,2679,2680,2736,2737
-159.667377,-55.833105,2093,2737,2738,2739,2748
-159.6666,-55.666112,2093,2094,2095,2096,2097,2098,2117,2118,2738
-160.066517,-55.801387,2094,2095,2625,2626,2679
-160.065853,-55.732969,2095,2096,2624,2625
-160.167064,-55.733526,2096,2097,2567,2568,2623,2624
-160.166574,-55.667915,2097,2098,2566,2567
-160.500482,-55.500441,2098,2099,2118,2119,2566
-160.833321,-55.466764,2099,2100,2119,2120,2564,2565
-160.667045,-55.600167,2099,2565,2566,2567,2568,2569,2570,2571,2572,2573,2574
-161.501266,-55.36621,2100,2120,2121,2124,2125,2455
-160.834124,-55.49994,2100,2455,2456,2564
-161.599131,-55.634618,2101,2102,2325,2326
-161.200455,-55.534032,2101,2326,2327,2460,2461
-161.500699,-55.465727,2101,2102,2103,2104,2105,2106,2121,2455,2456,2461
-161.734182,-55.533388,2102,2103,2287,2288,2324,2325
-161.734159,-55.399824,2103,2104,2286,2287
-161.798482,-55.367067,2104,2105,2267,2268,2269,2270,2285,2286
-162.06764,-55.201549,2105,2106,2266,2267
-161.998648,-55.100112,2106,2107,2121,2125,2127,2128,2266
-162.399609,-55.033733,2107,2126,2128,2246,2247
-162.13292,-55.166054,2107,2247,2248,2251,2252,2266,2267,2270
-162.533628,-55.332355,2108,2250,2251,2252
-162.700462,-55.333439,2108,2109,2110,2111,2112,2122,2246,2247,2251
-162.700372,-55.300442,2122,2123,2126,2246
-163.599283,-62.231968,2129,2142,2143
-163.733506,-62.26555,2129,2141,2142
-162.36712,-62.667383,2136,2137,2190,2191,2192,2193,2194,2195,2196,2208,2209,2210,2211,2212,2214
-162.532828,-62.767506,2137,2138,2189,2207,2213,2214
-162.834447,-62.5328,2138,2139,2189
-162.433244,-65.065787,2148,2149,2218,2219,2220,2227
-162.566146,-65.333984,2149,2150,2217,2226,2227,2228,2229
-162.900331,-65.366367,2150,2151,2216,2217
-162.899496,-65.466892,2151,2152,2215,2216
-162.367081,-60.333443,2154,2155,3333,3334
-161.932615,-60.668003,2154,3334,3335,3336,3348
-162.40021,-60.333588,2155,2178,2179,3332,3333
-162.164764,-60.233051,2156,2157,3331,3346,3347
-162.300603,-60.232089,2156,3332,3333,3334,3347,3348,3349,3350
-162.266468,-60.132288,2156,2157,2158,2159,2179,2180,3332
-162.232433,-60.165426,2157,2158,3330,3331
-162.100131,-59.967343,2158,2159,3329,3330
-162.100459,-59.867301,2159,2160,2180,2181,3328,3329
-162.034094,-59.200577,2160,2161,2162,2163,2164,2181,2182,3326,3327
-161.733575,-59.466029,2160,3327,3328
-161.798934,-58.999725,2161,2162,2388,2389
-161.566773,-59.133988,2161,2387,2388,3325,3326
-161.667503,-58.799507,2162,2163,2389,2390
-161.866136,-58.700004,2163,2164,2382,2383,2384,2385,2386,2390
-161.867737,-58.63322,2164,2165,2166,2167,2168,2169,2170,2182,2183,2382
-162.45625,-60.327083,2177,2178,2179,2180,2181,2182,2183,2184,2185,2186,2187
-162.41875,-60.035416,2186,2187,2188
-161.333066,-62.567393,2193,2194,2391,2392,2393,2394,2395,2396,2416,2417,2422,2423
-161.3337,-62.800486,2194,2195,2415,2416
-161.265647,-62.967301,2195,2196,2311,2312,2414,2415
-161.366337,-62.966799,2196,2197,2198,2208,2310,2311
-161.566203,-62.965482,2197,2198,2258,2259
-161.499164,-63.100151,2197,2259,2260,2310
-161.734293,-62.865834,2198,2208,2209,2257,2258
-162.266884,-63.032606,2199,2200,2254,2255
-161.933203,-63.134316,2199,2255,2256,2257,2258,2259,2260,2261,2262,2263,2264
-161.965927,-63.032981,2199,2200,2210,2211,2256
-162.43291,-62.865801,2200,2211,2212,2253,2254
-162.166327,-63.334127,2201,2202,2262,2263,2309
-162.298461,-63.2005,2201,2263,2264
-162.53269,-63.032834,2201,2202,2203,2204,2205,2206,2207,2213,2253,2254,2255,2264
-161.8997,-62.866592,2209,2210,2256,2257
-162.532345,-62.867266,2212,2213,2214,2253
-162.198917,-65.333393,2220,2227,2228,2289
-161.599509,-65.202552,2221,2222,2299,2300
-161.800745,-65.20087,2221,2300,2301,2302,2305
-161.900446,-65.366608,2221,2222,2223,2224,2228,2229,2289,2301
-161.599827,-65.299772,2222,2223,2233,2298,2299
-161.699621,-65.400095,2223,2224,2232,2233,2234,2235,2236,2237,2238,2239,2240,2241,2242,2243,2244,2245
-162.032881,-65.500481,2224,2225,2226,2229,2232
-162.033962,-65.532458,2225,2231,2232,2245
-161.532823,-65.300946,2233,2234,2298,2345,2346
-161.299585,-65.332726,2234,2235,2345
-161.266241,-65.332742,2235,2236,2344,2345,2346,2347,2348,2349,2371
-161.333513,-65.833453,2236,2237,2343,2344
-162.40115,-55.464799,2248,2249,2250,2252,2265
-162.132966,-55.333149,2248,2265,2269,2270
-161.498863,-63.299074,2260,2261,2310,2311,2312,2313,2314,2320
-161.632267,-63.366532,2261,2262,2309,2319,2320,2321,2322
-161.832312,-55.766595,2288,2323,2324
-160.70066,-64.567487,2293,2294,2295,2296,2297,2303,2304,2533
-160.635365,-64.70165,2294,2295,2350,2531,2532
-160.665423,-64.566706,2294,2532,2533,2534,2535,2536,2537
-160.766011,-65.23376,2295,2296,2349,2350,2351,2352,2371,2372,2373,2378
-160.932232,-65.133066,2296,2297,2348,2349
-161.300346,-65.234553,2297,2304,2307,2308,2347,2348
-161.534219,-65.16722,2298,2299,2300,2305,2306,2308,2346,2347
-160.832941,-63.333667,2312,2313,2413,2414,2555
-160.832676,-63.467103,2313,2314,2555,2562,2563
-160.500216,-63.668336,2314,2315,2316,2320,2321,2518,2519,2561,2562
-160.667844,-63.867229,2315,2517,2518
-161.198388,-55.666476,2327,2328,2459,2460
-160.863984,-55.733834,2328,2329,2458,2459,2489
-161.567532,-62.13278,2335,2336,2337,2338,2339,2340,2437
-161.433916,-62.299859,2336,2337,2394,2395,2444,2445
-161.433381,-62.165716,2336,2437,2438,2439,2440,2445
-160.298524,-64.866004,2350,2351,2530,2531
-160.298473,-64.933972,2351,2352,2529,2530,2577,2578
-160.368464,-65.000464,2352,2353,2354,2372,2577
-160.501756,-65.167488,2353,2354,2575,2576
-160.333585,-65.165371,2353,2576,2577,2578,2579,2580,2581,2590,2591
-160.66611,-65.265632,2354,2372,2373,2575
-160.133315,-65.700092,2355,2379,2380,2587,2588
-160.533258,-65.565877,2355,2588,2589
-160.799805,-65.533759,2355,2373,2378,2379,2575,2576,2589,2590
-159.633634,-65.533442,2356,2357,2374,2586
-159.899414,-65.566736,2356,2586,2587,2588,2589,2590,2591,2592
-159.965746,-65.699856,2356,2374,2375,2380,2381,2587
-159.601844,-65.633221,2357,2358,2359,2360,2361,2362,2363,2364,2365,2366,2374,2375,2584,2585
-159.634798,-65.465588,2357,2585,2586,2592
-159.666042,-65.934306,2358,2359,2752,2753
-159.301428,-65.634003,2358,2583,2584,2753,2754,2755,2756,2757,2758,2759,2760
-161.232263,-58.766396,2385,2386,2447,2462,2463,2464,2465,2466,2467,2468,2471
-161.234773,-58.934113,2386,2387,2388,2389,2390,2446,2447,2448,2449,2454
-161.534609,-59.132291,2387,2446,3324,3325
-161.167262,-62.399627,2395,2396,2443,2444
-160.933599,-62.298637,2396,2397,2417,2442,2443
-160.76691,-62.23395,2397,2398,2417,2418,2419,2420,2423,2441
-160.932421,-62.200203,2397,2441,2442
-160.932687,-61.999767,2398,2399,2400,2401,2402,2418,2439,2440
-160.966667,-62.066248,2398,2440,2441,2442,2443,2444,2445
-160.166191,-63.13278,2409,2410,2558,2559,2560,2561,2562,2563
-160.299941,-63.132685,2410,2411,2557,2558
-160.499336,-63.001279,2411,2412,2556,2557
-160.731694,-63.168191,2412,2413,2414,2415,2416,2421,2422,2556
-160.666739,-63.332399,2413,2555,2556,2557,2558,2563
-161.266924,-59.432844,2424,2425,2452,2453
-161.567389,-59.333907,2424,2446,2453,2454,3324
-161.598961,-59.466551,2424,2425,2426,2433,2434,3324,3325,3326,3327,3328,3329,3330,3331,3345,3346
-160.932645,-59.666383,2425,2426,2451,2452,2538
-160.932986,-59.733115,2426,2427,2434,2435,2538,2539,2540,2546,2547
-160.899405,-59.799628,2427,2428,2429,2435,2436,2554
-160.866901,-59.732884,2427,2546,2548,2549,2550,2551,2552,2553,2554
-160.932529,-60.099051,2428,2429,2472,2473,2498,2499,2500
-160.800394,-59.933314,2428,2498,2553,2554
-160.965954,-60.267387,2429,2430,2431,2432,2436,2472
-160.966533,-60.466407,2430,2431,2479,2480,3321,3322
-160.66658,-60.333243,2430,2472,2473,2474,2480
-161.301525,-60.26753,2431,2432,3322,3323,3343,3344
-161.200467,-60.06559,2432,2433,2434,2435,2436,3323
-161.466106,-59.867004,2433,3323,3344,3345
-160.901653,-58.866011,2447,2448,2470,2471,2501
-160.965219,-59.03265,2448,2449,2501,2502,2503,2504,2505
-160.832407,-59.233759,2449,2450,2451,2452,2453,2454,2505
-160.835003,-59.434518,2450,2451,2538,2539
-160.633649,-59.334561,2450,2504,2505,2539,2540
-160.832802,-55.59892,2456,2457,2458,2459,2460,2461,2564,2565,2574
-160.734652,-55.700969,2457,2458,2489,2490,2572,2573
-160.732332,-55.599909,2457,2573,2574
-160.100446,-58.899916,2468,2469,2470,2471,2614,2615
-160.499455,-59.033174,2469,2470,2501,2502,2613
-160.333146,-59.066336,2469,2613,2614
-160.433417,-60.232297,2473,2474,2500,2630,2631,2632,2633,2634,2635,2636,2638,2639
-160.40077,-60.43354,2474,2475,2476,2477,2478,2479,2480,2638
-160.100737,-60.6663,2475,2476,2637,2640,2641
-160.266714,-60.433779,2475,2638,2639,2641
-160.200208,-60.666681,2476,2477,2594,2595,2599,2600,2637
-160.733363,-60.667371,2477,2478,2593,2594
-160.798647,-60.566442,2478,2479,2593,3321
-160.799405,-55.900302,2481,2482,2495,2496,2497
-160.800042,-55.933726,2482,2483,2494,2495
-160.566309,-55.932608,2483,2484,2493,2494,2601
-160.567455,-56.032747,2484,2485,2486,2487,2488,2601,2602,2603,2604,2610,2611,2612
-160.567289,-56.134061,2485,2486,2509,2510
-160.466189,-56.133681,2485,2510,2511,2609,2610
-160.766587,-56.067362,2486,2487,2508,2509
-160.76743,-56.033217,2487,2488,2507,2508
-160.766724,-55.867808,2490,2496,2497,2571,2572
-160.433743,-55.898757,2491,2492,2622
-160.33334,-55.766306,2491,2569,2570,2622,2623,2624,2625,2626,2627,2629
-160.533723,-55.86617,2491,2492,2493,2494,2495,2497,2570,2571
-160.432151,-55.933466,2492,2493,2601,2602,2622,2628,2629
-160.632571,-59.933512,2498,2499,2552,2553
-160.299956,-60.033533,2499,2500,2551,2552,2630
-160.398844,-59.201102,2502,2503,2613,2614,2615,2616,2620,2621
-160.434852,-59.365996,2503,2504,2540,2541,2542,2543,2544,2545,2547,2619,2620
-160.166506,-56.365908,2511,2512,2608,2609
-160.000618,-63.66756,2519,2520,2560,2561
-159.764906,-64.134766,2522,2523,2686,2687,2761,2762,2763,2764,2765,2769
-160.066236,-64.266147,2523,2524,2685,2686
-160.066751,-64.299628,2524,2525,2534,2535,2685
-160.165702,-64.367034,2525,2535,2536,2684
-159.899749,-64.298525,2525,2684,2685,2686,2687,2688,2689,2690,2691,2699,2700
-159.900756,-64.898139,2526,2527,2696,2697,2720
-159.899824,-64.6997,2526,2697,2698,2699,2700,2701,2702
-159.966795,-64.699819,2526,2527,2528,2529,2530,2531,2532,2537,2698
-159.899501,-64.934893,2527,2528,2719,2720,2721,2722,2723,2724,2727,2728
-159.999152,-64.933348,2528,2529,2578,2579,2719
-160.167277,-64.467484,2536,2537,2684,2698,2699
-160.066497,-59.533613,2541,2542,2662,2663,2664,2671,2672
-160.199166,-59.400504,2541,2619,2662
-160.06597,-59.599838,2542,2543,2654,2670,2671
-160.066581,-59.665908,2543,2544,2653,2654,2655,2660
-160.20007,-59.733021,2544,2545,2548,2549,2652,2653
-160.867435,-59.700343,2545,2546,2547,2548
-160.265842,-59.832532,2549,2550,2651,2652
-160.267511,-60.03517,2550,2551,2630,2631,2651
-160.334837,-55.73401,2568,2569,2623
-159.999699,-65.167738,2579,2580,2719,2727
-159.732374,-65.199087,2580,2581,2726,2727,2728,2729
-159.500075,-65.366508,2581,2582,2583,2584,2585,2591,2592,2726
-159.266779,-65.532344,2582,2583,2725,2754
-159.432637,-65.365994,2582,2725,2726,2729
-160.767173,-60.700396,2593,2594,2599
-160.099655,-61.03461,2595,2596,2597,2598,2600,2703,2704,2705,2706,2707,2708
-160.065779,-60.734262,2595,2637,2640,2703
-160.133477,-61.23222,2596,2597,3318,3319,3320,3341,3342
-160.033482,-61.200449,2596,2708,3317,3318
-160.36835,-60.933064,2597,2598,3319
-160.666705,-60.702464,2598,2599,2600,3319,3320
-160.499584,-56.000913,2602,2603,2628
-160.334065,-55.999844,2603,2604,2627,2628,2629
-160.200239,-56.067197,2604,2605,2611,2626,2627,2679,2680,2683
-160.199231,-56.199119,2605,2606,2607,2611,2612,2673,2678
-160.133886,-56.066695,2605,2673,2682,2683
-159.965805,-56.399241,2606,2607,2709,2710
-159.967473,-56.366342,2606,2677,2678,2710,2711
-159.965132,-58.933389,2617,2618,2663,2664
-159.865885,-58.933749,2617,2664,2665,2666,2667,2668,2672
-160.167302,-59.167352,2618,2619,2620,2621,2662,2663
-160.200493,-60.099934,2631,2632,2651,2652,2653,2659,2660,2661
-159.766586,-60.065985,2632,2633,2658,2659,2777
-159.667778,-60.232274,2633,2634,2731,2777,2778,2779,2780,2783,2784
-159.665759,-60.300147,2634,2635,2730,2731,2732,2733,2734,2735
-159.866571,-60.500038,2635,2636,2730
-159.933941,-60.6646,2636,2639,2640,2641,2703,2704,2730,2735
-159.332495,-61.666638,2646,2647,2875,3352,3353
-159.334146,-61.60024,2647,2648,3351,3352
-159.528843,-61.588099,2648,2649,3310,3311,3312,3351
-159.65625,-61.59375,2649,2650,3310
-159.733435,-59.566312,2654,2655,2669,2670,2774,2775
-159.532182,-59.833881,2655,2660,2661,2773,2774
-159.400317,-59.901046,2656,2657,2778,2779,2915,2924
-159.433522,-59.832933,2656,2887,2888,2915
-159.466268,-59.8333,2656,2657,2658,2659,2661,2772,2773,2888,2889
-159.700297,-60.067074,2657,2658,2777,2778
-159.600313,-59.066069,2666,2667,2770,2771,2825,2826
-159.799776,-59.331766,2667,2668,2770
-159.799713,-59.366657,2668,2669,2670,2671,2672,2770,2771,2776
-159.701772,-59.365586,2669,2775,2776
-160.034734,-56.130829,2673,2674,2675,2676,2677,2678,2681,2682
-159.667034,-56.167996,2674,2675,2746,2747,2813
-159.934362,-56.065209,2674,2681,2736,2737,2747,2748,2749,2750,2751
-159.665479,-56.33438,2675,2676,2785,2786,2813,2814,2815,2816,2817
-159.733243,-56.400676,2676,2677,2711,2712,2785
-159.933567,-55.998836,2680,2681,2682,2683,2736
-159.298524,-64.200046,2687,2688,2768,2769
-158.967282,-64.332151,2688,2689,2767,2768
-158.966384,-64.400208,2689,2690,2766,2767
-158.667953,-64.532818,2692,2693,2968,2969,3133,3134
-158.768123,-64.53373,2693,2694,2701,2702,2968
-159.166929,-64.801752,2694,2695,2696,2697,2702,2966,2967
-158.766303,-64.699453,2694,2967,2968,2969,2970,2971,2972,2973
-159.833518,-64.899678,2695,2696,2720,2721
-159.167634,-64.833276,2695,2721,2722,2966
-159.699667,-60.833618,2704,2705,2734,2735
-159.465765,-60.833468,2705,2706,2733,2734,2807,2808
-159.66584,-61.199675,2706,2707,2808,2809,3315,3316
-159.800721,-61.265161,2707,2708,3316,3317
-159.699704,-56.501033,2712,2713,2785,2786,2795,2796
-158.9332,-56.567561,2713,2714,2794,2795
-158.932444,-56.633435,2714,2715,2793,2794,3047,3048
-158.966514,-56.632693,2715,2716,2717,2718,3046,3047
-159.031991,-64.966738,2722,2723,2961,2962,2966,2967,2973
-159.166406,-65.366712,2723,2724,2962,2963
-159.167265,-65.400131,2724,2725,2728,2729,2754,2755,2963,2964
-159.30032,-60.332956,2731,2732,2782,2783,2925
-159.366954,-60.733637,2732,2733,2806,2807,2925,2932,2933
-159.566441,-55.832581,2740,2749,2750,2846
-159.533007,-55.834242,2740,2846,2847,2856,2857
-159.433612,-55.798663,2741,2742,2853,2854
-159.466953,-55.800027,2741,2854,2855,2856,2857,2858
-159.466536,-55.900619,2741,2742,2743,2744,2745,2746,2747,2751,2855
-159.331938,-55.900708,2742,2743,2852,2853
-159.165771,-55.93287,2743,2744,2851,2852,2940,2941
-159.200808,-56.032705,2744,2745,2814,2815,2940
-159.500268,-56.132772,2745,2746,2813,2814
-159.566431,-55.900253,2750,2751,2846,2855,2856
-158.667129,-65.498938,2755,2756,2949,2950,2951,2952,2953,2964,2965
-158.967769,-65.83307,2756,2757,2949
-159.299321,-59.233159,2771,2772,2773,2774,2775,2776,2826,2827,2884
-159.399375,-59.599009,2772,2884,2889,2890
-159.233897,-60.032643,2779,2780,2923,2924
-159.000758,-60.098754,2780,2781,2784,2922,2923,3005
-159.266474,-60.199183,2781,2782,2783,2784,2926
-159.000495,-60.198156,2781,2926,2927,2928,2929,2930,2931,2932,2933,3005,3016
-159.267755,-60.332903,2782,2925,2926,2933
-159.265323,-56.399912,2786,2787,2788,2789,2790,2796,2817
-158.833313,-56.265639,2787,2788,2946,2947
-159.099252,-56.200628,2787,2816,2817,2947,2948
-158.665788,-56.302064,2788,2789,2945,2946,3150
-158.633008,-56.301725,2789,2790,3149,3150
-158.633427,-56.333456,2790,2791,2792,2793,2794,2795,2796,3107,3148,3149
-158.665152,-56.398537,2791,2792,3106
-158.633094,-56.400182,2791,3106,3107,3113
-158.799673,-56.566398,2792,2793,3048,3049,3106,3112,3113
-158.622916,-61.547916,2797,2798,2799,2800,2801,2802,2803,2811,3302
-158.918268,-61.561016,2797,3302,3303,3312,3313,3351,3352,3353,3354
-159.000003,-61.499835,2797,2810,2811,2812,3313,3314
-158.168786,-61.433315,2798,2799,3184,3185,3186,3267,3268,3269,3270
-158.370545,-61.614514,2798,3176,3177,3268,3302,3303,3308,3309
-158.266455,-61.432679,2799,2800,3185
-158.266723,-61.367734,2800,2801,3185,3186
-158.400137,-61.266799,2801,2802,3002,3003,3179,3180,3181,3182,3183,3184,3186
-158.634076,-61.300859,2802,2803,3003,3004
-158.766614,-61.400479,2803,2804,2811,2812,3001,3004
-159.066607,-60.900444,2804,2805,2806,2807,2808,2809,2810,2812,2974,2975,2976,2977,2978,2980
-159.0001,-60.899564,2804,2979,2980,3001
-159.200454,-60.732918,2805,2806,2931,2932
-159.166548,-60.732823,2805,2930,2931,2974
-159.600905,-61.334926,2809,2810,3314,3315
-159.101354,-56.099421,2815,2816,2940,2941,2942,2943,2944,2948
-158.666181,-58.900403,2818,2819,3084,3090,3093,3094
-158.500587,-59.033611,2818,3094,3095,3096
-158.499113,-59.099806,2818,2819,2841,2842,2844,3091,3092,3095
-158.767607,-59.0006,2819,2837,2841,3083,3084
-158.732924,-58.500994,2820,3081,3082
-158.933178,-58.766817,2820,2821,2822,2823,2824,2825,2826,2827,2837,3082,3083
-158.968514,-59.432171,2827,2828,2837,2841,2842,2884,2885,2886,2890,3030
-158.065935,-59.066444,2828,2842,2844,2845,3031
-158.066036,-59.133204,2828,3030,3031,3032,3033,3034,3043,3044
-157.866007,-59.367012,2829,2830,3035
-158.000019,-59.33383,2829,3034,3035,3044,3045
-157.799133,-59.332039,2829,2830,2831,2832,2833,2838,3033,3034
-157.865056,-59.468159,2830,2831,3035,3036,3037,3038,3039,3045
-157.5,-59.4,2831,2832,3036
-157.5,-59.345376,2832,2833,3295,3296
-157.627083,-59.289583,2833,2838,2839,3294,3295
-158.03125,-58.897916,2834,2835,3300,3301
-157.75625,-58.902083,2834,3294,3295,3296,3297,3298,3299,3301
-157.75625,-59.106249,2834,2835,2836,2839,2840,3294
-158.163233,-58.961463,2835,2836,3085,3086,3087,3300
-158.067827,-58.99952,2836,2840,2843,2844,2845,3085,3091
-157.733645,-59.265701,2838,2839,2840,2843,3032,3033
-157.999881,-59.067317,2843,2845,3031,3032
-159.067184,-55.700764,2848,2849,2938,2939,2981
-159.067059,-55.732892,2849,2850,2851,2852,2853,2854,2858,2981,2994,2995
-158.732805,-55.96668,2850,2851,2941,2942,2992,2993
-158.999356,-55.731492,2850,2993,2994
-159.067409,-61.965094,2860,2861,2880,2881
-158.600415,-62.099731,2861,2862,2879,2880,3154,3155,3160,3161
-158.533201,-62.133634,2862,2863,3155,3162
-158.399181,-62.265761,2863,2864,3162,3163,3164,3175
-159.033865,-61.667214,2875,2876,3304,3353,3354
-158.767709,-61.6663,2876,2877,2878,2879,2880,2881,2882,2883,3304,3305
-158.565922,-61.767286,2877,2878,3152,3153,3306
-158.765591,-61.633315,2877,3305,3306,3307,3308,3309
-158.601178,-62.00038,2878,2879
-159.066908,-59.532675,2885,2886,2916,2917
-158.967563,-59.532334,2885,2917,2918,3030,3042,3043
-159.200537,-59.632532,2886,2887,2888,2889,2890,2916
-159.200522,-59.734656,2887,2915,2916,2917,2918,2919,2920,2921,2922,2923,2924
-158.333416,-63.465912,2894,2895,3195,3196
-158.233876,-63.667313,2895,2912,2913,2914,3194,3195
-157.5,-64.3,2896,2897,3277
-157.5,-63.833333,2896,3192,3193
-158.133424,-63.699631,2896,2897,2898,2899,2900,2901,2902,2903,2904,2905,2906,2907,2913,3193,3194
-157.66659,-64.300487,2897,2898,3277,3278
-157.866667,-64.1673,2898,2899,3278,3279
-158.133754,-64.301829,2899,2900,3279,3280
-158.133848,-64.332334,2900,2901,3280,3281
-158.799462,-59.699727,2918,2919,3041,3042
-158.733146,-59.867471,2919,2920,3040,3041,3114
-158.732016,-59.964699,2920,2921,3006,3114,3121
-158.631945,-60.034247,2921,2922,3005,3006,3007,3008,3009,3010,3011,3012,3013,3014,3015,3016
-158.965004,-60.299957,2927,2928,3017
-158.900763,-60.299181,2927,3015,3016,3017,3018
-158.966201,-60.599643,2928,2929,2975,2976,3017,3018,3019,3020,3021,3027
-159.100067,-60.599162,2929,2930,2974,2975
-158.799966,-55.63251,2936,2937,2982
-158.799348,-55.667293,2937,2938,2981,2982,2983,2984,2985,2986,2995
-158.59985,-56.134674,2942,2943,2991,2992
-158.434284,-56.168082,2943,2944,2990,2991,3139,3140
-158.433833,-56.232014,2944,2945,2946,2947,2948,3139
-158.332948,-56.233634,2945,3139,3140,3141,3142,3143,3144,3145,3146,3147,3148,3149,3150
-158.467122,-65.932455,2951,2952,3097,3098
-157.96718,-65.933515,2952,2953
-157.5,-65.866667,2953,2954,2955,2965,3099,3100,3101,3102,3103,3104,3105
-157.585416,-65.489583,2954,2955,3293
-157.5,-65.484072,2954,3291,3292,3293
-157.672916,-65.406249,2955,2956,2957,2958,2959,2960,2961,2962,2963,2964,2965,3292,3293
-157.76681,-65.233394,2956,2957,3137,3138
-157.622826,-65.269338,2956,3128,3138,3289,3290,3291,3292
-157.999144,-65.136627,2957,2958,3136,3137
-158.16724,-65.133726,2958,2959,2970,2971,3135,3136
-158.49882,-65.065919,2959,2960,2971,2972
-158.800387,-64.967077,2960,2961,2972,2973
-158.166654,-64.966325,2969,2970,3134,3135
-158.699588,-60.599671,2976,2977,3027,3029
-158.632996,-60.600791,2977,2978,3026,3028,3029
-158.499168,-60.834498,2978,2979,2980,3025,3026
-158.465682,-60.998901,2979,3001,3002,3003,3004,3024,3025
-158.232232,-55.366693,2984,2985,3235,3240
-158.134053,-55.367763,2985,2986,3239,3240
-157.699341,-55.666809,2986,2987,2988,2989,2990,2991,2992,2993,2994,2995,3238,3239
-157.5,-56.4,2987,2988,3142,3143
-157.5,-55.666667,2987,3237,3238
-158.131278,-56.232935,2988,2989,3141,3142
-158.233655,-56.166568,2989,2990,3140,3141
-158.632709,-56.767181,2997,2998,3063,3064,3065,3068
-158.700113,-57.000641,2998,2999,3063
-158.632738,-57.099238,2999,3000,3062,3063,3067,3068,3123,3124
-158.333047,-61.133093,3002,3023,3024,3179
-158.333364,-59.966771,3006,3007,3120,3121
-158.265863,-59.966756,3007,3008,3119,3120,3225
-158.167048,-60.132902,3008,3009,3216,3225,3226,3233,3234
-158.266216,-60.467033,3009,3010,3201,3216,3217,3218,3219
-158.367755,-60.464804,3010,3011,3200,3201,3213
-158.36737,-60.499318,3011,3012,3021,3022,3027,3028,3029,3200
-158.598162,-60.301026,3012,3013,3020,3021
-158.800531,-60.367019,3013,3014,3019,3020
-158.799976,-60.299748,3014,3015,3018,3019
-158.265971,-60.965505,3022,3023,3024,3025,3026,3028,3211,3212
-158.233991,-60.667613,3022,3200,3212,3213,3214,3215
-158.198996,-61.099355,3023,3179,3180,3210,3211
-157.5,-59.566667,3036,3037,3228,3229
-157.53159,-59.566676,3037,3038,3228
-157.534629,-59.598306,3038,3039,3115,3116,3227,3228,3229,3230,3231,3232,3233,3234
-158.299803,-59.732096,3039,3040,3041,3042,3043,3044,3045,3115
-158.367179,-59.799482,3040,3114,3115,3116,3117,3118,3119,3120,3121
-158.699392,-56.566478,3049,3050,3111,3112
-158.699695,-56.633442,3050,3051,3110,3111
-158.534119,-56.632501,3051,3052,3109,3110
-158.266784,-56.533173,3052,3053,3054,3055,3056,3057,3064,3065,3108,3109
-158.167454,-56.465924,3053,3054,3145,3146
-158.267018,-56.467253,3053,3108,3146,3147
-157.799973,-56.6997,3054,3055,3144,3145,3221,3222,3254
-157.933912,-56.8,3055,3056,3220,3221
-158.265711,-56.931266,3056,3057,3220
-158.26585,-57.066398,3057,3065,3066,3067,3068,3220,3221,3222,3223,3224
-157.56616,-57.101055,3058,3059,3060,3061,3062,3066,3067,3256,3257
-157.830647,-56.998792,3058,3223,3224,3257
-157.967096,-57.066815,3058,3066,3224
-157.5,-57.466667,3059,3060,3074,3075
-157.5,-57.033333,3059,3255,3256
-158.098428,-57.332513,3060,3061,3075,3076
-158.233586,-57.333586,3061,3062,3076,3077,3124,3125
-157.5,-58.8,3069,3070,3296,3297
-157.533038,-58.800328,3069,3297,3298
-158.334907,-58.633809,3069,3070,3071,3072,3088,3298,3299
-157.5,-58.166667,3070,3071,3260,3261
-157.700046,-57.799961,3071,3072,3258,3261
-157.700595,-57.599747,3072,3073,3088,3089,3090,3093,3258
-157.59922,-57.500907,3073,3074,3075,3076,3077,3078,3089,3259
-157.598899,-57.632336,3073,3258,3259,3260,3261
-157.5,-57.5,3074,3259,3260
-158.098619,-57.699818,3077,3078,3125,3126,3127
-158.334011,-58.033031,3078,3079,3080,3081,3082,3083,3084,3089,3090
-158.400823,-58.033307,3079,3126,3127
-158.36875,-59.060416,3085,3086,3091,3092
-158.43125,-59.014583,3086,3087,3092,3095,3096
-158.566011,-58.800797,3087,3088,3093,3094,3096,3299,3300,3301
-157.967181,-65.933515,3098,3099
-158.667123,-66.433717,3103,3104
-158.333539,-56.499211,3107,3108,3109,3110,3111,3112,3113,3147,3148
-157.932429,-59.800374,3116,3117,3227
-157.933783,-59.83331,3117,3118,3226,3227,3234
-158.267058,-59.833236,3118,3119,3225,3226
-158.334012,-58.033032,3126
-157.65625,-65.068749,3128,3129,3130,3131,3132,3133,3134,3135,3136,3137,3138,3288
-157.610416,-65.235416,3128,3288,3289
-157.5,-65.000266,3129,3130,3286,3287
-157.5,-65.048257,3129,3288,3289,3290
-157.889583,-64.860416,3130,3131,3284,3285,3287
-157.5,-56.6,3143,3144,3254,3255
-158.465698,-61.733472,3151,3152,3178,3306,3307
-158.199116,-61.75789,3151,3176,3177,3178,3269,3270,3275,3276
-158.102083,-61.860416,3151,3152,3153,3154,3159,3160,3275
-158.601177,-62.00038,3153,3154
-158.533024,-62.098096,3155,3156,3161,3162,3163
-158.132557,-62.031986,3156,3157,3158,3159,3160,3161,3241
-158.132941,-62.135069,3156,3163,3164,3241,3242,3243,3244,3247
-157.932185,-61.900645,3157,3158,3242,3243,3271,3272
-158.066435,-62.033395,3157,3241,3242
-157.955423,-61.882143,3158,3159,3262,3271,3275,3276
-157.733369,-62.46597,3164,3165,3166,3167,3168,3169,3170,3171,3172,3173,3174,3175,3246,3247
-157.5,-62.8,3165,3166,3245
-157.699618,-62.465716,3165,3245,3246
-157.5,-63.433333,3166,3167,3191,3192
-157.633355,-63.233722,3167,3168,3191
-157.767415,-63.233042,3168,3169,3191,3192,3193,3194,3195,3196,3197,3199
-157.76547,-62.967017,3169,3170,3190,3198,3199
-157.930697,-62.930817,3170,3171,3189,3190
-157.967273,-62.76701,3171,3172,3188,3189
-158.133646,-62.865543,3172,3173,3187,3188
-158.322916,-61.627083,3176,3268,3269
-158.465598,-61.699881,3177,3178,3307,3308
-157.999676,-61.100828,3180,3181,3209,3210
-157.867404,-61.167512,3181,3182,3208,3209,3253
-157.697702,-61.332216,3182,3183,3252,3253,3265,3266
-157.733962,-61.334209,3183,3184,3266,3267
-158.332125,-63.167288,3197,3198,3199
-158.299043,-60.534106,3201,3213,3214,3219
-157.601181,-60.300235,3202,3203,3230,3231
-157.798888,-60.298772,3202,3217,3218,3231,3232
-157.932253,-60.566868,3202,3203,3204,3205,3206,3207,3214,3215,3218,3219
-157.5,-60.4,3203,3204,3229,3230
-157.5,-60.933333,3204,3205,3250,3251
-157.833505,-60.833931,3205,3206,3249,3250
-157.9003,-60.73339,3206,3207,3248,3249
-157.966798,-60.833726,3207,3208,3209,3210,3211,3212,3215,3248
-157.866044,-60.998857,3208,3248,3249,3250,3251,3252,3253
-157.798953,-60.234167,3216,3217,3232,3233
-157.768751,-56.833712,3222,3223,3254,3255,3256,3257
-157.634787,-61.998269,3243,3244,3272,3273
-157.5,-62.0,3244,3245,3246,3247,3273,3274
-157.5,-61.4,3251,3252,3264,3265
-157.877083,-61.893749,3262,3263,3271,3272,3273,3274
-158.10009,-61.766961,3262,3263,3264,3265,3266,3267,3270,3276
-157.5,-61.820172,3263,3264,3274
-157.5,-64.836736,3277,3278,3279,3280,3281,3282,3283,3284,3285,3286
-157.535416,-64.852083,3285,3286,3287
-157.5,-65.3,3290,3291
-158.865978,-61.600157,3303,3304,3305,3309,3354
-159.866509,-61.567043,3311,3312,3313,3314,3315,3316,3317,3318,3340,3341
-160.767172,-60.700396,3320,3321,3322,3342,3343