0,1,0,75
1,2,0,-1
2,0,0,1
3,0,1,74
2,3,1,26
4,5,2,73
5,3,2,74
3,4,2,27
6,7,3,100
7,4,3,73
4,6,3,4
8,6,4,179
4,8,4,5
9,8,5,249
4,9,5,6
10,9,6,248
4,10,6,28
11,12,7,294
12,10,7,248
10,11,7,8
13,11,8,247
10,13,8,28
14,15,9,293
15,13,9,247
13,14,9,10
16,14,10,246
13,16,10,11
17,16,11,245
13,17,11,29
18,19,12,244
19,17,12,245
17,18,12,30
20,21,13,242
21,22,13,243
22,20,13,32
23,24,14,241
24,20,14,242
20,23,14,15
25,23,15,240
20,25,15,33
26,27,16,239
27,25,16,240
25,26,16,34
28,29,17,237
29,30,17,238
30,28,17,36
31,32,18,236
32,28,18,237
28,31,18,37
33,34,19,234
34,35,19,235
35,33,19,39
36,37,20,233
37,33,20,234
33,36,20,40
38,39,21,232
39,36,21,233
36,38,21,41
40,41,22,230
41,42,22,231
42,40,22,42
43,44,23,228
44,45,23,229
45,43,23,43
46,47,24,226
47,43,24,227
43,46,24,25
2,46,25,-1
43,2,25,26
43,3,26,27
43,4,27,44
4,13,28,29
4,17,29,30
4,18,30,31
22,18,31,243
4,22,31,32
4,20,32,33
4,25,33,34
4,26,34,35
30,26,35,238
4,30,35,36
4,28,36,37
4,31,37,38
35,31,38,235
4,35,38,39
4,33,39,40
4,36,40,41
4,38,41,45
42,38,42,231
38,40,42,45
45,40,43,229
40,43,43,44
40,4,44,45
48,49,46,135
49,1,46,-1
1,48,46,76
50,51,47,210
51,48,47,-1
48,50,47,48
52,50,48,209
48,52,48,49
53,52,49,208
48,53,49,50
54,53,50,208
48,54,50,51
55,54,51,207
48,55,51,52
56,55,52,206
48,56,52,53
57,56,53,206
48,57,53,54
58,57,54,205
48,58,54,55
59,58,55,204
48,59,55,77
60,61,56,203
61,59,56,204
59,60,56,77
62,63,57,202
63,60,57,203
60,62,57,78
64,65,58,201
65,62,58,202
62,64,58,79
66,67,59,200
67,64,59,201
64,66,59,60
68,66,60,199
64,68,60,80
69,70,61,198
70,68,61,199
68,69,61,81
71,72,62,197
72,69,62,198
69,71,62,82
73,74,63,195
74,75,63,196
75,73,63,84
76,77,64,193
77,78,64,194
78,76,64,86
79,80,65,191
80,81,65,192
81,79,65,88
82,83,66,189
83,84,66,190
84,82,66,90
85,86,67,188
86,82,67,189
82,85,67,91
87,88,68,186
88,89,68,187
89,87,68,93
90,91,69,185
91,87,69,186
87,90,69,94
92,93,70,183
93,94,70,184
94,92,70,96
95,96,71,181
96,97,71,182
97,95,71,98
6,98,72,179
98,99,72,180
99,6,72,99
7,5,73,101
5,0,74,75
5,1,75,76
5,48,76,101
48,60,77,78
48,62,78,79
48,64,79,80
48,68,80,81
48,69,81,82
48,71,82,83
75,71,83,196
48,75,83,84
48,73,84,85
78,73,85,194
48,78,85,86
48,76,86,87
81,76,87,192
48,81,87,88
48,79,88,89
84,79,89,190
48,84,89,90
48,82,90,91
48,85,91,92
89,85,92,187
48,89,92,93
48,87,93,94
48,90,94,95
94,90,95,184
48,94,95,96
48,92,96,97
97,92,97,182
48,97,97,98
48,95,98,102
99,95,99,180
95,6,99,100
95,7,100,102
7,48,101,102
100,101,103,170
101,49,103,-1
49,100,103,104
102,100,104,175
49,102,104,105
103,102,105,169
49,103,105,106
104,103,106,168
49,104,106,107
105,104,107,168
49,105,107,108
106,105,108,167
49,106,108,109
107,106,109,166
49,107,109,110
108,107,110,165
49,108,110,111
109,108,111,165
49,109,111,112
110,109,112,164
49,110,112,113
111,110,113,164
49,111,113,114
112,111,114,163
49,112,114,115
113,112,115,162
49,113,115,116
114,113,116,161
49,114,116,117
115,114,117,161
49,115,117,118
116,115,118,160
49,116,118,119
117,116,119,159
49,117,119,120
118,117,120,158
49,118,120,121
119,118,121,157
49,119,121,122
120,119,122,156
49,120,122,136
121,122,123,155
122,120,123,156
120,121,123,137
123,124,124,177
124,125,124,154
125,123,124,139
126,127,125,152
127,123,125,153
123,126,125,140
128,129,126,150
129,126,126,151
126,128,126,140
130,131,127,148
131,128,127,149
128,130,127,128
132,130,128,147
128,132,128,144
133,134,129,-1
134,135,129,145
135,133,129,130
136,133,130,323
135,136,130,131
137,136,131,328
135,137,131,132
138,137,132,327
135,138,132,141
139,140,133,325
140,138,133,326
138,139,133,142
48,141,134,-1
141,139,134,324
139,48,134,135
139,49,135,136
139,120,136,137
139,121,137,138
125,121,138,154
139,125,138,139
139,123,139,143
123,128,140,143
135,132,141,146
132,138,141,142
132,139,142,144
139,128,143,144
134,142,145,-1
142,135,145,146
142,132,146,147
142,130,147,148
142,131,148,149
142,128,149,150
142,129,150,151
142,126,151,152
142,127,152,153
142,123,153,176
124,121,154,155
124,122,155,171
122,119,156,157
122,118,157,158
122,117,158,159
122,116,159,160
122,115,160,171
115,113,161,162
115,112,162,163
115,111,163,172
111,109,164,173
109,107,165,166
109,106,166,167
109,105,167,173
105,103,168,169
105,102,169,174
142,101,170,-1
100,142,170,175
124,115,171,172
124,111,172,177
111,105,173,174
111,102,174,178
102,142,175,176
102,123,176,178
123,111,177,178
8,98,179,250
98,95,180,181
98,96,181,251
96,92,182,183
96,93,183,252
93,90,184,185
93,91,185,253
91,88,186,254
88,85,187,188
88,86,188,255
86,83,189,256
83,79,190,191
83,80,191,257
80,76,192,193
80,77,193,258
77,73,194,195
77,74,195,259
74,71,196,197
74,72,197,260
72,70,198,261
70,66,199,200
70,67,200,262
67,65,201,263
65,63,202,264
63,61,203,265
61,58,204,205
61,57,205,266
57,55,206,207
57,54,207,267
54,52,208,209
54,50,209,268
143,51,210,-1
50,143,210,211
144,143,211,310
50,144,211,212
145,144,212,309
50,145,212,269
146,147,213,322
147,145,213,309
145,146,213,214
148,146,214,308
145,148,214,270
149,150,215,307
150,148,215,308
148,149,215,271
151,152,216,319
152,149,216,307
149,151,216,217
153,151,217,306
149,153,217,272
154,155,218,304
155,156,218,305
156,154,218,274
157,158,219,303
158,154,219,304
154,157,219,275
159,160,220,302
160,157,220,303
157,159,220,276
161,162,221,301
162,159,221,302
159,161,221,277
163,164,222,299
164,165,222,300
165,163,222,279
166,167,223,297
167,168,223,298
168,166,223,224
169,166,224,296
168,169,224,281
46,170,225,-1
170,169,225,296
169,46,225,226
169,47,226,227
169,43,227,228
169,44,228,281
44,40,229,230
44,41,230,282
41,38,231,232
41,39,232,283
39,37,233,284
37,34,234,285
34,31,235,236
34,32,236,286
32,29,237,287
29,26,238,239
29,27,239,288
27,23,240,241
27,24,241,289
24,21,242,290
21,18,243,244
21,19,244,291
19,16,245,246
19,14,246,292
15,11,247,293
12,9,248,249
12,8,249,250
12,98,250,251
12,96,251,252
12,93,252,253
12,91,253,254
12,88,254,255
12,86,255,256
12,83,256,257
12,80,257,258
12,77,258,259
12,74,259,260
12,72,260,261
12,70,261,262
12,67,262,263
12,65,263,264
12,63,264,265
12,61,265,266
12,57,266,267
12,54,267,268
12,50,268,269
12,145,269,270
12,148,270,271
12,149,271,272
12,153,272,273
156,153,273,305
12,156,273,274
12,154,274,275
12,157,275,276
12,159,276,277
12,161,277,278
165,161,278,300
12,165,278,279
12,163,279,280
168,163,280,298
12,168,280,295
168,44,281,282
168,41,282,283
168,39,283,284
168,37,284,285
168,34,285,286
168,32,286,287
168,29,287,288
168,27,288,289
168,24,289,290
168,21,290,291
168,19,291,292
168,14,292,295
14,11,293,294
14,12,294,295
170,166,296,297
170,167,297,312
167,163,298,299
167,164,299,313
164,161,300,301
164,162,301,314
162,160,302,315
160,158,303,316
158,155,304,317
155,153,305,306
155,151,306,318
152,150,307,320
150,146,308,321
147,144,309,310
147,143,310,311
171,143,311,-1
147,171,311,322
170,171,312,-1
171,167,312,313
171,164,313,314
171,162,314,315
171,160,315,316
171,158,316,317
171,155,317,318
171,151,318,319
171,152,319,320
171,150,320,321
171,146,321,322
172,133,323,-1
136,172,323,328
141,172,324,-1
172,139,324,325
172,140,325,326
172,138,326,327
172,137,327,328