0.365707,53.965661,0,1,74,75
0.0,53.9,0,46,75,76
0.0,45.0,0,1,25,26
0.700498,54.166406,1,2,26,27,74
0.833303,54.199896,2,3,4,5,6,27,28,29,30,31,32,33,34,35,36,37,38,39,40,41,44,45,73
0.700689,54.200561,2,73,74,75,76,101
1.799188,54.467558,3,4,72,99,100,179
1.300132,54.365282,3,73,100,101,102
1.900914,54.36652,4,5,179,249,250
1.900451,54.132967,5,6,248,249
2.131531,53.899259,6,7,8,28,248
2.434624,53.533552,7,8,247,293,294
2.198627,53.900045,7,248,249,250,251,252,253,254,255,256,257,258,259,260,261,262,263,264,265,266,267,268,269,270,271,272,273,274,275,276,277,278,279,280,294,295
2.432744,53.431953,8,9,10,11,28,29,247
2.83402,53.199109,9,10,246,292,293,294,295
2.49969,53.431904,9,247,293
3.132676,52.799053,10,11,245,246
3.465172,52.466672,11,12,29,30,245
3.535209,52.26815,12,30,31,243,244
3.500945,52.466646,12,244,245,246,291,292
4.06502,51.632289,13,14,15,32,33,242
3.96771,51.832813,13,242,243,244,290,291
3.935101,51.833451,13,31,32,243
5.232972,50.234003,14,15,240,241
4.999416,50.732913,14,241,242,289,290
5.233046,50.166848,15,16,33,34,240
5.400293,49.932731,16,34,35,238,239
5.400542,50.000415,16,239,240,241,288,289
5.765785,49.398963,17,18,36,37,237
5.699809,49.69885,17,237,238,239,287,288
5.632951,49.700204,17,35,36,238
5.933389,49.16597,18,37,38,235,236
5.932828,49.23379,18,236,237,286,287
6.16679,48.898991,19,20,39,40,234
6.166854,48.999842,19,234,235,236,285,286
6.099975,48.999404,19,38,39,235
6.667278,48.399802,20,21,40,41,233
6.200329,48.901647,20,233,234,284,285
6.865339,48.133904,21,41,42,45,231,232
6.699843,48.401673,21,232,233,283,284
7.33366,47.600038,22,42,43,44,45,229,230
7.298594,47.732985,22,230,231,232,282,283
7.26628,47.732616,22,42,231
8.601775,45.932803,23,24,25,26,27,43,44,227,228
7.700675,47.265456,23,228,229,230,281,282
7.666936,47.265634,23,43,229
8.9,45.0,24,25,225,226
8.800094,45.832576,24,226,227
22.5,63.566667,46,47,48,49,50,51,52,53,54,55,76,77,78,79,80,81,82,83,84,85,86,87,88,89,90,91,92,93,94,95,96,97,98,101,102,134,135
0.0,63.566667,46,103,104,105,106,107,108,109,110,111,112,113,114,115,116,117,118,119,120,121,122,135,136
22.000052,57.232742,47,48,209,210,211,212,268,269
22.5,57.233333,47,210
21.433236,57.30048,48,49,208,209
21.433853,57.332804,49,50,208
20.866455,57.332081,50,51,207,208,209,267,268
20.867506,57.366415,51,52,206,207
19.632442,57.401063,52,53,206
19.466144,57.331772,53,54,205,206,207,266,267
18.899958,57.30128,54,55,204,205
18.465855,57.30016,55,56,77,204
18.031836,57.266748,56,57,77,78,203
18.467601,57.268328,56,203,204,205,265,266
16.633204,57.232915,57,58,78,79,202
18.033704,57.232614,57,202,203,264,265
15.834913,57.166425,58,59,60,79,80,201
16.634038,57.167326,58,201,202,263,264
14.768365,57.001527,59,60,199,200
15.231977,56.999833,59,200,201,262,263
14.234262,56.932441,60,61,80,81,199
13.666497,56.801443,61,62,81,82,198
14.232436,56.866505,61,198,199,200,261,262
13.033219,56.766815,62,82,83,196,197
13.667029,56.766738,62,197,198,260,261
10.76702,56.500461,63,84,85,194,195
12.532981,56.632342,63,195,196,197,259,260
12.532959,56.699906,63,83,84,196
9.166726,56.299693,64,86,87,192,193
10.099091,56.298963,64,193,194,195,258,259
10.098671,56.334503,64,85,86,194
8.234827,56.066256,65,88,89,190,191
8.699748,56.0652,65,191,192,193,257,258
8.700806,56.100491,65,87,88,192
7.333111,55.865453,66,67,90,91,189
7.866647,55.933593,66,189,190,191,256,257
7.866583,56.001437,66,89,90,190
6.399991,55.8323,67,91,92,187,188
7.33327,55.83433,67,188,189,255,256
5.165188,55.39977,68,69,93,94,186
5.633592,55.400326,68,186,187,188,254,255
5.633245,55.466375,68,92,93,187
3.96736,55.066339,69,94,95,184,185
4.466519,55.066729,69,185,186,253,254
3.366361,54.834417,70,96,97,182,183
3.600951,54.831882,70,183,184,185,252,253
3.598913,54.899498,70,95,96,184
2.200396,54.598572,71,98,99,100,102,180,181
2.966455,54.667035,71,181,182,183,251,252
2.968215,54.700103,71,97,98,182
2.000296,54.46493,72,179,180,181,250,251
1.999995,54.50109,72,99,180
0.332877,67.302698,103,104,170,175
0.0,67.233333,103,170
7.100205,67.30108,104,105,169,174,175,176,178
7.366792,67.200479,105,106,168,169
7.365148,67.167078,106,107,168
7.76634,67.167684,107,108,167,168,169,173,174
7.766068,67.132545,108,109,166,167
8.299074,67.133981,109,110,165,166
8.299165,67.100031,110,111,165
8.83364,67.167057,111,112,164,165,166,167,173
9.833898,67.133625,112,113,164
10.69984,67.200713,113,114,163,164,172,173,174,177,178
11.200072,67.13348,114,115,162,163
11.20056,67.099759,115,116,161,162
11.832606,67.066313,116,117,161
12.601536,67.066194,117,118,160,161,162,163,171,172
12.598392,67.033223,118,119,159,160
13.233508,66.89993,119,120,158,159
13.866919,66.866502,120,121,157,158
13.868179,66.833183,121,122,156,157
14.733,66.834313,122,123,136,137,156
15.100492,66.866915,123,137,138,154,155
14.733867,66.867482,123,155,156,157,158,159,160,171
16.332855,67.068228,124,125,139,140,143,153,176,177,178
15.49821,66.999158,124,154,155,171,172,177
15.500024,66.966349,124,138,139,154
16.866654,67.101965,125,126,140,151,152
16.333772,67.098469,125,152,153
17.399667,67.132331,126,127,128,140,143,144,149,150
16.866062,67.13437,126,150,151
19.633848,67.36643,127,128,147,148
18.39978,67.330404,127,148,149
20.567181,67.366976,128,141,142,144,146,147
21.7,67.5,129,130,323
21.266667,67.5,129,145
21.266086,67.466457,129,130,131,132,141,145,146
21.69949,67.466752,130,131,323,328
21.93326,67.466786,131,132,327,328
21.932576,67.434394,132,133,141,142,326,327
22.100045,67.400353,133,134,135,136,137,138,139,142,143,144,324,325
22.098405,67.433694,133,325,326
22.5,67.433333,134,324
0.0,67.5,145,146,147,148,149,150,151,152,153,170,175,176
22.5,47.633333,210,211,310,311
17.399704,47.632982,211,212,309,310
16.966708,47.43398,212,213,214,269,270,309
16.465775,47.198308,213,214,308,321,322
16.966422,47.40006,213,309,310,311,322
16.134153,47.165994,214,215,270,271,308
15.766355,47.132009,215,216,217,271,272,307
16.132727,47.13299,215,307,308,320,321
14.734405,46.90082,216,217,306,318,319
15.399883,46.933761,216,307,319,320
14.433052,47.099773,217,272,273,305,306
13.83403,46.832032,218,219,274,275,304
14.301396,46.899693,218,304,305,306,317,318
14.301529,46.930717,218,273,274,305
12.767077,46.634059,219,220,275,276,303
13.499067,46.631804,219,303,304,316,317
11.999905,46.600981,220,221,276,277,302
12.765915,46.600053,220,302,303,315,316
11.466592,46.566607,221,277,278,300,301
12.00152,46.567472,221,301,302,314,315
10.667132,46.332204,222,279,280,298,299
11.13392,46.333393,222,299,300,301,313,314
11.133988,46.366189,222,278,279,300
9.300595,45.800754,223,224,296,297
10.131303,46.068143,223,297,298,299,312,313
10.133702,46.100211,223,224,280,281,282,283,284,285,286,287,288,289,290,291,292,295,298
9.001031,45.80023,224,225,226,227,228,281,296
9.0,45.0,225,296,297,312
22.5,45.0,311,312,313,314,315,316,317,318,319,320,321,322
22.5,67.5,323,324,325,326,327,328