0,1,2,1,1,1,29440
3,2,4,1,0,1
5,6,7,1,1,1
8,9,10,1,1,1
11,10,12,1,0,1
13,12,14,1,0,1
15,16,17,1,1,1
18,17,19,1,0,1
20,19,21,1,0,1
22,23,24,1,1,1
25,26,27,1,1,1
28,27,29,1,0,1
30,31,32,1,1,1
33,34,35,1,1,1
36,37,38,1,1,1
39,38,40,1,0,1
41,42,43,1,1,1
44,45,46,1,1,1
47,46,48,1,0,1
49,50,51,1,1,1
52,51,53,1,0,1
54,53,55,1,0,1
56,55,57,1,0,1
58,59,60,1,1,1
61,62,63,1,1,1
64,63,65,1,0,1
4,65,66,0,0,1
7,66,67,0,0,1
68,67,69,1,0,1
14,69,70,0,0,1
21,70,71,0,0,1
72,71,73,1,0,1
24,73,74,0,0,1
75,74,76,1,0,1
77,76,78,1,0,1
29,78,79,0,0,1
32,79,80,0,0,1
35,80,81,0,0,1
40,81,82,0,0,1
83,82,84,1,0,1
43,84,85,0,0,1
48,85,86,0,0,1
57,86,60,0,0,0
87,88,89,1,1,1,29696
90,91,92,1,1,1
93,92,94,1,0,1
95,94,96,1,0,1
97,96,98,1,0,1
99,98,100,1,0,1
101,100,102,1,0,1
103,102,104,1,0,1
105,104,106,1,0,1
107,106,108,1,0,1
109,110,111,1,1,1
112,113,114,1,1,1
115,116,117,1,1,1
118,119,120,1,1,1
121,122,123,1,1,1
124,123,125,1,0,1
126,127,128,1,1,1
129,130,131,1,1,1
132,133,134,1,1,1
135,136,137,1,1,1
138,139,140,1,1,1
141,140,142,1,0,1
143,144,145,1,1,1
146,145,147,1,0,1
148,149,150,1,1,1
151,152,153,1,1,1
154,155,156,1,1,1
157,158,159,1,1,1
160,159,161,1,0,1
162,163,164,1,1,1
165,166,167,1,1,1
8,167,168,0,0,1
68,9,169,0,0,1
5,169,170,0,0,1
3,6,171,0,0,1
0,171,172,0,0,1
89,172,173,0,0,1
111,108,174,0,0,1
114,174,175,0,0,1
117,175,176,0,0,1
120,176,177,0,0,1
125,177,178,0,0,1
128,178,179,0,0,1
131,179,180,0,0,1
181,180,182,1,0,1
134,182,183,0,0,1
137,183,184,0,0,1
185,184,186,1,0,1
142,186,187,0,0,1
188,187,189,1,0,1
147,189,190,0,0,1
153,150,191,0,0,1
156,191,192,0,0,1
161,193,194,0,1,1
164,194,195,0,0,1
168,196,197,0,1,1
173,170,198,0,0,1
190,198,199,0,0,1
192,199,200,0,0,1
195,200,197,0,0,0
201,202,203,1,1,1,29936
204,203,205,1,0,1
206,205,207,1,0,1
208,207,209,1,0,1
210,209,211,1,0,1
212,211,213,1,0,1
214,213,215,1,0,1
216,215,217,1,0,1
218,219,220,1,1,1
221,222,223,1,1,1
224,223,225,1,0,1
226,225,227,1,0,1
228,229,230,1,1,1
231,230,232,1,0,1
233,234,235,1,1,1
236,237,238,1,1,1
239,240,241,1,1,1
242,243,244,1,1,1
245,246,247,1,1,1
248,249,250,1,1,1
251,250,252,1,0,1
253,254,255,1,1,1
256,255,257,1,0,1
258,257,259,1,0,1
260,259,261,1,0,1
262,261,263,1,0,1
264,263,265,1,0,1
266,265,267,1,0,1
268,269,270,1,1,1
87,270,271,0,0,1
220,217,272,0,0,1
227,272,273,0,0,1
232,273,274,0,0,1
235,274,275,0,0,1
276,275,277,1,0,1
238,277,278,0,0,1
241,279,280,0,1,1
244,280,281,0,0,1
247,281,282,0,0,1
252,282,283,0,0,1
267,283,284,0,0,1
271,284,278,0,0,0
285,286,287,1,1,1,50416
251,254,288,0,0,1
248,288,289,0,0,1
245,249,290,0,0,1
242,246,291,0,0,1
239,243,292,0,0,1
279,240,293,0,0,1
236,293,294,0,0,1
276,237,295,0,0,1
233,295,296,0,0,1
234,296,297,0,0,1
231,297,298,0,0,1
228,298,299,0,0,1
226,229,300,0,0,1
224,300,301,0,0,1
221,301,302,0,0,1
218,222,303,0,0,1
216,219,304,0,0,1
214,304,305,0,0,1
212,305,306,0,0,1
210,306,307,0,0,1
206,208,308,0,0,1
204,308,309,0,0,1
287,201,310,0,0,1
253,310,311,0,0,1
289,311,312,0,0,1
290,312,313,0,0,1
291,313,314,0,0,1
299,294,315,0,0,1
302,315,316,0,0,1
307,303,317,0,0,1
309,317,318,0,0,1
314,318,319,0,0,1
292,319,316,0,0,0
165,11,320,0,0,1,28672
196,166,321,0,0,1
162,321,322,0,0,1
160,163,323,0,0,1
157,323,324,0,0,1
193,158,325,0,0,1
154,325,326,0,0,1
151,155,327,0,0,1
148,152,328,0,0,1
149,328,329,0,0,1
146,329,330,0,0,1
143,330,331,0,0,1
188,144,332,0,0,1
141,332,333,0,0,1
138,333,334,0,0,1
185,139,335,0,0,1
135,335,336,0,0,1
136,336,337,0,0,1
132,337,338,0,0,1
181,133,339,0,0,1
129,339,340,0,0,1
126,130,341,0,0,1
124,127,342,0,0,1
121,342,343,0,0,1
118,122,344,0,0,1
115,119,345,0,0,1
112,116,346,0,0,1
109,113,347,0,0,1
107,110,348,0,0,1
105,348,349,0,0,1
101,103,350,0,0,1
99,350,351,0,0,1
97,351,352,0,0,1
95,352,353,0,0,1
93,353,354,0,0,1
355,90,356,1,0,1
357,356,358,1,0,1
359,358,360,1,0,1
361,360,362,1,0,1
363,364,365,1,1,1
366,367,368,1,1,1
369,370,371,1,1,1
372,371,373,1,0,1
374,375,376,1,1,1
377,376,378,1,0,1
379,380,381,1,1,1
382,383,384,1,1,1
385,386,387,1,1,1
388,389,390,1,1,1
391,392,393,1,1,1
394,395,396,1,1,1
49,396,397,0,0,1
50,397,398,0,0,1
47,398,399,0,0,1
44,399,400,0,0,1
41,45,401,0,0,1
83,42,402,0,0,1
39,402,403,0,0,1
36,403,404,0,0,1
33,37,405,0,0,1
30,34,406,0,0,1
28,31,407,0,0,1
77,26,408,0,0,1
75,408,409,0,0,1
22,409,410,0,0,1
72,23,411,0,0,1
20,411,412,0,0,1
18,412,413,0,0,1
13,16,414,0,0,1
320,414,415,0,0,1
322,415,416,0,0,1
324,416,417,0,0,1
326,417,418,0,0,1
327,418,419,0,0,1
331,419,420,0,0,1
334,420,421,0,0,1
338,421,422,0,0,1
340,422,423,0,0,1
341,423,424,0,0,1
343,424,425,0,0,1
344,425,426,0,0,1
345,426,427,0,0,1
346,427,428,0,0,1
347,428,429,0,0,1
349,429,430,0,0,1
354,430,431,0,0,1
362,431,432,0,0,1
365,432,433,0,0,1
368,433,434,0,0,1
435,434,436,1,0,1
373,436,437,0,0,1
438,437,439,1,0,1
378,439,440,0,0,1
381,440,441,0,0,1
384,441,442,0,0,1
443,442,444,1,0,1
387,444,445,0,0,1
390,445,446,0,0,1
447,446,448,1,0,1
400,393,449,0,0,1
401,449,450,0,0,1
404,450,451,0,0,1
405,451,452,0,0,1
406,452,453,0,0,1
407,453,454,0,0,1
25,454,455,0,0,1
410,455,456,0,0,1
413,456,457,0,0,1
15,457,448,0,0,0
58,62,458,0,0,1,29520
56,59,459,0,0,1
52,54,460,0,0,1
394,460,461,0,0,1
462,461,463,1,0,1
464,463,465,1,0,1
466,465,467,1,0,1
468,467,469,1,0,1
470,469,471,1,0,1
472,471,473,1,0,1
474,473,475,1,0,1
458,61,476,0,0,1
459,476,475,0,0,0
391,395,477,0,0,1,28752
447,392,478,0,0,1
388,478,479,0,0,1
385,389,480,0,0,1
443,386,481,0,0,1
382,481,482,0,0,1
379,383,483,0,0,1
377,380,484,0,0,1
438,375,485,0,0,1
372,485,486,0,0,1
369,486,487,0,0,1
435,370,488,0,0,1
366,488,489,0,0,1
363,367,490,0,0,1
361,364,491,0,0,1
359,491,492,0,0,1
357,492,493,0,0,1
494,493,495,1,0,1
496,495,497,1,0,1
472,497,498,0,0,1
470,498,499,0,0,1
468,499,500,0,0,1
464,466,501,0,0,1
477,462,502,0,0,1
479,502,503,0,0,1
480,503,504,0,0,1
482,504,505,0,0,1
483,505,506,0,0,1
484,506,507,0,0,1
487,374,508,0,0,1
490,489,509,0,0,1
500,509,510,0,0,1
501,510,511,0,0,1
507,511,508,0,0,0
512,258,513,1,0,1,50416
269,514,515,0,1,1
266,515,516,0,0,1
264,516,517,0,0,1
262,517,518,0,0,1
260,518,513,0,0,0