0,1,0,89
1,2,0,-1
2,0,0,1
3,0,1,104
2,3,1,2
4,3,2,88
2,4,2,3
5,4,3,87
2,5,3,4
6,5,4,87
2,6,4,5
7,6,5,86
2,7,5,6
8,7,6,85
2,8,6,7
9,8,7,85
2,9,7,8
10,9,8,84
2,10,8,9
11,10,9,83
2,11,9,10
12,11,10,82
2,12,10,11
13,12,11,81
2,13,11,12
14,13,12,80
2,14,12,13
15,14,13,80
2,15,13,14
16,15,14,79
2,16,14,15
17,16,15,78
2,17,15,16
18,17,16,77
2,18,16,17
19,18,17,77
2,19,17,18
20,19,18,76
2,20,18,19
21,20,19,75
2,21,19,20
22,21,20,74
2,22,20,21
23,22,21,73
2,23,21,35
24,25,22,189
25,23,22,190
23,24,22,23
26,24,23,188
23,26,23,36
27,28,24,187
28,26,24,188
26,27,24,37
29,30,25,186
30,27,25,187
27,29,25,38
31,32,26,216
32,29,26,186
29,31,26,27
33,31,27,215
29,33,27,28
34,33,28,185
29,34,28,29
35,34,29,184
29,35,29,38
36,37,30,213
37,35,30,184
35,36,30,31
38,36,31,212
35,38,31,32
39,38,32,211
35,39,32,33
40,39,33,210
35,40,33,34
2,40,34,-1
35,2,34,35
35,23,35,36
35,26,36,37
35,27,37,38
41,42,39,160
42,1,39,-1
1,41,39,40
43,41,40,160
1,43,40,41
44,43,41,159
1,44,41,42
45,44,42,158
1,45,42,43
46,45,43,157
1,46,43,44
47,46,44,157
1,47,44,89
48,49,45,155
49,47,45,156
47,48,45,90
50,51,46,154
51,48,46,155
48,50,46,47
52,50,47,153
48,52,47,91
53,54,48,152
54,52,48,153
52,53,48,49
55,53,49,151
52,55,49,92
56,57,50,149
57,55,50,150
55,56,50,93
58,59,51,148
59,56,51,149
56,58,51,52
60,58,52,147
56,60,52,94
61,62,53,145
62,63,53,146
63,61,53,54
64,61,54,144
63,64,54,55
65,64,55,143
63,65,55,96
66,67,56,142
67,65,56,143
65,66,56,57
68,66,57,141
65,68,57,97
69,70,58,140
70,68,58,141
68,69,58,59
71,69,59,305
68,71,59,60
72,71,60,305
68,72,60,61
73,72,61,349
68,73,61,62
74,73,62,304
68,74,62,98
75,76,63,303
76,74,63,304
74,75,63,64
77,75,64,302
74,77,64,65
78,77,65,301
74,78,65,66
79,78,66,300
74,79,66,67
80,79,67,299
74,80,67,99
81,82,68,194
82,80,68,299
80,81,68,69
83,81,69,193
80,83,69,70
84,83,70,192
80,84,70,71
85,84,71,191
80,85,71,72
23,85,72,190
80,23,72,73
80,22,73,74
80,21,74,75
80,20,75,76
80,19,76,100
19,17,77,78
19,16,78,79
19,15,79,100
15,13,80,81
15,12,81,82
15,11,82,83
15,10,83,84
15,9,84,101
9,7,85,86
9,6,86,102
6,4,87,88
6,3,88,103
0,47,89,90
0,48,90,91
0,52,91,92
0,55,92,93
0,56,93,94
0,60,94,95
63,60,95,146
0,63,95,96
0,65,96,97
0,68,97,98
0,74,98,99
0,80,99,104
80,15,100,101
80,9,101,102
80,6,102,103
80,3,103,104
86,87,105,-1
87,42,105,-1
42,86,105,106
88,86,106,-1
42,88,106,107
89,88,107,546
42,89,107,161
90,91,108,544
91,89,108,545
89,90,108,109
92,90,109,543
89,92,109,162
93,94,110,534
94,92,110,542
92,93,110,111
95,93,111,533
92,95,111,112
96,95,112,532
92,96,112,163
97,98,113,530
98,96,113,531
96,97,113,114
99,97,114,432
96,99,114,164
100,101,115,431
101,99,115,432
99,100,115,116
102,100,116,430
99,102,116,165
103,104,117,455
104,102,117,430
102,103,117,118
105,103,118,429
102,105,118,119
106,105,119,428
102,106,119,166
107,108,120,427
108,106,120,428
106,107,120,167
109,110,121,426
110,107,121,427
107,109,121,122
111,109,122,425
107,111,122,168
112,113,123,424
113,111,123,425
111,112,123,124
114,112,124,423
111,114,124,169
115,116,125,421
116,114,125,422
114,115,125,126
117,115,126,420
114,117,126,170
118,119,127,321
119,117,127,419
117,118,127,128
120,118,128,320
117,120,128,129
121,120,129,319
117,121,129,171
122,123,130,318
123,121,130,319
121,122,130,131
124,122,131,317
121,124,131,172
125,126,132,316
126,124,132,317
124,125,132,173
127,128,133,315
128,125,133,316
125,127,133,134
129,127,134,314
125,129,134,135
130,129,135,313
125,130,135,136
131,130,136,312
125,131,136,181
132,133,137,310
133,131,137,311
131,132,137,174
134,135,138,308
135,132,138,309
132,134,138,139
136,134,139,307
132,136,139,174
69,136,140,306
136,70,140,175
70,66,141,142
70,67,142,175
67,64,143,144
67,61,144,145
67,62,145,176
62,60,146,147
62,58,147,148
62,59,148,177
59,57,149,150
59,55,150,151
59,53,151,152
59,54,152,177
54,50,153,154
54,51,154,178
51,49,155,156
51,47,156,178
47,45,157,158
47,44,158,159
47,43,159,179
43,42,160,161
43,89,161,162
43,92,162,163
43,96,163,164
43,99,164,165
43,102,165,166
43,106,166,167
43,107,167,168
43,111,168,169
43,114,169,170
43,117,170,171
43,121,171,172
43,124,172,173
43,125,173,180
131,136,174,182
136,67,175,176
136,62,176,183
62,54,177,183
54,47,178,179
54,43,179,180
54,125,180,181
54,131,181,182
54,136,182,183
37,34,184,185
37,33,185,214
32,30,186,217
30,28,187,218
28,24,188,189
28,25,189,219
25,85,190,191
25,84,191,192
25,83,192,193
25,81,193,194
25,82,194,195
137,82,195,243
25,137,195,196
138,137,196,242
25,138,196,197
139,138,197,241
25,139,197,198
140,139,198,241
25,140,198,220
141,142,199,239
142,140,199,240
140,141,199,220
143,144,200,235
144,145,200,236
145,143,200,201
146,143,201,234
145,146,201,224
147,148,202,232
148,146,202,233
146,147,202,225
149,150,203,278
150,147,203,232
147,149,203,226
151,152,204,276
152,153,204,277
153,151,204,227
154,155,205,296
155,151,205,276
151,154,205,206
156,154,206,275
151,156,206,228
157,158,207,274
158,156,207,275
156,157,207,229
159,160,208,273
160,157,208,274
157,159,208,229
40,161,209,-1
161,159,209,272
159,40,209,210
159,39,210,211
159,38,211,212
159,36,212,213
159,37,213,214
159,33,214,215
159,31,215,216
159,32,216,217
159,30,217,218
159,28,218,219
159,25,219,230
25,141,220,221
162,141,221,238
25,162,221,222
163,162,222,237
25,163,222,223
145,163,223,236
25,145,223,224
25,146,224,225
25,147,225,226
25,149,226,231
153,149,227,277
149,151,227,228
149,156,228,231
156,159,229,230
156,25,230,231
150,148,232,233
150,146,233,234
150,143,234,235
150,144,235,279
144,163,236,237
144,162,237,238
144,141,238,239
144,142,239,240
144,140,240,280
140,138,241,242
140,137,242,280
164,82,243,346
137,164,243,244
165,164,244,345
137,165,244,245
166,165,245,344
137,166,245,246
167,166,246,343
137,167,246,247
168,167,247,342
137,168,247,248
169,168,248,341
137,169,248,281
170,171,249,339
171,169,249,340
169,170,249,282
172,173,250,337
173,170,250,338
170,172,250,283
174,175,251,335
175,172,251,336
172,174,251,252
176,174,252,334
172,176,252,284
177,178,253,332
178,176,253,333
176,177,253,285
179,180,254,330
180,177,254,331
177,179,254,286
181,182,255,415
182,179,255,329
179,181,255,256
183,181,256,368
179,183,256,257
184,183,257,368
179,184,257,258
185,184,258,367
179,185,258,259
186,185,259,366
179,186,259,287
187,188,260,365
188,186,260,366
186,187,260,288
189,190,261,364
190,187,261,365
187,189,261,262
191,189,262,363
187,191,262,289
192,193,263,362
193,191,263,363
191,192,263,264
194,192,264,361
191,194,264,290
195,196,265,359
196,194,265,360
194,195,265,266
197,195,266,358
194,197,266,291
198,199,267,356
199,197,267,357
197,198,267,268
200,198,268,355
197,200,268,292
201,202,269,354
202,200,269,355
200,201,269,270
203,201,270,353
200,203,270,293
161,204,271,-1
204,203,271,353
203,161,271,272
203,159,272,273
203,160,273,294
160,158,274,295
158,154,275,295
155,152,276,297
152,149,277,278
152,150,278,279
152,144,279,297
144,137,280,281
144,169,281,282
144,170,282,283
144,172,283,284
144,176,284,285
144,177,285,286
144,179,286,287
144,186,287,288
144,187,288,289
144,191,289,290
144,194,290,291
144,197,291,292
144,200,292,293
144,203,293,294
144,160,294,298
160,154,295,296
160,155,296,298
155,144,297,298
82,79,299,300
82,78,300,301
82,77,301,302
82,75,302,303
82,76,303,347
76,73,304,348
72,69,305,306
72,136,306,307
72,134,307,308
72,135,308,309
72,132,309,310
72,133,310,311
72,131,311,312
72,130,312,313
72,129,313,314
72,127,314,315
72,128,315,350
128,126,316,351
126,122,317,318
126,123,318,352
123,120,319,320
123,118,320,352
205,119,321,419
118,205,321,322
206,205,322,418
118,206,322,323
207,206,323,417
118,207,323,324
208,207,324,417
118,208,324,325
209,208,325,416
118,209,325,326
210,209,326,416
118,210,326,327
211,210,327,448
118,211,327,328
182,211,328,415
118,182,328,329
118,179,329,330
118,180,330,331
118,177,331,332
118,178,332,333
118,176,333,334
118,174,334,335
118,175,335,336
118,172,336,337
118,173,337,338
118,170,338,339
118,171,339,340
118,169,340,341
118,168,341,342
118,167,342,343
118,166,343,344
118,165,344,345
118,164,345,346
118,82,346,347
118,76,347,348
118,73,348,349
118,72,349,350
118,128,350,351
118,126,351,352
204,201,353,354
204,202,354,397
202,198,355,356
202,199,356,357
202,197,357,358
202,195,358,359
202,196,359,360
202,194,360,361
202,192,361,362
202,193,362,398
193,189,363,364
193,190,364,399
190,188,365,400
188,185,366,367
188,184,367,401
184,181,368,369
212,181,369,446
184,212,369,370
213,212,370,445
184,213,370,371
214,213,371,444
184,214,371,402
215,216,372,461
216,214,372,444
214,215,372,373
217,215,373,443
214,217,373,374
218,217,374,442
214,218,374,403
219,220,375,441
220,218,375,442
218,219,375,404
221,222,376,439
222,219,376,440
219,221,376,405
223,224,377,438
224,221,377,439
221,223,377,378
225,223,378,437
221,225,378,406
226,227,379,436
227,225,379,437
225,226,379,407
228,229,380,478
229,226,380,436
226,228,380,381
230,228,381,477
226,230,381,408
231,232,382,476
232,230,382,477
230,231,382,383
233,231,383,475
230,233,383,409
234,235,384,474
235,233,384,475
233,234,384,385
236,234,385,473
233,236,385,386
237,236,386,472
233,237,386,387
238,237,387,471
233,238,387,388
239,238,388,470
233,239,388,409
240,241,389,469
241,239,389,470
239,240,389,390
242,240,390,468
239,242,390,410
243,244,391,467
244,242,391,468
242,243,391,392
245,243,392,466
242,245,392,410
246,247,393,465
247,245,393,466
245,246,393,414
248,249,394,463
249,250,394,464
250,248,394,395
251,248,395,462
250,251,395,411
204,252,396,-1
252,251,396,462
251,204,396,397
251,202,397,398
251,193,398,399
251,190,399,400
251,188,400,401
251,184,401,402
251,214,402,403
251,218,403,404
251,219,404,405
251,221,405,406
251,225,406,407
251,226,407,408
251,230,408,412
230,239,409,413
239,245,410,413
250,246,411,464
246,251,411,412
246,230,412,414
230,245,413,414
181,211,415,447
210,208,416,449
208,206,417,418
208,205,418,450
205,117,419,420
205,115,420,421
205,116,421,422
205,114,422,423
205,112,423,424
205,113,424,451
113,109,425,426
113,110,426,452
110,108,427,453
108,105,428,429
108,103,429,454
104,100,430,431
104,101,431,456
101,97,432,433
253,97,433,529
101,253,433,434
254,253,434,529
101,254,434,435
229,254,435,479
101,229,435,457
229,227,436,457
227,223,437,438
227,224,438,458
224,222,439,440
224,219,440,441
224,220,441,459
220,217,442,443
220,215,443,460
216,213,444,445
216,212,445,446
216,181,446,447
216,211,447,448
216,210,448,449
216,208,449,450
216,205,450,451
216,113,451,452
216,110,452,453
216,108,453,454
216,103,454,455
216,104,455,456
216,101,456,461
101,227,457,458
101,224,458,459
101,220,459,460
101,215,460,461
252,248,462,463
252,249,463,497
249,246,464,465
249,247,465,498
247,243,466,467
247,244,467,499
244,240,468,469
244,241,469,500
241,238,470,471
241,237,471,472
241,236,472,473
241,234,473,474
241,235,474,501
235,231,475,476
235,232,476,502
232,228,477,478
232,229,478,479
232,254,479,480
255,254,480,539
232,255,480,481
256,255,481,538
232,256,481,482
257,256,482,537
232,257,482,483
258,257,483,517
232,258,483,484
259,258,484,516
232,259,484,485
260,259,485,515
232,260,485,486
261,260,486,515
232,261,486,487
262,261,487,514
232,262,487,488
263,262,488,513
232,263,488,489
264,263,489,512
232,264,489,502
265,266,490,527
266,264,490,512
264,265,490,491
267,265,491,511
264,267,491,492
268,267,492,510
264,268,492,503
269,270,493,509
270,268,493,510
268,269,493,494
271,269,494,508
268,271,494,495
272,271,495,507
268,272,495,504
252,273,496,-1
273,274,496,506
274,252,496,497
274,249,497,498
274,247,498,499
274,244,499,500
274,241,500,501
274,235,501,505
235,264,502,503
235,268,503,504
235,272,504,505
274,272,505,506
273,272,506,507
273,271,507,508
273,269,508,509
273,270,509,525
270,267,510,511
270,265,511,526
266,263,512,513
266,262,513,514
266,261,514,528
261,259,515,516
261,258,516,528
275,257,517,536
258,275,517,518
276,275,518,535
258,276,518,519
277,276,519,550
258,277,519,520
278,277,520,549
258,278,520,521
279,278,521,548
258,279,521,522
280,279,522,547
258,280,522,523
281,280,523,-1
258,281,523,524
273,281,524,-1
258,273,524,525
258,270,525,526
258,265,526,527
258,266,527,528
254,97,529,530
254,98,530,531
254,96,531,532
254,95,532,533
254,93,533,534
254,94,534,539
276,282,535,541
282,275,535,536
282,257,536,537
282,256,537,538
282,255,538,540
255,94,539,540
282,94,540,541
276,94,541,542
276,92,542,543
276,90,543,544
276,91,544,545
276,89,545,546
276,88,546,550
280,88,547,-1
88,279,547,548
88,278,548,549
88,277,549,550