-179.900456,-31.398983,0,1,94,95,96,97,98,99,100,101,102,108
-180.0,-31.4,0,44,45,46,47,48,49,50,51,52,94
-180.0,-45.0,0,1,2,3,4,5,6,7,8,9,10,11,12,13,14,15,16,17,18,19,20,21,22,23,24,37,38
-179.668068,-31.597496,1,2,93,107,108
-179.36475,-31.968857,2,3,92,93
-179.132728,-32.166466,3,4,92
-179.098393,-32.167152,4,5,91,92,93,106,107
-179.099718,-32.36628,5,6,90,91
-179.034101,-32.701736,6,7,89,90
-179.031672,-32.833609,7,8,89
-178.566115,-33.234431,8,9,88,89,90,91,105,106
-178.301033,-33.567861,9,10,87,88
-177.834296,-34.034455,10,11,87
-177.767952,-34.032712,11,12,86,87,88,104,105
-177.766929,-34.168419,12,13,85,86
-177.566364,-34.567,13,14,85
-177.500157,-34.566319,14,15,84,85,86,103,104
-177.231483,-34.833802,15,16,83,84
-177.233946,-34.901366,16,17,82,83
-176.399304,-35.699088,17,18,81,82
-176.399178,-35.732235,18,19,80,81
-175.966919,-36.135729,19,20,79,80
-175.367456,-36.467241,20,21,79
-175.334117,-36.46539,21,22,78,79,80,81,82,83,84,103
-175.06708,-36.999496,22,23,77,78
-175.066997,-37.06722,23,24,76,77
-174.532688,-37.566498,24,25,26,38,39,42,43,75,76,196
-174.700856,-40.232669,25,26,194,195
-174.53401,-40.100156,25,195,196,197,198,199,200,218,219,220,221,222,223,224,225,226,227,228,231,232
-174.732915,-40.232251,26,27,39,194
-174.767265,-40.533464,27,28,39,40,41,43,193
-174.733072,-40.533379,27,193,194,195,217,218
-174.798741,-40.96572,28,29,30,40,192
-174.767159,-40.966656,28,192,193,216,217
-175.033409,-41.798531,29,30,190,191
-174.80014,-41.432385,29,191,192,215,216
-175.06662,-41.798562,30,31,32,33,34,40,41,190
-175.099766,-41.965764,31,32,188,189
-175.065959,-41.965817,31,189,190,191,214,215
-175.434545,-42.299025,32,33,187,188
-175.600095,-42.49996,33,34,186,187
-175.700046,-42.531828,34,35,41,42,43,185,186
-175.86757,-42.967306,35,36,37,38,42,184
-175.833255,-42.966584,35,184,185
-177.3,-45.0,36,37,212,213
-175.866858,-43.300602,36,184,185,186,187,188,189,213,214
-179.633795,-29.932271,44,45,157,158
-180.0,-29.666667,44,109,110,111,158,159
-179.499378,-29.999014,45,46,156,157
-179.499919,-30.067083,46,47,156
-179.331963,-30.066664,47,48,156,157,158,159,160,161,162,163,164,165,166,167,179
-178.567412,-30.466875,48,49,155,178,179,180,183
-178.167991,-30.800854,49,50,154,155
-178.167558,-30.86664,50,51,154
-178.066537,-30.868101,51,52,154,155,177,178
-177.634173,-31.0991,52,94,95,153,176,177
-176.598684,-31.733794,53,54,151,152
-176.999715,-31.467277,53,152,153,176
-177.233415,-31.432758,53,54,95,96,153
-176.598908,-31.766375,54,55,56,96,97,151
-175.866403,-32.266381,55,56,149,150
-176.166132,-31.866086,55,150,151,152,175,176,177,178,182,183
-175.466772,-32.632381,56,57,97,98,148,149
-174.933031,-33.000241,57,58,98,99,147
-174.931964,-32.9676,57,147,148
-173.833672,-33.632123,58,59,60,99,100,146
-174.767176,-32.999953,58,146,147,148,149,150,174,175
-173.367273,-33.800299,59,60,144,145
-173.766774,-33.634094,59,145,146,174
-173.366498,-33.866359,60,61,100,101,144
-172.599761,-34.366849,61,62,63,64,65,66,67,68,69,70,101,102,143
-173.13199,-33.866578,61,143,144,145,173,174,175,181,182
-171.666757,-34.864487,62,63,142,299,300
-172.200155,-34.49999,62,142,143,172,173
-171.76631,-35.467345,63,64,299
-171.765904,-35.63273,64,65,299,300,301,302,303,304,305,306,307,333,334
-171.901532,-35.999422,65,66,298,332,333
-172.066548,-36.232823,66,67,297,298
-172.133411,-36.233729,67,68,296,297
-172.365494,-36.631528,68,69,295,296
-172.599838,-36.899935,69,70,294,295
-172.766804,-37.133465,70,71,72,73,74,75,76,77,78,102,103,104,105,106,107,108,294
-173.1001,-37.532254,71,72,199,200
-172.733974,-37.534036,71,200,201,219,245,294,295,296,297,298,332
-173.600166,-37.733166,72,73,198,199
-173.732364,-37.600139,73,74,197,198
-173.732768,-37.532763,74,75,196,197
-157.5,-22.5,109,110
-180.0,-22.5,109
-157.5,-38.6,110,111,512,513,514,515,516
-158.033101,-38.533389,111,112,113,114,159,160,511,512
-158.633863,-38.534444,112,113,509,510
-158.634131,-38.600078,112,510,511
-159.033308,-38.533636,113,114,508,509
-159.099518,-38.467009,114,115,160,161,507,508
-159.567038,-38.465962,115,116,117,161,162,499,503,504,505,506
-159.199577,-38.500402,115,506,507
-160.098831,-38.398915,116,117,497,498
-159.734832,-38.465611,116,498,499
-160.09926,-38.366633,117,118,119,162,163,496,497
-161.365495,-38.300796,118,119,411,412,494,495
-160.533282,-38.367635,118,495,496
-162.033847,-38.233399,119,120,121,163,164,411
-162.433215,-38.134711,120,121,409,410
-162.199692,-38.2344,120,410,411,412,413,414,431,432
-162.431393,-38.067008,121,122,123,124,164,165,409
-162.832563,-38.000503,122,123,408,430,431,432,433,434,435,436,437,438
-162.599862,-38.067954,122,409,410,431
-163.199216,-37.800437,123,124,407,408
-163.200623,-37.767316,124,125,126,127,165,166,407
-163.964286,-37.666831,125,126,405,406
-163.434257,-37.767242,125,406,407,408,429,430
-164.765082,-37.466712,126,127,404,405
-165.397469,-37.233964,127,128,166,167,403,404
-165.999509,-36.998397,128,167,168,169,179,180,401,402
-165.534545,-37.232941,128,402,403
-167.033828,-36.732595,129,130,313,338,339
-166.466322,-36.966425,129,314,315,339,340
-166.333748,-36.966398,129,130,131,168,314,401
-167.332668,-36.49986,130,131,312,313
-167.333195,-36.433576,131,132,133,168,169,312
-167.967236,-36.199742,132,133,310,311
-167.633933,-36.432947,132,311,312,313,337,338
-167.965741,-36.165569,133,134,135,136,169,170,180,181,182,183,310
-169.099215,-35.968373,134,135,309,335,336
-168.500099,-36.133499,134,310,311,336,337
-169.099807,-35.900287,135,136,308,309
-169.56724,-35.732015,136,137,138,139,170,308
-170.101992,-35.598611,137,138,306,307
-169.832811,-35.734071,137,307,308,309,334,335
-170.098917,-35.531881,138,139,305,306
-170.398148,-35.300765,139,140,170,171,172,173,181,304,305
-170.732256,-35.199474,140,141,171,302,303
-170.734317,-35.265887,140,303,304
-171.132137,-35.033346,141,142,171,172,300,301
-170.833221,-35.201075,141,301,302
-172.765349,-37.633071,201,202,219,220,244
-172.733439,-37.633912,201,244,245,246,247,279,280
-172.999487,-38.566236,202,220,221,242,243
-172.767359,-38.10022,202,243,244,278,279
-173.067272,-39.499886,203,204,240,241
-172.898692,-39.199531,203,241,242,243,278
-172.999374,-38.798732,203,204,221,222,242
-173.13326,-39.500234,204,222,223,239,240
-172.966588,-40.933546,205,206,235,236
-172.767508,-40.733616,205,236,237,238,239,240,241,277,278,279,280,281,282,283,284,285,286,287,288,289,290,291,292,293
-172.901076,-40.633253,205,206,225,226,237
-172.998596,-40.931819,206,207,226,227,234,235
-173.199028,-41.867492,207,208,227,228,233
-173.167218,-41.867616,207,233,234
-173.299308,-42.966939,208,209,228,229,232,276
-173.200371,-42.20036,208,233,234,235,236,276,277
-173.133413,-43.299825,209,210,229,274,275
-173.232877,-42.967074,209,275,276,277,293
-173.166539,-43.966774,210,229,230,231,232,272,273
-172.966436,-43.533349,210,273,274
-173.232231,-44.766611,211,212,213,214,215,216,217,218,230,231,269,270
-172.999408,-44.433035,211,270,271
-173.066106,-44.433088,211,230,271,272
-173.233333,-45.0,212,268,269
-173.132277,-39.96557,223,224,238,239
-173.066322,-40.266409,224,225,237,238
-172.133468,-37.533117,245,246,331,332,333,334,335,336,337,338,339,340,341,342,343,344
-171.56777,-37.867005,246,247,330,331
-171.433975,-37.999055,247,248,280,281,330
-170.699405,-38.199238,248,249,281,282,328,329
-171.1657,-38.001158,248,329,330,331,344
-170.233337,-38.30116,249,250,282,283,327
-170.233355,-38.266293,249,327,328
-169.765637,-38.33262,250,251,252,283,284,326
-169.767164,-38.300788,250,326,327,328,329,343,344
-168.999816,-38.53443,251,252,324,325
-169.432985,-38.332853,251,325,326,342,343
-169.001044,-38.566623,252,253,284,285,323,324
-168.266471,-38.766285,253,254,285,286,321,322
-168.633563,-38.568276,253,322,323
-167.697982,-38.832865,254,255,256,257,258,259,286,287,319,320
-167.701375,-38.800515,254,320,321
-167.166818,-38.865498,255,256,355,356,398,424,425
-167.165727,-38.833205,255,318,319,398
-167.533671,-39.667989,256,257,355
-167.565195,-40.333772,257,258,354,355,356,357,358,359,360,361,362,363,364,365,366,389,390
-167.966741,-40.733549,258,259,353,354
-168.199691,-41.033276,259,260,287,288,353
-168.267075,-41.19936,260,261,288,289,352
-168.198792,-41.200611,260,352,353,354,388,389
-168.332882,-41.500366,261,262,263,289,290,351
-168.265753,-41.500147,261,351,352,387,388
-168.699288,-42.099883,262,263,349,350
-168.334422,-41.598138,262,350,351,386,387
-168.734808,-42.099438,263,264,265,266,290,291,349
-168.967083,-42.533275,264,265,347,348
-168.732043,-42.199781,264,348,349,350,385,386
-169.265926,-42.901145,265,266,346,347
-169.566031,-43.134824,266,291,292,345,346
-169.966667,-45.0,267,268,383,384
-169.800297,-44.665742,267,345,346,347,348,384,385
-169.832174,-43.699965,267,268,269,270,271,272,273,274,275,292,293,345
-166.466017,-37.633081,314,315,400,401,402,403,404,405,406,428,429
-166.768309,-37.933805,315,316,340,341,400
-166.93281,-38.400648,316,317,318,319,320,321,322,323,324,325,341,342,399
-166.867647,-38.400987,316,399,400,427,428
-167.033051,-38.731702,317,318,398,425,426
-166.933325,-38.565967,317,399,426,427
-166.766958,-38.866665,356,357,423,424
-166.23435,-39.067044,357,358,423
-165.634593,-38.70105,358,359,423,424,425,426,427,428,429,430,438
-165.16668,-38.599821,359,360,422,437,438
-164.800326,-38.798983,360,361,421,422
-164.800598,-38.834121,361,362,421
-164.53426,-38.832686,362,363,420,421,422,436,437
-164.133494,-39.065953,363,364,419,420
-164.132535,-39.10074,364,365,419
-163.933534,-39.09846,365,366,418,419,420,435,436
-163.567539,-39.333246,366,367,368,390,391,418
-162.500437,-39.333074,367,368,416,417
-163.000333,-39.132354,367,417,418,434,435
-162.500437,-39.365595,368,369,391,392,393,394,395,396,397,416
-161.766398,-39.4011,369,370,371,392,415
-161.767688,-39.368052,369,415,416,417,433,434
-161.799727,-39.701193,370,371,450,451
-161.533812,-39.398439,370,414,415,432,433,451,452
-161.834397,-39.699724,371,372,373,392,393,450
-161.900113,-40.733407,372,373,448,449
-161.799096,-40.333707,372,449,450,451,452,453,454,455,456,457,458,459,460,461,462,463,464,465,466,467,468,474
-161.965999,-40.733985,373,374,375,376,377,378,393,394,448
-162.133279,-41.332186,374,375,446,447
-161.967534,-41.100069,374,447,448,449,473,474
-162.299669,-41.50104,375,376,445,446
-162.366953,-41.501774,376,377,444,445
-162.667138,-41.901526,377,378,443,444
-162.831637,-42.099051,378,379,380,394,395,443
-162.900935,-42.365252,379,380,441,442
-162.834798,-42.366146,379,442,443,444,445,446,447,472,473
-163.234357,-43.032579,380,381,395,396,441
-163.531454,-43.666026,381,396,397,439,440
-163.301488,-43.299491,381,440,441,442,471,472
-164.166667,-45.0,382,383,469,470
-163.899397,-44.599488,382,439,440,470,471
-163.900208,-44.567026,382,383,384,385,386,387,388,389,390,391,397,439
-161.499691,-39.331429,412,413,494
-161.500014,-39.399356,413,414,452,453,494,495,496,497,498,499,503
-161.39985,-39.400536,453,454,502,503,504
-160.800337,-39.798707,454,455,501,502
-160.133504,-39.866994,455,456,482,500,501
-160.134816,-39.96646,456,457,481,482,483,484,485,486,487,488,493
-160.599735,-40.468518,457,458,480,481
-160.965415,-41.43498,458,459,480
-160.967008,-41.600567,459,460,479,480,481,492,493
-161.266217,-42.134228,460,461,478,479
-161.298342,-42.133343,461,462,478
-161.266655,-42.666481,462,463,477,478,479,491,492
-161.365932,-42.966972,463,464,476,477
-161.433464,-42.967059,464,465,476
-161.432513,-43.200774,465,466,476,477,490,491
-161.666058,-43.934088,466,467,475,489,490
-161.90069,-44.300704,467,468,475
-161.99954,-44.667907,468,469,470,471,472,473,474,475,489
-161.9,-45.0,469,488,489,490,491,492,493
-159.965207,-39.732722,482,483,500,505,506,507,508,509,510,511,512,516
-159.234871,-39.665464,483,484,515,516
-158.833328,-39.665999,484,485,514,515
-157.767922,-39.866536,485,486,513,514
-157.5,-39.866667,486,487,513
-157.5,-45.0,487,488
-159.966709,-39.634619,500,501,502,504,505