0,1,2,1,1,1,28944
3,2,4,1,0,1
5,4,6,1,0,1
7,6,8,1,0,1
9,8,10,1,0,1
11,10,12,1,0,1
13,12,14,1,0,1
15,14,16,1,0,1
17,16,18,1,0,1
19,18,20,1,0,1
21,20,22,1,0,1
23,22,24,1,0,1
25,24,26,1,0,1
27,26,28,1,0,1
29,28,30,1,0,1
31,30,32,1,0,1
33,32,34,1,0,1
35,34,36,1,0,1
37,36,38,1,0,1
39,38,40,1,0,1
41,40,42,1,0,1
43,42,44,1,0,1
45,44,46,1,0,1
47,46,48,1,0,1
49,48,50,1,0,1
51,52,53,1,1,1
54,53,55,1,0,1
56,57,58,1,1,1
59,60,61,1,1,1
62,63,64,1,1,1
65,64,66,1,0,1
67,68,69,1,1,1
70,69,71,1,0,1
72,71,73,1,0,1
74,73,75,1,0,1
76,77,78,1,1,1
79,80,81,1,1,1
82,81,83,1,0,1
50,83,84,0,0,1
58,55,85,0,0,1
66,61,86,0,0,1
75,86,87,0,0,1
84,78,88,0,0,1
85,88,87,0,0,0
89,90,91,1,1,1,28992
92,91,93,1,0,1
94,93,95,1,0,1
96,95,97,1,0,1
98,97,99,1,0,1
100,99,101,1,0,1
102,101,103,1,0,1
104,103,105,1,0,1
106,105,107,1,0,1
108,109,110,1,1,1
111,110,112,1,0,1
113,114,115,1,1,1
116,115,117,1,0,1
118,119,120,1,1,1
121,122,123,1,1,1
124,125,126,1,1,1
127,126,128,1,0,1
129,130,131,1,1,1
132,133,134,1,1,1
135,134,136,1,0,1
137,136,138,1,0,1
139,138,140,1,0,1
141,140,142,1,0,1
143,142,144,1,0,1
145,144,146,1,0,1
147,146,148,1,0,1
149,148,150,1,0,1
151,152,153,1,1,1
154,153,155,1,0,1
156,155,157,1,0,1
158,157,159,1,0,1
160,159,161,1,0,1
49,161,162,0,0,1
47,162,163,0,0,1
45,163,164,0,0,1
41,43,165,0,0,1
39,165,166,0,0,1
37,166,167,0,0,1
35,167,168,0,0,1
33,168,169,0,0,1
31,169,170,0,0,1
27,29,171,0,0,1
25,171,172,0,0,1
21,23,173,0,0,1
19,173,174,0,0,1
15,17,175,0,0,1
13,175,176,0,0,1
11,176,177,0,0,1
7,9,178,0,0,1
5,178,179,0,0,1
107,0,180,0,0,1
181,180,182,1,0,1
112,182,183,0,0,1
117,183,184,0,0,1
120,184,185,0,0,1
123,185,186,0,0,1
128,186,187,0,0,1
131,187,188,0,0,1
150,188,189,0,0,1
170,164,190,0,0,1
172,190,191,0,0,1
174,191,192,0,0,1
177,192,193,0,0,1
179,193,194,0,0,1
3,194,189,0,0,0
195,196,197,1,1,1,30784
198,197,199,1,0,1
200,199,201,1,0,1
202,203,204,1,1,1
205,204,206,1,0,1
207,206,208,1,0,1
209,210,211,1,1,1
212,213,214,1,1,1
215,214,216,1,0,1
217,218,219,1,1,1
220,219,221,1,0,1
222,223,224,1,1,1
225,224,226,1,0,1
227,228,229,1,1,1
230,229,231,1,0,1
232,231,233,1,0,1
234,235,236,1,1,1
237,236,238,1,0,1
239,238,240,1,0,1
241,242,243,1,1,1
244,245,246,1,1,1
247,246,248,1,0,1
249,248,250,1,0,1
251,252,253,1,1,1
254,253,255,1,0,1
256,257,258,1,1,1
259,258,260,1,0,1
261,260,262,1,0,1
263,264,265,1,1,1
266,265,267,1,0,1
268,267,269,1,0,1
270,271,272,1,1,1
273,274,275,1,1,1
132,276,277,0,1,1
129,133,278,0,0,1
127,130,279,0,0,1
124,279,280,0,0,1
121,125,281,0,0,1
118,122,282,0,0,1
119,282,283,0,0,1
116,283,284,0,0,1
113,284,285,0,0,1
111,114,286,0,0,1
108,286,287,0,0,1
181,109,288,0,0,1
102,104,289,0,0,1
100,289,290,0,0,1
94,96,291,0,0,1
92,291,292,0,0,1
89,292,293,0,0,1
201,293,294,0,0,1
208,294,295,0,0,1
211,295,296,0,0,1
216,296,297,0,0,1
221,297,298,0,0,1
226,298,299,0,0,1
233,299,300,0,0,1
240,300,301,0,0,1
243,301,302,0,0,1
250,303,304,0,1,1
255,304,305,0,0,1
269,262,306,0,0,1
275,272,307,0,0,1
277,307,308,0,0,1
278,308,309,0,0,1
281,280,310,0,0,1
285,310,311,0,0,1
288,287,312,0,0,1
106,312,313,0,0,1
290,313,314,0,0,1
302,98,315,0,0,1
305,315,316,0,0,1
309,306,317,0,0,1
311,317,318,0,0,1
314,318,316,0,0,0
76,80,319,0,0,1,28928
77,319,320,0,0,1
74,320,321,0,0,1
72,321,322,0,0,1
70,322,323,0,0,1
67,323,324,0,0,1
65,68,325,0,0,1
62,325,326,0,0,1
59,63,327,0,0,1
56,60,328,0,0,1
54,57,329,0,0,1
51,329,330,0,0,1
160,52,331,0,0,1
158,331,332,0,0,1
156,332,333,0,0,1
154,333,334,0,0,1
151,334,335,0,0,1
336,337,338,1,1,1
339,340,341,1,1,1
342,343,344,1,1,1
345,344,346,1,0,1
347,348,349,1,1,1
350,349,351,1,0,1
352,353,354,1,1,1
355,356,357,1,1,1
358,359,360,1,1,1
361,362,363,1,1,1
364,365,366,1,1,1
367,368,369,1,1,1
79,369,370,0,0,1
324,370,371,0,0,1
326,371,372,0,0,1
327,372,373,0,0,1
328,373,374,0,0,1
330,374,375,0,0,1
338,335,376,0,0,1
341,376,377,0,0,1
378,377,379,1,0,1
346,379,380,0,0,1
381,380,382,1,0,1
383,382,384,1,0,1
385,384,386,1,0,1
351,386,387,0,0,1
354,387,388,0,0,1
357,388,389,0,0,1
363,360,390,0,0,1
366,391,392,0,1,1
375,392,393,0,0,1
389,393,390,0,0,0
352,356,394,0,0,1,30208
353,394,395,0,0,1
350,395,396,0,0,1
347,396,397,0,0,1
385,348,398,0,0,1
383,398,399,0,0,1
381,399,400,0,0,1
345,400,401,0,0,1
342,401,402,0,0,1
378,343,403,0,0,1
339,403,404,0,0,1
336,340,405,0,0,1
406,337,407,1,0,1
408,407,409,1,0,1
410,409,411,1,0,1
412,413,414,1,1,1
415,416,417,1,1,1
418,419,420,1,1,1
421,422,423,1,1,1
424,423,425,1,0,1
426,427,428,1,1,1
429,430,431,1,1,1
432,433,434,1,1,1
435,434,436,1,0,1
437,436,438,1,0,1
439,438,440,1,0,1
441,440,442,1,0,1
443,444,445,1,1,1
446,447,448,1,1,1
449,450,451,1,1,1
452,451,453,1,0,1
454,455,456,1,1,1
457,456,458,1,0,1
459,458,460,1,0,1
461,462,463,1,1,1
464,463,465,1,0,1
368,465,466,0,0,1
364,466,467,0,0,1
365,467,468,0,0,1
391,468,469,0,0,1
361,469,470,0,0,1
362,470,471,0,0,1
358,471,472,0,0,1
355,359,473,0,0,1
397,473,474,0,0,1
404,402,475,0,0,1
405,475,476,0,0,1
411,476,477,0,0,1
414,477,478,0,0,1
417,478,479,0,0,1
420,479,480,0,0,1
425,480,481,0,0,1
428,481,482,0,0,1
431,482,483,0,0,1
442,483,484,0,0,1
445,484,485,0,0,1
448,485,486,0,0,1
453,486,487,0,0,1
460,487,488,0,0,1
489,488,490,1,0,1
472,490,474,0,0,0
149,152,491,0,0,1,30272
147,491,492,0,0,1
145,492,493,0,0,1
143,493,494,0,0,1
141,494,495,0,0,1
135,137,496,0,0,1
276,496,497,0,0,1
273,497,498,0,0,1
274,498,499,0,0,1
270,499,500,0,0,1
271,500,501,0,0,1
268,501,502,0,0,1
266,502,503,0,0,1
263,503,504,0,0,1
261,264,505,0,0,1
259,505,506,0,0,1
254,257,507,0,0,1
251,507,508,0,0,1
249,252,509,0,0,1
247,509,510,0,0,1
511,245,512,1,0,1
513,512,514,1,0,1
515,516,517,1,1,1
518,519,520,1,1,1
521,520,522,1,0,1
433,522,523,0,0,1
429,523,524,0,0,1
430,524,525,0,0,1
426,525,526,0,0,1
427,526,527,0,0,1
424,527,528,0,0,1
421,528,529,0,0,1
418,422,530,0,0,1
415,419,531,0,0,1
416,531,532,0,0,1
412,532,533,0,0,1
410,413,534,0,0,1
408,534,535,0,0,1
495,406,536,0,0,1
139,536,537,0,0,1
504,537,538,0,0,1
506,538,539,0,0,1
256,539,540,0,0,1
508,540,541,0,0,1
510,541,542,0,0,1
244,542,543,0,0,1
514,543,544,0,0,1
517,544,545,0,0,1
529,545,546,0,0,1
530,546,547,0,0,1
533,547,535,0,0,0
489,462,548,0,0,1,28928
459,548,549,0,0,1
457,549,550,0,0,1
454,550,551,0,0,1
452,455,552,0,0,1
449,552,553,0,0,1
446,450,554,0,0,1
443,447,555,0,0,1
441,444,556,0,0,1
439,556,557,0,0,1
435,437,558,0,0,1
559,558,560,1,0,1
561,560,562,1,0,1
563,562,564,1,0,1
565,564,566,1,0,1
567,566,568,1,0,1
569,568,570,1,0,1
571,570,572,1,0,1
573,572,574,1,0,1
575,574,576,1,0,1
577,576,578,1,0,1
579,578,580,1,0,1
581,582,583,1,1,1
584,583,585,1,0,1
586,587,588,1,1,1
589,590,591,1,1,1
592,591,593,1,0,1
594,595,596,1,1,1
597,596,598,1,0,1
599,600,601,1,1,1
602,601,603,1,0,1
604,603,605,1,0,1
606,605,607,1,0,1
608,607,609,1,0,1
610,611,612,1,1,1
613,612,614,1,0,1
615,616,617,1,1,1
618,619,620,1,1,1
621,620,622,1,0,1
461,622,623,0,0,1
551,623,624,0,0,1
553,624,625,0,0,1
554,625,626,0,0,1
555,626,627,0,0,1
557,627,628,0,0,1
580,628,629,0,0,1
585,629,630,0,0,1
593,588,631,0,0,1
598,631,632,0,0,1
609,632,633,0,0,1
614,633,634,0,0,1
617,634,635,0,0,1
636,635,630,1,0,0
521,432,637,0,0,1,28992
515,519,638,0,0,1
513,516,639,0,0,1
303,511,640,0,0,1
241,640,641,0,0,1
242,641,642,0,0,1
239,642,643,0,0,1
237,643,644,0,0,1
234,644,645,0,0,1
232,235,646,0,0,1
230,646,647,0,0,1
225,228,648,0,0,1
222,648,649,0,0,1
220,223,650,0,0,1
651,650,652,1,0,1
653,652,654,1,0,1
655,654,656,1,0,1
586,590,657,0,0,1
584,587,658,0,0,1
581,658,659,0,0,1
579,582,660,0,0,1
575,577,661,0,0,1
573,661,662,0,0,1
569,571,663,0,0,1
567,663,664,0,0,1
561,563,665,0,0,1
559,665,666,0,0,1
637,666,667,0,0,1
518,667,668,0,0,1
638,668,669,0,0,1
639,669,670,0,0,1
645,670,671,0,0,1
647,671,672,0,0,1
649,227,673,0,0,1
656,673,674,0,0,1
657,674,675,0,0,1
659,675,676,0,0,1
660,676,677,0,0,1
662,677,678,0,0,1
664,678,679,0,0,1
565,679,672,0,0,0
636,619,680,0,0,1,30208
615,680,681,0,0,1
613,616,682,0,0,1
610,682,683,0,0,1
608,611,684,0,0,1
606,684,685,0,0,1
604,685,686,0,0,1
602,686,687,0,0,1
599,687,688,0,0,1
597,600,689,0,0,1
594,689,690,0,0,1
592,595,691,0,0,1
589,691,692,0,0,1
655,692,693,0,0,1
694,693,695,1,0,1
696,695,697,1,0,1
698,697,699,1,0,1
700,699,701,1,0,1
702,701,703,1,0,1
704,703,705,1,0,1
706,705,707,1,0,1
708,707,709,1,0,1
710,709,711,1,0,1
712,711,713,1,0,1
714,713,715,1,0,1
716,715,717,1,0,1
718,717,719,1,0,1
720,719,721,1,0,1
722,721,723,1,0,1
724,723,725,1,0,1
726,727,728,1,1,1
618,728,729,0,0,1
681,729,730,0,0,1
683,730,731,0,0,1
688,731,732,0,0,1
690,732,725,0,0,0
722,724,733,0,0,1,28928
716,718,734,0,0,1
714,734,735,0,0,1
710,712,736,0,0,1
708,736,737,0,0,1
704,706,738,0,0,1
702,738,739,0,0,1
740,700,741,1,0,1
742,741,743,1,0,1
744,743,745,1,0,1
746,745,747,1,0,1
748,747,749,1,0,1
750,749,751,1,0,1
752,751,753,1,0,1
733,727,754,0,0,1
720,754,755,0,0,1
735,755,756,0,0,1
737,756,757,0,0,1
739,757,753,0,0,0
651,653,758,0,0,1,30272
217,758,759,0,0,1
218,759,760,0,0,1
215,760,761,0,0,1
212,761,762,0,0,1
213,762,763,0,0,1
740,764,765,0,1,1
698,765,766,0,0,1
696,766,767,0,0,1
763,694,768,0,0,1
769,768,767,1,0,0
769,764,770,0,0,1,28992
209,770,771,0,0,1
210,771,772,0,0,1
207,772,773,0,0,1
205,773,774,0,0,1
202,774,775,0,0,1
203,775,776,0,0,1
200,776,777,0,0,1
748,778,779,0,1,1
746,779,780,0,0,1
744,780,781,0,0,1
742,781,777,0,0,0