0,1,2,1,1,1,29936
3,2,4,1,0,1
5,4,6,1,0,1
7,6,8,1,0,1
9,8,10,1,0,1
11,10,12,1,0,1
13,12,14,1,0,1
15,14,16,1,0,1
17,16,18,1,0,1
19,18,20,1,0,1
21,20,22,1,0,1
23,22,24,1,0,1
25,24,26,1,0,1
27,26,28,1,0,1
29,28,30,1,0,1
31,30,32,1,0,1
33,32,34,1,0,1
35,34,36,1,0,1
37,36,38,1,0,1
39,38,40,1,0,1
41,40,42,1,0,1
43,42,44,1,0,1
45,44,46,1,0,1
47,46,48,1,0,1
49,48,50,1,0,1
51,50,52,1,0,1
53,52,54,1,0,1
55,54,56,1,0,1
57,56,58,1,0,1
59,60,61,1,1,1
62,61,63,1,0,1
64,65,66,1,1,1
67,66,68,1,0,1
69,68,70,1,0,1
71,70,72,1,0,1
73,72,74,1,0,1
75,74,76,1,0,1
77,76,78,1,0,1
79,78,80,1,0,1
81,82,83,1,1,1
84,85,86,1,1,1
87,86,88,1,0,1
89,88,90,1,0,1
91,92,93,1,1,1
94,95,96,1,1,1
97,98,99,1,1,1
100,101,102,1,1,1
103,102,104,1,0,1
58,104,105,0,0,1
80,106,107,0,1,1
108,107,109,1,0,1
93,90,110,0,0,1
96,110,111,0,0,1
99,111,112,0,0,1
105,112,113,0,0,1
109,114,115,0,1,1
113,83,116,0,0,1
63,116,115,0,0,0
117,118,119,1,1,1,1268
120,121,122,1,1,1
123,124,125,1,1,1
126,127,128,1,1,1
129,128,130,1,0,1
131,132,133,1,1,1
134,133,135,1,0,1
136,137,138,1,1,1
139,140,141,1,1,1
142,143,144,1,1,1
145,146,147,1,1,1
148,147,149,1,0,1
150,151,152,1,1,1
153,154,155,1,1,1
156,155,157,1,0,1
158,159,160,1,1,1
161,162,163,1,1,1
164,165,166,1,1,1
167,166,168,1,0,1
169,168,170,1,0,1
171,170,172,1,0,1
173,174,175,1,1,1
176,175,177,1,0,1
178,177,179,1,0,1
180,181,182,1,1,1
183,182,184,1,0,1
185,184,186,1,0,1
187,186,188,1,0,1
189,190,191,1,1,1
192,193,194,1,1,1
195,194,196,1,0,1
197,198,199,1,1,1
200,199,201,1,0,1
202,203,204,1,1,1
205,204,206,1,0,1
207,206,208,1,0,1
209,208,210,1,0,1
211,210,212,1,0,1
213,212,214,1,0,1
215,214,216,1,0,1
217,216,218,1,0,1
219,218,220,1,0,1
221,220,222,1,0,1
223,222,224,1,0,1
225,224,226,1,0,1
227,226,228,1,0,1
229,228,230,1,0,1
231,232,233,1,1,1
234,235,236,1,1,1
237,236,238,1,0,1
239,240,241,1,1,1
242,243,244,1,1,1
245,246,247,1,1,1
248,247,249,1,0,1
250,249,251,1,0,1
252,251,253,1,0,1
254,255,256,1,1,1
257,256,258,1,0,1
259,260,261,1,1,1
262,261,263,1,0,1
264,263,265,1,0,1
266,267,268,1,1,1
269,268,270,1,0,1
271,270,272,1,0,1
273,272,274,1,0,1
275,276,277,1,1,1
278,279,280,1,1,1
281,282,283,1,1,1
284,285,286,1,1,1
287,286,288,1,0,1
289,290,291,1,1,1
292,293,294,1,1,1
295,296,297,1,1,1
298,297,299,1,0,1
300,299,301,1,0,1
302,303,304,1,1,1
305,306,307,1,1,1
308,307,309,1,0,1
310,309,311,1,0,1
312,311,313,1,0,1
314,315,316,1,1,1
317,316,318,1,0,1
319,320,321,1,1,1
322,323,324,1,1,1
325,326,327,1,1,1
328,329,330,1,1,1
331,330,332,1,0,1
333,334,335,1,1,1
336,335,337,1,0,1
338,339,340,1,1,1
341,342,343,1,1,1
344,345,346,1,1,1
347,348,349,1,1,1
350,349,351,1,0,1
352,351,353,1,0,1
354,355,356,1,1,1
357,356,358,1,0,1
359,358,360,1,0,1
361,362,363,1,1,1
364,365,366,1,1,1
367,366,368,1,0,1
369,370,371,1,1,1
372,371,373,1,0,1
374,375,376,1,1,1
377,378,379,1,1,1
380,379,381,1,0,1
382,383,384,1,1,1
385,384,386,1,0,1
387,386,388,1,0,1
389,388,390,1,0,1
391,390,392,1,0,1
393,394,395,1,1,1
396,397,398,1,1,1
399,398,400,1,0,1
401,402,403,1,1,1
404,405,406,1,1,1
407,408,409,1,1,1
410,409,411,1,0,1
412,411,413,1,0,1
414,413,415,1,0,1
416,415,417,1,0,1
418,419,420,1,1,1
421,422,423,1,1,1
424,423,425,1,0,1
426,425,427,1,0,1
428,429,430,1,1,1
431,430,432,1,0,1
433,432,434,1,0,1
435,436,437,1,1,1
438,439,440,1,1,1
441,442,443,1,1,1
444,443,445,1,0,1
446,445,447,1,0,1
448,449,450,1,1,1
451,452,453,1,1,1
454,453,455,1,0,1
456,455,457,1,0,1
458,457,459,1,0,1
460,459,461,1,0,1
462,461,463,1,0,1
464,463,465,1,0,1
466,465,467,1,0,1
468,467,469,1,0,1
470,471,472,1,1,1
473,474,475,1,1,1
476,477,478,1,1,1
479,480,481,1,1,1
482,483,484,1,1,1
485,486,487,1,1,1
488,489,490,1,1,1
491,492,493,1,1,1
494,493,495,1,0,1
496,495,497,1,0,1
498,499,500,1,1,1
501,500,502,1,0,1
503,502,504,1,0,1
505,506,507,1,1,1
508,507,509,1,0,1
510,509,511,1,0,1
512,511,513,1,0,1
514,515,516,1,1,1
517,518,519,1,1,1
520,521,522,1,1,1
523,522,524,1,0,1
525,526,527,1,1,1
528,527,529,1,0,1
530,529,531,1,0,1
532,533,534,1,1,1
535,536,537,1,1,1
538,537,539,1,0,1
540,539,541,1,0,1
542,541,543,1,0,1
544,543,545,1,0,1
546,547,548,1,1,1
549,550,551,1,1,1
552,553,554,1,1,1
555,556,557,1,1,1
558,557,559,1,0,1
560,559,561,1,0,1
562,563,564,1,1,1
565,564,566,1,0,1
567,568,569,1,1,1
570,571,572,1,1,1
573,574,575,1,1,1
576,577,578,1,1,1
579,578,580,1,0,1
581,580,582,1,0,1
583,582,584,1,0,1
585,584,586,1,0,1
587,586,588,1,0,1
589,588,590,1,0,1
591,590,592,1,0,1
593,592,594,1,0,1
595,594,596,1,0,1
597,596,598,1,0,1
599,598,600,1,0,1
601,602,603,1,1,1
604,603,605,1,0,1
606,607,608,1,1,1
609,610,611,1,1,1
612,611,613,1,0,1
614,615,616,1,1,1
617,618,619,1,1,1
620,619,621,1,0,1
622,621,623,1,0,1
624,625,626,1,1,1
627,626,628,1,0,1
629,630,631,1,1,1
632,633,634,1,1,1
635,636,637,1,1,1
638,639,640,1,1,1
641,642,643,1,1,1
644,645,646,1,1,1
647,648,649,1,1,1
650,649,651,1,0,1
652,651,653,1,0,1
654,653,655,1,0,1
656,657,658,1,1,1
659,660,661,1,1,1
662,663,664,1,1,1
665,666,667,1,1,1
668,667,669,1,0,1
670,671,672,1,1,1
673,674,675,1,1,1
676,677,678,1,1,1
679,680,681,1,1,1
682,681,683,1,0,1
684,685,686,1,1,1
687,688,689,1,1,1
690,691,692,1,1,1
693,694,695,1,1,1
696,697,698,1,1,1
699,700,701,1,1,1
702,703,704,1,1,1
705,706,707,1,1,1
119,707,708,0,0,1
122,708,709,0,0,1
125,709,710,0,0,1
130,710,711,0,0,1
135,711,712,0,0,1
141,138,713,0,0,1
144,713,714,0,0,1
149,714,715,0,0,1
716,715,717,1,0,1
152,717,718,0,0,1
157,718,719,0,0,1
720,719,721,1,0,1
160,721,722,0,0,1
163,722,723,0,0,1
724,723,725,1,0,1
172,725,726,0,0,1
188,179,727,0,0,1
201,196,728,0,0,1
230,729,730,0,1,1
233,730,731,0,0,1
238,731,732,0,0,1
244,241,733,0,0,1
258,253,734,0,0,1
274,265,735,0,0,1
277,735,736,0,0,1
280,736,737,0,0,1
283,737,738,0,0,1
288,738,739,0,0,1
291,739,740,0,0,1
294,740,741,0,0,1
301,741,742,0,0,1
318,313,743,0,0,1
321,743,744,0,0,1
324,744,745,0,0,1
332,327,746,0,0,1
340,337,747,0,0,1
343,747,748,0,0,1
346,748,749,0,0,1
360,750,751,0,1,1
752,751,753,1,0,1
363,753,754,0,0,1
368,754,755,0,0,1
373,755,756,0,0,1
376,756,757,0,0,1
381,757,758,0,0,1
417,406,759,0,0,1
427,420,760,0,0,1
434,760,761,0,0,1
440,437,762,0,0,1
447,762,763,0,0,1
450,763,764,0,0,1
765,764,766,1,0,1
469,766,767,0,0,1
472,767,768,0,0,1
475,768,769,0,0,1
490,487,770,0,0,1
504,497,771,0,0,1
513,771,772,0,0,1
516,772,773,0,0,1
519,773,774,0,0,1
524,774,775,0,0,1
531,775,776,0,0,1
534,776,777,0,0,1
778,777,779,1,0,1
545,779,780,0,0,1
548,780,781,0,0,1
551,781,782,0,0,1
554,782,783,0,0,1
566,784,785,0,1,1
600,575,786,0,0,1
605,786,787,0,0,1
608,787,788,0,0,1
613,788,789,0,0,1
623,616,790,0,0,1
634,631,791,0,0,1
637,791,792,0,0,1
646,643,793,0,0,1
655,793,794,0,0,1
658,794,795,0,0,1
661,795,796,0,0,1
664,796,797,0,0,1
669,798,799,0,1,1
678,675,800,0,0,1
801,800,802,1,0,1
686,683,803,0,0,1
689,803,804,0,0,1
692,804,805,0,0,1
695,805,806,0,0,1
698,806,807,0,0,1
701,807,808,0,0,1
704,808,809,0,0,1
810,809,811,1,0,1
712,812,813,0,1,1
726,813,814,0,0,1
732,728,815,0,0,1
733,815,816,0,0,1
742,734,817,0,0,1
749,746,818,0,0,1
819,818,820,1,0,1
353,820,821,0,0,1
758,821,822,0,0,1
759,403,823,0,0,1
769,761,824,0,0,1
783,770,825,0,0,1
789,826,827,0,1,1
797,828,829,0,1,1
802,830,831,0,1,1
832,831,833,1,0,1
814,811,834,0,0,1
816,191,835,0,0,1
836,835,837,1,0,1
817,837,838,0,0,1
304,838,839,0,0,1
822,745,840,0,0,1
392,840,841,0,0,1
395,841,842,0,0,1
823,400,843,0,0,1
824,843,844,0,0,1
825,484,845,0,0,1
827,572,846,0,0,1
833,672,847,0,0,1
834,848,849,0,1,1
839,850,851,0,1,1
842,852,853,0,1,1
844,853,854,0,0,1
846,569,855,0,0,1
790,855,856,0,0,1
849,847,857,0,0,1
851,727,858,0,0,1
854,858,859,0,0,1
856,860,861,0,1,1
857,799,862,0,0,1
859,863,864,0,1,1
861,785,865,0,0,1
862,829,866,0,0,1
864,866,867,0,0,1
478,867,868,0,0,1
481,868,869,0,0,1
865,561,870,0,0,1
628,870,871,0,0,1
792,871,872,0,0,1
869,640,873,0,0,1
845,873,872,0,0,0
874,875,876,1,1,1,46320
877,876,878,1,0,1
879,880,881,1,1,1
882,881,883,1,0,1
884,883,885,1,0,1
886,887,888,1,1,1
889,888,890,1,0,1
891,890,892,1,0,1
893,892,894,1,0,1
895,894,896,1,0,1
897,896,898,1,0,1
899,898,900,1,0,1
901,900,902,1,0,1
903,902,904,1,0,1
905,904,906,1,0,1
907,906,908,1,0,1
909,908,910,1,0,1
911,910,912,1,0,1
913,912,914,1,0,1
915,916,917,1,1,1
918,917,919,1,0,1
920,921,922,1,1,1
923,924,925,1,1,1
926,927,928,1,1,1
929,928,930,1,0,1
931,932,933,1,1,1
934,933,935,1,0,1
936,935,937,1,0,1
938,937,939,1,0,1
940,939,941,1,0,1
942,943,944,1,1,1
945,944,946,1,0,1
947,948,949,1,1,1
950,949,951,1,0,1
952,953,954,1,1,1
955,954,956,1,0,1
957,956,958,1,0,1
959,958,960,1,0,1
961,962,963,1,1,1
964,963,965,1,0,1
966,965,967,1,0,1
968,967,969,1,0,1
970,969,971,1,0,1
972,971,973,1,0,1
974,973,975,1,0,1
976,975,977,1,0,1
978,977,979,1,0,1
980,979,981,1,0,1
982,983,984,1,1,1
985,986,987,1,1,1
988,989,990,1,1,1
991,990,992,1,0,1
993,992,994,1,0,1
995,996,997,1,1,1
998,999,1000,1,1,1
1001,1002,1003,1,1,1
1004,1003,1005,1,0,1
1006,1007,1008,1,1,1
1009,1010,1011,1,1,1
1012,1011,1013,1,0,1
1014,1013,1015,1,0,1
1016,1015,1017,1,0,1
1018,1017,1019,1,0,1
1020,1019,1021,1,0,1
1022,1021,1023,1,0,1
1024,1025,1026,1,1,1
1027,1026,1028,1,0,1
1029,1028,1030,1,0,1
1031,1030,1032,1,0,1
1033,1032,1034,1,0,1
1035,1034,1036,1,0,1
1037,1038,1039,1,1,1
1040,1039,1041,1,0,1
1042,1043,1044,1,1,1
1045,1044,1046,1,0,1
1047,1048,1049,1,1,1
1050,1049,1051,1,0,1
1052,1053,1054,1,1,1
1055,1056,1057,1,1,1
1058,1059,1060,1,1,1
1061,1062,1063,1,1,1
1064,1063,1065,1,0,1
1066,1065,1067,1,0,1
1068,1067,1069,1,0,1
1070,1069,1071,1,0,1
1072,1071,1073,1,0,1
1074,1075,1076,1,1,1
1077,1078,1079,1,1,1
1080,1079,1081,1,0,1
1082,1081,1083,1,0,1
878,1084,1085,0,1,1
885,1085,1086,0,0,1
914,1087,1088,0,1,1
925,922,1089,0,0,1
930,1089,1090,0,0,1
1091,1090,1092,1,0,1
946,941,1093,0,0,1
951,1093,1094,0,0,1
960,1094,1095,0,0,1
1096,1095,1097,1,0,1
981,1097,1098,0,0,1
984,1098,1099,0,0,1
987,1099,1100,0,0,1
994,1101,1102,0,1,1
1008,1005,1103,0,0,1
1023,1103,1104,0,0,1
1105,1104,1106,1,0,1
1036,1107,1108,0,1,1
1109,1108,1110,1,0,1
1046,1041,1111,0,0,1
1051,1111,1112,0,0,1
1054,1112,1113,0,0,1
1060,1114,1115,0,1,1
1083,1076,1116,0,0,1
1086,1116,1117,0,0,1
1088,1117,1118,0,0,1
1092,919,1119,0,0,1
1100,1119,1120,0,0,1
1121,1120,1122,1,0,1
1106,1000,1123,0,0,1
1110,1123,1124,0,0,1
1113,1124,1125,0,0,1
1057,1125,1126,0,0,1
1118,1073,1127,0,0,1
1128,1127,1129,1,0,1
1122,1129,1130,0,0,1
1131,1130,1132,1,0,1
1126,997,1133,0,0,1
1132,1115,1134,0,0,1
1102,1134,1133,0,0,0
1135,1136,1137,1,1,1,50416
1138,1139,1140,1,1,1
1141,1140,1142,1,0,1
1143,1142,1144,1,0,1
1145,1144,1146,1,0,1
1147,1148,1149,1,1,1
1150,1151,1152,1,1,1
1153,1152,1154,1,0,1
1155,1154,1156,1,0,1
1157,1158,1159,1,1,1
1077,1159,1160,0,0,1
1078,1160,1161,0,0,1
1074,1161,1162,0,0,1
1072,1075,1163,0,0,1
1070,1163,1164,0,0,1
1068,1164,1165,0,0,1
1066,1165,1166,0,0,1
1064,1166,1167,0,0,1
1058,1062,1168,0,0,1
1114,1059,1169,0,0,1
1055,1169,1170,0,0,1
1052,1056,1171,0,0,1
1050,1053,1172,0,0,1
1047,1172,1173,0,0,1
1045,1048,1174,0,0,1
1042,1174,1175,0,0,1
1176,1037,1177,1,0,1
1178,1177,1179,1,0,1
1027,1179,1180,0,0,1
1181,1180,1182,1,0,1
1183,1182,1184,1,0,1
1185,1184,1186,1,0,1
1187,1186,1188,1,0,1
1189,1188,1190,1,0,1
1191,1192,1193,1,1,1
1194,1193,1195,1,0,1
1196,1197,1198,1,1,1
1199,1198,1200,1,0,1
1201,1200,1202,1,0,1
1203,1204,1205,1,1,1
1206,1207,1208,1,1,1
1209,1208,1210,1,0,1
1211,1210,1212,1,0,1
1213,1212,1214,1,0,1
1215,1216,1217,1,1,1
1218,1217,1219,1,0,1
1220,1221,1222,1,1,1
1223,1224,1225,1,1,1
1226,1227,1228,1,1,1
1229,1228,1230,1,0,1
1231,1232,1233,1,1,1
1234,1235,1236,1,1,1
101,1236,1237,0,0,1
97,1237,1238,0,0,1
98,1238,1239,0,0,1
94,1239,1240,0,0,1
95,1240,1241,0,0,1
91,1241,1242,0,0,1
92,1242,1243,0,0,1
89,1243,1244,0,0,1
87,1244,1245,0,0,1
84,1245,1246,0,0,1
85,1246,1247,0,0,1
81,1247,1248,0,0,1
82,1248,1249,0,0,1
108,1249,1250,0,0,1
79,1250,1251,0,0,1
77,1251,1252,0,0,1
75,1252,1253,0,0,1
73,1253,1254,0,0,1
71,1254,1255,0,0,1
69,1255,1256,0,0,1
67,1256,1257,0,0,1
64,1257,1258,0,0,1
106,65,1259,0,0,1
114,1259,1260,0,0,1
62,1260,1261,0,0,1
59,1261,1262,0,0,1
57,60,1263,0,0,1
55,1263,1264,0,0,1
53,1264,1265,0,0,1
51,1265,1266,0,0,1
49,1266,1267,0,0,1
45,47,1268,0,0,1
41,43,1269,0,0,1
37,39,1270,0,0,1
35,1270,1271,0,0,1
31,33,1272,0,0,1
29,1272,1273,0,0,1
27,1273,1274,0,0,1
25,1274,1275,0,0,1
21,23,1276,0,0,1
19,1276,1277,0,0,1
15,17,1278,0,0,1
13,1278,1279,0,0,1
11,1279,1280,0,0,1
9,1280,1281,0,0,1
7,1281,1282,0,0,1
3,5,1283,0,0,1
1137,0,1284,0,0,1
1146,1284,1285,0,0,1
1149,1285,1286,0,0,1
1156,1286,1287,0,0,1
1288,1287,1289,1,0,1
1290,1289,1291,1,0,1
1162,1291,1292,0,0,1
1167,1292,1293,0,0,1
1061,1293,1294,0,0,1
1168,1294,1295,0,0,1
1170,1295,1296,0,0,1
1171,1296,1297,0,0,1
1173,1297,1298,0,0,1
1175,1298,1299,0,0,1
1043,1299,1300,0,0,1
1190,1040,1301,0,0,1
1195,1301,1302,0,0,1
1205,1202,1303,0,0,1
1304,1303,1305,1,0,1
1214,1305,1306,0,0,1
1219,1307,1308,0,1,1
1222,1308,1309,0,0,1
1310,1309,1311,1,0,1
1225,1311,1312,0,0,1
1230,1313,1314,0,1,1
1233,1315,1316,0,1,1
1258,1316,1317,0,0,1
1267,1262,1318,0,0,1
1268,1318,1319,0,0,1
1269,1319,1320,0,0,1
1271,1320,1321,0,0,1
1275,1321,1322,0,0,1
1277,1322,1323,0,0,1
1282,1323,1324,0,0,1
1300,1283,1325,0,0,1
1306,1302,1326,0,0,1
1314,1312,1327,0,0,1
1317,1327,1328,0,0,1
1324,1328,1329,0,0,1
1325,1329,1326,0,0,0
1330,1331,1332,1,1,1,1267
1333,1334,1335,1,1,1
1336,1337,1338,1,1,1
1339,1338,1340,1,0,1
1341,1340,1342,1,0,1
1343,1342,1344,1,0,1
1345,1346,1347,1,1,1
1348,1349,1350,1,1,1
1151,1350,1351,0,0,1
1147,1351,1352,0,0,1
1148,1352,1353,0,0,1
1145,1353,1354,0,0,1
1141,1143,1355,0,0,1
1356,1355,1357,1,0,1
1358,1359,1360,1,1,1
1135,1361,1362,0,1,1
1332,1362,1363,0,0,1
1335,1363,1364,0,0,1
1365,1364,1366,1,0,1
1344,1366,1367,0,0,1
1354,1368,1369,0,1,1
1357,1369,1370,0,0,1
1371,1370,1372,1,0,1
1367,1373,1374,0,1,1
1375,1374,1376,1,0,1
1372,1347,1377,0,0,1
1360,1377,1376,0,0,0
1337,1378,1379,0,1,1,1268
1333,1365,1380,0,0,1
1330,1334,1381,0,0,1
1379,1381,1380,0,0,0
1382,1383,1384,1,1,1,1268
1385,1384,1386,1,0,1
1387,1386,1388,1,0,1
1389,1390,1391,1,1,1
1392,1393,1394,1,1,1
1395,1394,1396,1,0,1
1397,1398,1399,1,1,1
1341,1399,1400,0,0,1
1388,1401,1402,0,1,1
1391,1402,1403,0,0,1
1400,1396,1404,0,0,1
1339,1404,1403,0,0,0
1405,1406,1407,1,1,1,1267
1408,1407,1409,1,0,1
1410,1409,1411,1,0,1
1412,1413,1414,1,1,1
1415,1416,1417,1,1,1
1418,1417,1419,1,0,1
1420,1419,1421,1,0,1
1422,1421,1423,1,0,1
1424,1425,1426,1,1,1
1383,1426,1427,0,0,1
1411,1427,1428,0,0,1
1414,1428,1423,0,0,0
1429,1430,1431,1,1,1,46320
1432,1433,1434,1,1,1
1435,1434,1436,1,0,1
1437,1438,1439,1,1,1
1440,1441,1442,1,1,1
1443,1444,1445,1,1,1
1446,1447,1448,1,1,1
1449,1448,1450,1,0,1
1451,1450,1452,1,0,1
1453,1452,1454,1,0,1
1455,1454,1456,1,0,1
1457,1456,1458,1,0,1
1459,1460,1461,1,1,1
1462,1463,1464,1,1,1
1465,1464,1466,1,0,1
1467,1466,1468,1,0,1
1469,1468,1470,1,0,1
1471,1470,1472,1,0,1
1473,1472,1474,1,0,1
1475,1474,1476,1,0,1
1477,1476,1478,1,0,1
1479,1480,1481,1,1,1
1482,1481,1483,1,0,1
1484,1485,1486,1,1,1
1487,1488,1489,1,1,1
1490,1491,1492,1,1,1
1493,1492,1494,1,0,1
1495,1496,1497,1,1,1
1498,1499,1500,1,1,1
1501,1500,1502,1,0,1
1503,1504,1505,1,1,1
1506,1507,1508,1,1,1
1509,1510,1511,1,1,1
1512,1513,1514,1,1,1
1515,1516,1517,1,1,1
1518,1519,1520,1,1,1
1521,1522,1523,1,1,1
1524,1523,1525,1,0,1
1526,1525,1527,1,0,1
1528,1529,1530,1,1,1
1531,1530,1532,1,0,1
1533,1534,1535,1,1,1
1536,1537,1538,1,1,1
1539,1540,1541,1,1,1
1542,1541,1543,1,0,1
1544,1543,1545,1,0,1
1546,1547,1548,1,1,1
1549,1550,1551,1,1,1
1552,1553,1554,1,1,1
1555,1556,1557,1,1,1
1558,1559,1560,1,1,1
1561,1562,1563,1,1,1
1564,1563,1565,1,0,1
1566,1567,1568,1,1,1
1569,1570,1571,1,1,1
1572,1573,1574,1,1,1
1575,1574,1576,1,0,1
1577,1578,1579,1,1,1
1580,1579,1581,1,0,1
1582,1581,1583,1,0,1
1584,1583,1585,1,0,1
1586,1587,1588,1,1,1
1589,1588,1590,1,0,1
1591,1592,1593,1,1,1
1594,1595,1596,1,1,1
1597,1598,1599,1,1,1
1600,1599,1601,1,0,1
1602,1601,1603,1,0,1
1604,1603,1605,1,0,1
1606,1605,1607,1,0,1
1608,1607,1609,1,0,1
1610,1609,1611,1,0,1
1612,1611,1613,1,0,1
1614,1613,1615,1,0,1
1415,1615,1616,0,0,1
1416,1616,1617,0,0,1
1412,1617,1618,0,0,1
1413,1618,1619,0,0,1
1410,1619,1620,0,0,1
1408,1620,1621,0,0,1
1405,1621,1622,0,0,1
1436,1431,1623,0,0,1
1624,1623,1625,1,0,1
1442,1439,1626,0,0,1
1445,1626,1627,0,0,1
1458,1627,1628,0,0,1
1461,1628,1629,0,0,1
1630,1629,1631,1,0,1
1478,1631,1632,0,0,1
1483,1632,1633,0,0,1
1486,1633,1634,0,0,1
1635,1634,1636,1,0,1
1505,1502,1637,0,0,1
1508,1637,1638,0,0,1
1511,1638,1639,0,0,1
1514,1639,1640,0,0,1
1517,1640,1641,0,0,1
1520,1641,1642,0,0,1
1643,1642,1644,1,0,1
1527,1644,1645,0,0,1
1646,1645,1647,1,0,1
1648,1647,1649,1,0,1
1532,1649,1650,0,0,1
1651,1650,1652,1,0,1
1535,1652,1653,0,0,1
1545,1538,1654,0,0,1
1548,1654,1655,0,0,1
1551,1655,1656,0,0,1
1554,1656,1657,0,0,1
1557,1657,1658,0,0,1
1560,1658,1659,0,0,1
1565,1659,1660,0,0,1
1661,1660,1662,1,0,1
1568,1662,1663,0,0,1
1571,1663,1664,0,0,1
1576,1665,1666,0,1,1
1585,1666,1667,0,0,1
1590,1667,1668,0,0,1
1593,1668,1669,0,0,1
1596,1670,1671,0,1,1
1622,1671,1672,0,0,1
1636,1625,1673,0,0,1
1653,1497,1674,0,0,1
1664,1675,1676,0,1,1
1669,1676,1677,0,0,1
1672,1678,1679,0,1,1
1680,1679,1681,1,0,1
1673,1681,1682,0,0,1
1674,1494,1683,0,0,1
1677,1683,1684,0,0,1
1685,1684,1686,1,0,1
1682,1687,1688,0,1,1
1489,1688,1686,0,0,0
1689,1690,1691,1,1,1,1266
1692,1693,1694,1,1,1
1695,1694,1696,1,0,1
1697,1696,1698,1,0,1
1699,1700,1701,1,1,1
1702,1703,1704,1,1,1
1705,1706,1707,1,1,1
1708,1709,1710,1,1,1
1711,1712,1713,1,1,1
1714,1715,1716,1,1,1
1717,1716,1718,1,0,1
1719,1718,1720,1,0,1
1721,1722,1723,1,1,1
1724,1725,1726,1,1,1
1727,1728,1729,1,1,1
1730,1729,1731,1,0,1
1732,1733,1734,1,1,1
1735,1734,1736,1,0,1
1737,1736,1738,1,0,1
1739,1740,1741,1,1,1
1742,1741,1743,1,0,1
1744,1745,1746,1,1,1
1747,1748,1749,1,1,1
1750,1751,1752,1,1,1
1753,1752,1754,1,0,1
1755,1754,1756,1,0,1
1757,1756,1758,1,0,1
1759,1758,1760,1,0,1
1761,1760,1762,1,0,1
1763,1762,1764,1,0,1
1765,1766,1767,1,1,1
1768,1767,1769,1,0,1
1770,1771,1772,1,1,1
1773,1774,1775,1,1,1
1776,1775,1777,1,0,1
1778,1779,1780,1,1,1
1781,1780,1782,1,0,1
1783,1782,1784,1,0,1
1785,1786,1787,1,1,1
1788,1789,1790,1,1,1
1791,1790,1792,1,0,1
1793,1794,1795,1,1,1
1796,1795,1797,1,0,1
1798,1799,1800,1,1,1
1801,1802,1803,1,1,1
1804,1805,1806,1,1,1
1807,1806,1808,1,0,1
1809,1808,1810,1,0,1
1811,1812,1813,1,1,1
1814,1815,1816,1,1,1
1817,1816,1818,1,0,1
1819,1820,1821,1,1,1
1822,1823,1824,1,1,1
1825,1826,1827,1,1,1
1828,1829,1830,1,1,1
1831,1830,1832,1,0,1
1833,1834,1835,1,1,1
1836,1837,1838,1,1,1
1839,1840,1841,1,1,1
1842,1843,1844,1,1,1
1845,1844,1846,1,0,1
1847,1848,1849,1,1,1
1850,1849,1851,1,0,1
1852,1851,1853,1,0,1
1854,1855,1856,1,1,1
1857,1858,1859,1,1,1
1860,1859,1861,1,0,1
1862,1863,1864,1,1,1
1865,1864,1866,1,0,1
1867,1868,1869,1,1,1
1870,1871,1872,1,1,1
1873,1874,1875,1,1,1
1876,1875,1877,1,0,1
1878,1879,1880,1,1,1
1881,1880,1882,1,0,1
1883,1882,1884,1,0,1
1885,1886,1887,1,1,1
1888,1887,1889,1,0,1
1890,1889,1891,1,0,1
1892,1891,1893,1,0,1
1894,1893,1895,1,0,1
1896,1895,1897,1,0,1
1898,1899,1900,1,1,1
1901,1900,1902,1,0,1
1903,1904,1905,1,1,1
1906,1905,1907,1,0,1
1908,1909,1910,1,1,1
1491,1911,1912,0,1,1
1487,1912,1913,0,0,1
1488,1913,1914,0,0,1
1635,1914,1915,0,0,1
1484,1915,1916,0,0,1
1482,1485,1917,0,0,1
1479,1917,1918,0,0,1
1477,1480,1919,0,0,1
1475,1919,1920,0,0,1
1471,1473,1921,0,0,1
1469,1921,1922,0,0,1
1465,1467,1923,0,0,1
1630,1463,1924,0,0,1
1459,1924,1925,0,0,1
1460,1925,1926,0,0,1
1457,1926,1927,0,0,1
1455,1927,1928,0,0,1
1453,1928,1929,0,0,1
1449,1451,1930,0,0,1
1443,1447,1931,0,0,1
1440,1444,1932,0,0,1
1437,1441,1933,0,0,1
1624,1438,1934,0,0,1
1435,1934,1935,0,0,1
1432,1935,1936,0,0,1
1429,1433,1937,0,0,1
1691,1430,1938,0,0,1
1939,1938,1940,1,0,1
1698,1940,1941,0,0,1
1707,1704,1942,0,0,1
1710,1942,1943,0,0,1
1713,1943,1944,0,0,1
1720,1945,1946,0,1,1
1723,1946,1947,0,0,1
1726,1947,1948,0,0,1
1731,1948,1949,0,0,1
1738,1949,1950,0,0,1
1951,1950,1952,1,0,1
1743,1952,1953,0,0,1
1746,1953,1954,0,0,1
1749,1954,1955,0,0,1
1764,1955,1956,0,0,1
1769,1956,1957,0,0,1
1772,1957,1958,0,0,1
1777,1958,1959,0,0,1
1960,1959,1961,1,0,1
1962,1961,1963,1,0,1
1784,1963,1964,0,0,1
1787,1964,1965,0,0,1
1792,1966,1967,0,1,1
1797,1967,1968,0,0,1
1800,1968,1969,0,0,1
1970,1969,1971,1,0,1
1803,1971,1972,0,0,1
1818,1813,1973,0,0,1
1821,1973,1974,0,0,1
1827,1975,1976,0,1,1
1832,1976,1977,0,0,1
1835,1977,1978,0,0,1
1841,1838,1979,0,0,1
1846,1979,1980,0,0,1
1853,1980,1981,0,0,1
1982,1981,1983,1,0,1
1861,1856,1984,0,0,1
1866,1984,1985,0,0,1
1869,1985,1986,0,0,1
1872,1986,1987,0,0,1
1988,1987,1989,1,0,1
1897,1884,1990,0,0,1
1907,1902,1991,0,0,1
1910,1991,1992,0,0,1
1918,1916,1993,0,0,1
1920,1993,1994,0,0,1
1929,1462,1995,0,0,1
1930,1995,1996,0,0,1
1932,1931,1997,0,0,1
1933,1997,1998,0,0,1
1936,1998,1999,0,0,1
1941,1937,2000,0,0,1
1944,1701,2001,0,0,1
1965,2002,2003,0,1,1
1972,2003,2004,0,0,1
2005,2004,2006,1,0,1
1974,1810,2007,0,0,1
1978,1824,2008,0,0,1
2009,2008,2010,1,0,1
1983,2011,2012,0,1,1
1989,2012,2013,0,0,1
2014,2013,2015,1,0,1
2016,2015,2017,1,0,1
1994,1992,2018,0,0,1
1922,2018,2019,0,0,1
1923,2019,2020,0,0,1
1996,2020,2021,0,0,1
2000,1999,2022,0,0,1
2023,2022,2024,1,0,1
2001,2024,2025,0,0,1
2026,2025,2027,1,0,1
2006,2027,2028,0,0,1
2007,2028,2029,0,0,1
2010,2029,2030,0,0,1
2017,2030,2031,0,0,1
1877,2031,2032,0,0,1
2021,1990,2033,0,0,1
1446,2033,2032,0,0,0
1693,2034,2035,0,1,1,46320
1939,2035,1689,0,0,0
1945,1715,2036,0,0,1,46320
2002,2036,2037,0,0,1
2026,2037,2038,0,0,1
1711,2038,2039,0,0,1
1712,2039,2040,0,0,1
1708,2040,2041,0,0,1
1709,2041,2042,0,0,1
1705,2042,2043,0,0,1
1699,1703,2044,0,0,1
2023,1700,2045,0,0,1
1697,2045,2046,0,0,1
1695,2046,2047,0,0,1
2043,1714,2048,0,0,1
1706,2048,2049,0,0,1
2047,2044,2050,0,0,1
2049,2051,2052,0,1,1
1702,2052,2050,0,0,0
2053,2054,2055,1,1,1,1267
2056,2057,2058,1,1,1
1725,2058,2059,0,0,1
1721,2059,2060,0,0,1
1722,2060,2061,0,0,1
1719,2061,2055,0,0,0
2062,2063,2064,1,1,1,9460
2065,2064,2066,1,0,1
2067,2068,2069,1,1,1
2070,2069,2071,1,0,1
2072,2071,2073,1,0,1
2074,2073,2075,1,0,1
2076,2077,2078,1,1,1
2079,2080,2081,1,1,1
2082,2083,2084,1,1,1
2085,2084,2086,1,0,1
2087,2086,2088,1,0,1
2089,2088,2090,1,0,1
2091,2090,2092,1,0,1
2093,2094,2095,1,1,1
2096,2095,2097,1,0,1
2098,2097,2099,1,0,1
2100,2099,2101,1,0,1
2102,2101,2103,1,0,1
2104,2103,2105,1,0,1
2106,2105,2107,1,0,1
2108,2107,2109,1,0,1
2110,2109,2111,1,0,1
2112,2113,2114,1,1,1
1732,2114,2115,0,0,1
1730,1733,2116,0,0,1
1727,2116,2117,0,0,1
1724,1728,2118,0,0,1
2056,2118,2119,0,0,1
2053,2057,2120,0,0,1
2066,2120,2121,0,0,1
2122,2121,2123,1,0,1
2124,2123,2125,1,0,1
2075,2125,2126,0,0,1
2078,2126,2127,0,0,1
2111,2092,2128,0,0,1
2129,2128,2130,1,0,1
2117,2115,2131,0,0,1
2127,2119,2132,0,0,1
2130,2081,2133,0,0,1
2131,2133,2132,0,0,0
2134,2135,2136,1,1,1,9462
2137,2138,2139,1,1,1
2140,2139,2141,1,0,1
2142,2141,2143,1,0,1
2144,2143,2145,1,0,1
2146,2145,2147,1,0,1
2062,2147,2136,0,0,0
2148,2149,2150,1,1,1,9463
2137,2151,2152,0,1,1
2134,2138,2153,0,0,1
2150,2153,2152,0,0,0
2154,2155,2156,1,1,1,13559
2157,2158,2159,1,1,1
2160,2159,2161,1,0,1
2140,2162,2163,0,1,1
2151,2163,2164,0,0,1
2148,2164,2165,0,0,1
2156,2165,2161,0,0,0
2166,2167,2168,1,1,1,9456
2169,2168,2170,1,0,1
2157,2170,2171,0,0,1
2158,2171,2172,0,0,1
2154,2172,2173,0,0,1
2174,2175,2176,1,1,1,9464
2177,2176,2178,1,0,1
2179,2178,2180,1,0,1
2181,2180,2182,1,0,1
2183,2182,2167,1,0,0
2184,2185,2186,1,1,1,9467
2187,2186,2188,1,0,1
2189,2188,2190,1,0,1
2174,2190,2191,0,0,1
2192,2193,2194,1,1,1,46320
2195,2196,2197,1,1,1
2198,2197,2199,1,0,1
2200,2201,2202,1,1,1
2203,2204,2205,1,1,1
2206,2207,2208,1,1,1
2209,2208,2210,1,0,1
2211,2210,2212,1,0,1
2213,2212,2214,1,0,1
2215,2214,2216,1,0,1
2185,2216,2217,0,0,1
2194,2217,2218,0,0,1
2199,2218,2219,0,0,1
2202,2219,2205,0,0,0
2220,2221,2222,1,1,1,9465
2223,2224,2225,1,1,1
2226,2227,2228,1,1,1
2229,2230,2231,1,1,1
2232,2231,2233,1,0,1
2234,2233,2235,1,0,1
2236,2235,2237,1,0,1
2238,2237,2239,1,0,1
2200,2204,2240,0,0,1
2198,2201,2241,0,0,1
2192,2196,2242,0,0,1
2222,2242,2243,0,0,1
2225,2243,2244,0,0,1
2228,2244,2245,0,0,1
2240,2239,2246,0,0,1
2241,2246,2247,0,0,1
2195,2247,2245,0,0,0
2248,2249,2250,1,1,1,46320
2251,2250,2252,1,0,1
2227,2253,2254,0,1,1
2223,2254,2255,0,0,1
2220,2224,2256,0,0,1
2252,2256,2255,0,0,0
2257,2258,2259,1,1,1,1273
2260,2261,2262,1,1,1
2263,2264,2265,1,1,1
2266,2267,2268,1,1,1
2269,2268,2270,1,0,1
2271,2272,2273,1,1,1
2274,2275,2276,1,1,1
2277,2278,2279,1,1,1
2280,2281,2282,1,1,1
2283,2284,2285,1,1,1
2286,2287,2288,1,1,1
2289,2290,2291,1,1,1
2292,2293,2294,1,1,1
2295,2296,2297,1,1,1
2298,2299,2300,1,1,1
2301,2300,2302,1,0,1
2303,2302,2304,1,0,1
2305,2304,2306,1,0,1
2307,2308,2309,1,1,1
2310,2309,2311,1,0,1
2312,2311,2313,1,0,1
2314,2313,2315,1,0,1
2316,2315,2317,1,0,1
2318,2317,2319,1,0,1
2320,2319,2321,1,0,1
2322,2321,2323,1,0,1
2324,2325,2326,1,1,1
2327,2328,2329,1,1,1
2330,2329,2331,1,0,1
2332,2331,2333,1,0,1
2334,2333,2335,1,0,1
2336,2335,2337,1,0,1
2338,2337,2339,1,0,1
2340,2341,2342,1,1,1
2343,2344,2345,1,1,1
2346,2345,2347,1,0,1
2348,2349,2350,1,1,1
2351,2350,2352,1,0,1
2353,2352,2354,1,0,1
2355,2356,2357,1,1,1
2358,2359,2360,1,1,1
2361,2360,2362,1,0,1
2363,2362,2364,1,0,1
2365,2364,2366,1,0,1
2367,2366,2368,1,0,1
2369,2370,2371,1,1,1
2372,2373,2374,1,1,1
2375,2374,2376,1,0,1
2377,2376,2378,1,0,1
2379,2378,2380,1,0,1
2381,2380,2382,1,0,1
2383,2382,2384,1,0,1
2385,2384,2386,1,0,1
2387,2386,2388,1,0,1
2389,2388,2390,1,0,1
2391,2390,2392,1,0,1
2393,2394,2395,1,1,1
2396,2397,2398,1,1,1
2399,2400,2401,1,1,1
2402,2403,2404,1,1,1
2405,2406,2407,1,1,1
2408,2409,2410,1,1,1
2411,2410,2412,1,0,1
2413,2414,2415,1,1,1
2416,2417,2418,1,1,1
2419,2420,2421,1,1,1
2422,2421,2423,1,0,1
2424,2425,2426,1,1,1
2427,2426,2428,1,0,1
2429,2428,2430,1,0,1
2431,2432,2433,1,1,1
2434,2435,2436,1,1,1
2437,2438,2439,1,1,1
2440,2439,2441,1,0,1
2442,2443,2444,1,1,1
2445,2446,2447,1,1,1
2448,2447,2449,1,0,1
2450,2451,2452,1,1,1
2453,2454,2455,1,1,1
2456,2455,2457,1,0,1
2458,2457,2459,1,0,1
2460,2459,2461,1,0,1
2462,2463,2464,1,1,1
2234,2465,2466,0,1,1
2232,2466,2467,0,0,1
2229,2467,2468,0,0,1
2226,2230,2469,0,0,1
2253,2469,2470,0,0,1
2251,2470,2471,0,0,1
2259,2248,2472,0,0,1
2262,2472,2473,0,0,1
2265,2473,2474,0,0,1
2270,2474,2475,0,0,1
2273,2475,2476,0,0,1
2276,2476,2477,0,0,1
2279,2477,2478,0,0,1
2282,2478,2479,0,0,1
2285,2479,2480,0,0,1
2294,2291,2481,0,0,1
2297,2481,2482,0,0,1
2306,2482,2483,0,0,1
2323,2483,2484,0,0,1
2326,2484,2485,0,0,1
2339,2485,2486,0,0,1
2342,2486,2487,0,0,1
2488,2487,2489,1,0,1
2347,2489,2490,0,0,1
2357,2354,2491,0,0,1
2392,2371,2492,0,0,1
2395,2492,2493,0,0,1
2412,2407,2494,0,0,1
2415,2494,2495,0,0,1
2423,2496,2497,0,1,1
2430,2498,2499,0,1,1
2436,2433,2500,0,0,1
2449,2501,2502,0,1,1
2461,2503,2504,0,1,1
2464,2504,2505,0,0,1
2468,2505,2506,0,0,1
2471,2506,2507,0,0,1
2493,2368,2508,0,0,1
2398,2508,2509,0,0,1
2495,2404,2510,0,0,1
2511,2510,2512,1,0,1
2497,2418,2513,0,0,1
2507,2452,2514,0,0,1
2509,2515,2516,0,1,1
2512,2401,2517,0,0,1
2514,2518,2519,0,1,1
2516,2491,2520,0,0,1
2517,2520,2521,0,0,1
2519,2502,2522,0,0,1
2480,2522,2523,0,0,1
2288,2523,2524,0,0,1
2521,2490,2525,0,0,1
2513,2525,2526,0,0,1
2499,2526,2527,0,0,1
2500,2527,2528,0,0,1
2441,2528,2529,0,0,1
2444,2529,2524,0,0,0
2530,2531,2532,1,1,1,1274
2533,2532,2534,1,0,1
2535,2534,2536,1,0,1
2537,2536,2538,1,0,1
2539,2538,2540,1,0,1
2541,2540,2542,1,0,1
2543,2542,2544,1,0,1
2545,2544,2546,1,0,1
2547,2546,2548,1,0,1
2549,2548,2550,1,0,1
2551,2550,2552,1,0,1
2553,2554,2555,1,1,1
2556,2557,2558,1,1,1
2559,2560,2561,1,1,1
2298,2561,2562,0,0,1
2295,2299,2563,0,0,1
2292,2296,2564,0,0,1
2289,2293,2565,0,0,1
2286,2290,2566,0,0,1
2283,2287,2567,0,0,1
2280,2284,2568,0,0,1
2277,2281,2569,0,0,1
2274,2278,2570,0,0,1
2271,2275,2571,0,0,1
2269,2272,2572,0,0,1
2266,2572,2573,0,0,1
2263,2267,2574,0,0,1
2260,2264,2575,0,0,1
2257,2261,2576,0,0,1
2552,2576,2577,0,0,1
2555,2577,2578,0,0,1
2558,2578,2579,0,0,1
2563,2562,2580,0,0,1
2564,2580,2581,0,0,1
2565,2581,2582,0,0,1
2566,2582,2583,0,0,1
2567,2583,2584,0,0,1
2568,2584,2585,0,0,1
2569,2585,2586,0,0,1
2570,2586,2587,0,0,1
2571,2587,2588,0,0,1
2573,2588,2589,0,0,1
2574,2589,2590,0,0,1
2575,2590,2579,0,0,0
2591,2592,2593,1,1,1,1273
2560,2594,2595,0,1,1
2556,2595,2596,0,0,1
2557,2596,2597,0,0,1
2553,2597,2598,0,0,1
2554,2598,2599,0,0,1
2551,2599,2600,0,0,1
2549,2600,2601,0,0,1
2547,2601,2602,0,0,1
2545,2602,2603,0,0,1
2543,2603,2604,0,0,1
2541,2604,2605,0,0,1
2539,2605,2606,0,0,1
2537,2606,2607,0,0,1
2533,2535,2608,0,0,1
2530,2608,2609,0,0,1
2593,2609,2607,0,0,0
1385,1387,2610,0,0,1,1269
2611,2610,2612,1,0,1
2613,2612,2614,1,0,1
2615,2614,2616,1,0,1
2617,2616,2618,1,0,1
2619,2620,2621,1,1,1
2622,2623,2624,1,1,1
2625,2624,2626,1,0,1
2627,2626,2628,1,0,1
2629,2630,2631,1,1,1
2632,2631,2633,1,0,1
2634,2633,2635,1,0,1
2636,2637,2638,1,1,1
2639,2640,2641,1,1,1
1393,2642,2643,0,1,1
1389,2643,2644,0,0,1
1390,2644,2645,0,0,1
2618,2645,2646,0,0,1
2628,2647,2648,0,1,1
2649,2648,2650,1,0,1
2638,2635,2651,0,0,1
2641,2651,2652,0,0,1
2646,2652,2653,0,0,1
2650,2621,2654,0,0,1
2655,2654,2653,1,0,0
1373,1361,2656,0,0,1,46320
1358,2656,2657,0,0,1
1359,2657,2658,0,0,1
1356,1371,2659,0,0,1
1138,2659,2660,0,0,1
1139,2660,2658,0,0,0
2187,2189,2661,0,0,1,21754
2662,2661,2663,1,0,1
2664,2665,2666,1,1,1
2667,2666,2668,1,0,1
2181,2669,2670,0,1,1
2177,2179,2671,0,0,1
2663,2671,2672,0,0,1
2668,2672,2670,0,0,0
2144,2146,2673,0,0,1,9461
2674,2673,2675,1,0,1
2676,2675,2677,1,0,1
2678,2677,2679,1,0,1
2680,2679,2681,1,0,1
2122,2681,2065,0,0,0
1424,1382,2682,0,0,1,9460
2683,2682,2684,1,0,1
2685,2686,2687,1,1,1
2688,2687,2689,1,0,1
1612,2690,2691,0,1,1
2692,2691,2693,1,0,1
2694,2693,2695,1,0,1
2696,2695,2697,1,0,1
2698,2699,2700,1,1,1
2701,2702,2703,1,1,1
2704,2703,2705,1,0,1
2706,2705,2707,1,0,1
2708,2707,2709,1,0,1
2710,2709,2711,1,0,1
2712,2713,2714,1,1,1
2611,2714,2715,0,0,1
2684,2715,2716,0,0,1
2689,2716,2717,0,0,1
2700,2697,2718,0,0,1
2711,2718,2719,0,0,1
2720,2719,2717,1,0,0
2712,2613,2721,0,0,1,9461
2720,2713,2722,0,0,1
2710,2722,2723,0,0,1
2708,2723,2724,0,0,1
2725,2704,2726,1,0,1
2727,2726,2728,1,0,1
2729,2728,2730,1,0,1
2731,2730,2732,1,0,1
2733,2734,2735,1,1,1
2623,2735,2736,0,0,1
2619,2647,2737,0,0,1
2617,2620,2738,0,0,1
2721,2615,2739,0,0,1
2732,2706,2740,0,0,1
2736,2740,2741,0,0,1
2738,2737,2742,0,0,1
2739,2742,2743,0,0,1
2724,2743,2741,0,0,0
1392,1395,2744,0,0,1,9460
2642,2744,2745,0,0,1
1343,2746,2747,0,1,1
1397,2747,2748,0,0,1
1398,2748,2745,0,0,0
2162,2142,2749,0,0,1,17656
2750,2749,2751,1,0,1
2752,2751,2753,1,0,1
2754,2753,2755,1,0,1
2756,2755,2674,1,0,0
2669,2183,2757,0,0,1,9466
2667,2757,2758,0,0,1
2662,2665,2759,0,0,1
2184,2759,2760,0,0,1
2215,2760,2761,0,0,1
2211,2213,2762,0,0,1
2763,2762,2764,1,0,1
2765,2764,2766,1,0,1
2767,2768,2769,1,1,1
2750,2769,2770,0,0,1
2160,2770,2771,0,0,1
2169,2771,2772,0,0,1
2166,2772,2773,0,0,1
2758,2773,2774,0,0,1
2664,2774,2775,0,0,1
2761,2775,2766,0,0,0
2746,1375,2776,0,0,1,1268
2639,2776,2777,0,0,1
2640,2777,2778,0,0,1
2636,2778,2779,0,0,1
2780,2779,2781,1,0,1
2782,2781,2783,1,0,1
1150,2783,2784,0,0,1
1348,2784,2785,0,0,1
1349,2785,2786,0,0,1
1345,1368,2787,0,0,1
1346,2787,2786,0,0,0
1422,1425,2788,0,0,1,1268
1614,1418,2789,0,0,1
2688,2690,2790,0,0,1
2685,2790,2791,0,0,1
2683,2686,2792,0,0,1
2788,2792,2793,0,0,1
1420,2793,2794,0,0,1
2789,2794,2791,0,0,0
1685,1687,2795,0,0,1,1267
1591,2795,2796,0,0,1
1589,1592,2797,0,0,1
2798,1586,2799,1,0,1
2800,2799,2801,1,0,1
2802,2803,2804,1,1,1
2805,2806,2807,1,1,1
2808,2809,2810,1,1,1
2811,2812,2813,1,1,1
1570,2813,2814,0,0,1
1566,2814,2815,0,0,1
1567,2815,2816,0,0,1
1661,2816,2817,0,0,1
1564,2817,2818,0,0,1
1558,1562,2819,0,0,1
1555,1559,2820,0,0,1
1552,1556,2821,0,0,1
2822,2821,2823,1,0,1
2824,2825,2826,1,1,1
2827,2826,2828,1,0,1
2829,2828,2830,1,0,1
2831,2830,2832,1,0,1
2833,2832,2834,1,0,1
2835,2834,2836,1,0,1
2837,2838,2839,1,1,1
2840,2839,2841,1,0,1
2842,2841,2843,1,0,1
2844,2845,2846,1,1,1
2847,2848,2849,1,1,1
2850,2849,2851,1,0,1
2852,2853,2854,1,1,1
2855,2856,2857,1,1,1
2858,2859,2860,1,1,1
2861,2862,2863,1,1,1
2864,2865,2866,1,1,1
1499,2867,2868,0,1,1
1495,2868,2869,0,0,1
1496,2869,2870,0,0,1
1493,2870,2871,0,0,1
1911,1490,2872,0,0,1
1908,2872,2873,0,0,1
1909,2873,2874,0,0,1
1906,2874,2875,0,0,1
1903,2875,2876,0,0,1
1901,1904,2877,0,0,1
1898,2877,2878,0,0,1
1896,1899,2879,0,0,1
1894,2879,2880,0,0,1
1892,2880,2881,0,0,1
1888,1890,2882,0,0,1
1885,2882,2883,0,0,1
1883,1886,2884,0,0,1
1881,2884,2885,0,0,1
1878,2885,2886,0,0,1
1876,1879,2887,0,0,1
1873,2887,2888,0,0,1
2016,1874,2889,0,0,1
2014,2889,2890,0,0,1
1988,2890,2891,0,0,1
1870,2891,2892,0,0,1
1867,1871,2893,0,0,1
1865,1868,2894,0,0,1
1862,2894,2895,0,0,1
1860,1863,2896,0,0,1
1854,1858,2897,0,0,1
1982,1855,2898,0,0,1
1852,2898,2899,0,0,1
1850,2899,2900,0,0,1
1845,1848,2901,0,0,1
1842,2901,2902,0,0,1
1839,1843,2903,0,0,1
1836,1840,2904,0,0,1
2011,1837,2905,0,0,1
2009,2905,2906,0,0,1
1833,2906,2907,0,0,1
1834,2907,2908,0,0,1
1831,2908,2909,0,0,1
1825,1829,2910,0,0,1
1975,1826,2911,0,0,1
1822,2911,2912,0,0,1
1823,2912,2913,0,0,1
1819,2913,2914,0,0,1
1820,2914,2915,0,0,1
1817,2915,2916,0,0,1
1811,1815,2917,0,0,1
1812,2917,2918,0,0,1
1809,2918,2919,0,0,1
1807,2919,2920,0,0,1
1804,2920,2921,0,0,1
2005,1805,2922,0,0,1
1801,2922,2923,0,0,1
1802,2923,2924,0,0,1
1970,2924,2925,0,0,1
1798,2925,2926,0,0,1
1799,2926,2927,0,0,1
1796,2927,2928,0,0,1
1793,2928,2929,0,0,1
1791,1794,2930,0,0,1
1966,1789,2931,0,0,1
1785,2931,2932,0,0,1
1783,1786,2933,0,0,1
1781,2933,2934,0,0,1
1962,1779,2935,0,0,1
1776,1960,2936,0,0,1
1770,1774,2937,0,0,1
1768,1771,2938,0,0,1
1765,2938,2939,0,0,1
1763,1766,2940,0,0,1
1753,1755,2941,0,0,1
1747,1751,2942,0,0,1
1744,1748,2943,0,0,1
1742,1745,2944,0,0,1
1951,1740,2945,0,0,1
1737,2945,2946,0,0,1
1735,2946,2947,0,0,1
2112,2947,2948,0,0,1
2113,2948,2949,0,0,1
2129,2949,2950,0,0,1
2110,2950,2951,0,0,1
2108,2951,2952,0,0,1
2106,2952,2953,0,0,1
2104,2953,2954,0,0,1
2102,2954,2955,0,0,1
2100,2955,2956,0,0,1
2957,2956,2958,1,0,1
2959,2960,2961,1,1,1
2962,2963,2964,1,1,1
2965,2966,2967,1,1,1
2968,2969,2970,1,1,1
333,2970,2971,0,0,1
331,334,2972,0,0,1
328,2972,2973,0,0,1
325,329,2974,0,0,1
322,326,2975,0,0,1
319,323,2976,0,0,1
317,320,2977,0,0,1
314,2977,2978,0,0,1
312,315,2979,0,0,1
308,310,2980,0,0,1
852,306,2981,0,0,1
302,2981,2982,0,0,1
303,2982,2983,0,0,1
300,2983,2984,0,0,1
298,2984,2985,0,0,1
295,2985,2986,0,0,1
292,296,2987,0,0,1
289,293,2988,0,0,1
287,290,2989,0,0,1
281,285,2990,0,0,1
278,282,2991,0,0,1
275,279,2992,0,0,1
273,276,2993,0,0,1
269,271,2994,0,0,1
264,267,2995,0,0,1
262,2995,2996,0,0,1
259,2996,2997,0,0,1
257,260,2998,0,0,1
254,2998,2999,0,0,1
252,255,3000,0,0,1
250,3000,3001,0,0,1
248,3001,3002,0,0,1
245,3002,3003,0,0,1
836,246,3004,0,0,1
242,3004,3005,0,0,1
243,3005,3006,0,0,1
239,3006,3007,0,0,1
240,3007,3008,0,0,1
234,237,3009,0,0,1
231,235,3010,0,0,1
232,3010,3011,0,0,1
229,3011,3012,0,0,1
227,3012,3013,0,0,1
225,3013,3014,0,0,1
221,223,3015,0,0,1
217,219,3016,0,0,1
213,215,3017,0,0,1
207,209,3018,0,0,1
202,205,3019,0,0,1
729,203,3020,0,0,1
200,3020,3021,0,0,1
197,3021,3022,0,0,1
195,198,3023,0,0,1
189,193,3024,0,0,1
190,3024,3025,0,0,1
850,3025,3026,0,0,1
187,3026,3027,0,0,1
185,3027,3028,0,0,1
183,3028,3029,0,0,1
180,3029,3030,0,0,1
178,181,3031,0,0,1
173,176,3032,0,0,1
863,174,3033,0,0,1
171,3033,3034,0,0,1
169,3034,3035,0,0,1
167,3035,3036,0,0,1
724,165,3037,0,0,1
161,3037,3038,0,0,1
162,3038,3039,0,0,1
158,3039,3040,0,0,1
720,159,3041,0,0,1
156,3041,3042,0,0,1
153,3042,3043,0,0,1
150,154,3044,0,0,1
716,151,3045,0,0,1
148,3045,3046,0,0,1
145,3046,3047,0,0,1
142,146,3048,0,0,1
139,143,3049,0,0,1
136,140,3050,0,0,1
134,137,3051,0,0,1
131,3051,3052,0,0,1
129,132,3053,0,0,1
123,127,3054,0,0,1
120,124,3055,0,0,1
117,121,3056,0,0,1
812,706,3057,0,0,1
810,3057,3058,0,0,1
702,3058,3059,0,0,1
703,3059,3060,0,0,1
699,3060,3061,0,0,1
696,700,3062,0,0,1
693,697,3063,0,0,1
690,694,3064,0,0,1
687,691,3065,0,0,1
684,688,3066,0,0,1
682,685,3067,0,0,1
848,680,3068,0,0,1
832,3068,3069,0,0,1
801,3069,3070,0,0,1
676,3070,3071,0,0,1
677,3071,3072,0,0,1
830,674,3073,0,0,1
670,3073,3074,0,0,1
668,671,3075,0,0,1
665,3075,3076,0,0,1
798,666,3077,0,0,1
662,3077,3078,0,0,1
663,3078,3079,0,0,1
659,3079,3080,0,0,1
656,660,3081,0,0,1
654,657,3082,0,0,1
650,652,3083,0,0,1
644,648,3084,0,0,1
641,645,3085,0,0,1
828,642,3086,0,0,1
638,3086,3087,0,0,1
639,3087,3088,0,0,1
635,3088,3089,0,0,1
632,636,3090,0,0,1
629,633,3091,0,0,1
627,630,3092,0,0,1
624,3092,3093,0,0,1
622,625,3094,0,0,1
620,3094,3095,0,0,1
617,3095,3096,0,0,1
614,618,3097,0,0,1
612,615,3098,0,0,1
606,610,3099,0,0,1
604,607,3100,0,0,1
599,602,3101,0,0,1
595,597,3102,0,0,1
593,3102,3103,0,0,1
3104,3103,3105,1,0,1
3106,3105,3107,1,0,1
3108,3107,3109,1,0,1
3110,3111,3112,1,1,1
3113,3112,3114,1,0,1
3115,3116,3117,1,1,1
3118,3117,3119,1,0,1
3120,3119,3121,1,0,1
3122,3121,3123,1,0,1
3124,3125,3126,1,1,1
3127,3128,3129,1,1,1
3130,3131,3132,1,1,1
3133,3132,3134,1,0,1
3135,3136,3137,1,1,1
3138,3137,3139,1,0,1
3140,3141,3142,1,1,1
3143,3142,3144,1,0,1
3145,3146,3147,1,1,1
3148,3149,3150,1,1,1
3151,3152,3153,1,1,1
3154,3155,3156,1,1,1
2696,3157,3158,0,1,1
1610,2692,3159,0,0,1
1606,1608,3160,0,0,1
1594,1598,3161,0,0,1
1670,1595,3162,0,0,1
1678,3162,3163,0,0,1
2801,2797,3164,0,0,1
2804,3164,3165,0,0,1
2807,3166,3167,0,1,1
2820,2819,3168,0,0,1
2823,3168,3169,0,0,1
2836,3170,3171,0,1,1
2843,3171,3172,0,0,1
2851,2846,3173,0,0,1
2854,3173,3174,0,0,1
2857,3175,3176,0,1,1
2871,2866,3177,0,0,1
2878,2876,3178,0,0,1
2883,2881,3179,0,0,1
2892,2888,3180,0,0,1
2893,3180,3181,0,0,1
2895,3181,3182,0,0,1
2896,3182,3183,0,0,1
2900,2897,3184,0,0,1
1847,3184,3185,0,0,1
2909,2904,3186,0,0,1
2916,2910,3187,0,0,1
2929,2921,3188,0,0,1
2930,3188,3189,0,0,1
2932,1788,3190,0,0,1
2934,3190,3191,0,0,1
2936,2935,3192,0,0,1
1773,3192,3193,0,0,1
2937,3193,3194,0,0,1
2943,2942,3195,0,0,1
2944,3195,3196,0,0,1
2958,1739,3197,0,0,1
2961,3197,3198,0,0,1
2964,3199,3200,0,1,1
2967,3200,3201,0,0,1
2971,3202,3203,0,1,1
2973,3203,3204,0,0,1
2976,2975,3205,0,0,1
2978,3205,3206,0,0,1
2980,2979,3207,0,0,1
2986,305,3208,0,0,1
2987,3208,3209,0,0,1
2988,3209,3210,0,0,1
2990,284,3211,0,0,1
2991,3211,3212,0,0,1
2992,3212,3213,0,0,1
2993,3213,3214,0,0,1
2994,3214,3215,0,0,1
2999,2997,3216,0,0,1
3003,3216,3217,0,0,1
3009,3008,3218,0,0,1
3014,3218,3219,0,0,1
3015,3219,3220,0,0,1
3016,3220,3221,0,0,1
3017,3221,3222,0,0,1
3030,192,3223,0,0,1
3031,3223,3224,0,0,1
3032,3224,3225,0,0,1
3036,3225,3226,0,0,1
164,3226,3227,0,0,1
3040,3227,3228,0,0,1
3043,3228,3229,0,0,1
3044,3229,3230,0,0,1
3047,3230,3231,0,0,1
3048,3231,3232,0,0,1
3049,3232,3233,0,0,1
3052,3050,3234,0,0,1
3053,3234,3235,0,0,1
126,3235,3236,0,0,1
3054,3236,3237,0,0,1
3055,3237,3238,0,0,1
3062,3061,3239,0,0,1
3063,3239,3240,0,0,1
3064,3240,3241,0,0,1
3072,679,3242,0,0,1
3074,673,3243,0,0,1
3076,3243,3244,0,0,1
3080,3244,3245,0,0,1
3081,3245,3246,0,0,1
3082,3246,3247,0,0,1
3083,3247,3248,0,0,1
647,3248,3249,0,0,1
3089,3085,3250,0,0,1
3090,3250,3251,0,0,1
3091,3251,3252,0,0,1
3093,3252,3253,0,0,1
3099,609,3254,0,0,1
3100,3254,3255,0,0,1
3109,3101,3256,0,0,1
3123,3257,3258,0,1,1
3158,3156,3259,0,0,1
3159,2694,3260,0,0,1
3160,3260,3261,0,0,1
1604,3261,3262,0,0,1
3161,1597,3263,0,0,1
3177,2863,3264,0,0,1
3183,2886,3265,0,0,1
3186,2903,3266,0,0,1
1828,3266,3267,0,0,1
3189,1814,3268,0,0,1
3191,3268,3269,0,0,1
3194,1778,3270,0,0,1
2939,3270,3271,0,0,1
3196,1750,3272,0,0,1
3198,3272,3273,0,0,1
3201,3273,3274,0,0,1
3204,3274,3275,0,0,1
2974,3275,3276,0,0,1
3206,3276,3277,0,0,1
3207,3277,3278,0,0,1
3215,2989,3279,0,0,1
3222,3217,3280,0,0,1
211,3280,3281,0,0,1
3018,3281,3282,0,0,1
3241,705,3283,0,0,1
3242,3067,3284,0,0,1
3249,3284,3285,0,0,1
3253,3084,3286,0,0,1
3258,3114,3287,0,0,1
3262,3259,3288,0,0,1
1602,3288,3289,0,0,1
3269,3187,3290,0,0,1
3271,3290,3291,0,0,1
2940,3291,3292,0,0,1
1761,3292,3293,0,0,1
3278,2941,3294,0,0,1
3210,3294,3295,0,0,1
3282,266,3296,0,0,1
3285,3066,3297,0,0,1
3286,3297,3298,0,0,1
3289,3153,3299,0,0,1
1600,3299,3300,0,0,1
3295,1757,3301,0,0,1
3279,3301,3302,0,0,1
3300,3150,3303,0,0,1
3263,3303,3304,0,0,1
3163,3304,3305,0,0,1
3302,1759,3306,0,0,1
3296,3306,3307,0,0,1
3305,3147,3308,0,0,1
3307,3293,3309,0,0,1
3308,3144,3310,0,0,1
3309,3267,3311,0,0,1
3019,3311,3312,0,0,1
3022,3312,3313,0,0,1
3023,3313,3314,0,0,1
3310,3315,3316,0,1,1
2796,3316,3317,0,0,1
3314,2902,3318,0,0,1
3317,3139,3319,0,0,1
3318,3185,3320,0,0,1
3319,3134,3321,0,0,1
3320,1857,3322,0,0,1
3321,3129,3323,0,0,1
3322,3265,3324,0,0,1
3233,3324,3325,0,0,1
3323,3126,3326,0,0,1
3165,3326,3327,0,0,1
3325,3179,3328,0,0,1
3238,3328,3329,0,0,1
3056,3329,3330,0,0,1
3327,3287,3331,0,0,1
3167,3331,3332,0,0,1
3333,3332,3334,1,0,1
3330,3178,3335,0,0,1
118,3335,3336,0,0,1
3334,3256,3337,0,0,1
2810,3337,3338,0,0,1
2818,3338,3339,0,0,1
3336,3264,3340,0,0,1
3283,3340,3341,0,0,1
3339,601,3342,0,0,1
1561,3342,3343,0,0,1
3169,3343,3344,0,0,1
3341,3345,3346,0,1,1
3344,3255,3347,0,0,1
3346,3348,3349,0,1,1
3347,3098,3350,0,0,1
3349,2860,3351,0,0,1
3350,3097,3352,0,0,1
3351,3176,3353,0,0,1
3065,3353,3354,0,0,1
3352,3096,3355,0,0,1
3356,3355,3357,1,0,1
3172,3357,3358,0,0,1
3359,3358,3360,1,0,1
3354,3174,3361,0,0,1
3360,3298,3362,0,0,1
3363,3362,3361,1,0,0
2756,2676,3364,0,0,1,9462
3365,2754,3366,1,0,1
3367,3366,3368,1,0,1
3369,3368,3370,1,0,1
3371,3370,3372,1,0,1
3373,3372,3374,1,0,1
3375,3374,3376,1,0,1
3377,3376,3378,1,0,1
3379,3380,3381,1,1,1
3382,3383,3384,1,1,1
3385,3384,3386,1,0,1
3387,3386,3388,1,0,1
3389,3388,3390,1,0,1
3391,3392,3393,1,1,1
3394,3393,3395,1,0,1
3396,3395,3397,1,0,1
3398,3397,3399,1,0,1
2068,3400,3401,0,1,1
2124,3401,3402,0,0,1
2680,3402,3403,0,0,1
2678,3403,3404,0,0,1
3364,3404,3405,0,0,1
3378,3405,3406,0,0,1
3390,3381,3407,0,0,1
3408,3407,3409,1,0,1
3399,3409,3406,0,0,0
3410,2765,3411,1,0,1,46320
3412,3411,3413,1,0,1
3414,3413,3415,1,0,1
3416,3417,3418,1,1,1
3419,3418,3420,1,0,1
3383,3420,3421,0,0,1
3379,3421,3422,0,0,1
3423,3422,3424,1,0,1
3425,3424,3426,1,0,1
3427,3426,3428,1,0,1
3429,3428,3430,1,0,1
3431,3430,3432,1,0,1
2768,3433,3434,0,1,1
3415,3434,3432,0,0,0
2649,2655,3435,0,0,1,1270
2625,2627,3436,0,0,1
2733,2622,3437,0,0,1
3438,3439,3440,1,1,1
3441,3442,3443,1,1,1
3444,3445,3446,1,1,1
3447,3448,3449,1,1,1
3450,3451,3452,1,1,1
3453,3452,3454,1,0,1
3455,3454,3456,1,0,1
3457,3458,3459,1,1,1
3460,3459,3461,1,0,1
3462,3461,3463,1,0,1
3464,3463,3465,1,0,1
3466,3465,3467,1,0,1
3468,3467,3469,1,0,1
3470,3469,3471,1,0,1
3472,3473,3474,1,1,1
3475,3476,3477,1,1,1
3478,3477,3479,1,0,1
3480,3481,3482,1,1,1
3483,3484,3485,1,1,1
3486,3487,3488,1,1,1
3489,3490,3491,1,1,1
3492,3491,3493,1,0,1
3494,3495,3496,1,1,1
3497,3498,3499,1,1,1
3500,3501,3502,1,1,1
3503,3502,3504,1,0,1
3505,3506,3507,1,1,1
3508,3509,3510,1,1,1
3511,3510,3512,1,0,1
3513,3512,3514,1,0,1
3515,3514,3516,1,0,1
3517,3516,3518,1,0,1
3519,3518,3520,1,0,1
3521,3520,3522,1,0,1
3523,3522,3524,1,0,1
3525,3524,3526,1,0,1
3527,3526,3528,1,0,1
3529,3528,3530,1,0,1
3531,3532,3533,1,1,1
3534,3535,3536,1,1,1
3537,3538,3539,1,1,1
3540,3541,3542,1,1,1
3543,3542,3544,1,0,1
3545,3544,3546,1,0,1
3547,3548,3549,1,1,1
3550,3551,3552,1,1,1
3553,3554,3555,1,1,1
3556,3555,3557,1,0,1
3558,3559,3560,1,1,1
3561,3560,3562,1,0,1
3563,3564,3565,1,1,1
3566,3565,3567,1,0,1
3568,3569,3570,1,1,1
3571,3570,3572,1,0,1
3573,3572,3574,1,0,1
3575,3574,3576,1,0,1
3577,3578,3579,1,1,1
3580,3581,3582,1,1,1
3583,3582,3584,1,0,1
3585,3584,3586,1,0,1
3587,3586,3588,1,0,1
3589,3588,3590,1,0,1
3591,3590,3592,1,0,1
3593,3594,3595,1,1,1
3596,3597,3598,1,1,1
3599,3600,3601,1,1,1
3602,3603,3604,1,1,1
3605,3604,3606,1,0,1
3607,3606,3608,1,0,1
3609,3610,3611,1,1,1
3612,3613,3614,1,1,1
3615,3616,3617,1,1,1
3618,3617,3619,1,0,1
3620,3621,3622,1,1,1
3623,3622,3624,1,0,1
3625,3624,3626,1,0,1
3627,3628,3629,1,1,1
3630,3629,3631,1,0,1
3632,3633,3634,1,1,1
3635,3634,3636,1,0,1
3637,3638,3639,1,1,1
3640,3639,3641,1,0,1
3642,3643,3644,1,1,1
3645,3646,3647,1,1,1
3648,3649,3650,1,1,1
3651,3652,3653,1,1,1
3654,3655,3656,1,1,1
3657,3656,3658,1,0,1
3659,3658,3660,1,0,1
3661,3662,3663,1,1,1
3664,3665,3666,1,1,1
3667,3668,3669,1,1,1
2632,3670,3671,0,1,1
2629,3671,3672,0,0,1
3435,2630,3673,0,0,1
3436,3673,3674,0,0,1
3437,3674,3675,0,0,1
3440,3675,3676,0,0,1
3677,3676,3678,1,0,1
3446,3443,3679,0,0,1
3479,3474,3680,0,0,1
3482,3680,3681,0,0,1
3485,3681,3682,0,0,1
3683,3682,3684,1,0,1
3493,3685,3686,0,1,1
3504,3499,3687,0,0,1
3507,3688,3689,0,1,1
3530,3689,3690,0,0,1
3533,3690,3691,0,0,1
3536,3691,3692,0,0,1
3539,3692,3693,0,0,1
3546,3694,3695,0,1,1
3549,3695,3696,0,0,1
3552,3696,3697,0,0,1
3567,3562,3698,0,0,1
3576,3698,3699,0,0,1
3579,3699,3700,0,0,1
3592,3700,3701,0,0,1
3595,3701,3702,0,0,1
3601,3598,3703,0,0,1
3608,3703,3704,0,0,1
3705,3704,3706,1,0,1
3626,3619,3707,0,0,1
3631,3708,3709,0,1,1
3636,3710,3711,0,1,1
3641,3711,3712,0,0,1
3660,3653,3713,0,0,1
3672,3669,3714,0,0,1
3684,3471,3715,0,0,1
3686,3488,3716,0,0,1
3693,3687,3717,0,0,1
3697,3717,3718,0,0,1
3702,3557,3719,0,0,1
3706,3719,3720,0,0,1
3707,3721,3722,0,1,1
3709,3722,3723,0,0,1
3713,3650,3724,0,0,1
3714,3666,3725,0,0,1
3718,3496,3726,0,0,1
3720,3726,3727,0,0,1
3728,3727,3729,1,0,1
3611,3729,3730,0,0,1
3614,3730,3731,0,0,1
3725,3663,3732,0,0,1
3678,3732,3733,0,0,1
3679,3733,3734,0,0,1
3731,3716,3735,0,0,1
3723,3735,3736,0,0,1
3712,3736,3737,0,0,1
3734,3724,3738,0,0,1
3449,3738,3739,0,0,1
3737,3715,3740,0,0,1
3644,3740,3741,0,0,1
3739,3647,3742,0,0,1
3456,3742,3741,0,0,0
2763,3410,3743,0,0,1,1272
2209,3743,3744,0,0,1
2203,2207,3745,0,0,1
2238,3745,3746,0,0,1
2236,3746,3747,0,0,1
2462,2465,3748,0,0,1
2460,2463,3749,0,0,1
2456,2458,3750,0,0,1
3751,3750,3752,1,0,1
2445,3753,3754,0,1,1
2501,2446,3755,0,0,1
2442,3755,3756,0,0,1
2440,2443,3757,0,0,1
2437,3757,3758,0,0,1
2434,2438,3759,0,0,1
2431,2435,3760,0,0,1
2429,2432,3761,0,0,1
2427,3761,3762,0,0,1
3763,3762,3764,1,0,1
3765,3764,3766,1,0,1
3767,3766,3768,1,0,1
3769,3770,3771,1,1,1
3772,3771,3773,1,0,1
3774,3775,3776,1,1,1
3777,3776,3778,1,0,1
3779,3778,3780,1,0,1
3781,3780,3782,1,0,1
3783,3784,3785,1,1,1
3786,3785,3787,1,0,1
2420,3787,3788,0,0,1
2496,3788,3789,0,0,1
2416,3789,3790,0,0,1
2417,3790,3791,0,0,1
2511,3791,3792,0,0,1
2413,3792,3793,0,0,1
2414,3793,3794,0,0,1
2411,3794,3795,0,0,1
2408,3795,3796,0,0,1
2405,2409,3797,0,0,1
2402,2406,3798,0,0,1
2399,2403,3799,0,0,1
2400,3799,3800,0,0,1
2396,3800,3801,0,0,1
2397,3801,3802,0,0,1
2393,3802,3803,0,0,1
2391,2394,3804,0,0,1
2389,3804,3805,0,0,1
2387,3805,3806,0,0,1
3807,3806,3808,1,0,1
3809,3810,3811,1,1,1
3812,3813,3814,1,1,1
3815,3814,3816,1,0,1
3817,3816,3818,1,0,1
3819,3818,3820,1,0,1
3821,3822,3823,1,1,1
3824,3825,3826,1,1,1
3827,3826,3828,1,0,1
3829,3830,3831,1,1,1
3832,3831,3833,1,0,1
3834,3835,3836,1,1,1
3837,3836,3838,1,0,1
3839,3838,3840,1,0,1
3841,3840,3842,1,0,1
3843,3842,3844,1,0,1
3845,3844,3846,1,0,1
3847,3846,3848,1,0,1
3849,3850,3851,1,1,1
3852,3853,3854,1,1,1
3855,3854,3856,1,0,1
3857,3856,3858,1,0,1
3859,3858,3860,1,0,1
3861,3860,3862,1,0,1
3382,3862,3863,0,0,1
3419,3863,3864,0,0,1
3416,3864,3865,0,0,1
3414,3417,3866,0,0,1
3744,3412,3867,0,0,1
3747,2206,3868,0,0,1
3748,3868,3869,0,0,1
3749,3869,3870,0,0,1
3752,3870,3871,0,0,1
3754,3872,3873,0,1,1
3756,3873,3874,0,0,1
3758,3874,3875,0,0,1
3759,3875,3876,0,0,1
3760,3876,3877,0,0,1
3768,3877,3878,0,0,1
3879,3878,3880,1,0,1
3782,3773,3881,0,0,1
3882,3881,3883,1,0,1
3796,3883,3884,0,0,1
3797,3884,3885,0,0,1
3798,3885,3886,0,0,1
3803,3886,3887,0,0,1
3808,3887,3888,0,0,1
3811,3888,3889,0,0,1
3890,3889,3891,1,0,1
3820,3891,3892,0,0,1
3823,3892,3893,0,0,1
3828,3893,3894,0,0,1
3848,3833,3895,0,0,1
3865,3896,3897,0,1,1
3866,3897,3898,0,0,1
3867,3898,3899,0,0,1
3871,3899,3900,0,0,1
3894,3901,3902,0,1,1
3900,3903,3904,0,1,1
3902,3880,3905,0,0,1
3895,3905,3906,0,0,1
3851,3906,3904,0,0,0
3433,2767,3907,0,0,1,17657
3431,3907,3908,0,0,1
3909,3908,3910,1,0,1
3367,3910,3911,0,0,1
3365,3911,2752,0,0,0
3138,3315,3912,0,0,1,1268
3135,3912,3913,0,0,1
3133,3136,3914,0,0,1
3130,3914,3915,0,0,1
3127,3131,3916,0,0,1
3124,3128,3917,0,0,1
3122,3125,3918,0,0,1
3120,3918,3919,0,0,1
3118,3919,3920,0,0,1
3257,3116,3921,0,0,1
3113,3921,3922,0,0,1
3923,3922,3924,1,0,1
3925,3924,3926,1,0,1
3927,3926,3928,1,0,1
3929,3928,3930,1,0,1
3931,3930,3932,1,0,1
3933,3934,3935,1,1,1
3936,3937,3938,1,1,1
3939,3938,3940,1,0,1
3941,3940,3942,1,0,1
3943,3942,3944,1,0,1
3945,3944,3946,1,0,1
2725,3946,3947,0,0,1
2701,3947,3948,0,0,1
2698,2702,3949,0,0,1
3157,2699,3950,0,0,1
3154,3950,3951,0,0,1
3151,3155,3952,0,0,1
3152,3952,3953,0,0,1
3145,3149,3954,0,0,1
3143,3146,3955,0,0,1
3140,3955,3956,0,0,1
3913,3141,3957,0,0,1
3915,3957,3958,0,0,1
3916,3958,3959,0,0,1
3917,3959,3960,0,0,1
3920,3960,3961,0,0,1
3115,3961,3962,0,0,1
3932,3962,3963,0,0,1
3935,3963,3964,0,0,1
3951,3949,3965,0,0,1
3953,3965,3966,0,0,1
3956,3954,3967,0,0,1
3964,3967,3968,0,0,1
3966,3948,3969,0,0,1
3148,3969,3968,0,0,0
2637,2780,3970,0,0,1,9460
3971,3970,3972,1,0,1
3973,3974,3975,1,1,1
3976,3975,3977,1,0,1
3978,3977,3979,1,0,1
3980,3981,3982,1,1,1
3983,3984,3985,1,1,1
874,3985,3986,0,0,1
875,3986,3987,0,0,1
1082,1084,3988,0,0,1
1080,3988,3989,0,0,1
1157,3989,3990,0,0,1
1290,1158,3991,0,0,1
1288,3991,3992,0,0,1
3993,3992,3994,1,0,1
3995,3994,3996,1,0,1
1153,3997,3998,0,1,1
2782,3998,3999,0,0,1
3972,3999,4000,0,0,1
3979,4000,4001,0,0,1
4002,4001,4003,1,0,1
3987,3982,4004,0,0,1
3990,4004,4005,0,0,1
3996,4005,4003,0,0,0
3429,3909,4006,0,0,1,21754
3371,4007,4008,0,1,1
3369,4008,4006,0,0,0
3667,3670,4009,0,0,1,9461
4010,4009,4011,1,0,1
4012,4013,4014,1,1,1
3654,4014,4015,0,0,1
4016,4015,4017,1,0,1
4018,4019,4020,1,1,1
4021,4022,4023,1,1,1
4024,4023,4025,1,0,1
4026,4025,4027,1,0,1
4028,4027,4029,1,0,1
4030,4029,4031,1,0,1
880,4032,4033,0,1,1
877,4033,4034,0,0,1
3983,4034,4035,0,0,1
3980,3984,4036,0,0,1
4037,4036,4038,1,0,1
3973,4039,4040,0,1,1
3971,3974,4041,0,0,1
2634,4041,4042,0,0,1
4011,4042,4043,0,0,1
4020,4044,4045,0,1,1
4031,4045,4046,0,0,1
4035,4046,4047,0,0,1
4040,4038,4048,0,0,1
4043,4048,4049,0,0,1
4017,4049,4047,0,0,0
3398,3400,4050,0,0,1,9461
3396,4050,4051,0,0,1
3394,4051,4052,0,0,1
4053,3391,4054,1,0,1
4055,4056,4057,1,1,1
4058,4057,4059,1,0,1
4060,4059,4061,1,0,1
4062,4061,4063,1,0,1
2070,4063,4064,0,0,1
4052,2067,4065,0,0,1
4054,4065,4064,0,0,0
3995,3997,4066,0,0,1,1268
3993,4066,1155,0,0,0
3427,4007,4067,0,0,1,17656
3423,3425,4068,0,0,1
3380,4068,4069,0,0,1
3377,4069,4070,0,0,1
3375,4070,4071,0,0,1
3373,4071,4067,0,0,0
4039,3976,4072,0,0,1,1268
4037,4072,4073,0,0,1
3981,4073,4074,0,0,1
4002,4074,3978,0,0,0
2448,2518,4075,0,0,1,46320
3753,4075,4076,0,0,1
3872,4076,4077,0,0,1
3751,4077,4078,0,0,1
2453,4078,4079,0,0,1
2503,2454,4080,0,0,1
2450,4080,4081,0,0,1
2451,4081,4079,0,0,0
2731,2734,4082,0,0,1,9462
4083,4082,4084,1,0,1
3442,4085,4086,0,1,1
3677,4086,4087,0,0,1
3438,4087,4088,0,0,1
3439,4088,4084,0,0,0
3664,3668,4089,0,0,1,9462
3661,3665,4090,0,0,1
3659,3662,4091,0,0,1
3657,4091,4092,0,0,1
4012,4092,4093,0,0,1
4010,4013,4094,0,0,1
4089,4094,4095,0,0,1
4090,4095,4093,0,0,0
3389,3408,4096,0,0,1,1270
4097,3387,4098,1,0,1
4099,4100,4101,1,1,1
4102,4103,4104,1,1,1
4105,4104,4106,1,0,1
4107,4108,4109,1,1,1
4110,4109,4111,1,0,1
4112,4111,4113,1,0,1
4114,4113,4115,1,0,1
4116,4117,4118,1,1,1
4119,4120,4121,1,1,1
4122,4121,4123,1,0,1
4124,4123,4125,1,0,1
4126,4127,4128,1,1,1
4129,4130,4131,1,1,1
4132,4131,4133,1,0,1
4134,4133,4135,1,0,1
4136,4137,4138,1,1,1
4139,4138,4140,1,0,1
4141,4142,4143,1,1,1
4144,4143,4145,1,0,1
4146,4147,4148,1,1,1
4149,4150,4151,1,1,1
4152,4151,4153,1,0,1
4154,4153,4155,1,0,1
4156,4157,4158,1,1,1
4055,4159,4160,0,1,1
4053,4056,4161,0,0,1
3392,4161,4162,0,0,1
4096,4162,4163,0,0,1
4098,4163,4164,0,0,1
4101,4165,4166,0,1,1
4106,4166,4167,0,0,1
4115,4167,4168,0,0,1
4169,4168,4170,1,0,1
4171,4170,4172,1,0,1
4125,4118,4173,0,0,1
4128,4173,4174,0,0,1
4135,4174,4175,0,0,1
4140,4175,4176,0,0,1
4145,4176,4177,0,0,1
4148,4177,4178,0,0,1
4155,4178,4179,0,0,1
4164,4160,4180,0,0,1
4179,4172,4181,0,0,1
4182,4181,4183,1,0,1
4158,4183,4180,0,0,0
3861,3385,4184,0,0,1,9463
3857,3859,4185,0,0,1
3855,4185,4186,0,0,1
4187,3852,4188,1,0,1
4189,4188,4190,1,0,1
4191,4192,4193,1,1,1
4165,4193,4194,0,0,1
4097,4194,4195,0,0,1
4184,4195,4196,0,0,1
4190,4186,4197,0,0,1
4198,4197,4196,1,0,0
3903,3896,4199,0,0,1,1271
3849,4199,4200,0,0,1
3847,3850,4201,0,0,1
3845,4201,4202,0,0,1
3841,3843,4203,0,0,1
4204,3839,4205,1,0,1
4103,4206,4207,0,1,1
4099,4207,4208,0,0,1
4191,4100,4209,0,0,1
4198,4192,4210,0,0,1
4189,4210,4211,0,0,1
4187,4211,4212,0,0,1
4200,3853,4213,0,0,1
4202,4213,4214,0,0,1
4203,4214,4215,0,0,1
4208,4205,4216,0,0,1
4209,4216,4217,0,0,1
4212,4217,4215,0,0,0
3943,3945,4218,0,0,1,1269
3941,4218,4219,0,0,1
3936,3939,4220,0,0,1
3933,3937,4221,0,0,1
3931,3934,4222,0,0,1
3927,3929,4223,0,0,1
4224,4225,4226,1,1,1
4227,4228,4229,1,1,1
4230,4231,4232,1,1,1
4233,4234,4235,1,1,1
4236,4237,4238,1,1,1
4239,4238,4240,1,0,1
585,4241,4242,0,1,1
581,583,4243,0,0,1
573,577,4244,0,0,1
574,4244,4245,0,0,1
826,4245,4246,0,0,1
570,4246,4247,0,0,1
571,4247,4248,0,0,1
567,4248,4249,0,0,1
860,568,4250,0,0,1
565,4250,4251,0,0,1
784,563,4252,0,0,1
560,4252,4253,0,0,1
558,4253,4254,0,0,1
555,4254,4255,0,0,1
552,556,4256,0,0,1
549,553,4257,0,0,1
546,550,4258,0,0,1
544,547,4259,0,0,1
540,542,4260,0,0,1
535,538,4261,0,0,1
778,536,4262,0,0,1
532,4262,4263,0,0,1
533,4263,4264,0,0,1
530,4264,4265,0,0,1
528,4265,4266,0,0,1
525,4266,4267,0,0,1
523,526,4268,0,0,1
517,521,4269,0,0,1
514,518,4270,0,0,1
512,515,4271,0,0,1
508,510,4272,0,0,1
503,506,4273,0,0,1
501,4273,4274,0,0,1
496,499,4275,0,0,1
494,4275,4276,0,0,1
491,4276,4277,0,0,1
488,492,4278,0,0,1
485,489,4279,0,0,1
482,486,4280,0,0,1
479,483,4281,0,0,1
476,480,4282,0,0,1
477,4282,4283,0,0,1
473,4283,4284,0,0,1
474,4284,4285,0,0,1
470,4285,4286,0,0,1
471,4286,4287,0,0,1
468,4287,4288,0,0,1
466,4288,4289,0,0,1
462,464,4290,0,0,1
456,458,4291,0,0,1
765,452,4292,0,0,1
448,4292,4293,0,0,1
446,449,4294,0,0,1
444,4294,4295,0,0,1
438,442,4296,0,0,1
435,439,4297,0,0,1
433,436,4298,0,0,1
431,4298,4299,0,0,1
428,4299,4300,0,0,1
426,429,4301,0,0,1
424,4301,4302,0,0,1
421,4302,4303,0,0,1
418,422,4304,0,0,1
419,4304,4305,0,0,1
416,4305,4306,0,0,1
414,4306,4307,0,0,1
410,412,4308,0,0,1
3505,3509,4309,0,0,1
3688,3506,4310,0,0,1
3503,4310,4311,0,0,1
3500,4311,4312,0,0,1
3497,3501,4313,0,0,1
3494,3498,4314,0,0,1
3492,3495,4315,0,0,1
3489,4315,4316,0,0,1
3685,3490,4317,0,0,1
3486,4317,4318,0,0,1
3683,3487,4319,0,0,1
3483,4319,4320,0,0,1
3480,3484,4321,0,0,1
3478,3481,4322,0,0,1
3475,4322,4323,0,0,1
3472,3476,4324,0,0,1
3470,3473,4325,0,0,1
3468,4325,4326,0,0,1
3466,4326,4327,0,0,1
3464,4327,4328,0,0,1
3455,3458,4329,0,0,1
3453,4329,4330,0,0,1
3447,3451,4331,0,0,1
3444,3448,4332,0,0,1
3441,3445,4333,0,0,1
4085,4333,4334,0,0,1
2729,4083,4335,0,0,1
4219,2727,4336,0,0,1
4220,4336,4337,0,0,1
4222,4221,4338,0,0,1
4223,4338,4339,0,0,1
4226,4339,4340,0,0,1
4229,4340,4341,0,0,1
4240,4235,4342,0,0,1
4242,4342,4343,0,0,1
4249,576,4344,0,0,1
4251,4344,4345,0,0,1
562,4345,4346,0,0,1
4255,4346,4347,0,0,1
4256,4347,4348,0,0,1
4257,4348,4349,0,0,1
4258,4349,4350,0,0,1
4259,4350,4351,0,0,1
4260,4351,4352,0,0,1
4261,4352,4353,0,0,1
4267,4353,4354,0,0,1
4268,4354,4355,0,0,1
520,4355,4356,0,0,1
4269,4356,4357,0,0,1
4274,505,4358,0,0,1
4278,4277,4359,0,0,1
4279,4359,4360,0,0,1
4280,4360,4361,0,0,1
4281,4361,4362,0,0,1
4289,4362,4363,0,0,1
4290,4363,4364,0,0,1
460,4364,4365,0,0,1
4291,4365,4366,0,0,1
4293,451,4367,0,0,1
4295,4367,4368,0,0,1
4297,4296,4369,0,0,1
4300,4369,4370,0,0,1
4303,4370,4371,0,0,1
4307,4371,4372,0,0,1
4308,4372,4373,0,0,1
4309,3508,4374,0,0,1
4312,4374,4375,0,0,1
4314,4313,4376,0,0,1
4318,4316,4377,0,0,1
4320,4377,4378,0,0,1
4321,4378,4379,0,0,1
4323,4379,4380,0,0,1
4328,4324,4381,0,0,1
3462,4381,4382,0,0,1
4331,3450,4383,0,0,1
4332,4383,4384,0,0,1
4334,4384,4385,0,0,1
4335,4385,4386,0,0,1
4337,4386,4387,0,0,1
4357,579,4388,0,0,1
4366,498,4389,0,0,1
4368,454,4390,0,0,1
4373,441,4391,0,0,1
4392,4391,4393,1,0,1
4376,4375,4394,0,0,1
4380,4394,4395,0,0,1
4382,4395,4396,0,0,1
4387,4330,4397,0,0,1
4341,4397,4398,0,0,1
4232,4398,4399,0,0,1
4388,4243,4400,0,0,1
4389,4358,4401,0,0,1
4390,4401,4402,0,0,1
4393,4402,4403,0,0,1
4399,3457,4404,0,0,1
4343,4404,4405,0,0,1
4403,4272,4406,0,0,1
4405,3460,4407,0,0,1
4400,4407,4408,0,0,1
4406,4271,4409,0,0,1
4408,4396,4410,0,0,1
4270,4410,4409,0,0,0
2864,2867,4411,0,0,1,1266
2861,2865,4412,0,0,1
3345,2862,4413,0,0,1
3348,4413,4414,0,0,1
2858,4414,4415,0,0,1
2855,2859,4416,0,0,1
2856,4416,4417,0,0,1
3175,4417,4418,0,0,1
2852,4418,4419,0,0,1
2850,2853,4420,0,0,1
2847,4420,4421,0,0,1
2844,2848,4422,0,0,1
3363,2845,4423,0,0,1
3359,4423,4424,0,0,1
2842,4424,4425,0,0,1
2840,4425,4426,0,0,1
2837,4426,4427,0,0,1
2838,4427,4428,0,0,1
2835,4428,4429,0,0,1
2833,4429,4430,0,0,1
2831,4430,4431,0,0,1
2827,2829,4432,0,0,1
1550,2824,4433,0,0,1
1546,4433,4434,0,0,1
1544,1547,4435,0,0,1
1536,1540,4436,0,0,1
1675,1537,4437,0,0,1
1533,4437,4438,0,0,1
1651,1534,4439,0,0,1
1531,4439,4440,0,0,1
1528,4440,4441,0,0,1
1648,1529,4442,0,0,1
1646,4442,4443,0,0,1
1526,4443,4444,0,0,1
1524,4444,4445,0,0,1
1643,1522,4446,0,0,1
1518,4446,4447,0,0,1
1515,1519,4448,0,0,1
1512,1516,4449,0,0,1
1509,1513,4450,0,0,1
1506,1510,4451,0,0,1
1503,1507,4452,0,0,1
1501,1504,4453,0,0,1
4411,1498,4454,0,0,1
4412,4454,4455,0,0,1
4415,4455,4456,0,0,1
4419,4456,4457,0,0,1
4431,4422,4458,0,0,1
4432,4458,4459,0,0,1
4434,4459,4460,0,0,1
4435,4460,4461,0,0,1
1542,4461,4462,0,0,1
1539,4462,4463,0,0,1
4436,4463,4464,0,0,1
4438,4464,4465,0,0,1
4441,4465,4466,0,0,1
4445,4466,4467,0,0,1
1521,4467,4468,0,0,1
4447,4468,4469,0,0,1
4448,4469,4470,0,0,1
4452,4451,4471,0,0,1
4453,4471,4472,0,0,1
4457,4472,4473,0,0,1
4470,4421,4474,0,0,1
4449,4474,4475,0,0,1
4450,4475,4473,0,0,0
3651,3655,4476,0,0,1,1269
3648,3652,4477,0,0,1
4018,4022,4478,0,0,1
4044,4019,4479,0,0,1
4016,4479,4480,0,0,1
4476,4480,4481,0,0,1
4477,4481,4478,0,0,0
1584,1587,4482,0,0,1,1266
1580,1582,4483,0,0,1
1575,1578,4484,0,0,1
1665,1573,4485,0,0,1
1569,4485,4486,0,0,1
2811,4486,4487,0,0,1
2808,2812,4488,0,0,1
3333,2809,4489,0,0,1
2805,4489,4490,0,0,1
3166,2806,4491,0,0,1
2802,4491,4492,0,0,1
2803,4492,4493,0,0,1
2800,4493,4494,0,0,1
4482,2798,4495,0,0,1
4483,4495,4496,0,0,1
4484,1577,4497,0,0,1
4487,1572,4498,0,0,1
4488,4498,4499,0,0,1
4490,4499,4500,0,0,1
4496,4494,4501,0,0,1
4497,4501,4500,0,0,0
4156,4159,4502,0,0,1,1269
4182,4157,4503,0,0,1
4154,4503,4504,0,0,1
4505,4504,4506,1,0,1
2072,4506,4507,0,0,1
4060,4062,4508,0,0,1
4502,4058,4509,0,0,1
4507,4509,4508,0,0,0
4030,4032,4510,0,0,1,9460
4511,4028,4512,1,0,1
4513,4512,4514,1,0,1
4515,4514,4516,1,0,1
4517,4516,4518,1,0,1
879,4518,4510,0,0,0
4505,2074,4519,0,0,1,9461
4152,4519,4520,0,0,1
4149,4520,4521,0,0,1
4522,4523,4524,1,1,1
4525,4526,4527,1,1,1
4528,4529,4530,1,1,1
4531,4530,4532,1,0,1
4533,4532,4534,1,0,1
4535,4534,4536,1,0,1
4537,4538,4539,1,1,1
4540,4541,4542,1,1,1
4543,4542,4544,1,0,1
4545,4544,4546,1,0,1
4547,4548,4549,1,1,1
4550,4551,4552,1,1,1
4553,4552,4554,1,0,1
4555,4554,4556,1,0,1
4557,4556,4558,1,0,1
4559,4560,4561,1,1,1
4562,4563,4564,1,1,1
4565,4566,4567,1,1,1
4568,4567,4569,1,0,1
4570,4569,4571,1,0,1
4572,4573,4574,1,1,1
4575,4576,4577,1,1,1
4578,4577,4579,1,0,1
369,4579,4580,0,0,1
4581,4580,4582,1,0,1
4583,4582,4584,1,0,1
4585,4584,4586,1,0,1
4587,4588,4589,1,1,1
4590,4589,4591,1,0,1
4592,4591,4593,1,0,1
357,4593,4594,0,0,1
4595,4594,4596,1,0,1
4597,4598,4599,1,1,1
4600,4599,4601,1,0,1
4602,4601,4603,1,0,1
4604,4603,4605,1,0,1
4606,4605,4607,1,0,1
4608,4607,4609,1,0,1
4610,4611,4612,1,1,1
4613,4612,4614,1,0,1
4615,4616,4617,1,1,1
3199,4617,4618,0,0,1
2959,4618,4619,0,0,1
4620,4619,4621,1,0,1
4622,4621,4623,1,0,1
2957,4624,4625,0,1,1
2098,4625,4626,0,0,1
2096,4626,4627,0,0,1
2091,2094,4628,0,0,1
2089,4628,4629,0,0,1
2085,2087,4630,0,0,1
2079,2083,4631,0,0,1
2076,2080,4632,0,0,1
4521,2077,4633,0,0,1
4634,4633,4635,1,0,1
4536,4527,4636,0,0,1
4546,4539,4637,0,0,1
4549,4637,4638,0,0,1
4561,4558,4639,0,0,1
4564,4640,4641,0,1,1
4571,4641,4642,0,0,1
4574,4642,4643,0,0,1
4644,4643,4645,1,0,1
4586,4645,4646,0,0,1
4596,4646,4647,0,0,1
4614,4609,4648,0,0,1
4629,2093,4649,0,0,1
4630,4649,4650,0,0,1
4631,2082,4651,0,0,1
4632,4651,4652,0,0,1
4635,4652,4653,0,0,1
4524,4653,4654,0,0,1
4636,4654,4655,0,0,1
4656,4655,4657,1,0,1
4639,4638,4658,0,0,1
4647,4658,4659,0,0,1
4648,4659,4660,0,0,1
4623,4660,4661,0,0,1
4627,4661,4662,0,0,1
4650,4662,4657,0,0,0
4663,4517,4664,1,0,1,1267
4665,4664,4666,1,0,1
4667,4668,4669,1,1,1
884,4669,4670,0,0,1
882,4670,4666,0,0,0
3645,3649,4671,0,0,1,1269
3642,3646,4672,0,0,1
3640,3643,4673,0,0,1
4674,4673,4675,1,0,1
4676,4675,4677,1,0,1
4678,4677,4679,1,0,1
4680,4679,4681,1,0,1
4682,4681,4683,1,0,1
4684,4683,4685,1,0,1
4686,4687,4688,1,1,1
4026,4511,4689,0,0,1
4671,4021,4690,0,0,1
4685,4672,4691,0,0,1
4689,4688,4692,0,0,1
4024,4692,4693,0,0,1
4690,4693,4691,0,0,0
4515,4663,4694,0,0,1,1268
4686,4513,4695,0,0,1
4696,4695,4697,1,0,1
4698,4697,4699,1,0,1
4700,4701,4702,1,1,1
887,4702,4703,0,0,1
1087,4703,4704,0,0,1
4667,4704,4705,0,0,1
4668,4705,4706,0,0,1
4694,4665,4707,0,0,1
4699,4707,4708,0,0,1
4709,4708,4706,1,0,0
3837,4204,4710,0,0,1,9463
4711,4712,4713,1,1,1
4714,4713,4715,1,0,1
4105,4108,4716,0,0,1
4206,4102,4717,0,0,1
4710,4717,4718,0,0,1
4715,4718,4716,0,0,0
4684,4687,4719,0,0,1,9461
4682,4719,4720,0,0,1
4678,4680,4721,0,0,1
4674,4676,4722,0,0,1
3637,4722,4723,0,0,1
4724,4723,4725,1,0,1
4726,4725,4727,1,0,1
4728,4727,4729,1,0,1
3628,4729,4730,0,0,1
4731,4732,4733,1,1,1
4734,4733,4735,1,0,1
4736,4735,4737,1,0,1
4738,4737,4739,1,0,1
4740,4739,4741,1,0,1
4742,4741,4743,1,0,1
4744,4745,4746,1,1,1
4696,4746,4747,0,0,1
4720,4747,4748,0,0,1
4743,4749,4750,0,1,1
4748,4751,4752,0,1,1
4721,4752,4753,0,0,1
4750,4754,4755,0,1,1
4756,4755,4757,1,0,1
4758,4757,4759,1,0,1
4753,4760,4761,0,1,1
4730,4761,4759,0,0,0
4744,4698,4762,0,0,1,9460
4751,4745,4763,0,0,1
4758,4760,4764,0,0,1
4765,4766,4767,1,1,1
4768,4767,4769,1,0,1
4770,4771,4772,1,1,1
889,4772,4773,0,0,1
4700,886,4774,0,0,1
4701,4774,4775,0,0,1
4709,4775,4776,0,0,1
4762,4776,4777,0,0,1
4763,4777,4778,0,0,1
4769,4779,4780,0,1,1
4778,4773,4781,0,0,1
4764,4781,4780,0,0,0
4782,4783,4784,1,1,1,1269
4785,4784,4786,1,0,1
4787,4788,4789,1,1,1
4790,4791,4792,1,1,1
4793,4794,4795,1,1,1
4796,4797,4798,1,1,1
4799,4800,4801,1,1,1
4802,4801,4803,1,0,1
4804,4805,4806,1,1,1
4807,4806,4808,1,0,1
4809,4808,4810,1,0,1
4811,4810,4812,1,0,1
4813,4812,4814,1,0,1
4815,4814,4816,1,0,1
4817,4816,4818,1,0,1
4819,4818,4820,1,0,1
4821,4820,4822,1,0,1
4823,4824,4825,1,1,1
4826,4827,4828,1,1,1
4829,4830,4831,1,1,1
4832,4831,4833,1,0,1
4834,4833,4835,1,0,1
4786,4835,4836,0,0,1
4789,4836,4837,0,0,1
4792,4837,4838,0,0,1
4795,4838,4839,0,0,1
4798,4839,4840,0,0,1
4803,4840,4841,0,0,1
4822,4841,4842,0,0,1
4825,4842,4828,0,0,0
4146,4150,4843,0,0,1,9462
4144,4147,4844,0,0,1
4845,4141,4846,1,0,1
4847,4846,4848,1,0,1
4849,4850,4851,1,1,1
4852,4853,4854,1,1,1
4855,4856,4857,1,1,1
4858,4857,4859,1,0,1
4860,4859,4861,1,0,1
4862,4861,4863,1,0,1
4864,4865,4866,1,1,1
4867,4866,4868,1,0,1
4869,4870,4871,1,1,1
4872,4871,4873,1,0,1
4874,4875,4876,1,1,1
4877,4876,4878,1,0,1
4531,4878,4879,0,0,1
4528,4879,4880,0,0,1
4525,4529,4881,0,0,1
4522,4526,4882,0,0,1
4634,4523,4883,0,0,1
4843,4883,4884,0,0,1
4844,4884,4885,0,0,1
4848,4885,4886,0,0,1
4851,4886,4887,0,0,1
4854,4887,4888,0,0,1
4868,4863,4889,0,0,1
4873,4889,4890,0,0,1
4880,4890,4891,0,0,1
4881,4891,4892,0,0,1
4882,4892,4888,0,0,0
4114,4169,4893,0,0,1,9463
4894,4893,4895,1,0,1
4896,4895,4897,1,0,1
4898,4897,4899,1,0,1
4120,4899,4900,0,0,1
4116,4900,4901,0,0,1
4117,4901,4171,0,0,0
3832,3835,4902,0,0,1,1271
3829,4902,4903,0,0,1
3827,3830,4904,0,0,1
3824,4904,4905,0,0,1
3821,3825,4906,0,0,1
3819,3822,4907,0,0,1
3817,4907,4908,0,0,1
4909,3815,4910,1,0,1
4911,4910,4912,1,0,1
4913,4914,4915,1,1,1
4916,4917,4918,1,1,1
4919,4920,4921,1,1,1
4922,4921,4923,1,0,1
4924,4925,4926,1,1,1
4927,4926,4928,1,0,1
4929,4928,4930,1,0,1
4931,4930,4932,1,0,1
4933,4932,4934,1,0,1
4935,4934,4936,1,0,1
4937,4936,4938,1,0,1
4898,4939,4940,0,1,1
4896,4940,4941,0,0,1
4112,4894,4942,0,0,1
4714,4107,4943,0,0,1
4711,4943,4944,0,0,1
4712,4944,4945,0,0,1
3834,4945,4946,0,0,1
4903,4946,4947,0,0,1
4905,4947,4948,0,0,1
4906,4948,4949,0,0,1
4912,4908,4950,0,0,1
4915,4950,4951,0,0,1
4918,4951,4952,0,0,1
4923,4952,4953,0,0,1
4954,4953,4955,1,0,1
4941,4938,4956,0,0,1
4942,4956,4957,0,0,1
4110,4957,4958,0,0,1
4955,4949,4959,0,0,1
4960,4959,4958,1,0,0
3923,3925,4961,0,0,1,9460
3110,4961,4962,0,0,1
3108,3111,4963,0,0,1
3104,3106,4964,0,0,1
591,4964,4965,0,0,1
4966,4965,4967,1,0,1
4968,4967,4969,1,0,1
4970,4969,4971,1,0,1
4972,4971,4973,1,0,1
4974,4975,4976,1,1,1
4977,4978,4979,1,1,1
4225,4980,4981,0,1,1
4962,4981,4982,0,0,1
4963,4982,4983,0,0,1
4976,4973,4984,0,0,1
4979,4984,4983,0,0,0
4937,4939,4985,0,0,1,9463
4935,4985,4986,0,0,1
4931,4933,4987,0,0,1
4927,4929,4988,0,0,1
4989,4924,4990,1,0,1
4991,4990,4992,1,0,1
4993,4992,4994,1,0,1
4995,4994,4996,1,0,1
4997,4996,4998,1,0,1
4999,4998,5000,1,0,1
5001,5000,5002,1,0,1
4126,4130,5003,0,0,1
4124,4127,5004,0,0,1
4119,4122,5005,0,0,1
4986,5005,5006,0,0,1
4987,5006,5007,0,0,1
4988,5007,5008,0,0,1
5003,5002,5009,0,0,1
5004,5009,5008,0,0,0
5010,5011,5012,1,1,1,1267
5013,5012,5014,1,0,1
5015,5016,5017,1,1,1
5018,5017,5019,1,0,1
5020,5021,5022,1,1,1
5023,5024,5025,1,1,1
5014,5025,5026,0,0,1
5019,5026,5022,0,0,0
4977,4980,5027,0,0,1,9461
4974,4978,5028,0,0,1
4972,4975,5029,0,0,1
4968,4970,5030,0,0,1
589,4966,5031,0,0,1
587,5031,5032,0,0,1
4239,4241,5033,0,0,1
4236,5033,5034,0,0,1
4233,4237,5035,0,0,1
4230,4234,5036,0,0,1
4227,4231,5037,0,0,1
4224,4228,5038,0,0,1
5027,5038,5039,0,0,1
5028,5039,5040,0,0,1
5030,5029,5041,0,0,1
5034,5032,5042,0,0,1
5036,5035,5043,0,0,1
5037,5043,5044,0,0,1
5040,5044,5045,0,0,1
5041,5045,5042,0,0,0
4845,4847,5046,0,0,1,9463
4142,5046,5047,0,0,1
4139,5047,5048,0,0,1
4136,5048,5049,0,0,1
4134,4137,5050,0,0,1
5051,5050,5052,1,0,1
4852,4856,5053,0,0,1
4849,4853,5054,0,0,1
4850,5054,5055,0,0,1
5049,5055,5056,0,0,1
5052,5056,5057,0,0,1
5058,5057,5059,1,0,1
4855,5059,5053,0,0,0
4954,4960,5060,0,0,1,46320
4922,5060,5061,0,0,1
4919,5061,5062,0,0,1
5063,5062,5064,1,0,1
5065,5066,5067,1,1,1
4997,5067,5068,0,0,1
4995,5068,5069,0,0,1
4991,4993,5070,0,0,1
4925,4989,5071,0,0,1
5064,5071,5072,0,0,1
5073,5072,5074,1,0,1
5069,5075,5076,0,1,1
5070,5076,5074,0,0,0
4770,891,5077,0,0,1,1267
5078,5077,5079,1,0,1
5080,5079,5081,1,0,1
5082,5081,5083,1,0,1
5084,5085,5086,1,1,1
5087,5088,5089,1,1,1
5090,5091,5092,1,1,1
5093,5094,5095,1,1,1
931,5095,5096,0,0,1
929,1091,5097,0,0,1
5098,5099,5100,1,1,1
897,5100,5101,0,0,1
893,895,5102,0,0,1
5083,5102,5103,0,0,1
5086,5103,5104,0,0,1
5089,5104,5105,0,0,1
5096,5106,5107,0,1,1
932,5107,5108,0,0,1
5097,5108,5109,0,0,1
5110,5109,5111,1,0,1
5105,5101,5112,0,0,1
5092,5112,5113,0,0,1
5114,5113,5115,1,0,1
5116,5115,5111,1,0,0
4768,4771,5117,0,0,1,1268
4779,4766,5118,0,0,1
4756,5118,5119,0,0,1
5120,5119,5121,1,0,1
5122,5123,5124,1,1,1
4734,5125,5126,0,1,1
5127,5126,5128,1,0,1
5129,5128,5130,1,0,1
5131,5130,5132,1,0,1
5088,5132,5133,0,0,1
5084,5133,5134,0,0,1
5085,5134,5135,0,0,1
5080,5082,5136,0,0,1
5117,5078,5137,0,0,1
5121,4765,5138,0,0,1
5135,5139,5140,0,1,1
5136,5140,5141,0,0,1
5138,5137,5142,0,0,1
5124,5142,5141,0,0,0
3635,3638,5143,0,0,1,9462
3632,5143,5144,0,0,1
3710,3633,5145,0,0,1
3630,5145,5146,0,0,1
4728,3627,5147,0,0,1
4726,5147,5148,0,0,1
4724,5148,5149,0,0,1
5144,5149,5146,0,0,0
1121,1131,5150,0,0,1,1267
985,5150,5151,0,0,1
982,986,5152,0,0,1
980,983,5153,0,0,1
5154,5155,5156,1,1,1
5157,5156,5158,1,0,1
5159,5160,5161,1,1,1
5162,5163,5164,1,1,1
988,5164,5165,0,0,1
1101,989,5166,0,0,1
5151,5166,5167,0,0,1
5153,5152,5168,0,0,1
5158,5168,5169,0,0,1
5170,5169,5171,1,0,1
5161,5171,5172,0,0,1
5173,5172,5174,1,0,1
5165,5174,5167,0,0,0
5001,4129,5175,0,0,1,1271
5176,5175,5177,1,0,1
5178,5177,5179,1,0,1
4860,5180,5181,0,1,1
4858,5181,5182,0,0,1
5058,5182,5183,0,0,1
5051,5183,5184,0,0,1
4132,5184,5179,0,0,0
5185,3879,5186,1,0,1,9464
5187,5186,5188,1,0,1
5189,5190,5191,1,1,1
3775,5191,5192,0,0,1
3769,3772,5193,0,0,1
3901,3770,5194,0,0,1
5188,5194,5195,0,0,1
5192,5195,5193,0,0,0
3767,5185,5196,0,0,1,46320
3763,3765,5197,0,0,1
2424,5197,5198,0,0,1
5199,5198,5200,1,0,1
5201,5200,5202,1,0,1
5203,5202,5204,1,0,1
5190,5204,5205,0,0,1
5187,5205,5196,0,0,0
5159,5173,5206,0,0,1,1268
5170,5160,5207,0,0,1
5157,5207,5208,0,0,1
5154,5208,5209,0,0,1
5210,5209,5211,1,0,1
5212,5213,5214,1,1,1
996,5215,5216,0,1,1
993,5216,5217,0,0,1
991,5217,5218,0,0,1
5162,5218,5219,0,0,1
5206,5163,5220,0,0,1
5211,5220,5221,0,0,1
5214,5221,5219,0,0,0
909,911,5222,0,0,1,1268
905,907,5223,0,0,1
901,903,5224,0,0,1
924,5224,5225,0,0,1
920,5225,5226,0,0,1
921,5226,5227,0,0,1
918,5227,5228,0,0,1
915,5228,5229,0,0,1
1128,916,5230,0,0,1
913,5230,5231,0,0,1
5222,5231,5232,0,0,1
5223,5232,5229,0,0,0
4916,4920,5233,0,0,1,1272
4913,4917,5234,0,0,1
4911,4914,5235,0,0,1
5236,5235,5237,1,0,1
5238,5237,5239,1,0,1
5240,5239,5241,1,0,1
5242,5241,5243,1,0,1
5075,5243,5244,0,0,1
5073,5244,5245,0,0,1
5063,5245,5246,0,0,1
5233,5246,5234,0,0,0
4742,5120,5247,0,0,1,9460
4740,5247,5248,0,0,1
4738,5248,5249,0,0,1
5125,4736,5250,0,0,1
5139,5250,5251,0,0,1
5122,5251,5252,0,0,1
5123,5252,5249,0,0,0
3708,4754,5253,0,0,1,1269
3625,5253,5254,0,0,1
3623,5254,5255,0,0,1
3618,3621,5256,0,0,1
5257,3615,5258,1,0,1
5259,5258,5260,1,0,1
5261,5260,5262,1,0,1
5263,5262,5264,1,0,1
5265,5264,5266,1,0,1
5129,5266,5267,0,0,1
4731,5127,5268,0,0,1
4749,4732,5269,0,0,1
5255,5269,5270,0,0,1
3620,5270,5271,0,0,1
5256,5271,5272,0,0,1
5267,5272,5268,0,0,0
5273,5212,5274,1,0,1,9460
5275,5276,5277,1,1,1
976,5278,5279,0,1,1
974,5279,5280,0,0,1
5281,5280,5282,1,0,1
1002,5282,5283,0,0,1
998,5283,5284,0,0,1
995,999,5285,0,0,1
5215,5285,5286,0,0,1
5274,5286,5287,0,0,1
5277,5287,5284,0,0,0
5155,5210,5288,0,0,1,9461
978,5288,5289,0,0,1
5275,5278,5290,0,0,1
5273,5276,5291,0,0,1
5289,5213,5292,0,0,1
5290,5292,5291,0,0,0
5240,5242,5293,0,0,1,9464
5294,5238,5295,1,0,1
5296,5295,5297,1,0,1
5298,5297,5299,1,0,1
5066,5299,5293,0,0,0
5265,5131,5300,0,0,1,9460
5301,5300,5302,1,0,1
5091,5302,5087,0,0,0
5303,4535,5304,1,0,1,1269
5305,5304,5306,1,0,1
5307,5306,5308,1,0,1
4538,5308,4656,0,0,0
1549,1553,5309,0,0,1,1266
2825,5309,5310,0,0,1
3170,5310,5311,0,0,1
3356,5311,2822,0,0,0
4909,5236,5312,0,0,1,46320
3812,5312,5313,0,0,1
3890,3813,5314,0,0,1
3809,5314,5315,0,0,1
3810,5315,5316,0,0,1
3807,5316,5317,0,0,1
2385,5317,5318,0,0,1
2383,5318,5319,0,0,1
2381,5319,5320,0,0,1
5321,5320,5322,1,0,1
5323,5322,5324,1,0,1
5294,5324,5313,0,0,0
5098,899,5325,0,0,1,1266
5099,5325,5326,0,0,1
926,5110,5327,0,0,1
923,927,5328,0,0,1
5326,5328,5327,0,0,0
5065,4999,5329,0,0,1,1272
5296,5298,5330,0,0,1
5323,5330,5331,0,0,1
5332,5331,5333,1,0,1
5334,5333,5335,1,0,1
5336,5335,5337,1,0,1
5338,5337,5339,1,0,1
5178,5339,5340,0,0,1
5176,5340,5329,0,0,0
4622,4624,5341,0,0,1,9460
4620,5341,2960,0,0,0
5203,5189,5342,0,0,1,21752
3777,5343,5344,0,1,1
3774,5344,5342,0,0,0
5338,5180,5345,0,0,1,9463
5336,5345,5346,0,0,1
5347,5346,5348,1,0,1
5349,5348,5350,1,0,1
5351,5352,5353,1,1,1
4865,5353,5354,0,0,1
4862,5354,5350,0,0,0
5301,5090,5355,0,0,1,1268
5263,5355,5356,0,0,1
5357,5356,5358,1,0,1
5106,5094,5359,0,0,1
5116,5359,5360,0,0,1
5114,5360,5358,0,0,0
972,5281,5361,0,0,1,1267
970,5361,5362,0,0,1
968,5362,5363,0,0,1
1007,5364,5365,0,1,1
1004,5365,5366,0,0,1
1001,5366,5363,0,0,0
5367,5368,5369,1,1,1,9460
5370,5371,5372,1,1,1
5373,5374,5375,1,1,1
5376,5375,5377,1,0,1
5378,5377,5379,1,0,1
5380,5381,5382,1,1,1
5383,5384,5385,1,1,1
5386,5387,5388,1,1,1
5369,5388,5389,0,0,1
5372,5389,5390,0,0,1
5382,5379,5391,0,0,1
5385,5391,5392,0,0,1
5390,5393,5394,0,1,1
5395,5394,5392,1,0,0
4533,5303,5396,0,0,1,1270
4877,5396,5397,0,0,1
4874,5397,5398,0,0,1
4872,4875,5399,0,0,1
5400,4869,5401,1,0,1
5402,5401,5403,1,0,1
5404,5403,5405,1,0,1
5406,5405,5407,1,0,1
4540,5407,5408,0,0,1
4537,4541,5409,0,0,1
5307,5409,5410,0,0,1
5398,5305,5411,0,0,1
5399,5411,5412,0,0,1
5408,5412,5410,0,0,0
5332,5334,5413,0,0,1,13561
5321,5413,5414,0,0,1
2379,5414,5415,0,0,1
5416,2377,5417,1,0,1
5418,5417,5419,1,0,1
5347,5419,5415,0,0,0
5261,5357,5420,0,0,1,9461
5257,5259,5421,0,0,1
3616,5421,5422,0,0,1
3721,5422,5423,0,0,1
3612,5423,5424,0,0,1
5425,5426,5427,1,1,1
5428,5427,5429,1,0,1
5430,5431,5432,1,1,1
5433,5432,5434,1,0,1
934,5435,5436,0,1,1
5093,5436,5437,0,0,1
5420,5437,5438,0,0,1
5429,5424,5439,0,0,1
5434,5439,5438,0,0,0
5418,5349,5440,0,0,1,21752
5416,5440,5441,0,0,1
2375,5441,5442,0,0,1
5443,5442,5352,1,0,0
5201,5343,5444,0,0,1,9466
5445,5446,5447,1,1,1
3779,5448,5449,0,1,1
5444,5449,5447,0,0,0
5450,1105,5451,1,0,1,1267
5452,5451,5453,1,0,1
5454,5453,5455,1,0,1
5456,5455,5457,1,0,1
5458,5457,5459,1,0,1
5460,5459,1107,1,0,0
2372,5443,5461,0,0,1,13560
5462,5461,5463,1,0,1
5464,5463,5465,1,0,1
4864,5465,5351,0,0,0
966,5364,5466,0,0,1,9460
5467,5466,5468,1,0,1
5469,5468,5470,1,0,1
5471,5472,5473,1,1,1
5474,5473,5475,1,0,1
5476,5475,5477,1,0,1
5478,5477,5479,1,0,1
5480,5479,5481,1,0,1
5482,5481,5483,1,0,1
5484,5485,5486,1,1,1
5487,5486,5488,1,0,1
5489,5488,5490,1,0,1
5491,5490,5492,1,0,1
5493,5492,5494,1,0,1
5495,5494,5496,1,0,1
1016,5496,5497,0,0,1
1014,5497,5498,0,0,1
1009,1012,5499,0,0,1
1006,1010,5500,0,0,1
5470,5500,5501,0,0,1
5483,5501,5502,0,0,1
5503,5502,5504,1,0,1
5505,5504,5506,1,0,1
5498,5506,5499,0,0,0
4613,4616,5507,0,0,1,9460
4610,5507,5508,0,0,1
4608,4611,5509,0,0,1
4604,4606,5510,0,0,1
4600,4602,5511,0,0,1
4595,4598,5512,0,0,1
354,5512,5513,0,0,1
750,355,5514,0,0,1
350,352,5515,0,0,1
819,348,5516,0,0,1
344,5516,5517,0,0,1
345,5517,5518,0,0,1
341,5518,5519,0,0,1
338,342,5520,0,0,1
2968,336,5521,0,0,1
3202,2969,5522,0,0,1
2965,5522,5523,0,0,1
2962,2966,5524,0,0,1
4615,2963,5525,0,0,1
5508,5525,5526,0,0,1
5509,5526,5527,0,0,1
5510,5527,5528,0,0,1
5511,5528,5529,0,0,1
5513,4597,5530,0,0,1
5515,5514,5531,0,0,1
347,5531,5532,0,0,1
5519,5532,5533,0,0,1
5520,5533,5534,0,0,1
5521,339,5535,0,0,1
5523,5535,5536,0,0,1
5524,5536,5537,0,0,1
5529,5537,5538,0,0,1
5530,5538,5534,0,0,0
1022,5450,5539,0,0,1,1268
5540,5539,5541,1,0,1
5542,5541,5543,1,0,1
5544,5543,5545,1,0,1
5546,5545,5547,1,0,1
5454,5456,5548,0,0,1
5452,5548,5547,0,0,0
5462,5464,5549,0,0,1,9463
2369,2373,5550,0,0,1
5551,5552,5553,1,1,1
5554,5553,5555,1,0,1
5556,5557,5558,1,1,1
5559,5560,5561,1,1,1
5562,5563,5564,1,1,1
5565,5564,5566,1,0,1
5567,5566,5568,1,0,1
2351,5569,5570,0,1,1
2348,5570,5571,0,0,1
5572,5571,5573,1,0,1
5574,5573,5575,1,0,1
5576,5575,5577,1,0,1
5578,5577,5579,1,0,1
5580,5579,5581,1,0,1
5582,5581,5583,1,0,1
5584,5583,5585,1,0,1
5586,5585,5587,1,0,1
5400,5588,5589,0,1,1
4870,5589,5590,0,0,1
4867,5590,5591,0,0,1
5549,5591,5592,0,0,1
5550,5592,5593,0,0,1
5555,5593,5594,0,0,1
5558,5594,5595,0,0,1
5561,5595,5596,0,0,1
5597,5596,5598,1,0,1
5587,5568,5599,0,0,1
5600,5599,5598,1,0,0
1035,1109,5601,0,0,1,1267
1033,5601,5602,0,0,1
1029,1031,5603,0,0,1
1178,5603,5604,0,0,1
1176,5604,5605,0,0,1
1038,5605,5602,0,0,0
5433,5435,5606,0,0,1,9460
5428,5431,5607,0,0,1
5608,5607,5609,1,0,1
5610,5609,5611,1,0,1
5612,5611,5613,1,0,1
936,5614,5615,0,1,1
5606,5615,5616,0,0,1
5430,5616,5613,0,0,0
1020,5540,5617,0,0,1,9461
1018,5617,5618,0,0,1
5495,5618,5619,0,0,1
5493,5619,5620,0,0,1
5621,5620,5622,1,0,1
5623,3580,5624,1,0,1
5625,5626,5627,1,1,1
5628,5627,5629,1,0,1
5630,5629,5631,1,0,1
5632,5631,5633,1,0,1
5634,5633,5635,1,0,1
5636,5637,5638,1,1,1
5542,5638,5639,0,0,1
5622,5639,5640,0,0,1
5641,5640,5642,1,0,1
5624,5642,5635,0,0,0
5636,5544,5643,0,0,1,9460
5634,5637,5644,0,0,1
5630,5632,5645,0,0,1
5646,5628,5647,1,0,1
5648,5647,5649,1,0,1
5650,5649,5651,1,0,1
5652,5653,5654,1,1,1
5655,5656,5657,1,1,1
5658,5659,5660,1,1,1
5661,5662,5663,1,1,1
5664,5665,5666,1,1,1
5667,5666,5668,1,0,1
5669,5668,5670,1,0,1
1199,5670,5671,0,0,1
1196,5671,5672,0,0,1
1194,1197,5673,0,0,1
1189,1192,5674,0,0,1
5675,5674,5676,1,0,1
5677,5678,5679,1,1,1
5680,5679,5681,1,0,1
1024,1181,5682,0,0,1
5460,1025,5683,0,0,1
5546,5458,5684,0,0,1
5643,5684,5685,0,0,1
5644,5685,5686,0,0,1
5645,5686,5687,0,0,1
5663,5660,5688,0,0,1
5672,5688,5689,0,0,1
5673,5689,5690,0,0,1
1191,5690,5691,0,0,1
5681,5676,5692,0,0,1
5682,5693,5694,0,1,1
5687,5683,5695,0,0,1
5691,5696,5697,0,1,1
5694,5698,5699,0,1,1
5695,5699,5700,0,0,1
5697,5701,5702,0,1,1
5700,5703,5704,0,1,1
5651,5704,5705,0,0,1
5702,5657,5706,0,0,1
5705,5692,5707,0,0,1
5654,5707,5706,0,0,0
959,1096,5708,0,0,1,1266
955,957,5709,0,0,1
5710,952,5711,1,0,1
962,5712,5713,0,1,1
5708,5713,5714,0,0,1
5711,5709,5715,0,0,1
5716,5715,5714,1,0,0
5614,938,5717,0,0,1,1267
5612,5717,5718,0,0,1
5610,5718,5719,0,0,1
5720,5721,5722,1,1,1
943,5722,5723,0,0,1
940,5723,5719,0,0,0
5448,3781,5724,0,0,1,9465
5445,5724,5725,0,0,1
2425,5199,5726,0,0,1
2498,5726,5727,0,0,1
2422,5727,5728,0,0,1
2419,5728,5729,0,0,1
3786,5729,5730,0,0,1
3783,5730,5731,0,0,1
3784,5731,5732,0,0,1
5725,3882,5733,0,0,1
5446,5733,5732,0,0,0
942,945,5734,0,0,1,1267
5735,5734,5736,1,0,1
5737,5736,5738,1,0,1
5739,5740,5741,1,1,1
5742,5741,5743,1,0,1
5744,5743,5745,1,0,1
5471,5746,5747,0,1,1
5469,5472,5748,0,0,1
5467,5748,5749,0,0,1
964,5749,5750,0,0,1
961,5750,5751,0,0,1
5712,5751,5752,0,0,1
5716,5752,5753,0,0,1
5710,5753,5754,0,0,1
950,953,5755,0,0,1
947,5755,5756,0,0,1
5738,948,5757,0,0,1
5745,5757,5758,0,0,1
5747,5758,5759,0,0,1
5754,5759,5756,0,0,0
5482,5503,5760,0,0,1,9461
5480,5760,5761,0,0,1
5762,5761,5763,1,0,1
5764,5763,5765,1,0,1
3600,5765,5766,0,0,1
3596,5766,5767,0,0,1
3589,5768,5769,0,1,1
5770,5769,5771,1,0,1
5772,5773,5774,1,1,1
5487,5774,5775,0,0,1
5484,5775,5776,0,0,1
5505,5485,5777,0,0,1
5767,5777,5778,0,0,1
5771,5778,5776,0,0,0
5720,5735,5779,0,0,1,1268
5608,5721,5780,0,0,1
5425,5780,5781,0,0,1
5782,5781,5783,1,0,1
5784,5783,5785,1,0,1
5786,5785,5787,1,0,1
5788,5787,5789,1,0,1
5790,5791,5792,1,1,1
5793,5792,5794,1,0,1
5795,5796,5797,1,1,1
5476,5797,5798,0,0,1
5474,5798,5799,0,0,1
5744,5746,5800,0,0,1
5739,5742,5801,0,0,1
5779,5737,5802,0,0,1
5789,5802,5803,0,0,1
5794,5803,5804,0,0,1
5800,5799,5805,0,0,1
5801,5805,5806,0,0,1
5740,5806,5804,0,0,0
5491,5621,5807,0,0,1,9462
5489,5807,5808,0,0,1
5770,5773,5809,0,0,1
3587,5809,5810,0,0,1
3585,5810,5811,0,0,1
5641,3583,5812,0,0,1
5808,5812,5813,0,0,1
5772,5813,5811,0,0,0
3613,5426,5814,0,0,1,1269
3609,5814,5815,0,0,1
3610,5815,5816,0,0,1
3728,5816,5817,0,0,1
3607,3705,5818,0,0,1
3605,5818,5819,0,0,1
3602,5819,5820,0,0,1
3599,3603,5821,0,0,1
5764,5821,5822,0,0,1
5762,5822,5823,0,0,1
5478,5823,5824,0,0,1
5795,5824,5825,0,0,1
5826,5825,5827,1,0,1
5828,5827,5829,1,0,1
5830,5829,5831,1,0,1
5791,5832,5833,0,1,1
5788,5833,5834,0,0,1
5784,5786,5835,0,0,1
5817,5782,5836,0,0,1
5831,5820,5837,0,0,1
5834,5837,5838,0,0,1
5835,5838,5836,0,0,0
5839,5406,5840,1,0,1,9462
5841,5840,5842,1,0,1
5843,5844,5845,1,1,1
4548,5845,5846,0,0,1
4545,5846,5847,0,0,1
5842,4543,5848,0,0,1
5849,5848,5847,1,0,0
3577,3581,5850,0,0,1,1269
3578,5850,5851,0,0,1
3575,5851,5852,0,0,1
3573,5852,5853,0,0,1
5854,3571,5855,1,0,1
5856,5855,5857,1,0,1
5648,5857,5858,0,0,1
5646,5858,5859,0,0,1
5625,5859,5860,0,0,1
5626,5860,5861,0,0,1
5623,5861,5853,0,0,0
5693,1183,5862,0,0,1,46320
5698,5862,5863,0,0,1
5864,5863,5865,1,0,1
5866,5865,1185,1,0,0
5793,5796,5867,0,0,1,9461
5790,5867,5868,0,0,1
5832,5868,5869,0,0,1
5830,5869,5870,0,0,1
5828,5870,5826,0,0,0
5588,5402,5871,0,0,1,1271
5600,5871,5872,0,0,1
5586,5872,5873,0,0,1
5874,5875,5876,1,1,1
5877,5878,5879,1,1,1
5839,5879,5880,0,0,1
5404,5880,5881,0,0,1
5873,5881,5876,0,0,0
3597,5768,5882,0,0,1,1269
3593,5882,5883,0,0,1
3594,5883,3591,0,0,0
2367,2370,5884,0,0,1,9465
2365,5884,5885,0,0,1
2363,5885,5886,0,0,1
2361,5886,5887,0,0,1
5888,5889,5890,1,1,1
5557,5890,5891,0,0,1
5554,5891,5892,0,0,1
5551,5892,5893,0,0,1
5552,5893,5887,0,0,0
5703,5864,5894,0,0,1,1267
5680,5894,5895,0,0,1
5677,5895,5896,0,0,1
5675,5678,5897,0,0,1
1187,5897,5898,0,0,1
5866,5898,5896,0,0,0
5877,5841,5899,0,0,1,1270
5874,5878,5900,0,0,1
5584,5875,5901,0,0,1
5902,5901,5903,1,0,1
5904,5903,5905,1,0,1
5906,5907,5908,1,1,1
5909,5910,5911,1,1,1
5912,5911,5913,1,0,1
5914,5913,5915,1,0,1
5916,5915,5917,1,0,1
5918,5919,5920,1,1,1
5921,5922,5923,1,1,1
5924,5925,5926,1,1,1
5927,5926,5928,1,0,1
5929,5930,5931,1,1,1
5932,5931,5933,1,0,1
5934,5935,5936,1,1,1
5937,5936,5938,1,0,1
5939,5938,5940,1,0,1
5941,5942,5943,1,1,1
5944,5943,5945,1,0,1
4547,4551,5946,0,0,1
5843,5946,5947,0,0,1
5849,5844,5948,0,0,1
5899,5948,5949,0,0,1
5900,5949,5950,0,0,1
5905,5950,5951,0,0,1
5908,5951,5952,0,0,1
5917,5952,5953,0,0,1
5920,5953,5954,0,0,1
5928,5923,5955,0,0,1
5933,5955,5956,0,0,1
5940,5956,5957,0,0,1
5945,5957,5958,0,0,1
5947,5959,5960,0,1,1
5954,5960,5958,0,0,0
5856,5650,5961,0,0,1,9461
5854,5961,5962,0,0,1
3568,5962,5963,0,0,1
5964,5963,5965,1,0,1
5966,5965,5967,1,0,1
5701,5968,5969,0,1,1
5655,5969,5970,0,0,1
5656,5970,5971,0,0,1
5652,5971,5972,0,0,1
5653,5972,5967,0,0,0
3550,3554,5973,0,0,1,1271
3551,5973,5974,0,0,1
3547,5974,5975,0,0,1
3545,3548,5976,0,0,1
3543,5976,5977,0,0,1
3540,5977,5978,0,0,1
3694,3541,5979,0,0,1
3537,5979,5980,0,0,1
3538,5980,5981,0,0,1
3534,5981,5982,0,0,1
3531,3535,5983,0,0,1
3529,3532,5984,0,0,1
3527,5984,5985,0,0,1
3523,3525,5986,0,0,1
3521,5986,5987,0,0,1
3517,3519,5988,0,0,1
3513,3515,5989,0,0,1
5990,5989,5991,1,0,1
5992,5991,5993,1,0,1
5994,5993,5995,1,0,1
5996,5995,5997,1,0,1
5998,5999,6000,1,1,1
6001,6002,6003,1,1,1
6004,6005,6006,1,1,1
6007,6008,6009,1,1,1
6010,6011,6012,1,1,1
6013,6014,6015,1,1,1
6016,6015,6017,1,0,1
6018,6019,6020,1,1,1
6021,6022,6023,1,1,1
6024,6025,6026,1,1,1
6027,6028,6029,1,1,1
6030,6029,6031,1,0,1
6032,6033,6034,1,1,1
6035,6034,6036,1,0,1
6037,6036,6038,1,0,1
6039,6040,6041,1,1,1
6042,6043,6044,1,1,1
6045,6046,6047,1,1,1
6048,6047,6049,1,0,1
6050,6049,6051,1,0,1
6052,6051,6053,1,0,1
6054,6053,6055,1,0,1
6056,6057,6058,1,1,1
6059,6060,6061,1,1,1
6062,6061,6063,1,0,1
6064,6063,6065,1,0,1
6066,6065,6067,1,0,1
6068,6069,6070,1,1,1
6071,6070,6072,1,0,1
6073,6072,6074,1,0,1
6075,6074,6076,1,0,1
6077,6076,6078,1,0,1
6079,6078,6080,1,0,1
6081,6080,6082,1,0,1
6083,6082,6084,1,0,1
6085,6084,6086,1,0,1
6087,6088,6089,1,1,1
3558,6090,6091,0,1,1
3559,6091,6092,0,0,1
3556,6092,6093,0,0,1
3553,6093,6094,0,0,1
5975,6094,6095,0,0,1
5978,6095,6096,0,0,1
5983,5982,6097,0,0,1
5985,6097,6098,0,0,1
5987,6098,6099,0,0,1
5988,6099,6100,0,0,1
5997,6100,6101,0,0,1
6000,6101,6102,0,0,1
6103,6102,6104,1,0,1
6003,6104,6105,0,0,1
6006,6105,6106,0,0,1
6009,6106,6107,0,0,1
6012,6107,6108,0,0,1
6017,6108,6109,0,0,1
6020,6109,6110,0,0,1
6023,6110,6111,0,0,1
6026,6111,6112,0,0,1
6031,6113,6114,0,1,1
6038,6114,6115,0,0,1
6041,6115,6116,0,0,1
6055,6044,6117,0,0,1
6067,6058,6118,0,0,1
6086,6118,6119,0,0,1
6112,6096,6120,0,0,1
6121,6120,6122,1,0,1
6117,6123,6124,0,1,1
6119,6124,6125,0,0,1
6122,6089,6126,0,0,1
6125,6116,6127,0,0,1
6128,6127,6126,1,0,0
5888,5556,6129,0,0,1,9464
2358,5889,6130,0,0,1
2515,2359,6131,0,0,1
2355,6131,6132,0,0,1
2353,2356,6133,0,0,1
5569,6133,6134,0,0,1
5567,6134,6135,0,0,1
5565,6135,6136,0,0,1
5597,5563,6137,0,0,1
5559,6137,6138,0,0,1
6129,5560,6139,0,0,1
6132,6130,6140,0,0,1
6136,6140,6141,0,0,1
5562,6141,6142,0,0,1
6138,6142,6139,0,0,0
5582,5902,6143,0,0,1,9462
5580,6143,6144,0,0,1
5578,6144,6145,0,0,1
6146,5576,6147,1,0,1
2488,2344,6148,0,0,1
6149,6148,6150,1,0,1
6151,6150,6152,1,0,1
5922,6152,6153,0,0,1
5918,6153,6154,0,0,1
5919,6154,6155,0,0,1
5912,5914,6156,0,0,1
5906,5910,6157,0,0,1
5904,5907,6158,0,0,1
6145,6158,6159,0,0,1
6155,6147,6160,0,0,1
5916,6160,6161,0,0,1
6156,6161,6162,0,0,1
6157,5909,6163,0,0,1
6159,6163,6162,0,0,0
3569,5964,6164,0,0,1,1269
3566,6164,6165,0,0,1
6166,6165,6167,1,0,1
5696,5659,6168,0,0,1
5968,6168,6169,0,0,1
6167,5966,6170,0,0,1
6171,6170,6169,1,0,0
6090,3561,6172,0,0,1,9462
6087,6172,6173,0,0,1
6174,6173,6175,1,0,1
6176,6177,6178,1,1,1
6179,6178,6180,1,0,1
6181,6182,6183,1,1,1
3564,6183,6184,0,0,1
6175,6184,6180,0,0,0
6185,6186,6187,1,1,1,1269
6188,6189,6190,1,1,1
6191,6192,6193,1,1,1
6194,6195,6196,1,1,1
6197,6196,6198,1,0,1
6199,6198,6200,1,0,1
6201,6202,6203,1,1,1
6204,6203,6205,1,0,1
6206,6207,6208,1,1,1
6209,6210,6211,1,1,1
6212,6213,6214,1,1,1
6215,6214,6216,1,0,1
6217,6216,6218,1,0,1
6219,6220,6221,1,1,1
6222,6223,6224,1,1,1
6225,6226,6227,1,1,1
6228,6227,6229,1,0,1
6230,6231,6232,1,1,1
6233,6232,6234,1,0,1
6235,6236,6237,1,1,1
6238,6239,6240,1,1,1
6241,6240,6242,1,0,1
6187,6242,6243,0,0,1
6190,6243,6244,0,0,1
6193,6244,6245,0,0,1
6246,6245,6247,1,0,1
6200,6247,6248,0,0,1
6205,6248,6249,0,0,1
6208,6249,6250,0,0,1
6211,6250,6251,0,0,1
6218,6251,6252,0,0,1
6221,6252,6253,0,0,1
6224,6253,6254,0,0,1
6229,6254,6255,0,0,1
6234,6255,6237,0,0,0
3563,6166,6256,0,0,1,9461
6181,6256,6257,0,0,1
6179,6182,6258,0,0,1
6259,6258,6260,1,0,1
6261,6260,6262,1,0,1
6263,6264,6265,1,1,1
6266,6265,6267,1,0,1
6268,6269,6270,1,1,1
6271,6270,6272,1,0,1
6273,6272,6274,1,0,1
6275,6274,6276,1,0,1
6277,6278,6279,1,1,1
6280,6279,6281,1,0,1
5667,6281,6282,0,0,1
5661,5665,6283,0,0,1
5658,5662,6284,0,0,1
6171,6284,6285,0,0,1
6257,6285,6286,0,0,1
6262,6286,6287,0,0,1
6276,6267,6288,0,0,1
6289,6288,6290,1,0,1
6282,6290,6291,0,0,1
5664,6291,6292,0,0,1
6287,6283,6293,0,0,1
6294,6293,6292,1,0,0
6280,5669,6295,0,0,1,46320
6277,6295,6296,0,0,1
6297,6278,6298,1,0,1
6299,6298,6300,1,0,1
6301,6300,6302,1,0,1
6303,6304,6305,1,1,1
1201,6305,6306,0,0,1
6296,6306,6302,0,0,0
2349,5572,6307,0,0,1,21753
2346,6307,6308,0,0,1
2343,6308,6309,0,0,1
6146,6309,5574,0,0,0
1203,1304,6310,0,0,1,1267
6303,1204,6311,0,0,1
6301,6304,6312,0,0,1
6313,6312,6314,1,0,1
1207,6314,6315,0,0,1
6310,6315,6311,0,0,0
6024,6121,6316,0,0,1,1272
6021,6025,6317,0,0,1
6018,6022,6318,0,0,1
6016,6019,6319,0,0,1
6010,6014,6320,0,0,1
6007,6011,6321,0,0,1
6004,6008,6322,0,0,1
6001,6005,6323,0,0,1
6103,6002,6324,0,0,1
5998,6324,6325,0,0,1
5996,5999,6326,0,0,1
5992,5994,6327,0,0,1
6328,6327,6329,1,0,1
6330,6329,6331,1,0,1
6332,6331,6333,1,0,1
6334,6333,6335,1,0,1
6336,6335,6337,1,0,1
6048,6337,6338,0,0,1
6045,6338,6339,0,0,1
6042,6046,6340,0,0,1
6123,6043,6341,0,0,1
6039,6341,6342,0,0,1
6040,6342,6343,0,0,1
6037,6343,6344,0,0,1
6035,6344,6345,0,0,1
6032,6345,6346,0,0,1
6030,6033,6347,0,0,1
6027,6347,6348,0,0,1
6113,6028,6349,0,0,1
6316,6349,6350,0,0,1
6317,6350,6351,0,0,1
6318,6351,6352,0,0,1
6319,6352,6353,0,0,1
6013,6353,6354,0,0,1
6320,6354,6355,0,0,1
6321,6355,6356,0,0,1
6322,6356,6357,0,0,1
6323,6357,6358,0,0,1
6326,6325,6359,0,0,1
6339,6359,6360,0,0,1
6340,6360,6361,0,0,1
6346,6361,6362,0,0,1
6348,6362,6358,0,0,0
6261,6294,6363,0,0,1,1269
6259,6363,6364,0,0,1
6176,6364,6365,0,0,1
6366,6365,6367,1,0,1
6368,6367,6264,1,0,0
6128,6088,6369,0,0,1,1270
6085,6369,6370,0,0,1
6083,6370,6371,0,0,1
6081,6371,6372,0,0,1
6079,6372,6373,0,0,1
6077,6373,6374,0,0,1
6073,6075,6375,0,0,1
6071,6375,6376,0,0,1
6066,6069,6377,0,0,1
6064,6377,6378,0,0,1
6062,6378,6379,0,0,1
6380,6381,6382,1,1,1
6383,6382,6384,1,0,1
6385,6384,6386,1,0,1
6387,6386,6388,1,0,1
6389,6388,6390,1,0,1
6391,6390,6392,1,0,1
6393,6394,6395,1,1,1
6396,6397,6398,1,1,1
6399,6398,6400,1,0,1
6401,6402,6403,1,1,1
6404,6403,6405,1,0,1
6406,6407,6408,1,1,1
6409,6410,6411,1,1,1
6412,6411,6413,1,0,1
6414,6413,6415,1,0,1
6266,6415,6416,0,0,1
6368,6263,6417,0,0,1
6177,6366,6418,0,0,1
6374,6174,6419,0,0,1
6379,6068,6420,0,0,1
6392,6420,6421,0,0,1
6395,6421,6422,0,0,1
6400,6422,6423,0,0,1
6405,6423,6424,0,0,1
6425,6424,6426,1,0,1
6416,6408,6427,0,0,1
6418,6417,6428,0,0,1
6419,6428,6429,0,0,1
6426,6376,6430,0,0,1
6427,6430,6429,0,0,0
5944,5959,6431,0,0,1,9462
5941,6431,6432,0,0,1
5939,5942,6433,0,0,1
5937,6433,6434,0,0,1
5932,5935,6435,0,0,1
6436,5929,6437,1,0,1
6438,6437,6439,1,0,1
6440,6441,6442,1,1,1
6443,6442,6444,1,0,1
6445,6446,6447,1,1,1
6448,6447,6449,1,0,1
6450,6449,6451,1,0,1
6452,6451,6453,1,0,1
6454,6455,6456,1,1,1
6457,6456,6458,1,0,1
6459,6458,6460,1,0,1
6461,6460,6462,1,0,1
4565,6462,6463,0,0,1
4562,4566,6464,0,0,1
4640,4563,6465,0,0,1
4559,6465,6466,0,0,1
4560,6466,6467,0,0,1
4557,6467,6468,0,0,1
4555,6468,6469,0,0,1
4553,6469,6470,0,0,1
6432,4550,6471,0,0,1
6434,6471,6472,0,0,1
6439,6435,6473,0,0,1
6474,6473,6475,1,0,1
6444,6475,6476,0,0,1
6453,6476,6477,0,0,1
6463,6477,6478,0,0,1
6464,6478,6479,0,0,1
6472,6470,6480,0,0,1
5934,6480,6479,0,0,0
6275,6289,6481,0,0,1,9460
6273,6481,6482,0,0,1
6271,6482,6483,0,0,1
6484,6483,6297,1,0,0
6299,6313,6485,0,0,1,1268
6484,6485,6486,0,0,1
6268,6486,6487,0,0,1
6488,6489,6490,1,1,1
1206,6491,6492,0,1,1
6487,6492,6493,0,0,1
6494,6493,6490,1,0,0
2340,6149,6495,0,0,1,9465
6496,6495,6497,1,0,1
5925,6497,6498,0,0,1
5921,6498,6151,0,0,0
6488,6491,6499,0,0,1,9460
6500,6499,6501,1,0,1
6502,6501,6503,1,0,1
6504,6503,6505,1,0,1
6506,6507,6508,1,1,1
6509,6508,6510,1,0,1
6511,6512,6513,1,1,1
6514,6515,6516,1,1,1
6517,6516,6518,1,0,1
6519,6518,6520,1,0,1
6521,6520,6522,1,0,1
6523,6524,6525,1,1,1
6526,6527,6528,1,1,1
6529,6530,6531,1,1,1
6532,6531,6533,1,0,1
6534,6533,6535,1,0,1
6536,6537,6538,1,1,1
6539,6538,6540,1,0,1
6541,6540,6542,1,0,1
1229,6543,6544,0,1,1
1226,6544,6545,0,0,1
1313,1227,6546,0,0,1
6547,6546,6548,1,0,1
6549,6550,6551,1,1,1
6552,6553,6554,1,1,1
6555,6556,6557,1,1,1
6558,6557,6559,1,0,1
6560,6561,6562,1,1,1
6563,6564,6565,1,1,1
6566,6565,6567,1,0,1
6568,6569,6570,1,1,1
6571,6572,6573,1,1,1
1209,6574,6575,0,1,1
6505,6575,6576,0,0,1
6510,6576,6577,0,0,1
6513,6578,6579,0,1,1
6522,6580,6581,0,1,1
6528,6525,6582,0,0,1
6545,6542,6583,0,0,1
6548,6583,6584,0,0,1
6559,6554,6585,0,0,1
6562,6585,6586,0,0,1
6573,6570,6587,0,0,1
6577,6587,6588,0,0,1
6584,6589,6590,0,1,1
6588,6567,6591,0,0,1
6579,6591,6592,0,0,1
6581,6592,6593,0,0,1
6590,6535,6594,0,0,1
6593,6586,6595,0,0,1
6582,6595,6596,0,0,1
6594,6597,6598,0,1,1
6551,6598,6599,0,0,1
6600,6599,6596,1,0,0
6494,6489,6601,0,0,1,1269
6269,6601,6602,0,0,1
6414,6602,6603,0,0,1
6604,6603,6605,1,0,1
6606,6605,6607,1,0,1
6502,6607,6500,0,0,0
6604,6606,6608,0,0,1,9461
6609,6412,6610,1,0,1
6611,6612,6613,1,1,1
6402,6613,6614,0,0,1
6615,6614,6616,1,0,1
6617,6616,6618,1,0,1
6619,6620,6621,1,1,1
6622,6623,6624,1,1,1
6396,6625,6626,0,1,1
6627,6626,6628,1,0,1
6629,6630,6631,1,1,1
6632,6633,6634,1,1,1
6385,6635,6636,0,1,1
6637,6636,6638,1,0,1
6639,6638,6640,1,0,1
6521,6641,6642,0,1,1
6519,6642,6643,0,0,1
6517,6643,6644,0,0,1
6514,6644,6645,0,0,1
6580,6515,6646,0,0,1
6511,6646,6647,0,0,1
6578,6512,6648,0,0,1
6509,6648,6649,0,0,1
6504,6507,6650,0,0,1
6610,6608,6651,0,0,1
6618,6652,6653,0,1,1
6628,6624,6654,0,0,1
6655,6654,6656,1,0,1
6634,6631,6657,0,0,1
6640,6657,6658,0,0,1
6645,6658,6659,0,0,1
6647,6659,6660,0,0,1
6649,6660,6661,0,0,1
6651,6650,6662,0,0,1
6653,6662,6663,0,0,1
6661,6656,6664,0,0,1
6663,6506,6665,0,0,1
6621,6665,6664,0,0,0
6574,1211,6666,0,0,1,1266
6571,6666,6667,0,0,1
6572,6667,6668,0,0,1
6669,6668,6670,1,0,1
6671,6670,6672,1,0,1
6673,6672,6674,1,0,1
4592,359,6675,0,0,1,9460
4590,6675,6676,0,0,1
4585,4588,6677,0,0,1
4583,6677,6678,0,0,1
370,4581,6679,0,0,1
367,6679,6680,0,0,1
364,6680,6681,0,0,1
361,365,6682,0,0,1
752,362,6683,0,0,1
6676,6683,6684,0,0,1
4587,6684,6685,0,0,1
6678,6685,6686,0,0,1
6681,6686,6682,0,0,0
6674,1213,6687,0,0,1,46320
6673,6687,6688,0,0,1
6689,6688,6690,1,0,1
6691,6690,6692,1,0,1
6558,6561,6693,0,0,1
6555,6693,6694,0,0,1
6552,6556,6695,0,0,1
6553,6695,6696,0,0,1
6600,6696,6697,0,0,1
6549,6697,6698,0,0,1
6699,6698,6700,1,0,1
6701,6700,6702,1,0,1
6703,6702,6704,1,0,1
1310,6704,6705,0,0,1
1220,6705,6706,0,0,1
1221,6706,6707,0,0,1
1218,6707,6708,0,0,1
1215,6708,6709,0,0,1
1307,1216,6710,0,0,1
6692,6710,6711,0,0,1
6694,6711,6709,0,0,0
2341,6496,6712,0,0,1,17656
2338,6712,6713,0,0,1
6714,6713,6715,1,0,1
6716,6715,5924,1,0,0
6568,6669,6717,0,0,1,1267
6569,6717,6718,0,0,1
6566,6718,6719,0,0,1
6563,6719,6720,0,0,1
6560,6564,6721,0,0,1
6691,6721,6722,0,0,1
6689,6722,6723,0,0,1
6671,6723,6720,0,0,0
6714,6716,6724,0,0,1,17655
2336,6724,6725,0,0,1
2334,6725,6726,0,0,1
6727,6726,5927,1,0,0
6409,6609,6728,0,0,1,9462
6406,6410,6729,0,0,1
6425,6407,6730,0,0,1
6404,6730,6731,0,0,1
6401,6731,6732,0,0,1
6611,6732,6733,0,0,1
6652,6612,6734,0,0,1
6728,6734,6735,0,0,1
6729,6735,6733,0,0,0
2332,6727,6736,0,0,1,21753
2330,6736,6737,0,0,1
6738,6737,6739,1,0,1
6740,6739,6741,1,0,1
6742,6741,6743,1,0,1
6744,6743,6745,1,0,1
6436,6746,6747,0,1,1
5930,6747,6745,0,0,0
6615,6617,6748,0,0,1,1269
6399,6748,6749,0,0,1
6622,6625,6750,0,0,1
6619,6623,6751,0,0,1
6749,6620,6752,0,0,1
6750,6752,6751,0,0,0
6746,6438,6753,0,0,1,9463
6754,6753,6755,1,0,1
6756,6755,6757,1,0,1
6758,6757,6759,1,0,1
6760,6759,6761,1,0,1
6762,6761,6763,1,0,1
6440,6764,6765,0,1,1
6474,6441,6766,0,0,1
6763,6766,6765,0,0,0
2327,6738,6767,0,0,1,9465
2322,2325,6768,0,0,1
2320,6768,6769,0,0,1
6770,6769,6771,1,0,1
6772,6773,6774,1,1,1
6775,6774,6776,1,0,1
6777,6776,6778,1,0,1
6779,6780,6781,1,1,1
6782,6783,6784,1,1,1
6740,6784,6785,0,0,1
6767,6785,6786,0,0,1
2328,6786,6787,0,0,1
6771,2324,6788,0,0,1
6778,6788,6789,0,0,1
6781,6789,6787,0,0,0
6782,6742,6790,0,0,1,9464
6791,6792,6793,1,1,1
6794,6795,6796,1,1,1
6446,6797,6798,0,1,1
6443,6798,6799,0,0,1
6764,6799,6800,0,0,1
6762,6800,6801,0,0,1
6760,6801,6802,0,0,1
6756,6758,6803,0,0,1
6790,6744,6804,0,0,1
6796,6793,6805,0,0,1
6802,6805,6806,0,0,1
6803,6806,6807,0,0,1
6804,6754,6808,0,0,1
6809,6808,6807,1,0,0
4578,372,6810,0,0,1,1269
4644,4576,6811,0,0,1
4572,6811,6812,0,0,1
4570,4573,6813,0,0,1
6461,4568,6814,0,0,1
6815,6814,6816,1,0,1
404,408,6817,0,0,1
401,405,6818,0,0,1
399,402,6819,0,0,1
396,6819,6820,0,0,1
393,397,6821,0,0,1
391,394,6822,0,0,1
389,6822,6823,0,0,1
387,6823,6824,0,0,1
385,6824,6825,0,0,1
380,383,6826,0,0,1
377,6826,6827,0,0,1
374,378,6828,0,0,1
6810,375,6829,0,0,1
4575,6829,6830,0,0,1
6812,6830,6831,0,0,1
6813,6831,6832,0,0,1
6816,6832,6833,0,0,1
6818,6817,6834,0,0,1
6820,6834,6835,0,0,1
6821,6835,6836,0,0,1
6825,6836,6837,0,0,1
6833,6828,6838,0,0,1
6837,6839,6840,0,1,1
382,6840,6841,0,0,1
6827,6841,6838,0,0,0
6783,6809,6842,0,0,1,1272
6779,6842,6843,0,0,1
6844,6843,6845,1,0,1
6846,6847,6848,1,1,1
6775,6849,6850,0,1,1
6851,6850,6852,1,0,1
6853,6854,6855,1,1,1
6791,6855,6856,0,0,1
6792,6856,6857,0,0,1
6845,6857,6858,0,0,1
6848,6858,6852,0,0,0
6777,6780,6859,0,0,1,9464
6846,6849,6860,0,0,1
6844,6847,6861,0,0,1
6859,6861,6860,0,0,0
6397,6627,6862,0,0,1,9462
6391,6394,6863,0,0,1
6389,6863,6864,0,0,1
6635,6387,6865,0,0,1
6632,6865,6866,0,0,1
6629,6633,6867,0,0,1
6655,6630,6868,0,0,1
6862,6868,6869,0,0,1
6393,6869,6870,0,0,1
6864,6870,6871,0,0,1
6866,6871,6867,0,0,0
6772,6851,6872,0,0,1,9464
6770,6773,6873,0,0,1
2318,6873,6874,0,0,1
6875,2316,6876,1,0,1
6877,6876,6878,1,0,1
6854,6878,6879,0,0,1
6872,6879,6874,0,0,0
6877,6853,6880,0,0,1,1271
6881,6880,6882,1,0,1
6883,6882,6884,1,0,1
6885,6884,6886,1,0,1
6887,6886,6888,1,0,1
6889,6888,6890,1,0,1
6450,6891,6892,0,1,1
6448,6892,6893,0,0,1
6445,6893,6894,0,0,1
6797,6894,6895,0,0,1
6794,6895,6896,0,0,1
6795,6896,6890,0,0,0
6897,6703,6898,1,0,1,1266
6899,6898,1224,1,0,0
6899,1223,6900,0,0,1,1267
6897,6900,6901,0,0,1
6701,6901,6902,0,0,1
6699,6902,6903,0,0,1
6550,6903,6547,0,0,0
6383,6637,6904,0,0,1,1269
6380,6904,6905,0,0,1
6906,6905,6907,1,0,1
6908,6907,6909,1,0,1
6910,6909,6911,1,0,1
6912,6911,6913,1,0,1
6914,6915,6916,1,1,1
6532,6916,6917,0,0,1
6529,6917,6918,0,0,1
6919,6920,6921,1,1,1
6922,6923,6924,1,1,1
6641,6524,6925,0,0,1
6639,6925,6926,0,0,1
6913,6926,6927,0,0,1
6921,6918,6928,0,0,1
6924,6928,6929,0,0,1
6930,6929,6927,1,0,0
6875,6881,6931,0,0,1,9463
2314,6931,6932,0,0,1
6933,6932,6934,1,0,1
6935,6934,6936,1,0,1
6937,6938,6939,1,1,1
6940,6939,6941,1,0,1
6885,6941,6942,0,0,1
6883,6942,6936,0,0,0
6523,6527,6943,0,0,1,9461
6930,6943,6944,0,0,1
6922,6944,6945,0,0,1
6919,6923,6946,0,0,1
6530,6920,6947,0,0,1
6597,6947,6948,0,0,1
6526,6948,6949,0,0,1
6945,6949,6946,0,0,0
6050,6052,6950,0,0,1,9463
6336,6950,6951,0,0,1
6952,6951,6953,1,0,1
6954,6953,6955,1,0,1
6956,6955,6957,1,0,1
6958,6957,6959,1,0,1
6960,6961,6962,1,1,1
6060,6962,6963,0,0,1
6056,6963,6964,0,0,1
6054,6057,6965,0,0,1
6959,6965,6964,0,0,0
6914,6534,6966,0,0,1,9461
6915,6966,6967,0,0,1
6910,6912,6968,0,0,1
6969,6968,6970,1,0,1
6539,6970,6971,0,0,1
6536,6971,6972,0,0,1
6589,6537,6973,0,0,1
6967,6973,6972,0,0,0
6334,6952,6974,0,0,1,9464
6332,6974,6975,0,0,1
6330,6975,6976,0,0,1
6961,6977,6978,0,1,1
6958,6978,6979,0,0,1
6956,6979,6980,0,0,1
6954,6980,6976,0,0,0
6981,6982,6983,1,1,1,29696
6984,6983,6985,1,0,1
6986,6985,6987,1,0,1
2312,6933,6988,0,0,1,9466
2310,6988,6989,0,0,1
6937,6990,6991,0,1,1
6935,6938,6992,0,0,1
6989,6992,6991,0,0,0
6541,6543,6993,0,0,1,1268
6969,6993,6994,0,0,1
6908,6994,6995,0,0,1
6996,6997,6998,1,1,1
1315,6999,7000,0,1,1
6995,7000,6998,0,0,0
6891,6452,7001,0,0,1,1270
6889,7001,7002,0,0,1
6459,6815,7003,0,0,1
6457,7003,7004,0,0,1
7002,6455,7005,0,0,1
7004,7006,7007,0,1,1
6454,7007,7005,0,0,0
2303,2305,7008,0,0,1,1272
7009,7008,2308,1,0,0
6996,6999,7010,0,0,1,46320
1235,7011,7012,0,1,1
1231,7012,7013,0,0,1
1232,7013,7010,0,0,0