0,1,0,266
1,2,0,391
2,0,0,1
3,0,1,265
2,3,1,2
4,3,2,264
2,4,2,11
5,6,3,413
6,4,3,-1
4,5,3,4
7,5,4,413
4,7,4,5
8,7,5,-1
4,8,5,6
9,8,6,387
4,9,6,12
10,11,7,386
11,9,7,387
9,10,7,8
12,10,8,385
9,12,8,9
13,12,9,393
9,13,9,13
14,15,10,402
15,13,10,393
13,14,10,13
2,14,11,392
14,4,11,12
14,9,12,13
16,17,14,28
17,18,14,-1
18,16,14,15
19,16,15,27
18,19,15,16
20,19,16,26
18,20,16,17
21,20,17,25
18,21,17,-1
22,23,18,97
23,17,18,-1
17,22,18,19
24,22,19,97
17,24,19,20
25,24,20,96
17,25,20,21
26,25,21,95
17,26,21,22
27,26,22,94
17,27,22,28
28,29,23,92
29,27,23,93
27,28,23,24
21,28,24,-1
27,21,24,25
27,20,25,26
27,19,26,27
27,16,27,28
30,31,29,-1
31,23,29,-1
23,30,29,30
32,30,30,124
23,32,30,31
33,32,31,192
23,33,31,32
34,33,32,191
23,34,32,33
35,34,33,191
23,35,33,34
36,35,34,190
23,36,34,35
37,36,35,190
23,37,35,36
38,37,36,189
23,38,36,37
39,38,37,188
23,39,37,38
40,39,38,187
23,40,38,39
41,40,39,186
23,41,39,40
42,41,40,186
23,42,40,41
43,42,41,185
23,43,41,42
44,43,42,184
23,44,42,43
45,44,43,183
23,45,43,44
46,45,44,182
23,46,44,45
47,46,45,181
23,47,45,46
48,47,46,180
23,48,46,47
49,48,47,238
23,49,47,48
50,49,48,238
23,50,48,49
51,50,49,306
23,51,49,50
52,51,50,305
23,52,50,51
53,52,51,305
23,53,51,52
54,53,52,304
23,54,52,53
55,54,53,304
23,55,53,54
56,55,54,303
23,56,54,55
57,56,55,303
23,57,55,56
58,57,56,302
23,58,56,57
59,58,57,302
23,59,57,58
60,59,58,301
23,60,58,59
61,60,59,301
23,61,59,60
62,61,60,333
23,62,60,98
63,64,61,299
64,62,61,300
62,63,61,99
65,66,62,331
66,67,62,297
67,65,62,63
68,65,63,296
67,68,63,102
69,70,64,295
70,68,64,296
68,69,64,65
71,69,65,294
68,71,65,103
72,73,66,293
73,71,66,294
71,72,66,104
74,75,67,291
75,76,67,292
76,74,67,106
77,78,68,326
78,79,68,290
79,77,68,69
80,77,69,289
79,80,69,108
81,82,70,324
82,83,70,288
83,81,70,71
84,81,71,287
83,84,71,110
85,86,72,286
86,84,72,287
84,85,72,111
87,88,73,321
88,85,73,286
85,87,73,74
89,87,74,285
85,89,74,112
90,91,75,283
91,92,75,284
92,90,75,76
93,90,76,282
92,93,76,77
94,93,77,281
92,94,77,78
95,94,78,280
92,95,78,114
96,97,79,278
97,95,79,279
95,96,79,115
98,99,80,277
99,96,80,278
96,98,80,81
100,98,81,277
96,100,81,116
101,102,82,275
102,100,82,276
100,101,82,117
103,104,83,272
104,105,83,273
105,103,83,119
106,107,84,373
107,108,84,270
108,106,84,85
109,106,85,373
108,109,85,86
110,109,86,372
108,110,86,87
111,110,87,372
108,111,87,88
112,111,88,342
108,112,88,121
113,114,89,353
114,115,89,348
115,113,89,90
116,113,90,338
115,116,90,123
28,117,91,-1
117,116,91,338
116,28,91,92
116,29,92,93
116,27,93,94
116,26,94,95
116,25,95,96
116,24,96,123
24,23,97,98
24,62,98,99
24,63,99,100
118,63,100,298
24,118,100,101
67,118,101,297
24,67,101,102
24,68,102,103
24,71,103,104
24,72,104,105
76,72,105,292
24,76,105,106
24,74,106,107
79,74,107,290
24,79,107,108
24,80,108,109
83,80,109,288
24,83,109,110
24,84,110,111
24,85,111,112
24,89,112,113
92,89,113,284
24,92,113,114
24,95,114,115
24,96,115,116
24,100,116,117
24,101,117,118
105,101,118,274
24,105,118,119
24,103,119,120
108,103,120,271
24,108,120,121
24,112,121,122
115,112,122,349
24,115,122,123
119,30,124,-1
32,119,124,125
120,119,125,207
32,120,125,192
121,122,126,236
122,120,126,237
120,121,126,193
123,124,127,234
124,121,127,235
121,123,127,194
125,126,128,232
126,123,128,233
123,125,128,195
127,128,129,230
128,125,129,231
125,127,129,196
129,130,130,228
130,127,130,229
127,129,130,131
131,129,131,227
127,131,131,196
132,133,132,225
133,131,132,226
131,132,132,197
134,135,133,222
135,136,133,223
136,134,133,206
137,138,134,220
138,134,134,221
134,137,134,198
139,140,135,218
140,137,135,219
137,139,135,136
141,139,136,217
137,141,136,137
142,141,137,216
137,142,137,138
143,142,138,215
137,143,138,139
144,143,139,214
137,144,139,198
145,146,140,212
146,144,140,213
144,145,140,141
147,145,141,211
144,147,141,142
148,147,142,210
144,148,142,199
149,150,143,208
150,148,143,209
148,149,143,144
151,149,144,-1
148,151,144,145
152,151,145,262
148,152,145,146
153,152,146,261
148,153,146,147
154,153,147,260
148,154,147,148
155,154,148,259
148,155,148,149
156,155,149,259
148,156,149,150
157,156,150,317
148,157,150,151
158,157,151,258
148,158,151,152
159,158,152,257
148,159,152,153
160,159,153,256
148,160,153,154
161,160,154,256
148,161,154,155
162,161,155,255
148,162,155,156
163,162,156,255
148,163,156,157
164,163,157,254
148,164,157,158
165,164,158,253
148,165,158,159
166,165,159,253
148,166,159,160
167,166,160,252
148,167,160,161
168,167,161,252
148,168,161,162
169,168,162,251
148,169,162,163
170,169,163,250
148,170,163,164
171,170,164,250
148,171,164,165
172,171,165,249
148,172,165,166
173,172,166,249
148,173,166,167
174,173,167,248
148,174,167,168
175,174,168,247
148,175,168,169
176,175,169,246
148,176,169,170
177,176,170,246
148,177,170,171
178,177,171,309
148,178,171,172
179,178,172,245
148,179,172,173
180,179,173,245
148,180,173,174
181,180,174,244
148,181,174,175
182,181,175,243
148,182,175,176
183,182,176,242
148,183,176,177
184,183,177,241
148,184,177,178
185,184,178,240
148,185,178,179
48,185,179,239
148,48,179,180
148,47,180,181
148,46,181,182
148,45,182,183
148,44,183,184
148,43,184,185
148,42,185,200
42,40,186,187
42,39,187,188
42,38,188,189
42,37,189,200
37,35,190,201
35,33,191,202
33,120,192,193
33,121,193,194
33,123,194,195
33,125,195,203
125,131,196,197
125,132,197,204
134,144,198,199
134,148,199,206
148,37,200,201
148,35,201,202
148,33,202,203
148,125,203,204
148,132,204,205
136,132,205,224
148,136,205,206
186,119,207,-1
120,186,207,237
149,186,208,-1
186,150,208,209
186,148,209,210
186,147,210,211
186,145,211,212
186,146,212,213
186,144,213,214
186,143,214,215
186,142,215,216
186,141,216,217
186,139,217,218
186,140,218,219
186,137,219,220
186,138,220,221
186,134,221,222
186,135,222,223
186,136,223,224
186,132,224,225
186,133,225,226
186,131,226,227
186,129,227,228
186,130,228,229
186,127,229,230
186,128,230,231
186,125,231,232
186,126,232,233
186,123,233,234
186,124,234,235
186,121,235,236
186,122,236,237
50,48,238,239
50,185,239,240
50,184,240,241
50,183,241,242
50,182,242,243
50,181,243,244
50,180,244,307
180,178,245,308
177,175,246,247
177,174,247,248
177,173,248,310
173,171,249,311
171,169,250,251
171,168,251,312
168,166,252,313
166,164,253,254
166,163,254,314
163,161,255,315
161,159,256,257
161,158,257,258
161,157,258,316
156,154,259,260
156,153,260,261
156,152,261,262
156,151,262,263
4,151,263,-1
156,4,263,264
156,3,264,265
156,0,265,266
156,1,266,267
187,1,267,390
156,187,267,268
188,187,268,374
156,188,268,269
107,188,269,381
156,107,269,270
156,108,270,271
156,103,271,272
156,104,272,273
156,105,273,274
156,101,274,275
156,102,275,276
156,100,276,318
100,99,277,318
99,97,278,279
99,95,279,280
99,94,280,281
99,93,281,282
99,90,282,283
99,91,283,319
91,89,284,285
91,87,285,320
88,86,286,322
86,81,287,323
82,80,288,289
82,77,289,325
78,74,290,291
78,75,291,327
75,72,292,293
75,73,293,328
73,69,294,295
73,70,295,329
70,65,296,330
66,118,297,298
66,63,298,299
66,64,299,300
66,62,300,332
61,59,301,334
59,57,302,335
57,55,303,336
55,53,304,337
53,51,305,306
53,50,306,307
53,180,307,308
53,178,308,309
53,177,309,310
53,173,310,311
53,171,311,312
53,168,312,313
53,166,313,314
53,163,314,315
53,161,315,316
53,157,316,317
53,156,317,337
156,99,318,319
156,91,319,320
156,87,320,321
156,88,321,322
156,86,322,323
156,81,323,324
156,82,324,325
156,77,325,326
156,78,326,327
156,75,327,328
156,73,328,329
156,70,329,330
156,65,330,331
156,66,331,332
156,62,332,333
156,61,333,334
156,59,334,335
156,57,335,336
156,55,336,337
117,113,338,339
189,113,339,359
117,189,339,340
190,189,340,361
117,190,340,341
191,190,341,361
117,191,341,-1
192,111,342,378
112,192,342,350
193,194,343,377
194,192,343,378
192,193,343,344
195,193,344,376
192,195,344,345
196,195,345,375
192,196,345,351
197,198,346,355
198,196,346,356
196,197,346,351
199,200,347,354
200,197,347,355
197,199,347,352
114,199,348,353
199,115,348,349
199,112,349,350
199,192,350,352
192,197,351,352
113,199,353,354
113,200,354,360
200,198,355,360
201,196,356,397
198,201,356,357
202,201,357,403
198,202,357,358
189,202,358,362
198,189,358,359
198,113,359,360
191,189,361,362
191,202,362,363
203,202,363,410
191,203,363,364
204,203,364,409
191,204,364,365
205,204,365,408
191,205,365,370
206,12,366,384
12,205,366,394
205,206,366,371
207,208,367,383
208,206,367,384
206,207,367,368
209,207,368,382
206,209,368,371
191,210,369,-1
210,209,369,382
209,191,369,370
209,205,370,371
111,109,372,379
109,107,373,380
196,187,374,390
188,196,374,375
188,195,375,376
188,193,376,377
188,194,377,381
194,111,378,379
194,109,379,380
194,107,380,381
210,207,382,383
210,208,383,389
208,12,384,385
208,10,385,386
208,11,386,389
11,8,387,388
210,8,388,-1
11,210,388,389
196,1,390,391
196,2,391,392
196,14,392,398
15,12,393,394
15,205,394,399
211,212,395,406
212,205,395,407
205,211,395,399
201,213,396,403
213,214,396,404
214,201,396,397
214,196,397,398
214,14,398,401
15,211,399,400
215,211,400,405
15,215,400,402
214,215,401,404
215,14,401,402
202,213,403,410
213,215,404,405
213,211,405,406
213,212,406,407
213,205,407,408
213,204,408,409
213,203,409,410
216,217,411,-37522
217,218,411,-37522
218,216,411,412
219,216,412,-37522
218,219,412,-37522
7,6,413,417
220,221,414,418
221,6,414,-1
6,220,414,417
222,223,415,420
223,220,415,418
220,222,415,416
7,222,416,-1
220,7,416,417
223,221,418,419
224,221,419,-1
223,224,419,420
222,224,420,-1