-112.165885,0.46732,0,1,21,22
-112.5,0.566667,0,4,5,6,7,8,9,10,11,12,13,14,15,16,17,18,22
-112.5,0.0,0,1,2,3
-111.999632,0.300614,1,2,20,21
-112.000882,0.233592,2,3,19,20
-111.566667,0.0,3,19
-112.133608,2.632843,4,5,95,96
-112.5,3.033333,4,23,24,25,26,27,28,29,30,31,32,33,34,35,36,37,38,39,40,41,42,43,44,45,46,47,48,49,50,51,52,53,54,55,56,57,58,59,96,97
-111.69989,2.233992,5,6,95
-111.667472,2.233049,6,7,94,95,96,97,98,99,100,101,102,103,104,105,106,107,108,109,110,111,112,113,114,115,116,117,118,119,120,121
-111.60019,2.099756,7,8,93,94
-111.166519,1.700877,8,9,93
-111.133801,1.699046,9,10,92,93,94,121
-111.068001,1.565822,10,11,91,92
-110.766948,1.266951,11,12,91
-110.666301,1.23285,12,13,90,91,92,120,121
-110.43315,0.999231,13,14,89,90
-110.435007,0.967863,14,15,88,89
-109.933834,0.700179,15,16,88
-109.867155,0.699818,16,17,87,88,89,90,119,120
-108.933731,0.032753,17,18,86,87
-108.933333,0.0,18,19,20,21,22,85,86
-97.833333,22.5,23,24,122
-112.5,22.5,23
-97.833746,22.434308,24,25,122,158
-97.699458,22.332516,25,26,157,158,159
-97.698918,22.300302,26,27,159,160,161,162,168,169
-97.567242,22.200156,27,28,167,168
-97.566069,22.165795,28,29,167
-97.466621,22.133336,29,30,166,167,168,169,170
-97.3335,21.9673,30,31,165,166
-97.333714,21.933311,31,32,164,165
-97.200081,21.866651,32,33,150,151,163,164
-97.001093,21.59974,33,34,149,150,171
-97.001902,21.565641,34,35,171,172,173,224,225
-96.900766,21.333138,35,36,224
-96.399971,20.700128,36,37,223,224,225,226,227,228,229,230,231,240
-96.23446,20.20038,37,38,222,223
-96.032563,19.799497,38,39,221,222
-95.968135,19.567044,39,40,220,221
-95.499934,19.067826,40,41,219,220,241,242
-95.563983,18.63341,41,42,241
-95.564746,18.133164,42,43,241,242,243,244,245,246,312,313
-95.434199,17.83359,43,44,311,312
-95.033748,17.333672,44,45,311
-94.999475,17.334633,45,46,310,311,312,313,314,315,316,317,318,319,320,321,322,323,344
-94.966346,17.133533,46,47,309,310
-94.431784,16.466435,47,48,309
-94.399111,16.467859,48,49,308,309,310,343,344
-94.398713,16.199371,49,50,307,308
-94.267236,16.000258,50,51,307
-94.199074,16.001098,51,52,306,307,308,342,343
-94.166766,15.866501,52,53,305,306
-94.033004,15.666045,53,54,305
-94.000541,15.665872,54,55,304,305,306,341,342
-93.999215,15.331627,55,56,304
-93.867724,14.965737,56,57,303,304,340,341
-93.800817,14.434777,57,58,302,303
-93.800845,14.265148,58,59,302
-93.56762,13.900319,59,60,97,98,301,302,303,339,340
-93.631482,13.565901,60,98,99,299,300
-93.565919,13.566296,60,300,301
-93.399557,12.432375,61,62,337,338
-93.532256,12.867193,61,299,300,301,338,339
-93.56765,12.867446,61,62,63,99,100,299
-93.398838,12.167391,62,63,298,336,337
-93.700247,11.465159,63,64,65,100,101,298
-93.63368,11.233074,64,65,296,297
-93.632144,11.464725,64,297,298,335,336
-93.699974,11.000059,65,66,101,102,296
-93.700522,10.43201,66,102,103,294,295
-93.532123,10.700032,66,295,296,297,334,335
-93.400119,9.200994,67,104,105,292,293
-93.33313,9.432148,67,293,294,295,333,334
-93.567449,9.866264,67,103,104,294
-93.232948,7.966378,68,69,291,331,332
-93.235297,8.867969,68,292,293,332,333
-93.266282,8.866859,68,69,105,106,292
-93.266648,7.96663,69,106,107,290,291
-93.265612,7.299608,70,71,108,109,289
-93.233751,7.700348,70,289,290,291,330,331
-93.266579,7.700518,70,107,108,290
-93.232928,6.666039,71,72,109,110,288
-93.167141,6.967762,71,288,289,329,330
-93.167068,6.432939,72,73,110,111,287
-93.167172,6.66519,72,287,288,328,329
-92.868028,5.899514,73,74,111,112,286
-93.099804,6.433015,73,286,287,327,328
-92.865007,5.533189,74,112,113,284,285
-92.833213,5.900751,74,285,286,326,327
-92.632738,4.967873,75,76,282,283
-92.633333,5.199367,75,283,284,285,325,326
-92.701071,5.200859,75,76,113,114,284
-92.533352,3.799969,76,77,78,114,115,282
-92.332846,3.56812,77,78,281
-92.299354,3.567041,77,281,282,283,324,325
-92.333038,2.93332,78,79,115,116,280,281,324
-92.166199,2.566146,79,80,81,82,116,117,278,279
-92.166513,2.666956,79,279,280
-91.734381,2.067519,80,81,276,277
-92.099052,2.565886,80,277,278
-91.467621,1.466362,81,82,275,276
-91.467003,1.367255,82,83,84,117,118,274,275
-91.498611,0.83242,83,84,345,357,358,359,360,361,362
-91.198673,1.032437,83,273,274,357
-91.532578,0.300118,84,85,86,87,118,119,345,346,354
-91.333333,0.0,85,353,354,355,356
-90.0,22.5,122,123,124,125,126,127,128,129,130,131,132,133,134,135,136,137,138,139,140,141,142,143,144,145,146,147,148,149,150,151,152,153,154,155,156,157,158
-90.933314,16.63319,123,124,190,191
-90.0,15.733333,123,191,192,193,194,195,196,197,198,199,200,201,202,203,204,205,206,207,208,209,210,231,232,233,234,235,236,237,238,239,240
-91.365905,17.334452,124,125,189,190
-91.366154,17.367098,125,126,188,189
-91.766866,17.733975,126,127,187,188
-91.766183,17.767227,127,128,186,187
-92.066545,18.033577,128,129,185,186
-92.067928,18.067809,129,130,184,185
-92.899778,18.368119,130,131,184
-93.366905,18.50011,131,132,183,184,185,186,187,188,189,190,191,230,231
-93.69977,18.866651,132,133,183
-93.932501,19.065502,133,134,182,183,229,230
-94.198897,19.400056,134,135,181,182
-94.500254,19.698959,135,136,181
-94.567692,19.700419,136,137,180,181,182,228,229
-95.066007,20.233191,137,138,179,180
-95.065664,20.267489,138,139,178,179
-95.30028,20.466286,139,140,177,178
-95.297945,20.500399,140,141,177
-95.499329,20.501376,141,142,176,177,178,179,180,227,228
-96.09938,20.765519,142,143,176
-96.167164,20.767167,143,144,175,176,226,227
-96.465293,21.068267,144,145,174,175
-96.667175,21.334342,145,146,174
-96.732292,21.332591,146,147,173,174,175,225,226
-96.935487,21.567385,147,148,172,173
-96.932611,21.598743,148,149,171,172
-97.200578,21.934397,151,152,163
-97.266288,21.932496,152,153,163,164,165,166,170
-97.432956,22.167425,153,154,162,169,170
-97.433427,22.199447,154,155,161,162
-97.599804,22.267048,155,156,160,161
-97.600478,22.333489,156,157,159,160
-90.066919,11.866414,192,193,266,267
-90.0,11.666667,192,267,268
-90.29994,12.266047,193,194,265,266
-90.465924,12.499944,194,195,264,265
-90.631739,12.666113,195,196,264
-90.699685,12.666991,196,197,263,264,265,266,267,268,269,270,271,272,273,274,275,276,277,278,279,280,323,324,325,326,327,328,329,330,331,332,333,334,335,336,337,338,339,340,341,342,343,344
-90.701325,12.733261,197,198,262,263
-90.932271,13.031726,198,199,262
-90.999833,13.03351,199,200,261,262,263,322,323
-91.065343,13.265373,200,201,260,261
-91.297867,13.734693,201,202,259,260
-91.633336,14.132937,202,203,259
-91.664757,14.132346,203,204,258,259,260,261,321,322
-91.833354,14.499445,204,205,257,258
-91.832036,14.566942,205,206,256,257
-92.233575,15.368308,206,207,256
-92.50095,15.53303,207,208,256,257,258,320,321
-92.932403,15.897884,208,209,255,319,320
-92.931646,15.965871,209,210,254,255
-93.33317,16.36509,210,211,232,254
-93.466895,16.599868,211,232,233,252,253
-93.399598,16.368181,211,253,254,255,318,319
-93.865957,17.066694,212,213,214,234,235,251
-93.699741,16.833659,212,251,252,253,317,318
-93.633421,16.833042,212,233,234,252
-94.033185,17.23242,213,214,250,315,316
-93.933326,17.066803,213,251,316,317
-94.034746,17.367018,214,215,216,235,236,250
-94.400953,17.798868,215,216,248,249
-94.098616,17.364815,215,249,250,314,315
-94.399894,17.834476,216,236,237,247,248
-94.866672,18.234424,217,218,238,239,245,246
-94.799371,18.066576,217,246,247,248,249,313,314
-94.734929,18.066092,217,237,238,247
-95.266277,18.834736,218,219,220,221,222,223,239,240,243,244
-95.26887,18.732047,218,244,245
-95.333777,18.833383,219,242,243
-90.0,1.3,268,269,393,394
-90.300952,1.299616,269,270,372,373,393
-90.833556,1.133661,270,271,371,372
-90.933661,1.133773,271,272,370,371
-91.132469,1.033679,272,273,357,358,370
-91.132798,0.666882,345,346,362,363
-91.401107,0.198208,346,354,355,363,369
-90.967669,0.43324,347,348,349,350,351,352,353,356,366,367
-90.99895,0.434705,347,367,368
-91.333679,0.199923,347,355,356,368,369
-90.932746,0.633392,348,349,364,365,381,382,386
-90.968341,0.632742,348,365,366
-90.932853,0.566306,349,350,380,381
-90.765205,0.466821,350,351,379,380
-90.601188,0.300909,351,352,378,379
-90.533333,0.0,352,353,377,378
-91.134478,1.00002,358,359,370,371,372,373,374,384
-91.065567,1.000685,359,360,383,384,385
-91.067555,0.733284,360,361,364,385,386
-91.066814,0.667176,361,362,363,364,365,366,367,368,369
-90.299517,1.26605,373,374,393,394
-90.0,1.266667,374,375,376,377,378,379,380,381,382,383,384,394
-90.234225,0.365939,375,376,387
-90.0,0.566667,375,387,388,391,392
-90.333333,0.0,376,377,387,390,391
-90.831953,0.766141,382,383,385,386
-90.035662,0.267772,388,389,392,396
-90.0,0.266667,388,396,397
-90.26689,0.033289,389,390,391,392,395
-90.033928,0.199277,389,395,396,397,398
-90.266667,0.0,390,395,398
-90.0,0.0,397,398