0,1,2,1,1,1,28880
3,2,4,1,0,1
5,4,6,1,0,1
7,6,8,1,0,1
9,10,11,1,1,1,29136
12,11,13,1,0,1
14,13,15,1,0,1
16,15,17,1,0,1
18,17,19,1,0,1
20,19,21,1,0,1
22,21,23,1,0,1
24,23,25,1,0,1
26,25,27,1,0,1
28,27,29,1,0,1
30,29,31,1,0,1
32,31,33,1,0,1
34,33,35,1,0,1
36,35,37,1,0,1
38,37,39,1,0,1
7,40,41,0,1,1
5,41,42,0,0,1
3,42,43,0,0,1
0,43,39,0,0,0
44,45,46,1,1,1,29072
47,46,48,1,0,1
49,48,50,1,0,1
51,50,52,1,0,1
53,52,54,1,0,1
55,54,56,1,0,1
57,56,58,1,0,1
59,58,60,1,0,1
61,60,62,1,0,1
63,62,64,1,0,1
65,64,66,1,0,1
67,66,68,1,0,1
69,68,70,1,0,1
71,70,72,1,0,1
73,72,74,1,0,1
75,74,76,1,0,1
77,76,78,1,0,1
79,78,80,1,0,1
81,80,82,1,0,1
83,82,84,1,0,1
85,84,86,1,0,1
87,86,88,1,0,1
89,88,90,1,0,1
91,90,92,1,0,1
93,92,94,1,0,1
95,94,96,1,0,1
97,96,98,1,0,1
99,98,100,1,0,1
101,100,102,1,0,1
103,102,104,1,0,1
105,104,106,1,0,1
107,106,108,1,0,1
109,108,110,1,0,1
111,110,112,1,0,1
113,112,114,1,0,1
115,114,116,1,0,1
117,116,118,1,0,1
119,120,121,1,1,1
122,123,124,1,1,1
125,124,126,1,0,1
127,126,128,1,0,1
129,130,131,1,1,1
132,131,133,1,0,1
134,135,136,1,1,1
137,138,139,1,1,1
140,141,142,1,1,1
143,142,144,1,0,1
145,146,147,1,1,1
148,149,150,1,1,1
151,152,153,1,1,1
154,155,156,1,1,1
157,158,159,1,1,1
160,161,162,1,1,1
163,162,164,1,0,1
165,166,167,1,1,1
168,167,169,1,0,1
170,171,172,1,1,1
173,174,175,1,1,1
176,175,177,1,0,1
178,177,179,1,0,1
180,181,182,1,1,1
183,182,184,1,0,1
185,186,187,1,1,1
38,187,188,0,0,1
36,188,189,0,0,1
32,34,190,0,0,1
30,190,191,0,0,1
28,191,192,0,0,1
24,26,193,0,0,1
22,193,194,0,0,1
18,20,195,0,0,1
16,195,196,0,0,1
12,14,197,0,0,1
9,197,198,0,0,1
118,198,199,0,0,1
121,199,200,0,0,1
201,200,202,1,0,1
128,202,203,0,0,1
133,203,204,0,0,1
136,204,205,0,0,1
206,205,207,1,0,1
139,207,208,0,0,1
209,208,210,1,0,1
144,210,211,0,0,1
212,211,213,1,0,1
147,213,214,0,0,1
150,214,215,0,0,1
153,215,216,0,0,1
156,216,217,0,0,1
159,217,218,0,0,1
219,218,220,1,0,1
164,220,221,0,0,1
169,221,222,0,0,1
172,222,223,0,0,1
179,223,224,0,0,1
184,224,225,0,0,1
189,225,226,0,0,1
192,226,227,0,0,1
194,227,196,0,0,0
228,47,229,1,0,1,29552
230,231,232,1,1,1
233,232,234,1,0,1
235,234,236,1,0,1
237,236,238,1,0,1
239,238,240,1,0,1
241,240,242,1,0,1
243,242,244,1,0,1
245,244,246,1,0,1
247,246,248,1,0,1
249,248,250,1,0,1
251,250,252,1,0,1
253,252,254,1,0,1
255,254,256,1,0,1
257,256,258,1,0,1
259,258,260,1,0,1
261,260,262,1,0,1
263,262,264,1,0,1
265,264,266,1,0,1
267,266,268,1,0,1
269,268,270,1,0,1
271,270,272,1,0,1
273,272,274,1,0,1
275,274,276,1,0,1
277,276,278,1,0,1
279,278,280,1,0,1
281,280,282,1,0,1
283,282,284,1,0,1
65,284,285,0,0,1
286,285,287,1,0,1
288,287,289,1,0,1
290,289,291,1,0,1
292,291,293,1,0,1
294,293,295,1,0,1
296,295,297,1,0,1
298,297,299,1,0,1
49,299,229,0,0,0
298,51,300,0,0,1,29040
296,300,301,0,0,1
294,301,302,0,0,1
292,302,303,0,0,1
286,288,304,0,0,1
63,304,305,0,0,1
61,305,306,0,0,1
59,306,307,0,0,1
55,57,308,0,0,1
53,308,309,0,0,1
303,309,310,0,0,1
290,310,307,0,0,0
283,67,311,0,0,1,29584
281,311,312,0,0,1
279,312,313,0,0,1
275,277,314,0,0,1
273,314,315,0,0,1
269,271,316,0,0,1
265,267,317,0,0,1
263,317,318,0,0,1
261,318,319,0,0,1
259,319,320,0,0,1
255,257,321,0,0,1
253,321,322,0,0,1
249,251,323,0,0,1
245,247,324,0,0,1
243,324,325,0,0,1
241,325,326,0,0,1
239,326,327,0,0,1
237,327,328,0,0,1
235,328,329,0,0,1
233,329,330,0,0,1
230,330,331,0,0,1
332,333,334,1,1,1
335,334,336,1,0,1
337,336,338,1,0,1
339,338,340,1,0,1
341,340,342,1,0,1
343,342,344,1,0,1
345,344,346,1,0,1
347,346,348,1,0,1
349,348,350,1,0,1
351,350,352,1,0,1
353,352,354,1,0,1
355,354,356,1,0,1
357,356,358,1,0,1
359,358,360,1,0,1
361,360,362,1,0,1
363,362,364,1,0,1
365,364,366,1,0,1
367,366,368,1,0,1
369,368,370,1,0,1
371,372,373,1,1,1
374,375,376,1,1,1
377,378,379,1,1,1
380,379,381,1,0,1
382,383,384,1,1,1
385,384,386,1,0,1
387,388,389,1,1,1
390,391,392,1,1,1
393,394,395,1,1,1
79,395,396,0,0,1
77,396,397,0,0,1
75,397,398,0,0,1
73,398,399,0,0,1
69,71,400,0,0,1
313,400,401,0,0,1
315,401,402,0,0,1
316,402,403,0,0,1
320,403,404,0,0,1
322,404,405,0,0,1
323,405,406,0,0,1
331,406,407,0,0,1
373,370,408,0,0,1
409,408,410,1,0,1
376,410,411,0,0,1
381,411,412,0,0,1
386,412,413,0,0,1
414,413,415,1,0,1
389,415,416,0,0,1
392,416,417,0,0,1
399,417,407,0,0,0
81,83,418,0,0,1,29328
393,418,419,0,0,1
394,419,420,0,0,1
390,420,421,0,0,1
391,421,422,0,0,1
387,422,423,0,0,1
414,388,424,0,0,1
385,424,425,0,0,1
382,425,426,0,0,1
380,383,427,0,0,1
374,378,428,0,0,1
409,375,429,0,0,1
371,429,430,0,0,1
369,372,431,0,0,1
367,431,432,0,0,1
361,363,433,0,0,1
359,433,434,0,0,1
357,434,435,0,0,1
353,355,436,0,0,1
351,436,437,0,0,1
349,437,438,0,0,1
345,347,439,0,0,1
343,439,440,0,0,1
339,341,441,0,0,1
337,441,442,0,0,1
335,442,443,0,0,1
332,443,444,0,0,1
445,444,446,1,0,1
447,446,448,1,0,1
449,448,450,1,0,1
451,450,452,1,0,1
453,452,454,1,0,1
455,454,456,1,0,1
181,456,457,0,0,1
178,457,458,0,0,1
176,458,459,0,0,1
173,459,460,0,0,1
174,460,461,0,0,1
170,461,462,0,0,1
171,462,463,0,0,1
165,168,464,0,0,1
163,166,465,0,0,1
160,465,466,0,0,1
219,161,467,0,0,1
157,467,468,0,0,1
154,158,469,0,0,1
151,155,470,0,0,1
148,152,471,0,0,1
145,149,472,0,0,1
212,146,473,0,0,1
143,473,474,0,0,1
209,141,475,0,0,1
137,475,476,0,0,1
206,138,477,0,0,1
134,477,478,0,0,1
132,135,479,0,0,1
129,479,480,0,0,1
127,130,481,0,0,1
201,123,482,0,0,1
119,482,483,0,0,1
120,483,484,0,0,1
115,117,485,0,0,1
113,485,486,0,0,1
109,111,487,0,0,1
105,107,488,0,0,1
103,488,489,0,0,1
99,101,490,0,0,1
97,490,491,0,0,1
93,95,492,0,0,1
91,492,493,0,0,1
87,89,494,0,0,1
85,494,495,0,0,1
423,495,496,0,0,1
426,496,497,0,0,1
427,497,498,0,0,1
377,498,499,0,0,1
428,499,500,0,0,1
430,500,501,0,0,1
432,501,502,0,0,1
365,502,503,0,0,1
435,503,504,0,0,1
438,504,505,0,0,1
440,505,506,0,0,1
464,463,507,0,0,1
466,507,508,0,0,1
468,508,509,0,0,1
469,509,510,0,0,1
470,510,511,0,0,1
471,511,512,0,0,1
472,512,513,0,0,1
474,513,514,0,0,1
140,514,515,0,0,1
476,515,516,0,0,1
478,516,517,0,0,1
480,517,518,0,0,1
481,518,519,0,0,1
125,519,520,0,0,1
122,520,521,0,0,1
484,521,522,0,0,1
486,522,523,0,0,1
487,523,524,0,0,1
489,524,525,0,0,1
491,525,526,0,0,1
493,526,506,0,0,0
527,183,528,1,0,1,37264
529,528,530,1,0,1
531,532,533,1,1,1
534,535,536,1,1,1
537,536,538,1,0,1
539,538,540,1,0,1
541,540,542,1,0,1
543,542,544,1,0,1
545,544,546,1,0,1
530,186,547,0,0,1
548,547,549,1,0,1
533,549,546,0,0,0
455,180,550,0,0,1,8595
551,550,552,1,0,1
553,552,554,1,0,1
555,554,556,1,0,1
557,556,558,1,0,1
559,558,527,1,0,0
559,529,560,0,0,1,401
561,557,562,1,0,1
534,562,563,0,0,1
535,563,564,0,0,1
531,564,565,0,0,1
532,565,566,0,0,1
548,566,560,0,0,0
453,551,567,0,0,1,37520
451,567,568,0,0,1
449,568,569,0,0,1
570,569,571,1,0,1
572,571,573,1,0,1
574,575,576,1,1,1
577,576,578,1,0,1
579,578,580,1,0,1
543,580,581,0,0,1
541,581,582,0,0,1
539,582,583,0,0,1
537,583,584,0,0,1
585,584,586,1,0,1
587,586,588,1,0,1
553,588,573,0,0,0
587,555,589,0,0,1,657
585,589,561,0,0,0
574,577,590,0,0,1,33424
591,592,593,1,1,1
594,595,596,1,1,1
597,598,599,1,1,1
590,599,600,0,0,1
593,600,596,0,0,0
447,570,601,0,0,1,33424
602,601,572,1,0,0
594,598,603,0,0,1,29328
591,595,604,0,0,1
605,604,606,1,0,1
607,606,603,1,0,0