0,1,0,768
1,2,0,-1
2,0,0,1
3,0,1,-1
2,3,1,2
4,3,2,2370
2,4,2,3
5,4,3,2369
2,5,3,4
6,5,4,2368
2,6,4,5
7,6,5,2368
2,7,5,6
8,7,6,2367
2,8,6,7
9,8,7,2366
2,9,7,8
10,9,8,2365
2,10,8,9
11,10,9,2364
2,11,9,10
12,11,10,2364
2,12,10,11
13,12,11,2363
2,13,11,12
14,13,12,2362
2,14,12,13
15,14,13,2362
2,15,13,14
16,15,14,2361
2,16,14,15
17,16,15,2360
2,17,15,16
18,17,16,2360
2,18,16,17
19,18,17,2359
2,19,17,18
20,19,18,2358
2,20,18,19
21,20,19,2358
2,21,19,20
22,21,20,2357
2,22,20,21
23,22,21,2357
2,23,21,22
24,23,22,2356
2,24,22,23
25,24,23,2355
2,25,23,24
26,25,24,2354
2,26,24,25
27,26,25,2354
2,27,25,26
28,27,26,2131
2,28,26,27
29,28,27,2130
2,29,27,28
30,29,28,2130
2,30,28,29
31,30,29,2129
2,31,29,83
32,33,30,2126
33,34,30,2127
34,32,30,86
35,36,31,2125
36,32,31,2126
32,35,31,32
37,35,32,1827
32,37,32,33
38,37,33,1826
32,38,33,34
39,38,34,1825
32,39,34,35
40,39,35,1824
32,40,35,86
41,42,36,1842
42,40,36,1824
40,41,36,37
43,41,37,1823
40,43,37,87
44,45,38,1822
45,43,38,1823
43,44,38,88
46,47,39,1839
47,48,39,1821
48,46,39,40
49,46,40,1820
48,49,40,41
50,49,41,1819
48,50,41,90
51,52,42,1817
52,53,42,1818
53,51,42,92
54,55,43,1816
55,51,43,1817
51,54,43,44
56,54,44,1815
51,56,44,45
57,56,45,1814
51,57,45,93
58,59,46,1812
59,57,46,1813
57,58,46,94
60,61,47,1809
61,62,47,1810
62,60,47,48
63,60,48,1808
62,63,48,49
64,63,49,1807
62,64,49,50
65,64,50,1806
62,65,50,95
66,67,51,636
67,65,51,1805
65,66,51,96
68,69,52,635
69,66,52,636
66,68,52,53
70,68,53,634
66,70,53,97
71,72,54,633
72,70,54,634
70,71,54,55
73,71,55,632
70,73,55,98
74,75,56,631
75,73,56,632
73,74,56,57
76,74,57,702
73,76,57,99
77,78,58,723
78,76,58,702
76,77,58,59
79,77,59,701
76,79,59,100
80,81,60,700
81,79,60,701
79,80,60,101
82,83,61,699
83,80,61,700
80,82,61,102
84,85,62,698
85,82,62,699
82,84,62,63
86,84,63,698
82,86,63,64
87,86,64,697
82,87,64,65
88,87,65,696
82,88,65,103
89,90,66,694
90,88,66,695
88,89,66,67
91,89,67,693
88,91,67,104
92,93,68,691
93,91,68,692
91,92,68,69
94,92,69,690
91,94,69,105
95,96,70,688
96,94,70,689
94,95,70,106
97,98,71,686
98,95,71,687
95,97,71,72
99,97,72,685
95,99,72,73
100,99,73,684
95,100,73,106
101,102,74,682
102,100,74,683
100,101,74,75
103,101,75,681
100,103,75,76
104,103,76,680
100,104,76,107
105,106,77,678
106,104,77,679
104,105,77,107
107,108,78,676
108,105,78,677
105,107,78,79
109,107,79,675
105,109,79,108
110,111,80,672
111,112,80,673
112,110,80,81
113,110,81,671
112,113,81,109
2,114,82,669
114,113,82,670
113,2,82,83
113,31,83,84
115,31,84,2128
113,115,84,85
34,115,85,2127
113,34,85,110
34,40,86,87
34,43,87,88
34,44,88,89
48,44,89,1821
34,48,89,90
34,50,90,91
53,50,91,1818
34,53,91,92
34,51,92,93
34,57,93,94
34,58,94,111
62,58,95,1811
58,65,95,96
58,66,96,97
58,70,97,98
58,73,98,99
58,76,99,100
58,79,100,101
58,80,101,102
58,82,102,103
58,88,103,104
58,91,104,105
58,94,105,112
94,100,106,112
100,105,107,108
100,109,108,113
112,109,109,674
109,113,109,110
109,34,110,111
109,58,111,113
58,100,112,113
116,117,114,933
117,118,114,-1
118,116,114,115
119,116,115,1402
118,119,115,175
120,121,116,1404
121,119,116,1401
119,120,116,195
122,123,117,939
123,120,117,1403
120,122,117,118
124,122,118,938
120,124,118,196
125,126,119,936
126,127,119,937
127,125,119,120
128,125,120,935
127,128,120,121
129,128,121,-1
127,129,121,122
130,129,122,961
127,130,122,123
131,130,123,961
127,131,123,124
132,131,124,960
127,132,124,125
133,132,125,960
127,133,125,126
134,133,126,959
127,134,126,127
135,134,127,958
127,135,127,128
136,135,128,957
127,136,128,129
137,136,129,957
127,137,129,130
138,137,130,956
127,138,130,131
139,138,131,1437
127,139,131,132
140,139,132,1442
127,140,132,133
141,140,133,1441
127,141,133,134
142,141,134,1441
127,142,134,135
143,142,135,1447
127,143,135,136
144,143,136,1440
127,144,136,176
145,146,137,1427
146,147,137,950
147,145,137,138
148,145,138,1426
147,148,138,178
149,150,139,1425
150,148,139,1426
148,149,139,179
151,152,140,1689
152,149,140,1425
149,151,140,180
153,154,141,1687
154,155,141,1688
155,153,141,142
156,153,142,1686
155,156,142,143
157,156,143,1685
155,157,143,182
158,159,144,1870
159,157,144,1685
157,158,144,145
160,158,145,1880
157,160,145,183
161,162,146,1879
162,160,146,1880
160,161,146,184
163,164,147,1891
164,161,147,1878
161,163,147,185
165,166,148,1903
166,163,148,1890
163,165,148,149
167,165,149,1924
163,167,149,150
168,167,150,1928
163,168,150,151
169,168,151,1902
163,169,151,152
170,169,152,1901
163,170,152,153
171,170,153,1901
163,171,153,154
172,171,154,1900
163,172,154,155
173,172,155,1899
163,173,155,156
174,173,156,1898
163,174,156,157
175,174,157,1862
163,175,157,158
176,175,158,1861
163,176,158,159
177,176,159,1861
163,177,159,186
178,179,160,1467
179,177,160,1868
177,178,160,161
180,178,161,1466
177,180,161,187
181,182,162,1484
182,180,162,1466
180,181,162,163
183,181,163,1465
180,183,163,164
184,183,164,1464
180,184,164,165
185,184,165,1463
180,185,165,188
186,187,166,1461
187,188,166,1462
188,186,166,167
189,186,167,1460
188,189,167,190
190,191,168,1495
191,192,168,1479
192,190,168,169
193,190,169,1504
192,193,169,192
194,195,170,1511
195,193,170,1510
193,194,170,171
196,194,171,1521
193,196,171,172
197,196,172,797
193,197,172,192
198,199,173,927
199,197,173,797
197,198,173,174
200,198,174,926
197,200,174,193
118,200,175,925
200,119,175,194
127,124,176,937
124,144,176,177
147,144,177,1440
124,147,177,178
124,148,178,179
124,149,179,180
124,151,180,181
155,151,181,1688
124,155,181,182
124,157,182,183
124,160,183,184
124,161,184,185
124,163,185,186
124,177,186,187
124,180,187,188
124,185,188,189
188,185,189,1462
124,188,189,190
124,189,190,191
192,189,191,1460
124,192,191,196
192,197,192,193
192,200,193,194
192,119,194,195
192,120,195,196
201,202,197,1246
202,203,197,-1
203,201,197,198
204,201,198,1245
203,204,198,320
205,206,199,1305
206,204,199,1245
204,205,199,200
207,205,200,1317
204,207,200,201
208,207,201,1244
204,208,201,321
209,210,202,1243
210,208,202,1244
208,209,202,322
211,212,203,1242
212,209,203,1243
209,211,203,323
213,214,204,1240
214,215,204,1241
215,213,204,205
216,213,205,1239
215,216,205,325
217,218,206,1238
218,216,206,1239
216,217,206,326
219,220,207,1237
220,217,207,1238
217,219,207,327
221,222,208,1236
222,219,208,1237
219,221,208,328
223,224,209,1234
224,221,209,1235
221,223,209,329
225,226,210,1316
226,223,210,1234
223,225,210,211
227,225,211,1233
223,227,211,212
228,227,212,1232
223,228,212,213
229,228,213,1231
223,229,213,330
230,231,214,1230
231,229,214,1231
229,230,214,331
232,233,215,1229
233,230,215,1230
230,232,215,381
234,235,216,1227
235,236,216,1228
236,234,216,332
237,238,217,1226
238,234,217,1227
234,237,217,218
239,237,218,1225
234,239,218,333
240,241,219,1222
241,242,219,1223
242,240,219,334
243,244,220,1221
244,240,220,1222
240,243,220,335
245,246,221,1314
246,243,221,1221
243,245,221,222
247,245,222,1220
243,247,222,223
248,247,223,1219
243,248,223,224
249,248,224,1218
243,249,224,336
250,251,225,1216
251,249,225,1217
249,250,225,337
252,253,226,1293
253,254,226,1215
254,252,226,227
255,252,227,1312
254,255,227,228
256,255,228,1214
254,256,228,338
257,258,229,1291
258,256,229,1214
256,257,229,230
259,257,230,1213
256,259,230,231
260,259,231,1212
256,260,231,339
261,262,232,1210
262,260,232,1211
260,261,232,340
263,264,233,1209
264,261,233,1210
261,263,233,234
265,263,234,1208
261,265,234,341
266,267,235,1207
267,265,235,1208
265,266,235,236
268,266,236,1206
265,268,236,341
269,270,237,1289
270,268,237,1206
268,269,237,238
271,269,238,1288
268,271,238,239
272,271,239,1205
268,272,239,240
273,272,240,1204
268,273,240,342
274,275,241,1203
275,273,241,1204
273,274,241,242
276,274,242,1202
273,276,242,343
277,278,243,1201
278,276,243,1202
276,277,243,344
279,280,244,1199
280,281,244,1200
281,279,244,346
282,283,245,1197
283,279,245,1198
279,282,245,347
284,285,246,1283
285,286,246,1195
286,284,246,247
287,284,247,1194
286,287,247,248
288,287,248,1193
286,288,248,249
289,288,249,1193
286,289,249,250
290,289,250,1281
286,290,250,348
291,292,251,1191
292,293,251,1192
293,291,251,252
294,291,252,2193
293,294,252,253
295,294,253,2192
293,295,253,254
296,295,254,2191
293,296,254,349
297,298,255,1604
298,296,255,2190
296,297,255,256
299,297,256,1637
296,299,256,257
300,299,257,1603
296,300,257,258
301,300,258,1602
296,301,258,259
302,301,259,1601
296,302,259,350
303,304,260,1600
304,302,260,1601
302,303,260,351
305,306,261,1597
306,307,261,1598
307,305,261,386
308,309,262,1636
309,310,262,1596
310,308,262,263
311,308,263,1595
310,311,263,353
312,313,264,1594
313,311,264,1595
311,312,264,265
314,312,265,1593
311,314,265,353
315,316,266,1658
316,314,266,1593
314,315,266,267
317,315,267,1592
314,317,267,354
318,319,268,1591
319,317,268,1592
317,318,268,355
320,321,269,1589
321,322,269,1590
322,320,269,270
323,320,270,1588
322,323,270,357
324,325,271,1669
325,323,271,1588
323,324,271,272
326,324,272,1587
323,326,272,358
327,328,273,1586
328,326,273,1587
326,327,273,359
329,330,274,1584
330,331,274,1585
331,329,274,361
332,333,275,1583
333,329,275,1584
329,332,275,362
334,335,276,1581
335,332,276,1582
332,334,276,363
336,337,277,1579
337,334,277,1580
334,336,277,389
338,339,278,1576
339,340,278,1577
340,338,278,391
341,342,279,1657
342,343,279,1575
343,341,279,364
344,345,280,1574
345,341,280,1652
341,344,280,365
346,347,281,1572
347,348,281,1573
348,346,281,367
349,350,282,1570
350,346,282,1571
346,349,282,368
351,352,283,1569
352,349,283,1570
349,351,283,284
353,351,284,1568
349,353,284,392
354,355,285,1564
355,356,285,1565
356,354,285,406
357,358,286,1562
358,359,286,1563
359,357,286,287
360,357,287,1561
359,360,287,369
361,362,288,1560
362,360,288,1561
360,361,288,289
363,361,289,1559
360,363,289,369
364,365,290,1886
365,366,290,1556
366,364,290,291
367,364,291,1971
366,367,291,371
368,369,292,1954
369,367,292,1970
367,368,292,372
370,371,293,1953
371,368,293,1954
368,370,293,294
372,370,294,1943
368,372,294,295
373,372,295,1072
368,373,295,296
374,373,296,1071
368,374,296,297
375,374,297,1070
368,375,297,373
376,377,298,1068
377,375,298,1069
375,376,298,299
378,376,299,1067
375,378,299,374
379,380,300,1064
380,381,300,1065
381,379,300,400
382,383,301,1100
383,384,301,1062
384,382,301,302
385,382,302,1116
384,385,302,303
386,385,303,1120
384,386,303,304
387,386,304,1061
384,387,304,375
388,389,305,1099
389,387,305,1061
387,388,305,306
390,388,306,1060
387,390,306,307
391,390,307,1059
387,391,307,376
392,393,308,1058
393,391,308,1059
391,392,308,309
394,392,309,1057
391,394,309,395
395,396,310,1097
396,394,310,1057
394,395,310,311
397,395,311,1056
394,397,311,312
398,397,312,1055
394,398,312,377
399,400,313,1054
400,398,313,1055
398,399,313,314
401,399,314,1054
398,401,314,377
402,403,315,1052
403,401,315,1053
401,402,315,316
404,402,316,1051
401,404,316,378
405,406,317,1048
406,407,317,1049
407,405,317,318
408,405,318,1047
407,408,318,319
203,408,319,1046
407,203,319,320
407,204,320,321
407,208,321,322
407,209,322,323
407,211,323,324
215,211,324,1241
407,215,324,325
407,216,325,326
407,217,326,327
407,219,327,328
407,221,328,329
407,223,329,330
407,229,330,331
407,230,331,380
236,232,332,1228
232,234,332,333
232,239,333,382
242,409,334,1223
409,240,334,335
409,243,335,336
409,249,336,337
409,250,337,384
254,250,338,1215
250,256,338,339
250,260,339,340
250,261,340,402
261,268,341,342
261,273,342,343
261,276,343,344
261,277,344,345
281,277,345,1200
261,281,345,346
261,279,346,347
261,282,347,403
286,410,348,1195
410,290,348,385
293,290,349,1192
290,296,349,350
290,302,350,351
290,303,351,352
307,303,352,1599
290,307,352,385
310,314,353,354
310,317,354,355
310,318,355,356
322,318,356,1590
310,322,356,357
310,323,357,358
310,326,358,359
310,327,359,360
331,327,360,1585
310,331,360,361
310,329,361,362
310,332,362,363
310,334,363,388
343,338,364,1575
338,341,364,365
338,344,365,366
348,344,366,1573
338,348,366,367
338,346,367,368
338,349,368,391
359,363,369,370
411,363,370,1558
359,411,370,393
366,411,371,1557
411,367,371,372
411,368,372,373
411,375,373,374
411,378,374,393
384,412,375,1062
412,387,375,376
412,391,376,401
394,401,377,378
394,404,378,379
407,404,379,1050
394,407,379,380
394,230,380,381
394,232,381,382
394,239,382,383
409,239,383,1224
394,409,383,384
394,250,384,395
410,307,385,386
410,305,386,387
310,305,387,1596
410,310,387,388
410,334,388,389
410,336,389,390
340,336,390,1578
410,340,390,396
340,349,391,392
340,353,392,397
359,378,393,394
381,378,394,1066
359,381,394,399
391,250,395,401
410,282,396,1196
282,340,396,397
282,353,397,398
413,353,398,1567
282,413,398,403
359,354,399,1563
354,381,399,400
354,379,400,407
412,250,401,402
412,261,402,408
261,413,403,404
414,413,404,1567
261,414,404,405
356,414,405,1566
261,356,405,406
261,354,406,407
261,379,407,408
412,379,408,1063
415,416,409,1516
416,417,409,801
417,415,409,410
418,415,410,1849
417,418,410,411
419,418,411,1848
417,419,411,412
420,419,412,1929
417,420,412,511
421,422,413,1937
422,423,413,1938
423,421,413,514
424,425,414,1988
425,421,414,1936
421,424,414,537
426,427,415,1986
427,424,415,1987
424,426,415,553
428,429,416,1984
429,426,416,1985
426,428,416,515
430,431,417,1983
431,428,417,1984
428,430,417,418
432,430,418,1982
428,432,418,419
433,432,419,2019
428,433,419,515
434,435,420,2022
435,433,420,2019
433,434,420,421
436,434,421,2018
433,436,421,538
437,438,422,2051
438,439,422,2016
439,437,422,423
440,437,423,2034
439,440,423,516
441,442,424,2037
442,443,424,2038
443,441,424,540
444,445,425,2062
445,446,425,2063
446,444,425,426
447,444,426,2061
446,447,426,427
448,447,427,2120
446,448,427,428
449,448,428,2124
446,449,428,429
450,449,429,2105
446,450,429,430
451,450,430,2104
446,451,430,431
452,451,431,2077
446,452,431,432
453,452,432,2076
446,453,432,433
454,453,433,2075
446,454,433,517
455,456,434,2074
456,454,434,2075
454,455,434,435
457,455,435,2073
454,457,435,436
458,457,436,2073
454,458,436,437
459,458,437,2081
454,459,437,518
460,461,438,2092
461,462,438,2090
462,460,438,559
463,464,439,2102
464,460,439,2103
460,463,439,519
465,466,440,2100
466,463,440,2101
463,465,440,441
467,465,441,2226
463,467,441,519
468,469,442,2239
469,470,442,2240
470,468,442,520
471,472,443,2246
472,468,443,2239
468,471,443,444
473,471,444,2238
468,473,444,445
474,473,445,2237
468,474,445,565
475,476,446,2236
476,474,446,2237
474,475,446,447
477,475,447,2235
474,477,447,448
478,477,448,2253
474,478,448,449
479,478,449,2165
474,479,449,543
480,481,450,2400
481,482,450,2401
482,480,450,451
483,480,451,2400
482,483,451,452
484,483,452,2399
482,484,452,521
485,486,453,2405
486,484,453,2399
484,485,453,454
487,485,454,2398
484,487,454,455
488,487,455,2397
484,488,455,456
489,488,456,2396
484,489,456,522
490,491,457,2424
491,492,457,2425
492,490,457,523
493,494,458,2440
494,490,458,2423
490,493,458,459
495,493,459,2439
490,495,459,523
496,497,460,2436
497,498,460,2437
498,496,460,461
499,496,461,2418
498,499,461,462
500,499,462,2454
498,500,462,524
501,502,463,2453
502,500,463,2460
500,501,463,464
503,501,464,2452
500,503,464,525
504,505,465,2451
505,503,465,2452
503,504,465,466
506,504,466,2513
503,506,466,467
507,506,467,2512
503,507,467,526
508,509,468,2510
509,507,468,2511
507,508,468,469
510,508,469,2523
507,510,469,527
511,512,470,2521
512,510,470,2522
510,511,470,471
513,511,471,-1
510,513,471,472
514,513,472,835
510,514,472,473
515,514,473,905
510,515,473,474
516,515,474,834
510,516,474,475
517,516,475,833
510,517,475,476
518,517,476,832
510,518,476,477
519,518,477,832
510,519,477,478
520,519,478,904
510,520,478,479
521,520,479,831
510,521,479,480
522,521,480,830
510,522,480,481
523,522,481,830
510,523,481,546
524,525,482,902
525,526,482,828
526,524,482,483
527,524,483,827
526,527,483,484
528,527,484,826
526,528,484,528
529,530,485,825
530,528,485,826
528,529,485,549
531,532,486,824
532,529,486,825
529,531,486,529
533,534,487,823
534,531,487,824
531,533,487,529
535,536,488,821
536,537,488,822
537,535,488,566
538,539,489,820
539,535,489,821
535,538,489,530
540,541,490,819
541,538,490,820
538,540,490,491
542,540,491,818
538,542,491,530
543,544,492,817
544,542,492,818
542,543,492,531
545,546,493,816
546,543,493,817
543,545,493,532
547,548,494,815
548,545,494,816
545,547,494,495
549,547,495,814
545,549,495,496
550,549,496,813
545,550,496,533
551,552,497,897
552,553,497,812
553,551,497,498
554,551,498,811
553,554,498,499
555,554,499,811
553,555,499,500
556,555,500,810
553,556,500,501
557,556,501,809
553,557,501,502
558,557,502,808
553,558,502,503
559,558,503,807
553,559,503,534
560,561,504,805
561,559,504,806
559,560,504,535
562,563,505,804
563,560,505,805
560,562,505,506
564,562,506,803
560,564,506,535
565,566,507,802
566,564,507,803
564,565,507,536
567,568,508,894
568,565,508,802
565,567,508,509
569,567,509,893
565,569,509,510
417,569,510,892
565,417,510,511
565,420,511,512
570,420,512,1939
565,570,512,513
423,570,513,1938
565,423,513,514
565,421,514,536
426,433,515,554
439,436,516,2017
436,440,516,538
446,571,517,2063
571,454,517,518
571,459,518,541
460,467,519,563
470,467,520,2240
467,468,520,564
482,479,521,2401
479,484,521,522
479,489,522,543
492,495,523,556
498,572,524,2438
572,500,524,525
572,503,525,526
572,507,526,527
572,510,527,545
526,573,528,828
573,528,528,548
529,533,529,549
535,542,530,531
535,543,531,532
535,545,532,533
535,550,533,550
553,550,534,812
550,559,534,550
559,564,535,551
564,421,536,537
564,424,537,552
433,440,538,539
443,440,539,2039
433,443,539,540
433,441,540,554
571,574,541,2064
574,459,541,542
462,459,542,2082
574,462,542,555
474,489,543,544
492,489,544,2396
474,492,544,560
572,495,545,2439
495,510,545,546
495,523,546,547
573,523,547,829
495,573,547,548
495,528,548,556
528,533,549,557
535,559,550,551
535,564,551,552
535,424,552,553
535,426,553,562
426,441,554,558
574,441,555,2046
441,462,555,558
492,528,556,557
492,533,557,560
426,462,558,559
426,460,559,562
474,533,560,561
537,533,561,822
474,537,561,565
535,460,562,563
535,467,563,564
535,468,564,566
468,537,565,566
575,576,567,1189
576,577,567,1190
577,575,567,568
578,575,568,1188
577,578,568,609
579,580,569,1187
580,578,569,1188
578,579,569,610
581,582,570,1277
582,579,570,1187
579,581,570,571
583,581,571,1186
579,583,571,572
584,583,572,1185
579,584,572,573
585,584,573,1185
579,585,573,574
586,585,574,1184
579,586,574,610
587,588,575,1183
588,586,575,1184
586,587,575,576
589,587,576,1182
586,589,576,611
590,591,577,1273
591,592,577,1180
592,590,577,578
593,590,578,1179
592,593,578,579
594,593,579,1178
592,594,579,580
595,594,580,1177
592,595,580,612
596,597,581,1271
597,595,581,1177
595,596,581,582
598,596,582,1270
595,598,582,583
599,598,583,1269
595,599,583,584
600,599,584,1176
595,600,584,585
601,600,585,1175
595,601,585,613
602,603,586,1174
603,601,586,1175
601,602,586,587
604,602,587,1173
601,604,587,588
605,604,588,-1
601,605,588,589
606,605,589,2329
601,606,589,590
607,606,590,2329
601,607,590,591
608,607,591,2328
601,608,591,592
609,608,592,2327
601,609,592,593
610,609,593,2326
601,610,593,594
611,610,594,2326
601,611,594,595
612,611,595,2325
601,612,595,596
613,612,596,2324
601,613,596,597
614,613,597,2323
601,614,597,598
615,614,598,2323
601,615,598,599
616,615,599,2322
601,616,599,600
617,616,600,2321
601,617,600,601
618,617,601,2321
601,618,601,602
619,618,602,2320
601,619,602,603
620,619,603,2319
601,620,603,604
621,620,604,2318
601,621,604,605
622,621,605,2318
601,622,605,606
623,622,606,2317
601,623,606,618
624,625,607,2266
625,626,607,2267
626,624,607,608
627,624,608,2194
626,627,608,614
577,627,609,2194
627,578,609,615
578,586,610,611
578,589,611,616
592,628,612,1180
628,595,612,613
628,601,613,617
626,623,614,2317
623,627,614,615
623,578,615,616
623,589,616,618
628,589,617,1181
589,601,617,618
629,630,619,718
630,631,619,-1
631,629,619,649
632,633,620,717
633,629,620,718
629,632,620,650
634,635,621,716
635,632,621,717
632,634,621,651
636,637,622,715
637,634,622,716
634,636,622,652
638,639,623,714
639,636,623,715
636,638,623,624
640,638,624,713
636,640,624,653
641,642,625,711
642,643,625,712
643,641,625,655
644,645,626,709
645,646,626,710
646,644,626,657
647,648,627,707
648,649,627,708
649,647,627,628
650,647,628,706
649,650,628,659
651,652,629,725
652,653,629,705
653,651,629,630
654,651,630,704
653,654,630,661
74,654,631,703
654,75,631,662
75,71,632,633
75,72,633,663
72,68,634,635
72,69,635,664
69,67,636,637
655,67,637,1804
69,655,637,638
656,655,638,1804
69,656,638,639
657,656,639,1835
69,657,639,640
658,657,640,1803
69,658,640,641
659,658,641,1802
69,659,641,642
660,659,642,1801
69,660,642,665
661,662,643,1800
662,660,643,1801
660,661,643,665
663,664,644,1797
664,665,644,1798
665,663,644,668
666,667,645,1796
667,663,645,1797
663,666,645,646
668,666,646,1796
663,668,646,647
669,668,647,1830
663,669,647,648
631,669,648,-1
663,631,648,649
663,629,649,650
663,632,650,651
663,634,651,652
663,636,652,653
663,640,653,654
643,640,654,712
663,643,654,655
663,641,655,656
646,641,656,710
663,646,656,657
663,644,657,658
649,644,658,708
663,649,658,659
663,650,659,660
653,650,660,705
663,653,660,661
663,654,661,662
663,75,662,663
663,72,663,664
663,69,664,668
69,661,665,666
670,661,666,1799
69,670,666,667
665,670,667,1798
69,665,667,668
2,630,669,-1
630,114,669,670
630,113,670,671
630,110,671,672
630,111,672,673
630,112,673,674
630,109,674,675
630,107,675,676
630,108,676,677
630,105,677,678
630,106,678,679
630,104,679,680
630,103,680,681
630,101,681,682
630,102,682,683
630,100,683,684
630,99,684,685
630,97,685,686
630,98,686,687
630,95,687,688
630,96,688,689
630,94,689,690
630,92,690,691
630,93,691,692
630,91,692,693
630,89,693,694
630,90,694,695
630,88,695,696
630,87,696,697
630,86,697,719
86,85,698,720
85,83,699,721
83,81,700,722
81,77,701,722
78,74,702,703
78,654,703,704
78,651,704,724
652,650,705,706
652,647,706,707
652,648,707,726
648,644,708,709
648,645,709,727
645,641,710,711
645,642,711,728
642,640,712,713
642,638,713,714
642,639,714,729
639,637,715,730
637,635,716,731
635,633,717,732
633,630,718,719
633,86,719,720
633,85,720,721
633,83,721,732
83,77,722,723
83,78,723,724
83,651,724,725
83,652,725,726
83,648,726,727
83,645,727,728
83,642,728,729
83,639,729,730
83,637,730,731
83,635,731,732
671,672,733,887
672,1,733,-1
1,671,733,769
673,674,734,912
674,671,734,887
671,673,734,735
675,673,735,886
671,675,735,736
676,675,736,885
671,676,736,737
677,676,737,884
671,677,737,738
678,677,738,883
671,678,738,739
679,678,739,882
671,679,739,769
680,681,740,881
681,679,740,882
679,680,740,770
682,683,741,879
683,680,741,880
680,682,741,771
684,685,742,877
685,686,742,878
686,684,742,773
687,688,743,875
688,689,743,876
689,687,743,744
690,687,744,874
689,690,744,775
691,692,745,871
692,693,745,872
693,691,745,777
694,695,746,869
695,691,746,870
691,694,746,778
696,697,747,868
697,694,747,869
694,696,747,748
698,696,748,867
694,698,748,749
699,698,749,866
694,699,749,750
700,699,750,865
694,700,750,779
701,702,751,864
702,700,751,865
700,701,751,780
703,704,752,863
704,701,752,864
701,703,752,781
705,706,753,906
706,703,753,863
703,705,753,782
707,708,754,861
708,705,754,862
705,707,754,783
709,710,755,859
710,707,755,860
707,709,755,756
711,709,756,858
707,711,756,784
712,713,757,856
713,711,757,857
711,712,757,785
714,715,758,853
715,716,758,854
716,714,758,787
717,718,759,851
718,714,759,852
714,717,759,788
719,720,760,848
720,721,760,849
721,719,760,761
722,719,761,847
721,722,761,790
723,724,762,845
724,722,762,846
722,723,762,791
725,726,763,843
726,723,763,844
723,725,763,764
727,725,764,842
723,727,764,765
728,727,765,841
723,728,765,792
729,730,766,839
730,728,766,840
728,729,766,793
0,731,767,-1
731,732,767,836
732,0,767,768
732,1,768,795
1,679,769,770
1,680,770,771
1,682,771,772
686,682,772,878
1,686,772,773
1,684,773,774
689,684,774,876
1,689,774,775
1,690,775,776
693,690,776,873
1,693,776,777
1,691,777,778
1,694,778,779
1,700,779,780
1,701,780,781
1,703,781,782
1,705,782,783
1,707,783,784
1,711,784,785
1,712,785,786
716,712,786,855
1,716,786,787
1,714,787,788
1,717,788,789
721,717,789,850
1,721,789,790
1,722,790,791
1,723,791,792
1,728,792,793
1,729,793,794
733,729,794,838
1,733,794,795
732,733,795,837
199,734,796,927
734,672,796,-1
672,199,796,888
199,196,797,798
735,196,798,1520
199,735,798,799
736,735,799,1519
199,736,799,889
737,738,800,1518
738,736,800,1519
736,737,800,890
416,737,801,1517
737,417,801,891
568,566,802,895
566,562,803,804
566,563,804,896
563,561,805,806
563,559,806,807
563,558,807,808
563,557,808,809
563,556,809,810
563,555,810,913
555,551,811,914
552,550,812,813
552,549,813,814
552,547,814,815
552,548,815,897
548,546,816,898
546,544,817,898
544,540,818,819
544,541,819,917
541,539,820,899
539,536,821,899
536,533,822,823
536,534,823,900
534,532,824,918
532,530,825,901
530,527,826,827
530,524,827,901
525,573,828,829
525,523,829,902
523,521,830,831
523,520,831,903
519,517,832,833
519,516,833,834
519,515,834,904
731,513,835,-1
514,731,835,836
514,732,836,837
514,733,837,838
514,729,838,839
514,730,839,840
514,728,840,841
514,727,841,842
514,725,842,843
514,726,843,844
514,723,844,845
514,724,845,846
514,722,846,847
514,719,847,848
514,720,848,849
514,721,849,850
514,717,850,851
514,718,851,852
514,714,852,853
514,715,853,854
514,716,854,855
514,712,855,856
514,713,856,857
514,711,857,858
514,709,858,859
514,710,859,860
514,707,860,861
514,708,861,862
514,705,862,905
706,704,863,907
704,702,864,908
702,699,865,866
702,698,866,867
702,696,867,868
702,697,868,909
697,695,869,870
697,691,870,871
697,692,871,872
697,693,872,873
697,690,873,874
697,687,874,875
697,688,875,921
688,684,876,877
688,685,877,910
685,682,878,879
685,683,879,880
685,680,880,881
685,681,881,910
681,678,882,883
681,677,883,884
681,676,884,885
681,675,885,886
681,673,886,911
674,672,887,888
674,199,888,889
674,736,889,890
674,737,890,891
674,417,891,892
674,569,892,893
674,567,893,894
674,568,894,895
674,566,895,896
674,563,896,912
551,548,897,915
548,544,898,916
541,536,899,900
541,534,900,917
532,524,901,918
524,523,902,903
524,520,903,919
520,515,904,919
515,705,905,906
515,706,906,907
515,704,907,908
515,702,908,909
515,697,909,920
688,681,910,911
688,673,911,922
673,563,912,913
673,555,913,914
673,551,914,915
673,548,915,916
673,544,916,923
544,534,917,923
534,524,918,924
524,515,919,920
524,697,920,921
524,688,921,922
524,673,922,924
673,534,923,924
118,734,925,-1
734,200,925,926
734,198,926,927
739,740,928,941
740,117,928,-1
117,739,928,934
741,742,929,1405
742,739,929,1406
739,741,929,930
743,741,930,1399
739,743,930,931
744,743,931,1398
739,744,931,934
116,745,932,1402
745,744,932,1398
744,116,932,933
744,117,933,934
128,740,935,-1
740,125,935,936
740,126,936,941
126,124,937,938
126,122,938,939
126,123,939,940
739,123,940,1403
126,739,940,941
746,747,942,978
747,129,942,-1
129,746,942,943
748,746,943,977
129,748,943,944
749,748,944,976
129,749,944,945
750,749,945,1407
129,750,945,946
751,750,946,1413
129,751,946,962
752,753,947,1431
753,754,947,1432
754,752,947,948
755,752,948,1430
754,755,948,968
756,757,949,1428
757,755,949,1429
755,756,949,963
146,756,950,1428
756,147,950,951
758,147,951,1446
756,758,951,952
759,758,952,1439
756,759,952,953
760,759,953,1438
756,760,953,963
761,762,954,1444
762,760,954,1438
760,761,954,955
138,761,955,1437
760,138,955,956
760,137,956,964
137,135,957,958
137,134,958,959
137,133,959,965
133,131,960,966
131,129,961,962
131,751,962,966
755,760,963,964
755,137,964,965
755,133,965,968
133,751,966,967
754,751,967,1414
133,754,967,968
763,764,969,985
764,747,969,-1
747,763,969,970
765,763,970,985
747,765,970,971
766,765,971,984
747,766,971,972
767,766,972,983
747,767,972,978
768,769,973,982
769,767,973,983
767,768,973,974
770,768,974,1408
767,770,974,975
749,770,975,1407
767,749,975,976
767,748,976,977
767,746,977,978
771,772,979,1025
772,764,979,-1
764,771,979,986
773,774,980,1034
774,775,980,1024
775,773,980,988
768,776,981,1409
776,773,981,1023
773,768,981,982
773,769,982,988
769,766,983,984
769,765,984,989
765,764,985,986
765,771,986,987
775,771,987,1024
765,775,987,989
775,769,988,989
777,778,990,1095
778,772,990,-1
772,777,990,1026
779,780,991,1094
780,777,991,1095
777,779,991,1027
781,782,992,1112
782,779,992,1094
779,781,992,993
783,781,993,1093
779,783,993,1035
784,785,994,1091
785,783,994,1092
783,784,994,995
786,784,995,1090
783,786,995,1041
787,788,996,1088
788,786,996,1089
786,787,996,1042
789,790,997,1087
790,787,997,1088
787,789,997,1028
791,792,998,1086
792,789,998,1087
789,791,998,1028
793,794,999,1109
794,795,999,1085
795,793,999,1000
796,793,1000,1084
795,796,1000,1001
797,796,1001,1083
795,797,1001,1029
798,799,1002,1082
799,797,1002,1083
797,798,1002,1003
800,798,1003,1082
797,800,1003,1004
801,800,1004,1081
797,801,1004,1030
802,803,1005,1080
803,801,1005,1081
801,802,1005,1006
804,802,1006,1079
801,804,1006,1037
805,806,1007,1104
806,807,1007,1078
807,805,1007,1008
808,805,1008,1077
807,808,1008,1031
809,810,1009,1076
810,808,1009,1077
808,809,1009,1010
811,809,1010,1075
808,811,1010,1011
812,811,1011,1851
808,812,1011,1012
813,812,1012,1859
808,813,1012,1013
814,813,1013,1850
808,814,1013,1031
815,816,1014,1682
816,814,1014,1850
814,815,1014,1015
817,815,1015,1681
814,817,1015,1016
818,817,1016,1423
814,818,1016,1039
819,820,1017,1421
820,821,1017,1422
821,819,1017,1032
822,823,1018,1420
823,819,1018,1421
819,822,1018,1019
824,822,1019,1419
819,824,1019,1020
825,824,1020,1418
819,825,1020,1021
826,825,1021,1417
819,826,1021,1032
827,828,1022,1411
828,826,1022,1416
826,827,1022,1033
776,827,1023,1410
827,773,1023,1033
774,771,1024,1025
774,772,1025,1026
774,777,1026,1027
774,779,1027,1034
787,791,1028,1036
795,791,1029,1085
791,797,1029,1030
791,801,1030,1036
807,814,1031,1038
821,826,1032,1045
826,773,1033,1040
773,779,1034,1035
773,783,1035,1040
787,801,1036,1037
787,804,1037,1043
807,804,1038,1078
804,814,1038,1039
804,818,1039,1043
826,783,1040,1041
826,786,1041,1042
826,787,1042,1045
787,818,1043,1044
821,818,1044,1422
787,821,1044,1045
203,778,1046,-1
778,408,1046,1047
778,405,1047,1048
778,406,1048,1049
778,407,1049,1050
778,404,1050,1051
778,402,1051,1052
778,403,1052,1053
778,401,1053,1096
401,400,1054,1114
400,397,1055,1056
400,395,1056,1118
396,392,1057,1058
396,393,1058,1097
393,390,1059,1060
393,388,1060,1098
389,386,1061,1099
383,412,1062,1063
383,379,1063,1064
383,380,1064,1065
383,381,1065,1066
383,378,1066,1067
383,376,1067,1068
383,377,1068,1069
383,375,1069,1070
383,374,1070,1071
383,373,1071,1100
829,372,1072,1942
373,829,1072,1101
830,831,1073,1948
831,829,1073,1942
829,830,1073,1074
811,830,1074,1851
829,811,1074,1075
829,809,1075,1076
829,810,1076,1102
810,805,1077,1103
806,804,1078,1079
806,802,1079,1080
806,803,1080,1105
803,800,1081,1106
800,799,1082,1107
799,796,1083,1084
799,793,1084,1108
794,791,1085,1086
794,792,1086,1109
792,790,1087,1110
790,788,1088,1089
790,786,1089,1090
790,784,1090,1091
790,785,1091,1092
790,783,1092,1093
790,781,1093,1111
782,780,1094,1112
780,778,1095,1096
780,401,1096,1113
395,393,1097,1098
395,388,1098,1115
388,386,1099,1115
382,373,1100,1101
382,829,1101,1102
382,810,1102,1103
382,805,1103,1104
382,806,1104,1105
382,803,1105,1106
382,800,1106,1107
382,799,1107,1108
382,793,1108,1116
793,792,1109,1110
793,790,1110,1111
793,781,1111,1117
781,780,1112,1113
781,401,1113,1114
781,400,1114,1117
395,386,1115,1119
385,793,1116,1120
793,400,1117,1118
793,395,1118,1119
793,386,1119,1120
832,833,1121,1371
833,202,1121,-1
202,832,1121,1122
834,832,1122,1371
202,834,1122,1123
835,834,1123,1370
202,835,1123,1124
836,835,1124,1370
202,836,1124,1125
837,836,1125,1369
202,837,1125,1126
838,837,1126,1369
202,838,1126,1127
839,838,1127,1368
202,839,1127,1128
840,839,1128,1367
202,840,1128,1129
841,840,1129,1367
202,841,1129,1130
842,841,1130,1366
202,842,1130,1131
843,842,1131,1365
202,843,1131,1132
844,843,1132,1365
202,844,1132,1133
845,844,1133,1364
202,845,1133,1134
846,845,1134,1364
202,846,1134,1135
847,846,1135,1363
202,847,1135,1136
848,847,1136,1362
202,848,1136,1137
849,848,1137,1362
202,849,1137,1138
850,849,1138,1361
202,850,1138,1139
851,850,1139,1361
202,851,1139,1246
852,853,1140,1360
853,851,1140,1390
851,852,1140,1141
854,852,1141,1359
851,854,1141,1247
855,856,1142,1356
856,857,1142,1357
857,855,1142,1250
858,859,1143,1355
859,855,1143,1356
855,858,1143,1144
860,858,1144,1354
855,860,1144,1251
861,862,1145,1353
862,860,1145,1354
860,861,1145,1252
863,864,1146,1352
864,861,1146,1353
861,863,1146,1253
865,866,1147,1351
866,863,1147,1352
863,865,1147,1254
867,868,1148,1350
868,865,1148,1351
865,867,1148,1149
869,867,1149,1349
865,869,1149,1255
870,871,1150,1348
871,869,1150,1349
869,870,1150,1151
872,870,1151,1348
869,872,1151,1152
873,872,1152,1347
869,873,1152,1153
874,873,1153,1346
869,874,1153,1256
875,876,1154,1344
876,874,1154,1345
874,875,1154,1155
877,875,1155,1343
874,877,1155,1257
878,879,1156,1341
879,880,1156,1342
880,878,1156,1157
881,878,1157,1340
880,881,1157,1258
882,883,1158,1339
883,881,1158,1340
881,882,1158,1259
884,885,1159,1337
885,882,1159,1338
882,884,1159,1260
886,887,1160,1378
887,888,1160,1336
888,886,1160,1161
889,886,1161,1335
888,889,1161,1261
890,891,1162,1334
891,889,1162,1335
889,890,1162,1163
892,890,1163,1333
889,892,1163,1262
893,894,1164,1332
894,892,1164,1333
892,893,1164,1165
895,893,1165,1331
892,895,1165,1263
896,897,1166,1328
897,898,1166,1329
898,896,1166,1167
899,896,1167,1327
898,899,1167,1265
900,901,1168,1326
901,899,1168,1327
899,900,1168,1169
902,900,1169,1325
899,902,1169,1265
903,904,1170,1324
904,902,1170,1325
902,903,1170,1266
905,906,1171,1322
906,903,1171,1323
903,905,1171,1172
604,905,1172,-1
903,604,1172,1173
903,602,1173,1174
903,603,1174,1267
603,600,1175,1176
603,599,1176,1268
597,594,1177,1178
597,593,1178,1179
597,590,1179,1272
591,628,1180,1181
591,589,1181,1182
591,587,1182,1183
591,588,1183,1274
588,585,1184,1275
585,583,1185,1186
585,581,1186,1276
582,580,1187,1278
580,575,1188,1189
580,576,1189,1278
291,577,1190,2193
576,291,1190,1191
576,292,1191,1279
292,290,1192,1280
289,287,1193,1194
289,284,1194,1282
285,410,1195,1196
285,282,1196,1197
285,283,1197,1198
285,279,1198,1199
285,280,1199,1284
280,277,1200,1201
280,278,1201,1285
278,274,1202,1203
278,275,1203,1286
275,272,1204,1205
275,271,1205,1287
270,266,1206,1207
270,267,1207,1289
267,263,1208,1209
267,264,1209,1290
264,262,1210,1211
264,260,1211,1212
264,259,1212,1213
264,257,1213,1290
258,255,1214,1292
253,250,1215,1216
253,251,1216,1217
253,249,1217,1218
253,248,1218,1219
253,247,1219,1220
253,245,1220,1293
246,244,1221,1315
244,241,1222,1294
241,409,1223,1224
241,239,1224,1225
241,237,1225,1226
241,238,1226,1294
238,235,1227,1295
235,232,1228,1229
235,233,1229,1296
233,231,1230,1297
231,228,1231,1232
231,227,1232,1233
231,225,1233,1298
226,224,1234,1235
226,221,1235,1236
226,222,1236,1299
222,220,1237,1299
220,218,1238,1300
218,213,1239,1240
218,214,1240,1301
214,211,1241,1242
214,212,1242,1302
212,210,1243,1303
210,207,1244,1304
206,201,1245,1305
201,851,1246,1247
201,854,1247,1248
907,854,1248,1358
201,907,1248,1249
857,907,1249,1357
201,857,1249,1250
201,855,1250,1251
201,860,1251,1252
201,861,1252,1253
201,863,1253,1254
201,865,1254,1255
201,869,1255,1256
201,874,1256,1257
201,877,1257,1306
880,877,1258,1342
877,881,1258,1259
877,882,1259,1260
877,884,1260,1307
888,884,1261,1336
884,889,1261,1262
884,892,1262,1263
884,895,1263,1264
908,895,1264,1330
884,908,1264,1307
898,902,1265,1266
898,903,1266,1267
898,603,1267,1268
898,599,1268,1269
898,598,1269,1270
898,596,1270,1271
898,597,1271,1272
898,590,1272,1273
898,591,1273,1274
898,588,1274,1275
898,585,1275,1276
898,581,1276,1277
898,582,1277,1308
582,576,1278,1279
582,292,1279,1280
582,290,1280,1281
582,289,1281,1282
582,284,1282,1283
582,285,1283,1284
582,280,1284,1285
582,278,1285,1286
582,275,1286,1287
582,271,1287,1288
582,269,1288,1309
269,267,1289,1310
267,257,1290,1291
267,258,1291,1292
267,255,1292,1311
252,245,1293,1313
244,238,1294,1295
244,235,1295,1296
244,233,1296,1297
244,231,1297,1298
244,225,1298,1315
226,220,1299,1300
226,218,1300,1301
226,214,1301,1302
226,212,1302,1303
226,210,1303,1304
226,207,1304,1316
205,201,1305,1306
205,877,1306,1317
877,908,1307,1318
898,908,1308,1329
908,582,1308,1309
908,269,1309,1310
908,267,1310,1311
908,255,1311,1312
908,252,1312,1313
908,245,1313,1314
908,246,1314,1319
246,225,1315,1320
225,207,1316,1320
207,877,1317,1318
207,908,1318,1319
207,246,1319,1320
909,910,1321,-1
910,833,1321,-1
833,909,1321,1372
905,909,1322,-1
909,906,1322,1323
909,903,1323,1324
909,904,1324,1373
904,900,1325,1326
904,901,1326,1373
901,896,1327,1328
901,897,1328,1374
897,908,1329,1330
897,895,1330,1331
897,893,1331,1332
897,894,1332,1375
894,890,1333,1334
894,891,1334,1376
891,886,1335,1377
887,884,1336,1337
887,885,1337,1338
887,882,1338,1339
887,883,1339,1379
883,878,1340,1341
883,879,1341,1380
879,877,1342,1343
879,875,1343,1344
879,876,1344,1345
879,874,1345,1346
879,873,1346,1347
879,872,1347,1381
872,871,1348,1382
871,867,1349,1350
871,868,1350,1383
868,866,1351,1384
866,864,1352,1385
864,862,1353,1386
862,858,1354,1355
862,859,1355,1387
859,856,1356,1388
856,907,1357,1358
856,854,1358,1359
856,852,1359,1360
856,853,1360,1389
851,849,1361,1391
849,847,1362,1363
849,846,1363,1392
846,844,1364,1393
844,842,1365,1366
844,841,1366,1394
841,839,1367,1368
841,838,1368,1395
838,836,1369,1396
836,834,1370,1397
834,833,1371,1372
834,909,1372,1397
909,901,1373,1374
909,897,1374,1375
909,894,1375,1376
909,891,1376,1377
909,886,1377,1378
909,887,1378,1379
909,883,1379,1380
909,879,1380,1381
909,872,1381,1382
909,871,1382,1383
909,868,1383,1384
909,866,1384,1385
909,864,1385,1386
909,862,1386,1387
909,859,1387,1388
909,856,1388,1389
909,853,1389,1390
909,851,1390,1391
909,849,1391,1392
909,846,1392,1393
909,844,1393,1394
909,841,1394,1395
909,838,1395,1396
909,836,1396,1397
745,743,1398,1399
745,741,1399,1400
121,741,1400,1404
745,121,1400,1401
745,119,1401,1402
739,120,1403,1406
120,741,1404,1405
120,742,1405,1406
750,770,1407,1408
750,768,1408,1409
750,776,1409,1410
750,827,1410,1411
750,828,1411,1412
911,828,1412,1415
750,911,1412,1413
751,911,1413,1414
754,911,1414,1415
754,828,1415,1416
754,826,1416,1417
754,825,1417,1418
754,824,1418,1419
754,822,1419,1420
754,823,1420,1432
823,820,1421,1436
820,818,1422,1423
820,817,1423,1424
152,817,1424,1681
820,152,1424,1433
152,150,1425,1433
150,145,1426,1427
150,146,1427,1434
146,757,1428,1429
146,755,1429,1430
146,752,1430,1431
146,753,1431,1435
753,823,1432,1435
820,150,1433,1434
820,146,1434,1436
146,823,1435,1436
139,761,1437,1443
762,759,1438,1439
762,758,1439,1445
147,143,1440,1446
142,140,1441,1442
142,139,1442,1443
142,761,1443,1444
142,762,1444,1445
142,758,1445,1447
758,143,1446,1447
912,913,1448,-46322
913,914,1448,-46322
914,912,1448,1449
915,912,1449,-46322
914,915,1449,1450
916,915,1450,-46322
914,916,1450,1459
917,918,1451,-46322
918,916,1451,-46322
916,917,1451,1459
919,920,1452,-46322
920,917,1452,-46322
917,919,1452,1453
921,919,1453,-46322
917,921,1453,1454
922,921,1454,-46322
917,922,1454,1455
923,922,1455,-46322
917,923,1455,1456
924,923,1456,-46322
917,924,1456,1457
925,924,1457,-46322
917,925,1457,1458
914,925,1458,-46322
917,914,1458,1459
192,186,1460,1461
192,187,1461,1480
187,185,1462,1463
187,184,1463,1464
187,183,1464,1465
187,181,1465,1487
182,178,1466,1481
926,179,1467,1867
178,926,1467,1468
927,926,1468,1919
178,927,1468,1469
928,927,1469,1543
178,928,1469,1470
929,928,1470,1750
178,929,1470,1471
930,929,1471,1749
178,930,1471,1481
931,932,1472,1764
932,930,1472,1749
930,931,1472,1473
933,931,1473,1748
930,933,1473,1474
934,933,1474,1748
930,934,1474,1482
935,936,1475,1746
936,934,1475,1747
934,935,1475,1485
937,938,1476,1526
938,935,1476,1746
935,937,1476,1486
939,940,1477,1488
940,937,1477,1489
937,939,1477,1483
191,941,1478,1495
941,939,1478,1488
939,191,1478,1479
939,192,1479,1480
939,187,1480,1483
182,930,1481,1482
182,934,1482,1484
937,187,1483,1486
181,934,1484,1485
181,935,1485,1487
935,187,1486,1487
941,940,1488,1496
942,937,1489,1526
940,942,1489,1490
943,942,1490,1530
940,943,1490,1491
944,943,1491,1497
940,944,1491,1492
945,944,1492,1503
940,945,1492,1493
946,945,1493,1505
940,946,1493,1494
190,946,1494,1504
940,190,1494,1496
190,941,1495,1496
947,943,1497,1530
944,947,1497,1498
948,947,1498,1674
944,948,1498,1499
949,948,1499,1680
944,949,1499,1500
950,949,1500,1533
944,950,1500,1501
951,950,1501,1533
944,951,1501,1502
952,951,1502,1506
944,952,1502,1503
945,952,1503,1505
193,946,1504,1510
946,952,1505,1506
946,951,1506,1507
953,951,1507,1624
946,953,1507,1508
954,953,1508,1512
946,954,1508,1509
195,954,1509,1511
946,195,1509,1510
194,954,1511,1522
955,953,1512,1693
954,955,1512,1513
956,955,1513,1727
954,956,1513,1523
957,958,1514,1724
958,959,1514,1725
959,957,1514,1515
415,957,1515,1843
959,415,1515,1516
959,416,1516,1517
959,737,1517,1518
959,738,1518,1525
738,735,1519,1520
738,196,1520,1521
738,194,1521,1522
738,954,1522,1523
738,956,1523,1524
960,956,1524,1726
738,960,1524,1525
959,960,1525,1725
942,938,1526,1527
961,938,1527,1758
942,961,1527,1531
962,963,1528,1675
963,961,1528,1757
961,962,1528,1532
947,964,1529,1674
964,962,1529,1675
962,947,1529,1532
947,942,1530,1531
947,961,1531,1532
951,949,1533,1534
965,949,1534,1679
951,965,1534,1535
966,965,1535,1678
951,966,1535,1536
967,966,1536,1794
951,967,1536,1537
968,967,1537,1793
951,968,1537,1538
969,968,1538,1792
951,969,1538,1625
970,971,1539,1790
971,969,1539,1791
969,970,1539,1626
972,973,1540,1787
973,974,1540,1788
974,972,1540,1671
975,976,1541,1785
976,972,1541,1786
972,975,1541,1672
977,978,1542,1781
978,979,1542,1782
979,977,1542,1662
928,977,1543,1750
977,927,1543,1659
980,981,1544,1918
981,927,1544,1919
927,980,1544,1545
982,980,1545,1917
927,982,1545,1546
983,982,1546,1916
927,983,1546,1547
984,983,1547,1915
927,984,1547,1548
985,984,1548,1914
927,985,1548,1549
986,985,1549,1913
927,986,1549,1656
987,988,1550,1912
988,986,1550,1913
986,987,1550,1628
989,990,1551,1910
990,987,1551,1911
987,989,1551,1628
991,992,1552,1908
992,989,1552,1909
989,991,1552,1553
993,991,1553,1907
989,993,1553,1646
994,995,1554,1905
995,993,1554,1906
993,994,1554,1629
365,996,1555,1887
996,994,1555,1905
994,365,1555,1556
994,366,1556,1557
994,411,1557,1558
994,363,1558,1559
994,361,1559,1560
994,362,1560,1629
362,357,1561,1562
362,358,1562,1630
358,354,1563,1564
358,355,1564,1565
358,356,1565,1566
358,414,1566,1631
414,353,1567,1568
414,351,1568,1569
414,352,1569,1632
352,350,1570,1571
352,346,1571,1572
352,347,1572,1632
347,344,1573,1574
347,345,1574,1633
342,338,1575,1576
342,339,1576,1577
342,340,1577,1578
342,336,1578,1579
342,337,1579,1580
342,334,1580,1581
342,335,1581,1582
342,332,1582,1583
342,333,1583,1634
333,330,1584,1634
330,327,1585,1586
330,328,1586,1635
328,324,1587,1635
325,320,1588,1589
325,321,1589,1667
321,318,1590,1591
321,319,1591,1663
319,315,1592,1660
316,312,1593,1594
316,313,1594,1653
313,308,1595,1647
309,305,1596,1597
309,306,1597,1598
309,307,1598,1599
309,303,1599,1600
309,304,1600,1636
304,301,1601,1602
304,300,1602,1603
304,299,1603,1648
997,298,1604,2190
297,997,1604,1605
998,997,1605,2067
297,998,1605,1606
999,998,1606,2026
297,999,1606,1637
1000,1001,1607,2024
1001,1002,1607,2025
1002,1000,1607,1639
1003,1004,1608,1709
1004,1000,1608,2023
1000,1003,1608,1649
1005,1006,1609,1708
1006,1003,1609,1709
1003,1005,1609,1640
1007,1008,1610,1707
1008,1005,1610,1708
1005,1007,1610,1611
1009,1007,1611,1706
1005,1009,1611,1640
1010,1011,1612,1705
1011,1009,1612,1706
1009,1010,1612,1613
1012,1010,1613,1704
1009,1012,1613,1641
1013,1014,1614,1703
1014,1012,1614,1704
1012,1013,1614,1615
1015,1013,1615,1702
1012,1015,1615,1642
1016,1017,1616,1701
1017,1015,1616,1702
1015,1016,1616,1617
1018,1016,1617,1700
1015,1018,1617,1643
1019,1020,1618,1698
1020,1021,1618,1699
1021,1019,1618,1661
1022,1023,1619,1768
1023,1019,1619,1697
1019,1022,1619,1620
1024,1022,1620,1774
1019,1024,1620,1621
1025,1024,1621,1773
1019,1025,1621,1645
1026,1027,1622,1766
1027,1025,1622,1767
1025,1026,1622,1645
953,1028,1623,1693
1028,1026,1623,1694
1026,953,1623,1624
1026,951,1624,1625
1026,969,1625,1626
1026,970,1626,1627
974,970,1627,1789
1026,974,1627,1670
986,989,1628,1650
993,362,1629,1630
993,358,1630,1631
993,414,1631,1646
414,347,1632,1633
414,345,1633,1651
342,330,1634,1666
330,324,1635,1673
308,304,1636,1647
299,999,1637,1638
1002,999,1638,2032
299,1002,1638,1639
299,1000,1639,1648
1003,1009,1640,1641
1003,1012,1641,1642
1003,1015,1642,1643
1003,1018,1643,1644
1021,1018,1644,1699
1003,1021,1644,1655
1019,1026,1645,1664
989,414,1646,1650
313,304,1647,1653
304,1000,1648,1649
304,1003,1649,1654
986,414,1650,1651
986,345,1651,1652
986,341,1652,1656
316,304,1653,1654
316,1003,1654,1655
316,1021,1655,1658
927,341,1656,1657
927,342,1657,1659
315,1021,1658,1660
977,342,1659,1662
319,1021,1660,1661
319,1019,1661,1663
979,342,1662,1665
321,1019,1663,1664
321,1026,1664,1667
979,1029,1665,1783
1029,342,1665,1666
1029,330,1666,1668
325,1026,1667,1669
1029,975,1668,1784
975,330,1668,1672
324,1026,1669,1670
324,974,1670,1671
324,972,1671,1673
972,330,1672,1673
948,964,1674,1680
964,963,1675,1676
1030,963,1676,1757
964,1030,1676,1677
966,1030,1677,1775
964,966,1677,1678
964,965,1678,1679
964,949,1679,1680
152,815,1681,1682
152,816,1682,1690
1031,1032,1683,1857
1032,816,1683,1858
816,1031,1683,1691
159,1033,1684,1870
1033,1031,1684,1856
1031,159,1684,1692
159,156,1685,1686
159,153,1686,1687
159,154,1687,1692
154,151,1688,1689
154,152,1689,1690
154,816,1690,1691
154,1031,1691,1692
955,1028,1693,1727
1034,1026,1694,1765
1028,1034,1694,1728
1035,1036,1695,1771
1036,1037,1695,1772
1037,1035,1695,1696
1038,1035,1696,1770
1037,1038,1696,1730
1023,1039,1697,1768
1039,1019,1697,1698
1039,1020,1698,1731
1020,1018,1699,1700
1020,1016,1700,1701
1020,1017,1701,1732
1017,1013,1702,1703
1017,1014,1703,1732
1014,1010,1704,1705
1014,1011,1705,1742
1011,1007,1706,1707
1011,1008,1707,1739
1008,1006,1708,1733
1006,1004,1709,1733
1040,1041,1710,2030
1041,1004,1710,2023
1004,1040,1710,1711
1042,1040,1711,1991
1004,1042,1711,1712
1043,1042,1712,1976
1004,1043,1712,1713
1044,1043,1713,1975
1004,1044,1713,1714
1045,1044,1714,1975
1004,1045,1714,1734
1046,1047,1715,1973
1047,1048,1715,1974
1048,1046,1715,1716
1049,1046,1716,1972
1048,1049,1716,1717
1050,1049,1717,1934
1048,1050,1717,1736
1051,1052,1718,1933
1052,1050,1718,1934
1050,1051,1718,1719
1053,1051,1719,1932
1050,1053,1719,1736
1054,1055,1720,1930
1055,1053,1720,1931
1053,1054,1720,1721
1056,1054,1721,1846
1053,1056,1721,1722
1057,1056,1722,1845
1053,1057,1722,1737
1058,1059,1723,1844
1059,1057,1723,1845
1057,1058,1723,1744
957,1058,1724,1843
1058,958,1724,1740
958,960,1725,1726
958,956,1726,1738
956,1028,1727,1728
956,1034,1728,1729
1037,1034,1729,1765
956,1037,1729,1730
956,1038,1730,1738
1039,1038,1731,1769
1038,1020,1731,1741
1020,1014,1732,1745
1008,1004,1733,1734
1008,1045,1734,1735
1048,1045,1735,1974
1008,1048,1735,1739
1048,1053,1736,1737
1048,1057,1737,1743
958,1038,1738,1740
1011,1048,1739,1742
1058,1038,1740,1741
1058,1020,1741,1744
1014,1048,1742,1743
1014,1057,1743,1745
1057,1020,1744,1745
938,936,1746,1747
938,934,1747,1758
934,931,1748,1759
932,929,1749,1760
929,977,1750,1751
1060,977,1751,1780
929,1060,1751,1752
1061,1060,1752,1780
929,1061,1752,1753
1062,1061,1753,1779
929,1062,1753,1754
1063,1062,1754,1779
929,1063,1754,1755
1064,1063,1755,1778
929,1064,1755,1760
1065,1066,1756,1776
1066,1064,1756,1777
1064,1065,1756,1761
1030,961,1757,1763
961,934,1758,1759
961,931,1759,1763
932,1064,1760,1761
932,1065,1761,1762
1030,1065,1762,1775
932,1030,1762,1764
1030,931,1763,1764
1037,1026,1765,1766
1037,1027,1766,1767
1037,1025,1767,1772
1022,1039,1768,1769
1022,1038,1769,1770
1022,1035,1770,1771
1022,1036,1771,1774
1036,1025,1772,1773
1036,1024,1773,1774
966,1065,1775,1776
966,1066,1776,1777
966,1064,1777,1778
966,1063,1778,1794
1063,1061,1779,1795
1061,977,1780,1781
1061,978,1781,1782
1061,979,1782,1783
1061,1029,1783,1784
1061,975,1784,1785
1061,976,1785,1786
1061,972,1786,1787
1061,973,1787,1788
1061,974,1788,1789
1061,970,1789,1790
1061,971,1790,1791
1061,969,1791,1792
1061,968,1792,1793
1061,967,1793,1795
967,1063,1794,1795
668,667,1796,1831
667,664,1797,1832
664,670,1798,1799
664,661,1799,1800
664,662,1800,1833
662,659,1801,1802
662,658,1802,1803
662,657,1803,1834
656,67,1804,1805
656,65,1805,1806
656,64,1806,1807
656,63,1807,1808
656,60,1808,1809
656,61,1809,1810
656,62,1810,1811
656,58,1811,1812
656,59,1812,1813
656,57,1813,1814
656,56,1814,1815
656,54,1815,1816
656,55,1816,1836
55,52,1817,1837
52,50,1818,1819
52,49,1819,1820
52,46,1820,1838
47,44,1821,1822
47,45,1822,1840
45,41,1823,1841
42,39,1824,1825
42,38,1825,1826
42,37,1826,1842
1067,35,1827,2125
37,1067,1827,1828
1068,1067,1828,2143
37,1068,1828,1829
669,1068,1829,-1
37,669,1829,1830
37,668,1830,1831
37,667,1831,1832
37,664,1832,1833
37,662,1833,1834
37,657,1834,1835
37,656,1835,1836
37,55,1836,1837
37,52,1837,1838
37,46,1838,1839
37,47,1839,1840
37,45,1840,1841
37,41,1841,1842
415,1058,1843,1844
415,1059,1844,1849
1059,1056,1845,1846
1059,1054,1846,1847
419,1054,1847,1929
1059,419,1847,1848
1059,418,1848,1849
816,813,1850,1858
812,830,1851,1852
1069,830,1852,1947
812,1069,1852,1860
1070,1071,1853,1881
1071,1069,1853,1882
1069,1070,1853,1854
1072,1070,1854,1872
1069,1072,1854,1855
1033,1072,1855,1871
1069,1033,1855,1856
1069,1031,1856,1857
1069,1032,1857,1860
1032,813,1858,1859
1032,812,1859,1860
177,175,1861,1869
1073,174,1862,1898
175,1073,1862,1863
1074,1073,1863,1897
175,1074,1863,1864
1075,1074,1864,1896
175,1075,1864,1869
1076,1077,1865,1921
1077,1075,1865,1896
1075,1076,1865,1866
926,1076,1866,1920
1075,926,1866,1867
1075,179,1867,1868
1075,177,1868,1869
158,1033,1870,1871
158,1072,1871,1872
158,1070,1872,1873
1078,1070,1873,1881
158,1078,1873,1874
1079,1078,1874,1893
158,1079,1874,1875
1080,1079,1875,1892
158,1080,1875,1876
1081,1080,1876,1892
158,1081,1876,1877
164,1081,1877,1891
158,164,1877,1878
158,161,1878,1879
158,162,1879,1880
1078,1071,1881,1882
1078,1069,1882,1883
1082,1069,1883,1946
1078,1082,1883,1884
1083,1082,1884,1950
1078,1083,1884,1885
1084,1083,1885,1956
1078,1084,1885,1893
364,1084,1886,1971
1084,365,1886,1887
1084,996,1887,1888
1085,996,1888,1904
1084,1085,1888,1889
166,1085,1889,1903
1084,166,1889,1890
1084,163,1890,1894
163,1081,1891,1894
1081,1079,1892,1895
1079,1084,1893,1895
1084,1081,1894,1895
1077,1074,1896,1897
1077,1073,1897,1922
1073,173,1898,1899
1073,172,1899,1900
1073,171,1900,1923
171,169,1901,1902
171,168,1902,1927
165,1085,1903,1904
165,996,1904,1924
996,995,1905,1906
996,993,1906,1907
996,991,1907,1908
996,992,1908,1909
996,989,1909,1910
996,990,1910,1911
996,987,1911,1912
996,988,1912,1925
988,985,1913,1914
988,984,1914,1915
988,983,1915,1916
988,982,1916,1917
988,980,1917,1918
988,981,1918,1926
981,926,1919,1920
981,1076,1920,1921
981,1077,1921,1922
981,1073,1922,1923
981,171,1923,1926
167,996,1924,1925
167,988,1925,1928
988,171,1926,1927
988,168,1927,1928
420,1054,1929,1930
420,1055,1930,1931
420,1053,1931,1932
420,1051,1932,1933
420,1052,1933,1940
1052,1049,1934,1941
425,1086,1935,1988
1086,1049,1935,1972
1049,425,1935,1936
1049,421,1936,1937
1049,422,1937,1941
422,570,1938,1939
422,420,1939,1940
422,1052,1940,1941
831,372,1942,1943
831,370,1943,1949
1087,1088,1944,1952
1088,370,1944,1953
370,1087,1944,1945
1089,1087,1945,1951
370,1089,1945,1949
1082,1089,1946,1950
1089,1069,1946,1947
1089,830,1947,1948
1089,831,1948,1949
1083,1089,1950,1951
1083,1087,1951,1952
1083,1088,1952,1957
1088,371,1953,1958
371,369,1954,1955
1090,369,1955,1969
371,1090,1955,1958
1084,1090,1956,1969
1090,1083,1956,1957
1090,1088,1957,1958
1091,1092,1959,-29698
1092,1093,1959,-29698
1093,1091,1959,1966
1094,1095,1960,-29698
1095,1091,1960,-29698
1091,1094,1960,1967
1096,1097,1961,-29698
1097,1094,1961,-29698
1094,1096,1961,1968
1098,1099,1962,-29698
1099,1096,1962,-29698
1096,1098,1962,1963
1100,1098,1963,-29698
1096,1100,1963,1964
1101,1100,1964,-29698
1096,1101,1964,1965
1102,1101,1965,-29698
1096,1102,1965,1968
1093,1102,1966,-29698
1102,1091,1966,1967
1102,1094,1967,1968
1084,369,1969,1970
1084,367,1970,1971
1086,1046,1972,1973
1086,1047,1973,1989
1047,1045,1974,1990
1045,1043,1975,1976
1045,1042,1976,1996
1103,1104,1977,2041
1104,1040,1977,2030
1040,1103,1977,1978
1105,1103,1978,2040
1040,1105,1978,1979
1106,1105,1979,2014
1040,1106,1979,1991
1107,1108,1980,2013
1108,1106,1980,2014
1106,1107,1980,1981
1109,1107,1981,2012
1106,1109,1981,1992
432,1110,1982,2011
1110,430,1982,1983
1110,431,1983,1994
431,429,1984,1985
431,426,1985,1986
431,427,1986,1987
431,424,1987,1995
424,1086,1988,1989
424,1047,1989,1990
424,1045,1990,1995
1042,1106,1991,1992
1042,1109,1992,1993
1110,1109,1993,2011
1042,1110,1993,1994
1042,431,1994,1996
431,1045,1995,1996
1111,1112,1997,-1273
1112,1113,1997,-1273
1113,1111,1997,1998
1114,1111,1998,-1273
1113,1114,1998,1999
1115,1114,1999,-1273
1113,1115,1999,2000
1116,1115,2000,-1273
1113,1116,2000,2004
1117,1118,2001,-1273
1118,1116,2001,-1273
1116,1117,2001,2002
1119,1117,2002,-1273
1116,1119,2002,2003
1120,1119,2003,-1273
1116,1120,2003,2004
1113,1120,2004,-1273
1121,1122,2005,-46322
1122,1123,2005,-46322
1123,1121,2005,2010
1124,1125,2006,-46322
1125,1121,2006,-46322
1121,1124,2006,2007
1126,1124,2007,-46322
1121,1126,2007,2008
1127,1126,2008,-46322
1121,1127,2008,2009
1128,1127,2009,-46322
1121,1128,2009,2010
1123,1128,2010,-46322
432,1109,2011,2012
432,1107,2012,2013
432,1108,2013,2020
1108,1105,2014,2015
1129,1105,2015,2040
1108,1129,2015,2021
438,1129,2016,2049
1129,439,2016,2017
1129,436,2017,2018
1129,434,2018,2021
435,432,2019,2020
435,1108,2020,2022
1108,434,2021,2022
1041,1000,2023,2024
1041,1001,2024,2025
1041,1002,2025,2031
1130,998,2026,2066
999,1130,2026,2027
1131,1130,2027,2054
999,1131,2027,2028
1132,1131,2028,2043
999,1132,2028,2029
1133,1132,2029,2042
999,1133,2029,2032
1104,1041,2030,2031
1104,1002,2031,2033
1002,1133,2032,2033
1104,1133,2033,2041
1134,437,2034,2048
440,1134,2034,2035
1135,1134,2035,2048
440,1135,2035,2036
1136,1135,2036,2047
440,1136,2036,2039
441,1136,2037,2046
1136,442,2037,2038
1136,443,2038,2039
1129,1103,2040,2049
1103,1133,2041,2042
1103,1132,2042,2043
1103,1131,2043,2044
1137,1131,2044,2053
1103,1137,2044,2045
574,1137,2045,2053
1103,574,2045,2052
574,1136,2046,2047
574,1135,2047,2050
1135,437,2048,2050
438,1103,2049,2051
574,437,2050,2052
437,1103,2051,2052
574,1131,2053,2054
574,1130,2054,2055
1138,1130,2055,2066
574,1138,2055,2056
1139,1138,2056,2072
574,1139,2056,2057
1140,1139,2057,2071
574,1140,2057,2065
1141,1142,2058,2069
1142,1140,2058,2070
1140,1141,2058,2059
1143,1141,2059,2121
1140,1143,2059,2060
447,1143,2060,2120
1140,447,2060,2061
1140,444,2061,2062
1140,445,2062,2065
445,571,2063,2064
445,574,2064,2065
1138,998,2066,2067
1138,997,2067,2072
1141,1144,2068,2148
1144,997,2068,2215
997,1141,2068,2069
997,1142,2069,2070
997,1140,2070,2071
997,1139,2071,2072
458,455,2073,2074
458,456,2074,2081
456,453,2075,2076
456,452,2076,2077
456,451,2077,2078
1145,451,2078,2104
456,1145,2078,2079
1146,1145,2079,2083
456,1146,2079,2080
459,1146,2080,2082
456,459,2080,2081
462,1146,2082,2083
462,1145,2083,2084
1147,1145,2084,2111
462,1147,2084,2085
1148,1147,2085,2110
462,1148,2085,2086
1149,1148,2086,2112
462,1149,2086,2087
1150,1149,2087,2112
462,1150,2087,2088
1151,1150,2088,2119
462,1151,2088,2091
1152,1153,2089,2093
1153,1151,2089,2094
1151,1152,2089,2091
461,1152,2090,2092
1152,462,2090,2091
460,1152,2092,2093
460,1153,2093,2094
460,1151,2094,2095
1154,1151,2095,2118
460,1154,2095,2103
1155,1156,2096,2116
1156,1154,2096,2117
1154,1155,2096,2097
1157,1155,2097,2171
1154,1157,2097,2098
1158,1157,2098,2260
1154,1158,2098,2099
465,1158,2099,2226
1154,465,2099,2100
1154,466,2100,2101
1154,463,2101,2102
1154,464,2102,2103
1145,450,2104,2105
1145,449,2105,2106
1159,449,2106,2124
1145,1159,2106,2111
1160,1161,2107,2173
1161,1159,2107,2174
1159,1160,2107,2108
1162,1160,2108,2114
1159,1162,2108,2109
1148,1162,2109,2113
1159,1148,2109,2110
1159,1147,2110,2111
1150,1148,2112,2113
1150,1162,2113,2114
1150,1160,2114,2115
1163,1160,2115,2173
1150,1163,2115,2119
1155,1163,2116,2172
1163,1156,2116,2117
1163,1154,2117,2118
1163,1151,2118,2119
448,1143,2120,2121
448,1141,2121,2122
1164,1141,2122,2148
448,1164,2122,2123
1159,1164,2123,2174
448,1159,2123,2124
1067,36,2125,2144
36,33,2126,2145
33,115,2127,2128
33,31,2128,2129
33,30,2129,2146
30,28,2130,2131
30,27,2131,2132
1165,27,2132,2384
30,1165,2132,2133
1166,1165,2133,2383
30,1166,2133,2134
1167,1166,2134,2382
30,1167,2134,2135
1168,1167,2135,2381
30,1168,2135,2136
1169,1168,2136,2380
30,1169,2136,2137
1170,1169,2137,2379
30,1170,2137,2138
1171,1170,2138,2378
30,1171,2138,2147
1172,1173,2139,2376
1173,1171,2139,2377
1171,1172,2139,2140
1174,1172,2140,2375
1171,1174,2140,2147
1175,1176,2141,2373
1176,1174,2141,2374
1174,1175,2141,2142
1068,1175,2142,-1
1174,1068,2142,2143
1174,1067,2143,2144
1174,36,2144,2145
1174,33,2145,2146
1174,30,2146,2147
1164,1144,2148,2149
1177,1144,2149,2214
1164,1177,2149,2150
1178,1177,2150,2214
1164,1178,2150,2151
1179,1178,2151,2213
1164,1179,2151,2152
1180,1179,2152,2212
1164,1180,2152,2175
1181,1182,2153,2209
1182,1183,2153,2210
1183,1181,2153,2154
1184,1181,2154,2208
1183,1184,2154,2177
1185,1186,2155,2207
1186,1184,2155,2208
1184,1185,2155,2178
1187,1188,2156,2205
1188,1185,2156,2206
1185,1187,2156,2178
1189,1190,2157,2203
1190,1187,2157,2204
1187,1189,2157,2158
1191,1189,2158,2461
1187,1191,2158,2179
1192,1193,2159,2447
1193,1191,2159,2461
1191,1192,2159,2160
1194,1192,2160,2416
1191,1194,2160,2161
1195,1194,2161,2428
1191,1195,2161,2162
1196,1195,2162,2410
1191,1196,2162,2180
1197,1198,2163,2391
1198,1199,2163,2392
1199,1197,2163,2164
1200,1197,2164,2390
1199,1200,2164,2183
479,1200,2165,2390
1200,478,2165,2166
1201,478,2166,2252
1200,1201,2166,2167
1202,1201,2167,2251
1200,1202,2167,2168
1203,1202,2168,2250
1200,1203,2168,2169
1204,1203,2169,2249
1200,1204,2169,2183
1205,1206,2170,2248
1206,1204,2170,2249
1204,1205,2170,2189
1157,1207,2171,2247
1207,1155,2171,2172
1207,1163,2172,2184
1163,1161,2173,2185
1161,1164,2174,2175
1161,1180,2175,2176
1208,1180,2176,2211
1161,1208,2176,2186
1183,1208,2177,2210
1208,1184,2177,2187
1184,1187,2178,2179
1184,1191,2179,2180
1184,1196,2180,2181
1209,1196,2181,2409
1184,1209,2181,2182
1199,1209,2182,2409
1184,1199,2182,2188
1199,1204,2183,2188
1207,1205,2184,2247
1205,1163,2184,2185
1205,1161,2185,2186
1205,1208,2186,2187
1205,1184,2187,2189
1184,1204,2188,2189
997,296,2190,2191
997,295,2191,2192
997,294,2192,2215
294,577,2193,2216
577,624,2194,2195
1210,624,2195,2266
577,1210,2195,2217
1211,1212,2196,2299
1212,1210,2196,2300
1210,1211,2196,2218
1213,1214,2197,2296
1214,1215,2197,2297
1215,1213,2197,2219
1216,1217,2198,2295
1217,1213,2198,2296
1213,1216,2198,2199
1218,1216,2199,2294
1213,1218,2199,2220
1219,1220,2200,2310
1220,1218,2200,2294
1218,1219,2200,2201
1221,1219,2201,2293
1218,1221,2201,2202
1189,1221,2202,2462
1218,1189,2202,2203
1218,1190,2203,2204
1218,1187,2204,2205
1218,1188,2205,2206
1218,1185,2206,2207
1218,1186,2207,2220
1186,1181,2208,2209
1186,1182,2209,2221
1182,1208,2210,2211
1182,1180,2211,2212
1182,1179,2212,2213
1182,1178,2213,2222
1178,1144,2214,2223
1144,294,2215,2216
1144,577,2216,2217
1144,1210,2217,2218
1144,1211,2218,2223
1215,1222,2219,2297
1222,1213,2219,2225
1213,1186,2220,2221
1213,1182,2221,2222
1213,1178,2222,2225
1178,1211,2223,2224
1222,1211,2224,2298
1178,1222,2224,2225
467,1158,2226,2227
1223,1158,2227,2260
467,1223,2227,2228
1224,1223,2228,2259
467,1224,2228,2229
1225,1224,2229,2258
467,1225,2229,2241
1226,1227,2230,2257
1227,1225,2230,2258
1225,1226,2230,2242
1228,1229,2231,2263
1229,1226,2231,2257
1226,1228,2231,2232
1230,1228,2232,2256
1226,1230,2232,2233
1231,1230,2233,2255
1226,1231,2233,2245
477,1232,2234,2254
1232,1231,2234,2255
1231,477,2234,2235
1231,475,2235,2236
1231,476,2236,2243
476,473,2237,2238
476,471,2238,2243
472,469,2239,2244
469,467,2240,2241
469,1225,2241,2242
469,1226,2242,2244
1231,471,2243,2245
472,1226,2244,2246
1226,471,2245,2246
1157,1205,2247,2248
1157,1206,2248,2261
1206,1203,2249,2250
1206,1202,2250,2251
1206,1201,2251,2252
1206,478,2252,2253
1206,477,2253,2254
1206,1232,2254,2262
1232,1230,2255,2256
1232,1228,2256,2262
1229,1227,2257,2264
1227,1224,2258,2259
1227,1223,2259,2265
1223,1157,2260,2261
1223,1206,2261,2265
1206,1228,2262,2263
1206,1229,2263,2264
1206,1227,2264,2265
1210,625,2266,2267
1210,626,2267,2268
1233,626,2268,2343
1210,1233,2268,2269
1234,1233,2269,2353
1210,1234,2269,2270
1235,1234,2270,2342
1210,1235,2270,2271
1236,1235,2271,2341
1210,1236,2271,2272
1237,1236,2272,2340
1210,1237,2272,2301
1238,1239,2273,2339
1239,1237,2273,2340
1237,1238,2273,2274
1240,1238,2274,2338
1237,1240,2274,2302
1241,1242,2275,2336
1242,1240,2275,2337
1240,1241,2275,2303
1243,1244,2276,2335
1244,1241,2276,2336
1241,1243,2276,2277
1245,1243,2277,2334
1241,1245,2277,2303
1246,1247,2278,2333
1247,1245,2278,2334
1245,1246,2278,2279
1248,1246,2279,2333
1245,1248,2279,2313
1249,1250,2280,2331
1250,1248,2280,2332
1248,1249,2280,2304
1251,1252,2281,-1
1252,1249,2281,2331
1249,1251,2281,2282
1253,1251,2282,2480
1249,1253,2282,2283
1254,1253,2283,2479
1249,1254,2283,2284
1255,1254,2284,2479
1249,1255,2284,2285
1256,1255,2285,2478
1249,1256,2285,2286
1257,1256,2286,2477
1249,1257,2286,2304
1258,1259,2287,2475
1259,1260,2287,2476
1260,1258,2287,2288
1261,1258,2288,2474
1260,1261,2288,2306
1262,1263,2289,2473
1263,1264,2289,2490
1264,1262,2289,2290
1265,1262,2290,2472
1264,1265,2290,2307
1266,1267,2291,2470
1267,1268,2291,2471
1268,1266,2291,2309
1221,1269,2292,2462
1269,1266,2292,2470
1266,1221,2292,2293
1266,1219,2293,2309
1220,1216,2294,2295
1220,1217,2295,2311
1217,1214,2296,2312
1214,1222,2297,2298
1214,1211,2298,2299
1214,1212,2299,2300
1214,1210,2300,2301
1214,1237,2301,2302
1214,1240,2302,2312
1240,1245,2303,2316
1248,1257,2304,2305
1260,1257,2305,2476
1248,1260,2305,2306
1248,1261,2306,2313
1264,1261,2307,2474
1261,1265,2307,2308
1268,1265,2308,2471
1261,1268,2308,2314
1268,1219,2309,2310
1268,1220,2310,2311
1268,1217,2311,2315
1217,1240,2312,2315
1245,1261,2313,2314
1245,1268,2314,2316
1268,1240,2315,2316
626,622,2317,2343
622,620,2318,2319
622,619,2319,2320
622,618,2320,2344
618,616,2321,2322
618,615,2322,2345
615,613,2323,2324
615,612,2324,2325
615,611,2325,2346
611,609,2326,2327
611,608,2327,2328
611,607,2328,2347
607,605,2329,2330
1252,605,2330,-1
607,1252,2330,2347
1252,1250,2331,2332
1252,1248,2332,2348
1248,1247,2333,2349
1247,1243,2334,2335
1247,1244,2335,2350
1244,1242,2336,2337
1244,1240,2337,2338
1244,1238,2338,2339
1244,1239,2339,2351
1239,1236,2340,2341
1239,1235,2341,2342
1239,1234,2342,2352
1233,622,2343,2344
1233,618,2344,2345
1233,615,2345,2346
1233,611,2346,2353
611,1252,2347,2348
611,1248,2348,2349
611,1247,2349,2350
611,1244,2350,2351
611,1239,2351,2352
611,1234,2352,2353
27,25,2354,2355
27,24,2355,2356
27,23,2356,2385
23,21,2357,2386
21,19,2358,2359
21,18,2359,2387
18,16,2360,2361
18,15,2361,2387
15,13,2362,2363
15,12,2363,2388
12,10,2364,2365
12,9,2365,2366
12,8,2366,2367
12,7,2367,2388
7,5,2368,2369
7,4,2369,2370
7,3,2370,2371
1270,3,2371,-1
7,1270,2371,2372
1175,1270,2372,-1
7,1175,2372,2373
7,1176,2373,2374
7,1174,2374,2375
7,1172,2375,2376
7,1173,2376,2377
7,1171,2377,2378
7,1170,2378,2379
7,1169,2379,2380
7,1168,2380,2381
7,1167,2381,2382
7,1166,2382,2383
7,1165,2383,2384
7,27,2384,2385
7,23,2385,2386
7,21,2386,2389
21,15,2387,2389
15,7,2388,2389
479,1197,2390,2391
479,1198,2391,2402
1271,1199,2392,2412
1198,1271,2392,2403
1272,1273,2393,2411
1273,1271,2393,2414
1271,1272,2393,2408
1274,1275,2394,2415
1275,1272,2394,2411
1272,1274,2394,2395
492,1274,2395,2426
1272,492,2395,2404
492,488,2396,2397
492,487,2397,2398
492,485,2398,2404
486,483,2399,2406
483,481,2400,2407
481,479,2401,2402
481,1198,2402,2403
481,1271,2403,2407
1272,485,2404,2405
1272,486,2405,2406
1272,483,2406,2408
483,1271,2407,2408
1199,1196,2409,2412
1275,1195,2410,2415
1196,1275,2410,2413
1275,1273,2411,2413
1271,1196,2412,2414
1196,1273,2413,2414
1274,1195,2415,2427
1276,1192,2416,2447
1194,1276,2416,2428
499,1277,2417,2454
1277,1276,2417,2455
1276,499,2417,2418
1276,496,2418,2419
1278,496,2419,2435
1276,1278,2419,2420
1279,1278,2420,2431
1276,1279,2420,2429
1280,1281,2421,2432
1281,1282,2421,2433
1282,1280,2421,2422
494,1280,2422,2434
1282,494,2422,2423
1282,490,2423,2424
1282,491,2424,2425
1282,492,2425,2426
1282,1274,2426,2427
1282,1195,2427,2430
1195,1276,2428,2429
1195,1279,2429,2430
1282,1279,2430,2431
1282,1278,2431,2433
1280,1278,2432,2434
1278,1281,2432,2433
494,1278,2434,2435
494,496,2435,2436
494,497,2436,2437
494,498,2437,2438
494,572,2438,2440
572,493,2439,2440
1283,1284,2441,-1275
1284,1285,2441,-1275
1285,1283,2441,2442
1286,1283,2442,-1275
1285,1286,2442,2443
1287,1286,2443,-1275
1285,1287,2443,2444
1288,1287,2444,-1275
1285,1288,2444,2446
1289,1290,2445,-1275
1290,1288,2445,-1275
1288,1289,2445,2446
1285,1289,2446,-1275
1276,1193,2447,2448
1291,1193,2448,2468
1276,1291,2448,2449
1292,1291,2449,2467
1276,1292,2449,2455
1293,1294,2450,2498
1294,1292,2450,2466
1292,1293,2450,2459
504,1295,2451,2514
1295,505,2451,2456
505,501,2452,2453
505,502,2453,2457
500,1277,2454,2458
1277,1292,2455,2458
1295,1293,2456,2505
1293,505,2456,2457
1293,502,2457,2459
500,1292,2458,2460
1292,502,2459,2460
1193,1189,2461,2469
1189,1269,2462,2463
1296,1269,2463,2487
1189,1296,2463,2469
1297,1298,2464,2499
1298,1296,2464,2486
1296,1297,2464,2465
1294,1297,2465,2498
1296,1294,2465,2466
1296,1292,2466,2467
1296,1291,2467,2468
1296,1193,2468,2469
1269,1267,2470,2488
1267,1265,2471,2472
1267,1262,2472,2473
1267,1263,2473,2489
1264,1258,2474,2475
1264,1259,2475,2490
1259,1257,2476,2477
1259,1256,2477,2478
1259,1255,2478,2491
1255,1253,2479,2480
1255,1251,2480,2481
1299,1251,2481,-1
1255,1299,2481,2482
1300,1299,2482,2520
1255,1300,2482,2483
1301,1300,2483,2515
1255,1301,2483,2491
1302,1303,2484,2507
1303,1301,2484,2517
1301,1302,2484,2485
1304,1302,2485,2506
1301,1304,2485,2494
1298,1305,2486,2496
1305,1296,2486,2487
1305,1269,2487,2488
1305,1267,2488,2489
1305,1263,2489,2492
1263,1259,2490,2493
1259,1301,2491,2493
1305,1306,2492,2496
1306,1263,2492,2495
1263,1301,2493,2494
1263,1304,2494,2495
1306,1304,2495,2497
1298,1306,2496,2499
1293,1304,2497,2505
1306,1293,2497,2500
1293,1297,2498,2500
1297,1306,2499,2500
1307,1308,2501,-46322
1308,1309,2501,-46322
1309,1307,2501,2504
1310,1311,2502,-46322
1311,1307,2502,-46322
1307,1310,2502,2504
1309,1312,2503,-46322
1312,1310,2503,-46322
1310,1309,2503,2504
1295,1304,2505,2506
1295,1302,2506,2514
1313,1303,2507,2517
1302,1313,2507,2508
1314,1313,2508,2518
1302,1314,2508,2509
508,1314,2509,2524
1302,508,2509,2510
1302,509,2510,2511
1302,507,2511,2512
1302,506,2512,2513
1302,504,2513,2514
1315,1300,2515,2519
1301,1315,2515,2516
1313,1315,2516,2518
1301,1313,2516,2517
1314,1315,2518,2519
1314,1300,2519,2524
511,1299,2520,-1
1300,511,2520,2521
1300,512,2521,2522
1300,510,2522,2523
1300,508,2523,2524