180.0,-15.733333,0,1,767,768
-180.0,-15.733333,0,733,768,769,770,771,772,773,774,775,776,777,778,779,780,781,782,783,784,785,786,787,788,789,790,791,792,793,794,795
-180.0,-17.466667,0,1,2,3,4,5,6,7,8,9,10,11,12,13,14,15,16,17,18,19,20,21,22,23,24,25,26,27,28,29,82,83,669
180.0,-54.4,1,2,2370,2371
177.858822,-54.394659,2,3,2369,2370
173.344115,-55.074172,3,4,2368,2369
165.09412,-58.00515,4,5,2368
165.053553,-58.142594,5,6,2367,2368,2369,2370,2371,2372,2373,2374,2375,2376,2377,2378,2379,2380,2381,2382,2383,2384,2385,2386,2388,2389
161.059448,-58.804757,6,7,2366,2367
159.749055,-58.784779,7,8,2365,2366
151.732861,-60.391233,8,9,2364,2365
148.782643,-61.46028,9,10,2364
148.798302,-61.60003,10,11,2363,2364,2365,2366,2367,2388
143.998879,-62.79889,11,12,2362,2363
143.716237,-62.789824,12,13,2362
139.456252,-64.952149,13,14,2361,2362,2363,2387,2388,2389
137.607576,-64.931951,14,15,2360,2361
130.644252,-66.531255,15,16,2360
130.637191,-66.808985,16,17,2359,2360,2361,2387
125.851885,-67.601494,17,18,2358,2359
118.149414,-70.395197,18,19,2358
116.526907,-71.201397,19,20,2357,2358,2359,2386,2387,2389
115.208034,-71.191842,20,21,2357
109.604815,-73.462609,21,22,2356,2357,2385,2386
105.869618,-74.5294,22,23,2355,2356
97.886326,-77.073502,23,24,2354,2355
94.646214,-78.533192,24,25,2354
94.675911,-78.804829,25,26,2131,2132,2354,2355,2356,2384,2385
89.066433,-80.125377,26,27,2130,2131
83.987715,-81.726059,27,28,2130
83.985034,-82.003199,28,29,2129,2130,2131,2132,2133,2134,2135,2136,2137,2138,2146,2147
82.936386,-82.002553,29,83,84,2128,2129
62.162496,-88.527897,30,31,32,33,34,35,86,2126
68.526854,-86.688232,30,2126,2127,2128,2129,2145,2146
68.536079,-86.399474,30,85,86,87,88,89,90,91,92,93,94,110,111,2127
59.992217,-89.062029,31,32,1827,2125
62.127352,-88.657643,31,2125,2126,2144,2145
56.269167,-88.142063,32,33,1826,1827,1828,1829,1830,1831,1832,1833,1834,1835,1836,1837,1838,1839,1840,1841,1842
56.267287,-87.852194,33,34,1825,1826
52.00748,-86.807931,34,35,1824,1825
51.99481,-86.664747,35,36,37,86,87,1824
47.991558,-85.995136,36,37,1823,1841,1842
50.682958,-86.663479,36,1824,1825,1826,1842
46.935035,-85.457636,37,38,87,88,1823
36.275773,-83.195694,38,88,89,1821,1822
44.287981,-85.069802,38,1822,1823,1840,1841
27.736059,-82.014337,39,40,1820,1838,1839
30.671327,-82.533542,39,1821,1822,1839,1840
32.541132,-82.527065,39,40,41,89,90,1821
20.804164,-80.138618,40,41,1819,1820
20.80304,-79.998737,41,90,91,1818,1819
9.072454,-77.988858,42,43,44,45,92,93,1817
9.059586,-78.261496,42,1817,1818,1819,1820,1837,1838
10.401686,-78.263112,42,91,92,1818
3.493391,-77.598622,43,44,1815,1816
7.232355,-77.995337,43,1816,1817,1836,1837
-0.272292,-76.413562,44,45,1814,1815
-0.248078,-76.127142,45,46,93,94,1813,1814
-5.898796,-75.053434,46,94,95,96,97,98,99,100,101,102,103,104,105,111,112,113,1811,1812
-5.880815,-75.206699,46,1812,1813
-21.324519,-73.611395,47,48,1808,1809
-13.885389,-74.537407,47,1809,1810
-11.993328,-74.537511,47,48,49,50,95,1810,1811
-25.881705,-72.924358,48,49,1807,1808
-30.127267,-72.005026,49,50,1806,1807
-30.128896,-71.726269,50,51,95,96,1805,1806
-36.786374,-69.593414,51,52,53,96,97,636
-31.220765,-71.736485,51,636,637,1804,1805
-38.141642,-69.332908,52,53,634,635
-38.1488,-69.462192,52,635,636,637,638,639,640,641,642,664,665,666,667,668
-44.803261,-67.067391,53,54,55,97,98,634
-53.616534,-65.470509,54,55,632,633
-46.910238,-67.068104,54,633,634,635,663,664
-53.593396,-65.211208,55,56,57,98,99,632
-62.937748,-62.4125,56,57,631,702,703
-55.472038,-65.196473,56,631,632,633,662,663
-62.937918,-62.120646,57,58,59,99,100,702
-70.671848,-58.401507,58,59,701,722,723
-63.222035,-62.127001,58,702,703,704,723,724
-70.669151,-58.253614,59,60,100,101,701
-76.250074,-55.733798,60,61,101,102,700
-70.9332,-58.267454,60,700,701,722
-80.282466,-54.12853,61,62,63,64,65,102,103,699
-77.31715,-55.601065,61,699,700,721,722,723,724,725,726,727,728,729,730,731,732
-81.340955,-53.872197,62,63,698
-81.318273,-54.002479,62,698,699,720,721
-89.064819,-50.674095,63,64,697,698,719,720
-89.071301,-50.528161,64,65,696,697
-94.137047,-47.855488,65,66,67,103,104,695,696
-98.932812,-46.407063,66,67,693,694
-94.684735,-47.869367,66,694,695
-105.862208,-43.188135,67,68,69,104,105,692,693
-117.079318,-38.793936,68,69,690,691
-110.121795,-41.859976,68,691,692
-127.470437,-34.524343,69,70,105,106,112,689,690
-130.67149,-33.599069,70,71,72,73,106,687,688
-128.247062,-34.533485,70,688,689
-132.514602,-33.468201,71,72,685,686
-132.546596,-33.598728,71,686,687
-138.118434,-30.809592,72,73,684,685
-138.131381,-30.523776,73,74,75,76,106,107,108,112,113,683,684
-144.265577,-28.932546,74,75,681,682
-138.659368,-30.534713,74,682,683
-144.262272,-28.662861,75,76,680,681
-147.729895,-27.470555,76,77,107,679,680
-154.12763,-25.339145,77,78,79,107,108,677,678
-150.140695,-27.075805,77,678,679
-154.950782,-25.194068,78,79,675,676
-154.914227,-25.342671,78,676,677
-160.796688,-22.81463,79,108,109,110,111,113,674,675
-165.851304,-21.595476,80,81,671,672
-165.854523,-21.865755,80,672,673
-164.53016,-21.878732,80,81,109,673,674
-170.900709,-19.866355,81,82,83,84,85,109,110,670,671
-171.209897,-19.866559,82,669,670
73.348653,-84.803216,84,85,2127,2128
-177.342511,45.339678,114,115,932,933,1402
-180.0,45.466667,114,928,933,934
-180.0,44.4,114,115,175,925
-167.748945,45.862396,115,116,175,194,195,1401,1402
-163.753563,47.872264,116,117,118,195,196,1403,1404,1405,1406
-167.750821,46.659644,116,1400,1401,1404
-167.736295,50.385506,117,118,938,939
-170.932689,50.008102,117,939,940,1403
-167.716797,50.654496,118,176,177,178,179,180,181,182,183,184,185,186,187,188,189,190,191,196,937,938
-178.115108,50.929016,119,120,935,936
-174.136608,50.803282,119,936,937,938,939,940,941
-171.718368,50.919085,119,120,121,122,123,124,125,126,127,128,129,130,131,132,133,134,135,136,176,937
-180.0,51.2,120,121,935
-180.0,60.0,121,122,942,943,944,945,946,961,962
-177.611898,59.729651,122,123,961
-176.261389,59.731595,123,124,960,961,962,966
-173.327576,59.063613,124,125,960
-166.381243,58.94144,125,126,959,960,965,966,967,968
-166.39379,58.671784,126,127,958,959
-163.241903,57.332721,127,128,957,958
-157.858917,56.655063,128,129,957
-156.257757,56.661727,129,130,956,957,958,959,964,965
-153.047246,55.595004,130,131,955,956,1437
-153.056591,55.466713,131,132,1437,1442,1443
-148.008937,54.808347,132,133,1441,1442
-139.191494,54.275761,133,134,1441
-137.054859,54.266038,134,135,1441,1442,1443,1444,1445,1447
-130.137013,53.733131,135,136,1440,1446,1447
-130.149094,53.612205,136,176,177,1440
-114.399353,54.005183,137,138,1426,1427
-118.401471,54.531045,137,950,1427,1428,1429,1430,1431,1434,1435,1436
-124.271404,54.00793,137,138,177,178,950,951,1440,1446
-105.88501,53.195116,138,139,178,179,1426
-101.62678,52.649947,139,140,179,180,1425
-105.320134,53.333671,139,1425,1426,1427,1433,1434
-85.064508,52.133504,140,180,181,1688,1689
-97.069169,52.533557,140,1424,1425,1433,1681,1682,1689,1690
-62.921589,51.723346,141,142,1686,1687
-62.933626,52.134779,141,1687,1688,1689,1690,1691,1692
-70.934011,51.861952,141,142,143,181,182,1688
-65.056589,51.743922,142,143,1685,1686
-67.730952,51.331091,143,144,145,182,183,1685
-61.617378,51.181671,144,145,1870,1871,1872,1873,1874,1875,1876,1877,1878,1879,1880
-61.607058,51.332787,144,1684,1685,1686,1687,1692,1870
-57.054777,50.796691,145,146,183,184,1880
-49.083111,50.666881,146,147,184,185,1878,1879
-57.063808,50.94229,146,1879,1880
-32.020801,50.532643,147,148,149,150,151,152,153,154,155,156,157,158,159,185,186,1890,1891,1894
-37.635564,50.668748,147,1877,1878,1891
-7.738234,50.140746,148,149,1903,1904,1924
-14.143951,50.394504,148,1889,1890,1903
-0.247554,49.598858,149,150,1924,1925,1928
-3.199172,49.330725,150,151,1902,1927,1928
-10.410629,49.065137,151,152,1901,1902
-14.118293,49.200583,152,153,1901
-14.39362,48.660047,153,154,1900,1901,1902,1923,1926,1927
-20.022776,48.929584,154,155,1899,1900
-25.075159,48.933058,155,156,1898,1899
-33.591551,48.669161,156,157,1862,1898
-44.523609,48.522082,157,158,1861,1862,1863,1864,1869
-48.515574,48.541314,158,159,1861
-64.016988,48.262693,159,160,161,186,187,1861,1868,1869
-56.276895,46.929825,160,161,1466,1467,1468,1469,1470,1471,1481
-56.269045,47.1987,160,1467,1867,1868
-62.136266,46.797688,161,162,163,164,165,187,188,1466
-65.061269,46.268945,162,163,1465,1484,1485,1487
-59.234621,46.410377,162,1466,1481,1482,1484
-72.006921,46.390771,163,164,1464,1465
-78.140108,46.803542,164,165,1463,1464
-83.457862,46.937439,165,188,189,1462,1463
-104.798508,45.595761,166,167,1460,1461
-94.396482,46.130793,166,1461,1462,1463,1464,1465,1480,1483,1486,1487
-91.193242,46.670108,166,167,189,190,1462
-109.081589,45.465733,167,190,191,1460
-103.461602,41.997844,168,169,1494,1495,1496,1504
-104.52418,42.394049,168,1478,1479,1495
-110.952904,43.996521,168,169,191,192,193,194,195,196,1460,1461,1479,1480
-103.46968,41.720133,169,170,171,172,192,1504,1510
-101.33275,41.46665,170,171,1511,1521,1522
-103.204721,41.742463,170,1509,1510,1511
-100.806231,41.065803,171,172,797,798,1520,1521
-109.854694,43.193647,172,173,174,192,193,797
-170.939448,44.281458,173,174,926,927
-170.133985,43.197666,173,796,797,798,799,888,889,927
-174.947555,44.53272,174,175,193,194,925,926
-172.808771,70.40251,197,198,1245,1246,1247,1248,1249,1250,1251,1252,1253,1254,1255,1256,1257,1305,1306
-180.0,70.266667,197,1121,1122,1123,1124,1125,1126,1127,1128,1129,1130,1131,1132,1133,1134,1135,1136,1137,1138,1139,1246
-180.0,64.933333,197,198,319,320,1046
-169.332386,69.989078,198,199,200,201,320,321,1245
-165.864823,70.136347,199,200,1305,1306,1317
-169.329272,70.130999,199,1245,1305
-157.864108,69.862868,200,201,1244,1304,1316,1317,1318,1319,1320
-151.992321,68.792355,201,202,321,322,1244
-140.792169,67.206094,202,203,322,323,1243
-147.753933,68.542423,202,1243,1244,1303,1304
-131.721484,66.133816,203,323,324,1241,1242
-137.337567,67.203426,203,1242,1243,1302,1303
-115.204212,65.070635,204,205,1239,1240
-121.33185,65.600946,204,1240,1241,1242,1301,1302
-122.948153,65.60257,204,205,324,325,1241
-110.380898,64.526608,205,206,325,326,1239
-99.707304,64.403013,206,207,326,327,1238
-99.741881,64.534632,206,1238,1239,1240,1300,1301
-91.990757,64.270225,207,208,327,328,1237
-92.013687,64.395742,207,1237,1238,1299,1300
-84.819719,64.138251,208,209,328,329,1235,1236
-84.782875,64.277409,208,1236,1237,1299
-75.198637,63.994016,209,210,211,212,213,329,330,1234
-78.676064,64.136542,209,1234,1235
-49.888505,63.745208,210,211,1233,1298,1315,1316,1320
-60.763927,64.140076,210,1234,1235,1236,1299,1300,1301,1302,1303,1304,1316
-58.672065,62.800561,211,212,1232,1233
-64.006441,62.684843,212,213,1231,1232
-65.638787,61.875094,213,214,330,331,1231
-57.885323,60.663493,214,215,331,380,381,1230
-62.150702,61.598479,214,1230,1231,1232,1233,1297,1298
-45.055698,60.403888,215,332,333,381,382,1228,1229
-52.780999,60.668795,215,1229,1230,1296,1297
-17.337243,59.729815,216,217,218,332,333,1227
-25.61295,60.401002,216,1227,1228,1229,1295,1296
-37.051913,60.278983,216,332,1228
-15.447684,59.331418,217,218,1225,1226
-16.012045,59.732963,217,1226,1227,1294,1295
-25.053822,58.270673,218,333,382,383,1224,1225
8.264797,60.255452,219,220,334,335,1222
-6.412943,59.596061,219,1222,1223,1224,1225,1226,1294
-6.391879,59.456856,219,334,1223
14.380438,60.53643,220,221,222,223,224,335,336,1221
8.284513,60.401343,220,1221,1222,1294,1295,1296,1297,1298,1315
22.961937,60.660823,221,222,1220,1293,1313,1314
14.396437,60.664904,221,1221,1314,1315,1319,1320
25.341173,59.600557,222,223,1219,1220
14.40889,58.814733,223,224,1218,1219
11.475054,57.864932,224,225,336,337,1217,1218
17.357187,57.334863,225,337,338,339,340,384,395,401,402,1215,1216
17.340298,57.464847,225,1216,1217
41.329345,57.18613,226,227,1293,1312,1313
36.513387,57.468979,226,1215,1216,1217,1218,1219,1220,1293
24.005842,57.187872,226,227,228,338,1215
46.110186,56.528453,227,228,1214,1292,1311,1312
44.307329,56.128588,228,229,230,231,338,339,1214
49.336613,55.592886,229,230,1213,1290,1291
47.715129,56.123908,229,1214,1291,1292
44.807804,55.0694,230,231,1212,1213
43.462869,54.542309,231,232,339,340,1211,1212
49.874146,52.927681,232,233,234,340,341,342,343,344,345,346,347,402,403,404,405,406,407,408,1210
46.913477,53.732224,232,1210,1211
60.263601,52.260565,233,234,1208,1209
55.470958,52.937724,233,1209,1210,1211,1212,1213,1290
66.124846,51.602034,234,235,236,341,1208
74.403553,50.2654,235,236,1206,1207
67.46233,51.597594,235,1207,1208,1209,1289,1290,1291,1292,1310,1311
75.748982,49.197191,236,237,238,239,240,341,342,1206
84.546571,48.539918,237,238,1288,1289,1309,1310
79.983165,49.196034,237,1206,1207,1289
77.060157,46.140396,238,239,1205,1287,1288
66.113081,44.941593,239,240,1204,1205
57.583818,44.412987,240,241,242,342,343,1204
50.928159,42.938308,241,242,1202,1203
52.265579,42.922695,241,1203,1204,1205,1286,1287
45.334268,42.27664,242,243,343,344,1202
43.434917,42.139375,243,344,345,1200,1201
45.328437,42.144422,243,1201,1202,1203,1285,1286
31.471792,41.335229,244,245,346,347,1198,1199
35.197207,41.334248,244,1199,1200,1201,1284,1285
35.165453,41.472725,244,345,346,1200
14.674685,39.459583,245,347,396,397,398,403,1196,1197
21.607334,40.138382,245,1197,1198
34.679078,38.40987,246,247,1194,1282,1283
24.791461,38.938049,246,1195,1196,1197,1198,1199,1283,1284
18.142896,38.804925,246,247,248,249,250,348,1195
54.37637,36.264999,247,248,1193,1194
54.39773,36.127398,248,249,1193
62.13137,35.460469,249,250,1193,1194,1281,1282
74.119152,32.528896,250,348,349,350,351,352,385,1192,1280,1281
86.667896,28.924098,251,252,1190,1191,2193
84.822112,29.870117,251,1191,1192,1279,1280
77.327518,30.400402,251,252,253,254,349,1192
82.146819,28.665401,252,253,2192,2193,2215,2216
75.454397,29.326401,253,254,2191,2192
69.345579,29.476634,254,255,256,257,258,259,349,350,2190,2191
61.84523,28.805841,255,256,1604,1605,1606,1637
65.317148,28.813454,255,1604,2190
57.088562,29.598738,256,257,1603,1637,1638,1639,1648
61.573896,30.139434,257,258,1602,1603
65.073888,30.806004,258,259,1601,1602
59.711151,32.933671,259,260,350,351,1601
52.283906,34.403618,260,351,352,1599,1600
58.413353,32.935258,260,1600,1601,1602,1603,1636,1647,1648,1649,1653,1654
37.580561,35.85867,261,386,387,1596,1597
37.595913,35.722256,261,1597,1598
45.859605,35.194762,261,352,385,386,1598,1599
21.069987,34.933014,262,263,1595,1636,1647
25.329404,35.324359,262,1596,1597,1598,1599,1600,1636
31.202007,36.004316,262,263,353,354,355,356,357,358,359,360,361,362,363,387,388,1596
13.325406,34.93634,263,264,265,353,1595
10.659072,34.934953,264,265,1593,1594
13.357359,34.79355,264,1594,1595,1647,1653
-3.757852,35.201455,265,266,267,353,354,1593
-20.509025,36.000326,266,267,1592,1658,1660
-6.665166,35.205811,266,1593,1594,1653,1654,1655,1658
-28.811976,36.660825,267,268,354,355,1592
-36.024812,37.204131,268,355,356,1590,1591
-30.681409,36.66114,268,1591,1592,1660,1661,1663
-51.230142,38.537509,269,270,1588,1589
-45.075944,37.738654,269,1589,1590,1591,1663,1664,1667
-44.010423,37.737151,269,270,356,357,1590
-51.197979,38.673619,270,271,272,357,358,1588
-67.734344,40.797097,271,272,1587,1635,1669,1670,1671,1673
-62.643489,39.737142,271,1588,1589,1667,1669
-58.676416,40.669858,272,273,358,359,1587
-52.289197,40.528429,273,359,360,1585,1586
-52.279218,40.671779,273,1586,1587,1635
-30.116618,40.661027,274,275,361,362,1584
-35.205662,40.663953,274,1584,1585,1586,1634,1635,1666,1668,1672,1673
-35.215805,40.52595,274,360,361,1585
-21.337842,40.942958,275,276,362,363,1582,1583
-30.124337,40.797216,275,1583,1584,1634
-15.177199,41.466242,276,277,363,388,389,1580,1581
-16.559014,41.469364,276,1581,1582
-4.259643,42.803775,277,389,390,1578,1579
-5.069802,42.805074,277,1579,1580
-9.331673,44.79536,278,364,365,366,367,368,391,1575,1576
-9.321936,44.677023,278,1576,1577
-1.608494,43.593977,278,390,391,392,396,397,1577,1578
-31.473833,46.270485,279,280,364,365,1652,1656,1657
-24.001061,45.212941,279,1575,1576,1577,1578,1579,1580,1581,1582,1583,1634,1657,1659,1662,1665,1666
-18.940845,45.201257,279,364,1575
-23.201634,46.134165,280,365,366,1573,1574
-23.176905,46.263012,280,1574,1633,1651,1652
2.394674,45.864299,281,282,367,368,1571,1572
-2.392748,45.995828,281,1572,1573,1574,1632,1633
-3.765542,45.863828,281,366,367,1573
21.316996,46.403961,282,283,284,368,391,392,1570
18.153407,46.399992,282,1570,1571
28.274291,47.190276,283,284,1568,1569
21.339437,46.54136,283,1569,1570,1571,1572,1632
29.865616,47.203707,284,392,397,398,1567,1568
24.541334,52.139275,285,399,400,406,407,1563,1564
28.804701,51.59894,285,1564,1565
34.398532,51.202015,285,405,406,1565,1566
5.610536,51.86271,286,287,1561,1562
5.611323,51.730592,286,1562,1563,1564,1565,1566,1630,1631
13.079735,52.137979,286,287,369,370,393,394,399,1563
-1.612307,51.857857,287,288,289,369,1561
-3.992747,51.736539,288,289,1559,1560
-1.608811,51.719529,288,1560,1561,1562,1629,1630
-8.258845,52.002398,289,369,370,1558,1559
-25.062914,51.725314,290,291,1886,1971
-18.136187,51.577677,290,1555,1556,1886,1887
-18.138715,51.866946,290,291,371,1556,1557
-31.998645,52.12803,291,292,371,372,1970,1971
-34.400312,52.144568,292,293,294,295,296,297,372,373,1954
-34.39224,52.007874,292,1954,1955,1969,1970
-42.11321,52.400817,293,294,1943,1944,1945,1949,1953
-37.611771,52.128836,293,1953,1954,1955,1958
-42.14328,52.533541,294,295,1072,1942,1943
-39.174792,53.200309,295,296,1071,1072,1100,1101
-17.067688,52.934251,296,297,1070,1071
-17.058856,52.673967,297,298,299,373,374,1069,1070
-11.722378,52.802221,298,299,1067,1068
-11.727596,52.939372,298,1068,1069
-3.981678,52.789757,299,374,393,394,1066,1067
6.947019,55.738011,300,400,407,408,1063,1064
5.337109,55.338186,300,1064,1065
11.479762,54.405231,300,394,399,400,1065,1066
-10.149078,55.602911,301,302,1100,1101,1102,1103,1104,1105,1106,1107,1108,1116
-2.936911,55.870125,301,1062,1063,1064,1065,1066,1067,1068,1069,1070,1071,1100
-2.934678,56.006542,301,302,303,304,375,1062
-29.053131,55.864796,302,303,1116,1120
-39.209385,56.140426,303,304,1061,1099,1115,1119,1120
-48.019421,56.663527,304,305,306,307,375,376,1061
-63.47385,56.936246,305,306,1060,1098,1099,1115
-50.927158,56.658235,305,1061,1099
-63.453421,57.079327,306,307,1059,1060
-70.922856,58.138949,307,308,309,376,395,401,1059
-95.733631,58.393559,308,309,1057,1058
-84.507174,58.124841,308,1058,1059,1060,1097,1098
-95.713541,58.536694,309,310,311,312,377,378,379,380,381,382,383,384,395,1057
-109.347385,58.256459,310,311,1056,1097,1098,1115,1118,1119
-104.280539,58.259556,310,1057,1058,1097
-109.333682,58.407774,311,312,1055,1056
-118.923612,58.806699,312,313,314,377,1055
-121.34994,58.939655,313,314,1054
-121.315838,58.797063,313,1054,1055,1056,1114,1117,1118
-126.948488,59.595486,314,315,316,377,378,1053,1054,1096,1113,1114
-146.403451,61.598644,315,316,1051,1052
-148.818734,61.20056,315,1052,1053
-151.740461,62.677941,316,378,379,1050,1051
-169.853896,64.011212,317,318,1047,1048
-159.701223,63.343601,317,1048,1049
-157.863216,63.330756,317,318,319,320,321,322,323,324,325,326,327,328,329,330,331,379,380,1049,1050
-169.862197,64.140309,318,319,1046,1047
-17.083628,58.135466,334,335,336,337,383,384,1223,1224
14.66025,39.074018,348,385,386,387,388,389,390,396,1195,1196
-12.023722,51.993718,370,371,372,373,374,393,1557,1558
5.609654,55.99474,375,376,401,402,408,1062,1063
36.529208,48.39515,398,403,404,1567
38.938085,50.133219,404,405,1566,1567,1568,1569,1631,1632,1633,1646,1650,1651
-76.012677,38.793052,409,410,1515,1516,1843,1844,1849
-79.188292,38.666253,409,801,1516,1517
-78.365556,38.003125,409,410,411,412,510,511,801,891,892
-72.265597,37.865737,410,411,1848,1849
-56.511984,36.27042,411,412,1847,1848,1929
-49.070697,35.344563,412,511,512,1929,1930,1931,1932,1933,1939,1940
-34.133305,34.402238,413,414,514,536,537,1936,1937
-35.190441,34.80274,413,1937,1938,1939,1940,1941
-36.504816,34.664692,413,513,514,1938
-26.929313,33.734907,414,415,537,552,553,1987,1988,1989,1990,1995
-30.651166,34.131661,414,1935,1936,1988
-13.612994,33.073183,415,416,515,553,554,558,559,562,1985,1986
-17.847325,33.472785,415,1986,1987
-0.262039,32.664497,416,417,418,419,515,1984
-0.810582,32.936823,416,1984,1985
11.997559,32.805971,417,418,1982,1983
3.997575,32.938026,417,1983,1984,1985,1986,1987,1994,1995,1996
13.883718,32.530386,418,419,1982,2011,2012,2013,2019,2020
18.161777,31.997053,419,420,421,515,538,539,540,554,2019
25.078224,32.385118,420,421,2018,2021,2022
19.710968,32.265643,420,2019,2020,2022
28.540631,31.85663,421,516,538,2017,2018
34.119352,31.872191,422,423,2034,2048,2050,2051,2052
32.265638,32.133099,422,2016,2049,2051
32.280199,32.008865,422,423,516,2016,2017
30.380054,30.927611,423,516,538,539,2034,2035,2036,2039
40.804103,27.469453,424,540,554,555,558,2037,2046
39.489873,28.272697,424,2037,2038
32.000095,30.266402,424,539,540,2038,2039
58.659062,27.470725,425,426,2061,2062
55.210363,27.860368,425,2062,2063,2064,2065
50.397654,27.47795,425,426,427,428,429,430,431,432,433,517,2063
59.189151,26.802076,426,427,2060,2061,2120
63.728334,26.134494,427,428,2120,2121,2122,2123,2124
65.594385,25.072056,428,429,2105,2106,2124
62.907588,25.328815,429,430,2104,2105
60.518424,25.197382,430,431,2077,2078,2104
55.470286,25.739449,431,432,2076,2077
52.259218,25.603582,432,433,2075,2076
50.134863,25.597317,433,434,435,436,437,517,518,2075
53.065908,25.067559,434,435,2073,2074
53.574671,25.060877,434,2074,2075,2076,2077,2078,2079,2080,2081
50.677736,24.932842,435,436,2073
50.650246,24.802282,436,437,2073,2074,2081
47.728308,24.14115,437,518,541,542,2080,2081,2082
52.52707,22.813354,438,439,519,559,562,563,2092,2093,2094,2095,2103
52.526472,22.924038,438,2090,2092
48.004295,23.857826,438,542,555,558,559,2082,2083,2084,2085,2086,2087,2088,2090,2091
58.405686,22.26176,439,440,441,519,2101,2102
58.394988,22.409854,439,2102,2103
68.54125,22.669724,440,441,2099,2100,2226
64.270797,22.80857,440,2100,2101
65.888925,20.924573,441,519,520,563,564,2226,2227,2228,2229,2240,2241
89.323215,19.057093,442,443,444,445,520,564,565,566,2239
81.596905,20.4001,442,2239,2240,2241,2242,2244
80.510956,20.259987,442,520,2240
93.605354,17.071318,443,444,2238,2243,2245,2246
89.874967,19.061879,443,2239,2244,2246
87.207078,16.932124,444,445,2237,2238
81.046467,15.594919,445,446,447,448,449,543,544,560,561,565,2237
95.720851,15.205095,446,447,2235,2236
90.951345,16.265723,446,2236,2237,2238,2243
97.897211,15.05388,447,448,2234,2235,2253,2254
99.199532,14.802497,448,449,2165,2166,2252,2253
104.542701,14.543652,449,521,522,543,2165,2390,2391,2401,2402
109.601335,16.006315,450,451,2400
106.670239,15.740256,450,2400,2401,2402,2403,2407
107.726237,15.194769,450,451,452,521,2401
112.271183,17.072171,451,452,2399,2400,2406,2407,2408
115.200799,16.404541,452,453,454,455,456,521,522,2399
119.738712,16.39392,453,454,2398,2404,2405
115.725056,16.799382,453,2399,2405,2406
118.133659,15.735747,454,455,2397,2398
118.144288,14.000821,455,456,2396,2397
116.808492,13.465639,456,522,543,544,2396
124.517222,13.460891,457,458,459,523,2423,2424
122.670191,13.465375,457,2424,2425
118.917158,13.333937,457,523,544,556,557,560,2395,2396,2397,2398,2404,2425,2426
130.670429,12.930008,458,459,2439,2440
126.409999,13.735628,458,2422,2423,2434,2435,2436,2437,2438,2440
130.671025,12.803626,459,523,545,546,547,548,556,2439
129.882607,15.210872,460,461,2418,2419,2435,2436
131.201551,14.395059,460,2436,2437
131.701543,14.38619,460,461,462,524,2437,2438
131.204774,15.586013,461,462,2417,2418,2454
149.321401,15.323528,462,463,464,524,525,2454,2458,2460
152.279684,15.869577,463,464,2452,2453
152.269064,16.255571,463,2453,2457,2459,2460
153.857043,15.335475,464,465,466,467,525,526,2452
162.385775,15.862039,465,466,2451,2513,2514
153.860935,15.731084,465,2451,2452,2453,2456,2457
165.056304,15.990925,466,467,2512,2513
166.38686,15.750406,467,468,469,526,527,2511,2512
169.889604,15.730824,468,469,2509,2510,2523,2524
168.508968,16.006168,468,2510,2511
171.208301,15.193938,469,470,471,472,473,474,475,476,477,478,479,480,481,527,545,546,2522,2523
180.0,16.133333,470,471,2520,2521
173.090955,17.330128,470,2521,2522
180.0,9.866667,471,472,835
176.267867,9.067754,472,473,835,836,837,838,839,840,841,842,843,844,845,846,847,848,849,850,851,852,853,854,855,856,857,858,859,860,861,862,905
164.27305,9.055647,473,474,834,904,905,906,907,908,909,919,920
164.271487,9.338628,474,475,833,834
157.332649,10.673598,475,476,832,833
146.133781,11.996156,476,477,832
139.741943,11.192378,477,478,832,833,834,904
134.153393,11.33452,478,479,831,903,904,919
129.332328,11.860869,479,480,830,831
128.819599,12.12341,480,481,830
119.731857,12.123203,481,546,547,829,830,831,902,903
100.002919,12.253263,482,483,827,901,902,903,918,919,920,921,922,924
111.748449,12.264337,482,828,829,902
114.390963,12.677239,482,483,484,528,828
100.00415,12.408131,483,484,826,827
96.542751,14.138031,484,485,528,548,549,556,557,826
93.328875,14.259335,485,486,529,549,825
93.337057,14.143154,485,825,826,827,901
86.373345,14.40277,486,487,529,824
86.408978,14.27096,486,824,825,901,918
82.65083,14.66554,487,529,549,557,560,561,822,823
82.653023,14.40297,487,823,824,900,917,918,923,924
74.134555,17.452498,488,489,530,531,532,533,550,551,552,553,562,563,564,566,821
78.425647,16.521808,488,821,822,823,899,900
78.940554,16.533975,488,561,565,566,822
68.795104,17.59849,489,490,491,530,820
68.811633,17.462332,489,820,821,899
55.460395,18.52766,490,491,818,819
63.192861,17.728068,490,819,820,899,900,917
55.465164,18.665343,491,492,530,531,818
45.590481,19.463885,492,493,531,532,817
48.550187,18.657494,492,817,818,819,898,916,917,923
29.609138,20.804143,493,494,495,496,532,533,816
39.468339,19.866004,493,816,817,898
12.795227,22.937846,494,495,814,815
20.011787,21.467931,494,815,816,897,898,915,916
12.799599,23.05882,495,496,813,814
3.998776,26.140255,496,533,534,550,812,813
-16.248891,26.26111,497,498,811,897,914,915
-4.251156,26.267827,497,812,813,814,815,897
-1.863175,26.678097,497,498,499,500,501,502,503,534,812
-16.252266,26.538405,498,499,811
-24.774346,27.331584,499,500,810,811,913,914
-24.80859,29.062424,500,501,809,810
-23.192247,29.063107,501,502,808,809
-18.954526,29.614383,502,503,807,808
-18.911503,31.073009,503,504,534,535,550,551,806,807
-28.553496,32.541618,504,505,506,535,805
-23.196316,31.603555,504,805,806
-36.275862,33.87036,505,506,803,804
-37.867513,32.802142,505,804,805,806,807,808,809,810,896,912,913
-36.245765,34.398312,506,507,535,536,537,551,552,803
-46.386898,34.810449,507,508,509,510,511,512,513,514,536,802
-46.407866,34.670189,507,802,803,804,895,896
-65.595802,36.006786,508,509,893,894
-52.822232,34.92053,508,802,894,895
-74.401599,37.066598,509,510,892,893
-42.93007,34.927141,512,513,1938,1939
48.533476,27.47456,517,518,541,2063,2064
134.930345,13.596373,524,525,526,527,545,2438,2439,2440
119.766392,12.275256,528,547,548,828,829
42.692479,27.467133,541,542,555,2045,2046,2047,2050,2052,2053,2054,2055,2056,2057,2064,2065
89.592893,29.465639,567,568,1188,1189
89.049269,29.465949,567,1189,1190,1191,1278,1279
89.062957,28.665254,567,568,609,1190,2193,2194,2195,2216,2217
96.793571,31.198646,568,569,609,610,611,615,616,1188
100.530414,35.74007,569,570,571,572,573,574,610,1187
96.794972,31.326024,569,1187,1188,1189,1278
101.303155,37.061591,570,571,1186,1276,1277
99.72881,36.398705,570,1187,1277,1278,1279,1280,1281,1282,1283,1284,1285,1286,1287,1288,1308,1309
103.479213,37.06941,571,572,1185,1186
112.268719,37.724103,572,573,1185
115.458799,38.130971,573,574,1184,1185,1186,1275,1276
122.411949,38.796308,574,575,576,610,611,1184
135.452086,40.536684,575,576,1182,1183
122.370059,38.926466,575,1183,1184,1274,1275
137.853591,40.659519,576,611,616,617,618,1181,1182
134.392188,44.948948,577,578,1179,1272,1273
129.625175,43.59703,577,1180,1181,1182,1183,1273,1274
136.274057,43.19606,577,578,579,580,612,1180
143.719268,45.730235,578,579,1178,1179
147.468053,45.463031,579,580,1177,1178
150.116118,45.865484,580,581,582,583,584,585,612,613,1177
147.992559,47.613399,581,582,1270,1271
147.19846,46.407701,581,1177,1178,1179,1271,1272
153.852867,49.331634,582,583,1269,1270
158.641517,50.145796,583,584,1176,1268,1269
159.745777,50.129973,584,585,1175,1176
164.805999,50.920177,585,586,587,588,589,590,591,592,593,594,595,596,597,598,599,600,601,602,603,604,605,606,613,617,618,1175
173.063764,52.791149,586,587,1173,1174
164.812897,51.072197,586,1174,1175,1176,1267,1268
180.0,53.6,587,588,1172,1173
180.0,23.466667,588,589,2329,2330
175.458849,23.731881,589,590,2329
165.067772,22.664422,590,591,2328,2329,2330,2347
162.150594,23.331484,591,592,2327,2328
162.135923,23.729605,592,593,2326,2327
159.461798,23.993747,593,594,2326
152.518917,23.595791,594,595,2325,2326,2327,2328,2346,2347,2348,2349,2350,2351,2352,2353
149.63686,24.130187,595,596,2324,2325
149.611961,24.396126,596,597,2323,2324
143.181151,24.930587,597,598,2323
140.808335,24.937529,598,599,2322,2323,2324,2325,2345,2346
131.463998,26.805066,599,600,2321,2322
124.789045,26.933902,600,601,2321
122.134608,26.927193,601,602,2320,2321,2322,2344,2345
115.21569,27.733569,602,603,2319,2320
115.196625,27.86569,603,604,2318,2319
111.472368,28.130576,604,605,2318
107.722847,28.13111,605,606,2317,2318,2319,2320,2343,2344
107.740095,28.396786,606,614,615,616,618,2317
89.312712,28.541218,607,608,2194,2195,2266
91.176501,28.403022,607,2266,2267
94.118794,28.545119,607,608,614,2267,2268,2317,2343
89.338531,28.669967,608,609,614,615,2194
139.469055,41.865701,612,613,617,1180,1181
-174.398551,-89.725291,619,620,649,650,718
-180.0,-89.866667,619,669,670,671,672,673,674,675,676,677,678,679,680,681,682,683,684,685,686,687,688,689,690,691,692,693,694,695,696,697,718,719
-180.0,-90.0,619,648,649
-157.352772,-81.998732,620,621,650,651,717
-168.527553,-85.478469,620,717,718,719,720,721,732
-150.942741,-81.066348,621,622,651,652,716
-157.349251,-81.852402,621,716,717,731,732
-145.603176,-79.742699,622,623,624,652,653,715
-148.271544,-80.131606,622,715,716,730,731
-137.330509,-78.258532,623,624,713,714
-143.469056,-78.799225,623,714,715,729,730
-131.740482,-77.34076,624,653,654,712,713
-119.18502,-74.529343,625,655,656,710,711
-124.508563,-74.526918,625,711,712,713,714,728,729
-126.65236,-75.476289,625,654,655,712
-92.003231,-68.274284,626,657,658,708,709
-104.024321,-70.388228,626,709,710,711,727,728
-110.670151,-72.392146,626,656,657,710
-75.991426,-64.001069,627,628,706,707
-88.276195,-67.070493,627,707,708,709,726,727
-88.290515,-67.331644,627,628,658,659,708
-75.474158,-63.997509,628,659,660,705,706
-66.670507,-62.131458,629,630,704,724,725
-70.395542,-62.394404,629,705,706,707,725,726
-70.389392,-62.532481,629,630,660,661,705
-63.725626,-62.802702,630,631,661,662,703,704
-34.949529,-72.394553,637,638,1804
-39.461003,-74.660034,638,639,1804,1805,1806,1807,1808,1809,1810,1811,1812,1813,1814,1815,1816,1835,1836
-46.977563,-77.737878,639,640,1803,1834,1835
-53.60673,-79.205038,640,641,1802,1803
-54.933598,-79.198154,641,642,1801,1802
-60.019701,-81.728366,642,643,665,1801
-61.055988,-82.002814,643,665,666,1799,1800
-60.01809,-81.998502,643,1800,1801,1802,1803,1833,1834
-75.49084,-88.266275,644,645,646,647,648,649,650,651,652,653,654,655,656,657,658,659,660,661,662,663,664,668,1797
-69.08111,-85.474542,644,1797,1798,1799,1800,1832,1833
-69.045466,-85.204173,644,667,668,1798
-76.006702,-88.539431,645,646,1796
-75.468198,-88.51918,645,1796,1797,1831,1832
-78.388255,-89.732315,646,647,1796,1830,1831
-79.733333,-90.0,647,648,1829,1830
-64.275962,-82.930852,666,667,1798,1799
-176.801997,32.394701,733,734,735,736,737,738,739,769,887
-180.0,31.866667,733,796,887,888
-118.379453,32.53287,734,735,886,911,912,913,914,915,916,922,923,924
-176.811794,32.532931,734,887,888,889,890,891,892,893,894,895,896,912
-111.991126,31.605499,735,736,885,886
-102.921337,30.260933,736,737,884,885
-96.783541,29.198027,737,738,883,884
-96.82546,29.081822,738,739,882,883
-89.07416,28.537518,739,740,769,770,882
-81.07526,27.203413,740,741,770,771,880,881
-86.393505,28.52991,740,881,882,883,884,885,886,910,911
-71.207031,25.859013,741,771,772,878,879
-71.202935,25.997243,741,879,880
-57.868057,24.809082,742,773,774,876,877
-58.397709,25.069277,742,877,878,879,880,881,910
-59.74967,25.074889,742,772,773,878
-39.491882,19.997355,743,744,874,875
-49.088765,24.261387,743,875,876,877,910,911,921,922
-51.463922,24.273554,743,744,774,775,876
-39.500239,19.739579,744,775,776,873,874
-20.532392,16.259196,745,746,777,778,870,871
-20.528561,16.394488,745,871,872
-31.467244,17.600102,745,776,777,872,873
-15.476237,15.726432,746,747,748,749,750,778,779,869
-15.449668,15.87419,746,869,870
3.745654,13.196727,747,748,867,868
-3.168948,15.736202,747,868,869,870,871,872,873,874,875,909,920,921
9.86355,11.861335,748,749,866,867
15.469764,10.795058,749,750,865,866
15.466987,10.670027,750,751,779,780,865
21.078979,10.282263,751,752,780,781,864
18.119931,10.667796,751,864,865,866,867,868,908,909
25.35156,10.139051,752,753,781,782,863
25.3382,10.24537,752,863,864,907,908
42.143827,8.80383,753,754,782,783,862,905,906
32.547194,10.136299,753,863,906,907
61.339005,7.340045,754,755,756,783,784,860,861
45.318876,8.807609,754,861,862
75.199113,4.933714,755,756,858,859
63.446543,7.326471,755,859,860
75.225878,4.790501,756,757,784,785,857,858
79.994615,4.123851,757,785,786,855,856
79.448939,4.387583,757,856,857
91.732948,2.801485,758,759,787,788,852,853
88.536379,3.731953,758,853,854
85.860037,3.733373,758,786,787,854,855
103.723993,1.603116,759,788,789,850,851
103.732411,1.725746,759,851,852
120.8271,1.591985,760,761,847,848
118.128435,1.863932,760,848,849
107.428959,1.596067,760,761,789,790,849,850
129.069388,1.071646,761,762,790,791,846,847
136.817468,0.673898,762,763,764,765,791,792,844,845
132.004991,1.060108,762,845,846
152.791404,-0.007576,763,764,842,843
143.758769,1.066582,763,843,844
152.806395,-0.137502,764,765,841,842
157.064244,-0.531817,765,766,792,793,840,841
161.355219,-1.190729,766,793,794,838,839
158.111487,-0.53089,766,839,840
180.0,-1.2,767,835,836
178.409388,-1.46445,767,768,795,836,837
167.728653,-1.592471,794,795,837,838
-180.0,42.0,796,925,926,927
-94.671721,40.004753,798,799,1519,1520
-94.667193,39.856995,799,800,889,890,1519
-80.262706,38.673475,800,801,890,891,1517,1518
-92.805334,39.866406,800,1518,1519,1520,1521,1522,1523,1524,1525
-171.200784,49.603332,928,929,930,931,934,940,941,1403,1406
-180.0,50.666667,928,935,936,941
-169.083057,47.332159,929,930,1399,1400,1404,1405
-167.712738,48.141476,929,1405,1406
-175.997635,46.926468,930,931,1398,1399
-176.258656,46.953508,931,932,933,934,1398
-172.782188,46.132403,932,1398,1399,1400,1401,1402
-172.264875,60.532482,942,943,977,978
-180.0,61.066667,942,969,970,971,972,978
-170.397953,60.546738,943,944,976,977
-163.731933,60.010739,944,945,975,976,1407
-162.116906,59.335971,945,946,1407,1408,1409,1410,1411,1412,1413
-155.479518,58.406344,946,962,966,967,1413,1414
-146.947583,55.864598,947,948,1430,1431
-149.609735,56.53494,947,1431,1432,1435
-155.19864,57.469671,947,948,967,968,1414,1415,1416,1417,1418,1419,1420,1432
-146.936671,55.744015,948,949,963,964,965,968,1429,1430
-132.256252,54.535135,949,950,951,952,953,963,1428
-132.273795,54.649319,949,1428,1429
-130.66297,53.993227,951,952,1439,1445,1446,1447
-140.261471,54.79207,952,953,1438,1439
-140.278476,54.936759,953,954,955,956,963,964,1438
-148.543441,55.198823,954,955,1437,1443,1444
-143.723864,54.941221,954,1438,1439,1444,1445
-176.541883,61.328881,969,970,985
-180.0,61.6,969,979,985,986
-174.110176,61.332921,970,971,984,985,986,987,989
-168.276831,60.804153,971,972,983,984
-168.295691,60.664306,972,973,974,975,976,977,978,983
-163.483601,60.131942,973,974,981,982,1408,1409
-165.613659,60.666856,973,982,983,984,988,989
-163.456209,60.006755,974,975,1407,1408
-169.874721,61.197196,979,986,987,1024,1025
-180.0,61.866667,979,990,1025,1026
-162.665684,60.667671,980,981,982,988,1023,1033,1034,1035,1040
-164.54031,60.925877,980,1024,1025,1026,1027,1034
-169.862103,61.07237,980,987,988,989,1024
-162.93112,60.133244,981,1023,1409,1410
-170.122934,61.599946,990,991,1026,1027,1095
-180.0,62.266667,990,1046,1047,1048,1049,1050,1051,1052,1053,1095,1096
-163.742284,61.206448,991,992,993,1027,1034,1035,1094
-168.263641,61.601737,991,1094,1095,1096,1112,1113
-163.201169,61.326309,992,993,1093,1111,1112,1113,1114,1117
-163.727542,61.33785,992,1094,1112
-160.252157,60.249033,993,994,995,1035,1040,1041,1092,1093
-138.690832,57.873573,994,995,1090,1091
-150.652084,59.341697,994,1091,1092
-138.662512,57.739602,995,996,1041,1042,1089,1090
-129.06272,56.80103,996,997,1028,1036,1037,1042,1043,1044,1045,1088
-129.078994,56.933604,996,1088,1089
-107.732069,56.399773,997,998,1028,1087
-107.728069,56.529283,997,1087,1088,1089,1090,1091,1092,1093,1110,1111
-101.606199,56.264707,998,1028,1029,1030,1036,1085,1086
-101.605391,56.395839,998,1086,1087,1109,1110
-93.590602,56.386153,999,1000,1084,1108,1109,1110,1111,1116,1117,1118,1119,1120
-100.791301,56.392992,999,1085,1086,1109
-100.779271,56.252859,999,1000,1001,1029,1085
-90.14047,55.327875,1000,1001,1083,1084
-90.133976,54.927818,1001,1002,1003,1004,1029,1030,1083
-86.417105,54.795729,1002,1003,1082
-86.400513,54.930028,1002,1082,1083,1084,1107,1108
-81.354953,54.406563,1003,1004,1081,1082,1106,1107
-83.213085,54.006061,1004,1005,1006,1030,1036,1037,1081
-77.625719,53.592861,1005,1006,1079,1080
-81.592702,54.00018,1005,1080,1081,1105,1106
-77.583432,53.480621,1006,1037,1038,1039,1043,1078,1079
-64.778654,53.476028,1007,1008,1077,1103,1104
-71.746479,53.458485,1007,1078,1079,1080,1104,1105
-71.736092,53.327851,1007,1008,1031,1038,1078
-64.80178,53.333221,1008,1009,1010,1011,1012,1013,1031,1077
-59.738744,53.074225,1009,1010,1075,1076
-61.606038,53.33603,1009,1076,1077,1102,1103
-59.983567,52.664427,1010,1011,1074,1075,1851
-62.133721,52.397517,1011,1012,1851,1852,1859,1860
-64.285154,52.545272,1012,1013,1850,1858,1859
-74.392252,52.544351,1013,1014,1015,1016,1031,1038,1039,1850
-80.547085,52.663957,1014,1015,1681,1682
-74.40045,52.397246,1014,1682,1683,1690,1691,1850,1858
-97.063664,53.199197,1015,1016,1423,1424,1681
-102.134908,54.92777,1016,1039,1043,1044,1422,1423
-120.539482,55.205933,1017,1018,1019,1020,1021,1032,1421
-120.532031,55.070392,1017,1421,1422,1423,1424,1433,1434,1436
-109.320247,55.199278,1017,1032,1044,1045,1422
-145.337924,57.321241,1018,1019,1419,1420
-127.708804,55.204424,1018,1420,1421,1432,1435,1436
-145.325742,57.468269,1019,1020,1418,1419
-151.187932,58.261938,1020,1021,1417,1418
-151.19084,58.414967,1021,1022,1032,1033,1040,1041,1042,1045,1416,1417
-158.666386,59.73621,1022,1023,1033,1410,1411
-151.728078,58.401069,1022,1411,1412,1415,1416
-48.529503,53.061815,1072,1073,1074,1075,1076,1101,1102,1942
-54.124369,52.527891,1073,1074,1851,1852,1947,1948
-48.505058,52.949373,1073,1942,1943,1948,1949
-172.271085,78.135462,1121,1122,1371
-180.0,78.266667,1121,1321,1371,1372
-83.728429,78.130439,1122,1123,1370,1371,1372,1397
-83.721499,78.007837,1123,1124,1370
-73.861706,78.001284,1124,1125,1369,1370,1396,1397
-73.858969,77.864918,1125,1126,1369
-67.209726,77.866105,1126,1127,1368,1369,1395,1396
-67.204354,77.738826,1127,1128,1367,1368
-58.925598,77.466621,1128,1129,1367
-55.993846,77.480681,1129,1130,1366,1367,1368,1394,1395
-51.471417,77.209884,1130,1131,1365,1366
-39.755266,76.794389,1131,1132,1365
-37.334943,76.804492,1132,1133,1364,1365,1366,1393,1394
-37.334807,76.675676,1133,1134,1364
-34.394676,76.667975,1134,1135,1363,1364,1392,1393
-34.402392,76.540019,1135,1136,1362,1363
-25.859571,75.999156,1136,1137,1362
-24.26227,76.008246,1137,1138,1361,1362,1363,1391,1392
-16.784412,74.529898,1138,1139,1361
-16.271007,74.535805,1139,1140,1141,1246,1247,1361,1390,1391
-29.320184,73.865188,1140,1141,1359,1360
-14.647404,74.006995,1140,1360,1389,1390
-34.96079,73.877297,1141,1247,1248,1358,1359
-37.070931,71.335704,1142,1143,1144,1250,1251,1356
-30.665485,72.529777,1142,1356,1357,1358,1359,1360,1388,1389
-33.587503,72.53781,1142,1249,1250,1357
-31.204943,70.805542,1143,1144,1354,1355
-33.076198,71.199325,1143,1355,1356,1387,1388
-32.516774,70.256489,1144,1145,1251,1252,1354
-25.042446,69.99106,1145,1146,1252,1253,1353
-25.051866,70.136269,1145,1353,1354,1355,1386,1387
-18.422137,69.871951,1146,1147,1253,1254,1352
-18.399624,69.992018,1146,1352,1353,1385,1386
-12.805134,69.734282,1147,1148,1149,1254,1255,1351
-12.817865,69.862255,1147,1351,1352,1384,1385
5.317228,69.467903,1148,1149,1349,1350
-2.919181,69.727516,1148,1350,1351,1383,1384
5.341218,69.315584,1149,1150,1151,1152,1153,1255,1256,1349
11.457536,69.194526,1150,1151,1348
11.479202,69.336103,1150,1348,1349,1350,1382,1383
30.377804,68.67727,1151,1152,1347,1348,1381,1382
30.398056,68.538676,1152,1153,1346,1347
45.858341,67.466525,1153,1154,1155,1256,1257,1345,1346
64.533191,67.070695,1154,1155,1343,1344
59.462088,67.335188,1154,1344,1345
64.523813,66.930691,1155,1257,1258,1259,1260,1306,1307,1317,1318,1342,1343
80.773922,67.071834,1156,1157,1340,1341
74.94406,67.203727,1156,1341,1342,1343,1344,1345,1346,1347,1380,1381
74.944304,67.078794,1156,1157,1258,1342
80.808176,66.933665,1157,1158,1258,1259,1340
86.119761,66.800337,1158,1159,1259,1260,1338,1339
86.127858,67.060128,1158,1339,1340,1341,1379,1380
93.588916,66.671071,1159,1260,1261,1262,1263,1264,1307,1336,1337
93.617119,66.802113,1159,1337,1338
101.595547,66.664821,1160,1161,1335,1377,1378
96.268216,66.80817,1160,1336,1337,1338,1339,1378,1379
96.267474,66.665312,1160,1161,1261,1336
110.375377,66.132844,1161,1162,1163,1261,1262,1335
126.130541,64.93408,1162,1163,1333,1334
121.064365,65.868482,1162,1334,1335,1376,1377
126.132692,64.791011,1163,1164,1165,1262,1263,1333
130.136202,64.406217,1164,1165,1331,1332
129.326709,64.797429,1164,1332,1333,1334,1375,1376
125.365047,63.860536,1165,1263,1264,1330,1331
141.622185,62.802132,1166,1167,1327,1328
141.596388,62.930193,1166,1328,1329,1330,1331,1332,1374,1375
136.020889,62.535204,1166,1167,1265,1266,1267,1268,1269,1270,1271,1272,1273,1274,1275,1276,1277,1308,1329
148.00464,62.804457,1167,1168,1169,1265,1327
149.065443,62.403655,1168,1169,1325,1326
152.795145,63.069792,1168,1326,1327,1328,1373,1374
149.060854,62.267991,1169,1170,1265,1266,1325
172.532093,60.393088,1170,1171,1172,1173,1174,1266,1267,1323,1324
161.596343,61.330146,1170,1324,1325,1326,1373
180.0,59.866667,1171,1172,1322
175.202442,60.400363,1171,1322,1323
-36.805847,73.470027,1248,1249,1357,1358
127.75271,62.794087,1264,1307,1308,1309,1310,1311,1312,1313,1314,1318,1319,1329,1330
180.0,90.0,1321,1322,1323,1324,1372,1373,1374,1375,1376,1377,1378,1379,1380,1381,1382,1383,1384,1385,1386,1387,1388,1389,1390,1391,1392,1393,1394,1395,1396,1397
-180.0,90.0,1321
-153.604326,58.146425,1412,1413,1414,1415
-105.071917,47.329439,1448,1449
-105.35548,47.341357,1448
-105.339943,47.195562,1448,1449,1450,1458,1459
-105.054561,47.199026,1449,1450
-104.25148,47.203382,1450,1451,1459
-98.65179,47.197834,1451,1452,1453,1454,1455,1456,1457,1458,1459
-104.27804,47.334833,1451
-92.012934,47.336203,1452,1453
-98.655821,47.329694,1452
-93.614481,47.065076,1453,1454
-95.471413,47.077498,1454,1455
-104.548132,46.398427,1455,1456
-109.609094,46.936059,1456,1457
-112.803576,47.070281,1457,1458
-53.589829,47.068831,1467,1468,1866,1867,1919,1920
-50.649382,46.943095,1468,1469,1543,1544,1545,1546,1547,1548,1549,1656,1657,1659,1919
-48.255711,46.676709,1469,1470,1543,1750
-48.232539,46.008241,1470,1471,1749,1750,1751,1752,1753,1754,1755,1760
-56.788271,45.608477,1471,1472,1473,1474,1481,1482,1749
-60.550209,45.474986,1472,1473,1748,1759,1763,1764
-56.782982,45.46325,1472,1749,1760,1761,1762,1764
-64.524413,45.732696,1473,1474,1748
-75.775356,45.990847,1474,1475,1482,1484,1485,1747,1748,1758,1759
-94.131,45.600723,1475,1476,1485,1486,1487,1746
-90.397249,45.612551,1475,1746,1747
-100.013283,45.333889,1476,1477,1483,1486,1489,1526
-94.127599,45.454685,1476,1526,1527,1746,1747,1758
-107.752538,44.407134,1477,1478,1479,1480,1483,1488
-107.492502,44.399138,1477,1488,1489,1490,1491,1492,1493,1494,1496
-104.538748,42.524374,1478,1488,1495,1496
-99.991885,45.203663,1489,1490,1526,1527,1530,1531
-101.603773,44.792664,1490,1491,1497,1530
-101.627151,44.675954,1491,1492,1497,1498,1499,1500,1501,1502,1503
-103.204274,42.395971,1492,1493,1503,1505
-103.190354,42.002558,1493,1494,1504,1505,1506,1507,1508,1509,1510
-99.196501,44.932454,1497,1498,1529,1530,1531,1532,1674
-99.502605,44.538653,1498,1499,1674,1680
-97.879436,44.397067,1499,1500,1533,1534,1679,1680
-100.538417,43.880526,1500,1501,1533
-100.544366,42.93324,1501,1502,1506,1507,1533,1534,1535,1536,1537,1538,1624,1625
-101.598879,42.935287,1502,1503,1505,1506
-94.949612,41.605252,1507,1508,1512,1623,1624,1693
-99.46976,41.459774,1508,1509,1511,1512,1513,1522,1523
-94.935641,41.46266,1512,1513,1693,1727
-91.989571,40.126211,1513,1523,1524,1726,1727,1728,1729,1730,1738
-76.015041,38.932749,1514,1515,1724,1843
-75.984694,39.082386,1514,1724,1725,1726,1738,1740
-76.503813,38.933581,1514,1515,1516,1517,1518,1525,1725
-82.668772,39.343909,1524,1525,1725,1726
-85.605164,45.595468,1527,1528,1531,1532,1757,1758,1759,1763
-86.908025,45.206,1528,1529,1532,1675
-82.928902,45.201827,1528,1675,1676,1757
-86.943778,45.067369,1529,1674,1675,1676,1677,1678,1679,1680
-90.943297,44.399006,1534,1535,1678,1679
-86.401893,44.67365,1535,1536,1677,1678,1775,1776,1777,1778,1794
-69.621299,43.062838,1536,1537,1793,1794,1795
-64.279178,42.806436,1537,1538,1792,1793
-64.278643,42.668842,1538,1539,1625,1626,1791,1792
-57.849653,42.401707,1539,1626,1627,1789,1790
-61.069761,42.667832,1539,1790,1791
-40.520533,42.660335,1540,1541,1671,1672,1673,1786,1787
-43.462078,42.657479,1540,1787,1788
-48.260213,42.405964,1540,1627,1670,1671,1788,1789
-30.679319,43.339323,1541,1668,1672,1784,1785
-31.988907,43.333803,1541,1785,1786
-37.850359,45.871981,1542,1543,1659,1662,1750,1751,1780,1781
-37.049756,45.726625,1542,1781,1782
-32.279428,45.325297,1542,1662,1665,1782,1783
-44.530033,47.469197,1544,1545,1917,1918
-44.52129,47.599509,1544,1918,1919,1920,1921,1922,1923,1926
-39.719966,47.471485,1545,1546,1916,1917
-24.539774,47.86544,1546,1547,1915,1916
-5.06721,47.866143,1547,1548,1914,1915
-5.058599,47.735013,1548,1549,1913,1914
0.277316,47.736864,1549,1550,1628,1650,1651,1652,1656,1913
9.86872,49.208512,1550,1551,1628,1911,1912
5.875743,49.215503,1550,1912,1913,1914,1915,1916,1917,1918,1925,1926,1927,1928
20.783156,50.536109,1551,1552,1553,1628,1646,1650,1909,1910
13.316965,49.870746,1551,1910,1911
8.234355,50.795631,1552,1553,1907,1908
14.398669,50.666568,1552,1908,1909
8.213693,50.938323,1553,1554,1629,1630,1631,1646,1906,1907
-8.005221,51.209149,1554,1555,1556,1557,1558,1559,1560,1629,1905
-8.000664,51.060751,1554,1905,1906
-11.449224,51.0718,1555,1887,1888,1904,1905,1906,1907,1908,1909,1910,1911,1912,1924,1925
65.340457,28.544957,1604,1605,2067,2068,2069,2070,2071,2072,2190,2191,2192,2215
49.576693,28.532216,1605,1606,2026,2066,2067
45.879933,29.468209,1606,1637,1638,2026,2027,2028,2029,2032
44.287628,33.18768,1607,1608,1639,1648,1649,2023,2024
44.258139,33.074748,1607,2024,2025
49.840431,31.20692,1607,1638,1639,2025,2031,2032,2033
17.043973,33.727474,1608,1609,1640,1641,1642,1643,1644,1649,1654,1655,1709
29.596457,33.460686,1608,1709,1710,1711,1712,1713,1714,1733,1734,2023
3.76259,33.73263,1609,1610,1611,1640,1708
3.725752,33.608178,1609,1708,1709,1733
-0.539799,33.744193,1610,1611,1706,1707
-0.517213,33.602485,1610,1707,1708,1733,1734,1735,1739
-8.53732,34.121949,1611,1612,1613,1640,1641,1706
-13.061257,34.13755,1612,1613,1704,1705
-13.068567,33.99349,1612,1705,1706,1707,1739,1742
-21.065495,34.524408,1613,1614,1615,1641,1642,1704
-30.134192,35.202909,1614,1615,1702,1703
-23.726388,34.530877,1614,1703,1704,1705,1732,1742,1743,1745
-30.13785,35.341951,1615,1616,1617,1642,1643,1702
-43.481414,36.128016,1616,1617,1700,1701
-34.390376,35.463807,1616,1701,1702,1703,1732
-43.473995,36.271276,1617,1643,1644,1699,1700
-71.458698,39.616143,1618,1619,1620,1621,1645,1661,1663,1664,1697,1698
-52.813464,36.791256,1618,1698,1699,1700,1701,1731,1732,1741,1744,1745
-51.444724,36.799077,1618,1644,1655,1658,1660,1661,1699
-77.072075,39.606505,1619,1620,1768,1769,1770,1771,1774
-75.715408,39.595748,1619,1697,1768
-82.935381,40.531029,1620,1621,1773,1774
-82.928476,40.658107,1621,1622,1645,1767,1772,1773
-91.972001,41.732203,1622,1623,1624,1625,1626,1627,1645,1664,1667,1669,1670,1694,1765,1766
-89.879271,40.66461,1622,1766,1767
-93.342196,41.598668,1623,1693,1694,1727,1728
-26.915754,44.673852,1665,1666,1668,1783,1784
-82.140396,45.203652,1676,1677,1757,1762,1763,1764,1775
-58.670575,52.144416,1683,1684,1691,1692,1856,1857
-63.479466,52.403848,1683,1857,1858,1859,1860
-58.660897,51.989969,1684,1855,1856,1870,1871
-92.799847,41.069999,1694,1728,1729,1765
-78.11845,39.600533,1695,1696,1770,1771
-87.474095,40.536082,1695,1771,1772,1773,1774
-90.660783,40.529966,1695,1696,1729,1730,1765,1766,1767,1772
-78.122474,39.46938,1696,1730,1731,1738,1740,1741,1769,1770
-75.725188,39.478895,1697,1698,1731,1768,1769
36.262361,32.396117,1710,1711,1977,1978,1979,1991,2030
35.742724,32.681898,1710,2023,2024,2025,2030,2031
26.383333,32.94097,1711,1712,1976,1991,1992,1993,1994,1996
18.126439,33.067958,1712,1713,1975,1976
18.135315,33.205305,1713,1714,1975
-3.443007,33.185671,1714,1734,1735,1974,1975,1976,1990,1995,1996
-26.652371,34.398142,1715,1716,1972,1973
-19.730811,33.861744,1715,1973,1974,1989,1990
-16.542326,33.867148,1715,1716,1717,1735,1736,1737,1739,1742,1743,1974
-32.780257,34.788851,1716,1717,1934,1935,1936,1937,1941,1972
-36.27607,35.074411,1717,1718,1719,1736,1934
-44.259558,35.452996,1718,1719,1932,1933
-38.647325,35.061695,1718,1933,1934,1940,1941
-44.249232,35.603145,1719,1720,1721,1722,1736,1737,1931,1932
-55.735237,36.406289,1720,1721,1846,1847,1929,1930
-51.192584,35.853647,1720,1930,1931
-55.712699,36.527826,1721,1722,1845,1846
-60.262392,37.074089,1722,1723,1737,1743,1744,1745,1845
-72.526315,38.800374,1723,1724,1740,1741,1744,1843,1844
-61.855042,37.067489,1723,1844,1845,1846,1847,1848,1849
-41.592808,44.811463,1751,1752,1780
-41.615966,44.667747,1752,1753,1779,1780,1781,1782,1783,1784,1785,1786,1787,1788,1789,1790,1791,1792,1793,1795
-45.083861,44.670528,1753,1754,1779
-51.201395,44.139065,1754,1755,1778,1779,1794,1795
-64.283809,44.792968,1755,1756,1760,1761,1777,1778
-74.151166,45.207981,1756,1761,1762,1775,1776
-74.153621,45.068869,1756,1776,1777
60.527782,-89.32723,1827,1828,2125,2143,2144
60.8,-90.0,1828,1829,2142,2143
-53.328536,52.133928,1852,1853,1854,1855,1856,1857,1860,1882,1883,1946,1947
-58.123124,51.864281,1853,1854,1872,1873,1881
-55.473888,51.737158,1853,1881,1882
-58.64882,51.85885,1854,1855,1871,1872
-41.873565,48.002535,1862,1863,1897,1898,1899,1900,1922,1923
-42.673097,48.140965,1863,1864,1896,1897
-57.324656,47.995229,1864,1865,1866,1867,1868,1869,1896
-55.739101,47.603577,1865,1866,1920,1921
-55.727549,47.74004,1865,1896,1897,1921,1922
-56.267884,51.333903,1873,1874,1881,1882,1883,1884,1885,1893
-53.343031,51.322121,1874,1875,1892,1893,1895
-44.53657,50.932658,1875,1876,1892
-37.583004,50.790155,1876,1877,1891,1892,1894,1895
-49.33057,52.001827,1883,1884,1946,1950
-48.535503,51.335276,1884,1885,1950,1951,1952,1956,1957
-38.668713,51.330106,1885,1886,1887,1888,1889,1890,1893,1894,1895,1956,1969,1970,1971
-14.116509,50.801734,1888,1889,1903,1904
-30.418264,34.398129,1935,1972,1973,1988,1989
-43.727383,52.263549,1944,1945,1951,1952
-43.725496,52.129729,1944,1952,1953,1957,1958
-49.318982,52.273123,1945,1946,1947,1948,1949,1950,1951
-38.679407,51.461994,1955,1956,1957,1958,1969
-38.403785,-41.858681,1959,1960,1966,1967
-39.195736,-42.795501,1959
-39.195315,-43.598146,1959,1966
-37.052715,-36.125097,1960,1961,1967,1968
-38.387972,-41.060651,1960
-38.157598,-32.802933,1961,1962,1963,1964,1965,1968
-37.304108,-36.136906,1961
-36.546296,-33.074125,1962,1963
-36.51475,-32.93752,1962
-31.200783,-36.394888,1963,1964
-31.719679,-38.799047,1964,1965
-32.014164,-38.804427,1965,1966,1967,1968
33.6124,32.139886,1977,1978,2040,2041,2042,2043,2044,2045,2049,2051,2052
36.5302,32.38843,1977,2030,2031,2033,2041
30.646912,32.262588,1978,1979,2014,2015,2040
26.405644,32.672268,1979,1980,1981,1991,1992,2014
17.889665,32.668569,1980,1981,2012,2013
26.382582,32.528227,1980,2013,2014,2015,2020,2021,2022
17.85608,32.791514,1981,1992,1993,2011,2012
13.852628,32.796973,1982,1983,1993,1994,2011
-9.312991,38.40115,1997,1998
-10.399924,38.406084,1997
-11.483265,37.865845,1997,1998,1999,2000,2004
0.501783,39.198149,1998,1999
10.399737,38.935823,1999,2000
3.47818,36.790706,2000,2001,2002,2003,2004
0.013099,36.941386,2001,2002
-4.21E-4,36.798524,2001
-5.059169,37.201245,2002,2003
-5.063118,37.334844,2003,2004
11.489773,26.528766,2005,2006,2007,2008,2009,2010
10.390064,26.544972,2005
8.021408,26.129277,2005,2010
16.824436,27.594892,2006,2007
11.457875,26.664827,2006
15.474923,24.936488,2007,2008
13.335172,24.662729,2008,2009
12.001199,25.739651,2009,2010
30.676047,32.132777,2015,2016,2017,2018,2021,2040,2049
43.466465,27.874562,2026,2027,2054,2055,2066
43.189208,27.858688,2027,2028,2043,2044,2053,2054
36.781034,30.937605,2028,2029,2042,2043
38.92772,31.867279,2029,2032,2033,2041,2042
31.996627,30.919671,2034,2035,2048
38.940944,29.317687,2035,2036,2047,2048,2050
41.335046,28.132531,2036,2037,2038,2039,2046,2047
42.660925,27.85944,2044,2045,2053
46.391203,27.732266,2055,2056,2066,2067,2072
58.911325,28.135678,2056,2057,2071,2072
58.925353,27.990726,2057,2058,2059,2060,2061,2062,2065,2070,2071
64.251773,27.860743,2058,2059,2068,2069,2121,2122,2148
64.275058,28.000851,2058,2069,2070
60.013881,26.792202,2059,2060,2120,2121
68.021986,28.412584,2068,2148,2149,2214,2215,2216,2217,2218,2223
53.341048,24.406394,2078,2079,2083,2084,2104,2105,2106,2111
51.727432,24.41109,2079,2080,2082,2083
58.145724,24.531391,2084,2085,2110,2111
59.729942,24.53154,2085,2086,2109,2110,2112,2113
57.320973,24.132144,2086,2087,2112
59.472603,23.333459,2087,2088,2112,2113,2114,2115,2119
59.492046,22.934681,2088,2089,2091,2094,2095,2118,2119
53.336327,23.335978,2089,2090,2091,2092,2093
55.195526,22.928416,2089,2093,2094
62.125896,22.923023,2095,2096,2097,2098,2099,2100,2101,2102,2103,2117,2118
68.018797,23.332792,2096,2097,2116,2171,2172
65.342331,23.603199,2096,2116,2117
69.60033,23.206683,2097,2098,2171,2247,2248,2260,2261
70.415175,22.802334,2098,2099,2226,2227,2260
69.065991,24.930193,2106,2107,2108,2109,2110,2111,2123,2124,2174
66.119857,24.128321,2107,2108,2114,2115,2173
69.072385,24.67247,2107,2173,2174,2175,2176,2185,2186
62.940975,24.263888,2108,2109,2113,2114
67.731387,24.134415,2115,2116,2117,2118,2119,2172,2173,2184,2185
70.939506,25.594478,2122,2123,2148,2149,2150,2151,2152,2174,2175
101.303847,-81.325579,2132,2133,2383,2384
101.603515,-81.326936,2133,2134,2382,2383
104.78649,-82.681357,2134,2135,2381,2382
104.796886,-82.933639,2135,2136,2380,2381
108.269809,-84.132623,2136,2137,2379,2380
110.949776,-85.463483,2137,2138,2378,2379
110.914224,-85.724671,2138,2139,2140,2147,2377,2378
117.067788,-86.667819,2139,2140,2375,2376
113.336012,-85.731439,2139,2376,2377
120.535108,-88.143773,2140,2141,2142,2143,2144,2145,2146,2147,2374,2375
125.066667,-90.0,2141,2142,2372,2373
121.891635,-88.136046,2141,2373,2374
77.333715,27.199312,2149,2150,2214
77.59991,27.210605,2150,2151,2213,2214,2222,2223,2224,2225
79.989739,25.73604,2151,2152,2212,2213
77.067409,24.121056,2152,2175,2176,2211,2212
110.111497,18.933137,2153,2154,2208,2209
99.199728,21.469957,2153,2209,2210,2211,2212,2213,2221,2222
98.41116,21.471545,2153,2154,2177,2210
110.129248,18.783819,2154,2155,2177,2178,2179,2180,2181,2182,2187,2188,2189,2208
118.659837,18.265744,2155,2156,2178,2206,2207
113.31953,18.797369,2155,2207,2208,2209,2220,2221
128.530254,17.061791,2156,2157,2158,2178,2179,2204,2205
120.014573,18.272647,2156,2205,2206
135.736284,16.663049,2157,2158,2202,2203,2461,2462,2463,2469
130.655274,17.07173,2157,2203,2204
128.271816,16.401971,2158,2159,2160,2161,2162,2179,2180,2461
128.005806,16.263678,2159,2160,2416,2447
128.275653,16.254263,2159,2447,2448,2461,2468,2469
125.864383,16.272603,2160,2161,2416,2428
122.410732,16.937624,2161,2162,2410,2415,2427,2428,2429,2430
117.619366,17.745351,2162,2180,2181,2409,2410,2412,2413,2414
104.83197,15.084505,2163,2164,2390,2391
107.768981,16.401561,2163,2391,2392,2402,2403
107.731318,17.196969,2163,2164,2182,2183,2188,2392,2409,2412
104.532186,15.071253,2164,2165,2166,2167,2168,2169,2183,2390
97.850648,17.732321,2166,2167,2251,2252
98.121102,18.141881,2167,2168,2250,2251
94.1574,20.664384,2168,2169,2249,2250
94.143052,20.796598,2169,2170,2183,2188,2189,2249
74.12707,23.459276,2170,2184,2185,2186,2187,2189,2247,2248
92.794922,20.805815,2170,2248,2249,2250,2251,2252,2253,2254,2261,2262,2263,2264,2265
69.615652,23.469031,2171,2172,2184,2247
83.745544,22.938763,2176,2177,2186,2187,2210,2211
114.943452,17.868969,2181,2182,2409
89.349259,27.99578,2195,2196,2217,2218,2266,2267,2268,2269,2270,2271,2272,2300,2301
91.466549,25.86118,2196,2218,2223,2224,2298,2299
93.33732,26.662507,2196,2299,2300
117.873434,19.595981,2197,2198,2199,2219,2220,2221,2222,2225,2296
110.138279,21.339842,2197,2296,2297,2298,2299,2300,2301,2302,2312
109.310728,21.332323,2197,2219,2297
125.838307,18.941975,2198,2199,2294,2295
119.481124,19.604821,2198,2295,2296,2311,2312,2315
125.886042,18.79969,2199,2200,2201,2202,2203,2204,2205,2206,2207,2220,2294
133.046375,18.40177,2200,2201,2293,2309,2310
128.268692,18.801665,2200,2294,2295,2310,2311
136.237283,16.931533,2201,2202,2292,2293,2462
98.396975,23.469867,2219,2224,2225,2297,2298
73.874057,22.405903,2227,2228,2259,2260,2261,2265
79.724005,21.064726,2228,2229,2258,2259
86.661916,20.406793,2229,2230,2241,2242,2258
93.057447,19.063899,2230,2231,2232,2233,2242,2244,2245,2246,2257
88.792443,20.390399,2230,2257,2258,2259,2264,2265
95.186305,17.738649,2231,2232,2256,2262,2263
93.348194,19.061829,2231,2257,2263,2264
95.206698,16.675329,2232,2233,2255,2256
96.243408,15.340357,2233,2234,2235,2236,2243,2245,2255
97.330922,15.325756,2234,2254,2255,2256,2262
102.119195,27.584212,2268,2269,2343,2344,2345,2346,2353
115.474517,25.612828,2269,2270,2342,2352,2353
114.939754,23.87297,2270,2271,2341,2342
113.335276,23.211955,2271,2272,2340,2341
119.737731,21.596582,2272,2273,2274,2301,2302,2340
131.70146,19.744445,2273,2274,2338,2339
121.328368,21.593196,2273,2339,2340,2341,2342,2351,2352
131.750655,19.611618,2274,2275,2302,2303,2312,2315,2316,2337,2338
143.201799,19.991402,2275,2276,2277,2303,2336
141.617237,20.004208,2275,2336,2337
149.337312,20.276798,2276,2277,2334,2335
143.197753,20.130113,2276,2335,2336,2337,2338,2339,2350,2351
153.351921,19.872459,2277,2278,2279,2303,2313,2314,2316,2334
162.391648,21.589415,2278,2279,2333
156.518985,22.007997,2278,2333,2334,2335,2349,2350
169.072799,21.868631,2279,2280,2304,2305,2306,2313,2332,2333,2348,2349
174.667473,21.066636,2280,2281,2282,2283,2284,2285,2286,2304,2331
174.664757,21.207951,2280,2331,2332
180.0,18.8,2281,2282,2480,2481
180.0,20.8,2281,2330,2331,2332,2347,2348
174.392407,19.475429,2282,2283,2479,2480
174.38638,19.611616,2283,2284,2479
171.476959,19.600448,2284,2285,2478,2479,2480,2481,2482,2483,2491
171.465355,19.716719,2285,2286,2477,2478
165.613523,20.391785,2286,2304,2305,2476,2477
159.493225,19.865513,2287,2288,2474,2475
162.13579,19.856894,2287,2475,2476,2477,2478,2490,2491,2493
162.120379,20.002858,2287,2288,2305,2306,2476
159.457665,20.273978,2288,2306,2307,2308,2313,2314,2474
152.521976,18.387354,2289,2290,2472,2473
161.058852,18.271832,2289,2473,2489,2490,2492,2493,2494,2495
159.459942,18.518702,2289,2290,2307,2474,2475,2490
150.157635,18.663603,2290,2307,2308,2471,2472
138.135232,17.064119,2291,2292,2293,2309,2470
142.641993,17.067723,2291,2470,2471,2472,2473,2488,2489
145.602025,18.671695,2291,2308,2309,2310,2311,2314,2315,2316,2471
138.141889,16.646739,2292,2462,2463,2470,2487,2488
180.0,-90.0,2371,2372
113.853675,17.467948,2392,2393,2403,2407,2408,2412,2414
120.297227,16.792103,2393,2394,2395,2404,2405,2406,2408,2411
120.266623,16.930166,2393,2411,2413,2414
119.750956,14.00798,2394,2395,2415,2426,2427
120.81342,16.806563,2394,2410,2411,2413,2415
127.72603,15.877962,2416,2417,2418,2419,2420,2428,2429,2447,2448,2449,2455
131.181116,15.877218,2417,2454,2455,2458
128.80702,15.187752,2419,2420,2431,2432,2433,2434,2435
123.198196,15.73274,2420,2429,2430,2431
126.40765,13.880052,2421,2422,2432,2434
125.598832,14.134292,2421,2432,2433
123.203109,14.394249,2421,2422,2423,2424,2425,2426,2427,2430,2431,2433
137.323203,28.27171,2441,2442
130.662439,28.537523,2441
126.650218,27.990571,2441,2442,2443,2444,2446
137.326354,28.128616,2442,2443
142.673798,27.734454,2443,2444
139.199303,26.799158,2444,2445,2446
133.606834,27.205521,2445,2446
133.606378,27.080692,2445
132.002029,16.266542,2448,2449,2467,2468
145.334446,15.875342,2449,2450,2455,2458,2459,2460,2466,2467
156.266156,16.673228,2450,2456,2457,2459,2497,2498,2500,2505
155.205091,16.664032,2450,2465,2466,2498
156.525949,16.395958,2451,2456,2505,2506,2514
144.788357,16.525442,2463,2464,2465,2466,2467,2468,2469,2486,2487
155.461962,16.930499,2464,2465,2498,2499,2500
147.211057,16.787237,2464,2486,2496,2499
180.0,17.466667,2481,2482,2520
172.541498,18.815039,2482,2483,2515,2519,2520,2521,2522,2523,2524
162.931408,18.929738,2483,2484,2485,2491,2493,2494,2515,2516,2517
168.833173,16.810138,2484,2485,2506,2507,2508,2509,2510,2511,2512,2513,2514
167.474928,17.600209,2484,2507,2517
159.204245,16.518522,2485,2494,2495,2497,2505,2506
151.47199,17.605275,2486,2487,2488,2489,2492,2496
155.713728,17.592855,2492,2495,2496,2497,2499,2500
161.616807,13.87764,2501,2502,2504
157.58226,14.528129,2501
154.66337,13.196801,2501,2503,2504
158.142197,13.462232,2502,2503,2504
161.583958,13.59925,2502
153.339307,12.796248,2503
169.0794,17.74181,2507,2508,2516,2517,2518
170.918877,17.057671,2508,2509,2518,2519,2524
169.608067,18.131329,2515,2516,2518,2519