0,1,2,1,1,1,29952
3,2,4,1,0,1
5,4,6,1,0,1
7,6,8,1,0,1
9,8,10,1,0,1
11,10,12,1,0,1
13,12,14,1,0,1
15,14,16,1,0,1
17,16,18,1,0,1
19,18,20,1,0,1
21,20,22,1,0,1
23,22,24,1,0,1
25,24,26,1,0,1
27,26,28,1,0,1
29,28,30,1,0,1
31,30,32,1,0,1
33,32,34,1,0,1
35,34,36,1,0,1
37,36,38,1,0,1
39,38,40,1,0,1
41,40,42,1,0,1
43,42,44,1,0,1
45,44,46,1,0,1
47,46,48,1,0,1
49,48,50,1,0,1
51,50,52,1,0,1
53,52,54,1,0,1
55,54,56,1,0,1
57,56,58,1,0,1
59,58,60,1,0,1
61,62,63,1,1,1
64,63,65,1,0,1
66,65,67,1,0,1
68,67,69,1,0,1
70,69,71,1,0,1
72,73,74,1,1,1
75,76,77,1,1,1
78,77,79,1,0,1
80,81,82,1,1,1
83,84,85,1,1,1
86,87,88,1,1,1
89,90,91,1,1,1
92,91,93,1,0,1
94,95,96,1,1,1
97,96,98,1,0,1
99,98,100,1,0,1
101,102,103,1,1,1
104,103,105,1,0,1
106,105,107,1,0,1
60,107,108,0,0,1
71,109,110,0,1,1
111,110,112,1,0,1
74,112,113,0,0,1
114,113,115,1,0,1
116,115,117,1,0,1
79,117,118,0,0,1
119,118,120,1,0,1
82,120,121,0,0,1
85,121,122,0,0,1
88,123,124,0,1,1
93,124,125,0,0,1
100,125,126,0,0,1
108,126,122,0,0,0
127,128,129,1,1,1,29696
130,129,131,1,0,1
132,131,133,1,0,1
134,133,135,1,0,1
136,135,137,1,0,1
138,137,139,1,0,1
140,139,141,1,0,1
142,141,143,1,0,1
144,143,145,1,0,1
146,145,147,1,0,1
148,147,149,1,0,1
150,149,151,1,0,1
152,151,153,1,0,1
154,153,155,1,0,1
156,155,157,1,0,1
158,157,159,1,0,1
160,159,161,1,0,1
162,161,163,1,0,1
164,163,165,1,0,1
166,165,167,1,0,1
168,167,169,1,0,1
170,169,171,1,0,1
172,171,173,1,0,1
174,173,175,1,0,1
176,177,178,1,1,1
179,180,181,1,1,1
182,183,184,1,1,1
185,186,187,1,1,1
188,187,189,1,0,1
190,191,192,1,1,1
193,192,194,1,0,1
195,194,196,1,0,1
197,196,198,1,0,1
199,198,200,1,0,1
201,202,203,1,1,1
204,205,206,1,1,1
207,208,209,1,1,1
210,209,211,1,0,1
212,213,214,1,1,1
215,214,216,1,0,1
217,216,218,1,0,1
219,220,221,1,1,1
222,223,224,1,1,1
225,224,226,1,0,1
227,226,228,1,0,1
229,228,230,1,0,1
231,232,233,1,1,1
234,235,236,1,1,1
237,236,238,1,0,1
239,240,241,1,1,1
242,243,244,1,1,1
245,244,246,1,0,1
247,248,249,1,1,1
250,249,251,1,0,1
252,251,253,1,0,1
61,254,255,0,1,1
109,62,256,0,0,1
57,59,257,0,0,1
55,257,258,0,0,1
49,51,259,0,0,1
47,259,260,0,0,1
43,45,261,0,0,1
41,261,262,0,0,1
37,39,263,0,0,1
35,263,264,0,0,1
33,264,265,0,0,1
27,29,266,0,0,1
25,266,267,0,0,1
23,267,268,0,0,1
19,21,269,0,0,1
17,269,270,0,0,1
13,15,271,0,0,1
9,11,272,0,0,1
7,272,273,0,0,1
5,273,274,0,0,1
0,3,275,0,0,1
175,275,276,0,0,1
277,276,278,1,0,1
178,278,279,0,0,1
181,279,280,0,0,1
281,280,282,1,0,1
184,282,283,0,0,1
189,283,284,0,0,1
200,284,285,0,0,1
203,285,286,0,0,1
206,286,287,0,0,1
221,218,288,0,0,1
233,230,289,0,0,1
238,289,290,0,0,1
241,290,291,0,0,1
253,246,292,0,0,1
255,292,293,0,0,1
256,293,294,0,0,1
258,294,295,0,0,1
53,295,296,0,0,1
260,296,297,0,0,1
265,262,298,0,0,1
268,31,299,0,0,1
271,270,300,0,0,1
287,274,301,0,0,1
211,301,302,0,0,1
288,302,303,0,0,1
297,291,304,0,0,1
298,304,305,0,0,1
299,305,306,0,0,1
300,306,303,0,0,0
307,308,309,1,1,1,46320
310,309,311,1,0,1
312,313,314,1,1,1
315,314,316,1,0,1
317,318,319,1,1,1
320,321,322,1,1,1
323,322,324,1,0,1
325,324,326,1,0,1
327,326,328,1,0,1
329,328,330,1,0,1
331,330,332,1,0,1
333,332,334,1,0,1
335,334,336,1,0,1
337,336,338,1,0,1
339,338,340,1,0,1
341,340,342,1,0,1
343,342,344,1,0,1
345,344,346,1,0,1
347,346,348,1,0,1
349,348,350,1,0,1
351,352,353,1,1,1
354,355,356,1,1,1
357,356,358,1,0,1
359,360,361,1,1,1
362,363,364,1,1,1
365,366,367,1,1,1
368,367,369,1,0,1
370,369,371,1,0,1
372,373,374,1,1,1
375,376,377,1,1,1
378,379,380,1,1,1
381,382,383,1,1,1
384,383,385,1,0,1
386,385,387,1,0,1
388,387,389,1,0,1
390,389,391,1,0,1
392,391,393,1,0,1
394,393,395,1,0,1
396,395,397,1,0,1
398,397,399,1,0,1
400,399,401,1,0,1
402,401,403,1,0,1
404,403,405,1,0,1
406,405,407,1,0,1
408,409,410,1,1,1
411,410,412,1,0,1
413,414,415,1,1,1
416,415,417,1,0,1
418,417,419,1,0,1
420,419,421,1,0,1
422,421,423,1,0,1
424,425,426,1,1,1
427,426,428,1,0,1
429,430,431,1,1,1
432,433,434,1,1,1
435,436,437,1,1,1
438,439,440,1,1,1
441,440,442,1,0,1
443,442,444,1,0,1
445,444,446,1,0,1
447,448,449,1,1,1
311,450,451,0,1,1
350,319,452,0,0,1
353,452,453,0,0,1
358,453,454,0,0,1
361,454,455,0,0,1
456,455,457,1,0,1
364,457,458,0,0,1
371,458,459,0,0,1
374,459,460,0,0,1
377,460,461,0,0,1
380,461,462,0,0,1
407,462,463,0,0,1
412,463,464,0,0,1
423,464,465,0,0,1
428,465,466,0,0,1
431,466,467,0,0,1
468,467,469,1,0,1
434,470,471,0,1,1
437,471,472,0,0,1
446,472,473,0,0,1
474,473,475,1,0,1
451,449,476,0,0,1
316,476,477,0,0,1
478,477,479,1,0,1
480,479,481,1,0,1
469,481,482,0,0,1
483,482,475,1,0,0
484,485,486,1,1,1,1271
487,486,488,1,0,1
489,488,490,1,0,1
491,490,492,1,0,1
493,492,494,1,0,1
495,494,496,1,0,1
497,496,498,1,0,1
499,498,500,1,0,1
501,500,502,1,0,1
503,502,504,1,0,1
505,504,506,1,0,1
507,506,508,1,0,1
509,510,511,1,1,1
512,513,514,1,1,1
515,516,517,1,1,1
518,519,520,1,1,1
521,522,523,1,1,1
524,523,525,1,0,1
526,525,527,1,0,1
528,529,530,1,1,1
531,532,533,1,1,1
534,535,536,1,1,1
537,538,539,1,1,1
540,539,541,1,0,1
542,543,544,1,1,1
545,546,547,1,1,1
548,549,550,1,1,1
551,550,552,1,0,1
553,552,554,1,0,1
555,554,556,1,0,1
557,556,558,1,0,1
559,558,560,1,0,1
561,560,562,1,0,1
563,562,564,1,0,1
565,566,567,1,1,1
568,569,570,1,1,1
571,570,572,1,0,1
573,572,574,1,0,1
575,574,576,1,0,1
577,578,579,1,1,1
580,579,581,1,0,1
582,581,583,1,0,1
584,585,586,1,1,1
587,586,588,1,0,1
589,590,591,1,1,1
592,591,593,1,0,1
594,593,595,1,0,1
596,597,598,1,1,1
599,598,600,1,0,1
601,600,602,1,0,1
603,602,604,1,0,1
605,606,607,1,1,1
608,607,609,1,0,1
610,611,612,1,1,1
613,614,615,1,1,1
616,617,618,1,1,1
619,618,620,1,0,1
621,622,623,1,1,1
624,623,625,1,0,1
626,625,627,1,0,1
628,629,630,1,1,1
631,632,633,1,1,1
634,633,635,1,0,1
636,635,637,1,0,1
638,639,640,1,1,1
641,640,642,1,0,1
643,642,644,1,0,1
645,644,646,1,0,1
647,646,648,1,0,1
649,648,650,1,0,1
651,650,652,1,0,1
653,652,654,1,0,1
655,654,656,1,0,1
657,656,658,1,0,1
659,658,660,1,0,1
661,660,662,1,0,1
663,664,665,1,1,1
666,667,668,1,1,1
669,670,671,1,1,1
672,673,674,1,1,1
675,676,677,1,1,1
678,677,679,1,0,1
680,681,682,1,1,1
683,682,684,1,0,1
685,686,687,1,1,1
688,687,689,1,0,1
690,691,692,1,1,1
693,692,694,1,0,1
695,696,697,1,1,1
698,697,699,1,0,1
700,701,702,1,1,1
703,702,704,1,0,1
705,704,706,1,0,1
707,708,709,1,1,1
710,711,712,1,1,1
713,714,715,1,1,1
716,717,718,1,1,1
719,720,721,1,1,1
722,723,724,1,1,1
725,724,726,1,0,1
727,728,729,1,1,1
730,731,732,1,1,1
733,734,735,1,1,1
736,735,737,1,0,1
738,739,740,1,1,1
741,740,742,1,0,1
743,744,745,1,1,1
746,747,748,1,1,1
749,748,750,1,0,1
751,752,753,1,1,1
754,755,756,1,1,1
757,758,759,1,1,1
760,759,761,1,0,1
762,761,763,1,0,1
764,763,765,1,0,1
766,767,768,1,1,1
769,768,770,1,0,1
771,770,772,1,0,1
773,772,774,1,0,1
775,776,777,1,1,1
778,779,780,1,1,1
781,782,783,1,1,1
784,783,785,1,0,1
786,787,788,1,1,1
789,790,791,1,1,1
792,791,793,1,0,1
794,795,796,1,1,1
797,796,798,1,0,1
799,798,800,1,0,1
801,800,802,1,0,1
803,802,804,1,0,1
805,804,806,1,0,1
807,808,809,1,1,1
810,809,811,1,0,1
812,811,813,1,0,1
508,814,815,0,1,1
511,815,816,0,0,1
514,816,817,0,0,1
517,817,818,0,0,1
520,818,819,0,0,1
820,819,821,1,0,1
527,821,822,0,0,1
823,822,824,1,0,1
530,824,825,0,0,1
541,536,826,0,0,1
547,544,827,0,0,1
564,827,828,0,0,1
567,828,829,0,0,1
576,829,830,0,0,1
583,830,831,0,0,1
588,831,832,0,0,1
604,595,833,0,0,1
609,833,834,0,0,1
612,834,835,0,0,1
836,835,837,1,0,1
615,837,838,0,0,1
627,620,839,0,0,1
630,839,840,0,0,1
662,637,841,0,0,1
665,841,842,0,0,1
843,842,844,1,0,1
668,844,845,0,0,1
674,671,846,0,0,1
679,846,847,0,0,1
684,847,848,0,0,1
689,848,849,0,0,1
850,849,851,1,0,1
694,851,852,0,0,1
853,852,854,1,0,1
699,854,855,0,0,1
706,855,856,0,0,1
709,856,857,0,0,1
858,857,859,1,0,1
712,859,860,0,0,1
715,860,861,0,0,1
726,862,863,0,1,1
729,863,864,0,0,1
865,864,866,1,0,1
732,866,867,0,0,1
737,867,868,0,0,1
756,753,869,0,0,1
765,869,870,0,0,1
774,870,871,0,0,1
777,871,872,0,0,1
873,872,874,1,0,1
785,875,876,0,1,1
788,876,877,0,0,1
793,877,878,0,0,1
806,879,880,0,1,1
813,880,881,0,0,1
882,881,883,1,0,1
825,883,884,0,0,1
533,884,885,0,0,1
826,885,886,0,0,1
887,886,888,1,0,1
840,889,890,0,1,1
845,890,891,0,0,1
861,891,892,0,0,1
718,892,893,0,0,1
894,893,895,1,0,1
868,721,896,0,0,1
742,896,897,0,0,1
874,750,898,0,0,1
780,898,899,0,0,1
888,878,900,0,0,1
832,900,901,0,0,1
895,902,903,0,1,1
897,903,904,0,0,1
905,904,906,1,0,1
899,745,907,0,0,1
901,908,909,0,1,1
906,838,910,0,0,1
911,910,912,1,0,1
913,912,914,1,0,1
907,914,909,0,0,0
915,916,917,1,1,1,46320
918,917,919,1,0,1
920,919,921,1,0,1
922,921,923,1,0,1
924,923,925,1,0,1
926,925,927,1,0,1
928,929,930,1,1,1
931,930,932,1,0,1
933,932,934,1,0,1
935,936,937,1,1,1
938,939,940,1,1,1
941,942,943,1,1,1
944,945,946,1,1,1
947,948,949,1,1,1
950,949,951,1,0,1
952,953,954,1,1,1
955,956,957,1,1,1
958,959,960,1,1,1
961,962,963,1,1,1
964,963,965,1,0,1
966,965,967,1,0,1
968,967,969,1,0,1
970,969,971,1,0,1
972,971,973,1,0,1
974,975,976,1,1,1
977,978,979,1,1,1
980,979,981,1,0,1
982,983,984,1,1,1
985,986,987,1,1,1
988,989,990,1,1,1
991,990,992,1,0,1
993,994,995,1,1,1
996,995,997,1,0,1
998,999,1000,1,1,1
1001,1000,1002,1,0,1
1003,1002,1004,1,0,1
1005,1006,1007,1,1,1
1008,1007,1009,1,0,1
1010,1009,1011,1,0,1
1012,1011,1013,1,0,1
1014,1015,1016,1,1,1
1017,1018,1019,1,1,1
1020,1021,1022,1,1,1
1023,1022,1024,1,0,1
1025,1024,1026,1,0,1
1027,1026,1028,1,0,1
1029,1030,1031,1,1,1
1032,1031,1033,1,0,1
1034,1033,1035,1,0,1
1036,1037,1038,1,1,1
1039,1040,1041,1,1,1
1042,1041,1043,1,0,1
1044,1045,1046,1,1,1
1047,1048,1049,1,1,1
1050,1049,1051,1,0,1
1052,1053,1054,1,1,1
1055,1056,1057,1,1,1
1058,1059,1060,1,1,1
1061,1062,1063,1,1,1
1064,1063,1065,1,0,1
1066,1065,1067,1,0,1
1068,1067,1069,1,0,1
1070,1069,1071,1,0,1
1072,1071,1073,1,0,1
1074,1073,1075,1,0,1
1076,1075,1077,1,0,1
1078,1077,1079,1,0,1
1080,1081,1082,1,1,1
1083,1082,1084,1,0,1
1085,1086,1087,1,1,1
1088,1087,1089,1,0,1
1090,1089,1091,1,0,1
1092,1093,1094,1,1,1
1095,1094,1096,1,0,1
1097,1098,1099,1,1,1
1100,1099,1101,1,0,1
1102,1103,1104,1,1,1
1105,1106,1107,1,1,1
1108,1109,1110,1,1,1
1111,1112,1113,1,1,1
1114,1115,1116,1,1,1
1117,1116,1118,1,0,1
1119,1118,1120,1,0,1
1121,1122,1123,1,1,1
1124,1123,1125,1,0,1
1126,1127,1128,1,1,1
1129,1128,1130,1,0,1
1131,1130,1132,1,0,1
1133,1132,1134,1,0,1
1135,1134,1136,1,0,1
1137,1136,1138,1,0,1
1139,1138,1140,1,0,1
1141,1142,1143,1,1,1
1144,1143,1145,1,0,1
1146,1147,1148,1,1,1
1149,1148,1150,1,0,1
1151,1152,1153,1,1,1
1154,1155,1156,1,1,1
1157,1158,1159,1,1,1
927,1159,1160,0,0,1
943,940,1161,0,0,1
951,1162,1163,0,1,1
976,973,1164,0,0,1
1165,1164,1166,1,0,1
1167,1166,1168,1,0,1
981,1168,1169,0,0,1
1170,1169,1171,1,0,1
992,987,1172,0,0,1
997,1173,1174,0,1,1
1028,1019,1175,0,0,1
1038,1176,1177,0,1,1
1043,1177,1178,0,0,1
1046,1178,1179,0,0,1
1051,1179,1180,0,0,1
1054,1180,1181,0,0,1
1057,1181,1182,0,0,1
1060,1182,1183,0,0,1
1079,1184,1185,0,1,1
1186,1185,1187,1,0,1
1084,1187,1188,0,0,1
1091,1188,1189,0,0,1
1110,1107,1190,0,0,1
1113,1190,1191,0,0,1
1120,1191,1192,0,0,1
1140,1125,1193,0,0,1
1156,1153,1194,0,0,1
1160,1194,1195,0,0,1
934,1195,1196,0,0,1
1163,946,1197,0,0,1
954,1197,1198,0,0,1
957,1198,1199,0,0,1
1171,960,1200,0,0,1
1175,1016,1201,0,0,1
1183,1202,1203,0,1,1
1189,1203,1204,0,0,1
1096,1204,1205,0,0,1
1101,1205,1206,0,0,1
1104,1206,1207,0,0,1
1193,1192,1208,0,0,1
1145,1208,1209,0,0,1
1196,1150,1210,0,0,1
1211,1210,1212,1,0,1
1199,1161,1213,0,0,1
1200,1213,1214,0,0,1
984,1214,1215,0,0,1
1201,1013,1216,0,0,1
1217,1216,1218,1,0,1
1207,1035,1219,0,0,1
1212,1209,1220,0,0,1
937,1220,1221,0,0,1
1215,1221,1222,0,0,1
1172,1222,1223,0,0,1
1174,1223,1224,0,0,1
1004,1224,1225,0,0,1
1226,1225,1227,1,0,1
1219,1218,1228,0,0,1
1229,1228,1227,1,0,0
1230,1231,1232,1,1,1,1273
1233,1232,1234,1,0,1
1235,1236,1237,1,1,1
1238,1239,1240,1,1,1
1241,1242,1243,1,1,1
1244,1243,1245,1,0,1
1246,1245,1247,1,0,1
1248,1247,1249,1,0,1
1250,1249,1251,1,0,1
1252,1253,1254,1,1,1
1255,1254,1256,1,0,1
1257,1258,1259,1,1,1
1260,1259,1261,1,0,1
1262,1263,1264,1,1,1
1265,1264,1266,1,0,1
1267,1266,1268,1,0,1
1269,1268,1270,1,0,1
1271,1272,1273,1,1,1
1274,1273,1275,1,0,1
1276,1275,1277,1,0,1
1278,1277,1279,1,0,1
1280,1281,1282,1,1,1
1283,1282,1284,1,0,1
1285,1284,1286,1,0,1
1287,1286,1288,1,0,1
1289,1288,1290,1,0,1
1291,1290,1292,1,0,1
1293,1292,1294,1,0,1
1295,1294,1296,1,0,1
1297,1296,1298,1,0,1
1299,1298,1300,1,0,1
1301,1300,1302,1,0,1
1303,1302,1304,1,0,1
1305,1304,1306,1,0,1
1307,1306,1308,1,0,1
1309,1308,1310,1,0,1
1311,1310,1312,1,0,1
1313,1314,1315,1,1,1
1316,1315,1317,1,0,1
1318,1317,1319,1,0,1
1320,1319,1321,1,0,1
1234,1321,1322,0,0,1
1237,1322,1323,0,0,1
1240,1323,1324,0,0,1
1251,1324,1325,0,0,1
1256,1325,1326,0,0,1
1261,1326,1327,0,0,1
1270,1328,1329,0,1,1
1279,1329,1330,0,0,1
1327,1331,1332,0,1,1
1330,1333,1334,0,1,1
1312,1334,1335,0,0,1
1336,1335,1332,1,0,0
1337,1338,1339,1,1,1,30256
1340,1339,1341,1,0,1
104,1342,1343,0,1,1
1344,1343,1345,1,0,1
1346,1345,1347,1,0,1
1348,1347,1349,1,0,1
1350,1349,1341,1,0,0
1342,106,1351,0,0,1,30512
1340,1351,1352,0,0,1
1337,1352,1353,0,0,1
1354,1355,1356,1,1,1,29936
1357,1358,1359,1,1,1
1360,1359,1361,1,0,1
1362,1361,1363,1,0,1
1364,1363,1365,1,0,1
1366,1365,1367,1,0,1
1368,1367,1369,1,0,1
1370,1369,1371,1,0,1
1372,1371,1373,1,0,1
1374,1373,1375,1,0,1
1376,1375,1377,1,0,1
1378,1377,1379,1,0,1
1380,1381,1382,1,1,1
1383,1382,1384,1,0,1
1385,1386,1387,1,1,1
1388,1387,1389,1,0,1
1390,1391,1392,1,1,1
1393,1394,1395,1,1,1
1396,1395,1397,1,0,1
1398,1397,1399,1,0,1
1400,1399,1401,1,0,1
1402,1403,1404,1,1,1
1405,1406,1407,1,1,1
1408,1407,1409,1,0,1
1410,1411,1412,1,1,1
1413,1412,1414,1,0,1
1415,1414,1416,1,0,1
1417,1418,1419,1,1,1
1420,1421,1422,1,1,1
1423,1422,1424,1,0,1
1425,1426,1427,1,1,1
1428,1427,1429,1,0,1
1430,1429,1431,1,0,1
1432,1433,1434,1,1,1
1435,1436,1437,1,1,1
1438,1439,1440,1,1,1
1441,1442,1443,1,1,1
127,1443,1444,0,0,1
1379,1356,1445,0,0,1
1384,1445,1446,0,0,1
1389,1446,1447,0,0,1
1448,1447,1449,1,0,1
1450,1449,1451,1,0,1
1392,1451,1452,0,0,1
1401,1452,1453,0,0,1
1404,1453,1454,0,0,1
1455,1454,1456,1,0,1
1409,1456,1457,0,0,1
1416,1457,1458,0,0,1
1419,1458,1459,0,0,1
1424,1459,1460,0,0,1
1461,1460,1462,1,0,1
1431,1462,1463,0,0,1
1434,1463,1464,0,0,1
1437,1464,1465,0,0,1
1440,1465,1466,0,0,1
1467,1466,1468,1,0,1
1469,1468,1444,1,0,0
1470,1471,1472,1,1,1,50416
474,448,1473,0,0,1
445,1473,1474,0,0,1
1475,443,1476,1,0,1
1477,1476,1478,1,0,1
916,1479,1480,0,1,1
1157,1480,1481,0,0,1
1154,1158,1482,0,0,1
1151,1155,1483,0,0,1
1149,1152,1484,0,0,1
1146,1484,1485,0,0,1
1144,1147,1486,0,0,1
1141,1486,1487,0,0,1
1139,1142,1488,0,0,1
1137,1488,1489,0,0,1
1135,1489,1490,0,0,1
1133,1490,1491,0,0,1
1129,1131,1492,0,0,1
1124,1127,1493,0,0,1
1121,1493,1494,0,0,1
1119,1122,1495,0,0,1
1117,1495,1496,0,0,1
1111,1115,1497,0,0,1
1108,1112,1498,0,0,1
1105,1109,1499,0,0,1
1106,1499,1500,0,0,1
1229,1500,1501,0,0,1
1102,1501,1502,0,0,1
1100,1103,1503,0,0,1
1095,1098,1504,0,0,1
1092,1504,1505,0,0,1
1090,1093,1506,0,0,1
1088,1506,1507,0,0,1
1083,1086,1508,0,0,1
1080,1508,1509,0,0,1
1186,1081,1510,0,0,1
1078,1510,1511,0,0,1
1076,1511,1512,0,0,1
1513,1072,1514,1,0,1
1442,1514,1515,0,0,1
1469,1515,1516,0,0,1
1467,1516,1517,0,0,1
1438,1517,1518,0,0,1
1439,1518,1519,0,0,1
1435,1519,1520,0,0,1
1436,1520,1521,0,0,1
1432,1521,1522,0,0,1
1433,1522,1523,0,0,1
1430,1523,1524,0,0,1
1428,1524,1525,0,0,1
1425,1525,1526,0,0,1
1461,1426,1527,0,0,1
1423,1527,1528,0,0,1
1420,1528,1529,0,0,1
1417,1421,1530,0,0,1
1415,1418,1531,0,0,1
1413,1531,1532,0,0,1
1408,1411,1533,0,0,1
1405,1533,1534,0,0,1
1455,1406,1535,0,0,1
1402,1535,1536,0,0,1
1400,1403,1537,0,0,1
1396,1398,1538,0,0,1
1393,1538,1539,0,0,1
1390,1394,1540,0,0,1
1391,1540,1541,0,0,1
1450,1541,1542,0,0,1
1448,1542,1543,0,0,1
1388,1543,1544,0,0,1
1385,1544,1545,0,0,1
1383,1386,1546,0,0,1
1380,1546,1547,0,0,1
1378,1381,1548,0,0,1
1376,1548,1549,0,0,1
1374,1549,1550,0,0,1
1372,1550,1551,0,0,1
1368,1370,1552,0,0,1
1366,1552,1553,0,0,1
1364,1553,1554,0,0,1
1362,1554,1555,0,0,1
1360,1555,1556,0,0,1
1354,1358,1557,0,0,1
1472,1557,1558,0,0,1
1474,1558,1559,0,0,1
1478,1559,1560,0,0,1
1481,1560,1561,0,0,1
1482,1561,1562,0,0,1
1483,1562,1563,0,0,1
1485,1563,1564,0,0,1
1487,1564,1565,0,0,1
1494,1126,1566,0,0,1
1496,1566,1567,0,0,1
1114,1567,1568,0,0,1
1498,1497,1569,0,0,1
1502,1569,1570,0,0,1
1503,1570,1571,0,0,1
1505,1097,1572,0,0,1
1507,1572,1573,0,0,1
1512,1509,1574,0,0,1
1526,1074,1575,0,0,1
1529,1575,1576,0,0,1
1530,1576,1577,0,0,1
1532,1577,1578,0,0,1
1410,1578,1579,0,0,1
1534,1579,1580,0,0,1
1536,1580,1581,0,0,1
1537,1581,1582,0,0,1
1539,1582,1583,0,0,1
1551,1547,1584,0,0,1
1556,1584,1585,0,0,1
1565,1357,1586,0,0,1
1491,1586,1587,0,0,1
1492,1587,1588,0,0,1
1568,1588,1589,0,0,1
1571,1589,1590,0,0,1
1574,1085,1591,0,0,1
1590,1585,1592,0,0,1
1591,1573,1593,0,0,1
1583,1593,1594,0,0,1
1545,1594,1592,0,0,0
1595,1596,1597,1,1,1,1268
1598,1597,1599,1,0,1
447,1600,1601,0,1,1
1470,1601,1599,0,0,0
450,1602,1603,0,1,1,1269
1598,1600,1604,0,0,1
1595,1604,1603,0,0,0
1605,1606,1607,1,1,1,9460
1608,1607,1609,1,0,1
1610,1609,1611,1,0,1
1612,1611,1613,1,0,1
1614,1613,307,1,0,0
1615,1616,1617,1,1,1,1269
1618,1619,1620,1,1,1
1621,1622,1623,1,1,1
1624,1625,1626,1,1,1
1627,1626,1628,1,0,1
1629,1628,1630,1,0,1
1631,1630,1632,1,0,1
1633,1634,1635,1,1,1
1605,1635,1636,0,0,1
1617,1636,1637,0,0,1
1620,1637,1638,0,0,1
1639,1638,1640,1,0,1
1632,1623,1641,0,0,1
1642,1641,1640,1,0,0
1625,1643,1644,0,1,1,1270
1621,1644,1645,0,0,1
1622,1645,1646,0,0,1
1618,1639,1647,0,0,1
1615,1619,1648,0,0,1
1646,1648,1647,0,0,0
325,1649,1650,0,1,1,1268
1651,1650,1652,1,0,1
1653,1652,1627,1,0,0
1654,1655,1656,1,1,1,1267
1657,1656,1658,1,0,1
1659,1658,1660,1,0,1
1661,1660,1662,1,0,1
1663,1662,1664,1,0,1
1665,1666,1667,1,1,1
1668,1669,1670,1,1,1
1671,1672,1673,1,1,1
355,1674,1675,0,1,1
1676,1675,1677,1,0,1
1678,1677,1679,1,0,1
1680,1679,1681,1,0,1
335,337,1682,0,0,1
329,331,1683,0,0,1
1664,1683,1684,0,0,1
1667,1684,1685,0,0,1
1670,1685,1686,0,0,1
1681,1673,1687,0,0,1
1682,1687,1688,0,0,1
333,1688,1686,0,0,0
1689,1690,1691,1,1,1,9460
1692,1693,1694,1,1,1
1695,1694,1696,1,0,1
1697,1696,1698,1,0,1
1666,1698,1699,0,0,1
1663,1699,1700,0,0,1
1659,1661,1701,0,0,1
1654,1657,1702,0,0,1
1691,1702,1703,0,0,1
1700,1704,1705,0,1,1
1703,1701,1706,0,0,1
1707,1706,1705,1,0,0
1708,1709,1710,1,1,1,1269
1711,1712,1713,1,1,1
1714,1715,1716,1,1,1
1717,1716,1718,1,0,1
1719,1720,1721,1,1,1
1722,1721,1723,1,0,1
1724,1725,1726,1,1,1
1727,1726,1728,1,0,1
1729,1730,1731,1,1,1
1732,1731,1733,1,0,1
1734,1733,1735,1,0,1
1736,1737,1738,1,1,1
1739,1738,1740,1,0,1
1741,1740,1742,1,0,1
1743,1744,1745,1,1,1
1746,1745,1747,1,0,1
1748,1747,1749,1,0,1
1750,1749,1751,1,0,1
1752,1751,1753,1,0,1
1754,1753,1755,1,0,1
1756,1755,1757,1,0,1
1758,1757,1759,1,0,1
1760,1761,1762,1,1,1
1763,1764,1765,1,1,1
1766,1767,1768,1,1,1
1769,1768,1770,1,0,1
1692,1770,1771,0,0,1
1704,1693,1772,0,0,1
1707,1772,1773,0,0,1
1710,1689,1774,0,0,1
1713,1774,1775,0,0,1
1718,1775,1776,0,0,1
1735,1728,1777,0,0,1
1742,1777,1778,0,0,1
1759,1779,1780,0,1,1
1781,1780,1782,1,0,1
1765,1762,1783,0,0,1
1773,1771,1784,0,0,1
1776,1784,1785,0,0,1
1723,1785,1786,0,0,1
1787,1786,1788,1,0,1
1782,1778,1789,0,0,1
1783,1789,1788,0,0,0
814,1790,1791,0,1,1,1270
882,1791,1792,0,0,1
812,1792,1793,0,0,1
810,1793,1794,0,0,1
807,1794,1795,0,0,1
805,808,1796,0,0,1
803,1796,1797,0,0,1
801,1797,1798,0,0,1
797,799,1799,0,0,1
879,795,1800,0,0,1
792,1800,1801,0,0,1
789,1801,1802,0,0,1
786,790,1803,0,0,1
784,787,1804,0,0,1
875,782,1805,0,0,1
908,1805,1806,0,0,1
778,1806,1807,0,0,1
779,1807,1808,0,0,1
873,1808,1809,0,0,1
775,1809,1810,0,0,1
776,1810,1811,0,0,1
773,1811,1812,0,0,1
771,1812,1813,0,0,1
1814,769,1815,1,0,1
1816,1817,1818,1,1,1
1819,1820,1821,1,1,1
1822,1823,1824,1,1,1
1746,1825,1826,0,1,1
1779,1744,1827,0,0,1
1741,1827,1828,0,0,1
1739,1828,1829,0,0,1
1736,1829,1830,0,0,1
1734,1737,1831,0,0,1
1732,1831,1832,0,0,1
1727,1730,1833,0,0,1
1724,1833,1834,0,0,1
1787,1725,1835,0,0,1
1722,1835,1836,0,0,1
1719,1836,1837,0,0,1
1717,1720,1838,0,0,1
1714,1838,1839,0,0,1
1711,1715,1840,0,0,1
1708,1712,1841,0,0,1
1795,1841,1842,0,0,1
1798,1842,1843,0,0,1
1799,1843,1844,0,0,1
1802,794,1845,0,0,1
1803,1845,1846,0,0,1
1813,781,1847,0,0,1
1815,1847,1848,0,0,1
1821,1818,1849,0,0,1
1824,1849,1850,0,0,1
1826,1850,1851,0,0,1
1743,1851,1852,0,0,1
1830,1852,1853,0,0,1
1832,1853,1854,0,0,1
1834,1729,1855,0,0,1
1837,1855,1856,0,0,1
1839,1856,1857,0,0,1
1840,1857,1858,0,0,1
1844,1858,1859,0,0,1
1846,1859,1860,0,0,1
1804,1860,1861,0,0,1
1848,1861,1854,0,0,0
1862,1863,1864,1,1,1,1272
1865,1866,1867,1,1,1
1868,1867,1869,1,0,1
1870,1869,1871,1,0,1
1872,1871,1873,1,0,1
1874,1873,1875,1,0,1
1876,1875,1877,1,0,1
1878,1877,1879,1,0,1
1880,1879,1881,1,0,1
1882,1881,1883,1,0,1
1884,1883,1885,1,0,1
1886,1885,1887,1,0,1
1888,1887,1889,1,0,1
1890,1889,1891,1,0,1
1892,1891,1893,1,0,1
1894,1893,1895,1,0,1
1896,1895,1897,1,0,1
1898,1897,1899,1,0,1
1900,1899,1901,1,0,1
1902,1901,1903,1,0,1
1904,1905,1906,1,1,1
1907,1906,1908,1,0,1
1909,1908,1910,1,0,1
1911,1912,1913,1,1,1
1914,1915,1916,1,1,1
1917,1918,1919,1,1,1
1920,1921,1922,1,1,1
1923,1924,1925,1,1,1
1926,1927,1928,1,1,1
1929,1928,1930,1,0,1
1931,1932,1933,1,1,1
1934,1933,1935,1,0,1
1936,1937,1938,1,1,1
1939,1938,1940,1,0,1
1941,1942,1943,1,1,1
1944,1945,1946,1,1,1
1947,1946,1948,1,0,1
1949,1950,1951,1,1,1
1952,1951,1953,1,0,1
1954,1955,1956,1,1,1
1957,1958,1959,1,1,1
1960,1961,1962,1,1,1
1963,1962,1964,1,0,1
1965,1966,1967,1,1,1
1968,1969,1970,1,1,1
1971,1970,1972,1,0,1
1973,1974,1975,1,1,1
1976,1975,1977,1,0,1
1978,1977,1979,1,0,1
1980,1979,1981,1,0,1
1982,1981,1983,1,0,1
1984,1983,1985,1,0,1
1986,1985,1987,1,0,1
1988,1989,1990,1,1,1
1285,1990,1991,0,0,1
1283,1991,1992,0,0,1
1280,1992,1993,0,0,1
1278,1281,1994,0,0,1
1274,1276,1995,0,0,1
1269,1272,1996,0,0,1
1267,1996,1997,0,0,1
1265,1997,1998,0,0,1
1328,1263,1999,0,0,1
1333,1999,2000,0,0,1
1260,2000,2001,0,0,1
1257,2001,2002,0,0,1
1255,1258,2003,0,0,1
1250,1253,2004,0,0,1
1248,2004,2005,0,0,1
1244,1246,2006,0,0,1
1238,1242,2007,0,0,1
1235,1239,2008,0,0,1
1233,1236,2009,0,0,1
1230,2009,2010,0,0,1
2011,1231,2012,1,0,1
641,2012,2013,0,0,1
636,639,2014,0,0,1
628,632,2015,0,0,1
626,629,2016,0,0,1
624,2016,2017,0,0,1
619,622,2018,0,0,1
889,617,2019,0,0,1
902,2019,2020,0,0,1
613,2020,2021,0,0,1
614,2021,2022,0,0,1
836,2022,2023,0,0,1
610,2023,2024,0,0,1
608,611,2025,0,0,1
605,2025,2026,0,0,1
603,606,2027,0,0,1
601,2027,2028,0,0,1
594,597,2029,0,0,1
592,2029,2030,0,0,1
587,590,2031,0,0,1
584,2031,2032,0,0,1
585,2032,2033,0,0,1
582,2033,2034,0,0,1
580,2034,2035,0,0,1
575,578,2036,0,0,1
565,569,2037,0,0,1
566,2037,2038,0,0,1
563,2038,2039,0,0,1
561,2039,2040,0,0,1
559,2040,2041,0,0,1
557,2041,2042,0,0,1
555,2042,2043,0,0,1
553,2043,2044,0,0,1
545,549,2045,0,0,1
542,546,2046,0,0,1
887,543,2047,0,0,1
540,2047,2048,0,0,1
537,2048,2049,0,0,1
538,2049,2050,0,0,1
534,2050,2051,0,0,1
531,535,2052,0,0,1
528,532,2053,0,0,1
529,2053,2054,0,0,1
823,2054,2055,0,0,1
526,2055,2056,0,0,1
524,2056,2057,0,0,1
521,2057,2058,0,0,1
820,522,2059,0,0,1
518,2059,2060,0,0,1
515,519,2061,0,0,1
512,516,2062,0,0,1
509,513,2063,0,0,1
507,510,2064,0,0,1
505,2064,2065,0,0,1
503,2065,2066,0,0,1
501,2066,2067,0,0,1
499,2067,2068,0,0,1
497,2068,2069,0,0,1
493,495,2070,0,0,1
491,2070,2071,0,0,1
487,489,2072,0,0,1
1864,484,2073,0,0,1
2074,2073,2075,1,0,1
1903,2075,2076,0,0,1
1910,2076,2077,0,0,1
2078,2077,2079,1,0,1
1913,2079,2080,0,0,1
1916,2080,2081,0,0,1
2082,2081,2083,1,0,1
1919,2083,2084,0,0,1
1922,2084,2085,0,0,1
1925,2085,2086,0,0,1
1930,2086,2087,0,0,1
1935,2087,2088,0,0,1
1940,2088,2089,0,0,1
1943,2089,2090,0,0,1
1948,2090,2091,0,0,1
1953,2091,2092,0,0,1
1956,2093,2094,0,1,1
1959,2094,2095,0,0,1
1964,2095,2096,0,0,1
1967,2096,2097,0,0,1
1972,2097,2098,0,0,1
2099,2098,2100,1,0,1
1987,2101,2102,0,1,1
1993,2102,2103,0,0,1
1994,2103,2104,0,0,1
1995,2104,2105,0,0,1
1271,2105,2106,0,0,1
1998,2106,2107,0,0,1
1262,2107,2108,0,0,1
2002,2108,2109,0,0,1
2003,2109,2110,0,0,1
1252,2110,2111,0,0,1
2005,2111,2112,0,0,1
2006,2112,2113,0,0,1
1241,2113,2114,0,0,1
2008,2007,2115,0,0,1
2010,2115,2116,0,0,1
2013,2116,2117,0,0,1
638,2117,2118,0,0,1
2014,2118,2119,0,0,1
634,2119,2120,0,0,1
631,2120,2121,0,0,1
2015,2121,2122,0,0,1
2017,2122,2123,0,0,1
621,2123,2124,0,0,1
2018,2124,2125,0,0,1
2024,616,2126,0,0,1
2026,2126,2127,0,0,1
2028,2127,2128,0,0,1
2030,596,2129,0,0,1
2035,589,2130,0,0,1
577,2130,2131,0,0,1
2036,2131,2132,0,0,1
2044,568,2133,0,0,1
2046,2045,2134,0,0,1
2051,2134,2135,0,0,1
2052,2135,2136,0,0,1
2058,2136,2137,0,0,1
2061,2060,2138,0,0,1
2062,2138,2139,0,0,1
2063,2139,2140,0,0,1
2069,2140,2141,0,0,1
2071,2141,2142,0,0,1
2092,2072,2143,0,0,1
2100,2143,2144,0,0,1
2128,2125,2145,0,0,1
599,2145,2146,0,0,1
2132,2129,2147,0,0,1
2133,571,2148,0,0,1
2137,548,2149,0,0,1
2142,2149,2150,0,0,1
2144,2150,2151,0,0,1
2146,2114,2152,0,0,1
2147,2152,2153,0,0,1
573,2153,2154,0,0,1
2148,2154,2155,0,0,1
551,2155,2151,0,0,0
1866,2156,2157,0,1,1,1271
2074,2157,1862,0,0,0
2158,2159,2160,1,1,1,1273
1986,1989,2161,0,0,1
1982,1984,2162,0,0,1
1980,2162,2163,0,0,1
1973,1976,2164,0,0,1
2101,1974,2165,0,0,1
2099,2165,2166,0,0,1
1971,2166,2167,0,0,1
1968,2167,2168,0,0,1
1965,1969,2169,0,0,1
1963,1966,2170,0,0,1
1957,1961,2171,0,0,1
1954,1958,2172,0,0,1
2093,1955,2173,0,0,1
1952,2173,2174,0,0,1
1949,2174,2175,0,0,1
1947,1950,2176,0,0,1
1944,2176,2177,0,0,1
1941,1945,2178,0,0,1
1939,1942,2179,0,0,1
1936,2179,2180,0,0,1
1934,1937,2181,0,0,1
1931,2181,2182,0,0,1
1929,1932,2183,0,0,1
1926,2183,2184,0,0,1
1923,1927,2185,0,0,1
1920,1924,2186,0,0,1
1917,1921,2187,0,0,1
2082,1918,2188,0,0,1
1914,2188,2189,0,0,1
1911,1915,2190,0,0,1
2078,1912,2191,0,0,1
1909,2191,2192,0,0,1
1907,2192,2193,0,0,1
1904,2193,2194,0,0,1
1900,1902,2195,0,0,1
1896,1898,2196,0,0,1
1892,1894,2197,0,0,1
1888,1890,2198,0,0,1
1884,1886,2199,0,0,1
1882,2199,2200,0,0,1
1878,1880,2201,0,0,1
1874,1876,2202,0,0,1
1870,1872,2203,0,0,1
2160,1868,2204,0,0,1
2161,2205,2206,0,1,1
2163,2206,2207,0,0,1
1978,2207,2208,0,0,1
2164,2208,2209,0,0,1
2168,2209,2210,0,0,1
2169,2210,2211,0,0,1
2170,2211,2212,0,0,1
1960,2212,2213,0,0,1
2171,2213,2214,0,0,1
2172,2214,2215,0,0,1
2175,2215,2216,0,0,1
2177,2216,2217,0,0,1
2178,2217,2218,0,0,1
2180,2218,2219,0,0,1
2182,2219,2220,0,0,1
2184,2220,2221,0,0,1
2185,2221,2222,0,0,1
2186,2222,2223,0,0,1
2187,2223,2224,0,0,1
2189,2224,2225,0,0,1
2190,2225,2226,0,0,1
2194,2226,2227,0,0,1
1905,2227,2228,0,0,1
2195,2228,2229,0,0,1
2196,2229,2230,0,0,1
2197,2230,2231,0,0,1
2198,2231,2232,0,0,1
2200,2232,2233,0,0,1
2201,2233,2234,0,0,1
2202,2234,2235,0,0,1
2203,2235,2204,0,0,0
101,1344,2236,0,0,1,30208
102,2236,2237,0,0,1
99,2237,2238,0,0,1
2239,97,2240,1,0,1
2241,2240,2242,1,0,1
2243,2242,2238,1,0,0
1642,1634,2244,0,0,1,1268
320,2245,2246,0,1,1
2247,2246,2248,1,0,1
2249,2248,2250,1,0,1
2251,2250,2252,1,0,1
313,2253,2254,0,1,1
1614,310,2255,0,0,1
1612,2255,2256,0,0,1
1610,2256,2257,0,0,1
1633,1608,2258,0,0,1
2244,2258,2259,0,0,1
2252,2259,2260,0,0,1
2254,2260,2257,0,0,0
1653,1629,2261,0,0,1,9460
1651,2261,2262,0,0,1
323,2262,2263,0,0,1
2245,2263,1631,0,0,0
1346,1348,2264,0,0,1,28720
2243,2264,2265,0,0,1
2266,2265,2267,1,0,1
2268,2267,2269,1,0,1
2251,2253,2270,0,0,1,1267
321,2247,2271,0,0,1
317,2271,2272,0,0,1
318,2272,2273,0,0,1
480,2273,2274,0,0,1
478,2274,2275,0,0,1
315,2275,2276,0,0,1
2270,312,2277,0,0,1
2249,2277,2276,0,0,0
2239,2241,2278,0,0,1,28672
94,2278,2279,0,0,1
92,95,2280,0,0,1
89,2280,2281,0,0,1
86,90,2282,0,0,1
123,87,2283,0,0,1
83,2283,2284,0,0,1
80,84,2285,0,0,1
119,81,2286,0,0,1
78,2286,2287,0,0,1
75,2287,2288,0,0,1
116,76,2289,0,0,1
114,2289,2290,0,0,1
72,2290,2291,0,0,1
111,73,2292,0,0,1
70,2292,2293,0,0,1
68,2293,2294,0,0,1
66,2294,2295,0,0,1
64,2295,2296,0,0,1
254,2296,2297,0,0,1
252,2297,2298,0,0,1
250,2298,2299,0,0,1
247,2299,2300,0,0,1
245,248,2301,0,0,1
242,2301,2302,0,0,1
239,243,2303,0,0,1
240,2303,2304,0,0,1
237,2304,2305,0,0,1
234,2305,2306,0,0,1
231,235,2307,0,0,1
2308,2307,2309,1,0,1
2310,2311,2312,1,1,1
2313,2312,2314,1,0,1
2315,2314,2316,1,0,1
2317,2318,2319,1,1,1
2320,2319,2321,1,0,1
2322,2323,2324,1,1,1
2325,2324,2326,1,0,1
2268,2326,2327,0,0,1
2266,2327,2328,0,0,1
2279,2328,2329,0,0,1
2281,2329,2330,0,0,1
2282,2330,2331,0,0,1
2284,2331,2332,0,0,1
2285,2332,2333,0,0,1
2288,2333,2334,0,0,1
2291,2334,2335,0,0,1
2300,2335,2336,0,0,1
2302,2336,2337,0,0,1
2309,2306,2338,0,0,1
2316,2338,2339,0,0,1
2340,2339,2341,1,0,1
2342,2341,2343,1,0,1
2321,2343,2337,0,0,0
1697,1665,2344,0,0,1,1268
1695,2344,2345,0,0,1
1769,2345,2346,0,0,1
1766,2346,2347,0,0,1
1763,1767,2348,0,0,1
1760,1764,2349,0,0,1
1781,1761,2350,0,0,1
2351,2350,2352,1,0,1
359,456,2353,0,0,1
357,360,2354,0,0,1
354,2354,2355,0,0,1
1671,1674,2356,0,0,1
1668,1672,2357,0,0,1
1669,2357,2358,0,0,1
2347,2358,2359,0,0,1
2348,2359,2360,0,0,1
2353,2352,2361,0,0,1
2355,2361,2362,0,0,1
2360,2356,2363,0,0,1
2349,2363,2362,0,0,0
1680,339,2364,0,0,1,1266
1678,2364,2365,0,0,1
351,1676,2366,0,0,1
352,2366,2367,0,0,1
349,2367,2368,0,0,1
347,2368,2369,0,0,1
345,2369,2370,0,0,1
343,2370,2371,0,0,1
341,2371,2365,0,0,0
2372,2373,2374,1,1,1,21764
2375,2374,2376,1,0,1
2377,2378,2379,1,1,1
2380,2379,2381,1,0,1
2382,2381,2383,1,0,1
2384,2383,2376,1,0,0
2385,2386,2387,1,1,1,1266
2388,2389,2390,1,1,1
2391,2390,2392,1,0,1
2393,2392,2394,1,0,1
2395,2394,2396,1,0,1
2397,2396,2398,1,0,1
2399,2398,2387,1,0,0
429,468,2400,0,0,1,1267
427,430,2401,0,0,1
424,2401,2402,0,0,1
422,425,2403,0,0,1
420,2403,2404,0,0,1
416,418,2405,0,0,1
411,414,2406,0,0,1
2407,408,2408,1,0,1
2409,2408,2410,1,0,1
2411,2410,2412,1,0,1
2413,2412,2414,1,0,1
2415,2414,2416,1,0,1
2417,2416,2418,1,0,1
2419,2420,2421,1,1,1
2422,2421,2423,1,0,1
2424,2425,2426,1,1,1
2427,2428,2429,1,1,1
2430,2431,2432,1,1,1
470,2432,2433,0,0,1
483,2433,2434,0,0,1
2404,2402,2435,0,0,1
2418,2406,2436,0,0,1
2434,2437,2438,0,1,1
2400,2438,2439,0,0,1
2436,413,2440,0,0,1
2423,2440,2441,0,0,1
2439,2429,2442,0,0,1
2441,2405,2443,0,0,1
2442,2426,2444,0,0,1
2435,2444,2443,0,0,0
2427,2437,2445,0,0,1,1268
2428,2445,2446,0,0,1
2447,2446,2448,1,0,1
2449,2448,2450,1,0,1
2451,2450,2452,1,0,1
2453,2452,2454,1,0,1
2455,2454,2456,1,0,1
2430,433,2457,0,0,1
2431,2457,2456,0,0,0
2451,2453,2458,0,0,1,1269
2459,2458,2460,1,0,1
2461,2460,2462,1,0,1
2463,2462,2464,1,0,1
2465,2464,2466,1,0,1
2455,432,2467,0,0,1,9461
2466,2467,2468,0,0,1
2469,2468,2470,1,0,1
2471,2472,2473,1,1,1
2474,2473,2475,1,0,1
436,2475,2470,0,0,0
2474,435,2476,0,0,1,1265
2471,2476,2477,0,0,1
2478,2477,2479,1,0,1
2480,2479,2481,1,0,1
2482,2481,2483,1,0,1
2484,2485,2486,1,1,1
2487,2488,2489,1,1,1
2490,2489,2491,1,0,1
2492,2491,2493,1,0,1
2494,2495,2496,1,1,1
2497,2498,2499,1,1,1
2500,2501,2502,1,1,1
2503,2502,2504,1,0,1
2505,2504,2506,1,0,1
2507,2508,2509,1,1,1
931,2509,2510,0,0,1
928,2510,2511,0,0,1
926,929,2512,0,0,1
920,922,2513,0,0,1
1479,915,2514,0,0,1
1477,2514,2515,0,0,1
441,1475,2516,0,0,1
438,2516,2517,0,0,1
2483,439,2518,0,0,1
2486,2518,2519,0,0,1
2511,2506,2520,0,0,1
2512,2520,2521,0,0,1
2519,2517,2522,0,0,1
2493,2522,2523,0,0,1
2521,2499,2524,0,0,1
924,2524,2525,0,0,1
2523,2515,2526,0,0,1
2527,2526,2528,1,0,1
2525,2529,2530,0,1,1
2528,918,2531,0,0,1
2530,2496,2532,0,0,1
2513,2532,2531,0,0,0
2424,2447,2533,0,0,1,9460
2534,2533,2535,1,0,1
2536,2537,2538,1,1,1
2539,2538,2540,1,0,1
2541,2540,2542,1,0,1
2543,2542,2544,1,0,1
2545,2544,2546,1,0,1
2449,2459,2547,0,0,1
2535,2547,2546,0,0,0
2465,2469,2548,0,0,1,1270
2549,2548,2550,1,0,1
2551,2550,2552,1,0,1
2553,2552,2554,1,0,1
2555,2554,2556,1,0,1
2557,2556,2558,1,0,1
2559,2558,2560,1,0,1
2561,2560,2562,1,0,1
2563,2562,2564,1,0,1
2565,2566,2567,1,1,1
2568,2569,2570,1,1,1
2571,2572,2573,1,1,1
2574,2573,2575,1,0,1
2576,2577,2578,1,1,1
2579,2578,2580,1,0,1
2581,2582,2583,1,1,1
2413,2583,2584,0,0,1
2585,2584,2586,1,0,1
2587,2586,2588,1,0,1
2589,2588,2590,1,0,1
2591,2590,2592,1,0,1
2593,2594,2595,1,1,1
2596,2597,2598,1,1,1
2599,2600,2601,1,1,1
2602,2603,2604,1,1,1
2605,2604,2606,1,0,1
758,2607,2608,0,1,1
754,2608,2609,0,0,1
2610,2609,2611,1,0,1
2612,2611,2613,1,0,1
747,2614,2615,0,1,1
743,2615,2616,0,0,1
744,2616,2617,0,0,1
913,2617,2618,0,0,1
905,911,2619,0,0,1
741,2619,2620,0,0,1
738,2620,2621,0,0,1
736,739,2622,0,0,1
733,2622,2623,0,0,1
730,734,2624,0,0,1
731,2624,2625,0,0,1
865,2625,2626,0,0,1
727,2626,2627,0,0,1
862,723,2628,0,0,1
719,2628,2629,0,0,1
720,2629,2630,0,0,1
894,2630,2631,0,0,1
716,2631,2632,0,0,1
717,2632,2633,0,0,1
713,2633,2634,0,0,1
714,2634,2635,0,0,1
710,2635,2636,0,0,1
858,711,2637,0,0,1
707,2637,2638,0,0,1
708,2638,2639,0,0,1
705,2639,2640,0,0,1
700,703,2641,0,0,1
853,696,2642,0,0,1
693,2642,2643,0,0,1
690,2643,2644,0,0,1
850,691,2645,0,0,1
688,2645,2646,0,0,1
685,2646,2647,0,0,1
683,686,2648,0,0,1
680,2648,2649,0,0,1
678,681,2650,0,0,1
675,2650,2651,0,0,1
672,676,2652,0,0,1
669,673,2653,0,0,1
666,670,2654,0,0,1
843,667,2655,0,0,1
663,2655,2656,0,0,1
661,664,2657,0,0,1
659,2657,2658,0,0,1
657,2658,2659,0,0,1
2660,653,2661,1,0,1
2662,2661,2663,1,0,1
2664,2665,2666,1,1,1
2667,2668,2669,1,1,1
2670,2669,2671,1,0,1
2672,2671,2673,1,0,1
2674,2675,2676,1,1,1
2677,2678,2679,1,1,1
2680,2679,2681,1,0,1
2682,2681,2683,1,0,1
2684,2683,2685,1,0,1
2686,2687,2688,1,1,1
2689,2688,2690,1,0,1
2691,2690,2692,1,0,1
2693,2694,2695,1,1,1
2696,2695,2697,1,0,1
2698,2699,2700,1,1,1
2701,2702,2703,1,1,1
2704,2703,2705,1,0,1
2706,2707,2708,1,1,1
2709,2710,2711,1,1,1
2472,2711,2712,0,0,1
2564,2712,2713,0,0,1
2580,2714,2715,0,1,1
2592,2715,2716,0,0,1
2598,2595,2717,0,0,1
2613,2606,2718,0,0,1
2618,2718,2719,0,0,1
2623,2621,2720,0,0,1
2641,2640,2721,0,0,1
2654,2653,2722,0,0,1
2656,2722,2723,0,0,1
2663,655,2724,0,0,1
2666,2724,2725,0,0,1
2673,2725,2726,0,0,1
2727,2726,2728,1,0,1
2676,2729,2730,0,1,1
2685,2730,2731,0,0,1
2692,2731,2732,0,0,1
2700,2697,2733,0,0,1
2705,2734,2735,0,1,1
2708,2735,2736,0,0,1
2719,2601,2737,0,0,1
2720,2737,2738,0,0,1
2723,2652,2739,0,0,1
2728,2659,2740,0,0,1
2741,2740,2742,1,0,1
2738,2717,2743,0,0,1
2627,2743,2744,0,0,1
728,2744,2745,0,0,1
2739,2651,2746,0,0,1
2742,2746,2747,0,0,1
2732,2747,2748,0,0,1
2745,2716,2749,0,0,1
725,2749,2750,0,0,1
2748,2649,2751,0,0,1
2750,2575,2752,0,0,1
722,2752,2753,0,0,1
2636,2753,2754,0,0,1
2751,2647,2755,0,0,1
2733,2755,2756,0,0,1
2736,2756,2757,0,0,1
2754,2758,2759,0,1,1
2721,2759,2760,0,0,1
701,2760,2761,0,0,1
2757,2644,2762,0,0,1
2761,2570,2763,0,0,1
2762,695,2764,0,0,1
2763,2567,2765,0,0,1
2764,698,2766,0,0,1
2713,2766,2765,0,0,0
2545,2461,2767,0,0,1,9461
2541,2543,2768,0,0,1
2769,2768,2770,1,0,1
2771,2770,2772,1,0,1
2551,2772,2773,0,0,1
2549,2773,2774,0,0,1
2463,2774,2767,0,0,0
1758,2351,2775,0,0,1,9460
1756,2775,2776,0,0,1
1754,2776,2777,0,0,1
1752,2777,2778,0,0,1
1750,2778,2779,0,0,1
2780,1825,2781,1,0,1
2782,2781,2783,1,0,1
2784,2785,2786,1,1,1
2787,2786,2788,1,0,1
376,2788,2789,0,0,1
372,2789,2790,0,0,1
373,2790,2791,0,0,1
370,2791,2792,0,0,1
362,366,2793,0,0,1
363,2793,2794,0,0,1
2779,2794,2795,0,0,1
1748,2795,2796,0,0,1
2792,2783,2797,0,0,1
368,2797,2798,0,0,1
365,2798,2796,0,0,0
2709,2478,2799,0,0,1,9461
2710,2799,2800,0,0,1
2801,2800,2802,1,0,1
2803,2802,2804,1,0,1
2805,2806,2807,1,1,1
2808,2807,2809,1,0,1
2734,2810,2811,0,1,1
2698,2811,2812,0,0,1
2696,2699,2813,0,0,1
2691,2694,2814,0,0,1
2689,2814,2815,0,0,1
2816,2687,2817,1,0,1
2818,2819,2820,1,1,1
2678,2820,2821,0,0,1
2674,2821,2822,0,0,1
2823,2824,2825,1,1,1
2826,2825,2827,1,0,1
2828,2827,2829,1,0,1
2830,2829,2831,1,0,1
2832,2831,2833,1,0,1
2834,2833,2835,1,0,1
2836,2837,2838,1,1,1
2839,2840,2841,1,1,1
2505,2842,2843,0,1,1
2503,2843,2844,0,0,1
2500,2844,2845,0,0,1
2497,2501,2846,0,0,1
2529,2498,2847,0,0,1
2494,2847,2848,0,0,1
2527,2495,2849,0,0,1
2850,2492,2851,1,0,1
2852,2853,2854,1,1,1
2855,2854,2856,1,0,1
2857,2858,2859,1,1,1
2860,2859,2861,1,0,1
2480,2862,2863,0,1,1
2804,2863,2864,0,0,1
2809,2864,2865,0,0,1
2812,2866,2867,0,1,1
2813,2867,2868,0,0,1
2693,2868,2869,0,0,1
2817,2686,2870,0,0,1
2835,2822,2871,0,0,1
2838,2871,2872,0,0,1
2846,2845,2873,0,0,1
2848,2873,2874,0,0,1
2849,2874,2875,0,0,1
2865,2861,2876,0,0,1
2869,2876,2877,0,0,1
2872,2878,2879,0,1,1
2841,2879,2880,0,0,1
2877,2856,2881,0,0,1
2880,2870,2882,0,0,1
2881,2851,2883,0,0,1
2882,2815,2884,0,0,1
2875,2884,2883,0,0,0
2417,2420,2885,0,0,1,1268
2581,2415,2886,0,0,1
2887,2886,2888,1,0,1
2889,2888,2890,1,0,1
2891,2892,2893,1,1,1
2576,2893,2894,0,0,1
2895,2894,2896,1,0,1
2897,2896,2898,1,0,1
2899,2898,2900,1,0,1
2901,2900,2902,1,0,1
2903,2902,2904,1,0,1
2905,2904,2906,1,0,1
2907,2906,2908,1,0,1
2909,2908,2910,1,0,1
2911,2910,2912,1,0,1
2913,2914,2915,1,1,1
2539,2769,2916,0,0,1
2534,2537,2917,0,0,1
2425,2917,2918,0,0,1
2890,2885,2919,0,0,1
2912,2919,2920,0,0,1
2915,2920,2921,0,0,1
2922,2921,2923,1,0,1
2918,2536,2924,0,0,1
2422,2924,2925,0,0,1
2923,2419,2926,0,0,1
2916,2926,2925,0,0,0
2801,2803,2927,0,0,1,1269
2706,2927,2928,0,0,1
2707,2928,2929,0,0,1
2810,2702,2930,0,0,1
2866,2930,2931,0,0,1
2808,2931,2932,0,0,1
2805,2932,2933,0,0,1
2929,2806,2934,0,0,1
2704,2934,2935,0,0,1
2701,2935,2933,0,0,0
2862,2482,2936,0,0,1,9460
2860,2936,2937,0,0,1
2857,2937,2938,0,0,1
2855,2858,2939,0,0,1
2852,2939,2940,0,0,1
2850,2853,2941,0,0,1
2490,2941,2942,0,0,1
2487,2942,2943,0,0,1
2484,2488,2944,0,0,1
2485,2944,2945,0,0,1
2938,2945,2946,0,0,1
2940,2946,2943,0,0,0
2922,2771,2947,0,0,1,1269
2913,2947,2948,0,0,1
2914,2948,2949,0,0,1
2911,2949,2950,0,0,1
2909,2950,2951,0,0,1
2907,2951,2952,0,0,1
2903,2905,2953,0,0,1
2899,2901,2954,0,0,1
2955,2954,2956,1,0,1
2572,2957,2958,0,1,1
2758,2958,2959,0,0,1
2568,2959,2960,0,0,1
2569,2960,2961,0,0,1
2565,2961,2962,0,0,1
2566,2962,2963,0,0,1
2563,2963,2964,0,0,1
2561,2964,2965,0,0,1
2559,2965,2966,0,0,1
2557,2966,2967,0,0,1
2553,2555,2968,0,0,1
2952,2968,2969,0,0,1
2953,2969,2970,0,0,1
2956,2970,2967,0,0,0
2320,2323,2971,0,0,1,31232
2317,2971,2972,0,0,1
2342,2318,2973,0,0,1
2340,2973,2974,0,0,1
2315,2974,2975,0,0,1
2313,2975,2976,0,0,1
2310,2976,2977,0,0,1
2308,2311,2978,0,0,1
232,2978,2979,0,0,1
229,2979,2980,0,0,1
227,2980,2981,0,0,1
225,2981,2982,0,0,1
222,2982,2983,0,0,1
223,2983,2984,0,0,1
219,2984,2985,0,0,1
220,2985,2986,0,0,1
217,2986,2987,0,0,1
215,2987,2988,0,0,1
212,2988,2989,0,0,1
213,2989,2990,0,0,1
210,2990,2991,0,0,1
207,2991,2992,0,0,1
208,2992,2993,0,0,1
204,2993,2994,0,0,1
201,205,2995,0,0,1
199,202,2996,0,0,1
197,2996,2997,0,0,1
195,2997,2998,0,0,1
2999,193,3000,1,0,1
3001,3000,3002,1,0,1
3003,3002,3004,1,0,1
2322,3004,3005,0,0,1
2972,3005,3006,0,0,1
2977,3006,3007,0,0,1
2994,3007,3008,0,0,1
2995,3008,2998,0,0,0
404,406,3009,0,0,1,9460
400,402,3010,0,0,1
3011,3012,3013,1,1,1
3014,3013,3015,1,0,1
3016,3017,3018,1,1,1
2407,3018,3019,0,0,1
409,3019,3020,0,0,1
3015,3010,3021,0,0,1
3020,3022,3023,0,1,1
3009,3023,3021,0,0,0
2780,2782,3024,0,0,1,9461
1822,3024,3025,0,0,1
1823,3025,3026,0,0,1
1819,3026,3027,0,0,1
3028,3027,3029,1,0,1
757,3030,3031,0,1,1
2607,3031,3032,0,0,1
2605,3032,3033,0,0,1
3034,3033,3035,1,0,1
3036,3035,3037,1,0,1
382,3037,3038,0,0,1
378,3038,3039,0,0,1
379,3039,3040,0,0,1
2787,375,3041,0,0,1
3029,2785,3042,0,0,1
3041,3040,3043,0,0,1
2784,3043,3042,0,0,0
3022,3017,3044,0,0,1,1269
3014,3044,3045,0,0,1
3011,3045,3046,0,0,1
398,3012,3047,0,0,1
396,3047,3048,0,0,1
392,394,3049,0,0,1
390,3049,3050,0,0,1
381,384,3051,0,0,1
3036,3051,3052,0,0,1
3034,3052,3053,0,0,1
2602,3053,3054,0,0,1
2603,3054,3055,0,0,1
2599,3055,3056,0,0,1
2600,3056,3057,0,0,1
2596,3057,3058,0,0,1
2597,3058,3059,0,0,1
2593,3059,3060,0,0,1
2594,3060,3061,0,0,1
2411,2585,3062,0,0,1
2409,3062,3063,0,0,1
3016,3063,3064,0,0,1
3046,3064,3065,0,0,1
3048,3065,3066,0,0,1
3061,386,3067,0,0,1
3066,2587,3068,0,0,1
3067,388,3069,0,0,1
2591,3069,3070,0,0,1
3068,2589,3071,0,0,1
3050,3071,3070,0,0,0
1816,1820,3072,0,0,1,9462
3073,3072,3074,1,0,1
3075,3074,3076,1,0,1
767,3077,3078,0,1,1
764,3078,3079,0,0,1
3080,3079,3081,1,0,1
3082,3081,3083,1,0,1
3028,3083,3076,0,0,0
1814,1817,3084,0,0,1,9463
766,3084,3085,0,0,1
3075,3077,3086,0,0,1
3073,3086,3085,0,0,0
2582,2887,3087,0,0,1,9461
2891,2579,3088,0,0,1
2892,3088,3089,0,0,1
2889,3089,3087,0,0,0
2577,2895,3090,0,0,1,9461
2714,3090,3091,0,0,1
2574,3091,3092,0,0,1
2571,3092,3093,0,0,1
2957,3093,3094,0,0,1
2955,3094,2897,0,0,0
3095,3096,3097,1,1,1,33792
3098,3099,3100,1,1,1
3101,3102,3103,1,1,1
3104,3103,3105,1,0,1
3106,3105,3107,1,0,1
3108,3107,3109,1,0,1
3110,3109,3111,1,0,1
3112,3111,3113,1,0,1
3114,3113,3115,1,0,1
3116,3117,3118,1,1,1
3119,3118,3120,1,0,1
3097,3120,3121,0,0,1
3122,3121,3123,1,0,1
3100,3123,3124,0,0,1
3125,3124,3115,1,0,0
3080,3082,3126,0,0,1,1270
762,3126,3127,0,0,1
760,3127,3030,0,0,0
2839,2842,3128,0,0,1,9460
2836,2840,3129,0,0,1
2834,2837,3130,0,0,1
2830,2832,3131,0,0,1
2828,3131,3132,0,0,1
3133,3134,3135,1,1,1
3136,3135,3137,1,0,1
3138,3137,3139,1,0,1
3140,3141,3142,1,1,1
3143,3142,3144,1,0,1
942,3145,3146,0,1,1
938,3146,3147,0,0,1
935,939,3148,0,0,1
1211,936,3149,0,0,1
933,3149,3150,0,0,1
2507,3150,3151,0,0,1
2508,3151,3152,0,0,1
3128,3152,3153,0,0,1
3129,3153,3154,0,0,1
3130,3154,3155,0,0,1
3139,2826,3156,0,0,1
3144,3156,3157,0,0,1
3158,3157,3159,1,0,1
3147,3159,3160,0,0,1
3155,3148,3161,0,0,1
3132,3161,3160,0,0,0
2684,2816,3162,0,0,1,1269
2682,3162,3163,0,0,1
2680,3163,3164,0,0,1
2818,2677,3165,0,0,1
2819,3165,3166,0,0,1
2878,3166,3164,0,0,0
3167,3168,3169,1,1,1,1272
3170,3169,3171,1,0,1
3172,3173,3174,1,1,1
3175,3174,3176,1,0,1
3177,3176,3178,1,0,1
3179,3178,3180,1,0,1
3181,3180,3182,1,0,1
3183,3182,3184,1,0,1
3185,3184,3171,1,0,0
751,755,3186,0,0,1,9463
752,3186,3187,0,0,1
749,3187,3188,0,0,1
746,3188,3189,0,0,1
2614,3189,3190,0,0,1
2612,3190,2610,0,0,0
3191,3192,3193,1,1,1,1266
3194,3193,3195,1,0,1
3196,3195,3197,1,0,1
3198,3199,3200,1,1,1
3201,3200,3197,1,0,0
3158,3145,3202,0,0,1,1267
3143,3202,3203,0,0,1
3140,3203,3204,0,0,1
3138,3141,3205,0,0,1
3206,3205,3207,1,0,1
948,3208,3209,0,1,1
1162,3209,3210,0,0,1
944,3210,3211,0,0,1
941,945,3212,0,0,1
3204,3212,3213,0,0,1
3207,3213,3211,0,0,0
2675,2824,3214,0,0,1,1269
2729,3214,3215,0,0,1
2741,3215,3216,0,0,1
2727,3216,3217,0,0,1
3218,2670,3219,1,0,1
3220,3219,3221,1,0,1
3222,3221,3223,1,0,1
3224,3223,3225,1,0,1
2823,3134,3226,0,0,1
3217,3226,3227,0,0,1
3225,2672,3228,0,0,1
3229,3228,3227,1,0,0
3230,950,3231,1,0,1,1267
3232,3231,3233,1,0,1
3234,3233,3235,1,0,1
955,3236,3237,0,1,1
956,3237,3238,0,0,1
952,3238,3239,0,0,1
953,3239,3235,0,0,0
3136,3206,3240,0,0,1,1268
3229,3133,3241,0,0,1
3224,3241,3242,0,0,1
3222,3242,3243,0,0,1
3244,3243,3245,1,0,1
959,3246,3247,0,1,1
3236,3247,3248,0,0,1
3234,3248,3249,0,0,1
3230,3232,3250,0,0,1
3240,3208,3251,0,0,1
3250,3249,3252,0,0,1
3251,947,3253,0,0,1
3245,3253,3252,0,0,0
3244,3246,3254,0,0,1,9460
3220,3254,3255,0,0,1
3256,3255,3257,1,0,1
3258,3257,3259,1,0,1
3260,3259,3261,1,0,1
3262,3263,3264,1,1,1
3265,3264,3266,1,0,1
3267,3266,3268,1,0,1
961,3269,3270,0,1,1
958,962,3271,0,0,1
3261,3271,3272,0,0,1
3268,3272,3270,0,0,0
3218,3256,3273,0,0,1,9461
2667,3273,3274,0,0,1
3275,3274,3276,1,0,1
3277,3276,3278,1,0,1
3279,3278,3280,1,0,1
3281,3280,3282,1,0,1
3283,3284,3285,1,1,1
3286,3285,3287,1,0,1
3262,3287,3288,0,0,1
3263,3288,3289,0,0,1
3260,3289,3290,0,0,1
3282,3258,3291,0,0,1
3292,3291,3290,1,0,0
980,1170,3293,0,0,1,1267
3294,3293,3295,1,0,1
3296,3295,983,1,0,0
1167,978,3297,0,0,1,1267
1165,3297,3298,0,0,1
974,3298,3299,0,0,1
3300,3299,3301,1,0,1
3302,3296,3303,1,0,1,1269
3304,3305,3306,1,1,1
3307,3306,3308,1,0,1
3309,3308,3310,1,0,1
3311,3310,3312,1,0,1
3313,3314,3315,1,1,1
3303,3316,3317,0,1,1
3312,3317,3315,0,0,0
977,3294,3318,0,0,1,9460
3301,3318,3319,0,0,1
975,3300,3320,0,0,1
3321,3320,3322,1,0,1
3304,3322,3323,0,0,1
3302,3305,3324,0,0,1
3319,3324,3323,0,0,0
3316,982,3325,0,0,1,9460
3313,3325,3326,0,0,1
3327,3326,3328,1,0,1
3329,3330,3331,1,1,1
3332,3331,3333,1,0,1
3334,3333,3335,1,0,1
988,3336,3337,0,1,1
985,989,3338,0,0,1
3328,986,3339,0,0,1
3340,3339,3341,1,0,1
3337,3335,3342,0,0,1
3338,3342,3341,0,0,0
2664,2668,3343,0,0,1,9462
2662,2665,3344,0,0,1
3345,2660,3346,1,0,1
3347,3346,3348,1,0,1
3283,3348,3349,0,0,1
3292,3284,3350,0,0,1
3281,3350,3351,0,0,1
3277,3279,3352,0,0,1
3343,3275,3353,0,0,1
3344,3353,3354,0,0,1
3349,3354,3355,0,0,1
3351,3355,3352,0,0,0
972,3321,3356,0,0,1,9461
3357,970,3358,1,0,1
3359,3358,3360,1,0,1
3361,3360,3362,1,0,1
3363,3362,3364,1,0,1
3365,3364,3366,1,0,1
3307,3366,3356,0,0,0
3367,3314,3368,1,0,1,9461
3330,3368,3369,0,0,1
3340,3369,3327,0,0,0
3309,3311,3370,0,0,1,1270
3365,3370,3371,0,0,1
3372,3371,3373,1,0,1
3329,3374,3375,0,1,1
3367,3375,3373,0,0,0
3267,3269,3376,0,0,1,1267
3377,3376,3378,1,0,1
3357,3379,3380,0,1,1
968,3380,3381,0,0,1
3378,964,3382,0,0,1
3381,3383,3384,0,1,1
966,3384,3382,0,0,0
190,2999,3385,0,0,1,29184
188,191,3386,0,0,1
185,3386,3387,0,0,1
182,186,3388,0,0,1
281,183,3389,0,0,1
179,3389,3390,0,0,1
180,3390,3391,0,0,1
176,3391,3392,0,0,1
277,177,3393,0,0,1
174,3393,3394,0,0,1
3395,3394,3396,1,0,1
3397,3398,3399,1,1,1
3400,3399,3401,1,0,1
3402,3401,3403,1,0,1
3404,3403,3405,1,0,1
3001,3405,3406,0,0,1
3385,3406,3407,0,0,1
3387,3407,3408,0,0,1
3388,3408,3409,0,0,1
3392,3409,3396,0,0,0
3265,3377,3410,0,0,1,1268
3411,3410,3412,1,0,1
3359,3413,3414,0,1,1
3379,3414,3415,0,0,1
3383,3415,3412,0,0,0
3286,3411,3416,0,0,1,1269
3347,3416,3417,0,0,1
3418,3417,3419,1,0,1
3420,3419,3421,1,0,1
3422,3421,3423,1,0,1
3424,3423,3425,1,0,1
3426,3427,3428,1,1,1
3429,3428,3430,1,0,1
3431,3432,3433,1,1,1
3434,3433,3435,1,0,1
3436,3437,3438,1,1,1
3439,3438,3440,1,0,1
3441,3440,3442,1,0,1
3443,3442,3444,1,0,1
3445,3444,3446,1,0,1
3447,3446,3448,1,0,1
3449,3448,3450,1,0,1
3451,3452,3453,1,1,1
3454,3455,3456,1,1,1
3457,3456,3458,1,0,1
1012,3459,3460,0,1,1
3461,3460,3462,1,0,1
3463,3464,3465,1,1,1
3466,3465,3467,1,0,1
3468,3469,3470,1,1,1
3332,3471,3472,0,1,1
3374,3472,3473,0,0,1
3363,3372,3474,0,0,1
3413,3361,3475,0,0,1
3425,3475,3476,0,0,1
3477,3476,3478,1,0,1
3430,3479,3480,0,1,1
3435,3481,3482,0,1,1
3450,3482,3483,0,0,1
3484,3483,3485,1,0,1
3486,3485,3487,1,0,1
3453,3487,3488,0,0,1
3458,3489,3490,0,1,1
3462,3490,3491,0,0,1
3470,3467,3492,0,0,1
3473,3493,3494,0,1,1
3474,3494,3495,0,0,1
3478,3495,3496,0,0,1
3491,3488,3497,0,0,1
3496,3492,3498,0,0,1
3480,3498,3497,0,0,0
649,651,3499,0,0,1,1270
647,3499,3500,0,0,1
645,3500,3501,0,0,1
2011,643,3502,0,0,1
3503,1320,3504,1,0,1
3505,3506,3507,1,1,1
3508,3509,3510,1,1,1
3511,3512,3513,1,1,1
3514,3513,3515,1,0,1
3516,3515,3517,1,0,1
3518,3519,3520,1,1,1
3521,3522,3523,1,1,1
3524,3523,3525,1,0,1
3526,3525,3527,1,0,1
3436,3527,3528,0,0,1
3434,3437,3529,0,0,1
3431,3529,3530,0,0,1
3481,3432,3531,0,0,1
3429,3531,3532,0,0,1
3426,3532,3533,0,0,1
3479,3427,3534,0,0,1
3477,3534,3535,0,0,1
3424,3535,3536,0,0,1
3422,3536,3537,0,0,1
3418,3420,3538,0,0,1
3501,3345,3539,0,0,1
3502,3539,3540,0,0,1
3504,3540,3541,0,0,1
3507,3541,3542,0,0,1
3528,3520,3543,0,0,1
3530,3543,3544,0,0,1
3533,3544,3545,0,0,1
3537,3545,3546,0,0,1
3542,3538,3547,0,0,1
3510,3547,3548,0,0,1
3517,3548,3546,0,0,0
3336,991,3549,0,0,1,1267
3550,3549,3551,1,0,1
3552,3553,3554,1,1,1
3555,3556,3557,1,1,1
3558,3557,3559,1,0,1
3560,3561,3562,1,1,1
1008,3562,3563,0,0,1
1005,3563,3564,0,0,1
1226,1006,3565,0,0,1
1003,3565,3566,0,0,1
1001,3566,3567,0,0,1
996,999,3568,0,0,1
993,3568,3569,0,0,1
1173,994,3570,0,0,1
3551,3570,3571,0,0,1
3554,3571,3572,0,0,1
3567,3564,3573,0,0,1
3572,3569,3574,0,0,1
3575,3574,3576,1,0,1
3577,3576,3578,1,0,1
3579,3578,3580,1,0,1
3573,3559,3581,0,0,1
998,3581,3580,0,0,0
3493,3471,3582,0,0,1,1268
3468,3582,3583,0,0,1
3466,3469,3584,0,0,1
3461,3464,3585,0,0,1
1010,3585,3586,0,0,1
3560,3586,3587,0,0,1
3558,3561,3588,0,0,1
3555,3588,3589,0,0,1
3575,3577,3590,0,0,1
3552,3590,3591,0,0,1
3553,3591,3592,0,0,1
3334,3550,3593,0,0,1
3583,3593,3594,0,0,1
3584,3594,3595,0,0,1
3463,3595,3596,0,0,1
3589,3587,3597,0,0,1
3556,3597,3598,0,0,1
3579,3598,3599,0,0,1
3592,3599,3596,0,0,0
1318,3503,3600,0,0,1,1271
1316,3600,3601,0,0,1
3602,3601,3603,1,0,1
3604,3603,3605,1,0,1
3606,3605,3607,1,0,1
3608,3607,3609,1,0,1
3610,3609,3611,1,0,1
3612,3613,3614,1,1,1
3615,3614,3616,1,0,1
3617,3618,3619,1,1,1
3620,3619,3621,1,0,1
3622,3623,3624,1,1,1
3625,3624,3626,1,0,1
3627,3628,3629,1,1,1
3630,3629,3631,1,0,1
3632,3633,3634,1,1,1
3635,3636,3637,1,1,1
3638,3639,3640,1,1,1
3641,3642,3643,1,1,1
3644,3643,3645,1,0,1
3646,3647,3648,1,1,1
3524,3648,3649,0,0,1
3521,3649,3650,0,0,1
3522,3650,3651,0,0,1
3518,3651,3652,0,0,1
3519,3652,3653,0,0,1
3516,3653,3654,0,0,1
3508,3512,3655,0,0,1
3509,3655,3656,0,0,1
3505,3656,3657,0,0,1
3611,3506,3658,0,0,1
3616,3658,3659,0,0,1
3637,3634,3660,0,0,1
3640,3660,3661,0,0,1
3645,3662,3663,0,1,1
3657,3511,3664,0,0,1
3659,3664,3665,0,0,1
3621,3665,3666,0,0,1
3661,3631,3667,0,0,1
3663,3667,3668,0,0,1
3666,3514,3669,0,0,1
3668,3626,3670,0,0,1
3654,3670,3669,0,0,0
1331,1314,3671,0,0,1,1272
1336,3671,3672,0,0,1
1311,3672,3673,0,0,1
1307,1309,3674,0,0,1
1305,3674,3675,0,0,1
1301,1303,3676,0,0,1
1297,1299,3677,0,0,1
1295,3677,3678,0,0,1
1293,3678,3679,0,0,1
1289,1291,3680,0,0,1
3681,3680,3682,1,0,1
3633,3682,3683,0,0,1
3630,3683,3684,0,0,1
3627,3684,3685,0,0,1
3625,3628,3686,0,0,1
3622,3686,3687,0,0,1
3623,3687,3688,0,0,1
3620,3688,3689,0,0,1
3617,3689,3690,0,0,1
3618,3690,3691,0,0,1
3615,3691,3692,0,0,1
3612,3692,3693,0,0,1
3613,3693,3694,0,0,1
3610,3694,3695,0,0,1
3608,3695,3696,0,0,1
3606,3696,3697,0,0,1
3602,3604,3698,0,0,1
1313,3698,3699,0,0,1
3673,3699,3700,0,0,1
3675,3700,3701,0,0,1
3676,3701,3702,0,0,1
3685,3679,3703,0,0,1
3697,3703,3702,0,0,0
170,172,3704,0,0,1,29440
168,3704,3705,0,0,1
164,166,3706,0,0,1
162,3706,3707,0,0,1
158,160,3708,0,0,1
156,3708,3709,0,0,1
152,154,3710,0,0,1
150,3710,3711,0,0,1
146,148,3712,0,0,1
144,3712,3713,0,0,1
142,3713,3714,0,0,1
140,3714,3715,0,0,1
136,138,3716,0,0,1
134,3716,3717,0,0,1
132,3717,3718,0,0,1
3719,3718,3720,1,0,1
3721,3720,3722,1,0,1
3402,3722,3723,0,0,1
3400,3723,3724,0,0,1
3397,3724,3725,0,0,1
3398,3725,3726,0,0,1
3395,3726,3727,0,0,1
3705,3727,3728,0,0,1
3707,3728,3729,0,0,1
3711,3709,3730,0,0,1
3715,3730,3729,0,0,0
3457,3459,3731,0,0,1,1267
3732,3731,3733,1,0,1
3734,3735,3736,1,1,1
3737,3736,3738,1,0,1
3739,3738,3740,1,0,1
3741,3742,3743,1,1,1
3744,3745,3746,1,1,1
3747,3746,3748,1,0,1
1027,1217,3749,0,0,1
1025,3749,3750,0,0,1
1023,3750,3751,0,0,1
1017,1021,3752,0,0,1
1014,1018,3753,0,0,1
1015,3753,3754,0,0,1
3733,3754,3755,0,0,1
3740,3755,3756,0,0,1
3751,3748,3757,0,0,1
3756,3752,3758,0,0,1
3757,3743,3759,0,0,1
1020,3759,3758,0,0,0
3489,3455,3760,0,0,1,1268
3451,3760,3761,0,0,1
3762,3761,3763,1,0,1
3764,3765,3766,1,1,1
3767,3766,3768,1,0,1
3734,3768,3769,0,0,1
3735,3769,3770,0,0,1
3732,3770,3771,0,0,1
3454,3771,3763,0,0,0
3452,3762,3772,0,0,1,9460
3486,3772,3773,0,0,1
3484,3773,3774,0,0,1
3775,3449,3776,1,0,1
3739,3742,3777,0,0,1
3767,3737,3778,0,0,1
3764,3778,3779,0,0,1
3774,3765,3780,0,0,1
3777,3776,3781,0,0,1
3779,3781,3780,0,0,0
3741,3745,3782,0,0,1,1268
3775,3782,3783,0,0,1
3784,3445,3785,1,0,1
3786,3787,3788,1,1,1
1040,3788,3789,0,0,1
1036,3789,3790,0,0,1
1176,1037,3791,0,0,1
1202,3791,3792,0,0,1
1034,3792,3793,0,0,1
1032,3793,3794,0,0,1
3795,3794,3796,1,0,1
3797,3796,3798,1,0,1
3799,3800,3801,1,1,1
1030,3802,3803,0,1,1
3747,3803,3804,0,0,1
3744,3804,3805,0,0,1
3783,3805,3806,0,0,1
3785,3447,3807,0,0,1
3790,3807,3808,0,0,1
3798,3808,3809,0,0,1
3810,3809,3811,1,0,1
3801,3811,3806,0,0,0
3810,3800,3812,0,0,1,1269
3797,3812,3813,0,0,1
3795,3813,3814,0,0,1
1029,3814,3815,0,0,1
3802,3815,3799,0,0,0
3816,3817,3818,1,1,1,1274
3819,3818,3820,1,0,1
3821,3820,3822,1,0,1
3823,3824,3825,1,1,1
3826,3825,3822,1,0,0
3443,3784,3827,0,0,1,9460
3828,3827,3829,1,0,1
3830,3829,3831,1,0,1
3832,3833,3834,1,1,1
3835,3834,3836,1,0,1
3837,3836,3838,1,0,1
3839,3840,3841,1,1,1
3842,3843,3844,1,1,1
3845,3846,3847,1,1,1
3848,3847,3849,1,0,1
3850,3849,3851,1,0,1
3852,3853,3854,1,1,1
3855,3854,3856,1,0,1
3857,3856,3858,1,0,1
1064,3858,3859,0,0,1
3860,3859,3861,1,0,1
3862,3861,3863,1,0,1
3864,3863,3865,1,0,1
3866,3867,3868,1,1,1
1059,3868,3869,0,0,1
1055,3869,3870,0,0,1
1052,1056,3871,0,0,1
1050,1053,3872,0,0,1
1047,3872,3873,0,0,1
1044,1048,3874,0,0,1
1042,1045,3875,0,0,1
1039,3875,3876,0,0,1
3786,3876,3877,0,0,1
3831,3787,3878,0,0,1
3851,3879,3880,0,1,1
3865,3880,3881,0,0,1
3870,3881,3882,0,0,1
3878,3877,3883,0,0,1
3882,3844,3884,0,0,1
3871,3884,3885,0,0,1
3873,3885,3886,0,0,1
3883,3874,3887,0,0,1
3838,3887,3888,0,0,1
3889,3888,3890,1,0,1
3841,3890,3886,0,0,0
3891,3441,3892,1,0,1,9461
3893,3894,3895,1,1,1
3896,3895,3897,1,0,1
3835,3898,3899,0,1,1
3832,3899,3900,0,0,1
3830,3833,3901,0,0,1
3892,3828,3902,0,0,1
3903,3902,3904,1,0,1
3900,3897,3905,0,0,1
3904,3901,3906,0,0,1
3907,3906,3905,1,0,0
3646,3526,3908,0,0,1,9462
3909,3908,3910,1,0,1
3911,3910,3912,1,0,1
3913,3914,3915,1,1,1
3894,3915,3916,0,0,1
3907,3916,3917,0,0,1
3903,3917,3918,0,0,1
3891,3918,3919,0,0,1
3439,3919,3912,0,0,0
3647,3909,3920,0,0,1,1270
3644,3920,3921,0,0,1
3662,3642,3922,0,0,1
3638,3922,3923,0,0,1
3635,3639,3924,0,0,1
3636,3924,3925,0,0,1
3926,3927,3928,1,1,1
3929,3928,3930,1,0,1
3931,3932,3933,1,1,1
3934,3933,3935,1,0,1
3893,3936,3937,0,1,1
3913,3937,3938,0,0,1
3911,3914,3939,0,0,1
3921,3939,3940,0,0,1
3930,3925,3941,0,0,1
3942,3941,3943,1,0,1
3935,3943,3944,0,0,1
3940,3938,3945,0,0,1
3641,3945,3946,0,0,1
3944,3923,3947,0,0,1
3948,3947,3949,1,0,1
3950,3949,3946,1,0,0
3950,3936,3951,0,0,1,1269
3952,3948,3953,1,0,1
3837,3953,3954,0,0,1
3898,3954,3955,0,0,1
3896,3955,3951,0,0,0
3956,3957,3958,1,1,1,1267
3959,3958,3960,1,0,1
3961,3962,3963,1,1,1
3964,3963,3965,1,0,1
3966,3965,3960,1,0,0
3967,3968,3969,1,1,1,1267
3970,3971,3972,1,1,1
3973,3974,3975,1,1,1
3976,3975,3977,1,0,1
3969,3977,3972,0,0,0
3952,3889,3978,0,0,1,9461
3934,3978,3979,0,0,1
3980,3931,3981,1,0,1
3982,3981,3983,1,0,1
3846,3983,3984,0,0,1
3879,3984,3985,0,0,1
3842,3985,3986,0,0,1
3839,3843,3987,0,0,1
3840,3987,3988,0,0,1
3979,3988,3986,0,0,0
3942,3932,3989,0,0,1,1269
3990,3991,3992,1,1,1
3850,3992,3993,0,0,1
3845,3848,3994,0,0,1
3982,3994,3995,0,0,1
3989,3980,3996,0,0,1
3993,3996,3995,0,0,0
3866,1058,3997,0,0,1,1267
3867,3997,3998,0,0,1
3864,3998,3999,0,0,1
3862,3999,4000,0,0,1
1061,3860,4001,0,0,1
1062,4001,4002,0,0,1
1184,4002,4000,0,0,0
3929,3991,4003,0,0,1,9461
3926,4003,4004,0,0,1
4005,4004,4006,1,0,1
3853,4006,3990,0,0,0
3857,1066,4007,0,0,1,1267
3855,4007,4008,0,0,1
4009,4008,1068,1,0,0