0,1,2,1,1,1,1025
3,4,5,1,1,1
6,7,8,1,1,1
9,8,10,1,0,1
11,10,12,1,0,1
13,11,14,1,0,1
15,16,17,1,1,1
18,19,20,1,1,1
21,22,23,1,1,1
24,25,26,1,1,1
27,26,28,1,0,1
29,30,31,1,1,1
32,33,34,1,1,1
35,36,37,1,1,1
38,37,39,1,0,1
40,41,42,1,1,1
43,44,45,1,1,1
46,47,48,1,1,1
49,50,51,1,1,1
52,51,53,1,0,1
54,55,56,1,1,1
57,58,59,1,1,1
60,59,61,1,0,1
62,61,63,1,0,1
64,65,66,1,1,1
67,66,68,1,0,1
69,70,71,1,1,1
72,73,74,1,1,1
75,74,76,1,0,1
77,78,79,1,1,1
80,79,81,1,0,1
82,81,83,1,0,1
84,83,85,1,0,1
86,85,87,1,0,1
88,89,90,1,1,1
91,90,92,1,0,1
93,94,95,1,1,1
96,97,98,1,1,1
99,100,101,1,1,1
102,101,103,1,0,1
104,105,106,1,1,1
107,108,109,1,1,1
110,109,111,1,0,1
112,113,114,1,1,1
115,116,117,1,1,1
118,119,120,1,1,1
121,122,123,1,1,1
124,123,125,1,0,1
126,127,128,1,1,1
129,128,130,1,0,1
131,132,133,1,1,1
134,133,135,1,0,1
136,137,138,1,1,1
139,140,141,1,1,1
142,141,143,1,0,1
144,145,146,1,1,1
147,148,149,1,1,1
144,148,150,0,0,1
142,145,151,0,0,1
136,140,152,0,0,1
137,152,153,0,0,1
154,134,155,1,0,1
156,155,157,1,0,1
158,157,159,1,0,1
160,159,161,1,0,1
162,161,163,1,0,1
164,165,166,1,1,1
167,168,169,1,1,1
170,169,171,1,0,1
172,173,174,1,1,1
175,176,177,1,1,1
178,177,179,1,0,1
180,179,181,1,0,1
182,181,183,1,0,1
184,183,185,1,0,1
186,185,187,1,0,1
188,187,189,1,0,1
190,191,192,1,1,1
193,192,194,1,0,1
195,196,197,1,1,1
198,197,199,1,0,1
200,199,201,1,0,1
202,203,204,1,1,1
205,206,207,1,1,1
208,207,209,1,0,1
210,211,212,1,1,1
213,214,215,1,1,1
216,215,217,1,0,1
218,217,219,1,0,1
220,219,221,1,0,1
222,221,223,1,0,1
224,223,225,1,0,1
226,227,228,1,1,1
229,230,231,1,1,1
232,233,234,1,1,1
235,234,236,1,0,1
237,238,239,1,1,1
240,241,242,1,1,1
243,242,244,1,0,1
245,244,246,1,0,1
247,246,248,1,0,1
249,248,250,1,0,1
251,250,252,1,0,1
253,252,254,1,0,1
255,254,256,1,0,1
257,256,258,1,0,1
259,260,261,1,1,1
262,261,263,1,0,1
264,263,265,1,0,1
266,267,268,1,1,1
269,270,271,1,1,1
272,273,274,1,1,1
275,274,276,1,0,1
277,278,279,1,1,1
280,279,281,1,0,1
282,281,283,1,0,1
284,285,286,1,1,1
287,286,288,1,0,1
289,290,291,1,1,1
292,291,293,1,0,1
294,293,295,1,0,1
296,295,297,1,0,1
298,297,299,1,0,1
300,301,302,1,1,1
303,302,304,1,0,1
305,304,306,1,0,1
307,306,308,1,0,1
309,308,310,1,0,1
311,312,313,1,1,1
314,315,316,1,1,1
317,318,319,1,1,1
320,319,321,1,0,1
322,321,323,1,0,1
324,325,326,1,1,1
327,326,328,1,0,1
329,328,330,1,0,1
331,330,332,1,0,1
333,334,335,1,1,1
336,335,337,1,0,1
338,337,339,1,0,1
340,339,341,1,0,1
342,341,343,1,0,1
344,345,346,1,1,1
347,346,348,1,0,1
349,348,350,1,0,1
351,350,352,1,0,1
353,354,355,1,1,1
356,355,357,1,0,1
358,359,360,1,1,1
2,360,361,0,0,1
12,362,363,0,1,1
17,14,364,0,0,1
20,364,365,0,0,1
23,365,366,0,0,1
28,366,367,0,0,1
31,367,368,0,0,1
42,39,369,0,0,1
45,369,370,0,0,1
371,370,372,1,0,1
63,373,374,0,1,1
71,68,375,0,0,1
376,375,377,1,0,1
87,76,378,0,0,1
92,378,379,0,0,1
103,98,380,0,0,1
111,381,382,0,1,1
114,382,383,0,0,1
117,383,384,0,0,1
385,384,386,1,0,1
130,125,387,0,0,1
135,387,388,0,0,1
138,388,389,0,0,1
143,389,390,0,0,1
146,390,391,0,0,1
149,391,392,0,0,1
153,139,393,0,0,1
163,393,394,0,0,1
395,394,396,1,0,1
189,174,397,0,0,1
204,201,398,0,0,1
399,398,400,1,0,1
209,400,401,0,0,1
225,212,402,0,0,1
228,402,403,0,0,1
231,403,404,0,0,1
236,404,405,0,0,1
239,405,406,0,0,1
258,406,407,0,0,1
265,408,409,0,1,1
268,409,410,0,0,1
288,283,411,0,0,1
299,411,412,0,0,1
310,412,413,0,0,1
414,413,415,1,0,1
313,415,416,0,0,1
323,316,417,0,0,1
332,418,419,0,1,1
352,343,420,0,0,1
357,420,421,0,0,1
422,421,423,1,0,1
361,423,424,0,0,1
363,5,425,0,0,1
368,425,426,0,0,1
34,426,427,0,0,1
372,427,428,0,0,1
48,428,429,0,0,1
53,429,430,0,0,1
56,430,431,0,0,1
374,431,432,0,0,1
379,377,433,0,0,1
434,433,435,1,0,1
95,435,436,0,0,1
380,437,438,0,1,1
386,106,439,0,0,1
392,120,440,0,0,1
396,151,441,0,0,1
401,194,442,0,0,1
407,443,444,0,1,1
410,444,445,0,0,1
416,276,446,0,0,1
417,446,447,0,0,1
419,447,448,0,0,1
424,448,449,0,0,1
450,449,451,1,0,1
432,451,452,0,0,1
436,452,453,0,0,1
438,453,454,0,0,1
455,454,456,1,0,1
441,150,457,0,0,1
445,442,458,0,0,1
271,458,459,0,0,1
456,460,461,0,1,1
439,461,462,0,0,1
457,147,463,0,0,1
166,463,464,0,0,1
171,464,465,0,0,1
459,397,466,0,0,1
462,466,467,0,0,1
440,467,465,0,0,0
468,469,470,1,1,1,1026
471,472,473,1,1,1
474,473,475,1,0,1
476,477,478,1,1,1
479,478,480,1,0,1
481,480,482,1,0,1
483,482,484,1,0,1
485,486,487,1,1,1
488,487,489,1,0,1
490,489,491,1,0,1
492,493,494,1,1,1
495,494,496,1,0,1
497,498,499,1,1,1
500,501,502,1,1,1
503,502,504,1,0,1
505,506,507,1,1,1
508,507,509,1,0,1
510,509,511,1,0,1
512,511,513,1,0,1
514,513,515,1,0,1
516,515,517,1,0,1
518,517,519,1,0,1
520,521,522,1,1,1
523,522,524,1,0,1
525,524,526,1,0,1
527,526,528,1,0,1
529,528,530,1,0,1
531,530,532,1,0,1
533,532,534,1,0,1
535,536,537,1,1,1
470,538,539,0,1,1
475,539,540,0,0,1
484,540,541,0,0,1
491,541,542,0,0,1
496,542,543,0,0,1
544,543,545,1,0,1
504,499,546,0,0,1
519,546,547,0,0,1
534,547,548,0,0,1
545,537,549,0,0,1
550,549,548,1,0,0
551,552,553,1,1,1,37888
554,555,556,1,1,1
557,556,558,1,0,1
559,560,561,1,1,1
562,561,563,1,0,1
564,563,565,1,0,1
566,567,568,1,1,1
569,570,571,1,1,1
572,573,574,1,1,1
575,574,576,1,0,1
577,578,579,1,1,1
580,581,582,1,1,1
583,582,584,1,0,1
585,584,586,1,0,1
587,588,589,1,1,1
590,591,592,1,1,1
593,594,595,1,1,1
596,595,597,1,0,1
598,599,600,1,1,1
601,602,603,1,1,1
604,603,605,1,0,1
606,605,607,1,0,1
608,609,610,1,1,1
611,612,613,1,1,1
614,615,616,1,1,1
617,618,619,1,1,1
620,619,621,1,0,1
622,621,623,1,0,1
624,623,625,1,0,1
626,625,627,1,0,1
628,629,630,1,1,1
631,632,633,1,1,1
553,634,635,0,1,1
636,635,637,1,0,1
565,558,638,0,0,1
568,638,639,0,0,1
640,639,641,1,0,1
642,641,643,1,0,1
644,643,645,1,0,1
571,646,647,0,1,1
576,647,648,0,0,1
649,648,650,1,0,1
579,650,651,0,0,1
586,651,652,0,0,1
600,597,653,0,0,1
607,653,654,0,0,1
613,610,655,0,0,1
627,656,657,0,1,1
630,657,658,0,0,1
633,658,659,0,0,1
637,659,660,0,0,1
645,660,661,0,0,1
654,592,662,0,0,1
661,663,664,0,1,1
662,589,665,0,0,1
655,665,666,0,0,1
664,616,667,0,0,1
652,667,668,0,0,1
669,668,666,1,0,0
670,671,672,1,1,1,1025
673,672,674,1,0,1
675,676,677,1,1,1
678,679,680,1,1,1
681,682,683,1,1,1
684,685,686,1,1,1
687,686,688,1,0,1
689,688,690,1,0,1
691,690,692,1,0,1
693,692,694,1,0,1
573,694,695,0,0,1
569,695,696,0,0,1
570,696,697,0,0,1
646,697,698,0,0,1
644,698,699,0,0,1
642,699,700,0,0,1
640,700,701,0,0,1
566,701,702,0,0,1
567,702,703,0,0,1
564,703,704,0,0,1
562,704,705,0,0,1
557,560,706,0,0,1
674,706,707,0,0,1
680,677,708,0,0,1
683,708,709,0,0,1
705,709,710,0,0,1
559,710,707,0,0,0
711,712,713,1,1,1,1042
714,715,716,1,1,1
717,716,718,1,0,1
719,720,721,1,1,1
722,721,723,1,0,1
724,725,726,1,1,1
727,726,728,1,0,1
729,728,730,1,0,1
731,730,732,1,0,1
733,732,734,1,0,1
735,734,736,1,0,1
737,738,739,1,1,1
718,740,741,0,1,1
742,741,743,1,0,1
723,744,745,0,1,1
736,746,747,0,1,1
739,748,749,0,1,1
713,749,750,0,0,1
743,750,751,0,0,1
747,745,752,0,0,1
753,752,751,1,0,0
754,755,756,1,1,1,50416
757,756,758,1,0,1
759,758,760,1,0,1
761,760,762,1,0,1
763,764,765,1,1,1
766,765,767,1,0,1
768,767,769,1,0,1
770,769,771,1,0,1
772,773,774,1,1,1
775,776,777,1,1,1
778,777,779,1,0,1
780,779,781,1,0,1
782,783,784,1,1,1
785,784,786,1,0,1
787,788,789,1,1,1
790,789,791,1,0,1
792,793,794,1,1,1
795,794,796,1,0,1
797,796,798,1,0,1
799,800,801,1,1,1
802,803,804,1,1,1
805,806,807,1,1,1
808,807,809,1,0,1
810,811,812,1,1,1
813,812,814,1,0,1
815,814,816,1,0,1
817,816,818,1,0,1
762,818,819,0,0,1
771,819,820,0,0,1
774,820,821,0,0,1
781,821,822,0,0,1
823,822,824,1,0,1
825,824,826,1,0,1
786,826,827,0,0,1
791,827,828,0,0,1
798,828,829,0,0,1
801,829,830,0,0,1
804,830,809,0,0,0
831,832,833,1,1,1,1042
834,835,836,1,1,1
837,838,839,1,1,1
840,841,842,1,1,1
843,842,844,1,0,1
845,844,846,1,0,1
847,846,848,1,0,1
849,848,850,1,0,1
851,850,852,1,0,1
853,852,854,1,0,1
855,856,857,1,1,1
858,859,860,1,1,1
861,860,862,1,0,1
863,862,864,1,0,1
865,866,867,1,1,1
868,867,869,1,0,1
870,871,872,1,1,1
873,874,875,1,1,1
876,875,877,1,0,1
878,877,879,1,0,1
880,881,882,1,1,1
883,882,884,1,0,1
885,884,886,1,0,1
887,888,889,1,1,1
890,891,892,1,1,1
893,894,895,1,1,1
896,895,897,1,0,1
898,899,900,1,1,1
901,902,903,1,1,1
904,903,905,1,0,1
906,907,908,1,1,1
909,908,910,1,0,1
833,910,911,0,0,1
836,911,912,0,0,1
913,912,914,1,0,1
854,915,916,0,1,1
869,864,917,0,0,1
879,872,918,0,0,1
886,918,919,0,0,1
897,920,921,0,1,1
922,921,923,1,0,1
900,923,924,0,0,1
914,905,925,0,0,1
839,925,926,0,0,1
927,926,928,1,0,1
916,928,929,0,0,1
919,917,930,0,0,1
931,930,932,1,0,1
924,892,933,0,0,1
929,933,934,0,0,1
932,857,935,0,0,1
889,935,934,0,0,0
936,937,938,1,1,1,1026
939,940,941,1,1,1
942,941,943,1,0,1
944,945,946,1,1,1
947,946,948,1,0,1
949,948,950,1,0,1
951,950,952,1,0,1
953,954,955,1,1,1
956,955,957,1,0,1
958,959,960,1,1,1
961,960,962,1,0,1
963,962,964,1,0,1
965,964,966,1,0,1
967,966,968,1,0,1
969,968,970,1,0,1
971,970,972,1,0,1
938,973,974,0,1,1
943,974,975,0,0,1
952,976,977,0,1,1
957,977,978,0,0,1
979,978,980,1,0,1
972,980,975,0,0,0
981,982,843,1,1,0,1042
983,851,984,1,0,1,1042
985,986,987,1,1,1,1042
866,987,863,0,0,0
871,988,868,0,1,0,1042
989,990,991,1,1,1,1042
992,991,993,1,0,1
994,995,996,1,1,1
997,998,999,1,1,1
1000,999,1001,1,0,1
1002,1001,1003,1,0,1
1004,1003,1005,1,0,1
1006,1005,1007,1,0,1
1008,1007,1009,1,0,1
1010,1011,1012,1,1,1
1013,1014,1015,1,1,1
1016,1015,1017,1,0,1
1018,1017,1019,1,0,1
1020,1019,1021,1,0,1
1022,1021,1023,1,0,1
1024,1025,1026,1,1,1
1027,1026,1028,1,0,1
1029,1028,1030,1,0,1
1031,1032,1033,1,1,1
1034,1033,1035,1,0,1
1036,1035,1037,1,0,1
1038,1039,1040,1,1,1
1041,1040,1042,1,0,1
1043,1044,1045,1,1,1
1046,1045,1047,1,0,1
1048,1047,1049,1,0,1
1050,1051,1052,1,1,1
1053,1052,1054,1,0,1
1055,1056,1057,1,1,1
1058,1059,1060,1,1,1
1061,1060,1062,1,0,1
80,1062,1063,0,0,1
77,1063,1064,0,0,1
1065,1064,1066,1,0,1
1067,1066,1068,1,0,1
57,1068,1069,0,0,1
1070,1069,1071,1,0,1
1072,1073,1074,1,1,1
1075,1076,1077,1,1,1
38,1077,1078,0,0,1
1079,1078,1080,1,0,1
1081,1080,1082,1,0,1
24,1083,1084,0,1,1
1085,1084,1086,1,0,1
1087,1086,1088,1,0,1
1089,1088,1090,1,0,1
1091,1090,1092,1,0,1
1093,1092,1094,1,0,1
1095,1094,1096,1,0,1
1097,1096,1098,1,0,1
1099,1098,1100,1,0,1
1101,1102,1103,1,1,1
1104,1103,1105,1,0,1
1106,1105,1107,1,0,1
1108,1107,1109,1,0,1
1110,1109,1111,1,0,1
1112,1113,1114,1,1,1
1115,1114,1116,1,0,1
1117,1118,1119,1,1,1
1120,1119,1121,1,0,1
1122,1121,1123,1,0,1
1124,1125,1126,1,1,1
1127,1128,1129,1,1,1
1130,1129,1131,1,0,1
1132,1131,1133,1,0,1
733,1134,1135,0,1,1
993,729,1136,0,0,1
1137,1136,1138,1,0,1
1009,996,1139,0,0,1
1023,1140,1141,0,1,1
1030,1141,1142,0,0,1
1042,1037,1143,0,0,1
1049,1144,1145,0,1,1
1057,1146,1147,0,1,1
1071,1147,1148,0,0,1
1149,1148,1150,1,0,1
1074,1151,1152,0,1,1
1100,1082,1153,0,0,1
1111,1153,1154,0,0,1
1155,1154,1156,1,0,1
1116,1156,1157,0,0,1
1133,1126,1158,0,0,1
1135,1158,1159,0,0,1
1138,731,1160,0,0,1
1139,1160,1161,0,0,1
1142,1012,1162,0,0,1
1143,1162,1163,0,0,1
1145,1163,1164,0,0,1
1150,1054,1165,0,0,1
1152,1165,1166,0,0,1
1157,1166,1167,0,0,1
1161,1159,1168,0,0,1
1164,1168,1169,0,0,1
1167,1170,1171,0,1,1
1123,1171,1172,0,0,1
1173,1172,1169,1,0,0
1174,1175,1176,1,1,1,1042
1177,1178,1179,1,1,1
1180,1179,1181,1,0,1
715,1181,1182,0,0,1
740,1182,1176,0,0,0
1183,1184,1185,1,1,1,1042
1186,1185,738,1,0,0
18,22,1187,0,0,1,1025
15,19,1188,0,0,1
13,16,1189,0,0,1
362,7,1190,0,0,1
3,1190,1191,0,0,1
450,4,1192,0,0,1
0,1192,1193,0,0,1
1,1193,1194,0,0,1
1195,1194,1196,1,0,1
1197,1196,1198,1,0,1
1199,1200,1201,1,1,1
1202,1201,1203,1,0,1
1204,1203,1205,1,0,1
1206,1207,1208,1,1,1
1209,1208,1210,1,0,1
1211,1210,1212,1,0,1
1213,1212,1214,1,0,1
1215,1216,1217,1,1,1
1218,1219,1220,1,1,1
1221,1220,1222,1,0,1
1223,1224,1225,1,1,1
1226,1225,1227,1,0,1
1228,1229,1230,1,1,1
1231,1232,1233,1,1,1
1234,1235,1236,1,1,1
1237,1236,1238,1,0,1
1239,1240,1241,1,1,1
1242,1243,1244,1,1,1
1245,1246,1247,1,1,1
1248,1247,1249,1,0,1
876,1249,1250,0,0,1
1251,1250,1252,1,0,1
1253,1254,1255,1,1,1
1187,1255,1256,0,0,1
1188,1256,1257,0,0,1
1198,1191,1258,0,0,1
1205,1258,1259,0,0,1
1214,1259,1260,0,0,1
1217,1260,1261,0,0,1
1227,1222,1262,0,0,1
1230,1262,1263,0,0,1
1233,1263,1264,0,0,1
1244,1241,1265,0,0,1
1252,1265,1266,0,0,1
1257,1266,1267,0,0,1
1261,6,1268,0,0,1
1264,1269,1270,0,1,1
1267,1238,1271,0,0,1
1268,9,1272,0,0,1
1271,1270,1273,0,0,1
1189,1273,1272,0,0,0
1274,1275,1276,1,1,1,1025
1277,1276,1278,1,0,1
1279,1280,1281,1,1,1
1282,1281,1283,1,0,1
1284,1285,1286,1,1,1
1287,1286,1288,1,0,1
1289,1290,1291,1,1,1
1292,1291,1293,1,0,1
1294,1295,1296,1,1,1
1297,1298,1299,1,1,1
1300,1299,1301,1,0,1
1302,1301,1303,1,0,1
1304,1303,1305,1,0,1
1306,1305,1307,1,0,1
1308,1309,1310,1,1,1
1311,1310,1312,1,0,1
1313,1312,1314,1,0,1
1315,1314,1316,1,0,1
1317,1318,1319,1,1,1
1320,1319,1321,1,0,1
1322,1321,1323,1,0,1
1324,1323,1325,1,0,1
1326,1327,1328,1,1,1
1329,1328,1330,1,0,1
1331,1332,1333,1,1,1
1334,1335,1336,1,1,1
1337,1336,1338,1,0,1
1339,1340,1341,1,1,1
1342,1341,1343,1,0,1
1344,1345,1346,1,1,1
1347,1346,1348,1,0,1
1349,1350,1351,1,1,1
1352,1351,1353,1,0,1
1354,1353,1355,1,0,1
1356,1357,1358,1,1,1
1359,1358,1360,1,0,1
1361,1360,1362,1,0,1
1363,1362,1364,1,0,1
1365,1364,1366,1,0,1
1367,1368,1369,1,1,1
1370,1369,1371,1,0,1
1372,1373,1374,1,1,1
1375,1374,1376,1,0,1
936,1376,1377,1,0,1
940,1377,1378,1,0,1
939,1378,1379,1,0,1
942,1379,1380,1,0,1
976,1380,1381,1,0,1
945,1381,1382,1,0,1
949,947,1383,1,1,1
979,956,1384,1,1,1
959,1384,1385,1,0,1
958,1385,1386,1,0,1
965,963,1387,1,1,1
969,967,1388,1,1,1
1389,1390,1391,1,1,1
1392,1391,1393,1,0,1
1394,1395,1396,1,1,1
1397,1398,1399,1,1,1
1400,1399,1401,1,0,1
1402,1403,1404,1,1,1
1405,1404,1406,1,0,1
1407,1406,1408,1,0,1
1409,1410,1411,1,1,1
1412,1411,1413,1,0,1
1414,1413,1415,1,0,1
1416,1415,1417,1,0,1
1418,1417,1419,1,0,1
1420,1419,1421,1,0,1
1422,1421,1423,1,0,1
1424,1425,1426,1,1,1
359,1427,1428,0,1,1
422,1428,1429,0,0,1
1430,356,1431,1,0,1
353,1430,1432,0,0,1
1433,1432,1434,1,0,1
1435,1434,1436,1,0,1
1437,1436,1438,1,0,1
1439,1440,1441,1,1,1
1442,1443,1444,1,1,1
1445,1446,1447,1,1,1
1448,1449,1450,1,1,1
1451,1450,1452,1,0,1
1453,1452,1454,1,0,1
1455,1456,1457,1,1,1
1458,1457,1459,1,0,1
1460,1459,1461,1,0,1
1462,1463,1464,1,1,1
1465,1466,1467,1,1,1
1468,1467,1469,1,0,1
1470,1471,1472,1,1,1
1473,1472,1474,1,0,1
1475,1476,1477,1,1,1
1478,1477,1479,1,0,1
1480,1479,1481,1,0,1
1482,1481,1483,1,0,1
1484,1483,1485,1,0,1
1486,1485,1487,1,0,1
1278,1487,1488,0,0,1
1283,1489,1490,0,1,1
1288,1490,1491,0,0,1
1293,1491,1492,0,0,1
1307,1296,1493,0,0,1
1316,1493,1494,0,0,1
1325,1494,1495,0,0,1
1330,1495,1496,0,0,1
1333,1496,1497,0,0,1
1343,1338,1498,0,0,1
1348,1498,1499,0,0,1
1355,1500,1501,0,1,1
1366,1501,1502,0,0,1
1371,1502,1503,0,0,1
1382,1503,1504,0,0,1
944,1504,1505,1,0,1
1386,953,1506,0,1,1
1388,1387,1507,0,0,1
1393,971,1508,0,1,1
1396,1508,1509,0,0,1
1408,1510,1511,0,1,1
1423,1511,1512,0,0,1
1429,1426,1513,0,0,1
1431,1513,1514,0,0,1
1438,1514,1515,0,0,1
1441,1515,1516,0,0,1
1444,1516,1517,0,0,1
1518,1517,1519,1,0,1
1461,1454,1520,0,0,1
1464,1520,1521,0,0,1
1522,1521,1523,1,0,1
1469,1523,1524,0,0,1
1488,1474,1525,0,0,1
1492,1525,1526,0,0,1
1499,1497,1527,0,0,1
1505,1527,1528,0,0,1
1383,1528,1529,0,0,1
1509,1507,1530,0,0,1
1531,1530,1532,1,0,1
1512,1533,1534,0,1,1
1519,1535,1536,0,1,1
1526,1537,1538,0,1,1
1529,1538,1539,0,0,1
951,1539,1540,1,0,1
1532,961,1541,0,1,1
1534,1401,1542,0,0,1
1536,1542,1543,0,0,1
1447,1543,1544,0,0,1
1540,1524,1545,0,0,1
954,1545,1546,1,0,1
1506,1546,1547,0,0,1
1541,1547,1544,0,0,0
1548,1549,1550,1,1,1,1025
1551,1552,1553,1,1,1
1554,1555,1556,1,1,1
1557,1556,1558,1,0,1
1559,1560,1561,1,1,1
1562,1561,1563,1,0,1
1284,1563,1564,0,0,1
1285,1564,1565,0,0,1
1489,1280,1566,0,0,1
1550,1274,1567,0,0,1
1558,1553,1568,0,0,1
1565,1569,1570,0,1,1
1282,1570,1571,0,0,1
1567,1277,1572,0,0,1
1573,1572,1574,1,0,1
1575,1574,1576,1,0,1
1571,1568,1577,0,0,1
1279,1577,1578,0,0,1
1566,1578,1576,0,0,0
1579,1580,1581,1,1,1,1025
1484,1582,1583,0,1,1
1482,1583,1581,0,0,0
1584,1585,1586,1,1,1,46080
1587,1586,1588,1,0,1
1589,1588,1590,1,0,1
1591,1590,1592,1,0,1
1593,1592,1594,1,0,1
1595,1594,1596,1,0,1
1597,1596,1598,1,0,1
1599,1598,1600,1,0,1
1601,1602,1603,1,1,1
1604,1605,1606,1,1,1
1607,1606,1608,1,0,1
1609,1608,1610,1,0,1
1611,1610,1612,1,0,1
1613,1612,1614,1,0,1
1615,1614,1616,1,0,1
1617,1616,1618,1,0,1
1619,1618,1620,1,0,1
1621,1622,1623,1,1,1
1624,1623,1625,1,0,1
1626,1625,1627,1,0,1
1628,1627,1629,1,0,1
1630,1629,1631,1,0,1
1632,1631,1633,1,0,1
1634,1635,1636,1,1,1
1637,1638,1639,1,1,1
1640,1639,1641,1,0,1
1642,1641,1643,1,0,1
1644,1643,1645,1,0,1
1646,1645,1647,1,0,1
1648,1647,1649,1,0,1
1650,1651,1652,1,1,1
1653,1652,1654,1,0,1
1655,1656,1657,1,1,1
1658,1659,1660,1,1,1
1661,1662,1663,1,1,1
1664,1663,1665,1,0,1
1666,1665,1667,1,0,1
1668,1669,1670,1,1,1
1671,1672,1673,1,1,1
1674,1673,1675,1,0,1
1676,1677,1678,1,1,1
1620,1603,1679,0,0,1
1633,1679,1680,0,0,1
1649,1636,1681,0,0,1
1654,1682,1683,0,1,1
1657,1684,1685,0,1,1
1660,1685,1686,0,0,1
1667,1686,1687,0,0,1
1670,1687,1688,0,0,1
1678,1675,1689,0,0,1
1600,1689,1690,0,0,1
1681,1680,1691,0,0,1
1688,1683,1692,0,0,1
1693,1692,1694,1,0,1
1690,1695,1696,0,1,1
1691,1696,1694,0,0,0
1697,1698,1699,1,1,1,50176
1700,1699,1701,1,0,1
1702,1701,1703,1,0,1
1704,1703,1705,1,0,1
1706,1707,1708,1,1,1
1709,1708,1710,1,0,1
1711,1710,1712,1,0,1
1713,1712,1714,1,0,1
1715,1714,1716,1,0,1
1717,1718,1719,1,1,1
531,1719,1720,0,0,1
1721,1720,1722,1,0,1
510,512,1723,0,0,1
1724,508,1725,1,0,1
1726,1725,1727,1,0,1
1728,1727,1729,1,0,1
1730,1729,1731,1,0,1
1732,1731,1733,1,0,1
1734,1733,1735,1,0,1
1736,1735,1737,1,0,1
1738,1739,1740,1,1,1
1741,1742,1743,1,1,1
1744,1743,1745,1,0,1
1746,1745,1747,1,0,1
1748,1749,1750,1,1,1
766,1751,1752,0,1,1
763,1752,1753,0,0,1
764,1753,1754,0,0,1
761,1754,1755,0,0,1
759,1755,1756,0,0,1
757,1756,1757,0,0,1
754,1757,1758,0,0,1
817,755,1759,0,0,1
815,1759,1760,0,0,1
1761,1760,1762,1,0,1
1605,1762,1763,0,0,1
1601,1763,1764,0,0,1
1602,1764,1765,0,0,1
1599,1765,1766,0,0,1
1597,1766,1767,0,0,1
1595,1767,1768,0,0,1
1593,1768,1769,0,0,1
1591,1769,1770,0,0,1
1589,1770,1771,0,0,1
1587,1771,1772,0,0,1
1584,1772,1773,0,0,1
1705,1773,1774,0,0,1
1722,1716,1775,0,0,1
1776,1775,1777,1,0,1
1737,1723,1778,0,0,1
1747,1740,1779,0,0,1
1750,1779,1780,0,0,1
1758,1780,1781,0,0,1
1777,1774,1782,0,0,1
1783,1782,1784,1,0,1
1778,1784,1785,0,0,1
1786,1785,1781,1,0,0
162,1787,1788,1,1,1,33792
395,1788,1789,1,0,1
165,1789,1790,1,0,1
1791,164,1792,1,1,1
1793,1792,1794,1,0,1
1795,1794,1796,1,0,1
1797,1796,1798,1,0,1
180,1798,1799,1,0,1
1800,1799,1801,1,0,1
1802,1801,1803,1,0,1
1804,1805,1806,1,1,1
1807,1808,1809,1,1,1
1810,1811,1812,1,1,1
1813,1812,1814,1,0,1
1815,1816,1817,1,1,1
671,1817,1818,0,0,1
554,1818,1819,0,0,1
636,555,1820,0,0,1
551,1820,1821,0,0,1
1822,552,1823,1,0,1
1824,1825,1826,1,1,1
1827,1828,1829,1,1,1
1830,1829,1831,1,0,1
1832,1831,1833,1,0,1
1834,1833,1835,1,0,1
1836,1835,1837,1,0,1
1838,1837,1839,1,0,1
1840,1841,1842,1,1,1
1843,1844,1845,1,1,1
1846,1847,1848,1,1,1
1849,1848,1850,1,0,1
1697,1851,1852,0,1,1
1806,1803,1853,0,0,1
1809,1853,1854,0,0,1
1814,1854,1855,0,0,1
1819,1855,1856,0,0,1
1821,1856,1857,0,0,1
1823,1857,1858,0,0,1
1826,1858,1859,0,0,1
1839,1859,1860,0,0,1
1861,1860,1862,1,0,1
1842,1862,1863,0,0,1
1850,1845,1864,0,0,1
1852,1864,1865,0,0,1
1863,1790,1866,0,0,1
1867,1866,1865,1,0,0
154,156,1868,0,0,1,1026
1869,1868,1870,1,0,1
1871,1870,1872,1,0,1
1873,1872,1874,1,0,1
1875,1874,158,1,0,0
1876,1877,1878,1,1,1,1027
1879,1880,1881,1,1,1
1882,1881,1883,1,0,1
1884,1883,1885,1,0,1
1886,1887,1888,1,1,1
1889,1888,1890,1,0,1
1891,1890,1892,1,0,1
1893,1894,1895,1,1,1
1896,1897,1898,1,1,1
1899,1898,1900,1,0,1
1901,1900,1902,1,0,1
1903,1904,1905,1,1,1
1906,1905,1907,1,0,1
1908,1907,1909,1,0,1
1910,1911,1912,1,1,1
1913,1912,1914,1,0,1
1915,1914,1916,1,0,1
1917,1916,1918,1,0,1
1919,1918,1920,1,0,1
1921,1922,1923,1,1,1
1924,1923,1925,1,0,1
1926,1927,1928,1,1,1
1929,1930,1931,1,1,1
1932,1933,1934,1,1,1
1935,1934,1936,1,0,1
1937,1936,1938,1,0,1
1939,1938,1940,1,0,1
1941,1942,1943,1,1,1
1944,1943,1945,1,0,1
1946,1945,1947,1,0,1
1948,1947,1949,1,0,1
1950,1949,1951,1,0,1
1952,1953,1954,1,1,1
1955,1956,1957,1,1,1
1958,1959,1960,1,1,1
1878,1960,1961,0,0,1
1962,1961,1963,1,0,1
1885,1963,1964,0,0,1
1965,1964,1966,1,0,1
1892,1967,1968,0,1,1
1902,1969,1970,0,1,1
1971,1970,1972,1,0,1
1920,1909,1973,0,0,1
1974,1973,1975,1,0,1
1940,1976,1977,0,1,1
1951,1977,1978,0,0,1
1954,1978,1979,0,0,1
1966,1957,1980,0,0,1
1975,1981,1982,0,1,1
1925,1982,1983,0,0,1
1979,1984,1985,0,1,1
1980,1986,1987,0,1,1
1968,1987,1988,0,0,1
1983,1972,1989,0,0,1
1928,1989,1990,0,0,1
1985,1931,1991,0,0,1
1988,1991,1992,0,0,1
1895,1992,1990,0,0,0
1993,1994,1995,1,1,1,1026
1996,1997,1998,1,1,1
1999,2000,2001,1,1,1
1876,2001,2002,1,0,1
1962,2002,2003,1,0,1
1880,2003,2004,1,0,1
1889,2005,2006,1,1,1
1891,2006,2007,1,0,1
1894,2007,2008,1,0,1
2009,2008,2010,1,0,1
2011,2012,2013,1,1,1
1971,1901,2014,1,1,1
1981,2014,2015,1,0,1
1904,2015,2016,1,0,1
1903,2016,2017,1,0,1
2018,1906,2019,1,1,1
2020,2021,2022,1,1,1
2023,2022,2024,1,0,1
2025,2024,2026,1,0,1
2004,2027,2028,0,1,1
2017,1899,2029,0,1,1
2019,2029,2030,0,0,1
2026,2030,2031,0,0,1
2028,1998,2032,0,0,1
1879,2032,2033,1,0,1
2031,2034,2035,0,1,1
2036,2035,2037,1,0,1
2033,1995,2038,0,0,1
2010,2038,2039,0,0,1
2037,2013,2040,0,0,1
2041,2040,2039,1,0,0
2042,2043,2044,1,1,1,1027
2045,2044,2046,1,0,1
2047,2046,2048,1,0,1
2049,2048,2050,1,0,1
2051,2052,2053,1,1,1,1027
2054,2053,2055,1,0,1
2056,2055,2057,1,0,1
2058,2057,2059,1,0,1
1908,1911,2060,0,0,1
2018,2060,2061,1,0,1
2021,2061,2062,1,0,1
2020,2062,2059,1,0,0
2063,2064,2065,1,1,1,1026
2066,2065,2067,1,0,1
2068,2067,2069,1,0,1
2070,2069,2071,1,0,1
2054,2072,2073,0,1,1
2051,2073,2071,0,0,0
2074,2075,2076,1,1,1,1027
2077,2078,2079,1,1,1
2080,2079,2081,1,0,1
2082,2083,2084,1,1,1
2085,2084,2086,1,0,1
2087,2086,2088,1,0,1
2089,2088,2090,1,0,1
2091,2092,2093,1,1,1
2070,2093,2094,0,0,1
2066,2068,2095,0,0,1
2076,2063,2096,0,0,1
2081,2096,2097,0,0,1
2098,2097,2099,1,0,1
2100,2099,2101,1,0,1
2094,2090,2102,0,0,1
2095,2102,2101,0,0,0
2103,2104,2105,1,1,1,1043
2106,2107,2108,1,1,1
2109,2108,2110,1,0,1
2111,2110,2112,1,0,1
2078,2112,2113,0,0,1
2074,2113,2114,0,0,1
2115,2114,2105,1,0,0
2116,2117,2118,1,1,1,1044
2119,2118,2120,1,0,1
2121,2122,2123,1,1,1
2124,2123,2125,1,0,1
2126,2125,2127,1,0,1
2106,2127,2128,0,0,1
2103,2107,2129,0,0,1
2120,2104,2130,0,0,1
2128,2130,2129,0,0,0
2131,2132,2133,1,1,1,1043
2134,2133,2135,1,0,1
2136,2135,2137,1,0,1
2122,2138,2139,0,1,1
2119,2139,2140,0,0,1
2116,2140,2137,0,0,0
2141,2142,2143,1,1,1,1042
2144,2143,2145,1,0,1
2146,2145,2147,1,0,1
2148,2149,2150,1,1,1
2136,2150,2151,0,0,1
2134,2151,2152,0,0,1
2131,2152,2147,0,0,0
2153,2144,2154,1,1,1,9236
2155,2154,2156,1,0,1
2157,2156,2158,1,0,1
2159,2160,2161,1,1,1
2162,2161,2163,1,0,1
2164,2163,2165,1,0,1
2166,2165,2167,1,0,1
2168,2167,2169,1,0,1
2170,2171,2172,1,1,1
2173,2172,2174,1,0,1
2175,2174,2176,1,0,1
2141,2176,2177,1,0,1
2158,2177,2169,0,0,0
2178,2179,2180,1,1,1,9236
2181,2180,2182,1,0,1
2183,2182,2184,1,0,1
2185,2184,2186,1,0,1
2187,2186,2188,1,0,1
2153,2146,2189,1,0,1,1043
2155,2189,2190,1,0,1
2191,2157,2192,1,1,1
2193,2194,2195,1,1,1
2196,2195,2197,1,0,1
2198,2197,2199,1,0,1
2149,2199,2200,0,0,1
2190,2200,2192,0,0,0
2201,2202,2203,1,1,1,1043
2204,2205,2206,1,1,1
2207,2206,2208,1,0,1
2209,2208,2210,1,0,1
2211,2210,2212,1,0,1
2213,2212,2214,1,0,1
2215,2214,2216,1,0,1
2217,2218,2219,1,1,1
2220,2221,2222,1,1,1
2223,2222,2224,1,0,1
2203,2225,2226,0,1,1
2216,2226,2227,0,0,1
2219,2227,2224,0,0,0
2072,2056,2228,0,0,1,9220
2091,2228,2229,0,0,1
2230,2229,2231,1,0,1
2232,2233,2234,1,1,1
1910,2234,2235,0,0,1
2058,2235,2231,0,0,0
2236,2111,2237,1,0,1,9220
2238,2239,2240,1,1,1
2241,2242,2243,1,1,1
2244,2243,2245,1,0,1
2083,2245,2246,0,0,1
2100,2246,2247,0,0,1
2098,2247,2248,0,0,1
2080,2248,2249,0,0,1
2237,2077,2250,0,0,1
2240,2250,2249,0,0,0
2168,2171,2251,0,0,1,9235
2252,2251,2253,1,0,1
2254,2253,2255,1,0,1
2256,2257,2258,1,1,1
2259,2258,2260,1,0,1
2261,2260,2255,1,0,0
2126,2109,2262,0,0,1,9220
2263,2262,2264,1,0,1
2265,2264,2266,1,0,1
2267,2266,2268,1,0,1
2269,2268,2270,1,0,1
2239,2270,2236,0,0,0
2121,2124,2271,0,0,1,9236
2138,2271,2272,0,0,1
2148,2272,2273,0,0,1
2198,2273,2274,0,0,1
2275,2276,2277,1,1,1
2263,2278,2279,0,1,1
2274,2279,2277,0,0,0
1674,1677,2280,0,0,1,46320
1671,2280,2281,0,0,1
1695,1672,2282,0,0,1
1693,2282,2283,0,0,1
1668,2283,2284,0,0,1
1666,1669,2285,0,0,1
1664,2285,2286,0,0,1
1658,1662,2287,0,0,1
1655,1659,2288,0,0,1
1684,1656,2289,0,0,1
1653,2289,2290,0,0,1
1650,2290,2291,0,0,1
1682,1651,2292,0,0,1
1648,2292,2293,0,0,1
1646,2293,2294,0,0,1
1644,2294,2295,0,0,1
1642,2295,2296,0,0,1
1640,2296,2297,0,0,1
1637,2297,2298,0,0,1
1634,1638,2299,0,0,1
1632,1635,2300,0,0,1
1630,2300,2301,0,0,1
1628,2301,2302,0,0,1
1626,2302,2303,0,0,1
1624,2303,2304,0,0,1
1621,2304,2305,0,0,1
1619,1622,2306,0,0,1
1617,2306,2307,0,0,1
1615,2307,2308,0,0,1
1613,2308,2309,0,0,1
1611,2309,2310,0,0,1
1609,2310,2311,0,0,1
1604,1607,2312,0,0,1
1761,2312,2313,0,0,1
813,2313,2314,0,0,1
810,2314,2315,0,0,1
808,811,2316,0,0,1
802,806,2317,0,0,1
799,803,2318,0,0,1
797,800,2319,0,0,1
2320,2319,2321,1,0,1
2322,2321,2323,1,0,1
2281,2323,2324,0,0,1
2284,2324,2325,0,0,1
2286,2325,2326,0,0,1
1661,2326,2327,0,0,1
2287,2327,2328,0,0,1
2288,2328,2329,0,0,1
2291,2329,2330,0,0,1
2298,2330,2331,0,0,1
2299,2331,2332,0,0,1
2305,2332,2333,0,0,1
2315,2311,2334,0,0,1
2316,2334,2335,0,0,1
2317,805,2336,0,0,1
2318,2336,2337,0,0,1
2333,2337,2335,0,0,0
2252,2166,2338,1,1,1,9237
2339,2338,2340,1,0,1
2341,2340,2342,1,0,1
2343,2344,2345,1,1,1
2346,2345,2347,1,0,1
2348,2347,2349,1,0,1
2350,2349,2351,1,0,1
2352,2351,2353,1,0,1
2164,2353,2342,1,0,0
2354,2257,2355,1,1,1,9235
2356,2355,2357,1,0,1
2341,2344,2358,0,0,1
2254,2339,2359,1,0,1
2357,2359,2358,0,0,0
2005,1882,2360,1,0,1,1028
1886,2360,2361,0,0,1
1887,2361,2362,0,0,1
1967,2362,2363,0,0,1
1965,2363,1884,0,0,0
2364,2213,2365,1,0,1,1042
2366,2365,2367,1,0,1
2220,2368,2369,0,1,1
2221,2369,2370,0,0,1
2217,2370,2371,0,0,1
2215,2218,2372,0,0,1
2367,2372,2371,0,0,0
1851,1700,2373,0,0,1,1025
1849,2373,2374,0,0,1
2375,2376,2377,1,1,1
2378,2377,2379,1,0,1
2380,2379,2381,1,0,1
2382,2383,2384,1,1,1
1702,2384,2385,0,0,1
2374,2385,2381,0,0,0
1840,1867,2386,0,0,1,37888
1841,2386,2387,0,0,1
1861,2387,2388,0,0,1
1838,2388,2389,0,0,1
1832,1834,2390,0,0,1
2391,2390,2392,1,0,1
2393,2392,2394,1,0,1
2395,2396,2397,1,1,1
2398,2397,2399,1,0,1
2400,2399,2401,1,0,1
2402,2401,2403,1,0,1
2404,2403,2405,1,0,1
2406,2405,2407,1,0,1
1715,2407,2408,0,0,1
1713,2408,2409,0,0,1
1711,2409,2410,0,0,1
1709,2410,2411,0,0,1
1706,2411,2412,0,0,1
2413,2412,2414,1,0,1
2375,2414,2415,0,0,1
1846,2376,2416,0,0,1
1847,2416,2417,0,0,1
1843,2417,2418,0,0,1
2389,1844,2419,0,0,1
1836,2419,2420,0,0,1
2394,2420,2421,0,0,1
2415,2421,2418,0,0,0
2422,2423,2424,1,1,1,1043
2364,2366,2425,0,0,1
2211,2425,2424,0,0,0
2378,2380,2426,0,0,1,1026
2413,2426,2427,0,0,1
1707,2427,2428,0,0,1
2382,1704,2429,0,0,1
2383,2429,2428,0,0,0
2275,2278,2430,0,0,1,9220
2196,2276,2431,0,0,1
2432,2431,2433,1,0,1
2434,2433,2435,1,0,1
2265,2435,2430,0,0,0
2434,2267,2436,0,0,1,1027
2437,2436,2438,1,0,1
2439,2438,2440,1,0,1
2441,2440,2442,1,0,1
2443,2444,2445,1,1,1
2446,2445,2447,1,0,1
2448,2449,2450,1,1,1
2451,2450,2452,1,0,1
2453,2452,2454,1,0,1
2455,2456,2457,1,1,1
2458,2457,2459,1,0,1
2460,2459,2461,1,0,1
2462,2463,2464,1,1,1
2465,2464,2466,1,0,1
2467,2468,2469,1,1,1
2470,2469,2471,1,0,1
2472,2471,2473,1,0,1
2474,2473,2475,1,0,1
2476,2477,2478,1,1,1
2085,2478,2479,0,0,1
2082,2479,2480,0,0,1
2481,2242,2482,1,0,1
2483,2482,2484,1,0,1
2442,2485,2486,0,1,1
2447,2486,2487,0,0,1
2488,2487,2489,1,0,1
2454,2489,2490,0,0,1
2475,2466,2491,0,0,1
2480,2491,2492,0,0,1
2244,2492,2493,0,0,1
2484,2241,2494,0,0,1
2490,2495,2496,0,1,1
2461,2496,2497,0,0,1
2493,2497,2494,0,0,0
2352,2162,2498,0,1,1,9221
2499,2498,2500,1,0,1
2501,2500,2502,1,0,1
2503,2502,2504,1,0,1
2505,2504,2506,1,0,1
2507,2508,2509,1,1,1
2510,2511,2512,1,1,1
2513,2512,2514,1,0,1
2515,2514,2516,1,0,1
2517,2516,2518,1,0,1
2519,2518,2520,1,0,1
2521,2520,2522,1,0,1
2523,2522,2524,1,0,1
2525,2524,2526,1,0,1
2527,2526,2528,1,0,1
2529,2528,2530,1,0,1
2531,2530,2532,1,0,1
2533,2534,2535,1,1,1
2536,2537,2538,1,1,1
2432,2437,2539,0,0,1
2193,2539,2540,0,0,1
2506,2540,2541,0,0,1
2509,2541,2542,0,0,1
2532,2543,2544,0,1,1
2535,2544,2545,0,0,1
2538,2545,2542,0,0,0
2495,2485,2546,0,0,1,1028
2483,2546,2547,0,0,1
2481,2547,2548,0,0,1
2238,2548,2269,0,0,0
2348,2350,2549,0,0,1,9220
2550,2549,2551,1,0,1
2552,2551,2553,1,0,1
2554,2553,2499,1,0,0
2092,2230,2555,0,0,1,9220
2089,2555,2556,0,0,1
2087,2556,2557,0,0,1
2558,2559,2560,1,1,1
2561,2560,2562,1,0,1
2563,2562,2564,1,0,1
2565,2564,2566,1,0,1
2567,2566,2568,1,0,1
2569,2570,2571,1,1,1
2572,2571,2573,1,0,1
2233,2573,2574,0,0,1
2557,2574,2575,0,0,1
2476,2575,2568,0,0,0
2572,2232,2576,0,0,1,9220
2577,2576,2578,1,0,1
2579,2578,2580,1,0,1
2581,2580,2582,1,0,1
2583,2584,2585,1,1,1
2586,2585,2587,1,0,1
1915,2587,2588,0,0,1
1913,2588,2582,0,0,0
2589,2554,2590,1,0,1,9220
2591,2590,2592,1,0,1
2593,2592,2594,1,0,1
2503,2594,2501,0,0,0
1974,1922,2595,0,0,1,1028
1919,2595,2596,0,0,1
1917,2596,2597,0,0,1
2586,2597,2598,0,0,1
2599,2598,2600,1,0,1
1930,2601,2602,0,1,1
1926,2602,2603,0,0,1
1927,2603,2604,0,0,1
1924,2604,2605,0,0,1
1921,2605,2600,0,0,0
2536,2439,2606,0,0,1,1028
2607,2537,2608,1,0,1
2449,2608,2609,0,0,1
2446,2488,2610,0,0,1
2441,2444,2611,0,0,1
2606,2611,2612,0,0,1
2610,2609,2613,0,0,1
2443,2613,2612,0,0,0
2569,2577,2614,0,0,1,9221
2567,2570,2615,0,0,1
2616,2617,2618,1,1,1
2619,2620,2621,1,1,1
2622,2621,2623,1,0,1
2624,2625,2626,1,1,1
2627,2626,2628,1,0,1
2629,2630,2631,1,1,1
2632,2633,2634,1,1,1
2635,2636,2637,1,1,1
2638,2637,2639,1,0,1
2640,2641,2642,1,1,1
2643,2644,2645,1,1,1
2646,2645,2647,1,0,1
2648,2647,2649,1,0,1
2650,2649,2651,1,0,1
2652,2651,2653,1,0,1
2654,2653,2655,1,0,1
2656,2657,2658,1,1,1
2659,2658,2660,1,0,1
2661,2660,2662,1,0,1
2663,2662,2664,1,0,1
2665,2664,2666,1,0,1
2667,2666,2668,1,0,1
2669,2670,2671,1,1,1
2672,2673,2674,1,1,1
2675,2674,2676,1,0,1
2677,2678,2679,1,1,1
2680,2679,2681,1,0,1
2682,2681,2683,1,0,1
2684,2685,2686,1,1,1
1932,2687,2688,0,1,1
2689,2688,2690,1,0,1
2584,2691,2692,0,1,1
2581,2692,2693,0,0,1
2614,2579,2694,0,0,1
2615,2694,2695,0,0,1
2565,2695,2696,0,0,1
2618,2696,2697,0,0,1
2623,2698,2699,0,1,1
2631,2628,2700,0,0,1
2634,2700,2701,0,0,1
2642,2639,2702,0,0,1
2655,2702,2703,0,0,1
2668,2704,2705,0,1,1
2683,2676,2706,0,0,1
2686,2706,2707,0,0,1
2690,2708,2709,0,1,1
2693,2709,2710,0,0,1
2697,2710,2711,0,0,1
2699,2711,2712,0,0,1
2713,2712,2714,1,0,1
2703,2701,2715,0,0,1
2705,2715,2716,0,0,1
2717,2716,2718,1,0,1
2671,2718,2719,0,0,1
2707,2719,2714,0,0,0
2720,2533,2721,1,0,1,9220
2448,2721,2607,0,0,0
2593,2505,2722,0,0,1,9222
2723,2722,2724,1,0,1
2511,2724,2725,0,0,1
2507,2543,2726,0,0,1
2508,2726,2725,0,0,0
2599,2601,2727,0,0,1,9220
2583,2727,2728,0,0,1
2691,2728,2729,0,0,1
2689,2729,2730,0,0,1
1933,2730,2731,0,0,1
1976,2731,2732,0,0,1
1984,2732,1929,0,0,0
2733,2453,2734,1,0,1,9220
2735,2734,2736,1,0,1
2737,2736,2738,1,0,1
2739,2738,2740,1,0,1
2741,2740,2742,1,0,1
2743,2742,2744,1,0,1
2745,2744,2746,1,0,1
2747,2746,2456,1,0,0
2534,2720,2748,0,0,1,9220
2531,2748,2749,0,0,1
2529,2749,2750,0,0,1
2751,2752,2753,1,1,1
2754,2755,2756,1,1,1
2735,2757,2758,0,1,1
2733,2758,2759,0,0,1
2451,2759,2760,0,0,1
2753,2750,2761,0,0,1
2756,2761,2760,0,0,0
2458,2460,2762,0,0,1,1028
2455,2762,2763,0,0,1
2747,2763,2764,0,0,1
2462,2765,2766,0,1,1
2463,2766,2764,0,0,0
2767,2768,2769,1,1,1,9221
2770,2771,2772,1,1,1
2773,2772,2774,1,0,1
2775,2774,2776,1,0,1
2777,2776,2778,1,0,1
2779,2778,2780,1,0,1
2781,2780,2782,1,0,1
2783,2782,2784,1,0,1
2741,2784,2785,0,0,1
2739,2785,2769,0,0,0
170,167,2786,1,1,1,37888
173,2786,2787,1,0,1
172,2787,2788,1,0,1
176,2788,2789,1,0,1
175,2789,2790,1,0,1
178,2790,2791,1,0,1
1797,2791,2792,0,0,1
2793,2792,2794,1,0,1
2795,2794,2796,1,0,1
1791,2796,168,0,0,1
2391,2393,2797,0,0,1,1025
1830,2797,2798,0,0,1
1824,1828,2799,0,0,1
1825,2799,2800,0,0,1
634,1822,2801,0,0,1
628,632,2802,0,0,1
629,2802,2803,0,0,1
626,2803,2804,0,0,1
624,2804,2805,0,0,1
656,618,2806,0,0,1
663,2806,2807,0,0,1
611,615,2808,0,0,1
612,2808,2809,0,0,1
608,2809,2810,0,0,1
609,2810,2811,0,0,1
604,606,2812,0,0,1
598,602,2813,0,0,1
590,594,2814,0,0,1
587,591,2815,0,0,1
669,588,2816,0,0,1
583,585,2817,0,0,1
2818,2817,2819,1,0,1
2820,2819,2821,1,0,1
2822,2821,2823,1,0,1
2824,2825,2826,1,1,1
2827,2826,2828,1,0,1
2829,2830,2831,1,1,1
2832,2831,2833,1,0,1
2834,2833,2835,1,0,1
2836,2837,2838,1,1,1
2839,2838,2840,1,0,1
2841,2840,2842,1,0,1
2843,2844,2845,1,1,1
1741,2845,2846,0,0,1
1738,1742,2847,0,0,1
1786,1739,2848,0,0,1
1736,2848,2849,0,0,1
1732,1734,2850,0,0,1
2851,2850,2852,1,0,1
2853,2852,2854,1,0,1
2855,2856,2857,1,1,1
506,2858,2859,0,1,1
503,2859,2860,0,0,1
500,2860,2861,0,0,1
497,501,2862,0,0,1
550,498,2863,0,0,1
544,2863,2864,0,0,1
495,2864,2865,0,0,1
492,2865,2866,0,0,1
493,2866,2867,0,0,1
490,2867,2868,0,0,1
488,2868,2869,0,0,1
483,486,2870,0,0,1
481,2870,2871,0,0,1
476,479,2872,0,0,1
474,477,2873,0,0,1
468,472,2874,0,0,1
1717,533,2875,0,0,1
1718,2875,2876,0,0,1
2406,2876,2877,0,0,1
2402,2404,2878,0,0,1
2398,2400,2879,0,0,1
2807,617,2880,0,0,1
614,2880,2881,0,0,1
2811,2881,2882,0,0,1
2814,593,2883,0,0,1
2815,2883,2884,0,0,1
2816,2884,2885,0,0,1
2823,2885,2886,0,0,1
2828,2886,2887,0,0,1
2888,2887,2889,1,0,1
2835,2889,2890,0,0,1
2847,2846,2891,0,0,1
2849,2891,2892,0,0,1
2854,2892,2893,0,0,1
2861,2857,2894,0,0,1
2869,2862,2895,0,0,1
485,2895,2896,0,0,1
2871,2896,2897,0,0,1
2874,471,2898,0,0,1
2877,536,2899,0,0,1
2878,2899,2900,0,0,1
2879,2900,2901,0,0,1
2882,620,2902,0,0,1
2812,2902,2903,0,0,1
2890,596,2904,0,0,1
2842,2904,2905,0,0,1
2894,2906,2907,0,1,1
2901,535,2908,0,0,1
2395,2908,2909,0,0,1
2396,2909,2910,0,0,1
2903,622,2911,0,0,1
601,2911,2912,0,0,1
2905,599,2913,0,0,1
2893,2913,2914,0,0,1
2907,2914,2915,0,0,1
2910,538,2916,0,0,1
2912,2805,2917,0,0,1
2915,2813,2918,0,0,1
2916,469,2919,0,0,1
2798,2919,2920,0,0,1
1827,2920,2921,0,0,1
2800,2921,2922,0,0,1
2918,2917,2923,0,0,1
2897,2923,2924,0,0,1
2922,2898,2925,0,0,1
2924,631,2926,0,0,1
2872,2926,2927,0,0,1
2925,2873,2928,0,0,1
2801,2928,2927,0,0,0
2474,2477,2929,0,0,1,9220
2472,2929,2930,0,0,1
2931,2932,2933,1,1,1
2934,2935,2936,1,1,1
2937,2936,2938,1,0,1
2939,2938,2940,1,0,1
2941,2940,2942,1,0,1
2943,2944,2945,1,1,1
2946,2945,2947,1,0,1
2948,2947,2949,1,0,1
2558,2949,2950,0,0,1
2559,2950,2951,0,0,1
2933,2470,2952,0,0,1
2942,2952,2953,0,0,1
2954,2953,2955,1,0,1
2951,2956,2957,0,1,1
2930,2957,2955,0,0,0
2617,2563,2958,1,1,1,1028
2959,2958,2960,1,0,1
2961,2960,2962,1,0,1
2622,2963,2964,1,1,1
2713,2964,2965,1,0,1
2625,2965,2966,1,0,1
2967,2966,2968,1,0,1
2969,2970,2971,1,1,1
2972,2973,2974,1,1,1
2975,2976,2977,1,1,1
2978,2979,2980,1,1,1
2981,2982,2983,1,1,1
2984,2985,2986,1,1,1
2987,2986,2988,1,0,1
2989,2990,2991,1,1,1
2992,2991,2993,1,0,1
2994,2993,2995,1,0,1
2996,2994,2997,1,0,1
2998,2997,2999,1,0,1
3000,2999,3001,1,0,1
3002,3003,3004,1,1,1
3005,3004,3006,1,0,1
3007,3006,3008,1,0,1
3009,3010,3011,1,1,1
3012,3013,3014,1,1,1
2946,3015,3016,1,1,1
2561,2948,3017,1,1,1
2962,3017,3018,0,0,1
2968,3018,3019,0,0,1
2971,3019,3020,0,0,1
2977,2974,3021,0,0,1
2980,3021,3022,0,0,1
2988,2983,3023,0,0,1
2995,3023,3024,0,0,1
3001,3024,3025,0,0,1
3008,3025,3026,0,0,1
3011,3026,3027,0,0,1
3028,3027,3029,1,0,1
3014,3029,3030,0,0,1
3020,3016,3031,0,0,1
3022,3031,3030,0,0,0
2754,2757,3032,0,0,1,13316
2751,2755,3033,0,0,1
3034,3033,3035,1,0,1
3036,3035,3037,1,0,1
3038,3039,3040,1,1,1
3041,3040,3042,1,0,1
3043,3042,3044,1,0,1
2770,3044,3045,0,0,1
2767,2771,3046,0,0,1
2737,2768,3047,0,0,1
3032,3047,3048,0,0,1
3037,3048,3049,0,0,1
3045,3049,3046,0,0,0
2795,1793,3050,0,0,1,1025
2793,3050,1795,0,0,0
2708,2687,3051,0,0,1,13316
2684,3051,3052,0,0,1
2682,2685,3053,0,0,1
3054,3053,3055,1,0,1
3056,3055,3057,1,0,1
3058,3057,3059,1,0,1
3060,3059,3061,1,0,1
1937,3061,3062,0,0,1
1935,3062,3052,0,0,0
2745,2765,3063,0,0,1,9220
3064,3063,3065,1,0,1
3066,3065,3067,1,0,1
3068,3067,3069,1,0,1
3070,3069,3071,1,0,1
3072,3073,3074,1,1,1
3075,3074,3076,1,0,1
2935,3076,3077,0,0,1
2931,3077,3078,0,0,1
2467,2932,3079,0,0,1
2465,2468,3080,0,0,1
3071,3080,3081,0,0,1
3078,3081,3079,0,0,0
2783,2743,3082,0,0,1,13316
2781,3082,3083,0,0,1
2777,2779,3084,0,0,1
3085,3084,3086,1,0,1
3087,3086,3088,1,0,1
3089,3088,3090,1,0,1
3091,3092,3093,1,1,1
3064,3093,3094,0,0,1
3083,3094,3090,0,0,0
2959,2616,3095,1,0,1,9220
2963,2961,3096,1,1,1
2619,3096,3097,0,0,1
2620,3097,3098,0,0,1
2698,3098,3095,0,0,0
3060,1939,3099,0,0,1,9220
3056,3058,3100,0,0,1
3101,3100,3102,1,0,1
3103,3104,3105,1,1,1
3106,3105,3107,1,0,1
3108,3107,3109,1,0,1
3110,3109,3111,1,0,1
1942,3111,3112,0,0,1
3099,3112,3102,0,0,0
3091,3066,3113,0,0,1,9221
3089,3092,3114,0,0,1
3115,3114,3116,1,0,1
3117,3116,3118,1,0,1
3119,3118,3120,1,0,1
3121,3120,3122,1,0,1
3072,3122,3123,0,0,1
3073,3123,3124,0,0,1
3070,3124,3125,0,0,1
3068,3125,3113,0,0,0
2527,2752,3126,0,0,1,9220
3127,3126,3128,1,0,1
3129,3128,3130,1,0,1
3038,3130,3131,0,0,1
3039,3131,3132,0,0,1
3036,3132,3034,0,0,0
3133,2519,3134,1,0,1,9222
3135,3134,3136,1,0,1
3137,3136,3138,1,0,1
2523,3139,3140,0,1,1
3138,2521,3141,0,0,1
3142,3141,3140,1,0,0
3143,3144,3145,1,1,1,13332
3146,3145,3147,1,0,1
3148,3147,3149,1,0,1
3133,3150,3151,0,1,1
2517,3151,3152,0,0,1
2515,3152,3149,0,0,0
2954,2956,3153,0,0,1,9221
2941,3153,3154,0,0,1
2937,2939,3155,0,0,1
3156,3157,3158,1,1,1
3159,3158,3160,1,0,1
3161,3160,3162,1,0,1
3163,3162,3164,1,0,1
3012,3165,3166,1,1,1
3015,3166,3167,1,0,1
2943,3167,3168,0,0,1
2944,3168,3169,0,0,1
3154,3169,3170,0,0,1
3155,3170,3164,0,0,0
3171,3150,3172,1,0,1,9239
3173,3172,3174,1,0,1
3175,3174,3176,1,0,1
3177,3176,3178,1,0,1
3179,3180,3181,1,1,1
3137,3181,3182,0,0,1
3178,3135,3183,0,0,1
3184,3183,3182,1,0,0
529,1721,3185,0,0,1,1025
527,3185,3186,0,0,1
525,3186,3187,0,0,1
523,3187,3188,0,0,1
518,521,3189,0,0,1
516,3189,3190,0,0,1
514,3190,3191,0,0,1
1783,3191,3192,0,0,1
3188,1776,3193,0,0,1
520,3193,3192,0,0,0
2773,2775,3194,0,0,1,1028
3043,3194,3195,0,0,1
3129,3041,3196,0,0,1
3197,3196,3198,1,0,1
3199,3198,3200,1,0,1
3201,3200,3202,1,0,1
3203,3202,3204,1,0,1
3087,3205,3206,0,1,1
3195,3085,3207,0,0,1
3204,3207,3206,0,0,0
3208,3146,3209,1,0,1,13332
3210,3209,3211,1,0,1
3212,3211,3213,1,0,1
3214,3215,3216,1,1,1
3171,3216,3217,0,0,1
3148,3217,3213,0,0,0
3142,3139,3218,0,0,1,9221
3179,3218,3219,0,0,1
3220,3219,3221,1,0,1
3222,3221,3223,1,0,1
3224,3223,3225,1,0,1
3197,3225,3226,0,0,1
3127,3226,2525,0,0,0
3205,3115,3227,0,0,1,9221
3203,3227,3228,0,0,1
3229,3228,3230,1,0,1
3231,3230,3232,1,0,1
3233,3232,3234,1,0,1
3235,3234,3236,1,0,1
3237,3238,3239,1,1,1
3240,3239,3241,1,0,1
3117,3242,3243,0,1,1
3241,3236,3244,0,0,1
3245,3244,3243,1,0,0
3246,3106,3247,1,0,1,1027
3248,3249,3250,1,1,1
3251,3250,3252,1,0,1
3253,3252,3254,1,0,1
3255,3254,3256,1,0,1
3257,3256,3258,1,0,1
3259,3258,3260,1,0,1
3261,3262,3263,1,1,1
3264,3265,3266,1,1,1
3267,3266,3268,1,0,1
3269,3268,3270,1,0,1
3271,3272,3273,1,1,1
3274,3273,3275,1,0,1
3276,3275,3277,1,0,1
3278,3279,3280,1,1,1
3281,3282,3283,1,1,1
3284,3283,3285,1,0,1
3286,3285,3287,1,0,1
3288,3287,3289,1,0,1
3108,3289,3290,0,0,1
3247,3290,3291,0,0,1
3260,3291,3292,0,0,1
3263,3292,3293,0,0,1
3277,3270,3294,0,0,1
3280,3294,3293,0,0,0
3054,3101,3295,0,0,1,9220
3296,3295,3297,1,0,1
3246,3298,3299,0,1,1
3103,3299,3300,0,0,1
3104,3300,3297,0,0,0
3180,3220,3301,0,0,1,9237
3302,3301,3303,1,0,1
3304,3303,3305,1,0,1
3306,3307,3308,1,1,1
3309,3308,3310,1,0,1
3199,3310,3311,0,0,1
3224,3311,3312,0,0,1
3222,3312,3305,0,0,0
3163,3165,3313,0,0,1,9220
3161,3313,3314,0,0,1
3159,3314,3315,0,0,1
3316,3156,3317,1,0,1
3009,3317,3318,1,0,1
3028,3318,3319,1,0,1
3013,3319,3315,1,0,0
3320,3212,3321,1,0,1,13333
3322,3323,3324,1,1,1
3325,3326,3327,1,1,1
3173,3328,3329,0,1,1
3214,3329,3330,0,0,1
3321,3215,3331,0,0,1
3324,3331,3332,0,0,1
3327,3332,3330,0,0,0
3121,3075,3333,0,0,1,9221
3242,3119,3334,0,0,1
3335,3334,3336,1,0,1
3337,3336,3338,1,0,1
3339,3338,3340,1,0,1
3341,3340,3342,1,0,1
3010,3342,3343,1,0,1
3316,3343,3344,0,0,1
3157,3344,3345,0,0,1
2934,3345,3333,0,0,0
3240,3245,3346,0,0,1,9222
3237,3346,3347,0,0,1
3348,3347,3349,1,0,1
3350,3349,3335,1,0,0
3309,3201,3351,0,0,1,9221
3352,3351,3353,1,0,1
3354,3355,3356,1,1,1
3229,3357,3358,0,1,1
3353,3358,3356,0,0,0
3184,3302,3359,0,0,1,9238
3328,3175,3360,0,0,1
3325,3360,3361,0,0,1
3326,3361,3362,0,0,1
3322,3362,3363,0,0,1
3364,3363,3365,1,0,1
3366,3365,3367,1,0,1
3307,3367,3368,0,0,1
3359,3304,3369,0,0,1
3177,3369,3368,0,0,0
2680,3296,3370,0,0,1,9220
2675,2678,3371,0,0,1
3372,2672,3373,1,0,1
3248,3373,3374,0,0,1
3249,3374,3375,0,0,1
3370,3298,3376,0,0,1
2677,3376,3377,0,0,1
3371,3377,3375,0,0,0
3378,3350,3379,1,0,1,9222
3380,3381,3382,1,1,1
3383,3382,3384,1,0,1
3385,3384,3386,1,0,1
3387,3386,3388,1,0,1
3389,3388,3390,1,0,1
3339,3391,3392,0,1,1
3379,3337,3393,0,0,1
3390,3393,3394,0,0,1
3395,3394,3392,1,0,0
3235,3238,3396,0,0,1,9222
3397,3396,3398,1,0,1
3399,3398,3400,1,0,1
3401,3400,3402,1,0,1
3380,3402,3403,0,0,1
3381,3403,3404,0,0,1
3378,3404,3348,0,0,0
3354,3357,3405,0,0,1,9222
3406,3407,3408,1,1,1
3409,3408,3410,1,0,1
3411,3410,3412,1,0,1
3397,3413,3414,0,1,1
3233,3414,3415,0,0,1
3231,3415,3416,0,0,1
3405,3416,3412,0,0,0
3364,3366,3417,0,0,1,9238
3418,3417,3419,1,0,1
3420,3419,3421,1,0,1
3422,3423,3424,1,1,1
3425,3426,3427,1,1,1
3352,3427,3428,0,0,1
3306,3428,3429,0,0,1
3421,3429,3424,0,0,0
2967,2624,3430,1,0,1,9220
2970,3430,3431,1,0,1
2969,3431,3432,1,0,1
2976,2972,3433,1,1,1
2636,3433,3434,0,0,1
2632,3434,3435,0,0,1
2629,2633,3436,0,0,1
2627,2630,3437,0,0,1
3432,3437,3438,0,0,1
2973,3438,3439,1,0,1
3435,3439,3436,0,0,0
3395,3391,3440,0,0,1,9220
3441,3440,3442,1,0,1
3000,3443,3444,1,1,1
3003,3444,3445,1,0,1
3002,3445,3446,1,0,1
3007,3005,3447,1,1,1
3341,3447,3448,0,0,1
3442,3448,3446,0,0,0
3449,3323,3450,1,0,1,9238
3451,3450,3452,1,0,1
3453,3452,3454,1,0,1
3420,3454,3418,0,0,0
3257,3259,3455,0,0,1,1028
3253,3255,3456,0,0,1
3457,3456,3458,1,0,1
3459,3458,3460,1,0,1
3261,3265,3461,0,0,1
3262,3461,3462,0,0,1
3455,3462,3460,0,0,0
3413,3399,3463,0,0,1,13318
3411,3463,3464,0,0,1
182,1800,3465,1,0,1,37888
186,184,3466,1,1,1
188,3466,3467,1,0,1
191,3467,3468,1,0,1
190,3468,3469,1,0,1
196,193,3470,1,1,1
1804,195,3471,0,1,1
1802,1805,3472,0,0,1
3465,3472,3473,0,0,1
3469,3473,3474,0,0,1
3470,3474,3471,0,0,0
2669,2673,3475,0,0,1,9221
3476,3475,3477,1,0,1
3478,3477,3479,1,0,1
3480,3481,3482,1,1,1
3483,3482,3484,1,0,1
3485,3484,3486,1,0,1
3487,3486,3488,1,0,1
3489,3488,3490,1,0,1
3457,3490,3491,0,0,1
3251,3491,3492,0,0,1
3372,3492,3479,0,0,0
3401,3383,3493,0,0,1,9223
3464,3493,3494,0,0,1
3406,3409,3495,0,0,1
3496,3495,3497,1,0,1
3498,3497,3499,1,0,1
3500,3499,3501,1,0,1
3502,3501,3503,1,0,1
3504,3503,3505,1,0,1
3506,3505,3507,1,0,1
3508,3507,3494,1,0,0
3425,3355,3509,0,0,1,9239
3510,3509,3511,1,0,1
3512,3511,3513,1,0,1
3514,3513,3515,1,0,1
3496,3515,3407,0,0,0
3422,3426,3516,0,0,1,9239
3423,3516,3517,0,0,1
3453,3517,3518,0,0,1
3451,3518,3519,0,0,1
3520,3519,3521,1,0,1
3522,3523,3524,1,1,1
3525,3524,3526,1,0,1
3527,3526,3528,1,0,1
3510,3528,3521,0,0,0
3529,3530,3531,1,1,1,9220
3532,3531,3533,1,0,1
3534,3533,3535,1,0,1
3536,3535,3537,1,0,1
3538,3537,3539,1,0,1
3502,3539,3540,1,0,1
3541,3540,3542,1,0,1
3543,3544,3545,1,1,1
3387,3545,3546,1,0,1
3547,3389,3548,1,1,1
3549,3548,3550,1,0,1
2998,3550,3551,0,0,1
3552,3551,3553,1,0,1
3554,3553,3555,1,0,1
3556,3555,3557,1,0,1
3542,3558,3559,0,1,1
3546,3559,3557,0,0,0
3508,3385,3560,0,0,1,17414
3506,3560,3561,0,0,1
3504,3561,3562,0,0,1
3544,3541,3563,1,1,1
3543,3563,3562,1,0,0
3527,3512,3564,0,0,1,9239
3565,3566,3567,1,1,1
3568,3567,3569,1,0,1
3570,3569,3571,1,0,1
3572,3573,3574,1,1,1
3575,3574,3576,1,0,1
3498,3576,3577,0,0,1
3514,3577,3578,0,0,1
3564,3578,3571,0,0,0
2717,2670,3579,0,0,1,9220
3580,3579,3581,1,0,1
3478,3481,3582,0,0,1
3476,3582,3581,0,0,0
3583,3584,3585,1,1,1,1027
3586,3585,3587,1,0,1
3588,3587,3589,1,0,1
3590,3589,3591,1,0,1
3592,3591,3593,1,0,1
3522,3525,3594,0,0,1,17430
3595,3523,3596,1,0,1
3597,3596,3598,1,0,1
3599,3598,3600,1,0,1
3601,3600,3602,1,0,1
3565,3602,3603,0,0,1
3566,3603,3594,0,0,0
3568,3570,3604,0,0,1,17430
3601,3604,3605,0,0,1
3599,3605,3606,0,0,1
3607,3608,3609,1,1,1
3610,3609,3611,1,0,1
3572,3612,3613,0,1,1
3606,3573,3614,0,0,1
3611,3614,3613,0,0,0
3489,3459,3615,0,0,1,9220
3616,3487,3617,1,0,1
3618,3617,3619,1,0,1
3620,3621,3622,1,1,1
3623,3622,3624,1,0,1
3625,3624,3626,1,0,1
3627,3626,3628,1,0,1
3629,3628,3630,1,0,1
3631,3630,3632,1,0,1
3267,3632,3633,0,0,1
3264,3633,3634,0,0,1
3615,3634,3619,0,0,0
3612,3575,3635,0,0,1,17430
3610,3635,3636,0,0,1
3607,3636,3637,0,0,1
3536,3638,3639,1,1,1
3538,3639,3640,1,0,1
3500,3640,3637,0,0,0
2979,2975,3641,1,1,1,9220
2982,2978,3642,1,1,1
2985,2981,3643,1,1,1
3644,2984,3645,1,1,1
2644,3645,3646,0,0,1
2640,3646,3647,0,0,1
2638,2641,3648,0,0,1
2635,3648,3649,0,0,1
3641,3649,3650,0,0,1
3642,3650,3651,0,0,1
3643,3651,3647,0,0,0
3652,3485,3653,1,0,1,9221
3654,3653,3655,1,0,1
3656,3655,3657,1,0,1
3658,3657,3659,1,0,1
3660,3661,3662,1,1,1
3620,3662,3663,0,0,1
3618,3621,3664,0,0,1
3616,3664,3665,0,0,1
3659,3665,3663,0,0,0
2996,3552,3666,0,0,1,9220
3631,3269,3667,0,0,1,1027
3668,3629,3669,1,0,1
3670,3669,3671,1,0,1
3672,3673,3674,1,1,1
3675,3674,3676,1,0,1
3677,3678,3679,1,1,1
3680,3679,3681,1,0,1
3682,3681,3683,1,0,1
3684,3683,3685,1,0,1
3686,3685,3687,1,0,1
3688,3687,3689,1,0,1
3690,3691,3692,1,1,1
3693,3694,3695,1,1,1
3667,3695,3696,0,0,1
3671,3696,3697,0,0,1
3676,3697,3698,0,0,1
3689,3698,3692,0,0,0
3699,3700,3701,1,1,1,9221
3702,3703,3704,1,1,1
3705,3704,3706,1,0,1
3707,3706,3708,1,0,1
3709,3708,3710,1,0,1
3711,3710,3712,1,0,1
3713,3714,3715,1,1,1
2989,3715,3716,1,0,1
3701,3716,3712,0,0,0
2667,3580,3717,0,0,1,13316
2663,2665,3718,0,0,1
3719,3718,3720,1,0,1
3656,3720,3721,0,0,1
3654,3721,3722,0,0,1
3483,3652,3723,0,0,1
3717,3480,3724,0,0,1
3722,3724,3723,0,0,0
3713,2990,3725,0,1,1,9221
3714,3725,3726,0,0,1
3711,3726,3727,0,0,1
3709,3727,3728,0,0,1
3729,3728,3730,1,0,1
3731,3730,3732,1,0,1
3644,2643,3733,0,0,1
2987,3733,3732,1,0,0
3734,3735,3736,1,1,1,1027
3737,3736,3738,1,0,1
3739,3738,3740,1,0,1
3741,3740,3742,1,0,1
3743,3744,3745,1,1,1
3746,3745,3747,1,0,1
3748,3747,3749,1,0,1
3750,3749,3742,1,0,0
3597,3608,3751,0,0,1,9236
3752,3753,3754,1,1,1
3755,3754,3756,1,0,1
3757,3756,3758,1,0,1
3759,3758,3760,1,0,1
3638,3534,3761,0,1,1
3751,3761,3760,0,0,0
3762,3763,3764,1,1,1,1043
727,3765,3766,0,1,1
724,3766,3767,0,0,1
3768,3767,3769,1,0,1
3770,3769,3771,1,0,1
3772,3771,3773,1,0,1
3774,3773,3775,1,0,1
3752,3775,3776,1,0,1
3757,3755,3777,1,1,1
3778,3779,3780,1,1,1
3781,3780,3782,1,0,1
3783,3784,3785,1,1,1
3764,3786,3787,0,1,1
3776,3788,3789,0,1,1
3782,3777,3790,0,0,1
3785,3790,3791,0,0,1
3792,3791,3793,1,0,1
3794,3793,3795,1,0,1
3787,3795,3789,0,0,0
3729,3731,3796,0,0,1,13317
3707,3796,3797,0,0,1
3705,3797,3798,0,0,1
3799,3798,3800,1,0,1
3801,3802,3803,1,1,1
2648,3803,3804,0,0,1
2646,3804,3800,0,0,0
3805,3627,3806,1,0,1,9220
3807,3806,3808,1,0,1
3809,3810,3811,1,1,1
3812,3811,3813,1,0,1
3814,3815,3816,1,1,1
3817,3816,3818,1,0,1
3819,3818,3820,1,0,1
3673,3820,3821,0,0,1
3670,3821,3822,0,0,1
3808,3668,3823,0,0,1
3813,3823,3822,0,0,0
3623,3625,3824,0,0,1,9221
3660,3824,3825,0,0,1
3826,3827,3828,1,1,1
3829,3830,3831,1,1,1
3672,3831,3832,0,0,1
3819,3832,3833,0,0,1
3817,3833,3834,0,0,1
3835,3834,3836,1,0,1
3837,3836,3838,1,0,1
3839,3838,3840,1,0,1
3841,3842,3843,1,1,1
3844,3845,3846,1,1,1
3805,3846,3847,0,0,1
3825,3847,3848,0,0,1
3840,3828,3849,0,0,1
3843,3849,3848,0,0,0
3850,3851,3852,1,1,1,9236
3853,3852,3854,1,0,1
3855,3856,3857,1,1,1
3858,3857,3859,1,0,1
3860,3859,3861,1,0,1
3862,3861,3863,1,0,1
3864,3863,3865,1,0,1
3866,3865,3867,1,0,1
3741,3867,3854,1,0,0
3853,3868,3869,1,1,1,9235
3856,3869,3870,1,0,1
3871,3858,3872,1,1,1
3873,3872,3874,1,0,1
3875,3874,3876,1,0,1
3877,3876,3878,1,0,1
3879,3878,3880,1,0,1
3870,3881,3882,0,1,1
3855,3882,3880,1,0,0
203,1811,3883,1,0,1,37888
399,202,3884,1,1,1
206,3884,3885,1,0,1
205,3885,3886,1,0,1
443,208,3887,1,1,1
211,3887,3888,1,0,1
3889,3888,3890,1,0,1
3891,3892,3893,1,1,1
3894,3895,3896,1,1,1
220,218,3897,1,1,1
227,224,3898,1,1,1
230,226,3899,1,1,1
233,229,3900,1,1,1
3901,3900,3902,1,0,1
3903,3902,3904,1,0,1
3905,3904,3906,1,0,1
3907,3906,3908,1,0,1
3909,3908,3910,1,0,1
689,3910,3911,0,0,1
687,3911,3912,0,0,1
684,3912,3913,0,0,1
681,685,3914,0,0,1
678,682,3915,0,0,1
675,679,3916,0,0,1
673,676,3917,0,0,1
670,3917,3918,0,0,1
1815,3918,3919,0,0,1
1813,1816,3920,0,0,1
1810,3920,3921,0,0,1
3883,3921,3922,0,0,1
3886,3922,3923,0,0,1
3893,3890,3924,0,0,1
3896,3924,3925,0,0,1
3898,222,3926,0,1,1
3899,3926,3927,0,0,1
3913,3927,3928,0,0,1
3914,3928,3929,0,0,1
3915,3929,3930,0,0,1
3916,3930,3931,0,0,1
3925,3923,3932,0,0,1
3933,3932,3934,1,0,1
3935,3934,3936,1,0,1
216,3936,3937,1,0,1
3931,3897,3938,0,0,1
3919,3938,3937,0,0,0
3939,3844,3940,1,0,1,9221
3812,3815,3941,0,0,1
3809,3941,3942,0,0,1
3807,3810,3943,0,0,1
3940,3943,3942,0,0,0
3864,3944,3945,0,1,1,17430
3860,3862,3946,0,0,1
3947,3946,3948,1,0,1
3949,3950,3951,1,1,1
3952,3951,3953,1,0,1
3948,3945,3954,0,0,1
3955,3954,3953,1,0,0
2652,2654,3956,0,0,1,13316
3957,3956,3958,1,0,1
3959,3958,3960,1,0,1
3961,3962,3963,1,1,1
3964,3963,3965,1,0,1
3966,3965,3967,1,0,1
3968,3967,3969,1,0,1
3970,3969,3971,1,0,1
2657,3971,3972,0,0,1
2704,3972,3960,0,0,0
3841,3845,3973,0,0,1,9222
3839,3842,3974,0,0,1
3837,3974,3975,0,0,1
3835,3975,3976,0,0,1
3814,3976,3977,0,0,1
3939,3977,3973,0,0,0
3947,3955,3978,0,0,1,9239
3871,3978,3979,1,0,1
3980,3979,3981,1,0,1
3982,3981,3983,1,0,1
3984,3983,3985,1,0,1
3986,3985,3987,1,0,1
3988,3987,3950,1,0,0
3989,3699,3990,1,0,1,9237
3949,3990,3991,0,0,1
3988,3991,3992,0,0,1
3993,3992,3994,1,0,1
3995,3994,3996,1,0,1
2858,505,3997,0,0,1,37888
2906,2856,3998,0,0,1
2853,3998,3999,0,0,1
2851,3999,4000,0,0,1
1730,4000,4001,0,0,1
4002,4001,4003,1,0,1
4004,4003,4005,1,0,1
4006,4005,4007,1,0,1
1724,4008,4009,0,1,1
3997,4009,4010,0,0,1
2855,4010,4007,0,0,0
2650,3957,4011,0,0,1,9221
3801,4011,4012,0,0,1
3702,3799,4013,0,0,1
4014,4013,4015,1,0,1
4016,4015,4017,1,0,1
3959,3962,4018,0,0,1
4012,4018,4019,0,0,1
3802,4019,4017,0,0,0
3996,3703,4020,0,0,1,9237
4021,3995,4022,1,0,1
4023,4022,4024,1,0,1
4025,4026,4027,1,1,1
4028,4029,4030,1,1,1
4031,4030,4032,1,0,1
4033,4032,4034,1,0,1
4014,4034,4035,0,0,1
4020,4035,4036,0,0,1
4024,4036,4027,0,0,0
2661,3719,4037,0,0,1,9220
4038,4037,4039,1,0,1
4040,4039,4041,1,0,1
4042,4043,4044,1,1,1
4045,4044,4046,1,0,1
4047,4048,4049,1,1,1
4050,4049,4051,1,0,1
4052,4051,4053,1,0,1
3678,4054,4055,0,1,1
3675,4055,4056,0,0,1
3829,4056,4057,0,0,1
3826,3830,4058,0,0,1
3827,4058,4059,0,0,1
3661,4059,4060,0,0,1
4041,3658,4061,0,0,1
4046,4061,4062,0,0,1
4053,4063,4064,0,1,1
4057,4064,4065,0,0,1
4060,4065,4062,0,0,0
3968,3970,4066,0,0,1,9220
3966,4066,4067,0,0,1
4068,4069,4070,1,1,1
4038,4070,4071,0,0,1
2659,4071,4072,0,0,1
2656,4072,4067,0,0,0
3986,3993,4073,0,0,1,17430
3984,4073,4074,0,0,1
4075,4074,4076,1,0,1
4077,4076,4078,1,0,1
4079,4078,4080,1,0,1
4081,4080,4021,1,0,0
4033,4016,4082,0,0,1,9220
4031,4082,4083,0,0,1
4084,4083,4085,1,0,1
4086,4085,4087,1,0,1
4088,4087,3961,1,0,0
3873,3980,4089,1,0,1,17429
4090,3875,4091,1,1,1
4092,4091,4093,1,0,1
4094,4095,4096,1,1,1
4097,4096,4098,1,0,1
4075,4098,4099,0,0,1
3982,4099,4100,0,0,1
4089,4100,4093,0,0,0
4095,4092,4101,1,1,1,9236
4102,4101,4103,1,0,1
4104,4105,4106,1,1,1
4107,4106,4108,1,0,1
4109,4108,4110,1,0,1
4111,4110,4112,1,0,1
3879,4112,4113,0,0,1
3877,4113,4114,0,0,1
4090,4114,4103,1,0,0
4008,1726,4115,0,0,1,33792
4006,4115,4116,0,0,1
4004,4116,4117,0,0,1
4002,4117,1728,0,0,0
4081,4023,4118,0,0,1,13332
4119,4120,4121,1,1,1
4122,4121,4123,1,0,1
4029,4123,4124,0,0,1
4025,4124,4125,0,0,1
4118,4026,4126,0,0,1
4127,4126,4125,1,0,0
4068,4040,4128,0,0,1,1027
3964,4069,4129,0,0,1
4088,4129,4130,0,0,1
4131,4130,4132,1,0,1
4133,4132,4134,1,0,1
4135,4134,4136,1,0,1
4042,4136,4137,0,0,1
4043,4137,4128,0,0,0
4138,4139,4140,1,1,1,1025
4141,4140,4142,1,0,1
4143,4142,4144,1,0,1
4145,4144,4146,1,0,1
4079,4127,4147,0,0,1,9237
4148,4147,4149,1,0,1
4150,4149,4151,1,0,1
4152,4153,4154,1,1,1
4119,4154,4155,0,0,1
4120,4155,4151,0,0,0
4028,4084,4156,0,0,1,9236
4122,4156,4157,0,0,1
4158,4153,4159,1,0,1
4160,4159,4161,1,0,1
4162,4163,4164,1,1,1
4165,4164,4166,1,0,1
4167,4166,4168,1,0,1
4157,4169,4170,0,1,1
4152,4170,4171,0,0,1
4161,4171,4168,0,0,0
4172,4173,4174,1,1,1,1026
4175,4174,4176,1,0,1
4177,4176,4178,1,0,1
4179,4178,4180,1,0,1
4169,4086,4181,0,0,1,1043
4167,4181,4182,0,0,1
4165,4182,4183,0,0,1
4184,4183,4185,1,0,1
4186,4185,4187,1,0,1
4188,4189,4190,1,1,1
4191,4192,4193,1,1,1
4194,4193,4195,1,0,1
4196,4195,4197,1,0,1
4198,4197,4199,1,0,1
4200,4199,4201,1,0,1
4202,4201,4203,1,0,1
4204,4203,4205,1,0,1
4206,4207,4208,1,1,1
4209,4210,4211,1,1,1
4212,4211,4213,1,0,1
4214,4215,4216,1,1,1
4217,4216,4218,1,0,1
1016,4218,4219,1,0,1
1018,4219,4220,1,0,1
1025,1022,4221,1,1,1
4222,4221,4223,1,0,1
4224,4225,4226,1,1,1
4227,4228,4229,1,1,1
4230,4231,4232,1,1,1
4233,4232,4234,1,0,1
4235,4234,4236,1,0,1
4237,4236,4238,1,0,1
4239,4238,4240,1,0,1
4131,4241,4242,0,1,1
4190,4187,4243,0,0,1
4205,4243,4244,0,0,1
4208,4244,4245,0,0,1
4220,4213,4246,0,0,1
1020,4246,4247,1,0,1
4223,4247,4248,0,0,1
4226,4248,4249,0,0,1
4229,4249,4250,0,0,1
4251,4250,4252,1,0,1
4240,4252,4253,0,0,1
4245,4242,4254,0,0,1
4255,4254,4253,1,0,0
4256,4257,4258,1,1,1,1026
4259,4260,4261,1,1,1
4262,4261,4263,1,0,1
4264,4263,4265,1,0,1
4266,4265,4267,1,0,1
4268,4267,4269,1,0,1
4270,4269,4271,1,0,1
4272,4271,4273,1,0,1
4274,4275,4276,1,1,1
4258,4276,4273,0,0,0
4097,4077,4277,0,0,1,9237
4278,4279,4280,1,1,1
4281,4280,4282,1,0,1
4283,4282,4284,1,0,1
4285,4284,4286,1,0,1
4287,4286,4288,1,0,1
4289,4288,4290,1,0,1
4148,4291,4292,0,1,1
4277,4292,4290,0,0,0
4102,4094,4293,1,0,1,9236
4105,4293,4294,1,0,1
4295,4294,4296,1,0,1
4297,4296,4279,1,0,0
4135,4045,4298,0,0,1,9220
4299,4298,4300,1,0,1
4301,4300,4302,1,0,1
4303,4304,4305,1,1,1
4306,4305,4307,1,0,1
4047,4307,4308,0,0,1
4048,4308,4309,0,0,1
4063,4309,4302,0,0,0
4289,4291,4310,0,0,1,9238
4287,4310,4311,0,0,1
4312,4285,4313,1,0,1
4314,4313,4315,1,0,1
4158,4315,4316,0,0,1
4150,4316,4311,0,0,0
3894,3933,4317,0,0,1,1026
3891,3895,4318,0,0,1
3889,3892,4319,0,0,1
210,4319,4320,1,0,1
214,4320,4321,1,0,1
3935,213,4322,0,1,1
4317,4322,4323,0,0,1
4318,4323,4321,0,0,0
4241,4133,4324,0,0,1,9236
4239,4324,4325,0,0,1
4326,4325,4327,1,0,1
4328,4327,4329,1,0,1
4330,4329,4299,1,0,0
4331,4297,4332,1,0,1,9236
992,4333,4334,1,1,1
4335,4334,4336,1,0,1
4337,4338,4339,1,1,1
4340,4339,4341,1,0,1
4342,4341,4343,1,0,1
4344,4343,4345,1,0,1
4346,4345,4347,1,0,1
4348,4349,4350,1,1,1
4351,4352,4353,1,1,1
4354,4353,4355,1,0,1
4332,4278,4356,0,0,1
4347,4357,4358,0,1,1
4359,4358,4360,1,0,1
4356,4355,4361,0,0,1
4360,4336,4362,0,0,1
4350,4362,4361,0,0,0
4314,4160,4363,0,0,1,9237
4312,4363,4364,0,0,1
4283,4364,4365,0,0,1
4281,4365,4366,0,0,1
4354,4366,4367,0,0,1
4351,4367,4368,0,0,1
4348,4352,4369,0,0,1
4359,4349,4370,0,0,1
4346,4370,4371,0,0,1
4344,4371,4372,0,0,1
4373,4374,4375,1,1,1
4376,4377,4378,1,1,1
4163,4379,4380,0,1,1
4368,4380,4381,0,0,1
4369,4381,4382,0,0,1
4375,4372,4383,0,0,1
4384,4383,4385,1,0,1
4378,4385,4386,0,0,1
4387,4386,4382,1,0,0
4388,4389,4390,1,1,1,1026
4391,4390,4392,1,0,1
4393,4392,4394,1,0,1
4395,4396,4397,1,1,1
4398,4397,4399,1,0,1
4400,4399,4401,1,0,1
4402,4401,4403,1,0,1
4404,4405,4406,1,1,1
4394,4406,4403,0,0,0
4052,4054,4407,0,0,1,1028
4306,4050,4408,0,0,1
4303,4408,4409,0,0,1
4410,4409,4411,1,0,1
4412,4411,4413,1,0,1
4414,4413,4415,1,0,1
4416,4415,4417,1,0,1
3677,4417,4407,0,0,0
4326,4328,4418,0,0,1,9236
4237,4418,4419,0,0,1
4235,4419,4420,0,0,1
4421,4420,4422,1,0,1
4423,1058,4424,1,1,1
4425,4424,4426,1,0,1
4427,4426,4428,1,0,1
4429,4430,4431,1,1,1
4410,4432,4433,0,1,1
4304,4433,4434,0,0,1
4330,4301,4435,0,0,1
4422,4435,4436,0,0,1
4428,4436,4437,0,0,1
4431,4437,4438,0,0,1
4439,4438,4434,1,0,0
4439,4432,4440,0,0,1,9236
4429,4440,4441,0,0,1
4427,4430,4442,0,0,1
4443,4442,4444,1,0,1
4412,4444,4441,0,0,0
4162,4184,4445,0,0,1,9236
4387,4379,4446,0,0,1
4447,4446,4448,1,0,1
4449,4450,4451,1,1,1
4452,4451,4453,1,0,1
4192,4453,4454,0,0,1
4188,4454,4455,0,0,1
4186,4189,4456,0,0,1
4445,4456,4457,0,0,1
4448,4457,4455,0,0,0
4458,3768,4459,1,1,1,1043
4460,4459,4461,1,0,1
4462,4461,4463,1,0,1
4464,4465,4466,1,1,1
4467,4466,4468,1,0,1
4469,4470,4471,1,1,1
717,4471,4472,1,0,1
742,4472,4473,1,0,1
720,744,4474,1,1,1
746,722,4475,1,1,1
4463,725,4476,0,1,1
4477,4476,4478,1,0,1
4474,4473,4479,0,0,1
719,4479,4480,1,0,1
4478,4475,4481,0,0,1
4468,4481,4480,0,0,0
4482,3772,4483,1,1,1,9236
4484,4483,4485,1,0,1
4486,4485,4487,1,0,1
4488,4487,4489,1,0,1
4490,4491,4492,1,1,1
4493,4492,4494,1,0,1
4460,4494,4495,0,0,1
4458,4495,4496,0,0,1
3770,4496,4489,1,0,0
4202,4204,4497,0,0,1,1044
4210,4498,4499,0,1,1
4255,4499,4500,0,0,1
4206,4500,4501,0,0,1
4497,4207,4502,0,0,1
4503,4502,4501,1,0,0
4504,4376,4505,1,0,1,13332
4506,4505,4507,1,0,1
4508,4507,4509,1,0,1
4510,4509,4511,1,0,1
4449,4511,4512,0,0,1
4450,4512,4447,0,0,0
4200,4503,4513,0,0,1,9236
4514,4513,4515,1,0,1
4209,4515,4498,0,0,0
4516,4517,4518,1,1,1,1026
4519,4518,4520,1,0,1
4521,4520,4522,1,0,1
4523,4524,4525,1,1,1
4526,4525,4527,1,0,1
4528,4527,4529,1,0,1
4522,4530,4531,0,1,1
4532,4531,4529,1,0,0
4533,4484,4534,1,0,1,9237
4535,4534,4536,1,0,1
4537,4536,4538,1,0,1
4490,4539,4540,0,1,1
4491,4540,4541,0,0,1
4486,4488,4542,0,0,1
4538,4542,4541,0,0,0
4196,4198,4543,0,0,1,1044
4544,4543,4545,1,0,1
4215,4545,4546,0,0,1
4212,4546,4514,0,0,0
4547,4548,4549,1,1,1,41984
4550,4549,4551,1,0,1
4552,4553,4554,1,1,1
4555,4554,4556,1,0,1
4557,4556,4551,1,0,0
4377,4504,4558,0,0,1,9236
4559,4558,4560,1,0,1
4340,4560,4561,0,0,1
4562,4563,4564,1,1,1
4508,4564,4565,0,0,1
4506,4565,4561,0,0,0
4373,4384,4566,0,0,1,17430
4374,4566,4567,0,0,1
4342,4567,4559,0,0,0
4510,4452,4568,0,0,1,1043
4562,4568,4569,0,0,1
4570,4569,4571,1,0,1
4572,4571,4573,1,0,1
997,4573,4574,1,0,1
4575,1000,4576,1,1,1
4191,4577,4578,0,1,1
4574,4578,4576,0,0,0
1065,78,4579,1,1,1,1026
1067,4579,4580,1,0,1
65,62,4581,1,1,1
70,67,4582,1,1,1
376,69,4583,1,1,1
73,4583,4584,1,0,1
72,4584,4585,1,0,1
4580,75,4586,0,1,1
60,4586,4587,1,0,1
4581,4587,4588,0,0,1
4582,64,4589,0,1,1
4585,4589,4588,0,0,0
4577,4194,4590,0,0,1,9236
4575,4590,4591,0,0,1
1002,4591,4592,1,0,1
4593,4592,4594,1,0,1
4214,4594,4544,0,0,0
4493,4462,4595,0,0,1,9236
4539,4595,4596,0,0,1
4597,4596,4598,1,0,1
4599,4598,4600,1,0,1
4601,4600,4602,1,0,1
4603,4602,4604,1,0,1
4605,4606,4607,1,1,1
4608,4609,4610,1,1,1
4470,4610,4611,0,0,1
4467,4611,4612,0,0,1
4477,4465,4613,0,0,1
4604,4613,4614,0,0,1
4612,4607,4615,0,0,1
4464,4615,4614,0,0,0
4616,4535,4617,1,0,1,9237
4618,4617,4619,1,0,1
4599,4619,4620,0,0,1
4597,4620,4537,0,0,0
1137,4335,4621,1,0,1,1043
995,4621,4622,1,0,1
998,994,4623,1,1,1
4570,4572,4624,0,0,1
4563,4624,4625,0,0,1
4357,4338,4626,0,0,1
4622,4626,4627,0,0,1
4625,4623,4628,0,0,1
4337,4628,4627,0,0,0
4233,4421,4629,0,0,1,9236
4230,4629,4630,0,0,1
4631,4630,4632,1,0,1
4633,4632,4634,1,0,1
4635,4634,1059,1,0,1
4636,4251,4637,1,0,1,9236
4638,4637,4639,1,0,1
4640,4639,4641,1,0,1
4642,4641,4643,1,0,1
4644,4643,4645,1,0,1
4646,4645,4647,1,0,1
4631,4647,4231,0,0,0
4638,4648,4649,0,1,1,13331
4636,4649,4227,0,0,0
1004,4593,4650,1,0,1,1043
1006,4650,4651,1,0,1
1011,1008,4652,1,1,1
1010,4652,4653,1,0,1
1014,1140,4654,1,1,1
4217,1013,4655,0,1,1
4651,4655,4656,0,0,1
4653,4656,4654,0,0,0
4657,4618,4658,1,0,1,9237
4605,4609,4659,0,0,1
4603,4606,4660,0,0,1
4601,4660,4661,0,0,1
4658,4661,4659,0,0,0
4228,4648,4662,0,0,1,1043
4224,4662,4663,0,0,1
4664,4663,4665,1,0,1
4666,4665,4667,1,0,1
4668,4669,4670,1,1,1
4671,4670,4672,1,0,1
1043,4672,4673,1,0,1
1048,1046,4674,1,1,1
1170,4674,4675,1,0,1
1051,4675,4676,1,0,1
1050,4676,4677,1,0,1
4678,4679,4680,1,1,1
4633,4681,4682,0,1,1
4646,4682,4683,0,0,1
4644,4683,4684,0,0,1
4685,4686,4687,1,1,1
4688,4689,4690,1,1,1
4691,4690,4692,1,0,1
4667,4640,4693,0,0,1
4694,4693,4695,1,0,1
4687,4684,4696,0,0,1
4697,4696,4698,1,0,1
4695,4699,4700,0,1,1
4673,4700,4701,0,0,1
4698,4680,4702,0,0,1
4703,4702,4704,1,0,1
4701,4692,4705,0,0,1
4704,4677,4706,0,0,1
4707,4706,4705,1,0,0
2841,2844,4708,0,0,1,33792
2839,4708,4709,0,0,1
2834,2837,4710,0,0,1
2832,4710,4711,0,0,1
4712,4713,4714,1,1,1
768,4714,4715,0,0,1
1751,4715,4716,0,0,1
1748,4716,4717,0,0,1
1746,1749,4718,0,0,1
2843,1744,4719,0,0,1
4709,4719,4720,0,0,1
4711,2836,4721,0,0,1
4717,2829,4722,0,0,1
4720,4718,4723,0,0,1
4721,4723,4722,0,0,0
4222,4225,4724,0,0,1,1043
1024,4724,4725,1,0,1
1029,1027,4726,1,1,1
1032,4726,4727,1,0,1
1031,4727,4728,1,0,1
4668,4728,4729,0,0,1
4730,4729,4731,1,0,1
4732,4731,4733,1,0,1
4734,4733,4735,1,0,1
4664,4735,4725,0,0,0
4699,4642,4736,0,0,1,1044
4691,4736,4737,0,0,1
4688,4737,4738,0,0,1
4739,4738,4686,1,0,0
4734,4666,4740,0,0,1,1044
4732,4740,4741,0,0,1
4730,4741,4742,0,0,1
4669,4742,4694,0,0,0
1034,4671,4743,1,0,1,1043
1036,4743,4744,1,0,1
1039,4744,4745,1,0,1
1038,4745,4746,1,0,1
1041,4746,4747,1,0,1
1144,4747,1044,1,0,1
4748,4749,4750,1,1,1,1041
4751,4752,4753,1,1,1
4754,4755,4756,1,1,1
4757,4758,4759,1,1,1
4760,4759,4761,1,0,1
4762,4761,4763,1,0,1
4764,4763,4765,1,0,1
4766,4767,4768,1,1,1
4750,4768,4769,0,0,1
4753,4769,4770,0,0,1
4765,4756,4771,0,0,1
4772,4771,4770,1,0,0
4773,4774,4775,1,1,1,1041
4776,4777,4778,1,1,1
4779,4778,4780,1,0,1
4781,4782,4783,1,1,1
4784,4785,4786,1,1,1
4787,4786,4788,1,0,1
4789,4790,4791,1,1,1
4792,4793,4794,1,1,1
4795,4796,4797,1,1,1
4798,4797,4799,1,0,1
4775,4800,4801,0,1,1
4780,4801,4802,0,0,1
4783,4802,4803,0,0,1
4791,4788,4804,0,0,1
4799,4794,4805,0,0,1
4803,4805,4804,0,0,0
4806,4807,4808,1,1,1,41984
4809,4808,4810,1,0,1
4811,4810,4812,1,0,1
4813,4814,4815,1,1,1
4816,4815,4812,1,0,0
1070,58,4817,1,1,1,1026
4818,4817,4819,1,0,1
1072,4820,4821,1,1,1
1076,4821,4822,1,0,1
1075,4822,4823,1,0,1
41,4823,4824,1,0,1
44,40,4825,1,1,1
371,43,4826,1,1,1
47,4826,4827,1,0,1
50,46,4828,1,1,1
52,49,4829,1,1,1
55,4829,4830,1,0,1
373,54,4831,1,1,1
4819,4831,4832,0,0,1
4824,4832,4833,0,0,1
4827,4825,4834,0,0,1
4828,4834,4835,0,0,1
4830,4835,4833,0,0,0
4739,4685,4836,0,0,1,9236
4689,4836,4837,0,0,1
4707,4837,4838,0,0,1
4703,4838,4697,0,0,0
1151,1149,4839,1,1,1,1043
1073,4839,4840,1,0,1
4820,4840,4818,0,0,0
572,575,4841,0,0,1,33792
691,693,4842,0,0,1
3909,4842,4843,0,0,1
3907,4843,4844,0,0,1
3905,4844,4845,0,0,1
3903,4845,4846,0,0,1
232,3901,4847,1,0,1
238,235,4848,1,1,1
241,237,4849,1,1,1
243,240,4850,1,1,1
247,245,4851,1,1,1
4852,4853,4854,1,1,1
4855,4856,4857,1,1,1
284,4857,4858,1,0,1
4859,287,4860,1,1,1
294,292,4861,1,1,1
298,296,4862,1,1,1
301,4862,4863,1,0,1
303,300,4864,1,1,1
4865,4866,4867,1,1,1
327,4867,4868,1,0,1
331,329,4869,1,1,1
4870,4869,4871,1,0,1
4872,4871,4873,1,0,1
338,336,4874,1,1,1
342,340,4875,1,1,1
345,4875,4876,1,0,1
4877,344,4878,1,1,1
4879,4880,4881,1,1,1
4882,4883,4884,1,1,1
1446,4885,4886,1,1,1
1449,1445,4887,1,1,1
1448,4887,4888,1,0,1
4889,1453,4890,1,1,1
4891,4890,4892,1,0,1
4893,4892,4894,1,0,1
4895,4896,4897,1,1,1
4898,4897,4899,1,0,1
4900,4901,4902,1,1,1
4903,4904,4905,1,1,1
4906,4907,4908,1,1,1
4909,4910,4911,1,1,1
4912,4913,4914,1,1,1
4915,4914,4916,1,0,1
4917,4916,4918,1,0,1
4919,4920,4921,1,1,1
4922,4923,4924,1,1,1
4925,4926,4927,1,1,1
4928,4929,4930,1,1,1
4931,4932,4933,1,1,1
4934,4935,4936,1,1,1
4937,4936,4938,1,0,1
4939,4940,4941,1,1,1
4942,4941,4943,1,0,1
4944,4943,4945,1,0,1
4946,4947,4948,1,1,1
2825,4949,4950,0,1,1
2822,4950,4951,0,0,1
580,2818,4952,0,0,1
577,581,4953,0,0,1
578,4953,4954,0,0,1
649,4954,4955,0,0,1
4841,4955,4956,0,0,1
4846,4956,4957,0,0,1
4847,4957,4958,0,0,1
4848,4958,4959,0,0,1
4849,4959,4960,0,0,1
4850,4960,4961,0,0,1
4851,4961,4962,0,0,1
4854,4962,4963,0,0,1
4858,4963,4964,0,0,1
4860,4964,4965,0,0,1
4966,4965,4967,1,0,1
4861,4967,4968,0,0,1
4863,4968,4969,0,0,1
4873,4868,4970,0,0,1
4874,4970,4971,0,0,1
4881,4878,4972,0,0,1
4884,4972,4973,0,0,1
4886,4973,4974,0,0,1
4888,4974,4975,0,0,1
1451,4975,4976,1,0,1
4899,4894,4977,0,0,1
4978,4977,4979,1,0,1
4980,4979,4981,1,0,1
4902,4981,4982,0,0,1
4905,4982,4983,0,0,1
4984,4983,4985,1,0,1
4908,4985,4986,0,0,1
4911,4986,4987,0,0,1
4988,4987,4989,1,0,1
4918,4989,4990,0,0,1
4921,4991,4992,0,1,1
4924,4992,4993,0,0,1
4933,4930,4994,0,0,1
4945,4938,4995,0,0,1
4948,4995,4996,0,0,1
4951,4996,4997,0,0,1
2820,4997,4998,0,0,1
4952,4998,4999,0,0,1
4971,4864,5000,0,0,1
4976,4876,5001,0,0,1
4990,5001,5002,0,0,1
4993,5002,5003,0,0,1
4999,4994,5004,0,0,1
5000,4969,5005,0,0,1
5003,5005,5006,0,0,1
4927,5006,5004,0,0,0
748,5007,5008,0,1,1,1041
753,5008,735,0,0,0
5009,5010,5011,1,1,1,1043
5012,5011,5013,1,0,1
5014,5013,5015,1,0,1
5016,5017,5018,1,1,1
5019,5018,5020,1,0,1
5021,5020,5022,1,0,1
5023,5022,5024,1,0,1
5025,5024,5026,1,0,1
5027,5028,5029,1,1,1
5015,5030,5031,0,1,1
5026,5031,5029,0,0,0
5032,5033,5034,1,1,1,1043
5035,5036,5037,1,1,1
5038,5037,5039,1,0,1
5040,5039,5041,1,0,1
5042,5043,5044,1,1,1
5045,5046,5047,1,1,1
5048,5047,5049,1,0,1
5034,5050,5051,0,1,1
5041,5051,5052,0,0,1
5044,5052,5049,0,0,0
260,408,5053,1,1,1,37888
267,264,5054,1,1,1
270,266,5055,1,1,1
269,5055,5056,1,0,1
460,5056,5057,1,0,1
273,5057,5058,1,0,1
272,5058,5059,1,0,1
5060,275,5061,1,1,1
5062,5061,5063,1,0,1
282,280,5064,1,1,1
285,5064,5065,1,0,1
4855,5065,5066,0,0,1
5067,5066,5068,1,0,1
5069,5068,5070,1,0,1
5071,5070,5072,1,0,1
5073,5072,5074,1,0,1
5075,5076,5077,1,1,1
5078,5077,5079,1,0,1
5080,5079,5081,1,0,1
5082,5081,5083,1,0,1
5084,5085,5086,1,1,1
4853,5087,5088,0,1,1
249,5088,5089,1,0,1
251,5089,5090,1,0,1
253,5090,5091,1,0,1
257,255,5092,1,1,1
5053,5092,5093,0,0,1
5054,262,5094,0,1,1
5074,5063,5095,0,0,1
5091,5086,5096,0,0,1
5093,5096,5097,0,0,1
5095,5059,5098,0,0,1
5097,5099,5100,0,1,1
259,5100,5101,1,0,1
5098,5094,5102,0,0,1
5083,5102,5101,0,0,0
5103,5104,5105,1,1,1,1026
5106,5105,5107,1,0,1
5108,5107,5109,1,0,1
5110,5111,5112,1,1,1
5113,5114,5115,1,1,1
5109,5115,5112,0,0,0
2827,2888,5116,0,0,1,37888
4949,2824,5117,0,0,1
4946,5117,5118,0,0,1
5119,5118,5120,1,0,1
5121,5120,5122,1,0,1
4713,5122,5123,0,0,1
2830,5123,5116,0,0,0
5124,5125,5126,1,1,1,1042
5127,5126,5128,1,0,1
5129,5130,5131,1,1,1
5132,5133,5134,1,1,1
5128,5134,5131,0,0,0
5121,4712,5135,0,0,1,34032
5136,5135,5137,1,0,1
5138,5137,5139,1,0,1
5140,5139,5141,1,0,1
5142,5141,5143,1,0,1
5144,5143,5145,1,0,1
5146,5145,5147,1,0,1
5148,5147,5149,1,0,1
5150,5149,5151,1,0,1
5152,5151,5153,1,0,1
773,5153,770,0,0,0
1083,1081,5154,1,1,1,1026
27,5154,5155,1,0,1
30,5155,5156,1,0,1
29,5156,5157,1,0,1
33,5157,5158,1,0,1
36,32,5159,1,1,1
1079,35,5160,1,1,1
5158,5160,5159,0,0,0
5161,5162,5163,1,1,1,1554
5164,5163,5165,1,0,1
907,5165,5166,1,0,1
5167,5119,5168,1,0,1,38128
5169,5168,5170,1,0,1
5171,5172,5173,1,1,1
5174,5173,5175,1,0,1
5176,5175,5177,1,0,1
5138,5177,5178,0,0,1
5136,5178,5170,0,0,0
4944,4947,5179,0,0,1,34032
4937,4940,5180,0,0,1
4934,5180,5181,0,0,1
4931,4935,5182,0,0,1
4928,4932,5183,0,0,1
4925,4929,5184,0,0,1
4926,5184,5185,0,0,1
4922,5185,5186,0,0,1
4919,4923,5187,0,0,1
4991,4920,5188,0,0,1
4917,5188,5189,0,0,1
4988,4913,5190,0,0,1
4909,5190,5191,0,0,1
4906,4910,5192,0,0,1
4984,4907,5193,0,0,1
4903,5193,5194,0,0,1
4900,4904,5195,0,0,1
4980,4901,5196,0,0,1
4978,5196,5197,0,0,1
4898,5197,5198,0,0,1
4895,5198,5199,0,0,1
4896,5199,5200,0,0,1
4893,5200,5201,0,0,1
5202,4891,5203,1,0,1
792,5203,5204,0,0,1
790,793,5205,0,0,1
787,5205,5206,0,0,1
785,788,5207,0,0,1
782,5207,5208,0,0,1
825,783,5209,0,0,1
823,5209,5210,0,0,1
780,5210,5211,0,0,1
778,5211,5212,0,0,1
5213,775,5214,1,0,1
5215,5214,5216,1,0,1
5217,5216,5218,1,0,1
5219,5218,5220,1,0,1
5221,5220,5222,1,0,1
5223,5222,5224,1,0,1
5225,5226,5227,1,1,1
5228,5229,5230,1,1,1
5231,5232,5233,1,1,1
5234,5233,5235,1,0,1
5169,5172,5236,0,0,1
5167,5236,5237,0,0,1
5179,5237,5238,0,0,1
4942,5238,5239,0,0,1
4939,5239,5240,0,0,1
5181,5240,5241,0,0,1
5182,5241,5242,0,0,1
5183,5242,5243,0,0,1
5186,5243,5244,0,0,1
5187,5244,5245,0,0,1
5189,5245,5246,0,0,1
4915,5246,5247,0,0,1
4912,5247,5248,0,0,1
5191,5248,5249,0,0,1
5192,5249,5250,0,0,1
5194,5250,5251,0,0,1
5195,5251,5252,0,0,1
5204,5201,5253,0,0,1
5206,5253,5254,0,0,1
5208,5254,5255,0,0,1
5212,5255,5256,0,0,1
5224,5256,5257,0,0,1
5258,5257,5259,1,0,1
5227,5259,5260,0,0,1
5261,5260,5262,1,0,1
5230,5262,5263,0,0,1
5235,5263,5264,0,0,1
5265,5264,5252,1,0,0
5082,5099,5266,0,0,1,1025
5080,5266,5267,0,0,1
5078,5267,5268,0,0,1
5073,5076,5269,0,0,1
5071,5269,5270,0,0,1
5069,5270,5271,0,0,1
4856,5067,5272,0,0,1
4852,5272,5273,0,0,1
5087,5273,5274,0,0,1
5084,5274,5275,0,0,1
5268,5085,5276,0,0,1
5075,5276,5277,0,0,1
5271,5277,5275,0,0,0
5265,5171,5278,0,0,1,1265
5234,5278,5279,0,0,1
5228,5232,5280,0,0,1
5261,5229,5281,0,0,1
5225,5281,5282,0,0,1
5226,5282,5283,0,0,1
5258,5283,5284,0,0,1
5223,5284,5285,0,0,1
5221,5285,5286,0,0,1
5287,5286,5288,1,0,1
5289,5288,5290,1,0,1
5291,5292,5293,1,1,1
5144,5293,5294,0,0,1
5295,5294,5296,1,0,1
5297,5296,5298,1,0,1
5299,5300,5301,1,1,1
5140,5301,5302,0,0,1
5176,5302,5303,0,0,1
5174,5303,5304,0,0,1
5279,5304,5305,0,0,1
5231,5305,5306,0,0,1
5280,5306,5307,0,0,1
5290,5307,5298,0,0,0
5308,5309,5310,1,1,1,1041
5311,5312,5313,1,1,1
5314,5313,5315,1,0,1
5316,5317,5318,1,1,1
5319,5320,5321,1,1,1
5310,5322,5323,0,1,1
5324,5323,5325,1,0,1
5318,5315,5326,0,0,1
5327,5326,5328,1,0,1
5325,5321,5329,0,0,1
5330,5329,5328,1,0,0
5331,5332,5333,1,1,1,1026
5334,5333,5335,1,0,1
5336,5335,5337,1,0,1
5338,1093,5339,1,1,1,42000
1087,5340,5341,1,1,1
1089,5341,5342,1,0,1
1091,5342,5339,1,0,0
5297,5300,5343,0,0,1,38128
5295,5343,5344,0,0,1
5142,5344,5299,0,0,0
5340,1085,5345,0,1,1,1042
5346,5347,5348,1,1,1
5349,5348,5350,1,0,1
5351,5350,5352,1,0,1
25,5352,5345,1,0,0
5164,904,5353,0,1,1,1043
5354,5353,5355,1,0,1
5356,5355,5357,1,0,1
5358,5357,5359,1,0,1
5360,5359,5361,1,0,1
5362,5361,5363,1,0,1
5364,5365,5366,1,1,1
5367,5366,5368,1,0,1
890,5368,5369,1,0,1
894,920,5370,1,1,1
922,896,5371,1,1,1
899,5371,5372,1,0,1
902,898,5373,1,1,1
901,5373,5374,1,0,1
5363,5374,5375,0,0,1
5376,5375,5377,1,0,1
5370,5369,5378,0,0,1
893,5378,5379,1,0,1
5372,5379,5377,0,0,0
891,887,5380,1,1,1,1043
5367,5380,5381,0,0,1
5382,5381,5383,1,0,1
5384,5385,5386,1,1,1
5387,5388,5389,1,1,1
5390,5391,5392,1,1,1
5393,5392,5394,1,0,1
5395,5394,5396,1,0,1
5397,5398,5399,1,1,1
5400,5401,5402,1,1,1
5403,5402,5404,1,0,1
5405,5404,5406,1,0,1
880,5407,5408,1,1,1
883,5408,5409,1,0,1
931,885,5410,1,1,1
888,5410,5411,1,0,1
5383,5411,5412,0,0,1
5386,5412,5413,0,0,1
5389,5413,5414,0,0,1
5399,5396,5415,0,0,1
5406,5415,5416,0,0,1
5409,5416,5414,0,0,0
1211,1213,5417,0,0,1,1026
1204,1207,5418,0,0,1
1202,5418,5419,0,0,1
1197,1200,5420,0,0,1
1195,5420,5421,0,0,1
5422,5421,5423,1,0,1
5424,5423,5425,1,0,1
1427,5425,5426,0,0,1
1535,1425,5427,0,0,1
1422,5427,5428,0,0,1
1420,5428,5429,0,0,1
1418,5429,5430,0,0,1
1416,5430,5431,0,0,1
1414,5431,5432,0,0,1
1407,1410,5433,0,0,1
1402,1405,5434,0,0,1
1533,1510,5435,0,0,1
1400,5435,5436,0,0,1
1397,5436,5437,0,0,1
1531,1398,5438,0,0,1
1394,5438,5439,0,0,1
1395,5439,5440,0,0,1
1392,5440,5441,0,0,1
5442,1389,5443,1,0,1
1370,1373,5444,0,0,1
1367,5444,5445,0,0,1
1365,1368,5446,0,0,1
1363,5446,5447,0,0,1
5448,5447,5449,1,0,1
5450,5449,5451,1,0,1
5452,5451,5453,1,0,1
5454,5453,5455,1,0,1
5456,5457,5458,1,1,1
5459,5460,5461,1,1,1
5462,5463,5464,1,1,1
5465,5464,5466,1,0,1
5467,5466,5468,1,0,1
5469,5468,5470,1,0,1
5471,5470,5472,1,0,1
5473,5472,5474,1,0,1
5475,5476,5477,1,1,1
5478,5477,5479,1,0,1
5480,5481,5482,1,1,1
5483,5482,5484,1,0,1
5485,5484,5486,1,0,1
5487,5488,5489,1,1,1
5490,5491,5492,1,1,1
5493,5492,5494,1,0,1
5495,5496,5497,1,1,1
5498,5499,5500,1,1,1
5501,5502,5503,1,1,1
5504,5505,5506,1,1,1
5507,5508,5509,1,1,1
5510,5509,5511,1,0,1
1269,5512,5513,0,1,1
1215,5513,5514,0,0,1
1216,5514,5515,0,0,1
5433,1409,5516,0,0,1
5437,1403,5517,0,0,1
5441,5517,5518,0,0,1
5443,5518,5519,0,0,1
5445,1372,5520,0,0,1
5455,5520,5521,0,0,1
5458,5521,5522,0,0,1
5474,5523,5524,0,1,1
5525,5524,5526,1,0,1
5479,5527,5528,0,1,1
5486,5529,5530,0,1,1
5489,5530,5531,0,0,1
5506,5503,5532,0,0,1
5515,5533,5534,0,1,1
5519,5434,5535,0,0,1
5522,1375,5536,0,0,1
5461,5536,5537,0,0,1
5526,5538,5539,0,1,1
5528,5540,5541,0,1,1
5534,5542,5543,0,1,1
5537,5535,5544,0,0,1
5539,5544,5545,0,0,1
5541,5545,5546,0,0,1
5547,5546,5548,1,0,1
5531,5548,5549,0,0,1
5543,5550,5551,0,1,1
5417,5551,5552,0,0,1
5549,5516,5553,0,0,1
5552,5511,5554,0,0,1
1209,5554,5555,0,0,1
5553,1412,5556,0,0,1
5494,5556,5557,0,0,1
5555,5558,5559,0,1,1
1206,5559,5560,0,0,1
5557,5432,5561,0,0,1
5562,5561,5563,1,0,1
5497,5563,5564,0,0,1
5560,5532,5565,0,0,1
5419,5565,5566,0,0,1
5564,1424,5567,0,0,1
5568,5567,5569,1,0,1
5566,5570,5571,0,1,1
1199,5571,5572,0,0,1
5569,5426,5573,0,0,1
5500,5573,5572,0,0,0
5360,5362,5574,0,0,1,1044
5575,5574,5576,1,0,1
5398,5576,5577,0,0,1
5395,5577,5578,0,0,1
5393,5578,5579,0,0,1
5390,5579,5580,0,0,1
5387,5391,5581,0,0,1
5384,5388,5582,0,0,1
5385,5582,5583,0,0,1
5382,5583,5584,0,0,1
5364,5584,5585,0,0,1
5376,5365,5586,0,0,1
5580,5586,5587,0,0,1
5581,5587,5585,0,0,0
5588,5356,5589,1,0,1,9236
5590,5589,5591,1,0,1
5592,5591,5593,1,0,1
5594,5595,5596,1,1,1
5597,5596,5598,1,0,1
5397,5598,5599,0,0,1
5575,5599,5600,0,0,1
5358,5600,5593,0,0,0
5291,5146,5601,0,0,1,38128
5289,5292,5602,0,0,1
5287,5602,5603,0,0,1
5219,5603,5604,0,0,1
5217,5604,5605,0,0,1
5215,5605,5606,0,0,1
5213,5606,5607,0,0,1
776,5607,5608,0,0,1
772,5608,5609,0,0,1
5152,5609,5610,0,0,1
5150,5610,5611,0,0,1
5148,5611,5601,0,0,0
5612,5590,5613,1,0,1,9237
5614,5613,5615,1,0,1
5616,5615,5617,1,0,1
5595,5617,5592,0,0,0
5533,5542,5618,1,1,1,1027
5512,5618,5619,1,0,1
5620,1219,5621,1,1,1
5622,5623,5624,1,1,1
1221,5625,5626,1,1,1
1224,5626,5627,1,0,1
5628,5627,5629,1,0,1
5630,5629,5631,1,0,1
5632,5633,5634,1,1,1
5635,5636,5637,1,1,1
5638,5637,5639,1,0,1
5640,5639,5641,1,0,1
5642,5641,5643,1,0,1
5644,5643,5645,1,0,1
1361,5645,5646,1,0,1
5448,5646,5647,1,0,1
5450,5647,5648,1,0,1
5649,5648,5650,1,0,1
5651,5650,5652,1,0,1
5653,5654,5655,1,1,1
5656,5655,5657,1,0,1
5465,5657,5658,1,0,1
5469,5467,5659,1,1,1
5473,5471,5660,1,1,1
5540,5525,5661,1,1,1
5527,5661,5662,1,0,1
5478,5475,5663,1,1,1
5547,5663,5664,1,0,1
5529,5664,5665,1,0,1
5481,5665,5666,1,0,1
5480,5666,5667,1,0,1
5488,5485,5668,1,1,1
5491,5487,5669,1,1,1
5498,5670,5671,1,1,1
5502,5570,5672,1,1,1
5505,5501,5673,1,1,1
5508,5558,5674,1,1,1
5507,5674,5675,1,0,1
5550,5510,5676,1,1,1
5621,5619,5677,0,0,1
5678,5677,5679,1,0,1
5680,5679,5681,1,0,1
5652,5682,5683,0,1,1
5660,5659,5684,0,0,1
5662,5684,5685,0,0,1
5476,5685,5686,1,0,1
5667,5686,5687,0,0,1
5483,5687,5688,1,0,1
5668,5688,5689,0,0,1
5669,5689,5690,0,0,1
5671,5690,5691,0,0,1
5672,5691,5692,0,0,1
5673,5692,5693,0,0,1
5681,5676,5694,0,0,1
5624,5694,5695,0,0,1
5683,5696,5697,0,1,1
5658,5697,5698,0,0,1
5695,5675,5699,0,0,1
5700,5699,5701,1,0,1
5698,5634,5702,0,0,1
5701,5504,5703,0,1,1
5702,5631,5704,0,0,1
5703,5693,5705,0,0,1
5706,5705,5704,1,0,0
1240,1237,5707,1,1,1,1026
1243,1239,5708,1,1,1
1246,1242,5709,1,1,1
5710,1248,5711,1,1,1
5712,5711,5713,1,0,1
5407,5713,5714,0,0,1
5715,5714,5716,1,0,1
5717,5716,5718,1,0,1
5719,5718,5720,1,0,1
5721,5720,5722,1,0,1
5723,5724,5725,1,1,1
5726,5725,5727,1,0,1
5728,5727,5729,1,0,1
1306,5730,5731,1,1,1
1309,5731,5732,1,0,1
1311,1308,5733,1,1,1
1313,5733,5734,1,0,1
1318,1315,5735,1,1,1
1320,1317,5736,1,1,1
1324,1322,5737,1,1,1
1327,5737,5738,1,0,1
1329,1326,5739,1,1,1
1332,5739,5740,1,0,1
1331,5740,5741,1,0,1
5742,5741,5743,1,0,1
5744,5743,5745,1,0,1
1337,5745,5746,1,0,1
1340,5746,5747,1,0,1
1345,1342,5748,1,1,1
5749,5750,5751,1,1,1
1500,5751,5752,1,0,1
1350,5752,5753,1,0,1
1357,1354,5754,1,1,1
1356,5754,5755,1,0,1
5644,1359,5756,0,1,1
5642,5756,5757,0,0,1
5640,5757,5758,0,0,1
5759,5638,5760,1,0,1
5761,5760,5762,1,0,1
5763,5764,5765,1,1,1
5766,5765,5767,1,0,1
5768,5769,5770,1,1,1
5771,5770,5772,1,0,1
5773,5772,5774,1,0,1
5775,5774,5776,1,0,1
5777,5776,5778,1,0,1
5779,5778,5780,1,0,1
5781,5780,5782,1,0,1
5783,5782,5784,1,0,1
5785,5786,5787,1,1,1
5788,5787,5789,1,0,1
1232,5790,5791,1,1,1
1235,1231,5792,1,1,1
1234,5792,5793,1,0,1
5707,5793,5794,0,0,1
5708,5794,5795,0,0,1
5722,1245,5796,0,1,1
5729,5796,5797,0,0,1
5732,5798,5799,0,1,1
5734,5799,5800,0,0,1
5735,5800,5801,0,0,1
5747,5738,5802,0,0,1
1339,5802,5803,1,0,1
5753,5748,5804,0,0,1
1349,5804,5805,1,0,1
5758,5755,5806,0,0,1
5762,5806,5807,0,0,1
5767,5807,5808,0,0,1
5809,5808,5810,1,0,1
5784,5810,5811,0,0,1
5791,5789,5812,0,0,1
5795,5812,5813,0,0,1
5801,5797,5814,0,0,1
5803,5736,5815,0,0,1
5813,5811,5816,0,0,1
5709,5816,5817,0,0,1
5815,5814,5818,0,0,1
5805,5818,5819,0,0,1
1352,5819,5817,1,0,0
1218,5620,5820,1,0,1,1026
5625,5820,5821,0,0,1
5706,5821,5822,0,0,1
5700,5822,5823,0,0,1
5622,5823,5824,0,0,1
5623,5824,5825,0,0,1
5680,5825,5678,0,0,0
5616,5594,5826,0,0,1,9236
5827,5614,5828,1,0,1
5829,5828,5830,1,0,1
5831,5830,5832,1,0,1
5401,5832,5833,0,0,1
5597,5833,5826,0,0,0
5790,1228,5834,0,1,1,1026
5788,5834,5835,0,0,1
5836,5837,5838,1,1,1
5839,5840,5841,1,1,1
5775,5842,5843,0,1,1
5844,5843,5845,1,0,1
5636,5846,5847,0,1,1
5682,5847,5848,0,0,1
5696,5848,5849,0,0,1
5632,5849,5850,0,0,1
5633,5850,5851,0,0,1
5630,5851,5852,0,0,1
5628,5852,5853,0,0,1
1223,5853,5854,1,0,1
1226,5854,5855,1,0,1
1229,5855,5856,1,0,1
5838,5835,5857,0,0,1
5841,5857,5858,0,0,1
5845,5858,5856,0,0,0
5783,5786,5859,0,0,1,1027
5781,5859,5860,0,0,1
5779,5860,5861,0,0,1
5842,5777,5862,0,0,1
5839,5862,5863,0,0,1
5840,5863,5864,0,0,1
5836,5864,5865,0,0,1
5837,5865,5866,0,0,1
5785,5866,5861,0,0,0
5867,5868,5869,1,1,1,1266
5870,5871,5872,1,1,1
5873,5872,5874,1,0,1
5875,5874,5876,1,0,1
5877,5876,5878,1,0,1
5879,5878,5869,1,0,0
5829,5831,5880,0,0,1,1044
5881,5880,5882,1,0,1
5883,5882,5884,1,0,1
5885,5884,5886,1,0,1
5887,5886,5888,1,0,1
5889,5888,5890,1,0,1
5891,5890,5892,1,0,1
5403,5892,5400,0,0,0
5766,5809,5893,0,0,1,1027
5763,5893,5894,0,0,1
5761,5764,5895,0,0,1
5896,5895,5897,1,0,1
5768,5897,5898,0,0,1
5769,5898,5894,0,0,0
5891,5405,5899,0,0,1,1027
5900,5889,5901,1,0,1
5902,5903,5904,1,1,1
5905,5906,5907,1,1,1
5723,5907,5908,0,0,1
5721,5724,5909,0,0,1
5719,5909,5910,0,0,1
5717,5910,5911,0,0,1
5715,5911,5912,0,0,1
5899,5912,5913,0,0,1
5901,5913,5914,0,0,1
5904,5914,5908,0,0,0
312,414,5915,1,1,1,37888
315,311,5916,1,1,1
318,314,5917,1,1,1
317,5917,5918,1,0,1
418,322,5919,1,1,1
325,5919,5920,1,0,1
324,5920,5921,1,0,1
305,4866,5922,1,0,1
5923,5924,5925,1,1,1
5915,5925,5926,0,0,1
5916,5926,5927,0,0,1
5918,5927,5928,0,0,1
5921,320,5929,0,1,1
4865,5929,5930,0,0,1
5922,5930,5928,0,0,0
5771,5773,5931,0,0,1,9220
5896,5931,5932,0,0,1
5759,5932,5933,0,0,1
5635,5933,5934,0,0,1
5846,5934,5844,0,0,0
5499,5568,5935,1,1,1,1027
5670,5935,5936,0,0,1
5493,5490,5937,1,1,1
5562,5937,5938,1,0,1
5496,5938,5939,1,0,1
5495,5939,5936,1,0,0
5940,5941,5942,1,1,1,41984
5943,5942,5944,1,0,1
5945,5944,5946,1,0,1
5883,5885,5947,0,0,1,1043
5948,5947,5949,1,0,1
5902,5906,5950,0,0,1
5900,5903,5951,0,0,1
5887,5951,5952,0,0,1
5949,5952,5950,0,0,0
5463,5523,5953,1,1,1,1027
5656,5462,5954,0,1,1
5955,5653,5956,1,0,1
5649,5957,5958,0,1,1
5452,5958,5959,1,0,1
5454,5959,5960,1,0,1
5457,5960,5961,1,0,1
5456,5961,5962,1,0,1
5460,5962,5963,1,0,1
5538,5459,5964,1,1,1
5953,5964,5965,0,0,1
5954,5965,5966,0,0,1
5956,5966,5967,0,0,1
5968,5967,5963,1,0,0
5969,5970,5971,1,1,1,1026
5972,5973,5974,1,1,1
5975,5974,5976,1,0,1
5977,5976,5978,1,0,1
5979,5978,5980,1,0,1
5981,5980,5982,1,0,1
5983,5982,5984,1,0,1
5985,5984,5986,1,0,1
5987,5986,5971,1,0,0
5957,5651,5988,0,0,1,9220
5955,5968,5989,0,0,1
5654,5989,5988,0,0,0
5990,5728,5991,1,0,1,1538
5992,5991,5993,1,0,1
5994,5993,5995,1,0,1
5996,5995,5798,1,0,0
5997,5998,5999,1,1,1,1026
6000,5999,6001,1,0,1
6002,6003,6004,1,1,1
6005,6006,6007,1,1,1
6008,6007,6009,1,0,1
6010,6009,6011,1,0,1
6012,6011,6013,1,0,1
6014,6015,6016,1,1,1
6017,6018,6019,1,1,1
6001,6020,6021,0,1,1
6013,6004,6022,0,0,1
6016,6022,6023,0,0,1
6021,6019,6024,0,0,1
6025,6024,6023,1,0,0
349,351,6026,0,0,1,37888
4877,347,6027,1,0,1
4880,6027,6028,1,0,1
4883,4879,6029,1,1,1
4885,4882,6030,1,1,1
1518,6030,6031,0,0,1
1442,6031,6032,0,0,1
1439,1443,6033,0,0,1
1437,1440,6034,0,0,1
1433,1435,6035,0,0,1
6036,6035,6037,1,0,1
354,6036,6038,0,0,1
6026,6038,6039,0,0,1
6032,6029,6040,0,0,1
6033,6040,6041,0,0,1
6034,6041,6042,0,0,1
6039,6037,6043,0,0,1
6028,6043,6042,0,0,0
6044,5992,6045,1,0,1,1554
1304,6046,6047,1,1,1
5730,6047,6048,0,0,1
5996,6048,6049,0,0,1
5994,6049,6045,0,0,0
1298,1294,6050,1,1,1,1026
6051,6050,6052,1,0,1
6053,6052,6054,1,0,1
6055,6054,6056,1,0,1
1292,6056,1295,1,0,1
6057,6046,6058,1,0,1,1553
6059,6058,1302,1,0,1
6060,6061,6062,1,1,1,1027
6063,6062,6064,1,0,1
6065,6066,6067,1,1,1
6068,6067,6069,1,0,1
6070,6069,6071,1,0,1
6072,6073,6074,1,1,1
6075,6074,6076,1,0,1
6077,6076,6078,1,0,1
6064,6078,6071,0,0,0
6059,6079,6080,1,1,1,1041
1300,6080,6081,0,0,1
1297,6081,6082,0,0,1
6051,6082,6083,1,0,1
6084,6083,6085,1,0,1
6086,6085,6087,1,0,1
1290,6087,6088,0,0,1
1287,6088,6089,0,0,1
6090,6091,6092,1,1,1,1026
6093,6092,6094,1,0,1
6095,6094,6096,1,0,1
6097,6096,6098,1,0,1
6099,6100,6101,1,1,1
6102,6103,6104,1,1,1
6098,6104,6101,0,0,0
6084,6053,6105,1,0,1,1042
6086,6105,6106,1,0,1
1289,6106,6055,1,0,0
6107,6108,6109,1,1,1,1026
6110,6109,6111,1,0,1
6112,6111,6113,1,0,1
6114,6115,6116,1,1,1
6117,6116,6118,1,0,1
6119,6120,6121,1,1,1
6122,6121,6123,1,0,1
6124,6123,6125,1,0,1
6126,6125,6127,1,0,1
6128,6127,6129,1,0,1
6130,6129,6131,1,0,1
6132,6133,6134,1,1,1
6113,6134,6135,0,0,1
6136,6135,6137,1,0,1
6131,6118,6138,0,0,1
6139,6138,6137,1,0,0
6140,6141,6142,1,1,1,1026
6143,6142,6144,1,0,1
1582,6145,6146,0,1,1,1026
6147,1579,6148,1,0,1
6149,6148,6150,1,0,1
6151,6150,6152,1,0,1
6153,6152,6154,1,0,1
6155,6156,6157,1,1,1
6158,6159,6160,1,1,1
6161,6160,6162,1,0,1
6163,6162,6164,1,0,1
1560,6165,6166,0,1,1
1557,1569,6167,0,0,1
1554,6167,6168,0,0,1
1551,1555,6169,0,0,1
1575,1552,6170,0,0,1
1573,6170,6171,0,0,1
1548,6171,6172,0,0,1
6146,1549,6173,0,0,1
6154,6173,6174,0,0,1
6175,6174,6176,1,0,1
6157,6177,6178,0,1,1
6164,6178,6179,0,0,1
6180,6179,6181,1,0,1
6168,6166,6182,0,0,1
6169,6182,6183,0,0,1
6181,6176,6184,0,0,1
6183,6185,6186,0,1,1
6172,6186,6184,0,0,0
1466,1522,6187,1,1,1,1026
1537,6188,6189,1,1,1
1471,6189,6190,1,0,1
1470,6190,6191,1,0,1
1473,6191,6192,1,0,1
1476,6192,6193,1,0,1
1475,6193,6194,1,0,1
6195,1478,6196,1,1,1
6197,6196,6198,1,0,1
6199,6198,6200,1,0,1
6201,6202,6203,1,1,1
1458,6203,6204,1,0,1
1463,1460,6205,1,1,1
1462,6205,6206,1,0,1
6194,6207,6208,0,1,1
6200,6208,6209,0,0,1
6210,6209,6211,1,0,1
6206,6204,6212,0,0,1
6187,6212,6211,0,0,0
6213,6185,6214,1,1,1,1027
6161,6214,6215,1,0,1
6163,6215,6180,1,0,1
6199,6210,6216,0,0,1,1025
6197,6216,6217,0,0,1
6218,6217,6219,1,0,1
6201,1455,6220,0,1,1
6202,6220,6219,0,0,0
6175,6153,6221,1,1,1,1027
6177,6221,6222,1,0,1
6159,6155,6223,1,1,1
6224,6223,6225,1,0,1
6226,6225,6227,1,0,1
6149,6227,6228,1,0,1
6222,6151,6229,0,1,1
6156,6229,6228,1,0,0
1486,1275,6145,0,0,0,1026
1562,6089,6230,0,0,1,1041
5424,358,5422,0,0,0,1026
6231,986,6232,1,0,1,1041
6233,6234,6235,1,1,1
984,6235,6236,0,0,1
983,6236,6237,0,0,1
6238,6237,6239,1,0,1
981,6240,6241,0,1,1
6242,982,6243,1,0,1
6244,6245,6246,1,1,1
6247,6248,6249,1,1,1
6250,6249,6251,1,0,1
6252,6253,6254,1,1,1
6255,6256,6257,1,1,1
6258,6257,6259,1,0,1
6260,6259,6261,1,0,1
6262,6263,6264,1,1,1
1186,6264,6265,0,0,1
1183,6265,6266,0,0,1
5007,1184,6267,0,0,1
1132,1134,6268,0,0,1
1130,6268,6269,0,0,1
1127,6269,6270,0,0,1
1124,1128,6271,0,0,1
1173,1125,6272,0,0,1
1122,6272,6273,0,0,1
1120,6273,6274,0,0,1
1115,1118,6275,0,0,1
1110,1155,6276,0,0,1
1108,6276,6277,0,0,1
1099,1102,6278,0,0,1
1097,6278,6279,0,0,1
5347,5338,6280,1,1,1
5351,5349,6281,1,1,1
21,6281,6282,0,0,1
6283,6282,6284,1,0,1
6285,6284,6286,1,0,1
988,6287,6288,0,1,1
6289,6288,6290,1,0,1
985,6291,6292,0,1,1
6232,6292,6293,0,0,1
6239,6294,6295,0,1,1
6246,6243,6296,0,0,1
6251,6296,6297,0,0,1
6254,6298,6299,0,1,1
6261,6299,6300,0,0,1
6266,6300,6301,0,0,1
6267,6301,6302,0,0,1
6270,6302,6303,0,0,1
6271,6303,6304,0,0,1
6274,6304,6305,0,0,1
1117,6305,6306,0,0,1
6275,6306,6307,0,0,1
6277,1113,6308,0,0,1
6279,1101,6309,0,0,1
6280,1095,6310,0,0,1
5346,6310,6311,1,0,1
6286,6311,6312,0,0,1
6290,6312,6313,0,0,1
6293,6313,6314,0,0,1
6297,6241,6315,0,0,1
6307,6315,6316,0,0,1
6308,1112,6317,0,0,1
1106,6317,6318,0,0,1
1104,6318,6319,0,0,1
6314,6309,6320,0,0,1
6295,6320,6321,0,0,1
6316,6321,6319,0,0,0
6252,6256,6322,0,0,1,1041
6298,6253,6323,0,0,1
6250,6323,6324,0,0,1
6247,6324,6325,0,0,1
6244,6248,6326,0,0,1
6242,6245,6327,0,0,1
840,6327,6328,0,0,1
915,841,6329,0,0,1
927,6329,6330,0,0,1
837,6330,6331,0,0,1
838,6331,6332,0,0,1
913,6332,6333,0,0,1
834,6333,6334,0,0,1
835,6334,6335,0,0,1
831,6335,6336,0,0,1
909,832,6337,0,0,1
5166,906,6338,1,0,1
6339,5162,6340,1,1,1
5127,6340,6341,1,0,1
5133,5129,6342,1,1,1
5132,6342,6343,1,0,1
6344,5125,6345,1,1,1
1177,6345,6346,0,0,1
1178,6346,6347,0,0,1
1174,6347,6348,0,0,1
1175,6348,6349,0,0,1
6350,6349,6351,1,0,1
6352,6351,6353,1,0,1
6354,6355,6356,1,1,1
6322,6255,6357,0,0,1
6325,6357,6358,0,0,1
6326,6358,6359,0,0,1
6328,6359,6360,0,0,1
6336,6360,6361,0,0,1
6337,6361,6362,0,0,1
6338,6362,6363,0,0,1
6341,6363,6364,0,0,1
5130,6364,6365,1,0,1
6343,6365,6366,0,0,1
6353,6366,6356,0,0,0
6260,6263,6367,0,0,1,1041
6354,6258,6368,0,0,1
6352,6355,6369,0,0,1
6350,6369,6370,0,0,1
711,6370,6371,0,0,1
712,6371,6372,0,0,1
737,6372,6373,0,0,1
6262,6373,6374,0,0,1
6367,6374,6368,0,0,0
847,849,6375,0,0,1,1041
6240,845,6376,0,0,1
6238,6376,6375,0,0,0
6294,6234,6377,0,0,1,1041
861,6231,6378,0,0,1
858,6378,6379,0,0,1
855,859,6380,0,0,1
856,6380,6381,0,0,1
6233,853,6382,0,0,1
6377,6382,6383,0,0,1
6379,6383,6381,0,0,0
6291,865,6289,0,0,0,1041
6285,6287,6384,0,0,1,1041
1253,6283,6385,0,0,1
1251,1254,6386,0,0,1
873,6386,6387,0,0,1
870,874,6388,0,0,1
6384,6388,6389,0,0,1
6385,6389,6387,0,0,0
3763,4111,6390,0,0,1,9236
3786,6390,6391,0,0,1,9235
3794,6391,6392,0,0,1
3792,6392,6393,0,0,1
3783,6393,3881,0,0,0
3851,3744,6394,1,0,1,1043
3850,6394,6395,1,0,1
3868,6395,6396,0,0,1
3784,6396,6397,0,0,1
3781,6397,3778,0,0,0
3788,3765,6398,0,0,1,1043
3762,6398,6399,0,0,1
4107,4109,6400,0,0,1
4295,4104,6401,1,0,1
4331,6401,6402,1,0,1
4333,6402,6403,1,0,1
989,6403,6404,0,0,1
990,6404,6405,0,0,1
6399,6405,6400,0,0,0
3735,3556,3750,0,0,0,1027
3743,3746,6406,0,0,1,1027
3779,6406,6407,0,0,1
3532,3759,6408,0,1,1
3529,6408,6407,0,0,0
2992,3666,6409,0,0,1,9220
3700,6409,6410,1,0,1
3989,6410,6411,1,0,1
3866,3944,6412,1,1,1
3739,6412,6413,0,0,1
6414,3737,6415,1,0,1
6411,6415,6416,0,0,1
3952,6416,6413,1,0,0
3734,6414,3554,0,0,0,9220
3558,3530,3748,0,0,0,9220
2343,2356,6417,1,1,1,1043
2550,2346,6418,1,1,1
2552,6418,6419,1,0,1
2589,6419,6420,1,0,1
2591,6420,6421,1,0,1
2510,2723,6422,1,1,1
2513,6422,6423,1,0,1
3144,6423,6424,1,0,1
3143,6424,6425,1,0,1
3208,6425,6426,1,0,1
6427,6426,6428,1,0,1
6429,6428,6430,1,0,1
6431,6430,6432,1,0,1
6433,6432,6434,1,0,1
2422,6434,6435,0,0,1
2423,6435,6436,0,0,1
6437,6436,6438,1,0,1
6417,6438,6421,0,0,0
6433,2368,6439,0,0,1,1042
6431,6439,6440,0,0,1
2259,2261,6441,0,0,1,9235
2204,6441,6442,0,0,1
2185,6442,6443,1,0,1
2354,2256,6444,1,0,1,1043
6437,6444,6445,0,0,1
2209,6445,2207,0,0,0
2223,2225,6446,0,0,1,1043
6440,6446,6447,0,0,1
6429,6447,6448,0,0,1
2187,6443,6449,1,0,1,9236
2188,6449,6450,1,0,1
2173,6451,6452,0,1,1
2170,6452,6450,0,0,0
2027,2000,6453,0,0,1,1026
2041,1994,6454,0,0,1
2036,6454,6455,0,0,1
2025,6455,6456,0,0,1
2042,6457,6458,1,1,1
2047,2045,6459,1,1,1
6453,6460,6461,0,1,1
1996,6461,6462,0,0,1
6456,1993,6463,0,0,1
6458,6463,6464,0,0,1
6459,6464,6465,0,0,1
2049,6465,6466,1,0,1
6462,2050,6467,0,1,1
1997,6467,6466,0,0,0
129,132,6468,0,0,1,1026
126,6468,6469,0,0,1
124,127,6470,0,0,1
118,122,6471,0,0,1
385,119,6472,0,0,1
115,6472,6473,0,0,1
112,116,6474,0,0,1
110,113,6475,0,0,1
107,6475,6476,0,0,1
381,108,6477,0,0,1
104,6477,6478,0,0,1
455,105,6479,0,0,1
102,6479,6480,0,0,1
96,100,6481,0,0,1
437,97,6482,0,0,1
93,6482,6483,0,0,1
94,6483,6484,0,0,1
434,6484,6485,0,0,1
91,6485,6486,0,0,1
88,6486,6487,0,0,1
86,89,6488,0,0,1
84,6488,6489,0,0,1
1061,82,6490,0,0,1
4423,6490,6491,1,0,1
6492,6491,6493,1,0,1
6494,6493,6495,1,0,1
6496,6495,6497,1,0,1
6498,6497,6499,1,0,1
3680,6499,6500,1,0,1
6501,6500,6502,1,0,1
6503,6502,6504,1,0,1
3686,6504,6505,1,0,1
3691,3688,6506,1,1,1
3694,3690,6507,1,1,1
3693,6507,6508,1,0,1
3272,6508,6509,1,0,1
3274,3271,6510,1,1,1
3279,3276,6511,1,1,1
3282,3278,6512,1,1,1
3281,6512,6513,1,0,1
3288,3286,6514,1,1,1
3110,6514,6515,1,0,1
1941,6515,6516,1,0,1
1944,6516,6517,1,0,1
1946,6517,6518,1,0,1
1950,1948,6519,1,1,1
1953,6519,6520,1,0,1
1986,1952,6521,1,1,1
1956,6521,6522,1,0,1
1959,1955,6523,1,1,1
6524,1958,6525,1,1,1
1873,6525,6526,0,0,1
1869,1871,6527,0,0,1
131,6527,6528,0,0,1
6471,121,6529,0,0,1
6473,6529,6530,0,0,1
6476,6474,6531,0,0,1
6480,6478,6532,0,0,1
99,6532,6533,0,0,1
6481,6533,6534,0,0,1
6487,6534,6535,0,0,1
6489,6535,6536,0,0,1
6505,6536,6537,0,0,1
6506,6537,6538,0,0,1
6509,6538,6539,0,0,1
6511,6510,6540,0,0,1
6513,6540,6541,0,0,1
3284,6541,6542,1,0,1
6518,6542,6543,0,0,1
6520,6543,6544,0,0,1
6522,6544,6545,0,0,1
6528,6526,6546,0,0,1
6469,6546,6547,0,0,1
6530,6470,6548,0,0,1
6531,6548,6549,0,0,1
6539,6549,6550,0,0,1
6545,6550,6551,0,0,1
6523,6551,6547,0,0,0