0,1,2,1,1,1,29248
3,4,5,1,1,1
6,5,7,1,0,1
8,7,9,1,0,1
10,11,12,1,1,1
13,12,14,1,0,1
15,16,17,1,1,1
18,19,20,1,1,1
21,20,22,1,0,1
23,24,25,1,1,1
26,25,27,1,0,1
28,29,30,1,1,1
31,30,32,1,0,1
33,32,34,1,0,1
35,36,37,1,1,1
38,37,39,1,0,1
40,41,42,1,1,1
43,42,44,1,0,1
45,44,46,1,0,1
47,48,49,1,1,1
50,49,51,1,0,1
52,53,54,1,1,1
55,56,57,1,1,1
58,57,59,1,0,1
60,61,62,1,1,1
63,62,64,1,0,1
65,64,66,1,0,1
67,66,68,1,0,1
69,68,70,1,0,1
71,70,72,1,0,1
73,72,74,1,0,1
75,76,77,1,1,1
78,77,79,1,0,1
80,81,82,1,1,1
83,82,84,1,0,1
85,84,86,1,0,1
87,88,89,1,1,1
90,91,92,1,1,1
93,94,95,1,1,1
96,97,98,1,1,1
99,98,100,1,0,1
101,102,103,1,1,1
104,105,106,1,1,1
107,108,109,1,1,1
110,111,112,1,1,1
113,114,115,1,1,1
116,117,118,1,1,1
119,118,120,1,0,1
121,122,123,1,1,1
124,123,125,1,0,1
126,125,127,1,0,1
128,127,129,1,0,1
130,129,131,1,0,1
132,133,134,1,1,1
135,136,137,1,1,1
138,137,139,1,0,1
140,141,142,1,1,1
143,144,145,1,1,1
146,145,147,1,0,1
148,147,149,1,0,1
150,149,151,1,0,1
152,153,154,1,1,1
155,154,156,1,0,1
157,156,158,1,0,1
159,158,160,1,0,1
161,160,162,1,0,1
163,162,164,1,0,1
165,164,166,1,0,1
167,166,168,1,0,1
169,168,170,1,0,1
171,170,172,1,0,1
173,172,174,1,0,1
175,174,176,1,0,1
177,176,178,1,0,1
179,178,180,1,0,1
181,180,182,1,0,1
183,182,184,1,0,1
185,184,186,1,0,1
187,186,188,1,0,1
189,188,190,1,0,1
191,190,192,1,0,1
193,192,194,1,0,1
195,194,196,1,0,1
197,196,198,1,0,1
199,200,201,1,1,1
202,203,204,1,1,1
205,204,206,1,0,1
207,206,208,1,0,1
209,208,210,1,0,1
211,210,212,1,0,1
213,214,215,1,1,1
216,217,218,1,1,1
219,218,220,1,0,1
221,220,222,1,0,1
223,224,225,1,1,1
226,227,228,1,1,1
229,228,230,1,0,1
231,232,233,1,1,1
234,235,236,1,1,1
237,238,239,1,1,1
240,241,242,1,1,1
243,242,244,1,0,1
245,246,247,1,1,1
248,249,250,1,1,1
251,252,253,1,1,1
254,253,255,1,0,1
256,255,257,1,0,1
258,257,259,1,0,1
260,259,261,1,0,1
262,263,264,1,1,1
265,266,267,1,1,1
268,267,269,1,0,1
270,269,271,1,0,1
272,271,273,1,0,1
274,273,275,1,0,1
276,275,277,1,0,1
278,277,279,1,0,1
280,281,282,1,1,1
283,284,285,1,1,1
286,285,287,1,0,1
288,287,289,1,0,1
290,291,292,1,1,1
293,294,295,1,1,1
296,297,298,1,1,1
299,300,301,1,1,1
302,303,304,1,1,1
305,306,307,1,1,1
308,309,310,1,1,1
311,312,313,1,1,1
314,315,316,1,1,1
317,316,318,1,0,1
319,318,320,1,0,1
321,322,323,1,1,1
324,323,325,1,0,1
326,327,328,1,1,1
329,330,331,1,1,1
332,331,333,1,0,1
334,335,336,1,1,1
337,336,338,1,0,1
339,340,341,1,1,1
342,343,344,1,1,1
345,344,346,1,0,1
347,346,348,1,0,1
349,350,351,1,1,1
352,351,353,1,0,1
354,353,355,1,0,1
356,357,358,1,1,1
359,358,360,1,0,1
361,362,363,1,1,1
364,363,365,1,0,1
366,365,367,1,0,1
368,369,370,1,1,1
371,372,373,1,1,1
374,373,375,1,0,1
376,377,378,1,1,1
379,380,381,1,1,1
382,383,384,1,1,1
385,384,386,1,0,1
387,386,388,1,0,1
389,390,391,1,1,1
2,391,392,0,0,1
9,392,393,0,0,1
14,393,394,0,0,1
17,394,395,0,0,1
22,395,396,0,0,1
27,396,397,0,0,1
34,397,398,0,0,1
39,398,399,0,0,1
46,399,400,0,0,1
51,400,401,0,0,1
54,401,402,0,0,1
59,402,403,0,0,1
74,403,404,0,0,1
79,404,405,0,0,1
86,405,406,0,0,1
407,406,408,1,0,1
89,408,409,0,0,1
92,409,410,0,0,1
95,410,411,0,0,1
100,411,412,0,0,1
103,412,413,0,0,1
106,413,414,0,0,1
109,414,415,0,0,1
112,415,416,0,0,1
115,416,417,0,0,1
418,417,419,1,0,1
120,419,420,0,0,1
131,420,421,0,0,1
134,421,422,0,0,1
423,422,424,1,0,1
139,424,425,0,0,1
426,425,427,1,0,1
142,428,429,0,1,1
201,430,431,0,1,1
212,431,432,0,0,1
215,433,434,0,1,1
222,434,435,0,0,1
225,435,436,0,0,1
437,436,438,1,0,1
230,438,439,0,0,1
233,439,440,0,0,1
236,440,441,0,0,1
239,441,442,0,0,1
443,442,444,1,0,1
445,444,446,1,0,1
250,247,447,0,0,1
261,447,448,0,0,1
279,264,449,0,0,1
282,449,450,0,0,1
451,450,452,1,0,1
289,452,453,0,0,1
292,453,454,0,0,1
298,295,455,0,0,1
304,301,456,0,0,1
307,456,457,0,0,1
313,310,458,0,0,1
320,458,459,0,0,1
325,459,460,0,0,1
328,460,461,0,0,1
333,461,462,0,0,1
338,462,463,0,0,1
341,463,464,0,0,1
348,464,465,0,0,1
355,465,466,0,0,1
360,466,467,0,0,1
367,467,468,0,0,1
370,468,469,0,0,1
375,469,470,0,0,1
378,470,471,0,0,1
381,471,472,0,0,1
473,472,474,1,0,1
388,474,475,0,0,1
427,475,476,0,0,1
432,198,477,0,0,1
478,477,479,1,0,1
480,479,481,1,0,1
482,481,483,1,0,1
446,483,484,0,0,1
448,244,485,0,0,1
454,486,487,0,1,1
455,487,488,0,0,1
457,488,489,0,0,1
476,489,490,0,0,1
484,151,491,0,0,1
490,485,492,0,0,1
429,492,491,0,0,0
493,494,495,1,1,1,30992
496,495,497,1,0,1
498,497,499,1,0,1
500,499,501,1,0,1
502,501,503,1,0,1
504,503,505,1,0,1
506,505,507,1,0,1
508,507,509,1,0,1
510,509,511,1,0,1
389,512,513,0,1,1,31040
390,513,514,0,0,1
387,514,515,0,0,1
385,515,516,0,0,1
382,516,517,0,0,1
383,517,518,0,0,1
473,518,519,0,0,1
379,519,520,0,0,1
380,520,521,0,0,1
376,521,522,0,0,1
377,522,523,0,0,1
374,523,524,0,0,1
371,524,525,0,0,1
372,525,526,0,0,1
368,526,527,0,0,1
366,369,528,0,0,1
364,528,529,0,0,1
359,362,530,0,0,1
354,357,531,0,0,1
352,531,532,0,0,1
347,350,533,0,0,1
345,533,534,0,0,1
339,343,535,0,0,1
337,340,536,0,0,1
332,335,537,0,0,1
326,330,538,0,0,1
324,327,539,0,0,1
319,322,540,0,0,1
541,317,542,1,0,1
510,542,543,0,0,1
508,543,544,0,0,1
506,544,545,0,0,1
504,545,546,0,0,1
502,546,547,0,0,1
498,500,548,0,0,1
496,548,549,0,0,1
527,493,550,0,0,1
529,550,551,0,0,1
361,551,552,0,0,1
530,552,553,0,0,1
356,553,554,0,0,1
532,554,555,0,0,1
349,555,556,0,0,1
534,556,557,0,0,1
342,557,558,0,0,1
535,558,559,0,0,1
536,559,560,0,0,1
334,560,561,0,0,1
537,561,562,0,0,1
329,562,563,0,0,1
538,563,564,0,0,1
539,564,565,0,0,1
321,565,566,0,0,1
540,566,567,0,0,1
547,567,549,0,0,0
568,569,570,1,1,1,30272
571,570,572,1,0,1
573,574,575,1,1,1
576,577,578,1,1,1
579,580,581,1,1,1
26,29,582,0,0,1
23,582,583,0,0,1
21,24,584,0,0,1
18,584,585,0,0,1
15,19,586,0,0,1
13,16,587,0,0,1
10,587,588,0,0,1
8,11,589,0,0,1
6,589,590,0,0,1
3,590,591,0,0,1
0,4,592,0,0,1
572,592,593,0,0,1
575,593,594,0,0,1
578,594,595,0,0,1
583,581,596,0,0,1
585,596,597,0,0,1
588,586,598,0,0,1
591,598,599,0,0,1
595,599,597,0,0,0
600,601,602,1,1,1,30432
603,604,605,1,1,1
606,605,607,1,0,1
608,607,609,1,0,1
610,609,611,1,0,1
612,611,613,1,0,1
614,613,615,1,0,1
43,616,617,0,1,1
40,617,618,0,0,1
619,620,621,1,1,1
31,622,623,0,1,1
28,623,624,0,0,1
579,624,625,0,0,1
576,580,626,0,0,1
573,577,627,0,0,1
571,574,628,0,0,1
568,628,629,0,0,1
602,629,630,0,0,1
631,630,632,1,0,1
633,632,634,1,0,1
615,634,635,0,0,1
618,635,636,0,0,1
625,621,637,0,0,1
626,637,638,0,0,1
627,638,636,0,0,0
619,622,639,0,0,1,29408
620,639,640,0,0,1
38,41,641,0,0,1
35,641,642,0,0,1
33,36,643,0,0,1
640,643,642,0,0,0
614,616,644,0,0,1,29408
608,610,645,0,0,1
603,606,646,0,0,1
52,56,647,0,0,1
53,647,648,0,0,1
50,648,649,0,0,1
47,649,650,0,0,1
45,48,651,0,0,1
644,651,652,0,0,1
612,652,653,0,0,1
645,653,654,0,0,1
646,654,650,0,0,0
631,633,655,0,0,1,29408
656,655,657,1,0,1
58,61,658,0,0,1
55,658,659,0,0,1
604,659,657,0,0,0
660,63,661,1,0,1,29344
662,661,663,1,0,1
664,665,666,1,1,1
667,668,669,1,1,1
670,671,672,1,1,1
673,674,675,1,1,1
676,675,677,1,0,1
678,679,680,1,1,1
681,682,683,1,1,1
684,685,686,1,1,1
687,688,689,1,1,1
690,689,691,1,0,1
692,693,694,1,1,1
695,696,697,1,1,1
698,697,699,1,0,1
700,701,702,1,1,1
703,702,704,1,0,1
705,706,707,1,1,1
708,707,709,1,0,1
710,709,711,1,0,1
712,711,713,1,0,1
714,715,716,1,1,1
717,718,719,1,1,1
720,721,722,1,1,1
723,722,724,1,0,1
725,724,726,1,0,1
727,728,729,1,1,1
730,729,731,1,0,1
732,733,734,1,1,1
735,736,737,1,1,1
153,738,739,0,1,1
150,739,740,0,0,1
148,740,741,0,0,1
140,144,742,0,0,1
428,141,743,0,0,1
426,743,744,0,0,1
138,744,745,0,0,1
135,745,746,0,0,1
423,136,747,0,0,1
132,747,748,0,0,1
133,748,749,0,0,1
130,749,750,0,0,1
128,750,751,0,0,1
126,751,752,0,0,1
124,752,753,0,0,1
119,122,754,0,0,1
116,754,755,0,0,1
418,117,756,0,0,1
113,756,757,0,0,1
114,757,758,0,0,1
110,758,759,0,0,1
111,759,760,0,0,1
107,760,761,0,0,1
108,761,762,0,0,1
104,762,763,0,0,1
105,763,764,0,0,1
101,764,765,0,0,1
102,765,766,0,0,1
99,766,767,0,0,1
96,767,768,0,0,1
93,97,769,0,0,1
94,769,770,0,0,1
90,770,771,0,0,1
87,91,772,0,0,1
407,88,773,0,0,1
85,773,774,0,0,1
83,774,775,0,0,1
80,775,776,0,0,1
78,81,777,0,0,1
75,777,778,0,0,1
73,76,779,0,0,1
71,779,780,0,0,1
67,69,781,0,0,1
663,65,782,0,0,1
666,782,783,0,0,1
669,783,784,0,0,1
785,784,786,1,0,1
787,786,788,1,0,1
672,788,789,0,0,1
790,789,791,1,0,1
677,791,792,0,0,1
793,792,794,1,0,1
680,794,795,0,0,1
683,795,796,0,0,1
797,796,798,1,0,1
686,798,799,0,0,1
691,799,800,0,0,1
801,800,802,1,0,1
803,802,804,1,0,1
694,804,805,0,0,1
699,805,806,0,0,1
807,806,808,1,0,1
704,808,809,0,0,1
713,809,810,0,0,1
716,810,811,0,0,1
719,812,813,0,1,1
726,813,814,0,0,1
731,814,815,0,0,1
734,816,817,0,1,1
737,817,818,0,0,1
741,818,819,0,0,1
146,819,820,0,0,1
143,820,821,0,0,1
742,821,822,0,0,1
746,822,823,0,0,1
753,823,824,0,0,1
121,824,825,0,0,1
755,825,826,0,0,1
768,826,827,0,0,1
771,827,828,0,0,1
772,828,829,0,0,1
776,829,830,0,0,1
778,830,831,0,0,1
780,831,832,0,0,1
781,832,833,0,0,1
811,833,815,0,0,0
311,315,834,0,0,1,30272
308,312,835,0,0,1
305,309,836,0,0,1
306,836,837,0,0,1
302,837,838,0,0,1
299,303,839,0,0,1
296,300,840,0,0,1
293,297,841,0,0,1
290,294,842,0,0,1
291,842,843,0,0,1
288,843,844,0,0,1
286,844,845,0,0,1
451,284,846,0,0,1
280,846,847,0,0,1
278,281,848,0,0,1
276,848,849,0,0,1
274,849,850,0,0,1
272,850,851,0,0,1
270,851,852,0,0,1
853,268,854,1,0,1
855,854,856,1,0,1
857,856,858,1,0,1
859,860,861,1,1,1
862,863,864,1,1,1
865,864,866,1,0,1
202,866,867,0,0,1
203,867,868,0,0,1
199,868,869,0,0,1
430,200,870,0,0,1
197,870,871,0,0,1
195,871,872,0,0,1
191,193,873,0,0,1
187,189,874,0,0,1
185,874,875,0,0,1
181,183,876,0,0,1
179,876,877,0,0,1
175,177,878,0,0,1
171,173,879,0,0,1
169,879,880,0,0,1
165,167,881,0,0,1
882,881,883,1,0,1
884,883,885,1,0,1
834,885,886,0,0,1
835,886,887,0,0,1
838,887,888,0,0,1
839,888,889,0,0,1
840,889,890,0,0,1
841,890,891,0,0,1
845,891,892,0,0,1
283,892,893,0,0,1
847,893,894,0,0,1
852,894,895,0,0,1
869,896,897,0,1,1
872,897,898,0,0,1
873,898,899,0,0,1
875,899,900,0,0,1
880,878,901,0,0,1
895,901,902,0,0,1
858,902,903,0,0,1
900,861,904,0,0,1
877,904,903,0,0,0
905,906,907,1,1,1,33344
908,909,910,1,1,1
911,912,913,1,1,1
914,913,915,1,0,1
916,915,917,1,0,1
907,918,919,0,1,1
910,919,917,0,0,0
801,803,920,0,0,1,29088
690,920,921,0,0,1
687,921,922,0,0,1
684,688,923,0,0,1
797,685,924,0,0,1
681,924,925,0,0,1
682,925,926,0,0,1
678,926,927,0,0,1
793,679,928,0,0,1
676,928,929,0,0,1
673,929,930,0,0,1
790,674,931,0,0,1
670,931,932,0,0,1
787,671,933,0,0,1
785,933,934,0,0,1
667,934,935,0,0,1
664,668,936,0,0,1
937,936,938,1,0,1
939,938,940,1,0,1
941,942,943,1,1,1
944,943,945,1,0,1
946,945,947,1,0,1
152,947,948,0,0,1
738,948,949,0,0,1
735,949,950,0,0,1
736,950,951,0,0,1
732,951,952,0,0,1
733,952,953,0,0,1
816,953,954,0,0,1
730,954,955,0,0,1
727,955,956,0,0,1
728,956,957,0,0,1
725,957,958,0,0,1
723,958,959,0,0,1
720,959,960,0,0,1
721,960,961,0,0,1
717,961,962,0,0,1
718,962,963,0,0,1
812,963,964,0,0,1
714,964,965,0,0,1
715,965,966,0,0,1
712,966,967,0,0,1
710,967,968,0,0,1
708,968,969,0,0,1
705,969,970,0,0,1
706,970,971,0,0,1
703,971,972,0,0,1
700,972,973,0,0,1
701,973,974,0,0,1
807,974,975,0,0,1
698,975,976,0,0,1
695,976,977,0,0,1
696,977,978,0,0,1
692,978,979,0,0,1
693,979,980,0,0,1
923,922,981,0,0,1
930,927,982,0,0,1
935,932,983,0,0,1
940,983,984,0,0,1
981,980,985,0,0,1
982,985,984,0,0,0
258,260,986,0,0,1,33344
256,986,987,0,0,1
988,987,989,1,0,1
990,989,991,1,0,1
853,992,993,0,1,1
265,993,994,0,0,1
266,994,995,0,0,1
262,995,996,0,0,1
263,996,997,0,0,1
486,997,991,0,0,0
998,992,999,1,0,1,34368
1000,999,1001,1,0,1
1002,1001,855,1,0,0
1003,254,1004,1,0,1,38464
1005,1006,1007,1,1,1
1008,1007,1009,1,0,1
860,1009,1010,0,0,1
1002,857,1011,0,0,1
998,1000,1012,0,0,1
990,1012,1013,0,0,1
1004,988,1014,0,0,1
1010,1015,1016,0,1,1
1011,1016,1017,0,0,1
1013,1017,1014,0,0,0
1018,251,1019,1,0,1,30277
1005,1020,1021,0,1,1
1015,1006,1022,0,0,1
1003,1022,1023,0,0,1
1019,1023,1021,0,0,0
248,252,1024,0,0,1,30272
245,249,1025,0,0,1
243,246,1026,0,0,1
240,1026,1027,0,0,1
445,241,1028,0,0,1
443,1028,1029,0,0,1
237,1029,1030,0,0,1
238,1030,1031,0,0,1
234,1031,1032,0,0,1
231,235,1033,0,0,1
229,232,1034,0,0,1
226,1034,1035,0,0,1
437,227,1036,0,0,1
223,1036,1037,0,0,1
221,224,1038,0,0,1
1039,1038,1040,1,0,1
1041,1042,1043,1,1,1
1044,1043,1045,1,0,1
1018,1045,1046,0,0,1
1024,1046,1047,0,0,1
1025,1047,1048,0,0,1
1027,1048,1049,0,0,1
1032,1049,1050,0,0,1
1033,1050,1051,0,0,1
1035,1051,1052,0,0,1
1037,1052,1040,0,0,0
1020,1008,1053,0,0,1,34368
1044,1053,1054,0,0,1
1041,1054,1055,0,0,1
1039,1042,1056,0,0,1
219,1056,1057,0,0,1
1058,1057,1059,1,0,1
1060,1059,1061,1,0,1
863,1061,1062,0,0,1
896,1062,1063,0,0,1
859,1063,1055,0,0,0
216,1058,1064,0,0,1,33344
217,1064,1065,0,0,1
213,1065,1066,0,0,1
433,214,1067,0,0,1
482,1067,1068,0,0,1
480,1068,1069,0,0,1
1070,1069,1071,1,0,1
1072,1071,1073,1,0,1
1074,1073,1075,1,0,1
1076,1075,1077,1,0,1
1078,1079,1080,1,1,1
209,1080,1081,0,0,1
205,207,1082,0,0,1
865,1082,1083,0,0,1
862,1083,1084,0,0,1
1060,1084,1085,0,0,1
1066,1085,1086,0,0,1
1077,1086,1081,0,0,0
1074,1076,1087,0,0,1,21059
1072,1087,1088,0,0,1
211,1089,1090,0,1,1
1078,1090,1091,0,0,1
1088,1079,1092,0,0,1
1093,1092,1091,1,0,0
478,1070,1094,0,0,1,37440
1089,1094,1093,0,0,0
662,665,1095,0,0,1,29600
1096,1095,1097,1,0,1
941,1098,1099,0,1,1
942,1099,1100,0,0,1
939,1100,1101,0,0,1
937,1101,1097,0,0,0
946,155,1102,0,0,1,28992
161,1103,1104,0,1,1
159,1104,1105,0,0,1
157,1105,1102,0,0,0