0,1,0,470
1,2,0,-1
2,0,0,1
3,0,1,481
2,3,1,2
4,3,2,486
2,4,2,3
5,4,3,509
2,5,3,4
6,5,4,519
2,6,4,5
7,6,5,518
2,7,5,6
8,7,6,517
2,8,6,7
9,8,7,583
2,9,7,8
10,9,8,583
2,10,8,9
11,10,9,582
2,11,9,10
12,11,10,582
2,12,10,52
13,14,11,570
14,12,11,581
12,13,11,52
15,16,12,702
16,13,12,620
13,15,12,13
17,15,13,710
13,17,13,14
18,17,14,709
13,18,14,15
19,18,15,708
13,19,15,53
20,21,16,707
21,19,16,708
19,20,16,54
22,23,17,923
23,20,17,707
20,22,17,55
24,25,18,943
25,22,18,922
22,24,18,19
26,24,19,942
22,26,19,20
27,26,20,941
22,27,20,21
28,27,21,940
22,28,21,22
29,28,22,964
22,29,22,56
30,31,23,976
31,29,23,977
29,30,23,24
32,30,24,975
29,32,24,57
33,34,25,1106
34,35,25,1099
35,33,25,59
36,37,26,1105
37,33,26,1106
33,36,26,60
38,39,27,1137
39,40,27,1138
40,38,27,62
41,42,28,1135
42,38,28,1136
38,41,28,63
43,44,29,1195
44,41,29,1134
41,43,29,30
45,43,30,1194
41,45,30,31
46,45,31,1357
41,46,31,32
47,46,32,1356
41,47,32,33
48,47,33,1356
41,48,33,64
49,50,34,1394
50,48,34,1360
48,49,34,65
51,52,35,1188
52,49,35,1398
49,51,35,36
53,51,36,1440
49,53,36,66
54,55,37,1483
55,53,37,1440
53,54,37,38
56,54,38,1530
53,56,38,39
57,56,39,1547
53,57,39,40
58,57,40,1546
53,58,40,41
59,58,41,1545
53,59,41,67
60,61,42,1543
61,59,42,1544
59,60,42,43
62,60,43,1542
59,62,43,68
63,64,44,1726
64,62,44,1541
62,63,44,45
65,63,45,1725
62,65,45,46
66,65,46,1725
62,66,46,47
67,66,47,534
62,67,47,48
68,67,48,421
62,68,48,49
69,68,49,465
62,69,49,50
70,69,50,464
62,70,50,51
2,70,51,463
62,2,51,68
2,13,52,53
2,19,53,54
2,20,54,55
2,22,55,56
2,29,56,57
2,32,57,58
35,32,58,974
2,35,58,59
2,33,59,60
2,36,60,61
40,36,61,1138
2,40,61,62
2,38,62,63
2,41,63,64
2,48,64,65
2,49,65,66
2,53,66,67
2,59,67,68
71,72,69,556
72,73,69,543
73,71,69,70
74,71,70,542
73,74,70,71
75,74,71,541
73,75,71,108
76,77,72,539
77,75,72,540
75,76,72,109
78,79,73,537
79,76,73,538
76,78,73,74
80,78,74,536
76,80,74,110
81,66,75,1731
66,80,75,535
80,81,75,76
82,81,76,1758
80,82,76,77
83,82,77,1847
80,83,77,78
84,83,78,1855
80,84,78,79
85,84,79,1854
80,85,79,111
86,87,80,1943
87,85,80,1853
85,86,80,112
88,89,81,1992
89,86,81,1943
86,88,81,113
90,91,82,1990
91,88,82,1991
88,90,82,83
92,90,83,160
88,92,83,84
93,92,84,197
88,93,84,85
94,93,85,197
88,94,85,86
95,94,86,218
88,95,86,87
96,95,87,196
88,96,87,88
97,96,88,195
88,97,88,114
98,99,89,194
99,97,89,195
97,98,89,90
100,98,90,193
97,100,90,115
101,102,91,191
102,103,91,192
103,101,91,117
104,105,92,1627
105,101,92,191
101,104,92,93
106,104,93,1010
101,106,93,94
107,106,94,1009
101,107,94,95
108,107,95,1008
101,108,95,96
109,108,96,1007
101,109,96,97
110,109,97,1006
101,110,97,98
111,110,98,1005
101,111,98,99
112,111,99,1004
101,112,99,100
113,112,100,1003
101,113,100,101
114,113,101,1002
101,114,101,102
115,114,102,1001
101,115,102,103
116,115,103,1000
101,116,103,118
117,118,104,998
118,116,104,999
116,117,104,105
119,117,105,997
116,119,105,118
120,121,106,995
121,119,106,996
119,120,106,107
73,120,107,994
119,73,107,108
119,75,108,109
119,76,109,110
119,80,110,111
119,85,111,112
119,86,112,113
119,88,113,114
119,97,114,115
119,100,115,116
103,100,116,192
119,103,116,117
119,101,117,118
122,123,119,1150
123,124,119,1151
124,122,119,134
125,126,120,1149
126,122,120,1150
122,125,120,121
127,125,121,1148
122,127,121,122
128,127,122,1147
122,128,122,123
129,128,123,1297
122,129,123,124
130,129,124,1220
122,130,124,125
131,130,125,1821
122,131,125,126
132,131,126,1829
122,132,126,135
133,134,127,1827
134,132,127,1828
132,133,127,136
135,136,128,1883
136,133,128,1826
133,135,128,129
137,135,129,1872
133,137,129,137
138,139,130,1211
139,140,130,1880
140,138,130,139
141,142,131,1210
142,138,131,1211
138,141,131,140
143,144,132,1209
144,141,132,1210
141,143,132,141
124,145,133,1208
145,143,133,1209
143,124,133,134
143,122,134,135
143,132,135,136
143,133,136,137
143,137,137,138
146,137,138,1872
143,146,138,141
140,146,139,1881
146,138,139,140
146,141,140,141
147,148,142,1499
148,149,142,1785
149,147,142,176
150,151,143,1497
151,147,143,1498
147,150,143,177
152,153,144,1494
153,154,144,1495
154,152,144,145
155,152,145,1737
154,155,145,146
156,155,146,1736
154,156,146,147
157,156,147,1994
154,157,147,148
158,157,148,2006
154,158,148,149
159,158,149,2005
154,159,149,150
160,159,150,2004
154,160,150,151
161,160,151,2003
154,161,151,152
162,161,152,2002
154,162,152,153
163,162,153,2001
154,163,153,178
164,165,154,2000
165,163,154,2001
163,164,154,155
166,164,155,2014
163,166,155,156
167,166,156,2013
163,167,156,157
168,167,157,2012
163,168,157,158
169,168,158,2011
163,169,158,159
170,169,159,2010
163,170,159,179
92,171,160,2009
171,90,160,161
172,90,161,1989
171,172,161,162
173,172,162,1988
171,173,162,181
174,175,163,1944
175,173,163,1988
173,174,163,164
176,174,164,1938
173,176,164,165
177,176,165,1932
173,177,165,182
178,179,166,1892
179,177,166,1931
177,178,166,183
180,181,167,1891
181,178,167,1892
178,180,167,168
182,180,168,1890
178,182,168,184
183,184,169,1867
184,182,169,1889
182,183,169,185
185,186,170,1866
186,183,170,1867
183,185,170,171
187,185,171,1865
183,187,171,172
188,187,172,1840
183,188,172,186
189,190,173,1804
190,191,173,1814
191,189,173,189
192,193,174,1803
193,189,174,1804
189,192,174,175
194,192,175,1787
189,194,175,190
149,194,176,1786
194,147,176,177
194,150,177,190
154,150,178,1496
150,163,178,179
150,170,179,180
171,170,180,2009
150,171,180,181
150,173,181,182
150,177,182,183
150,178,183,184
150,182,184,185
150,183,185,186
150,188,186,187
195,188,187,1834
150,195,187,188
191,195,188,1805
150,191,188,189
150,189,189,190
105,102,191,216
102,100,192,193
102,98,193,194
102,99,194,217
99,96,195,196
99,95,196,222
94,92,197,198
196,92,198,2020
94,196,198,199
197,196,199,2031
94,197,199,200
198,197,200,2031
94,198,200,201
199,198,201,2034
94,199,201,218
200,201,202,2018
201,202,202,2033
202,200,202,203
203,200,203,1641
202,203,203,204
204,203,204,1640
202,204,204,205
205,204,205,1639
202,205,205,206
206,205,206,2067
202,206,206,207
207,206,207,2067
202,207,207,208
208,207,208,2066
202,208,208,209
209,208,209,2065
202,209,209,210
210,209,210,1633
202,210,210,211
211,210,211,1633
202,211,211,212
212,211,212,1632
202,212,212,219
213,214,213,1631
214,212,213,1632
212,213,213,214
215,213,214,1630
212,215,214,215
216,215,215,1629
212,216,215,220
105,216,216,1628
216,102,216,217
216,99,217,221
95,199,218,222
202,199,219,2034
199,212,219,220
199,216,220,221
199,99,221,222
217,218,223,-1
218,219,223,-1
219,217,223,2111,41
220,221,224,2110
221,222,224,-1
222,220,224,225
223,220,225,2109
222,223,225,230
224,225,226,231
225,223,226,232
223,224,226,227
226,224,227,231
223,226,227,228
227,226,228,2100,70
223,227,228,229
228,227,229,2099,70
223,228,229,230
222,228,230,2098,70
226,225,231,251
229,223,232,2108
225,229,232,233
230,229,233,2107
225,230,233,234
231,230,234,722
225,231,234,235
232,231,235,723
225,232,235,252
233,234,236,286
234,232,236,285
232,233,236,237
235,233,237,287
232,235,237,238
236,235,238,288
232,236,238,253
237,238,239,261
238,236,239,289
236,237,239,240
239,237,240,-916
236,239,240,241
240,239,241,-916
236,240,241,242
241,240,242,263
236,241,242,243
242,241,243,-1
236,242,243,256
243,244,244,2096
244,242,244,2097
242,243,244,254
245,226,245,250,70
226,243,245,2096
243,245,245,254
246,247,246,248,70
247,245,246,249,70
245,246,246,257
246,248,247,258,70
248,249,247,255,70
249,246,247,248
249,247,248,249
249,245,249,250
249,226,250,251
249,225,251,252
249,232,252,253
249,236,253,255
242,245,254,256
248,236,255,258
236,245,256,257
236,246,257,258
250,251,259,296
251,241,259,-1
241,250,259,260
252,250,260,480
241,252,260,264
238,253,261,290
253,237,261,265
240,254,262,-660
254,237,262,-660
237,240,262,263
237,241,263,264
237,252,264,265
253,252,265,479
255,256,266,320
256,251,266,-1
251,255,266,267
257,255,267,319
251,257,267,297
258,259,268,318
259,257,268,319
257,258,268,298
260,261,269,316
261,258,269,317
258,260,269,299
262,263,270,314
263,260,270,315
260,262,270,300
264,265,271,363
265,262,271,314
262,264,271,272
266,264,272,775
262,266,272,273
267,266,273,787
262,267,273,274
268,267,274,786
262,268,274,310
269,270,275,784
270,268,275,785
268,269,275,306
271,272,276,1107
272,273,276,782
273,271,276,277
274,271,277,730
273,274,277,278
275,274,278,729
273,275,278,279
276,275,279,728
273,276,279,301
277,278,280,727
278,276,280,728
276,277,280,281
279,277,281,726
276,279,281,302
280,281,282,725
281,279,282,726
279,280,282,283
282,280,283,724
279,282,283,303
232,283,284,723
283,282,284,724
282,232,284,285
282,234,285,286
282,233,286,287
282,235,287,288
282,236,288,289
282,238,289,290
282,253,290,291
284,253,291,478
282,284,291,292
285,284,292,477
282,285,292,293
286,285,293,476
282,286,293,303
287,288,294,473
288,289,294,474
289,287,294,295
290,287,295,472
289,290,295,309
250,291,296,471
291,251,296,297
291,257,297,298
291,258,298,299
291,260,299,300
291,262,300,305
273,269,301,783
269,276,301,302
269,279,302,306
279,286,303,304
292,286,304,475
279,292,304,307
291,290,305,471
290,262,305,309
268,279,306,307
268,292,307,308
289,292,308,474
268,289,308,310
289,262,309,310
293,294,311,325
294,256,311,-1
256,293,311,312
295,293,312,324
256,295,312,313
265,295,313,364
256,265,313,321
265,263,314,315
265,260,315,316
265,261,316,317
265,258,317,318
265,259,318,321
259,255,319,320
259,256,320,321
296,297,322,335
297,294,322,-1
294,296,322,323
298,296,323,335
294,298,323,325
295,299,324,489
299,293,324,326
293,298,325,326
299,298,326,334
300,301,327,366
301,297,327,-1
297,300,327,328
302,300,328,494
297,302,328,329
303,302,329,494
297,303,329,330
304,303,330,493
297,304,330,331
305,304,331,492
297,305,331,332
306,305,332,492
297,306,332,336
299,307,333,489
307,308,333,490
308,299,333,334
308,298,334,337
298,297,335,336
298,306,336,337
308,306,337,491
309,310,338,378
310,301,338,-1
301,309,338,367
311,312,339,376
312,309,339,377
309,311,339,340
313,311,340,503
309,313,340,368
314,315,341,501
315,313,341,502
313,314,341,342
316,314,342,593
313,316,342,343
317,316,343,631
313,317,343,369
318,319,344,913
319,317,344,630
317,318,344,345
320,318,345,912
317,320,345,346
321,320,346,679
317,321,346,347
322,321,347,678
317,322,347,348
323,322,348,677
317,323,348,349
324,323,349,676
317,324,349,350
325,324,350,675
317,325,350,351
326,325,351,674
317,326,351,352
327,326,352,673
317,327,352,353
328,327,353,1223
317,328,353,354
329,328,354,1144
317,329,354,355
330,329,355,1144
317,330,355,356
331,330,356,1158
317,331,356,357
332,331,357,1143
317,332,357,358
333,332,358,1142
317,333,358,359
334,333,359,1142
317,334,359,370
335,336,360,780
336,334,360,1141
334,335,360,361
337,335,361,779
334,337,361,370
338,339,362,776
339,340,362,777
340,338,362,372
264,338,363,775
338,265,363,364
338,295,364,365
341,295,365,488
338,341,365,373
300,341,366,488
341,301,366,367
341,309,367,368
341,313,368,369
341,317,369,373
317,337,370,371
340,337,371,778
317,340,371,372
317,338,372,373
342,343,374,382
343,310,374,-1
310,342,374,375
344,342,375,381
310,344,375,378
311,344,376,503
344,312,376,377
344,309,377,378
345,346,379,396
346,343,379,-1
343,345,379,380
347,345,380,520
343,347,380,382
344,347,381,497
347,342,381,382
348,349,383,402
349,346,383,-1
346,348,383,396
350,351,384,-1
351,352,384,400
352,350,384,385
353,350,385,418
352,353,385,386
354,353,386,531
352,354,386,387
355,354,387,531
352,355,387,388
356,355,388,530
352,356,388,389
357,356,389,529
352,357,389,398
358,359,390,528
359,357,390,529
357,358,390,391
360,358,391,633
357,360,391,392
361,360,392,587
357,361,392,393
362,361,393,586
357,362,393,394
363,362,394,521
357,363,394,395
345,363,395,520
357,345,395,399
345,348,396,397
364,348,397,402
345,364,397,399
352,364,398,401
364,357,398,399
351,349,400,-1
349,352,400,401
349,364,401,402
365,366,403,454
366,350,403,-1
350,365,403,404
367,365,404,453
350,367,404,405
368,367,405,453
350,368,405,406
369,368,406,452
350,369,406,407
370,369,407,452
350,370,407,408
371,370,408,451
350,371,408,409
372,371,409,653
350,372,409,410
373,372,410,653
350,373,410,411
374,373,411,685
350,374,411,419
375,376,412,651
376,374,412,652
374,375,412,419
377,378,413,683
378,375,413,651
375,377,413,414
379,377,414,526
375,379,414,415
380,379,415,525
375,380,415,416
381,380,416,525
375,381,416,417
353,381,417,532
375,353,417,418
375,350,418,419
68,382,420,465
382,366,420,-1
366,68,420,421
366,67,421,422
383,67,422,534
366,383,422,423
384,383,423,555
366,384,423,424
385,384,424,554
366,385,424,425
386,385,425,553
366,386,425,426
387,386,426,552
366,387,426,427
388,387,427,551
366,388,427,428
389,388,428,551
366,389,428,429
390,389,429,550
366,390,429,430
391,390,430,550
366,391,430,431
392,391,431,549
366,392,431,432
393,392,432,549
366,393,432,433
394,393,433,548
366,394,433,434
395,394,434,548
366,395,434,435
396,395,435,547
366,396,435,436
397,396,436,546
366,397,436,437
398,397,437,546
366,398,437,438
399,398,438,545
366,399,438,439
400,399,439,545
366,400,439,440
401,400,440,544
366,401,440,454
402,403,441,991
403,401,441,992
401,402,441,455
404,405,442,989
405,402,442,990
402,404,442,456
406,407,443,988
407,404,443,989
404,406,443,457
408,409,444,987
409,406,444,988
406,408,444,445
410,408,445,986
406,410,445,446
411,410,446,985
406,411,446,458
412,413,447,1036
413,411,447,985
411,412,447,448
414,412,448,984
411,414,448,459
415,416,449,983
416,414,449,984
414,415,449,460
371,417,450,654
417,415,450,983
415,371,450,451
415,370,451,460
370,368,452,461
368,365,453,462
365,401,454,455
365,402,455,456
365,404,456,457
365,406,457,458
365,411,458,459
365,414,459,462
414,370,460,461
414,368,461,462
2,382,463,-1
382,70,463,464
382,69,464,465
418,419,466,-1
419,1,466,-1
1,418,466,467
420,418,467,504
1,420,467,468
421,420,468,483
1,421,468,470
0,422,469,481
422,421,469,482
421,0,469,470
250,290,471,472
250,287,472,473
250,288,473,480
288,292,474,475
288,286,475,476
288,285,476,477
288,284,477,478
288,253,478,479
288,252,479,480
3,422,481,482
3,421,482,483
3,420,483,484
423,420,484,508
3,423,484,487
424,425,485,510
425,423,485,507
423,424,485,487
4,424,486,509
424,3,486,487
300,295,488,495
295,307,489,490
295,308,490,491
295,306,491,496
306,304,492,493
306,303,493,496
303,300,494,495
303,295,495,496
426,347,497,524
344,426,497,498
427,426,498,524
344,427,498,499
428,427,499,595
344,428,499,500
314,428,500,594
344,314,500,501
344,315,501,502
344,313,502,503
429,418,504,-1
420,429,504,508
430,431,505,512
431,429,505,572
429,430,505,506
425,430,506,511
429,425,506,507
429,423,507,508
5,424,509,510
5,425,510,511
5,430,511,512
5,431,512,513
432,431,513,577
5,432,513,514
433,432,514,563
5,433,514,515
434,433,515,563
5,434,515,516
435,434,516,578
5,435,516,519
8,435,517,578
435,7,517,518
435,6,518,519
347,363,520,521
347,362,521,522
436,362,522,585
347,436,522,523
427,436,523,585
347,427,523,524
381,379,525,526
381,377,526,527
358,377,527,633
381,358,527,528
381,359,528,533
359,356,529,530
359,355,530,533
355,353,531,532
355,381,532,533
383,66,534,535
383,80,535,536
383,78,536,537
383,79,537,538
383,76,538,539
383,77,539,540
383,75,540,541
383,74,541,542
383,71,542,562
401,73,543,993
72,401,543,544
72,400,544,556
400,398,545,557
398,396,546,547
398,395,547,558
395,393,548,559
393,391,549,559
391,389,550,560
389,387,551,552
389,386,552,553
389,385,553,554
389,384,554,555
389,383,555,561
71,400,556,557
71,398,557,558
71,395,558,562
395,391,559,560
395,389,560,561
395,383,561,562
434,432,563,564
437,432,564,577
434,437,564,565
438,437,565,596
434,438,565,566
439,438,566,623
434,439,566,567
440,439,567,623
434,440,567,568
441,440,568,622
434,441,568,569
13,441,569,621
434,13,569,570
434,14,570,571
442,14,571,580
434,442,571,579
443,429,572,-1
431,443,572,573
444,443,573,614
431,444,573,574
445,444,574,618
431,445,574,575
446,445,575,617
431,446,575,576
437,446,576,596
431,437,576,577
8,434,578,579
8,442,579,580
8,14,580,581
8,12,581,584
12,10,582,584
10,8,583,584
427,362,585,586
427,361,586,587
427,360,587,588
447,360,588,643
427,447,588,589
448,447,589,642
427,448,589,590
449,448,590,641
427,449,590,595
450,451,591,625
451,449,591,626
449,450,591,592
316,450,592,625
449,316,592,593
449,314,593,594
449,428,594,595
438,446,596,597
452,446,597,616
438,452,597,598
453,452,598,615
438,453,598,599
454,453,599,700
438,454,599,600
455,454,600,864
438,455,600,610
456,457,601,879
457,455,601,864
455,456,601,613
458,459,602,862
459,460,602,863
460,458,602,603
461,458,603,902
460,461,603,604
462,461,604,889
460,462,604,611
463,464,605,888
464,462,605,889
462,463,605,606
465,463,606,770
462,465,606,612
466,467,607,716
467,465,607,770
465,466,607,608
468,466,608,619
465,468,608,609
438,468,609,624
465,438,609,610
465,455,610,612
460,456,611,863
456,462,611,613
462,455,612,613
469,443,614,-1
444,469,614,618
453,469,615,698
469,452,615,616
469,446,616,617
469,445,617,618
16,466,619,716
468,16,619,620
468,13,620,621
468,441,621,622
468,440,622,624
440,438,623,624
316,451,625,632
470,449,626,640
451,470,626,632
471,472,627,639
472,470,627,640
470,471,627,628
473,471,628,910
470,473,628,629
319,473,629,913
470,319,629,630
470,317,630,631
470,316,631,632
360,377,633,634
474,377,634,683
360,474,634,635
475,474,635,682
360,475,635,636
476,475,636,681
360,476,636,644
477,478,637,680
478,476,637,681
476,477,637,638
471,477,638,910
476,471,638,639
476,472,639,644
472,449,640,641
472,448,641,642
472,447,642,643
472,360,643,644
479,480,645,-50930
480,481,645,-50930
481,479,645,646
482,479,646,-50930
481,482,646,650
483,484,647,-50930
484,482,647,-50930
482,483,647,648
485,483,648,-50930
482,485,648,649
486,485,649,690
482,486,649,650
481,486,650,-50930
378,376,651,652
378,374,652,684
373,371,653,654
373,417,654,655
487,417,655,1033
373,487,655,656
488,487,656,1033
373,488,656,657
489,488,657,1032
373,489,657,658
490,489,658,1031
373,490,658,659
491,490,659,1030
373,491,659,660
492,491,660,1030
373,492,660,661
493,492,661,1029
373,493,661,662
494,493,662,1028
373,494,662,663
495,494,663,1027
373,495,663,664
496,495,664,1026
373,496,664,685
497,498,665,1232
498,496,665,1026
496,497,665,666
499,497,666,1231
496,499,666,667
500,499,667,1230
496,500,667,668
501,500,668,1229
496,501,668,669
502,501,669,1228
496,502,669,670
503,502,670,1227
496,503,670,671
504,503,671,1226
496,504,671,686
327,505,672,1224
505,504,672,1225
504,327,672,673
504,326,673,674
504,325,674,675
504,324,675,676
504,323,676,677
504,322,677,678
504,321,678,687
477,320,679,911
321,477,679,680
321,478,680,688
478,475,681,682
478,474,682,689
474,378,683,684
474,374,684,689
374,496,685,686
374,504,686,687
374,321,687,688
374,478,688,689
486,506,690,-50930
506,485,690,695
507,508,691,-50930
508,509,691,-50930
509,507,691,692
510,507,692,-50930
509,510,692,697
511,512,693,-50930
512,510,693,-50930
510,511,693,694
513,511,694,-50930
510,513,694,697
506,513,695,-50930
513,485,695,696
509,485,696,-50930
513,509,696,697
514,469,698,-1
453,514,698,701
515,516,699,823
516,514,699,824
514,515,699,701
454,515,700,823
515,453,700,701
517,16,702,719
15,517,702,703
518,517,703,815
15,518,703,710
519,520,704,788
520,521,704,802
521,519,704,712
522,523,705,793
523,524,705,794
524,522,705,706
23,522,706,914
524,23,706,714
23,21,707,714
21,18,708,709
21,17,709,715
17,518,710,711
521,518,711,795
17,521,711,712
17,519,712,713
524,519,713,788
17,524,713,715
524,21,714,715
16,467,716,717
525,467,717,774
16,525,717,720
526,527,718,804
527,528,718,897
528,526,718,721
517,526,719,804
526,16,719,720
526,525,720,721
528,525,721,774
230,529,722,2106
529,231,722,756
231,283,723,757
283,280,724,725
283,281,725,758
281,277,726,727
281,278,727,759
278,275,728,729
278,274,729,730
278,271,730,731
530,271,731,1112
278,530,731,732
531,530,732,1127
278,531,732,733
532,531,733,1126
278,532,733,734
533,532,734,1125
278,533,734,735
534,533,735,1284
278,534,735,760
535,536,736,1283
536,534,736,1284
534,535,736,737
537,535,737,1282
534,537,737,738
538,537,738,1281
534,538,738,761
539,540,739,1516
540,538,739,1280
538,539,739,740
541,539,740,1527
538,541,740,762
542,543,741,1526
543,541,741,1527
541,542,741,763
544,545,742,1524
545,542,742,1525
542,544,742,764
546,547,743,1522
547,544,743,1523
544,546,743,765
548,549,744,1521
549,546,744,1522
546,548,744,745
550,548,745,1276
546,550,745,766
551,552,746,1275
552,550,746,1276
550,551,746,747
553,551,747,1274
550,553,747,767
554,555,748,1272
555,556,748,1273
556,554,748,749
557,554,749,1271
556,557,749,769
558,559,750,1270
559,557,750,1271
557,558,750,751
560,558,751,-1
557,560,751,752
561,560,752,2101
557,561,752,753
562,561,753,2102
557,562,753,754
563,562,754,2103
557,563,754,769
529,564,755,2105
564,563,755,2104
563,529,755,756
563,231,756,757
563,283,757,758
563,281,758,759
563,278,759,760
563,534,760,761
563,538,761,762
563,541,762,763
563,542,763,764
563,544,764,765
563,546,765,766
563,550,766,767
563,553,767,768
556,553,768,1273
563,556,768,769
467,463,770,771
565,463,771,888
467,565,771,772
566,565,772,887
467,566,772,773
528,566,773,887
467,528,773,774
266,338,775,776
266,339,776,777
266,340,777,778
266,337,778,779
266,335,779,780
266,336,780,787
272,567,781,1107
567,336,781,1108
336,272,781,782
336,273,782,783
336,269,783,784
336,270,784,785
336,268,785,786
336,267,786,787
524,520,788,789
568,520,789,802
524,568,789,790
569,568,790,801
524,569,790,791
570,569,791,800
524,570,791,794
522,571,792,914
571,570,792,915
570,522,792,793
570,523,793,794
572,518,795,815
521,572,795,796
573,572,796,821
521,573,796,797
574,573,797,814
521,574,797,803
575,576,798,813
576,574,798,814
574,575,798,799
570,575,799,915
574,570,799,800
574,569,800,801
574,568,801,803
568,521,802,803
517,527,804,805
577,527,805,896
517,577,805,806
578,577,806,895
517,578,806,816
579,580,807,931
580,578,807,925
578,579,807,817
581,582,808,929
582,583,808,930
583,581,808,809
584,581,809,939
583,584,809,810
585,584,810,938
583,585,810,811
586,585,811,937
583,586,811,812
587,586,812,917
583,587,812,818
575,587,813,916
587,576,813,819
576,573,814,820
572,517,815,816
572,578,816,817
572,579,817,821
583,588,818,930
588,587,818,819
588,576,819,820
588,573,820,822
573,579,821,822
588,579,822,931
454,516,823,865
589,514,824,-1
516,589,824,825
590,589,825,1399
516,590,825,866
591,592,826,1406
592,590,826,1407
590,591,826,867
593,594,827,1404
594,591,827,1405
591,593,827,868
595,596,828,1402
596,593,828,1403
593,595,828,869
597,598,829,1400
598,595,829,1401
595,597,829,830
599,597,830,1492
595,599,830,831
600,599,831,1491
595,600,831,832
601,600,832,1490
595,601,832,833
602,601,833,1489
595,602,833,870
603,604,834,1488
604,602,834,1489
602,603,834,871
605,606,835,1487
606,603,835,1488
603,605,835,836
607,605,836,1460
603,607,836,837
608,607,837,1597
603,608,837,838
609,608,838,1596
603,609,838,871
610,611,839,1594
611,612,839,1595
612,610,839,840
613,610,840,1457
612,613,840,841
614,613,841,1456
612,614,841,872
615,616,842,1443
616,614,842,1455
614,615,842,843
617,615,843,1409
614,617,843,844
618,617,844,1409
614,618,844,845
619,618,845,1374
614,619,845,846
620,619,846,1350
614,620,846,872
621,622,847,1348
622,620,847,1349
620,621,847,873
623,624,848,1346
624,625,848,1347
625,623,848,884
626,627,849,1199
627,623,849,1346
623,626,849,874
628,629,850,1052
629,626,850,1199
626,628,850,851
630,628,851,1055
626,630,851,852
631,630,852,1064
626,631,852,853
632,631,853,1089
626,632,853,854
633,632,854,1089
626,633,854,874
634,635,855,1061
635,633,855,1088
633,634,855,856
636,634,856,1085
633,636,856,875
637,638,857,1086
638,639,857,1084
639,637,857,858
640,637,858,1059
639,640,858,876
641,642,859,956
642,640,859,1059
640,641,859,860
643,641,860,905
640,643,860,861
644,643,861,904
640,644,861,876
458,644,862,903
644,459,862,877
459,456,863,878
457,454,864,865
457,516,865,866
457,590,866,867
457,591,867,868
457,593,868,869
457,595,869,870
457,602,870,879
602,609,871,880
612,620,872,873
612,621,873,882
623,633,874,875
623,636,875,884
639,644,876,877
639,459,877,878
639,456,878,885
456,602,879,880
456,609,880,881
612,609,881,1595
456,612,881,882
456,621,882,883
625,621,883,1347
456,625,883,886
625,636,884,886
639,636,885,1084
636,456,885,886
528,565,887,897
565,464,888,898
464,461,889,890
645,461,890,902
464,645,890,891
646,645,891,901
464,646,891,892
647,646,892,900
464,647,892,898
648,649,893,946
649,647,893,900
647,648,893,894
578,648,894,925
647,578,894,895
647,577,895,896
647,527,896,899
527,565,897,899
565,647,898,899
649,646,900,901
649,645,901,909
645,458,902,903
645,644,903,904
645,643,904,905
645,641,905,906
650,641,906,962
645,650,906,907
651,650,907,961
645,651,907,908
652,651,908,955
645,652,908,909
649,652,909,947
473,477,910,911
473,320,911,912
473,318,912,913
23,571,914,924
571,575,915,916
571,587,916,917
571,586,917,918
653,586,918,937
571,653,918,919
654,653,919,936
571,654,919,920
655,654,920,936
571,655,920,921
656,655,921,935
571,656,921,924
25,656,922,935
656,22,922,923
656,23,923,924
580,648,925,926
657,648,926,946
580,657,926,927
658,657,927,952
580,658,927,932
659,660,928,1044
660,658,928,952
658,659,928,933
581,659,929,965
659,582,929,934
582,588,930,934
588,580,931,932
588,658,932,933
588,659,933,934
25,655,935,944
655,653,936,945
653,585,937,938
653,584,938,945
28,581,939,964
584,28,939,940
584,27,940,941
584,26,941,942
584,24,942,943
584,25,943,944
584,655,944,945
657,649,946,953
661,652,947,955
649,661,947,948
662,661,948,960
649,662,948,953
663,664,949,1057
664,662,949,959
662,663,949,950
665,663,950,1078
662,665,950,951
660,665,951,1044
662,660,951,954
660,657,952,954
657,662,953,954
661,651,955,960
666,642,956,1067
641,666,956,957
667,666,957,1049
641,667,957,958
668,667,958,1049
641,668,958,962
664,668,959,1054
668,662,959,963
662,651,960,961
662,650,961,963
650,668,962,963
29,581,964,965
29,659,965,977
669,670,966,1041
670,659,966,1048
659,669,966,978
671,672,967,1042
672,669,967,1043
669,671,967,968
673,671,968,1074
669,673,968,981
674,675,969,1120
675,676,969,1072
676,674,969,970
677,674,970,1119
676,677,970,979
678,679,971,1093
679,677,971,1118
677,678,971,972
680,678,972,1092
677,680,972,979
35,681,973,1100
681,680,973,1092
680,35,973,974
680,32,974,975
680,30,975,976
680,31,976,980
31,659,977,978
31,669,978,980
676,680,979,982
680,669,980,981
680,673,981,982
676,673,982,1073
417,416,983,1034
416,412,984,1035
413,410,985,986
413,408,986,987
413,409,987,1037
409,407,988,1038
407,405,989,990
407,402,990,991
407,403,991,992
407,401,992,993
407,73,993,994
407,120,994,995
407,121,995,996
407,119,996,997
407,117,997,998
407,118,998,999
407,116,999,1000
407,115,1000,1001
407,114,1001,1002
407,113,1002,1003
407,112,1003,1004
407,111,1004,1005
407,110,1005,1006
407,109,1006,1007
407,108,1007,1008
407,107,1008,1009
407,106,1009,1010
407,104,1010,1011
682,104,1011,1626
407,682,1011,1012
683,682,1012,1626
407,683,1012,1013
684,683,1013,1625
407,684,1013,1014
685,684,1014,1625
407,685,1014,1015
686,685,1015,1624
407,686,1015,1016
687,686,1016,1624
407,687,1016,1017
688,687,1017,1623
407,688,1017,1018
689,688,1018,1623
407,689,1018,1019
690,689,1019,1686
407,690,1019,1020
691,690,1020,1622
407,691,1020,1021
692,691,1021,1621
407,692,1021,1022
693,692,1022,1620
407,693,1022,1023
694,693,1023,1619
407,694,1023,1024
695,694,1024,1619
407,695,1024,1025
498,695,1025,1233
407,498,1025,1039
498,495,1026,1027
498,494,1027,1028
498,493,1028,1029
498,492,1029,1040
492,490,1030,1031
492,489,1031,1032
492,488,1032,1040
488,417,1033,1034
488,416,1034,1035
488,412,1035,1036
488,413,1036,1037
488,409,1037,1038
488,407,1038,1039
488,498,1039,1040
696,670,1041,1048
669,696,1041,1043
671,696,1042,1075
696,672,1042,1043
659,665,1044,1045
697,665,1045,1078
659,697,1045,1046
698,697,1046,1068
659,698,1046,1047
696,698,1047,1076
659,696,1047,1048
668,666,1049,1050
699,666,1050,1066
668,699,1050,1051
700,699,1051,1065
668,700,1051,1054
701,629,1052,1198
628,701,1052,1053
702,701,1053,1169
628,702,1053,1055
664,700,1054,1057
630,702,1055,1056
663,702,1056,1079
630,663,1056,1058
663,700,1057,1058
630,700,1058,1065
642,637,1059,1060
634,637,1060,1086
642,634,1060,1061
642,635,1061,1062
703,635,1062,1087
642,703,1062,1063
631,703,1063,1087
642,631,1063,1064
642,630,1064,1067
630,699,1065,1066
630,666,1066,1067
704,697,1068,1083
698,704,1068,1077
705,706,1069,1082
706,704,1069,1083
704,705,1069,1070
707,705,1070,1174
704,707,1070,1071
708,707,1071,1113
704,708,1071,1077
675,708,1072,1113
708,676,1072,1073
708,673,1073,1074
708,671,1074,1075
708,696,1075,1076
708,698,1076,1077
697,663,1078,1079
697,702,1079,1080
709,702,1080,1169
697,709,1080,1081
705,709,1081,1175
697,705,1081,1082
697,706,1082,1083
638,636,1084,1085
638,634,1085,1086
631,635,1087,1088
631,633,1088,1089
710,711,1090,-50930
711,712,1090,1162
712,710,1090,1091
713,710,1091,-50930
712,713,1091,-50930
681,678,1092,1101
714,679,1093,1117
678,714,1093,1094
715,714,1094,1116
678,715,1094,1095
716,715,1095,1177
678,716,1095,1101
717,718,1096,1130
718,716,1096,1181
716,717,1096,1097
719,717,1097,1129
716,719,1097,1098
34,719,1098,1102
716,34,1098,1099
716,35,1099,1100
716,681,1100,1101
720,719,1102,1128
34,720,1102,1103
721,720,1103,1128
34,721,1103,1104
36,721,1104,1139
34,36,1104,1105
34,37,1105,1106
271,567,1107,1108
271,336,1108,1109
722,336,1109,1141
271,722,1109,1110
723,722,1110,1155
271,723,1110,1111
724,723,1111,1154
271,724,1111,1112
530,724,1112,1121
675,707,1113,1114
725,707,1114,1173
675,725,1114,1115
726,725,1115,1173
675,726,1115,1120
715,726,1116,1177
726,714,1116,1117
726,679,1117,1118
726,677,1118,1119
726,674,1119,1120
727,724,1121,1153
530,727,1121,1122
728,727,1122,1206
530,728,1122,1123
729,728,1123,1286
530,729,1123,1127
533,730,1124,1285
730,729,1124,1286
729,533,1124,1125
729,532,1125,1126
729,531,1126,1127
721,719,1128,1129
721,717,1129,1140
731,718,1130,1181
717,731,1130,1131
732,731,1131,1182
717,732,1131,1132
733,732,1132,1197
717,733,1132,1133
44,733,1133,1196
717,44,1133,1134
717,41,1134,1135
717,42,1135,1136
717,38,1136,1137
717,39,1137,1140
39,36,1138,1139
39,721,1139,1140
722,334,1141,1156
334,332,1142,1143
334,331,1143,1157
330,328,1144,1145
734,328,1145,1222
330,734,1145,1159
735,736,1146,1221
736,734,1146,1222
734,735,1146,1160
128,735,1147,1221
735,127,1147,1148
735,125,1148,1149
735,126,1149,1160
126,123,1150,1161
737,124,1151,1207
123,737,1151,1152
727,737,1152,1206
123,727,1152,1153
123,724,1153,1154
123,723,1154,1155
123,722,1155,1156
123,334,1156,1157
123,331,1157,1158
123,330,1158,1159
123,734,1159,1161
734,126,1160,1161
738,712,1162,-50930
711,738,1162,1163
739,738,1163,-50930
711,739,1163,1164
740,739,1164,-50930
711,740,1164,1165
741,740,1165,-50930
711,741,1165,1166
742,741,1166,-50930
711,742,1166,1168
743,744,1167,-50930
744,742,1167,-50930
742,743,1167,1168
711,743,1168,-50930
709,701,1169,1170
745,701,1170,1198
709,745,1170,1171
746,745,1171,1204
709,746,1171,1172
747,746,1172,1340
709,747,1172,1175
726,707,1173,1174
726,705,1174,1176
705,747,1175,1176
726,747,1176,1178
716,726,1177,1178
716,747,1178,1179
748,747,1179,1340
716,748,1179,1180
731,748,1180,1182
716,731,1180,1181
732,748,1182,1183
749,748,1183,1345
732,749,1183,1184
750,749,1184,1419
732,750,1184,1185
751,750,1185,1422
732,751,1185,1197
752,753,1186,1431
753,751,1186,1432
751,752,1186,1187
51,752,1187,1431
751,51,1187,1188
751,52,1188,1189
754,52,1189,1397
751,754,1189,1190
755,754,1190,1396
751,755,1190,1191
756,755,1191,1395
751,756,1191,1192
757,756,1192,1358
751,757,1192,1193
45,757,1193,1357
751,45,1193,1194
751,43,1194,1195
751,44,1195,1196
751,733,1196,1197
745,629,1198,1205
629,627,1199,1200
758,627,1200,1354
629,758,1200,1201
759,758,1201,1362
629,759,1201,1205
760,761,1202,1342
761,759,1202,1371
759,760,1202,1203
746,760,1203,1341
759,746,1203,1204
759,745,1204,1205
728,737,1206,1207
728,124,1207,1208
728,145,1208,1287
145,144,1209,1288
144,142,1210,1289
142,139,1211,1212
762,139,1212,1879
142,762,1212,1290
763,764,1213,1876
764,765,1213,1877
765,763,1213,1292
136,766,1214,1883
766,767,1214,1884
767,136,1214,1215
768,136,1215,1826
767,768,1215,1216
769,768,1216,1825
767,769,1216,1294
770,771,1217,1831
771,772,1217,1823
772,770,1217,1218
773,770,1218,1822
772,773,1218,1339
130,774,1219,1821
774,773,1219,1822
773,130,1219,1220
773,129,1220,1333
128,736,1221,1297
736,328,1222,1223
736,327,1223,1224
736,505,1224,1225
736,504,1225,1226
736,503,1226,1227
736,502,1227,1228
736,501,1228,1229
736,500,1229,1230
736,499,1230,1231
736,497,1231,1232
736,498,1232,1233
736,695,1233,1234
775,695,1234,1684
736,775,1234,1298
776,777,1235,1683
777,775,1235,1684
775,776,1235,1299
778,779,1236,1682
779,776,1236,1683
776,778,1236,1237
780,778,1237,1681
776,780,1237,1300
781,782,1238,1680
782,780,1238,1681
780,781,1238,1301
783,784,1239,1679
784,781,1239,1680
781,783,1239,1240
785,783,1240,1678
781,785,1240,1302
786,787,1241,1677
787,785,1241,1678
785,786,1241,1242
788,786,1242,1676
785,788,1242,1303
789,790,1243,1675
790,788,1243,1676
788,789,1243,1304
791,792,1244,1674
792,789,1244,1675
789,791,1244,1305
793,794,1245,1673
794,791,1245,1674
791,793,1245,1246
795,793,1246,1672
791,795,1246,1306
796,797,1247,1671
797,795,1247,1672
795,796,1247,1307
798,799,1248,1670
799,796,1248,1671
796,798,1248,1308
800,801,1249,1669
801,798,1249,1670
798,800,1249,1309
802,803,1250,1668
803,800,1250,1669
800,802,1250,1251
804,802,1251,1667
800,804,1251,1310
805,806,1252,1666
806,804,1252,1667
804,805,1252,1311
807,808,1253,1665
808,805,1253,1666
805,807,1253,1312
809,810,1254,1664
810,807,1254,1665
807,809,1254,1313
811,812,1255,1663
812,809,1255,1664
809,811,1255,1256
813,811,1256,1662
809,813,1256,1334
814,815,1257,1659
815,816,1257,1660
816,814,1257,1314
817,818,1258,1657
818,814,1258,1658
814,817,1258,1315
819,820,1259,1656
820,817,1259,1657
817,819,1259,1337
821,822,1260,1655
822,819,1260,1656
819,821,1260,1261
823,821,1261,1654
819,823,1261,1338
824,825,1262,1652
825,826,1262,1653
826,824,1262,1263
827,824,1263,2082
826,827,1263,1264
828,827,1264,2081
826,828,1264,1316
829,830,1265,2080
830,828,1265,2081
828,829,1265,1317
831,832,1266,2079
832,829,1266,2080
829,831,1266,1318
833,834,1267,2078
834,831,1267,2079
831,833,1267,1319
835,836,1268,2085
836,833,1268,2078
833,835,1268,1269
558,835,1269,-1
833,558,1269,1270
833,559,1270,1320
559,554,1271,1272
559,555,1272,1321
555,553,1273,1274
555,551,1274,1275
555,552,1275,1322
552,548,1276,1277
837,548,1277,1520
552,837,1277,1323
838,839,1278,1519
839,837,1278,1520
837,838,1278,1324
840,841,1279,1517
841,838,1279,1518
838,840,1279,1325
540,840,1280,1516
840,538,1280,1281
840,537,1281,1282
840,535,1282,1283
840,536,1283,1326
536,533,1284,1285
536,730,1285,1327
730,728,1286,1287
730,145,1287,1288
730,144,1288,1289
730,142,1289,1290
730,762,1290,1291
842,762,1291,1878
730,842,1291,1328
765,842,1292,1877
842,763,1292,1293
843,763,1293,1875
842,843,1293,1329
767,844,1294,1884
844,769,1294,1295
845,769,1295,1824
844,845,1295,1296
772,845,1296,1823
844,772,1296,1332
129,736,1297,1298
129,775,1298,1299
129,776,1299,1300
129,780,1300,1301
129,781,1301,1302
129,785,1302,1303
129,788,1303,1304
129,789,1304,1305
129,791,1305,1306
129,795,1306,1307
129,796,1307,1308
129,798,1308,1309
129,800,1309,1310
129,804,1310,1311
129,805,1311,1312
129,807,1312,1313
129,809,1313,1333
816,846,1314,1660
846,814,1314,1315
846,817,1315,1336
826,823,1316,1654
823,828,1316,1317
823,829,1317,1318
823,831,1318,1319
823,833,1319,1320
823,559,1320,1321
823,555,1321,1322
823,552,1322,1323
823,837,1323,1324
823,838,1324,1325
823,840,1325,1326
823,536,1326,1327
823,730,1327,1328
823,842,1328,1329
823,843,1329,1330
847,843,1330,1874
823,847,1330,1331
844,847,1331,1874
823,844,1331,1332
823,772,1332,1338
773,809,1333,1334
773,813,1334,1335
846,813,1335,1661
773,846,1335,1336
773,817,1336,1337
773,819,1337,1339
819,772,1338,1339
748,746,1340,1341
748,760,1341,1342
748,761,1342,1343
848,761,1343,1371
748,848,1343,1344
849,848,1344,1383
748,849,1344,1345
749,849,1345,1419
627,624,1346,1355
624,621,1347,1348
624,622,1348,1349
624,620,1349,1350
624,619,1350,1351
850,619,1351,1373
624,850,1351,1352
851,850,1352,1372
624,851,1352,1355
758,852,1353,1362
852,851,1353,1372
851,758,1353,1354
851,627,1354,1355
48,46,1356,1361
46,757,1357,1361
853,756,1358,1395
757,853,1358,1359
50,853,1359,1394
757,50,1359,1360
757,48,1360,1361
759,852,1362,1363
854,852,1363,1375
759,854,1363,1364
855,854,1364,1376
759,855,1364,1365
856,855,1365,1387
759,856,1365,1366
857,856,1366,1389
759,857,1366,1367
858,857,1367,1393
759,858,1367,1368
859,858,1368,1386
759,859,1368,1369
860,859,1369,1385
759,860,1369,1370
848,860,1370,1384
759,848,1370,1371
852,850,1372,1373
852,619,1373,1375
854,618,1374,1376
619,854,1374,1375
855,618,1376,1377
861,618,1377,1416
855,861,1377,1378
862,861,1378,1416
855,862,1378,1387
863,864,1379,1414
864,862,1379,1415
862,863,1379,1390
865,866,1380,1467
866,863,1380,1413
863,865,1380,1391
867,868,1381,1433
868,869,1381,1471
869,867,1381,1382
870,867,1382,1421
869,870,1382,1388
849,870,1383,1420
870,848,1383,1384
870,860,1384,1385
870,859,1385,1386
870,858,1386,1392
856,862,1387,1389
869,865,1388,1471
865,870,1388,1391
857,862,1389,1390
857,863,1390,1393
863,870,1391,1392
863,858,1392,1393
49,853,1394,1398
853,755,1395,1396
853,754,1396,1397
853,52,1397,1398
871,589,1399,-1
590,871,1399,1407
597,872,1400,1738
872,598,1400,1401
872,595,1401,1402
872,596,1402,1403
872,593,1403,1404
872,594,1404,1405
872,591,1405,1406
872,592,1406,1408
592,871,1407,1408
872,871,1408,1732
618,615,1409,1410
873,615,1410,1449
618,873,1410,1411
874,873,1411,1442
618,874,1411,1417
866,875,1412,1451
875,876,1412,1447
876,866,1412,1413
876,863,1413,1414
876,864,1414,1415
876,862,1415,1418
862,618,1416,1417
862,874,1417,1418
876,874,1418,1442
750,849,1419,1420
750,870,1420,1421
750,867,1421,1422
751,867,1422,1432
877,878,1423,-50930
878,879,1423,-50930
879,877,1423,1424
880,877,1424,-50930
879,880,1424,1425
881,880,1425,-50930
879,881,1425,1426
882,881,1426,-50930
879,882,1426,1430
883,884,1427,-50930
884,882,1427,-50930
882,883,1427,1428
885,883,1428,-50930
882,885,1428,1429
886,885,1429,-50930
882,886,1429,1430
879,886,1430,-50930
51,753,1431,1441
753,867,1432,1433
753,868,1433,1434
887,868,1434,1475
753,887,1434,1435
888,887,1435,1484
753,888,1435,1436
889,888,1436,1508
753,889,1436,1437
890,889,1437,1551
753,890,1437,1438
891,890,1438,1476
753,891,1438,1439
55,891,1439,1476
753,55,1439,1441
55,51,1440,1441
876,873,1442,1448
892,616,1443,1455
615,892,1443,1444
893,892,1444,1454
615,893,1444,1445
894,893,1445,1453
615,894,1445,1450
895,896,1446,1452
896,894,1446,1453
894,895,1446,1450
875,895,1447,1451
895,876,1447,1448
895,873,1448,1449
895,615,1449,1450
866,895,1451,1452
866,896,1452,1468
896,893,1453,1454
896,892,1454,1469
892,614,1455,1456
892,613,1456,1457
892,610,1457,1458
897,610,1458,1594
892,897,1458,1470
898,899,1459,1599
899,897,1459,1600
897,898,1459,1470
607,898,1460,1598
898,605,1460,1461
900,605,1461,1486
898,900,1461,1462
901,900,1462,1486
898,901,1462,1463
902,901,1463,1485
898,902,1463,1464
903,902,1464,1474
898,903,1464,1465
904,903,1465,1473
898,904,1465,1466
865,904,1466,1472
898,865,1466,1467
898,866,1467,1468
898,896,1468,1469
898,892,1469,1470
868,865,1471,1472
868,904,1472,1473
868,903,1473,1474
868,902,1474,1475
887,902,1475,1484
55,890,1476,1477
905,890,1477,1555
55,905,1477,1483
906,907,1478,1570
907,905,1478,1555
905,906,1478,1479
908,906,1479,1580
905,908,1479,1480
909,908,1480,1579
905,909,1480,1481
910,909,1481,1531
905,910,1481,1482
54,910,1482,1530
905,54,1482,1483
888,902,1484,1485
888,901,1485,1509
901,605,1486,1487
901,606,1487,1510
606,604,1488,1510
604,601,1489,1490
604,600,1490,1491
604,599,1491,1511
911,597,1492,1738
599,911,1492,1493
152,911,1493,1737
599,152,1493,1494
599,153,1494,1495
599,154,1495,1496
599,150,1496,1497
599,151,1497,1498
599,147,1498,1499
599,148,1499,1500
912,148,1500,1784
599,912,1500,1501
913,912,1501,1743
599,913,1501,1502
914,913,1502,1742
599,914,1502,1511
915,916,1503,1560
916,914,1503,1608
914,915,1503,1504
917,915,1504,1559
914,917,1504,1505
918,917,1505,1558
914,918,1505,1512
919,920,1506,1557
920,918,1506,1558
918,919,1506,1513
921,922,1507,1552
922,919,1507,1556
919,921,1507,1514
889,921,1508,1551
921,888,1508,1509
921,901,1509,1515
901,604,1510,1515
604,914,1511,1512
604,918,1512,1513
604,919,1513,1514
604,921,1514,1515
539,840,1516,1517
539,841,1517,1518
539,838,1518,1519
539,839,1519,1528
839,548,1520,1521
839,549,1521,1529
549,547,1522,1523
549,544,1523,1524
549,545,1524,1525
549,542,1525,1526
549,543,1526,1529
543,539,1527,1528
543,839,1528,1529
56,910,1530,1531
56,909,1531,1532
923,909,1532,1579
56,923,1532,1533
924,923,1533,1571
56,924,1533,1548
925,926,1534,1588
926,924,1534,1577
924,925,1534,1548
927,928,1535,1591
928,929,1535,1592
929,927,1535,1536
930,927,1536,1612
929,930,1536,1537
931,930,1537,1718
929,931,1537,1549
932,933,1538,1723
933,931,1538,1724
931,932,1538,1539
934,932,1539,1747
931,934,1539,1540
64,934,1540,1726
931,64,1540,1541
931,62,1541,1542
931,60,1542,1543
931,61,1543,1544
931,59,1544,1545
931,58,1545,1546
931,57,1546,1547
931,56,1547,1550
56,925,1548,1550
929,925,1549,1593
925,931,1549,1550
890,921,1551,1552
890,922,1552,1553
935,922,1553,1556
890,935,1553,1554
907,935,1554,1566
890,907,1554,1555
935,919,1556,1557
935,920,1557,1565
920,917,1558,1559
920,915,1559,1560
920,916,1560,1561
936,916,1561,1607
920,936,1561,1562
937,936,1562,1603
920,937,1562,1563
938,937,1563,1602
920,938,1563,1564
939,938,1564,1567
920,939,1564,1565
935,939,1565,1566
907,939,1566,1567
907,938,1567,1568
940,938,1568,1601
907,940,1568,1569
941,940,1569,1581
907,941,1569,1570
906,941,1570,1580
942,923,1571,1584
924,942,1571,1578
943,944,1572,1587
944,942,1572,1584
942,943,1572,1573
945,943,1573,1583
942,945,1573,1578
946,947,1574,1604
947,945,1574,1583
945,946,1574,1575
948,946,1575,1605
945,948,1575,1576
926,948,1576,1588
945,926,1576,1577
945,924,1577,1578
923,908,1579,1585
908,941,1580,1581
908,940,1581,1582
947,940,1582,1601
908,947,1582,1586
947,943,1583,1586
944,923,1584,1585
944,908,1585,1587
908,943,1586,1587
925,948,1588,1589
949,948,1589,1605
925,949,1589,1593
927,950,1590,1612
950,949,1590,1610
949,927,1590,1591
949,928,1591,1592
949,929,1592,1593
897,611,1594,1600
611,609,1595,1596
611,608,1596,1597
611,607,1597,1598
611,898,1598,1599
611,899,1599,1600
947,938,1601,1602
947,937,1602,1603
947,936,1603,1604
946,936,1604,1606
949,946,1605,1606
949,936,1606,1607
949,916,1607,1608
949,914,1608,1611
951,952,1609,1614
952,914,1609,1741
914,951,1609,1611
950,951,1610,1613
951,949,1610,1611
930,950,1612,1613
930,951,1613,1614
930,952,1614,1615
953,952,1615,1741
930,953,1615,1616
954,953,1616,1745
930,954,1616,1617
955,954,1617,1782
930,955,1617,1618
956,955,1618,1719
930,956,1618,1718
695,693,1619,1620
695,692,1620,1621
695,691,1621,1622
695,690,1622,1685
689,687,1623,1687
687,685,1624,1688
685,683,1625,1689
683,104,1626,1627
683,105,1627,1628
683,216,1628,1629
683,215,1629,1630
683,213,1630,1631
683,214,1631,1689
214,211,1632,1690
211,209,1633,1634
957,209,1634,2065
211,957,1634,1635
958,957,1635,2077
211,958,1635,1691
959,960,1636,2075
960,958,1636,2076
958,959,1636,1692
961,962,1637,2071
962,963,1637,2072
963,961,1637,1638
964,961,1638,2070
963,964,1638,1693
205,965,1639,2068
965,204,1639,1640
965,203,1640,1694
966,200,1641,2054
203,966,1641,1642
967,966,1642,1953
203,967,1642,1643
968,967,1643,2089
203,968,1643,1644
969,968,1644,2095
203,969,1644,1645
970,969,1645,2094
203,970,1645,1646
971,970,1646,2093
203,971,1646,1647
972,971,1647,2092
203,972,1647,1648
973,972,1648,2091
203,973,1648,1649
974,973,1649,2090
203,974,1649,1650
975,974,1650,-1
203,975,1650,1651
824,975,1651,2083
203,824,1651,1652
203,825,1652,1653
203,826,1653,1695
826,821,1654,1655
826,822,1655,1696
822,820,1656,1697
820,818,1657,1658
820,814,1658,1659
820,815,1659,1697
815,846,1660,1661
815,813,1661,1662
815,811,1662,1663
815,812,1663,1709
812,810,1664,1710
810,808,1665,1698
808,806,1666,1698
806,802,1667,1668
806,803,1668,1699
803,801,1669,1700
801,799,1670,1701
799,797,1671,1701
797,793,1672,1673
797,794,1673,1713
794,792,1674,1714
792,790,1675,1702
790,786,1676,1677
790,787,1677,1702
787,783,1678,1679
787,784,1679,1703
784,782,1680,1704
782,778,1681,1682
782,779,1682,1704
779,777,1683,1705
777,695,1684,1685
777,690,1685,1686
777,689,1686,1687
777,687,1687,1688
777,685,1688,1705
685,214,1689,1690
685,211,1690,1691
685,958,1691,1692
685,959,1692,1706
963,976,1693,2073
976,964,1693,1707
965,964,1694,2069
964,203,1694,1695
964,826,1695,1696
964,822,1696,1707
822,815,1697,1708
810,806,1698,1699
810,803,1699,1700
810,801,1700,1711
801,797,1701,1712
792,787,1702,1703
792,784,1703,1715
784,779,1704,1716
779,685,1705,1706
779,959,1706,1716
976,822,1707,1708
976,815,1708,1709
976,812,1709,1710
976,810,1710,1711
976,801,1711,1712
976,797,1712,1713
976,794,1713,1714
976,792,1714,1715
976,784,1715,1717
784,959,1716,1717
976,959,1717,2074
931,956,1718,1719
931,955,1719,1724
977,978,1720,1775
978,955,1720,1782
955,977,1720,1721
979,977,1721,1774
955,979,1721,1722
932,979,1722,1747
955,932,1722,1723
955,933,1723,1724
66,63,1725,1731
63,934,1726,1727
980,934,1727,1762
63,980,1727,1728
981,980,1728,1761
63,981,1728,1729
982,981,1729,1760
63,982,1729,1730
81,982,1730,1759
63,81,1730,1731
983,871,1732,-1
872,983,1732,1733
984,983,1733,1950
872,984,1733,1734
985,984,1734,1949
872,985,1734,1735
986,985,1735,1949
872,986,1735,1739
156,986,1736,1984
986,155,1736,1739
155,911,1737,1740
911,872,1738,1740
872,155,1739,1740
953,914,1741,1742
953,913,1742,1743
953,912,1743,1746
987,988,1744,1783
988,912,1744,1784
912,987,1744,1746
954,987,1745,1783
987,953,1745,1746
934,979,1747,1748
989,979,1748,1774
934,989,1748,1749
990,989,1749,1780
934,990,1749,1750
991,990,1750,1779
934,991,1750,1751
992,991,1751,1802
934,992,1751,1762
993,994,1752,1820
994,992,1752,1801
992,993,1752,1753
995,993,1753,1819
992,995,1753,1754
996,995,1754,1843
992,996,1754,1755
997,996,1755,1846
992,997,1755,1756
998,997,1756,1886
992,998,1756,1757
82,998,1757,1847
992,82,1757,1758
992,81,1758,1759
992,982,1759,1760
992,981,1760,1761
992,980,1761,1762
999,1000,1763,-38194
1000,1001,1763,-38194
1001,999,1763,1764
1002,999,1764,-38194
1001,1002,1764,1765
1003,1002,1765,-38194
1001,1003,1765,1766
1004,1003,1766,-38194
1001,1004,1766,1767
1005,1004,1767,-38194
1001,1005,1767,-38194
1006,1007,1768,-51458
1007,1008,1768,-51458
1008,1006,1768,1769
1009,1006,1769,-51458
1008,1009,1769,1770
1010,1009,1770,-51458
1008,1010,1770,1771
1011,1010,1771,-51458
1008,1011,1771,1773
1012,1013,1772,-51458
1013,1011,1772,-51458
1011,1012,1772,1773
1008,1012,1773,-51458
989,977,1774,1781
1014,978,1775,1793
977,1014,1775,1781
1015,1016,1776,1792
1016,1014,1776,1793
1014,1015,1776,1777
1017,1015,1777,1791
1014,1017,1777,1778
991,1017,1778,1797
1014,991,1778,1779
1014,990,1779,1780
1014,989,1780,1781
978,954,1782,1794
954,988,1783,1795
988,148,1784,1785
988,149,1785,1786
988,194,1786,1787
988,192,1787,1788
1018,192,1788,1803
988,1018,1788,1796
1019,1020,1789,1798
1020,1018,1789,1811
1018,1019,1789,1790
1017,1019,1790,1797
1018,1017,1790,1791
1018,1015,1791,1792
1018,1016,1792,1796
1016,978,1793,1794
1016,954,1794,1795
1016,988,1795,1796
991,1019,1797,1802
1021,1020,1798,1810
1019,1021,1798,1799
1022,1021,1799,1815
1019,1022,1799,1800
994,1022,1800,1815
1019,994,1800,1801
1019,992,1801,1802
1018,193,1803,1812
193,190,1804,1813
1023,195,1805,1834
191,1023,1805,1806
1024,1023,1806,1833
191,1024,1806,1807
1025,1024,1807,1833
191,1025,1807,1814
1026,1027,1808,1838
1027,1025,1808,1837
1025,1026,1808,1809
1021,1026,1809,1816
1025,1021,1809,1810
1025,1020,1810,1811
1025,1018,1811,1812
1025,193,1812,1813
1025,190,1813,1814
994,1021,1815,1816
994,1026,1816,1817
1028,1026,1817,1842
994,1028,1817,1820
995,1029,1818,1843
1029,1028,1818,1858
1028,995,1818,1819
1028,993,1819,1820
131,774,1821,1830
774,770,1822,1830
771,845,1823,1824
771,769,1824,1825
771,768,1825,1831
768,133,1826,1827
768,134,1827,1828
768,132,1828,1829
768,131,1829,1832
131,770,1830,1832
770,768,1831,1832
1025,1023,1833,1837
1023,188,1834,1835
1030,188,1835,1839
1023,1030,1835,1836
1027,1030,1836,1838
1023,1027,1836,1837
1026,1030,1838,1839
1026,188,1839,1840
1026,187,1840,1841
1031,187,1841,1864
1026,1031,1841,1842
1028,1031,1842,1858
996,1029,1843,1844
1032,1029,1844,1863
996,1032,1844,1845
1033,1032,1845,1862
996,1033,1845,1846
997,1033,1846,1886
83,998,1847,1848
1034,998,1848,1896
83,1034,1848,1849
1035,1034,1849,1895
83,1035,1849,1856
1036,1037,1850,1925
1037,1035,1850,1894
1035,1036,1850,1857
1038,1039,1851,1929
1039,1036,1851,1930
1036,1038,1851,1857
87,1040,1852,1936
1040,1038,1852,1928
1038,87,1852,1853
1038,85,1853,1854
1038,84,1854,1855
1038,83,1855,1856
1038,1035,1856,1857
1029,1031,1858,1859
1041,1031,1859,1864
1029,1041,1859,1860
1042,1041,1860,1871
1029,1042,1860,1863
1033,1043,1861,1887
1043,1042,1861,1870
1042,1033,1861,1862
1042,1032,1862,1863
1041,187,1864,1865
1041,185,1865,1866
1041,186,1866,1871
186,184,1867,1868
1044,184,1868,1889
186,1044,1868,1869
1043,1044,1869,1888
186,1043,1869,1870
186,1042,1870,1871
146,135,1872,1873
844,135,1873,1885
146,844,1873,1882
844,843,1874,1875
844,763,1875,1876
844,764,1876,1882
764,842,1877,1878
764,762,1878,1879
764,139,1879,1880
764,140,1880,1881
764,146,1881,1882
135,766,1883,1885
766,844,1884,1885
998,1033,1886,1887
998,1043,1887,1888
998,1044,1888,1897
1044,182,1889,1890
1044,180,1890,1891
1044,181,1891,1897
181,179,1892,1893
1037,179,1893,1931
181,1037,1893,1894
181,1035,1894,1895
181,1034,1895,1896
181,998,1896,1897
1045,1046,1898,-51458
1046,1047,1898,-51458
1047,1045,1898,1905
1048,1049,1899,-51458
1049,1045,1899,-51458
1045,1048,1899,1906
1050,1051,1900,-51458
1051,1048,1900,-51458
1048,1050,1900,1901
1052,1050,1901,-51458
1048,1052,1901,1907
1053,1054,1902,-51458
1054,1052,1902,-51458
1052,1053,1902,1903
1055,1053,1903,-51458
1052,1055,1903,1904
1056,1055,1904,-51458
1052,1056,1904,1907
1047,1056,1905,-51458
1056,1045,1905,1906
1056,1048,1906,1907
1057,1058,1908,-51698
1058,1059,1908,-51698
1059,1057,1908,1922
1060,1061,1909,-51698
1061,1057,1909,-51698
1057,1060,1909,1910
1062,1060,1910,-51698
1057,1062,1910,1911
1063,1062,1911,-51698
1057,1063,1911,1912
1064,1063,1912,-51698
1057,1064,1912,1913
1065,1064,1913,-51698
1057,1065,1913,1914
1066,1065,1914,-51698
1057,1066,1914,1915
1067,1066,1915,-51698
1057,1067,1915,1923
1068,1069,1916,-51698
1069,1067,1916,-51698
1067,1068,1916,1917
1070,1068,1917,-51698
1067,1070,1917,1923
1071,1072,1918,-51698
1072,1073,1918,-51698
1073,1071,1918,1919
1074,1071,1919,-51698
1073,1074,1919,1920
1075,1074,1920,-51698
1073,1075,1920,1921
1059,1075,1921,-51698
1073,1059,1921,1922
1073,1057,1922,1924
1057,1070,1923,1924
1073,1070,1924,-51698
1076,1037,1925,1934
1036,1076,1925,1926
1077,1076,1926,1933
1036,1077,1926,1927
1078,1077,1927,1933
1036,1078,1927,1930
1040,1078,1928,1936
1078,1038,1928,1929
1078,1039,1929,1930
1037,177,1931,1934
1078,176,1932,1937
177,1078,1932,1935
1078,1076,1933,1935
1076,177,1934,1935
87,1078,1936,1937
87,176,1937,1938
87,174,1938,1939
1079,174,1939,1944
87,1079,1939,1940
1080,1079,1940,1947
87,1080,1940,1941
1081,1080,1941,1946
87,1081,1941,1942
89,1081,1942,1986
87,89,1942,1943
1079,175,1944,1947
1081,1082,1945,1986
1082,1083,1945,1987
1083,1081,1945,1946
1083,1080,1946,1948
1080,175,1947,1948
1083,175,1948,1987
986,984,1949,1950
986,983,1950,1951
1084,983,1951,-1
986,1084,1951,1985
967,1085,1952,2089
1085,1084,1952,-1
1084,967,1952,1953
1084,966,1953,1954
1086,966,1954,2053
1084,1086,1954,1955
1087,1086,1955,2052
1084,1087,1955,1956
1088,1087,1956,2052
1084,1088,1956,1957
1089,1088,1957,2051
1084,1089,1957,1958
1090,1089,1958,2051
1084,1090,1958,1959
1091,1090,1959,2050
1084,1091,1959,1960
1092,1091,1960,2049
1084,1092,1960,1961
1093,1092,1961,2049
1084,1093,1961,1962
1094,1093,1962,2063
1084,1094,1962,1963
1095,1094,1963,2048
1084,1095,1963,1964
1096,1095,1964,2047
1084,1096,1964,1965
1097,1096,1965,2046
1084,1097,1965,1966
1098,1097,1966,2046
1084,1098,1966,1967
1099,1098,1967,2045
1084,1099,1967,1968
1100,1099,1968,2045
1084,1100,1968,1969
1101,1100,1969,2044
1084,1101,1969,1970
1102,1101,1970,2044
1084,1102,1970,1971
1103,1102,1971,2043
1084,1103,1971,1972
1104,1103,1972,2042
1084,1104,1972,1973
1105,1104,1973,2041
1084,1105,1973,1974
1106,1105,1974,2041
1084,1106,1974,1975
1107,1106,1975,2040
1084,1107,1975,1976
1108,1107,1976,2039
1084,1108,1976,1977
1109,1108,1977,2038
1084,1109,1977,1978
1110,1109,1978,2037
1084,1110,1978,1979
1111,1110,1979,2036
1084,1111,1979,1980
1112,1111,1980,1997
1084,1112,1980,1981
1113,1112,1981,1997
1084,1113,1981,1982
1114,1113,1982,1996
1084,1114,1982,1983
1115,1114,1983,1995
1084,1115,1983,1985
156,1115,1984,1994
1115,986,1984,1985
89,1082,1986,1993
1082,175,1987,1993
175,172,1988,1989
175,90,1989,1990
175,91,1990,1991
175,88,1991,1992
175,89,1992,1993
157,1115,1994,1995
157,1114,1995,1996
157,1113,1996,2007
1113,1111,1997,1998
1116,1111,1998,2035
1113,1116,1998,2008
164,1117,1999,2014
1117,1116,1999,2035
1116,164,1999,2000
1116,165,2000,2008
165,162,2001,2002
165,161,2002,2003
165,160,2003,2004
165,159,2004,2005
165,158,2005,2006
165,157,2006,2007
165,1113,2007,2008
92,170,2009,2010
92,169,2010,2011
92,168,2011,2012
92,167,2012,2013
92,166,2013,2020
166,1117,2014,2015
1118,1117,2015,2057
166,1118,2015,2016
1119,1118,2016,2056
166,1119,2016,2017
200,1119,2017,2055
166,200,2017,2018
166,201,2018,2019
196,201,2019,2032
166,196,2019,2020
1120,1121,2021,-50434
1121,1122,2021,-50434
1122,1120,2021,2022
1123,1120,2022,-50434
1122,1123,2022,2030
1124,1125,2023,-50434
1125,1123,2023,-50434
1123,1124,2023,2024
1126,1124,2024,-50434
1123,1126,2024,2025
1127,1126,2025,-50434
1123,1127,2025,2026
1128,1127,2026,-50434
1123,1128,2026,2027
1129,1128,2027,-50434
1123,1129,2027,2028
1130,1129,2028,-50434
1123,1130,2028,2030
1122,1131,2029,-50434
1131,1130,2029,-50434
1130,1122,2029,2030
198,196,2031,2032
198,201,2032,2033
198,202,2033,2034
1117,1111,2035,2036
1117,1110,2036,2037
1117,1109,2037,2038
1117,1108,2038,2039
1117,1107,2039,2040
1117,1106,2040,2058
1106,1104,2041,2042
1106,1103,2042,2043
1106,1102,2043,2059
1102,1100,2044,2060
1100,1098,2045,2061
1098,1096,2046,2047
1098,1095,2047,2048
1098,1094,2048,2062
1093,1091,2049,2050
1093,1090,2050,2064
1090,1088,2051,2064
1088,1086,2052,2053
1088,966,2053,2054
1088,200,2054,2055
1088,1119,2055,2056
1088,1118,2056,2057
1088,1117,2057,2058
1088,1106,2058,2059
1088,1102,2059,2060
1088,1100,2060,2061
1088,1098,2061,2062
1088,1094,2062,2063
1088,1093,2063,2064
957,208,2065,2066
957,207,2066,2077
207,205,2067,2068
207,965,2068,2069
207,964,2069,2070
207,961,2070,2071
207,962,2071,2072
207,963,2072,2073
207,976,2073,2074
207,959,2074,2075
207,960,2075,2076
207,958,2076,2077
836,834,2078,2086
834,832,2079,2087
832,830,2080,2088
830,827,2081,2082
830,824,2082,2083
830,975,2083,2084
1132,975,2084,-1
830,1132,2084,2088
835,1132,2085,-1
1132,836,2085,2086
1132,834,2086,2087
1132,832,2087,2088
968,1085,2089,2095
974,1085,2090,-1
1085,973,2090,2091
1085,972,2091,2092
1085,971,2092,2093
1085,970,2093,2094
1085,969,2094,2095
226,244,2096,2100
222,242,2097,-1
244,222,2097,2098
244,228,2098,2099
244,227,2099,2100
560,217,2101,-1
217,561,2101,2102
217,562,2102,2103
217,563,2103,2104
217,564,2104,2105
217,529,2105,2106
217,230,2106,2107
217,229,2107,2108
217,223,2108,2109
217,220,2109,2110
217,221,2110,2111
219,221,2111,-1