0,1,2,1,1,1,46080
3,2,4,1,0,1
5,4,6,1,0,1
7,8,9,1,1,1
10,9,11,1,0,1
12,11,13,1,0,1
14,13,15,1,0,1
16,15,17,1,0,1
18,19,20,1,1,1
21,22,23,1,1,1
24,25,26,1,1,1
27,26,28,1,0,1
29,30,31,1,1,1
32,31,33,1,0,1
34,33,35,1,0,1
36,35,37,1,0,1
38,37,39,1,0,1
40,41,42,1,1,1
43,42,44,1,0,1
45,46,47,1,1,1
48,47,49,1,0,1
50,49,51,1,0,1
52,53,54,1,1,1
55,54,56,1,0,1
57,58,59,1,1,1
60,61,62,1,1,1
63,62,64,1,0,1
65,64,66,1,0,1
67,66,68,1,0,1
69,70,71,1,1,1
72,71,73,1,0,1
74,75,76,1,1,1
77,76,78,1,0,1
79,80,81,1,1,1
82,83,84,1,1,1
85,84,86,1,0,1
87,86,88,1,0,1
89,88,90,1,0,1
91,92,93,1,1,1
94,93,95,1,0,1
96,95,97,1,0,1
98,99,100,1,1,1
101,100,102,1,0,1
103,102,104,1,0,1
105,106,107,1,1,1
108,107,109,1,0,1
110,111,112,1,1,1
113,114,115,1,1,1
116,117,118,1,1,1
119,120,121,1,1,1
122,121,123,1,0,1
124,125,126,1,1,1
127,128,129,1,1,1
130,129,131,1,0,1
132,133,134,1,1,1
135,134,136,1,0,1
137,138,139,1,1,1
140,141,142,1,1,1
143,144,145,1,1,1
146,147,148,1,1,1
149,148,150,1,0,1
151,152,153,1,1,1
154,155,156,1,1,1
157,156,158,1,0,1
159,158,160,1,0,1
161,160,162,1,0,1
163,162,164,1,0,1
165,166,167,1,1,1
168,167,169,1,0,1
170,169,171,1,0,1
172,171,173,1,0,1
174,173,175,1,0,1
176,177,178,1,1,1
179,180,181,1,1,1
182,183,184,1,1,1
185,184,186,1,0,1
187,188,189,1,1,1
190,191,192,1,1,1
193,192,194,1,0,1
195,196,197,1,1,1
198,197,199,1,0,1
200,201,202,1,1,1
203,202,204,1,0,1
205,204,206,1,0,1
207,208,209,1,1,1
210,209,211,1,0,1
212,211,213,1,0,1
214,215,216,1,1,1
217,216,218,1,0,1
219,218,220,1,0,1
221,220,222,1,0,1
223,222,224,1,0,1
225,224,226,1,0,1
227,228,229,1,1,1
230,231,232,1,1,1
233,232,234,1,0,1
235,234,236,1,0,1
237,236,238,1,0,1
239,240,241,1,1,1
242,243,244,1,1,1
245,244,246,1,0,1
247,248,249,1,1,1
250,249,251,1,0,1
252,253,254,1,1,1
255,254,256,1,0,1
257,256,258,1,0,1
259,258,260,1,0,1
261,262,263,1,1,1
264,263,265,1,0,1
266,265,267,1,0,1
268,269,270,1,1,1
271,272,273,1,1,1
274,273,275,1,0,1
276,275,277,1,0,1
278,277,279,1,0,1
280,281,282,1,1,1
283,282,284,1,0,1
285,286,287,1,1,1
288,289,290,1,1,1
291,290,292,1,0,1
293,292,294,1,0,1
295,294,296,1,0,1
297,296,298,1,0,1
299,300,301,1,1,1
302,303,304,1,1,1
305,306,307,1,1,1
308,307,309,1,0,1
310,311,312,1,1,1
313,312,314,1,0,1
315,314,316,1,0,1
317,318,319,1,1,1
320,319,321,1,0,1
322,323,324,1,1,1
325,326,327,1,1,1
328,329,330,1,1,1
331,332,333,1,1,1
334,335,336,1,1,1
337,338,339,1,1,1
340,339,341,1,0,1
342,341,343,1,0,1
344,343,345,1,0,1
346,347,348,1,1,1
349,348,350,1,0,1
351,352,353,1,1,1
354,353,355,1,0,1
356,355,357,1,0,1
358,357,359,1,0,1
360,359,361,1,0,1
362,361,363,1,0,1
364,365,366,1,1,1
367,368,369,1,1,1
370,369,371,1,0,1
372,373,374,1,1,1
375,374,376,1,0,1
377,376,378,1,0,1
379,378,380,1,0,1
381,382,383,1,1,1
384,385,386,1,1,1
387,386,388,1,0,1
389,388,390,1,0,1
391,392,393,1,1,1
394,393,395,1,0,1
396,397,398,1,1,1
399,400,401,1,1,1
402,401,403,1,0,1
404,403,405,1,0,1
406,407,408,1,1,1
409,408,410,1,0,1
411,410,412,1,0,1
413,414,415,1,1,1
416,417,418,1,1,1
419,418,420,1,0,1
421,422,423,1,1,1
424,425,426,1,1,1
427,428,429,1,1,1
430,431,432,1,1,1
433,432,434,1,0,1
435,434,436,1,0,1
437,438,439,1,1,1
440,441,442,1,1,1
443,442,444,1,0,1
445,444,446,1,0,1
447,446,448,1,0,1
449,448,450,1,0,1
451,452,453,1,1,1
454,453,455,1,0,1
456,457,458,1,1,1
459,458,460,1,0,1
461,460,462,1,0,1
463,464,465,1,1,1
466,465,467,1,0,1
468,469,470,1,1,1
471,472,473,1,1,1
474,473,475,1,0,1
476,475,477,1,0,1
478,479,480,1,1,1
481,480,482,1,0,1
483,482,484,1,0,1
485,486,487,1,1,1
488,487,489,1,0,1
490,489,491,1,0,1
492,493,494,1,1,1
495,494,496,1,0,1
497,496,498,1,0,1
6,498,499,0,0,1
17,499,500,0,0,1
20,500,501,0,0,1
23,501,502,0,0,1
28,502,503,0,0,1
504,503,505,1,0,1
506,505,507,1,0,1
508,507,509,1,0,1
39,509,510,0,0,1
44,510,511,0,0,1
51,511,512,0,0,1
56,512,513,0,0,1
59,513,514,0,0,1
68,514,515,0,0,1
73,515,516,0,0,1
81,517,518,0,1,1
90,518,519,0,0,1
97,519,520,0,0,1
104,520,521,0,0,1
522,521,523,1,0,1
109,523,524,0,0,1
525,524,526,1,0,1
118,527,528,0,1,1
123,528,529,0,0,1
126,529,530,0,0,1
139,136,531,0,0,1
142,531,532,0,0,1
145,532,533,0,0,1
150,533,534,0,0,1
153,534,535,0,0,1
164,535,536,0,0,1
175,536,537,0,0,1
538,537,539,1,0,1
178,539,540,0,0,1
186,181,541,0,0,1
194,189,542,0,0,1
213,206,543,0,0,1
229,544,545,0,1,1
238,545,546,0,0,1
241,546,547,0,0,1
260,548,549,0,1,1
550,549,551,1,0,1
267,551,552,0,0,1
279,270,553,0,0,1
284,553,554,0,0,1
298,287,555,0,0,1
309,304,556,0,0,1
333,330,557,0,0,1
345,336,558,0,0,1
350,558,559,0,0,1
363,559,560,0,0,1
366,560,561,0,0,1
380,562,563,0,1,1
390,383,564,0,0,1
395,564,565,0,0,1
398,565,566,0,0,1
412,567,568,0,1,1
415,568,569,0,0,1
420,569,570,0,0,1
423,571,572,0,1,1
426,572,573,0,0,1
429,573,574,0,0,1
436,574,575,0,0,1
439,575,576,0,0,1
577,576,578,1,0,1
579,578,580,1,0,1
450,581,582,0,1,1
462,455,583,0,0,1
584,583,585,1,0,1
586,585,587,1,0,1
467,588,589,0,1,1
470,589,590,0,0,1
477,590,591,0,0,1
484,591,592,0,0,1
491,593,594,0,1,1
516,595,596,0,1,1
526,78,597,0,0,1
112,597,598,0,0,1
530,115,599,0,0,1
540,131,600,0,0,1
552,251,601,0,0,1
554,602,603,0,1,1
556,301,604,0,0,1
561,557,605,0,0,1
606,605,607,1,0,1
608,607,609,1,0,1
563,371,610,0,0,1
611,610,612,1,0,1
566,612,613,0,0,1
405,613,614,0,0,1
570,614,615,0,0,1
580,616,617,0,1,1
592,618,619,0,1,1
594,620,621,0,1,1
596,621,622,0,0,1
598,622,623,0,0,1
599,623,624,0,0,1
625,624,626,1,0,1
601,627,628,0,1,1
609,629,630,0,1,1
615,630,631,0,0,1
619,632,633,0,1,1
626,633,634,0,0,1
628,246,635,0,0,1
603,635,636,0,0,1
637,636,638,1,0,1
631,327,639,0,0,1
634,587,640,0,0,1
638,547,641,0,0,1
555,641,642,0,0,1
604,642,643,0,0,1
639,324,644,0,0,1
640,645,646,0,1,1
643,226,647,0,0,1
316,647,648,0,0,1
321,648,649,0,0,1
646,582,650,0,0,1
649,543,651,0,0,1
650,617,652,0,0,1
600,652,653,0,0,1
541,653,654,0,0,1
542,654,655,0,0,1
656,655,657,1,0,1
651,199,658,0,0,1
644,658,657,0,0,0
659,660,661,1,1,1,1043
662,663,664,1,1,1
665,666,667,1,1,1
668,667,669,1,0,1
670,669,671,1,0,1
672,673,674,1,1,1
675,674,676,1,0,1
677,676,678,1,0,1
679,678,680,1,0,1
681,682,683,1,1,1
684,685,686,1,1,1
687,688,689,1,1,1
690,689,691,1,0,1
692,693,694,1,1,1
695,694,696,1,0,1
697,698,699,1,1,1
700,701,702,1,1,1
703,702,704,1,0,1
705,706,707,1,1,1
708,707,709,1,0,1
710,709,711,1,0,1
712,711,713,1,0,1
714,715,716,1,1,1
717,718,719,1,1,1
720,719,721,1,0,1
722,721,723,1,0,1
724,723,725,1,0,1
726,725,727,1,0,1
728,729,730,1,1,1
731,732,733,1,1,1
661,733,734,0,0,1
664,734,735,0,0,1
671,735,736,0,0,1
680,737,738,0,1,1
686,683,739,0,0,1
691,739,740,0,0,1
741,740,742,1,0,1
696,742,743,0,0,1
744,743,745,1,0,1
699,746,747,0,1,1
704,747,748,0,0,1
713,748,749,0,0,1
716,749,750,0,0,1
727,750,751,0,0,1
730,751,752,0,0,1
736,752,753,0,0,1
738,753,745,0,0,0
754,755,756,1,1,1,1027
757,758,759,1,1,1
760,759,761,1,0,1
762,761,763,1,0,1
764,763,765,1,0,1
766,765,767,1,0,1
768,769,770,1,1,1
771,772,773,1,1,1
774,773,775,1,0,1
776,775,777,1,0,1
778,777,779,1,0,1
780,781,782,1,1,1
783,784,785,1,1,1
786,785,787,1,0,1
788,789,790,1,1,1
791,792,793,1,1,1
794,795,796,1,1,1
797,796,798,1,0,1
799,800,801,1,1,1
802,801,803,1,0,1
804,803,805,1,0,1
806,805,807,1,0,1
808,807,809,1,0,1
810,811,812,1,1,1
813,814,815,1,1,1
816,817,818,1,1,1
819,818,820,1,0,1
821,822,823,1,1,1
824,823,825,1,0,1
826,825,827,1,0,1
828,829,830,1,1,1
831,830,832,1,0,1
833,834,835,1,1,1
836,835,837,1,0,1
838,837,839,1,0,1
840,839,841,1,0,1
842,843,844,1,1,1
233,844,845,0,0,1
230,845,846,0,0,1
847,846,848,1,0,1
849,848,850,1,0,1
851,850,852,1,0,1
853,852,854,1,0,1
855,854,856,1,0,1
857,858,859,1,1,1
860,861,862,1,1,1
544,862,863,0,0,1
225,863,864,0,0,1
223,864,865,0,0,1
866,865,867,1,0,1
868,867,869,1,0,1
214,870,871,0,1,1
872,871,873,1,0,1
874,873,875,1,0,1
876,875,877,1,0,1
878,877,879,1,0,1
880,879,881,1,0,1
882,883,884,1,1,1
885,884,886,1,0,1
887,888,889,1,1,1
890,891,892,1,1,1
893,894,895,1,1,1
896,897,898,1,1,1
899,898,900,1,0,1
901,900,902,1,0,1
903,902,904,1,0,1
905,904,906,1,0,1
907,906,908,1,0,1
909,908,910,1,0,1
911,912,913,1,1,1
133,913,914,0,0,1
130,914,915,0,0,1
916,915,917,1,0,1
918,917,919,1,0,1
920,921,922,1,1,1
923,922,924,1,0,1
925,924,926,1,0,1
927,928,929,1,1,1
930,931,932,1,1,1
933,932,934,1,0,1
935,934,936,1,0,1
937,938,939,1,1,1
940,939,941,1,0,1
942,941,943,1,0,1
944,945,946,1,1,1
947,946,948,1,0,1
949,948,950,1,0,1
951,952,953,1,1,1
954,953,955,1,0,1
956,955,957,1,0,1
958,959,960,1,1,1
961,962,963,1,1,1
964,963,965,1,0,1
966,967,968,1,1,1
969,970,971,1,1,1
972,971,973,1,0,1
974,975,976,1,1,1
977,976,978,1,0,1
979,978,980,1,0,1
981,982,983,1,1,1
984,983,985,1,0,1
986,987,988,1,1,1
989,988,990,1,0,1
991,992,993,1,1,1
994,993,995,1,0,1
996,995,997,1,0,1
998,997,999,1,0,1
1000,1001,1002,1,1,1
1003,1004,1005,1,1,1
1006,1007,1008,1,1,1
1009,1008,1010,1,0,1
1011,1012,1013,1,1,1
1014,1015,1016,1,1,1
1017,1016,1018,1,0,1
1019,1020,1021,1,1,1
1022,1021,1023,1,0,1
1024,1023,1025,1,0,1
1026,1025,1027,1,0,1
1028,1027,1029,1,0,1
1030,1031,1032,1,1,1
1033,1032,1034,1,0,1
1035,1034,1036,1,0,1
1037,1036,1038,1,0,1
1039,1038,1040,1,0,1
1041,1042,1043,1,1,1
1044,1045,1046,1,1,1
1047,1046,1048,1,0,1
1049,1048,1050,1,0,1
1051,1052,1053,1,1,1
1054,1055,1056,1,1,1
1057,1058,1059,1,1,1
1060,1061,1062,1,1,1
1063,1062,1064,1,0,1
1065,1064,1066,1,0,1
1067,1066,1068,1,0,1
1069,1070,1071,1,1,1
1072,1073,1074,1,1,1
770,767,1075,0,0,1
787,782,1076,0,0,1
790,1076,1077,0,0,1
798,1078,1079,0,1,1
1080,1079,1081,1,0,1
809,1081,1082,0,0,1
820,815,1083,0,0,1
832,1084,1085,0,1,1
841,1085,1086,0,0,1
856,1087,1088,0,1,1
881,1089,1090,0,1,1
1091,1090,1092,1,0,1
892,889,1093,0,0,1
895,1093,1094,0,0,1
910,1095,1096,0,1,1
919,1097,1098,0,1,1
926,1098,1099,0,0,1
929,1099,1100,0,0,1
936,1100,1101,0,0,1
1102,1101,1103,1,0,1
943,1103,1104,0,0,1
950,1104,1105,0,0,1
1106,1105,1107,1,0,1
957,1108,1109,0,1,1
960,1109,1110,0,0,1
965,1110,1111,0,0,1
968,1111,1112,0,0,1
999,1113,1114,0,1,1
1005,1002,1115,0,0,1
1010,1115,1116,0,0,1
1013,1116,1117,0,0,1
1018,1117,1118,0,0,1
1029,1118,1119,0,0,1
1120,1119,1121,1,0,1
1043,1040,1122,0,0,1
1123,1122,1124,1,0,1
1125,1124,1126,1,0,1
1056,1053,1127,0,0,1
1068,1059,1128,0,0,1
1129,1128,1130,1,0,1
1071,1131,1132,0,1,1
1074,1132,1133,0,0,1
756,1133,1134,0,0,1
1075,1134,1135,0,0,1
1077,779,1136,0,0,1
1137,1136,1138,1,0,1
1139,1138,1140,1,0,1
793,1140,1141,0,0,1
1082,1142,1143,0,1,1
1144,1143,1145,1,0,1
1083,1146,1147,0,1,1
1086,827,1148,0,0,1
1088,1148,1149,0,0,1
1092,869,1150,0,0,1
886,1150,1151,0,0,1
1094,1151,1152,0,0,1
1107,1096,1153,0,0,1
1112,1153,1154,0,0,1
973,1154,1155,0,0,1
1121,1114,1156,0,0,1
1157,1156,1158,1,0,1
1126,1158,1159,0,0,1
1050,1159,1160,0,0,1
1130,1127,1161,0,0,1
1135,1161,1162,0,0,1
1163,1162,1164,1,0,1
1145,1141,1165,0,0,1
1166,1165,1167,1,0,1
812,1167,1168,0,0,1
1149,1169,1170,0,1,1
1155,1152,1171,0,0,1
980,1171,1172,0,0,1
985,1172,1173,0,0,1
1160,1174,1175,0,1,1
1168,1164,1176,0,0,1
1147,1176,1177,0,0,1
1178,1177,1179,1,0,1
1173,859,1180,0,0,1
990,1180,1181,0,0,1
1179,1175,1182,0,0,1
1170,1182,1181,0,0,0
1183,1184,1185,1,1,1,1028
1186,1185,1187,1,0,1
1188,1187,1189,1,0,1
1190,1189,1191,1,0,1
1192,1191,1193,1,0,1
1194,1195,1196,1,1,1
1197,1196,1198,1,0,1
1199,1198,1200,1,0,1
1201,1200,1202,1,0,1
1203,1204,1205,1,1,1
1206,1207,1208,1,1,1
1209,1210,1211,1,1,1
1212,1213,1214,1,1,1
1215,1214,1216,1,0,1
1217,1218,1219,1,1,1
1220,1219,1221,1,0,1
1222,1221,1223,1,0,1
1224,1223,1225,1,0,1
1226,1227,1228,1,1,1
1229,1230,1231,1,1,1
1232,1231,1233,1,0,1
1234,1235,1236,1,1,1
1237,1236,1238,1,0,1
1239,1238,1240,1,0,1
1241,1240,1242,1,0,1
1243,1242,1244,1,0,1
1245,1246,1247,1,1,1
1248,1249,1250,1,1,1
1251,1250,1252,1,0,1
1253,1252,1254,1,0,1
1255,1256,1257,1,1,1
1258,1257,1259,1,0,1
1260,1259,1261,1,0,1
1262,1261,1263,1,0,1
1264,1263,1265,1,0,1
675,1266,1267,0,1,1
1268,1267,1269,1,0,1
1270,1271,1272,1,1,1
1273,1272,1274,1,0,1
1275,1274,1276,1,0,1
1277,1276,1278,1,0,1
1279,1278,1280,1,0,1
1281,1280,1282,1,0,1
1283,1282,1284,1,0,1
1281,1283,1285,0,0,1
1286,1285,1287,1,0,1
1288,1287,1289,1,0,1
1290,1291,1292,1,1,1
1293,1292,1294,1,0,1
1295,1294,1296,1,0,1
1297,1298,1299,1,1,1
1300,1299,1301,1,0,1
1302,1301,1303,1,0,1
1304,1305,1306,1,1,1
1304,1307,1308,0,1,1
1302,1305,1309,0,0,1
1300,1309,1310,0,0,1
1193,1297,1311,0,0,1
1205,1202,1312,0,0,1
1225,1313,1314,0,1,1
1228,1314,1315,0,0,1
1233,1315,1316,0,0,1
1244,1316,1317,0,0,1
1247,1317,1318,0,0,1
1254,1318,1319,0,0,1
1269,1265,1320,0,0,1
1284,1320,1321,0,0,1
1289,1321,1322,0,0,1
1296,1322,1323,0,0,1
1303,1323,1324,0,0,1
1306,1324,1325,0,0,1
1307,1325,1326,0,0,1
1312,1311,1327,0,0,1
1328,1327,1329,1,0,1
1208,1329,1330,0,0,1
1331,1330,1332,1,0,1
1211,1332,1333,0,0,1
1326,1319,1334,0,0,1
1333,1310,1335,0,0,1
1336,1335,1337,1,0,1
1334,1216,1338,0,0,1
1308,1338,1337,0,0,0
1339,1340,1341,1,1,1,1026
1061,1342,1343,0,1,1
1057,1343,1344,0,0,1
1058,1344,1345,0,0,1
1054,1345,1346,0,0,1
1051,1055,1347,0,0,1
1049,1052,1348,0,0,1
1047,1348,1349,0,0,1
1125,1045,1350,0,0,1
1123,1350,1351,0,0,1
1041,1351,1352,0,0,1
1039,1042,1353,0,0,1
1157,1031,1354,0,0,1
1120,1354,1355,0,0,1
1028,1355,1356,0,0,1
1026,1356,1357,0,0,1
1022,1024,1358,0,0,1
1017,1020,1359,0,0,1
1011,1015,1360,0,0,1
1009,1012,1361,0,0,1
1003,1007,1362,0,0,1
1000,1004,1363,0,0,1
996,998,1364,0,0,1
1113,992,1365,0,0,1
1174,1365,1366,0,0,1
989,1366,1367,0,0,1
986,1367,1368,0,0,1
987,1368,1369,0,0,1
984,1369,1370,0,0,1
981,1370,1371,0,0,1
982,1371,1372,0,0,1
979,1372,1373,0,0,1
977,1373,1374,0,0,1
974,1374,1375,0,0,1
972,975,1376,0,0,1
969,1376,1377,0,0,1
970,1377,1378,0,0,1
966,1378,1379,0,0,1
967,1379,1380,0,0,1
958,962,1381,0,0,1
959,1381,1382,0,0,1
1108,952,1383,0,0,1
949,1106,1384,0,0,1
944,947,1385,0,0,1
942,945,1386,0,0,1
940,1386,1387,0,0,1
1102,938,1388,0,0,1
927,931,1389,0,0,1
925,928,1390,0,0,1
923,1390,1391,0,0,1
1392,1391,1393,1,0,1
1394,1393,1395,1,0,1
1396,1397,1398,1,1,1
1399,1398,1400,1,0,1
120,1401,1402,0,1,1
116,1402,1403,0,0,1
1404,117,1405,1,0,1
1406,1407,1408,1,1,1
1409,1408,1410,1,0,1
1411,1412,1413,1,1,1
1414,1413,1415,1,0,1
1416,1417,1418,1,1,1
1419,1420,1421,1,1,1
1422,1421,1423,1,0,1
1424,1425,1426,1,1,1
1427,1428,1429,1,1,1
1346,1341,1430,0,0,1
1347,1430,1431,0,0,1
1352,1044,1432,0,0,1
1357,1030,1433,0,0,1
1358,1433,1434,0,0,1
1019,1434,1435,0,0,1
1361,1360,1436,0,0,1
1364,1001,1437,0,0,1
994,1437,1438,0,0,1
1375,991,1439,0,0,1
1384,1383,1440,0,0,1
1385,1440,1441,0,0,1
1387,1441,1442,0,0,1
1389,930,1443,0,0,1
1395,1443,1444,0,0,1
1400,1444,1445,0,0,1
1446,1445,1447,1,0,1
1403,1447,1448,0,0,1
1405,1448,1449,0,0,1
1415,1450,1451,0,1,1
1432,1349,1452,0,0,1
1353,1452,1453,0,0,1
1435,1033,1454,0,0,1
1438,1363,1455,0,0,1
1439,1455,1456,0,0,1
1380,1456,1457,0,0,1
964,1457,1458,0,0,1
1449,933,1459,0,0,1
1453,1431,1460,0,0,1
1037,1460,1461,0,0,1
1035,1461,1462,0,0,1
1458,1362,1463,0,0,1
961,1463,1464,0,0,1
1459,935,1465,0,0,1
1462,1429,1466,0,0,1
1454,1466,1467,0,0,1
1359,1467,1468,0,0,1
1014,1468,1469,0,0,1
1464,1006,1470,0,0,1
1465,1388,1471,0,0,1
1410,1471,1472,0,0,1
1469,1426,1473,0,0,1
1472,937,1474,0,0,1
1451,1474,1475,0,0,1
1473,1423,1476,0,0,1
1436,1476,1477,0,0,1
1470,1477,1478,0,0,1
1382,1478,1479,0,0,1
1475,1442,1480,0,0,1
1479,1481,1482,0,1,1
956,1482,1483,0,0,1
1480,951,1484,0,0,1
1485,1484,1486,1,0,1
1483,1418,1487,0,0,1
954,1487,1486,0,0,0
1488,1207,1489,1,1,1,1029
1490,1491,1492,1,1,1
1336,1209,1493,1,1,1
1213,1493,1494,1,0,1
1212,1494,1495,1,0,1
1313,1215,1496,1,1,1
1218,1496,1497,1,0,1
1217,1497,1498,1,0,1
1227,1224,1499,1,1,1
1230,1226,1500,1,1,1
1235,1232,1501,1,1,1
1502,1501,1503,1,0,1
1504,1503,1505,1,0,1
1506,1505,1507,1,0,1
1508,1507,1509,1,0,1
1510,1511,1512,1,1,1
1513,1512,1514,1,0,1
1515,1514,1516,1,0,1
1517,1516,1518,1,0,1
1519,1520,1521,1,1,1
1522,1521,1523,1,0,1
1524,1523,1525,1,0,1
1526,1525,1527,1,0,1
1528,1529,1530,1,1,1
1531,1530,1532,1,0,1
1533,1534,1535,1,1,1
1194,1536,1537,1,1,1
1197,1537,1538,1,0,1
1539,1538,1540,1,0,1
1541,1542,1543,1,1,1
1204,1544,1545,1,1,1
1328,1203,1546,1,1,1
1489,1546,1547,0,0,1
1492,1547,1548,0,0,1
1495,1548,1549,0,0,1
1498,1549,1550,0,0,1
1220,1550,1551,1,0,1
1499,1222,1552,0,1,1
1500,1552,1553,0,0,1
1509,1229,1554,0,1,1
1518,1554,1555,0,0,1
1527,1555,1556,0,0,1
1532,1556,1557,0,0,1
1558,1557,1559,1,0,1
1535,1559,1560,0,0,1
1540,1560,1561,0,0,1
1545,1543,1562,0,0,1
1551,1562,1563,0,0,1
1553,1563,1561,0,0,0
893,1095,1564,0,0,1,1026
890,894,1565,0,0,1
887,891,1566,0,0,1
885,888,1567,0,0,1
1091,883,1568,0,0,1
880,1568,1569,0,0,1
878,1569,1570,0,0,1
874,876,1571,0,0,1
215,872,1572,0,0,1
212,1572,1573,0,0,1
210,1573,1574,0,0,1
1575,1574,1576,1,0,1
1577,1576,1578,1,0,1
1579,1578,1580,1,0,1
1581,1580,1582,1,0,1
1583,1582,1584,1,0,1
1585,1584,1586,1,0,1
1587,1586,1588,1,0,1
1589,1588,1590,1,0,1
1591,1592,1593,1,1,1
1594,1593,1595,1,0,1
1596,1597,1598,1,1,1
1599,1600,1601,1,1,1
1602,1603,1604,1,1,1
1605,1606,1607,1,1,1
1608,1607,1609,1,0,1
1610,1611,1612,1,1,1
165,1612,1613,0,0,1
1614,1613,1615,1,0,1
1616,1615,1617,1,0,1
159,1618,1619,0,1,1
157,1619,1620,0,0,1
1621,154,1622,1,0,1
1623,1624,1625,1,1,1
146,1625,1626,0,0,1
1627,1628,1629,1,1,1
907,1630,1631,0,1,1
905,1631,1632,0,0,1
903,1632,1633,0,0,1
1564,897,1634,0,0,1
1565,1634,1635,0,0,1
1567,1566,1636,0,0,1
1570,882,1637,0,0,1
1571,1637,1638,0,0,1
1590,1638,1639,0,0,1
1640,1639,1641,1,0,1
1595,1641,1642,0,0,1
1598,1642,1643,0,0,1
1601,1643,1644,0,0,1
1609,1645,1646,0,1,1
1617,1646,1647,0,0,1
1620,1647,1648,0,0,1
1622,1648,1649,0,0,1
1633,1629,1650,0,0,1
901,1650,1651,0,0,1
1635,896,1652,0,0,1
1644,1636,1653,0,0,1
1604,1653,1654,0,0,1
1649,1654,1655,0,0,1
1651,1626,1656,0,0,1
899,1656,1657,0,0,1
1652,1657,1655,0,0,0
1599,1603,1658,0,0,1,1027
1596,1600,1659,0,0,1
1594,1597,1660,0,0,1
1591,1660,1661,0,0,1
1640,1592,1662,0,0,1
1589,1662,1663,0,0,1
1587,1663,1664,0,0,1
1585,1664,1665,0,0,1
1581,1583,1666,0,0,1
1577,1579,1667,0,0,1
207,1575,1668,0,0,1
1669,1668,1670,1,0,1
1671,1670,1672,1,0,1
1673,1674,1675,1,1,1
200,1676,1677,0,1,1
201,1677,1678,0,0,1
198,1678,1679,0,0,1
195,1679,1680,0,0,1
656,196,1681,0,0,1
193,1681,1682,0,0,1
190,1682,1683,0,0,1
1684,1683,1685,1,0,1
1686,1687,1688,1,1,1
1689,1688,1690,1,0,1
188,1691,1692,0,1,1
185,1692,1693,0,0,1
182,1693,1694,0,0,1
1695,1694,1696,1,0,1
1697,1696,1698,1,0,1
1699,1700,1701,1,1,1
1702,1701,1703,1,0,1
1704,1705,1706,1,1,1
1707,1706,1708,1,0,1
1709,1708,1710,1,0,1
1711,1712,1713,1,1,1
1714,1715,1716,1,1,1
1717,1716,1718,1,0,1
538,1719,1720,0,1,1
1721,1720,1722,1,0,1
1723,1722,1724,1,0,1
1725,1724,1726,1,0,1
1727,1728,1729,1,1,1
1730,1729,1731,1,0,1
1732,1733,1734,1,1,1
168,1734,1735,0,0,1
1610,1735,1736,0,0,1
1608,1611,1737,0,0,1
1605,1737,1738,0,0,1
1645,1606,1739,0,0,1
1602,1739,1740,0,0,1
1658,1740,1741,0,0,1
1659,1741,1742,0,0,1
1665,1661,1743,0,0,1
1666,1743,1744,0,0,1
1667,1744,1745,0,0,1
1685,1680,1746,0,0,1
1690,1746,1747,0,0,1
1748,1747,1749,1,0,1
1750,1749,1751,1,0,1
1698,1751,1752,0,0,1
1703,1752,1753,0,0,1
1710,1753,1754,0,0,1
1713,1754,1755,0,0,1
1718,1756,1757,0,1,1
1726,1757,1758,0,0,1
1731,1758,1759,0,0,1
1736,1759,1760,0,0,1
1738,1760,1761,0,0,1
1742,1761,1762,0,0,1
1755,1675,1763,0,0,1
1762,1764,1765,0,1,1
1763,1672,1766,0,0,1
1765,1767,1768,0,1,1
1745,1768,1766,0,0,0
1769,1770,1771,1,1,1,1027
1772,1771,1773,1,0,1
1774,1775,1776,1,1,1
1777,1778,1779,1,1,1
1780,1781,1782,1,1,1
1783,1782,1784,1,0,1
1785,1784,1786,1,0,1
1787,1786,1788,1,0,1
1789,1790,1791,1,1,1
1792,1793,1794,1,1,1
1795,1794,1796,1,0,1
1797,1798,1799,1,1,1
1800,1801,1802,1,1,1
1803,1804,1805,1,1,1
1806,1807,1808,1,1,1
1809,1808,1810,1,0,1
1811,1810,1812,1,0,1
1813,1812,1814,1,0,1
1815,1814,1816,1,0,1
1817,1816,1818,1,0,1
1819,1820,1821,1,1,1
1822,1823,1824,1,1,1
1825,1826,1827,1,1,1
1828,1827,1829,1,0,1
1830,1831,1832,1,1,1
1833,1834,1835,1,1,1
1836,1837,1838,1,1,1
1839,1838,1840,1,0,1
1841,1840,1842,1,0,1
1843,1844,1845,1,1,1
1846,1845,1847,1,0,1
1848,1847,1849,1,0,1
1850,1851,1852,1,1,1
1853,1852,1854,1,0,1
1855,1854,1856,1,0,1
1857,1856,1858,1,0,1
1859,1858,1860,1,0,1
1861,1860,1862,1,0,1
1863,1862,1864,1,0,1
1865,1864,1866,1,0,1
1867,1866,1868,1,0,1
1869,1868,1870,1,0,1
1871,1870,1872,1,0,1
1873,1874,1875,1,1,1
1876,1875,1877,1,0,1
1878,1879,1880,1,1,1
1881,1880,1882,1,0,1
1883,1884,1885,1,1,1
1886,1885,1887,1,0,1
1776,1773,1888,0,0,1
1788,1779,1889,0,0,1
1796,1791,1890,0,0,1
1805,1802,1891,0,0,1
1832,1829,1892,0,0,1
1835,1892,1893,0,0,1
1842,1893,1894,0,0,1
1849,1894,1895,0,0,1
1888,1887,1896,0,0,1
1897,1896,1898,1,0,1
1889,1898,1899,0,0,1
1900,1899,1901,1,0,1
1890,1901,1902,0,0,1
1895,1903,1904,0,1,1
1902,1882,1905,0,0,1
1799,1905,1906,0,0,1
1891,1906,1907,0,0,1
1904,1824,1908,0,0,1
1872,1908,1909,0,0,1
1907,1910,1911,0,1,1
1909,1821,1912,0,0,1
1913,1912,1914,1,0,1
1911,1877,1915,0,0,1
1818,1915,1914,0,0,0
1916,1917,1918,1,1,1,1027
1919,1918,1920,1,0,1
1921,1920,1922,1,0,1
1923,1922,1924,1,0,1
1925,1926,1927,1,1,1
1928,1927,1929,1,0,1
259,1930,1931,0,1,1
1932,1931,1933,1,0,1
1934,1933,1935,1,0,1
1936,1937,1938,1,1,1
1939,1940,1941,1,1,1
1942,1941,1943,1,0,1
1944,1945,1946,1,1,1
1947,1948,1949,1,1,1
1950,1951,1952,1,1,1
1953,1954,1955,1,1,1
1956,1955,1957,1,0,1
1958,1957,1959,1,0,1
1960,1961,1962,1,1,1
255,1962,1963,0,0,1
1964,253,1965,1,0,1
1966,1965,1967,1,0,1
1968,1969,1970,1,1,1
1971,1970,1972,1,0,1
250,1973,1974,0,1,1
1975,1974,1976,1,0,1
1977,1978,1979,1,1,1
1980,1981,1982,1,1,1
1983,1982,1984,1,0,1
1985,1986,1987,1,1,1
1988,1987,1989,1,0,1
1990,1991,1992,1,1,1
1993,1994,1995,1,1,1
1996,1995,1997,1,0,1
1998,1997,1999,1,0,1
2000,1999,2001,1,0,1
2002,2001,2003,1,0,1
2004,2003,2005,1,0,1
2006,2005,2007,1,0,1
2008,2009,2010,1,1,1
2011,2012,2013,1,1,1
2014,2015,2016,1,1,1
2017,2016,2018,1,0,1
2019,2018,2020,1,0,1
2021,2020,2022,1,0,1
2023,2022,2024,1,0,1
2025,2026,2027,1,1,1
2028,2029,2030,1,1,1
2031,2032,2033,1,1,1
2034,2033,2035,1,0,1
2036,2035,2037,1,0,1
2038,2037,2039,1,0,1
2040,2041,2042,1,1,1
2043,2044,2045,1,1,1
2046,2047,2048,1,1,1
2049,2048,2050,1,0,1
2051,2052,2053,1,1,1
2054,2053,2055,1,0,1
2056,2057,2058,1,1,1
2059,2058,2060,1,0,1
2061,2062,2063,1,1,1
2064,2065,2066,1,1,1
2067,2066,2068,1,0,1
2069,2068,2070,1,0,1
2071,2072,2073,1,1,1
2074,2075,2076,1,1,1
2077,2076,2078,1,0,1
2079,2078,2080,1,0,1
2081,2080,2082,1,0,1
2083,2082,2084,1,0,1
2085,2086,2087,1,1,1
2088,2089,2090,1,1,1
2091,2092,2093,1,1,1
2094,2093,2095,1,0,1
2096,2095,2097,1,0,1
2098,2097,2099,1,0,1
2100,2099,2101,1,0,1
2102,2101,2103,1,0,1
2104,2103,2105,1,0,1
2106,2105,2107,1,0,1
2108,2107,2109,1,0,1
2110,2109,2111,1,0,1
2112,2111,2113,1,0,1
2114,2113,2115,1,0,1
2116,2115,2117,1,0,1
2118,2117,2119,1,0,1
2120,2121,2122,1,1,1
2123,2124,2125,1,1,1
2126,2127,2128,1,1,1
2129,2130,2131,1,1,1
313,2131,2132,0,0,1
2133,2132,2134,1,0,1
2135,2134,2136,1,0,1
2137,2138,2139,1,1,1
2140,2141,2142,1,1,1
2143,2144,2145,1,1,1
2146,2147,2148,1,1,1
300,2148,2149,0,0,1
297,2149,2150,0,0,1
2151,2150,2152,1,0,1
2153,2152,2154,1,0,1
2155,2154,2156,1,0,1
2157,2156,2158,1,0,1
2159,2158,2160,1,0,1
2161,2162,2163,1,1,1
2164,2163,2165,1,0,1
2166,2167,2168,1,1,1
1924,2168,2169,0,0,1
2170,2169,2171,1,0,1
1929,2171,2172,0,0,1
1935,2172,2173,0,0,1
2174,2173,2175,1,0,1
1938,2175,2176,0,0,1
1943,2176,2177,0,0,1
1946,2177,2178,0,0,1
1959,1952,2179,0,0,1
1963,2179,2180,0,0,1
1967,252,2181,0,0,1
1979,2182,2183,0,1,1
2184,2183,2185,1,0,1
2186,2185,2187,1,0,1
2007,2188,2189,0,1,1
2010,2189,2190,0,0,1
2024,2013,2191,0,0,1
2027,2191,2192,0,0,1
2030,2192,2193,0,0,1
2045,2042,2194,0,0,1
2050,2194,2195,0,0,1
2055,2195,2196,0,0,1
2197,2196,2198,1,0,1
2060,2198,2199,0,0,1
2200,2199,2201,1,0,1
2202,2201,2203,1,0,1
2063,2203,2204,0,0,1
2070,2205,2206,0,1,1
2073,2206,2207,0,0,1
2084,2207,2208,0,0,1
2087,2209,2210,0,1,1
2090,2210,2211,0,0,1
2212,2211,2213,1,0,1
2119,2213,2214,0,0,1
2122,2214,2215,0,0,1
2216,2215,2217,1,0,1
2136,2128,2218,0,0,1
2139,2218,2219,0,0,1
2220,2219,2221,1,0,1
2142,2221,2222,0,0,1
2145,2222,2223,0,0,1
2180,2224,2225,0,1,1
2181,2225,2226,0,0,1
2187,1976,2227,0,0,1
2228,2227,2229,1,0,1
2190,1992,2230,0,0,1
2193,2230,2231,0,0,1
2232,2231,2233,1,0,1
2204,2039,2234,0,0,1
2208,2234,2235,0,0,1
2217,2236,2237,0,1,1
2238,2237,2239,1,0,1
2223,2125,2240,0,0,1
2160,2240,2241,0,0,1
2242,2241,2243,1,0,1
2226,1949,2244,0,0,1
2229,2245,2246,0,1,1
1984,2246,2247,0,0,1
1989,2247,2248,0,0,1
2235,2249,2250,0,1,1
2239,2251,2252,0,1,1
2243,2252,2253,0,0,1
2254,2253,2255,1,0,1
2165,2255,2256,0,0,1
2178,2256,2257,0,0,1
2248,1972,2258,0,0,1
2233,2258,2259,0,0,1
2257,2260,2261,0,1,1
2259,2244,2262,0,0,1
2250,2262,2261,0,0,0
2263,1770,2264,1,0,1,1027
2265,2266,1277,1,1,0,1028
746,698,2267,0,0,1,1043
744,2267,2268,0,0,1
695,2268,2269,0,0,1
692,2269,2270,0,0,1
741,693,2271,0,0,1
690,2271,2272,0,0,1
687,2272,2273,0,0,1
684,688,2274,0,0,1
2275,2274,2276,1,0,1
2277,2276,2278,1,0,1
2279,2278,2280,1,0,1
2281,2280,2282,1,0,1
2283,2282,2284,1,0,1
2285,2286,2287,1,1,1
2288,2287,2289,1,0,1
2290,2289,2291,1,0,1
2292,2293,2294,1,1,1
2295,2294,2296,1,0,1
2297,2296,2298,1,0,1
2299,2300,2301,1,1,1
2302,2301,2303,1,0,1
2304,2305,2306,1,1,1
2307,2306,2308,1,0,1
2270,2308,2309,0,0,1
2284,2273,2310,0,0,1
2291,2310,2311,0,0,1
2298,2311,2312,0,0,1
2303,2312,2313,0,0,1
2314,2313,2309,1,0,0
726,729,2315,0,0,1,1043
2316,2317,2318,1,1,1,1043
2319,2318,2320,1,0,1
2321,2320,2322,1,0,1
660,2322,731,0,0,0
2323,2324,2325,1,1,1,46080
2326,2325,2327,1,0,1
2328,2327,2329,1,0,1
2330,2331,2332,1,1,1
2333,2332,2334,1,0,1
2335,2336,2337,1,1,1
2338,2337,2339,1,0,1
2329,2339,2340,0,0,1
2341,2340,2334,1,0,0
2342,2343,2344,1,1,1,46096
2345,2344,2346,1,0,1
2347,2348,2349,1,1,1
2350,2351,2352,1,1,1
2353,2354,2355,1,1,1
2356,2357,2358,1,1,1
2359,2358,2360,1,0,1
2361,2360,2362,1,0,1
2363,2362,2364,1,0,1
2365,2364,2366,1,0,1
2367,2368,2369,1,1,1
2370,2371,2372,1,1,1
2373,2372,2374,1,0,1
2375,2376,2377,1,1,1
2378,2379,2380,1,1,1
2381,2380,2382,1,0,1
2383,2382,2384,1,0,1
80,2384,2385,0,0,1
517,2385,2386,0,0,1
77,2386,2387,0,0,1
74,2387,2388,0,0,1
75,2388,2389,0,0,1
72,2389,2390,0,0,1
69,2390,2391,0,0,1
70,2391,2392,0,0,1
67,2392,2393,0,0,1
65,2393,2394,0,0,1
63,2394,2395,0,0,1
60,2395,2396,0,0,1
57,61,2397,0,0,1
55,58,2398,0,0,1
50,53,2399,0,0,1
48,2399,2400,0,0,1
45,2400,2401,0,0,1
43,46,2402,0,0,1
40,2402,2403,0,0,1
38,41,2404,0,0,1
34,36,2405,0,0,1
508,30,2406,0,0,1
506,2406,2407,0,0,1
504,2407,2408,0,0,1
27,2408,2409,0,0,1
24,2409,2410,0,0,1
25,2410,2411,0,0,1
21,2411,2412,0,0,1
22,2412,2413,0,0,1
18,2413,2414,0,0,1
19,2414,2415,0,0,1
16,2415,2416,0,0,1
14,2416,2417,0,0,1
12,2417,2418,0,0,1
10,2418,2419,0,0,1
7,2419,2420,0,0,1
5,8,2421,0,0,1
3,2421,2422,0,0,1
0,2422,2423,0,0,1
2424,1,2425,1,0,1
2335,2425,2426,0,0,1
2336,2426,2427,0,0,1
2333,2427,2428,0,0,1
2330,2428,2429,0,0,1
2341,2331,2430,0,0,1
2328,2430,2431,0,0,1
2323,2326,2432,0,0,1
2346,2432,2433,0,0,1
2349,2433,2434,0,0,1
2435,2434,2436,1,0,1
2352,2436,2437,0,0,1
2355,2437,2438,0,0,1
2439,2438,2440,1,0,1
2366,2440,2441,0,0,1
2442,2441,2443,1,0,1
2369,2443,2444,0,0,1
2374,2444,2445,0,0,1
2377,2445,2446,0,0,1
2396,2446,2447,0,0,1
2397,2447,2448,0,0,1
2398,2448,2449,0,0,1
52,2449,2450,0,0,1
2401,2450,2451,0,0,1
2403,2451,2452,0,0,1
2405,2404,2453,0,0,1
32,2453,2454,0,0,1
2420,29,2455,0,0,1
2423,2455,2456,0,0,1
2429,2456,2457,0,0,1
2431,2457,2458,0,0,1
2452,2458,2454,0,0,0
2459,2460,2461,1,1,1,50192
2462,2461,2463,1,0,1
2464,2463,2465,1,0,1
2466,2467,2468,1,1,1
2469,2470,2471,1,1,1
2472,2473,2474,1,1,1
2475,2474,2476,1,0,1
2477,2476,2478,1,0,1
2479,2478,2480,1,0,1
2481,2480,2482,1,0,1
2483,2482,2484,1,0,1
2485,2486,2487,1,1,1
2488,2489,2490,1,1,1
2357,2490,2491,0,0,1
2439,2491,2492,0,0,1
2353,2492,2493,0,0,1
2350,2354,2494,0,0,1
2435,2351,2495,0,0,1
2347,2495,2496,0,0,1
2345,2348,2497,0,0,1
2342,2497,2498,0,0,1
2465,2498,2499,0,0,1
2468,2499,2500,0,0,1
2471,2500,2501,0,0,1
2484,2501,2502,0,0,1
2493,2487,2503,0,0,1
2494,2503,2504,0,0,1
2496,2504,2502,0,0,0
2505,2506,2507,1,1,1,33808
2508,2507,2509,1,0,1
2510,2509,2511,1,0,1
2512,2511,2513,1,0,1
2514,2515,2516,1,1,1
2517,2518,2519,1,1,1
2520,2521,2522,1,1,1
2523,2524,2525,1,1,1
2526,2525,2527,1,0,1
2528,2527,2529,1,0,1
2475,2529,2530,0,0,1
2472,2530,2531,0,0,1
2473,2531,2532,0,0,1
2469,2532,2533,0,0,1
2470,2533,2534,0,0,1
2466,2534,2535,0,0,1
2464,2467,2536,0,0,1
2462,2536,2537,0,0,1
2459,2537,2538,0,0,1
2513,2538,2539,0,0,1
2516,2539,2540,0,0,1
2519,2540,2541,0,0,1
2522,2541,2535,0,0,0
2542,2543,2544,1,1,1,37904
2545,2544,2546,1,0,1
2508,2546,2505,0,0,0
2542,2547,2548,1,1,1,1041
2510,2545,2549,1,1,1
2512,2549,2550,1,0,1
2515,2550,2551,1,0,1
2552,2551,2553,1,0,1
2554,2553,2555,1,0,1
2556,2555,2557,1,0,1
2558,2559,2560,1,1,1
2561,2560,2562,1,0,1
2563,2564,2565,1,1,1
2566,2567,2568,1,1,1
2521,2569,2570,1,1,1
2524,2520,2571,1,1,1
2572,2571,2573,1,0,1
2574,2575,2576,1,1,1
2577,2578,2579,1,1,1
2580,2579,2581,1,0,1
2582,2583,2584,1,1,1
2585,2584,2586,1,0,1
2587,2586,2588,1,0,1
2589,2590,2591,1,1,1
2592,2593,2594,1,1,1
2595,2594,2596,1,0,1
2597,2598,2599,1,1,1
2600,2601,2602,1,1,1
2603,2602,2604,1,0,1
2605,2604,2606,1,0,1
2607,2606,2608,1,0,1
2609,2608,2610,1,0,1
2611,2610,2612,1,0,1
2613,2612,2614,1,0,1
2615,2616,2617,1,1,1
2618,2619,2620,1,1,1
2621,2622,2623,1,1,1
2624,2625,2626,1,1,1
2627,2626,2628,1,0,1
2548,2629,2630,0,1,1
2557,2630,2631,0,0,1
2565,2562,2632,0,0,1
2570,2568,2633,0,0,1
2573,2633,2634,0,0,1
2576,2634,2635,0,0,1
2581,2635,2636,0,0,1
2588,2636,2637,0,0,1
2591,2637,2638,0,0,1
2614,2599,2639,0,0,1
2617,2639,2640,0,0,1
2620,2640,2641,0,0,1
2628,2623,2642,0,0,1
2638,2632,2643,0,0,1
2641,2596,2644,0,0,1
2642,2644,2645,0,0,1
2643,2631,2646,0,0,1
2647,2646,2645,1,0,0
2593,2647,2648,1,1,1,1042
2595,2592,2649,1,1,1
2601,2597,2650,1,1,1
2651,2650,2652,1,0,1
2653,2652,2654,1,0,1
2655,2656,2657,1,1,1
2658,2657,2659,1,0,1
2660,2659,2661,1,0,1
2662,2663,2664,1,1,1
2665,2664,2666,1,0,1
2667,2666,2668,1,0,1
2669,2668,2670,1,0,1
2671,2670,2672,1,0,1
2585,2582,2673,1,1,1
2587,2673,2674,1,0,1
2590,2674,2675,1,0,1
2589,2675,2676,1,0,1
2648,2676,2677,0,0,1
2654,2598,2678,0,1,1
2661,2678,2679,0,0,1
2680,2679,2681,1,0,1
2672,2681,2682,0,0,1
2677,2683,2684,0,1,1
2649,2684,2682,0,0,0
2685,2686,2687,1,1,1,37904
2564,2561,2688,1,1,1
2567,2563,2689,1,1,1
2566,2689,2690,1,0,1
2517,2569,2691,0,1,1
2518,2691,2692,0,0,1
2514,2692,2693,0,0,1
2687,2554,2694,0,1,1
2558,2694,2695,1,0,1
2688,2695,2696,0,0,1
2693,2690,2697,0,0,1
2552,2697,2696,1,0,0
2698,2699,2700,1,1,1,1042
2701,2700,2702,1,0,1
2671,2683,2703,0,0,1,37904
2704,2705,2706,1,1,1
2707,2708,2709,1,1,1
2710,2709,2711,1,0,1
2578,2574,2712,1,1,1
2577,2712,2713,1,0,1
2583,2580,2714,1,1,1
2706,2703,2715,0,0,1
2713,2711,2716,0,0,1
2714,2716,2715,0,0,0
2717,2658,2718,1,0,1,1041
2719,2718,2720,1,0,1
2721,2720,2722,1,0,1
2707,2723,2724,0,1,1
2708,2724,2725,0,0,1
2704,2725,2726,0,0,1
2705,2726,2727,0,0,1
2669,2727,2728,0,0,1
2667,2728,2729,0,0,1
2665,2729,2730,0,0,1
2680,2663,2731,0,0,1
2660,2731,2732,0,0,1
2730,2722,2733,0,0,1
2662,2733,2732,0,0,0
2734,2653,2735,1,0,1,1043
2736,2735,2737,1,0,1
2738,2737,2739,1,0,1
2740,2741,2742,1,1,1
2743,2742,2744,1,0,1
2745,2746,2747,1,1,1
2748,2749,2750,1,1,1
2751,2752,2753,1,1,1
2754,2755,2756,1,1,1
2757,2758,2759,1,1,1
2760,2761,2762,1,1,1
2763,2762,2764,1,0,1
2717,2765,2766,0,1,1
2655,2766,2767,0,0,1
2656,2767,2768,0,0,1
2739,2768,2769,0,0,1
2744,2769,2770,0,0,1
2747,2770,2771,0,0,1
2772,2771,2773,1,0,1
2753,2750,2774,0,0,1
2756,2774,2775,0,0,1
2759,2775,2776,0,0,1
2777,2776,2778,1,0,1
2764,2778,2773,0,0,0
2779,2575,2780,1,1,1,1025
2781,2780,2782,1,0,1
2783,2782,2784,1,0,1
2785,2784,2786,1,0,1
2787,2788,2789,1,1,1
2790,2791,2792,1,1,1
2793,2792,2794,1,0,1
2795,2794,2796,1,0,1
2797,2798,2799,1,1,1
2800,2799,2801,1,0,1
2802,2801,2803,1,0,1
2804,2805,2806,1,1,1
2807,2808,2809,1,1,1
2810,2809,2811,1,0,1
2812,2811,2813,1,0,1
2523,2813,2814,0,0,1
2572,2814,2815,1,0,1
2786,2815,2816,0,0,1
2789,2816,2817,0,0,1
2803,2796,2818,0,0,1
2806,2818,2819,0,0,1
2820,2819,2817,1,0,0
2821,2710,2822,1,0,1,37888
2823,2824,2825,1,1,1
2826,2827,2828,1,1,1
2829,2830,2831,1,1,1
2832,2831,2833,1,0,1
2834,2835,2836,1,1,1
2837,2836,2838,1,0,1
2839,2840,2841,1,1,1
2842,2841,2843,1,0,1
2793,2843,2844,0,0,1
2790,2844,2845,0,0,1
2787,2791,2846,0,0,1
2785,2788,2847,0,0,1
2783,2847,2848,0,0,1
2779,2781,2849,0,0,1
2822,2849,2850,0,0,1
2851,2850,2852,1,0,1
2838,2833,2853,0,0,1
2845,2853,2854,0,0,1
2846,2854,2855,0,0,1
2852,2848,2856,0,0,1
2825,2856,2857,0,0,1
2828,2857,2855,0,0,0
2858,2859,2860,1,1,1,1025
2861,2862,2863,1,1,1
2864,2865,2866,1,1,1
2867,2866,2868,1,0,1
2869,2868,2870,1,0,1
2871,2872,2873,1,1,1
2874,2875,2876,1,1,1
2877,2876,2878,1,0,1
2879,2880,2881,1,1,1
2723,2881,2882,1,0,1
2821,2882,2883,1,0,1
2851,2883,2884,1,0,1
2824,2884,2885,1,0,1
2827,2823,2886,1,1,1
2830,2826,2887,1,1,1
2835,2832,2888,1,1,1
2840,2837,2889,1,1,1
2890,2839,2891,1,1,1
2892,2891,2893,1,0,1
2894,2893,2895,1,0,1
2896,2897,2898,1,1,1
2899,2900,2901,1,1,1
2902,2901,2903,1,0,1
2904,2903,2905,1,0,1
2906,2907,2908,1,1,1
2909,2908,2910,1,0,1
2911,2912,2913,1,1,1
2914,2913,2915,1,0,1
2916,2915,2917,1,0,1
2918,2917,2919,1,0,1
2920,2919,2921,1,0,1
2922,2923,2924,1,1,1
2925,2926,2927,1,1,1
2928,2927,2929,1,0,1
2930,2928,2931,1,0,1
2870,2863,2932,0,0,1
2878,2873,2933,0,0,1
2885,2934,2935,0,1,1
2886,2935,2936,0,0,1
2887,2936,2937,0,0,1
2888,2829,2938,0,1,1
2889,2834,2939,0,1,1
2895,2939,2940,0,0,1
2941,2940,2942,1,0,1
2905,2898,2943,0,0,1
2921,2910,2944,0,0,1
2924,2945,2946,0,1,1
2929,2946,2947,0,0,1
2948,2947,2949,1,0,1
2931,2948,2950,0,0,1
2951,2950,2952,1,0,1
2860,2952,2953,0,0,1
2932,2953,2954,0,0,1
2933,2954,2955,0,0,1
2937,2955,2956,0,0,1
2938,2956,2957,0,0,1
2942,2957,2958,0,0,1
2959,2958,2960,1,0,1
2943,2960,2961,0,0,1
2944,2961,2962,0,0,1
2963,2962,2964,1,0,1
2965,2964,2949,1,0,0
2966,2967,2968,1,1,1,1026
2969,2970,2971,1,1,1
2972,2973,2974,1,1,1
2975,2974,2976,1,0,1
2977,2976,2978,1,0,1
2979,2978,2980,1,0,1
2981,2982,2983,1,1,1
2984,2985,2986,1,1,1
2987,2986,2988,1,0,1
2989,2988,2990,1,0,1
2991,2992,2993,1,1,1
2994,2993,2995,1,0,1
2996,2995,2997,1,0,1
2998,2997,2999,1,0,1
3000,3001,3002,1,1,1
3003,3004,3005,1,1,1
2721,3005,3006,1,0,1
2879,3006,3007,0,0,1
2880,3007,3008,0,0,1
2934,3008,3009,0,0,1
2877,3009,3010,0,0,1
2874,3010,3011,0,0,1
2871,2875,3012,0,0,1
2869,2872,3013,0,0,1
2861,2865,3014,0,0,1
2858,2862,3015,0,0,1
2951,2859,3016,0,0,1
2930,3016,3017,0,0,1
3018,3017,3019,1,0,1
2968,3020,3021,0,1,1
2971,3021,3022,0,0,1
2980,3022,3023,0,0,1
3024,3023,3025,1,0,1
2983,3026,3027,0,1,1
2999,2990,3028,0,0,1
3011,3002,3029,0,0,1
3013,3012,3030,0,0,1
3014,2864,3031,0,0,1
3015,3031,3032,0,0,1
3025,3019,3033,0,0,1
3027,3033,3034,0,0,1
3029,3028,3035,0,0,1
3030,3035,3036,0,0,1
2867,3036,3037,0,0,1
3032,3037,3034,0,0,0
3038,3039,3040,1,1,1,1027
3041,3040,3042,1,0,1
3043,3042,3044,1,0,1
3045,3044,3046,1,0,1
3047,3048,3049,1,1,1
3050,3049,3051,1,0,1
3052,3051,3053,1,0,1
3054,3055,3056,1,1,1
3057,3056,3058,1,0,1
3059,3058,3060,1,0,1
3061,3060,3062,1,0,1
3063,3062,3064,1,0,1
3065,3064,3066,1,0,1
3067,3068,3069,1,1,1
3070,3071,3072,1,1,1
3073,3072,3074,1,0,1
2755,3074,3075,1,0,1
2754,3075,3076,1,0,1
2758,3076,3077,1,0,1
2757,3077,3078,1,0,1
2761,2777,3079,1,1,1
2765,2763,3080,1,1,1
2719,3080,3081,1,0,1
3003,3081,3082,0,0,1
3004,3082,3083,0,0,1
2998,3001,3084,0,0,1
2996,3084,3085,0,0,1
2989,2992,3086,0,0,1
2987,3086,3087,0,0,1
2981,2985,3088,0,0,1
3026,2982,3089,0,0,1
3024,3089,3090,0,0,1
2979,3090,3091,0,0,1
2977,3091,3092,0,0,1
2975,3092,3093,0,0,1
3094,3093,3095,1,0,1
3096,3095,3097,1,0,1
3098,3097,3099,1,0,1
3100,3099,3101,1,0,1
3102,3101,3103,1,0,1
3104,3103,3105,1,0,1
3106,3105,3107,1,0,1
3108,3107,3109,1,0,1
3110,3109,3111,1,0,1
3046,3111,3112,0,0,1
3053,3112,3113,0,0,1
3066,3114,3115,0,1,1
3069,3116,3117,0,1,1
3078,3117,3118,0,0,1
3079,3118,3119,0,0,1
2760,3119,3120,1,0,1
3085,3000,3121,0,0,1
3087,2991,3122,0,0,1
3088,2984,3123,0,0,1
3113,3123,3124,0,0,1
3115,3124,3125,0,0,1
3120,3126,3127,0,1,1
3121,3083,3128,0,0,1
2994,3128,3129,0,0,1
3122,3129,3130,0,0,1
3125,3130,3127,0,0,0
2812,2526,3131,0,0,1,33792
3132,3131,3133,1,0,1
2477,3133,2528,0,0,0
3132,2479,3134,0,0,1,50176
2810,3134,3135,0,0,1
2807,3135,3136,0,0,1
2820,2808,3137,0,0,1
2804,3137,3138,0,0,1
2802,2805,3139,0,0,1
2795,2798,3140,0,0,1
2842,3140,3141,0,0,1
2890,3141,3142,1,0,1
2892,3142,3143,1,0,1
2941,2894,3144,1,1,1
3145,3144,3146,1,0,1
3147,3146,3148,1,0,1
2896,3148,3149,1,0,1
2900,3149,3150,1,0,1
3151,3150,3152,1,0,1
3153,3152,3154,1,0,1
3155,3154,3156,1,0,1
3157,3156,3158,1,0,1
3159,3158,3160,1,0,1
3161,3160,3162,1,0,1
2370,3163,3164,0,1,1
3165,3164,3166,1,0,1
2488,3166,3167,0,0,1
2485,2489,3168,0,0,1
2483,2486,3169,0,0,1
2481,3169,3170,0,0,1
3136,3170,3171,0,0,1
3138,3171,3172,0,0,1
3139,3172,3173,0,0,1
2800,3173,3174,0,0,1
3143,2797,3175,0,0,1
3162,3175,3176,0,0,1
3167,3176,3177,0,0,1
3168,3177,3174,0,0,0
3178,2736,3179,1,0,1,1042
2741,3179,2738,0,0,0
3180,2743,3181,1,0,1,1042
2748,2752,3182,0,0,1
2772,2749,3183,0,0,1
2745,3183,3184,0,0,1
3181,2746,3185,0,0,1
3182,3185,3184,0,0,0
2371,3165,3186,0,0,1,46080
2442,2368,3187,0,0,1
2365,3187,3188,0,0,1
2363,3188,3189,0,0,1
2361,3189,3190,0,0,1
2356,2359,3191,0,0,1
3186,3191,3192,0,0,1
2367,3192,3190,0,0,0
3054,3057,3193,0,0,1,1026
3114,3055,3194,0,0,1
3052,3194,3195,0,0,1
3050,3195,3196,0,0,1
3045,3048,3197,0,0,1
3043,3197,3198,0,0,1
3041,3198,3199,0,0,1
3110,3039,3200,0,0,1
3201,3200,3202,1,0,1
3203,3202,3204,1,0,1
3205,3206,3207,1,1,1
3208,3209,3210,1,1,1
3211,3210,3212,1,0,1
3213,3212,3214,1,0,1
3215,3214,3216,1,0,1
3217,3216,3218,1,0,1
3219,3220,3221,1,1,1
3222,3223,3224,1,1,1
3225,3224,3226,1,0,1
3227,3226,3228,1,0,1
3229,3228,3230,1,0,1
3231,3230,3232,1,0,1
3233,3234,3235,1,1,1
3236,3235,3237,1,0,1
3238,3237,3239,1,0,1
3240,3239,3241,1,0,1
3242,3243,3244,1,1,1
3245,3244,3246,1,0,1
3247,3246,3248,1,0,1
3070,3248,3249,0,0,1
3067,3071,3250,0,0,1
3116,3068,3251,0,0,1
3065,3126,3252,0,0,1
3063,3252,3253,0,0,1
3199,3047,3254,0,0,1
3204,3038,3255,0,0,1
3218,3207,3256,0,0,1
3221,3256,3257,0,0,1
3232,3257,3258,0,0,1
3241,3259,3260,0,1,1
3261,3260,3262,1,0,1
3249,3262,3263,0,0,1
3253,3251,3264,0,0,1
3061,3264,3265,0,0,1
3254,3196,3266,0,0,1
3255,3266,3267,0,0,1
3268,3267,3269,1,0,1
3258,3269,3270,0,0,1
3265,3250,3271,0,0,1
3059,3271,3272,0,0,1
3270,3193,3273,0,0,1
3274,3273,3275,1,0,1
3263,3275,3272,0,0,0
3161,3163,3276,0,0,1,50192
3157,3159,3277,0,0,1
3155,3277,3278,0,0,1
3153,3278,3279,0,0,1
2899,3151,3280,1,0,1
3281,3280,3282,1,0,1
3283,3282,3284,1,0,1
3285,3284,3286,1,0,1
3287,3286,3288,1,0,1
3289,3290,3291,1,1,1
3292,3291,3293,1,0,1
2381,3294,3295,0,1,1
2378,3295,3296,0,0,1
2375,2379,3297,0,0,1
2373,2376,3298,0,0,1
3276,3298,3299,0,0,1
3279,3299,3300,0,0,1
3288,3300,3301,0,0,1
3302,3301,3303,1,0,1
3304,3303,3305,1,0,1
3293,3305,3306,0,0,1
3296,3306,3297,0,0,0
3307,2965,3308,1,1,1,1026
708,3308,3309,1,0,1
2916,3310,3311,1,1,1
2920,2918,3312,1,1,1
2963,3312,3313,1,0,1
3309,3313,3311,0,0,0
3314,3315,3316,1,1,1,1041
3317,3314,3318,1,0,1
3319,3320,3321,1,1,1
3322,3323,3324,1,1,1
3325,3324,3326,1,0,1
3327,3326,3328,1,0,1
3329,3328,3330,1,0,1
2902,3331,3332,0,1,1
3281,3332,3333,1,0,1
3334,3333,3335,1,0,1
3336,3335,3337,1,0,1
3290,3337,3338,1,0,1
3339,3289,3340,1,1,1
3341,3342,3343,1,1,1
3344,3343,3345,1,0,1
3316,3346,3347,0,1,1
3321,3318,3348,0,0,1
3330,3349,3350,0,1,1
3338,3350,3351,0,0,1
3345,3352,3353,0,1,1
3347,3353,3354,0,0,1
3351,3348,3355,0,0,1
3340,3355,3354,0,0,0
3329,3331,3356,0,0,1,1042
3349,3323,3357,0,0,1
3319,3357,3358,0,0,1
3317,3320,3359,0,0,1
3360,3359,3361,1,0,1
3362,3361,3363,1,0,1
3364,3363,3365,1,0,1
3366,3365,3367,1,0,1
3368,3367,3369,1,0,1
3370,3371,3372,1,1,1
3373,3374,3375,1,1,1
3376,3375,3377,1,0,1
724,3377,3378,0,0,1
722,3378,3379,0,0,1
720,3379,3380,0,0,1
714,718,3381,0,0,1
712,715,3382,0,0,1
3310,710,3383,1,0,1
2914,3383,3384,0,0,1
3385,3384,3386,1,0,1
3387,3388,3389,1,1,1
3390,3389,3391,1,0,1
3392,3391,3393,1,0,1
3394,3393,3395,1,0,1
3396,3395,3397,1,0,1
3398,3397,3399,1,0,1
3400,3401,3402,1,1,1
3403,3404,3405,1,1,1
2906,3406,3407,0,1,1
2904,2907,3408,0,0,1
3356,3408,3409,0,0,1
3327,3409,3410,0,0,1
3325,3410,3411,0,0,1
3358,3322,3412,0,0,1
3380,3372,3413,0,0,1
3381,717,3414,0,0,1
3382,3414,3415,0,0,1
3399,3386,3416,0,0,1
3407,3405,3417,0,0,1
3411,3417,3418,0,0,1
3412,3418,3419,0,0,1
3413,3420,3421,0,1,1
3416,3415,3422,0,0,1
3423,3422,3424,1,0,1
3402,3424,3425,0,0,1
3419,3425,3426,0,0,1
3369,3426,3421,0,0,0
3285,3287,3427,0,0,1,1041
3428,3427,3429,1,0,1
3430,3429,3302,1,0,0
2912,2909,3431,1,1,1,1041
3385,2911,3432,1,1,1
3388,3432,3433,1,0,1
3387,3433,3434,1,0,1
3394,3392,3435,1,1,1
3398,3396,3436,1,1,1
3423,3436,3437,1,0,1
3401,3437,3438,1,0,1
3404,3400,3439,1,1,1
3440,3441,3442,1,1,1
3434,3431,3443,0,0,1
3390,3443,3444,1,0,1
3438,3435,3445,0,0,1
3439,3445,3446,0,0,1
3442,3446,3444,0,0,0
3447,3448,3449,1,1,1,1028
3450,3451,3452,1,1,1
3453,3454,3455,1,1,1
3456,3455,3457,1,0,1
3458,3457,3459,1,0,1
3460,3459,3461,1,0,1
3462,3463,3464,1,1,1
3465,3464,3466,1,0,1
3467,3468,3469,1,1,1
3470,3471,3472,1,1,1
3473,3472,3474,1,0,1
3475,3474,3476,1,0,1
3477,3476,3478,1,0,1
3479,3478,3480,1,0,1
3481,3480,3482,1,0,1
3483,3482,3484,1,0,1
3485,3484,3486,1,0,1
3487,3488,3489,1,1,1
3490,3489,3491,1,0,1
3492,3491,3493,1,0,1
3494,3493,3495,1,0,1
3496,3495,3497,1,0,1
3449,3498,3499,0,1,1
3452,3499,3500,0,0,1
3461,3500,3501,0,0,1
3466,3501,3502,0,0,1
3486,3469,3503,0,0,1
3497,3503,3504,0,0,1
3505,3504,3502,1,0,0
3283,3428,3506,0,0,1,1042
3334,3506,3507,1,0,1
3304,3336,3508,0,1,1
3430,3508,3507,0,0,0
3509,3510,3511,1,1,1,1044
3512,3511,3513,1,0,1
3514,3513,3515,1,0,1
3516,3515,3517,1,0,1
3518,3517,3519,1,0,1
3520,3456,3521,1,0,1,1027
3522,3521,3523,1,0,1
3524,3523,3525,1,0,1
3526,3525,3527,1,0,1
3528,3529,3530,1,1,1
3462,3530,3531,0,0,1
3463,3531,3532,0,0,1
3460,3532,3533,0,0,1
3458,3533,3527,0,0,0
3339,3292,3534,1,0,1,50176
3535,3534,3536,1,0,1
3537,3536,3538,1,0,1
3539,3538,3540,1,0,1
3541,3540,3542,1,0,1
3543,3542,3544,1,0,1
3545,3546,3547,1,1,1
3548,3549,3550,1,1,1
3551,3552,3553,1,1,1
3554,3555,3556,1,1,1
3557,3558,3559,1,1,1
3560,3561,3562,1,1,1
3563,3562,3564,1,0,1
3565,3564,3566,1,0,1
3567,3568,3569,1,1,1
3570,3569,3571,1,0,1
3572,3573,3574,1,1,1
3575,3574,3576,1,0,1
3577,3578,3579,1,1,1
3580,3579,3581,1,0,1
3582,3583,3584,1,1,1
3585,3584,3586,1,0,1
3587,3586,3588,1,0,1
3589,3588,3590,1,0,1
1831,3590,3591,1,0,1
3592,3591,3593,1,0,1
3594,3595,3596,1,1,1
3597,3598,3599,1,1,1
3600,3599,3601,1,0,1
3602,3601,3603,1,0,1
3604,3603,3605,1,0,1
3606,3605,3607,1,0,1
3608,3607,3609,1,0,1
3610,3609,3611,1,0,1
3612,3611,3613,1,0,1
3614,3613,3615,1,0,1
3616,3615,3617,1,0,1
3618,3617,3619,1,0,1
3620,3621,3622,1,1,1
3623,3624,3625,1,1,1
3626,3625,3627,1,0,1
3628,3627,3629,1,0,1
3630,3629,3631,1,0,1
3632,3631,3633,1,0,1
3634,3633,3635,1,0,1
3636,3635,3637,1,0,1
3638,3637,3639,1,0,1
243,3640,3641,0,1,1
239,3641,3642,0,0,1
237,240,3643,0,0,1
3644,3643,3645,1,0,1
3646,833,3647,1,0,1
3648,3649,3650,1,1,1
3651,3650,3652,1,0,1
3653,3652,3654,1,0,1
3655,3654,3656,1,0,1
776,3657,3658,0,1,1
3659,774,3660,1,0,1
3661,3662,3663,1,1,1
3664,3663,3665,1,0,1
3666,3667,3668,1,1,1
3669,3668,3670,1,0,1
3671,3672,3673,1,1,1
3674,3673,3675,1,0,1
3676,3675,3677,1,0,1
82,3677,3678,0,0,1
2383,79,3679,0,0,1
3294,3679,3680,0,0,1
3544,3680,3681,0,0,1
3547,3681,3682,0,0,1
3553,3550,3683,0,0,1
3684,3683,3685,1,0,1
3566,3559,3686,0,0,1
3571,3686,3687,0,0,1
3688,3687,3689,1,0,1
3593,3581,3690,0,0,1
3596,3690,3691,0,0,1
3619,3691,3692,0,0,1
3622,3692,3693,0,0,1
3639,3693,3694,0,0,1
3642,3694,3695,0,0,1
3645,3695,3696,0,0,1
3697,3696,3698,1,0,1
3647,3698,3699,0,0,1
3656,3699,3700,0,0,1
3701,3700,3702,1,0,1
3660,3658,3703,0,0,1
3665,3703,3704,0,0,1
3670,3704,3705,0,0,1
3678,3706,3707,0,1,1
3682,83,3708,0,0,1
3685,3708,3709,0,0,1
3710,3709,3711,1,0,1
3712,3711,3713,1,0,1
3556,3713,3714,0,0,1
3689,3714,3715,0,0,1
3716,3715,3717,1,0,1
3718,3717,3719,1,0,1
3720,3719,3721,1,0,1
3576,3721,3722,0,0,1
3702,3722,3723,0,0,1
3705,3723,3707,0,0,0
3724,3342,3725,1,1,1,1027
2316,3726,3727,1,1,1
3728,3727,3729,1,0,1
3730,3729,3731,1,0,1
3537,3731,3732,0,0,1
3535,3732,3733,0,0,1
3352,3733,3725,1,0,0
3524,3526,3734,0,0,1,41984
3735,3522,3736,1,0,1
3471,3736,3737,0,0,1
3467,3737,3738,0,0,1
3468,3738,3739,0,0,1
3465,3739,3740,0,0,1
3528,3740,3741,0,0,1
3529,3741,3734,0,0,0
1298,3742,3743,0,1,1,1027
1295,3743,3744,0,0,1
1293,3744,3745,0,0,1
1290,3745,3746,0,0,1
1286,1288,3747,0,0,1
3748,3747,3749,1,0,1
3750,3749,3751,1,0,1
2265,3751,3752,0,0,1
2266,3752,3753,0,0,1
3754,3753,3755,1,0,1
3756,3757,3758,1,1,1
3759,3758,3760,1,0,1
3761,3762,3763,1,1,1
3764,2321,3765,1,0,1
3766,3765,3767,1,0,1
3768,3769,3770,1,1,1
3541,3771,3772,1,1,1
3773,3543,3774,1,1,1
3775,3776,3777,1,1,1
3778,3779,3780,1,1,1
3781,3782,3783,1,1,1
3784,3783,3785,1,0,1
3786,3787,3788,1,1,1
3789,3788,3790,1,0,1
3791,3790,3792,1,0,1
3793,3794,3795,1,1,1
3796,3797,3798,1,1,1
3799,3798,3800,1,0,1
3746,3800,3801,0,0,1
3755,1291,3802,0,0,1
3803,3802,3804,1,0,1
3760,3805,3806,0,1,1
3767,3763,3807,0,0,1
3808,3807,3809,1,0,1
3770,3809,3810,0,0,1
3772,3810,3811,0,0,1
3774,3811,3812,0,0,1
3777,3812,3813,0,0,1
3780,3813,3814,0,0,1
3785,3814,3815,0,0,1
3792,3815,3816,0,0,1
3801,3795,3817,0,0,1
3804,3817,3818,0,0,1
3816,3806,3819,0,0,1
3820,3819,3818,1,0,0
3764,2319,3821,1,1,1,1028
3766,3821,3822,1,0,1
3769,3808,3823,1,1,1
3771,3768,3824,1,1,1
3539,3824,3825,0,0,1
3730,3825,3826,0,0,1
3728,3826,3827,0,0,1
3822,3827,3823,0,0,0
85,87,3828,0,0,1,1025
3676,3828,3829,0,0,1
3674,3829,3830,0,0,1
3831,3830,3832,1,0,1
3833,3834,3835,1,1,1
3836,3835,3837,1,0,1
3838,3839,3840,1,1,1
3841,3840,3842,1,0,1
1342,3843,3844,0,1,1
1339,3844,3845,0,0,1
1424,1428,3846,0,0,1
1425,3846,3847,0,0,1
1419,1422,3848,0,0,1
1481,1420,3849,0,0,1
1416,3849,3850,0,0,1
1417,3850,3851,0,0,1
1485,3851,3852,0,0,1
1414,3852,3853,0,0,1
1450,1412,3854,0,0,1
1406,1409,3855,0,0,1
1404,1407,3856,0,0,1
527,3856,3857,0,0,1
113,3857,3858,0,0,1
110,114,3859,0,0,1
111,3859,3860,0,0,1
108,525,3861,0,0,1
522,106,3862,0,0,1
103,3862,3863,0,0,1
101,3863,3864,0,0,1
96,99,3865,0,0,1
94,3865,3866,0,0,1
91,3866,3867,0,0,1
89,92,3868,0,0,1
3832,3868,3869,0,0,1
3837,3869,3870,0,0,1
3842,3870,3871,0,0,1
3845,3872,3873,0,1,1
3858,3855,3874,0,0,1
3860,3874,3875,0,0,1
3873,3871,3876,0,0,1
1340,3876,3877,0,0,1
3875,3854,3878,0,0,1
3861,3878,3879,0,0,1
3877,3867,3880,0,0,1
1427,3880,3881,0,0,1
3847,3881,3882,0,0,1
3879,1411,3883,0,0,1
105,3883,3884,0,0,1
3882,98,3885,0,0,1
3884,3853,3886,0,0,1
3885,3864,3887,0,0,1
3848,3887,3886,0,0,0
3888,3889,3890,1,1,1,1025
3776,3891,3892,0,1,1
3773,3892,3893,0,0,1
3546,3893,3894,1,0,1
3549,3545,3895,1,1,1
3548,3895,3896,1,0,1
3552,3896,3897,1,0,1
3684,3551,3898,1,1,1
3710,3898,3899,1,0,1
3712,3899,3900,1,0,1
3555,3900,3901,1,0,1
3554,3901,3902,1,0,1
3558,3902,3903,1,0,1
3904,3903,3905,1,0,1
3906,3560,3907,1,1,1
3908,3909,3910,1,1,1
3894,3890,3911,0,0,1
3897,3911,3912,0,0,1
3905,3912,3913,0,0,1
3914,3913,3915,1,0,1
3910,3907,3916,0,0,1
3908,3916,3917,0,0,1
3915,3918,3919,0,1,1
3920,3919,3917,1,0,0
3921,3922,3923,1,1,1,1028
3924,3923,3925,1,0,1
2288,2285,3926,1,1,1
2293,2290,3927,1,1,1
3925,3927,3926,0,0,0
3831,3834,3928,0,0,1,1026
3671,3928,3929,0,0,1
3930,3672,3931,1,0,1
3932,3931,3933,1,0,1
757,3933,3934,0,0,1
754,758,3935,0,0,1
1072,755,3936,0,0,1
1069,1073,3937,0,0,1
1131,1070,3938,0,0,1
1129,3938,3939,0,0,1
1067,3939,3940,0,0,1
1065,3940,3941,0,0,1
1063,3941,3942,0,0,1
3843,1060,3943,0,0,1
3872,3943,3944,0,0,1
3841,3944,3945,0,0,1
3838,3945,3946,0,0,1
3836,3839,3947,0,0,1
3929,3833,3948,0,0,1
3934,3948,3949,0,0,1
3935,3949,3950,0,0,1
3936,3950,3951,0,0,1
3942,3937,3952,0,0,1
3946,3952,3953,0,0,1
3947,3953,3951,0,0,0
670,668,3954,1,1,1,1044
737,3954,3955,1,0,1
3956,673,3957,1,1,1
3958,3959,3960,1,1,1
3955,3960,3957,0,0,0
3961,3924,3962,1,0,1,42000
2277,3962,3963,1,0,1
2279,3963,3964,1,0,1
2281,3964,3965,1,0,1
2283,3965,2286,1,0,1
3966,3796,3967,1,0,1,1026
3781,3967,3968,0,0,1
3778,3782,3969,0,0,1
3775,3779,3970,0,0,1
3891,3970,3971,0,0,1
3888,3971,3972,0,0,1
3918,3889,3973,0,0,1
3968,3974,3975,0,1,1
3969,3975,3976,0,0,1
3972,3976,3973,0,0,0
3669,3706,3977,0,0,1,1025
3664,3667,3978,0,0,1
3979,3978,3980,1,0,1
762,3980,3981,0,0,1
760,3981,3982,0,0,1
3932,3982,3983,0,0,1
3977,3930,3984,0,0,1
3666,3984,3983,0,0,0
679,677,3985,1,1,1,1044
682,3985,3986,1,0,1
3987,681,3988,1,1,1
1258,3988,3989,1,0,1
1260,3989,3990,1,0,1
1262,3990,3991,1,0,1
1266,1264,3992,1,1,1
3986,3992,3991,0,0,0
3914,3904,3993,1,1,1,37888
3920,3993,3994,1,0,1
3561,3994,3557,0,0,0
3995,3996,3997,1,1,1,1027
3998,3997,3999,1,0,1
3661,3979,4000,0,0,1,1026
3659,3662,4001,0,0,1
1163,772,4002,0,0,1
768,4002,4003,0,0,1
769,4003,4004,0,0,1
766,4004,4005,0,0,1
4000,764,4006,0,0,1
4001,4006,4007,0,0,1
771,4007,4005,0,0,0
4008,3784,4009,1,1,1,1028
3791,3789,4010,1,1,1
3820,4010,4011,1,0,1
3794,4011,4012,1,0,1
3793,4012,4013,1,0,1
3797,4013,4014,1,0,1
4009,3966,4015,0,1,1
4016,4015,4014,1,0,0
4017,3657,4018,1,0,1,1028
4019,4018,4020,1,0,1
4021,4022,4023,1,1,1
784,4023,4024,0,0,1
780,4024,4025,0,0,1
778,781,4026,0,0,1
4020,4026,4025,0,0,0
788,1137,4027,0,0,1,1026
4028,789,4029,1,0,1
1142,1078,4030,0,0,1
791,4030,4031,0,0,1
1139,792,4032,0,0,1
4027,4032,4033,0,0,1
4029,4033,4031,0,0,0
3701,4017,4034,0,0,1,9221
4035,4034,4036,1,0,1
4037,4036,4038,1,0,1
4039,4040,4041,1,1,1,1029
4042,4041,4043,1,0,1
4044,4045,4046,1,1,1
4047,4048,4049,1,1,1
4050,4049,4051,1,0,1
4052,4051,4053,1,0,1
4043,4054,4055,0,1,1
4056,4055,4057,1,0,1
4046,4057,4053,0,0,0
4058,4059,4060,1,1,1,1029
4061,4062,4063,1,1,1
4064,4065,4066,1,1,1
4067,4068,4069,1,1,1
4070,4069,4071,1,0,1
4072,4071,4073,1,0,1
4060,4073,4074,0,0,1
4075,4074,4076,1,0,1
4077,4076,4078,1,0,1
4066,4063,4079,0,0,1
4080,4079,4081,1,0,1
4078,4082,4083,0,1,1
4084,4083,4081,1,0,0
4085,3565,4086,1,0,1,1025
4087,4088,4089,1,1,1
4090,4089,4091,1,0,1
3570,3688,4092,0,0,1
3567,4092,4093,0,0,1
4086,3568,4094,0,0,1
4091,4094,4093,0,0,0
4095,4096,4097,1,1,1,1028
4098,4097,4099,1,0,1
4100,4099,4101,1,0,1
4102,4103,4104,1,1,1
4105,4106,4107,1,1,1
4108,4107,4109,1,0,1
4110,4109,4111,1,0,1
4112,4111,4113,1,0,1
4101,4114,4115,0,1,1
4104,4115,4113,0,0,0
4038,4019,4116,0,0,1,9220
3655,4035,4117,0,0,1
4118,4117,4119,1,0,1
4120,4119,4121,1,0,1
4122,4121,4123,1,0,1
783,4123,4124,0,0,1
4021,4124,4125,0,0,1
4116,4022,4126,0,0,1
4037,4126,4125,0,0,0
1144,1166,4127,0,0,1,1028
806,808,4128,0,0,1
4129,804,4130,1,0,1
822,4130,4131,0,0,1
1178,1169,4132,0,0,1
819,4132,4133,0,0,1
813,817,4134,0,0,1
1146,814,4135,0,0,1
810,4135,4136,0,0,1
4127,811,4137,0,0,1
4128,4137,4138,0,0,1
4131,4138,4139,0,0,1
4133,4139,4140,0,0,1
816,4140,4141,0,0,1
4134,4141,4136,0,0,0
4142,4143,4144,1,1,1,1027
4145,1188,4146,1,1,1
4147,3720,4148,1,0,1
4149,4150,4151,1,1,1
4152,4151,4153,1,0,1
4154,4153,4155,1,0,1
4144,4155,4156,0,0,1
4146,4156,4148,0,0,0
4122,786,4157,0,0,1,1028
4118,4120,4158,0,0,1
3653,4158,4159,0,0,1
4160,4159,4161,1,0,1
800,4161,4162,0,0,1
797,1080,4163,0,0,1
794,4163,4164,0,0,1
4028,795,4165,0,0,1
4157,4165,4166,0,0,1
4162,4166,4164,0,0,0
4167,4168,4169,1,1,1,9220
4170,4169,4171,1,0,1
4172,4171,4173,1,0,1
4174,4175,4176,1,1,1,1025
4177,4176,4178,1,0,1
4179,4178,4180,1,0,1
4181,4180,4182,1,0,1
4183,4182,4184,1,0,1
4185,4186,4187,1,1,1
4188,4189,4190,1,1,1
4191,4190,4192,1,0,1
4193,4192,4194,1,0,1
4195,4196,4197,1,1,1
4198,4199,4200,1,1,1
4201,4202,4203,1,1,1
4204,4203,4205,1,0,1
4206,4205,4207,1,0,1
4208,4207,4209,1,0,1
4210,4209,4211,1,0,1
4212,4211,4213,1,0,1
4214,4213,4215,1,0,1
4216,4215,4217,1,0,1
4218,4219,4220,1,1,1
4221,4220,4222,1,0,1
4223,4222,4224,1,0,1
4225,4226,4227,1,1,1
4228,4227,4229,1,0,1
4230,4229,4231,1,0,1
4232,4231,4233,1,0,1
4234,4233,4235,1,0,1
4236,4235,4237,1,0,1
4238,4239,4240,1,1,1
4241,4242,4243,1,1,1
4244,4243,4245,1,0,1
4246,4247,4248,1,1,1
4249,4250,4251,1,1,1
4252,4253,4254,1,1,1
4255,4254,4256,1,0,1
4257,4258,4259,1,1,1
4260,4261,4262,1,1,1
4263,4262,4264,1,0,1
4265,4264,4266,1,0,1
4267,4268,4269,1,1,1
4270,4271,4272,1,1,1
4273,4272,4274,1,0,1
4275,4276,4277,1,1,1
4278,4277,4279,1,0,1
4280,4281,4282,1,1,1
4283,4284,4285,1,1,1
4286,4285,4287,1,0,1
4288,4287,4289,1,0,1
4290,4289,4291,1,0,1
4292,4291,4293,1,0,1
4294,4293,4295,1,0,1
4296,4295,4297,1,0,1
4298,4299,4300,1,1,1
4301,4300,4302,1,0,1
4303,4304,4305,1,1,1
4306,4305,4307,1,0,1
4308,4309,4310,1,1,1
4311,4310,4312,1,0,1
4313,4312,4314,1,0,1
4315,4316,4317,1,1,1
4318,4317,4319,1,0,1
4184,4319,4320,0,0,1
4194,4187,4321,0,0,1
4197,4321,4322,0,0,1
4217,4200,4323,0,0,1
4237,4324,4325,0,1,1
4240,4325,4326,0,0,1
4248,4245,4327,0,0,1
4256,4251,4328,0,0,1
4259,4328,4329,0,0,1
4266,4330,4331,0,1,1
4274,4269,4332,0,0,1
4279,4332,4333,0,0,1
4334,4333,4335,1,0,1
4282,4335,4336,0,0,1
4302,4297,4337,0,0,1
4307,4337,4338,0,0,1
4314,4338,4339,0,0,1
4322,4320,4340,0,0,1
4323,4340,4341,0,0,1
4326,4224,4342,0,0,1
4343,4342,4344,1,0,1
4345,4344,4346,1,0,1
4329,4327,4347,0,0,1
4331,4347,4348,0,0,1
4336,4348,4349,0,0,1
4341,4339,4350,0,0,1
4351,4350,4352,1,0,1
4346,4352,4353,0,0,1
4354,4353,4349,1,0,0
4355,4356,4357,1,1,1,1025
4152,4357,4358,0,0,1
4149,4358,4359,0,0,1
4150,4359,4360,0,0,1
4147,4360,3718,0,0,0
4361,1256,4362,1,1,1,41984
1251,4362,1253,1,0,1
1210,1331,4363,1,1,1,9221
1490,4363,4364,0,0,1
1491,4364,4365,0,0,1
1488,4365,1206,0,0,1
4366,1249,4367,1,1,1,41984
1243,1241,4368,1,1,1
1246,4368,4369,1,0,1
1245,4369,4367,1,0,0
1446,1401,4370,0,0,1,1025
1399,4370,4371,0,0,1
1396,4371,4372,0,0,1
1394,1397,4373,0,0,1
920,1392,4374,0,0,1
4375,4374,4376,1,0,1
4377,4378,4379,1,1,1
625,4379,4380,0,0,1
124,4380,4381,0,0,1
122,125,4382,0,0,1
4372,119,4383,0,0,1
4373,4383,4384,0,0,1
4376,4384,4385,0,0,1
4381,4385,4382,0,0,0
4160,799,4386,0,0,1,1025
3651,4386,4387,0,0,1
3648,4387,4388,0,0,1
4389,4388,4390,1,0,1
4390,802,4391,0,0,1,1026
3649,4389,4392,0,0,1
834,3646,4393,0,0,1
831,4393,4394,0,0,1
828,4394,4395,0,0,1
1084,829,4396,0,0,1
826,4396,4397,0,0,1
4129,821,4398,0,0,1
4391,4398,4399,0,0,1
4395,4392,4400,0,0,1
4397,4400,4401,0,0,1
824,4401,4399,0,0,0
1195,1192,4402,1,1,1,9220
1536,4402,4403,0,0,1
1533,4403,4404,0,0,1
1558,1534,4405,0,0,1
1531,4405,4406,0,0,1
1528,4406,4407,0,0,1
3587,4408,4409,0,1,1
4410,4409,4411,1,0,1
4412,4411,4413,1,0,1
4414,4413,4415,1,0,1
4416,4417,4418,1,1,1
4419,4418,4420,1,0,1
4421,4420,4422,1,0,1
3573,4423,4424,0,1,1
4145,4424,4425,0,0,1
1190,4425,4426,1,0,1
4404,4426,4427,0,0,1
4415,4407,4428,0,0,1
4422,4428,4427,0,0,0
1541,1544,4429,0,0,1,9221
1539,1542,4430,0,0,1
1199,4430,4431,1,0,1
1201,4431,4429,1,0,0
4421,4423,4432,0,0,1,1026
4419,4432,4433,0,0,1
4416,4433,4434,0,0,1
4435,4434,4436,1,0,1
3580,3583,4437,0,0,1
3577,4437,4438,0,0,1
3575,3578,4439,0,0,1
3572,4439,4440,0,0,1
4436,4440,4438,0,0,0
921,4375,4441,0,0,1,1026
918,4441,4442,0,0,1
916,4442,4443,0,0,1
127,4443,4444,0,0,1
4377,128,4445,0,0,1
4378,4445,4444,0,0,0
4446,4181,4447,1,0,1,1026
4448,4447,4449,1,0,1
4186,4449,4183,0,0,0
909,1097,4450,0,0,1,1026
4451,4450,4452,1,0,1
4453,4452,4454,1,0,1
4455,4454,4456,1,0,1
911,132,4457,0,0,1
912,4457,4456,0,0,0
838,840,4458,0,0,1,1028
3697,836,4459,0,0,1
3644,4459,4460,0,0,1
235,4460,4461,0,0,1
842,4461,4462,0,0,1
843,4462,4463,0,0,1
1087,4463,4458,0,0,0
4453,4455,4464,0,0,1,1025
1630,4451,4465,0,0,1
1627,4465,4466,0,0,1
1628,4466,4467,0,0,1
143,147,4468,0,0,1
140,144,4469,0,0,1
137,141,4470,0,0,1
135,138,4471,0,0,1
4464,4471,4472,0,0,1
4468,4467,4473,0,0,1
4469,4473,4474,0,0,1
4470,4474,4472,0,0,0
853,855,4475,0,0,1,1026
849,851,4476,0,0,1
231,847,4477,0,0,1
227,4477,4478,0,0,1
228,4478,4479,0,0,1
860,4479,4480,0,0,1
861,4480,4481,0,0,1
857,4481,4482,0,0,1
4475,858,4483,0,0,1
4476,4483,4482,0,0,0
4191,4193,4484,0,0,1,1026
4485,4188,4486,1,0,1
4487,4486,4488,1,0,1
4489,4490,4491,1,1,1
4492,4491,4493,1,0,1
4494,4495,4496,1,1,1
4497,4498,4499,1,1,1
4201,4499,4500,0,0,1
4198,4202,4501,0,0,1
4199,4501,4502,0,0,1
4195,4502,4503,0,0,1
4196,4503,4504,0,0,1
4484,4504,4505,0,0,1
4493,4488,4506,0,0,1
4496,4506,4507,0,0,1
4500,4507,4505,0,0,0
4414,4417,4508,0,0,1,1027
4412,4508,4509,0,0,1
4410,4509,4510,0,0,1
3585,4510,4511,0,0,1
3582,4511,4435,0,0,0
4512,1237,4513,1,1,1,1044
4514,4513,4515,1,0,1
4516,4515,4517,1,0,1
4518,4517,4519,1,0,1
1502,1504,4520,0,0,1
1234,4520,4519,1,0,0
4521,4489,4522,1,0,1,1027
4523,4522,4524,1,0,1
4525,4524,4526,1,0,1
4527,4526,4528,1,0,1
4204,4528,4529,0,0,1
4497,4529,4530,0,0,1
4494,4498,4531,0,0,1
4492,4495,4532,0,0,1
4530,4532,4531,0,0,0
1621,1624,4533,0,0,1,1025
155,4533,4534,0,0,1
151,4534,4535,0,0,1
152,4535,4536,0,0,1
149,4536,1623,0,0,0
4537,4538,4539,1,1,1,1027
4540,4539,4541,1,0,1
4542,4541,4543,1,0,1
4544,4543,4545,1,0,1
4546,4547,4548,1,1,1
4549,4548,4545,1,0,0
4516,4518,4550,0,0,1,1028
4551,4514,4552,1,0,1
4553,4552,4554,1,0,1
4555,4554,4556,1,0,1
4557,4556,4558,1,0,1
1797,4558,4559,1,0,1
1801,4559,4560,1,0,1
1800,4560,4561,1,0,1
1804,4561,4562,1,0,1
1803,4562,4563,1,0,1
1807,4563,4564,1,0,1
1806,4564,4565,1,0,1
1813,1811,4566,1,1,1
1817,1815,4567,1,1,1
4568,4567,4569,1,0,1
1823,4570,4571,1,1,1
1822,4571,4572,1,0,1
1903,4572,4573,1,0,1
4574,4573,4575,1,0,1
1524,4575,4576,0,0,1
1522,4576,4577,0,0,1
1519,4577,4578,0,0,1
1517,1520,4579,0,0,1
1515,4579,4580,0,0,1
1513,4580,4581,0,0,1
1508,1511,4582,0,0,1
4550,1506,4583,0,0,1
4565,4583,4584,0,0,1
1809,4584,4585,1,0,1
4569,4566,4586,0,0,1
4578,4586,4587,0,0,1
4581,4587,4588,0,0,1
1510,4588,4589,0,0,1
4582,4589,4585,0,0,0
4590,1529,4591,1,0,1,1028
4592,4591,4593,1,0,1
1825,4593,4594,1,0,1
1828,4594,4595,1,0,1
3589,4595,4408,0,0,0
4596,4597,4598,1,1,1,50176
4599,4598,4600,1,0,1
4601,4600,4602,1,0,1
4603,4602,4604,1,0,1
4605,4604,4606,1,0,1
1616,1618,4607,0,0,1,1027
1614,4607,4608,0,0,1
166,4608,4609,0,0,1
163,4609,161,0,0,0
1526,4590,4610,0,0,1,9220
4574,4610,4611,0,0,1
1826,4611,4592,1,0,0
866,868,4612,0,0,1,1026
221,4612,4613,0,0,1
219,4613,4614,0,0,1
217,4614,4615,0,0,1
870,4615,1089,0,0,0
4616,4617,4618,1,1,1,1026
4619,4618,4620,1,0,1
4621,4620,4622,1,0,1
4623,4622,4624,1,0,1
4625,4624,4626,1,0,1
4212,4626,4627,0,0,1
4210,4627,4208,0,0,0
1834,1830,4628,1,1,1,1026
1837,1833,4629,1,1,1
1836,4629,4630,1,0,1
1841,1839,4631,1,1,1
1844,4631,4632,1,0,1
1851,1848,4633,1,1,1
1855,1853,4634,1,1,1
4635,1857,4636,1,1,1
4637,4636,4638,1,0,1
4639,4638,4640,1,0,1
4641,4642,4643,1,1,1
4644,4645,4646,1,1,1
4647,4646,4648,1,0,1
4649,4648,4650,1,0,1
4651,4652,4653,1,1,1
4654,4653,4655,1,0,1
4656,4657,4658,1,1,1
4659,4660,4661,1,1,1
4662,4661,4663,1,0,1
3592,3595,4664,0,0,1
4628,4664,4665,0,0,1
4630,4665,4666,0,0,1
4632,4666,4667,0,0,1
1843,4667,4668,1,0,1
4633,1846,4669,0,1,1
4634,1850,4670,0,1,1
4640,4670,4671,0,0,1
4643,4671,4672,0,0,1
4650,4672,4673,0,0,1
4655,4673,4674,0,0,1
4658,4674,4675,0,0,1
4676,4675,4677,1,0,1
4663,4677,4678,0,0,1
4679,4678,4680,1,0,1
4668,4680,4669,0,0,0
4681,4682,4683,1,1,1,1026
4684,4683,4685,1,0,1
4686,4687,4688,1,1,1
4689,4690,4691,1,1,1
4692,4693,4694,1,1,1
4695,4694,4696,1,0,1
4697,4696,4698,1,0,1
4699,4698,4700,1,0,1
4701,4702,4703,1,1,1
4685,4704,4705,0,1,1
4688,4705,4706,0,0,1
4700,4691,4707,0,0,1
4703,4707,4708,0,0,1
4709,4708,4706,1,0,0
4704,4710,4711,0,1,1,1027
4701,4709,4712,0,0,1
4699,4702,4713,0,0,1
4711,4714,4715,0,1,1
4713,4712,4716,0,0,1
4697,4716,4715,0,0,0
4717,4216,4718,1,0,1,1026
4719,4718,4720,1,0,1
4219,4720,4351,0,0,0
4721,4722,4723,1,1,1,1028
4724,4723,4725,1,0,1
4726,4725,4727,1,0,1
4728,4729,4730,1,1,1
4731,4730,4732,1,0,1
4733,4734,4735,1,1,1
4736,4735,4737,1,0,1
4727,4737,4732,0,0,0
283,637,4738,0,0,1,1025
4739,4738,4740,1,0,1
4741,4740,4742,1,0,1
1917,4742,4743,0,0,1
4744,4743,286,1,0,0
1732,170,4745,0,0,1,1025
4746,4745,4747,1,0,1
4748,4747,4749,1,0,1
1721,4750,4751,0,1,1
174,4751,4752,0,0,1
172,4752,4749,0,0,0
4739,4741,4753,0,0,1,1026
4754,280,4755,1,0,1
274,4756,4757,0,1,1
268,272,4758,0,0,1
602,269,4759,0,0,1
266,4759,4760,0,0,1
264,4760,4761,0,0,1
261,4761,4762,0,0,1
550,262,4763,0,0,1
1930,4763,4764,0,0,1
1928,4764,4765,0,0,1
1925,4765,4766,0,0,1
1919,1921,4767,0,0,1
4753,1916,4768,0,0,1
4755,4768,4769,0,0,1
4770,4769,4771,1,0,1
4758,271,4772,0,0,1
4766,4762,4773,0,0,1
1926,4773,4774,0,0,1
4771,4767,4775,0,0,1
4776,4775,4777,1,0,1
4774,4772,4778,0,0,1
2170,4778,4779,0,0,1
4777,1923,4780,0,0,1
4757,4780,4779,0,0,0
1730,1733,4781,0,0,1,1026
1727,4781,4782,0,0,1
1725,1728,4783,0,0,1
4750,1723,4784,0,0,1
4748,4784,4785,0,0,1
4782,4746,4786,0,0,1
4783,4786,4785,0,0,0
4744,285,4787,0,0,1,1026
2166,4787,4788,0,0,1
2164,2167,4789,0,0,1
2161,4789,4790,0,0,1
2162,4790,4791,0,0,1
2242,2254,4792,0,0,1
2159,4792,4793,0,0,1
2157,4793,4794,0,0,1
2155,4794,4795,0,0,1
4796,4795,4797,1,0,1
289,4798,4799,0,1,1
4788,4799,4800,0,0,1
4791,4800,4797,0,0,0
281,4754,4801,0,0,1,1025
278,4801,4802,0,0,1
276,4802,4803,0,0,1
4776,4756,4804,0,0,1
4770,4804,4803,0,0,0
4662,4679,4805,0,0,1,46080
4806,4659,4807,1,0,1
4808,4807,4809,1,0,1
4810,4809,4811,1,0,1
4812,4813,4814,1,1,1
4815,4814,4816,1,0,1
4817,4816,4818,1,0,1
3597,4818,4819,0,0,1
3598,4819,4820,0,0,1
3594,4820,4821,0,0,1
4805,4821,4811,0,0,0
293,295,4822,0,0,1,1025
288,291,4823,0,0,1
4798,4823,4824,0,0,1
4796,4824,4825,0,0,1
2153,4825,4826,0,0,1
2151,4826,4822,0,0,0
3638,3640,4827,0,0,1,1026
3632,3634,4828,0,0,1
4829,4828,4830,1,0,1
4831,4830,4832,1,0,1
4833,4834,4835,1,1,1
242,4835,4836,0,0,1
4832,3636,4837,0,0,1
4836,4838,4839,0,1,1
4827,4839,4837,0,0,0
1767,1764,4840,0,0,1,1028
1711,4840,4841,0,0,1
1709,1712,4842,0,0,1
1704,1707,4843,0,0,1
1702,1705,4844,0,0,1
1699,4844,4845,0,0,1
1700,4845,4846,0,0,1
1697,4846,4847,0,0,1
183,1695,4848,0,0,1
4849,4848,4850,1,0,1
4851,4850,4852,1,0,1
177,4853,4854,0,1,1
1719,4854,4855,0,0,1
1717,4855,4856,0,0,1
1714,4856,4857,0,0,1
1756,1715,4858,0,0,1
4842,4841,4859,0,0,1
4843,4859,4860,0,0,1
4852,4847,4861,0,0,1
4857,4861,4862,0,0,1
4858,4862,4860,0,0,0
4831,4838,4863,0,0,1,1027
4864,4865,4866,1,1,1
4867,4868,4869,1,1,1
4870,4869,4871,1,0,1
4833,245,4872,0,0,1
4863,4834,4873,0,0,1
4874,4873,4875,1,0,1
4876,4875,4877,1,0,1
4871,4866,4878,0,0,1
4872,4878,4877,0,0,0
4689,4879,4880,0,1,1,1025
4881,4880,4882,1,0,1
4883,4882,4884,1,0,1
4885,4884,4886,1,0,1
4887,4886,4888,1,0,1
1881,1884,4889,0,0,1,1026
1910,1879,4890,0,0,1
1876,4890,4891,0,0,1
1873,4891,4892,0,0,1
1913,1874,4893,0,0,1
1871,4893,4894,0,0,1
1869,4894,4895,0,0,1
1867,4895,4896,0,0,1
1865,4896,4897,0,0,1
1861,1863,4898,0,0,1
4899,4898,4900,1,0,1
4901,4900,4902,1,0,1
4903,4902,4904,1,0,1
4905,4904,4906,1,0,1
4907,4906,4908,1,0,1
4909,4908,4910,1,0,1
4911,4910,4912,1,0,1
4913,4914,4915,1,1,1
4916,4917,4918,1,1,1
4919,4920,4921,1,1,1
4922,4921,4923,1,0,1
4924,4923,4925,1,0,1
4926,4925,4927,1,0,1
4928,4927,4929,1,0,1
1886,4929,4930,0,0,1
4889,1883,4931,0,0,1
1878,4931,4932,0,0,1
4897,4892,4933,0,0,1
4912,4933,4934,0,0,1
4915,4934,4935,0,0,1
4930,4918,4936,0,0,1
4932,4936,4935,0,0,0
4238,4343,4937,0,0,1,1026
4236,4239,4938,0,0,1
4234,4938,4939,0,0,1
4228,4230,4940,0,0,1
4941,4940,4942,1,0,1
4943,4944,4945,1,1,1
4946,4945,4947,1,0,1
4948,4947,4949,1,0,1
4950,4949,4951,1,0,1
4952,4951,4953,1,0,1
4954,4955,4956,1,1,1
4957,4958,4959,1,1,1
4250,4959,4960,0,0,1
4246,4960,4961,0,0,1
4247,4961,4962,0,0,1
4244,4962,4963,0,0,1
4241,4963,4964,0,0,1
4354,4242,4965,0,0,1
4345,4965,4966,0,0,1
4937,4966,4967,0,0,1
4939,4967,4968,0,0,1
4232,4968,4969,0,0,1
4953,4942,4970,0,0,1
4956,4970,4971,0,0,1
4964,4971,4969,0,0,0
4555,4557,4972,0,0,1,9220
4973,4553,4974,1,0,1
4975,4974,4976,1,0,1
4977,4976,4978,1,0,1
4979,4980,4981,1,1,1
1795,4981,4982,1,0,1
1798,4982,4983,1,0,1
4972,4983,4978,0,0,0
2146,299,4984,0,0,1,1025
2143,2147,4985,0,0,1
2140,2144,4986,0,0,1
4987,2141,4988,1,0,1
4989,4990,4991,1,1,1
308,311,4992,0,0,1
305,4992,4993,0,0,1
302,306,4994,0,0,1
4984,303,4995,0,0,1
4985,4995,4996,0,0,1
4986,4996,4997,0,0,1
4988,4997,4998,0,0,1
4993,4991,4999,0,0,1
4994,4999,4998,0,0,0
5000,4874,5001,1,0,1,1028
5002,5001,5003,1,0,1
5004,5003,5005,1,0,1
5006,5005,5007,1,0,1
5008,5009,5010,1,1,1
5011,5010,5012,1,0,1
4868,5012,5013,0,0,1
4864,5013,5014,0,0,1
4876,4865,5015,0,0,1
5007,5015,5014,0,0,0
4851,4853,5016,0,0,1,1027
179,4849,5017,0,0,1
180,5017,5018,0,0,1
176,5018,5016,0,0,0
3620,3624,5019,0,0,1,46080
3618,3621,5020,0,0,1
3616,5020,5021,0,0,1
5022,5021,5023,1,0,1
5024,5025,5026,1,1,1
5027,5028,5029,1,1,1
5030,5029,5031,1,0,1
5032,5031,5033,1,0,1
5034,5035,5036,1,1,1
5037,5038,5039,1,1,1
5040,5041,5042,1,1,1
5043,5042,5044,1,0,1
5045,5044,5046,1,0,1
5047,5046,5048,1,0,1
5049,5048,5050,1,0,1
3623,5050,5051,0,0,1
5026,5023,5052,0,0,1
5033,5052,5053,0,0,1
5054,5053,5055,1,0,1
5039,5056,5057,0,1,1
5051,5057,5058,0,0,1
5055,5019,5059,0,0,1
5060,5059,5061,1,0,1
5036,5061,5058,0,0,0
419,616,5062,0,0,1,1027
416,5062,5063,0,0,1
413,417,5064,0,0,1
411,414,5065,0,0,1
5066,5065,5067,1,0,1
5068,5067,5069,1,0,1
5070,5069,5071,1,0,1
5072,5071,5073,1,0,1
5074,5075,5076,1,1,1
571,5076,5077,0,0,1
5063,5077,5078,0,0,1
5073,5064,5079,0,0,1
5080,5079,5078,1,0,0
5081,4975,5082,1,0,1,50176
4980,5082,4977,0,0,0
2220,4987,5083,0,0,1,1026
2135,2138,5084,0,0,1
2133,5084,5085,0,0,1
310,5085,5086,0,0,1
4989,5086,5087,0,0,1
5083,4990,5088,0,0,1
2137,5088,5087,0,0,0
1669,1671,5089,0,0,1,1026
208,5089,5090,0,0,1
205,5090,5091,0,0,1
203,5091,5092,0,0,1
1673,1676,5093,0,0,1
1674,5093,5092,0,0,0
2123,2127,5094,0,0,1,1026
2124,5094,5095,0,0,1
2238,5095,5096,0,0,1
2216,5096,5097,0,0,1
2120,5097,5098,0,0,1
2118,2121,5099,0,0,1
2116,5099,5100,0,0,1
2114,5100,5101,0,0,1
5102,5101,5103,1,0,1
5104,5105,5106,1,1,1
2126,5107,5108,0,1,1
5098,5108,5109,0,0,1
5103,5109,5106,0,0,0
5032,5054,5110,0,0,1,1025
5030,5110,5111,0,0,1
5027,5111,5112,0,0,1
5024,5028,5113,0,0,1
5114,5113,5115,1,0,1
5116,5115,5117,1,0,1
5118,5117,5119,1,0,1
5120,5119,5121,1,0,1
5122,5121,5123,1,0,1
5060,5124,5125,0,1,1
5112,5125,5123,0,0,0
4870,627,5126,0,0,1,1026
4867,5126,5127,0,0,1
5011,5127,5128,0,0,1
5129,5128,5130,1,0,1
5131,5132,5133,1,1,1
5134,5133,5135,1,0,1
5136,5137,5138,1,1,1
5139,5140,5141,1,1,1
1983,5142,5143,0,1,1
5144,1980,5145,1,0,1
1978,5146,5147,0,1,1
247,1975,5148,0,0,1
5130,248,5149,0,0,1
5135,5149,5150,0,0,1
5143,5141,5151,0,0,1
5145,5151,5152,0,0,1
5148,2182,5153,0,0,1
5150,5153,5154,0,0,1
5152,5138,5155,0,0,1
5147,5155,5154,0,0,0
3630,4829,5156,0,0,1,1027
5157,5156,5158,1,0,1
5159,5158,5160,1,0,1
5161,5162,5163,1,1,1
5164,5165,5166,1,1,1
5167,5166,5168,1,0,1
5169,5170,5171,1,1,1
5004,5171,5172,0,0,1
5002,5172,5173,0,0,1
5160,5000,5174,0,0,1
5163,5174,5175,0,0,1
5168,5175,5173,0,0,0
5122,5124,5176,0,0,1,1026
5120,5176,5177,0,0,1
5116,5118,5178,0,0,1
5025,5114,5179,0,0,1
5022,5179,5180,0,0,1
3614,5180,5181,0,0,1
5182,3612,5183,1,0,1
5184,5183,5185,1,0,1
5186,5187,5188,1,1,1
5189,5188,5190,1,0,1
5191,5192,5193,1,1,1
5194,5195,5196,1,1,1
5197,5196,5198,1,0,1
5199,5200,5201,1,1,1
5202,5203,5204,1,1,1
5205,5204,5206,1,0,1
5207,5206,5208,1,0,1
5209,5208,5210,1,0,1
5211,5212,5213,1,1,1
5214,5213,5215,1,0,1
5216,5215,5217,1,0,1
5218,5217,5219,1,0,1
5220,5221,5222,1,1,1
5223,5224,5225,1,1,1
5226,5227,5228,1,1,1
5229,5230,5231,1,1,1
5232,5233,5234,1,1,1
5235,5236,5237,1,1,1
5035,5237,5238,0,0,1
5177,5238,5239,0,0,1
5178,5239,5240,0,0,1
5181,5240,5241,0,0,1
5190,5185,5242,0,0,1
5201,5198,5243,0,0,1
5210,5243,5244,0,0,1
5245,5244,5246,1,0,1
5219,5246,5247,0,0,1
5225,5222,5248,0,0,1
5231,5228,5249,0,0,1
5241,5250,5251,0,1,1
5247,5252,5253,0,1,1
5254,5253,5255,1,0,1
5248,5255,5256,0,0,1
5249,5256,5257,0,0,1
5251,5234,5258,0,0,1
5242,5258,5259,0,0,1
5193,5259,5257,0,0,0
577,579,5260,0,0,1,1027
437,5260,5261,0,0,1
435,438,5262,0,0,1
5263,5262,5264,1,0,1
5265,5264,5266,1,0,1
581,5266,5261,0,0,0
4950,4952,5267,0,0,1,1025
5268,5267,5269,1,0,1
5270,5269,5271,1,0,1
5272,5271,5273,1,0,1
5274,5275,5276,1,1,1
5277,5276,5278,1,0,1
4958,5278,5279,0,0,1
4954,5279,5280,0,0,1
4955,5280,5273,0,0,0
3626,3628,5281,0,0,1,1026
5049,5281,5282,0,0,1
5047,5282,5283,0,0,1
5284,5045,5285,1,0,1
5286,5285,5287,1,0,1
5288,5287,5289,1,0,1
5290,5291,5292,1,1,1
5293,5292,5294,1,0,1
5295,5296,5297,1,1,1
5298,5297,5299,1,0,1
5300,5301,5302,1,1,1
5303,5304,5305,1,1,1
5306,5307,5308,1,1,1
5309,5308,5310,1,0,1
5311,5310,5312,1,0,1
5313,5312,5314,1,0,1
2014,5314,5315,0,0,1
2015,5315,5316,0,0,1
2011,5316,5317,0,0,1
2008,2012,5318,0,0,1
2006,2009,5319,0,0,1
2002,2004,5320,0,0,1
5321,1998,5322,1,0,1
5161,5322,5323,0,0,1
5159,5162,5324,0,0,1
5283,5157,5325,0,0,1
5289,5325,5326,0,0,1
5294,5327,5328,0,1,1
5299,5328,5329,0,0,1
5302,5330,5331,0,1,1
5317,5305,5332,0,0,1
5318,5332,5333,0,0,1
5319,5333,5334,0,0,1
5323,2000,5335,0,0,1
5326,5324,5336,0,0,1
5329,5336,5337,0,0,1
5334,5331,5338,0,0,1
5320,5338,5339,0,0,1
5335,5339,5337,0,0,0
1934,2174,5340,0,0,1,1028
257,1932,5341,0,0,1
1960,5341,5342,0,0,1
1958,1961,5343,0,0,1
1950,1954,5344,0,0,1
1951,5344,5345,0,0,1
1947,2224,5346,0,0,1
1944,1948,5347,0,0,1
1942,1945,5348,0,0,1
1939,5348,5349,0,0,1
1936,1940,5350,0,0,1
1937,5350,5351,0,0,1
5340,5351,5352,0,0,1
5343,5342,5353,0,0,1
1956,5353,5354,0,0,1
5345,1953,5355,0,0,1
5347,5346,5356,0,0,1
5349,5356,5357,0,0,1
5354,5352,5358,0,0,1
5355,5358,5357,0,0,0
4676,4660,5359,0,0,1,1025
4656,5359,5360,0,0,1
4654,4657,5361,0,0,1
5362,5361,5363,1,0,1
3600,5363,5364,0,0,1
4817,5364,5365,0,0,1
4815,5365,5366,0,0,1
4810,4813,5367,0,0,1
4808,5367,5368,0,0,1
4806,5368,5369,0,0,1
5366,5360,5370,0,0,1
4812,5370,5369,0,0,0
5068,5070,5371,0,0,1,1028
409,5066,5372,0,0,1
5373,406,5374,1,0,1
5375,5374,5376,1,0,1
5377,5378,5379,1,1,1
5380,5381,5382,1,1,1
425,5382,5383,0,0,1
5384,5383,5385,1,0,1
422,5386,5387,0,1,1
5080,5075,5388,0,0,1
5072,5388,5389,0,0,1
5376,5372,5390,0,0,1
5385,5379,5391,0,0,1
5392,5391,5393,1,0,1
5387,5393,5394,0,0,1
5389,5074,5395,0,0,1
5371,5395,5396,0,0,1
5390,5396,5394,0,0,0
5250,5236,5397,0,0,1,1027
5232,5397,5398,0,0,1
5229,5233,5399,0,0,1
5230,5399,5400,0,0,1
5226,5400,5401,0,0,1
5227,5401,5402,0,0,1
5220,5224,5403,0,0,1
5254,5221,5404,0,0,1
5405,5218,5406,1,0,1
5407,5406,5408,1,0,1
5409,5410,5411,1,1,1
5412,5413,5414,1,1,1
5415,5414,5416,1,0,1
5417,5416,5418,1,0,1
5419,5420,5421,1,1,1
5422,5421,5423,1,0,1
5424,5425,5426,1,1,1
5427,5428,5429,1,1,1
5430,5431,5432,1,1,1
5433,5432,5434,1,0,1
5435,5434,5436,1,0,1
5437,5436,5438,1,0,1
5439,5438,5440,1,0,1
5441,5442,5443,1,1,1
5444,5445,5446,1,1,1
5447,5448,5449,1,1,1
5450,5449,5451,1,0,1
5452,5453,5454,1,1,1
5455,5454,5456,1,0,1
5457,5456,5458,1,0,1
5459,5458,5460,1,0,1
5461,5460,5462,1,0,1
5463,5462,5464,1,0,1
5465,5464,5466,1,0,1
5038,5466,5467,0,0,1
5056,5467,5468,0,0,1
5034,5468,5469,0,0,1
5235,5469,5470,0,0,1
5398,5470,5471,0,0,1
5404,5403,5472,0,0,1
5408,5472,5473,0,0,1
5411,5473,5474,0,0,1
5475,5474,5476,1,0,1
5418,5477,5478,0,1,1
5423,5479,5480,0,1,1
5426,5480,5481,0,0,1
5429,5481,5482,0,0,1
5440,5482,5483,0,0,1
5443,5483,5484,0,0,1
5451,5485,5486,0,1,1
5487,5486,5488,1,0,1
5471,5489,5490,0,1,1
5402,5490,5491,0,0,1
5484,5492,5493,0,1,1
5491,5494,5495,0,1,1
5223,5495,5496,0,0,1
5493,5478,5497,0,0,1
5446,5497,5498,0,0,1
5496,5488,5499,0,0,1
5476,5499,5498,0,0,0
1748,1750,5500,0,0,1,1026
1689,5500,5501,0,0,1
1686,5501,5502,0,0,1
1684,1687,5503,0,0,1
191,5503,5504,0,0,1
187,5504,5505,0,0,1
1691,5505,5502,0,0,0
5506,5507,5508,1,1,1,50176
5509,5510,5511,1,1,1
5512,5511,5513,1,0,1
5514,5515,5516,1,1,1
5517,5516,5518,1,0,1
5519,5518,5520,1,0,1
5508,5520,5513,0,0,0
5104,5107,5521,0,0,1,1025
5102,5105,5522,0,0,1
2110,2112,5523,0,0,1
5524,5525,5526,1,1,1
5527,5528,5529,1,1,1
5530,5531,5532,1,1,1
2098,5533,5534,0,1,1
2096,5534,5535,0,0,1
5536,5535,5537,1,0,1
332,5538,5539,0,1,1
328,5539,5540,0,0,1
629,329,5541,0,0,1
325,5541,5542,0,0,1
322,326,5543,0,0,1
320,323,5544,0,0,1
317,5544,5545,0,0,1
315,318,5546,0,0,1
2129,5546,5547,0,0,1
2130,5547,5548,0,0,1
5521,5548,5549,0,0,1
5522,5549,5550,0,0,1
5523,5550,5551,0,0,1
5526,5551,5552,0,0,1
5529,5552,5553,0,0,1
5540,5537,5554,0,0,1
5542,5554,5555,0,0,1
5553,5545,5556,0,0,1
5555,5532,5557,0,0,1
5556,5543,5558,0,0,1
5559,5558,5557,1,0,0
2251,2236,5560,0,0,1,1026
2083,2260,5561,0,0,1
2079,2081,5562,0,0,1
2071,2075,5563,0,0,1
2069,2072,5564,0,0,1
5565,5564,5566,1,0,1
5567,5566,5568,1,0,1
2209,2086,5569,0,0,1
5561,5560,5570,0,0,1
5562,5570,5571,0,0,1
2077,5571,5572,0,0,1
5568,5563,5573,0,0,1
5572,5569,5574,0,0,1
2074,5574,5573,0,0,0
5169,5006,5575,0,0,1,9220
5576,5577,5578,1,1,1
5579,5578,5580,1,0,1
5129,5132,5581,0,0,1
5008,5581,5582,0,0,1
5009,5582,5583,0,0,1
5575,5583,5580,0,0,0
5584,1793,5585,1,1,1,1028
1783,5585,5586,1,0,1
1785,5586,5587,1,0,1
1900,1787,5588,1,1,1
1790,5588,5589,1,0,1
1789,5589,5587,1,0,0
449,645,5590,0,0,1,1026
5591,5590,5592,1,0,1
4919,4922,5593,0,0,1,1025
4916,4920,5594,0,0,1
4917,5594,5595,0,0,1
4913,5595,5596,0,0,1
4914,5596,5597,0,0,1
4907,4909,5598,0,0,1
4903,4905,5599,0,0,1
4901,5599,5600,0,0,1
1859,4899,5601,0,0,1
4635,5601,5602,1,0,1
5603,5602,5604,1,0,1
5605,5604,5606,1,0,1
5593,5606,5607,0,0,1
5598,4911,5608,0,0,1
5607,5600,5609,0,0,1
5597,5609,5608,0,0,0
3608,3610,5610,0,0,1,46080
3606,5610,5611,0,0,1
3602,3604,5612,0,0,1
5362,5612,5613,0,0,1
4651,5613,5614,0,0,1
5615,5614,5616,1,0,1
5617,5616,5618,1,0,1
5619,5618,5620,1,0,1
5621,5620,5622,1,0,1
5623,5622,5624,1,0,1
5625,5626,5627,1,1,1
5628,5629,5630,1,1,1
5631,5630,5632,1,0,1
5633,5632,5634,1,0,1
5635,5636,5637,1,1,1
5638,5637,5639,1,0,1
5640,5641,5642,1,1,1
5643,5644,5645,1,1,1
5186,5646,5647,0,1,1
5184,5187,5648,0,0,1
5182,5648,5649,0,0,1
5611,5649,5650,0,0,1
5624,5650,5651,0,0,1
5627,5652,5653,0,1,1
5634,5653,5654,0,0,1
5639,5654,5655,0,0,1
5642,5655,5656,0,0,1
5645,5656,5657,0,0,1
5647,5657,5651,0,0,0
5263,5265,5658,0,0,1,1028
433,5658,5659,0,0,1
5660,431,5661,1,0,1
5662,5661,5663,1,0,1
5664,5663,5665,1,0,1
5666,5667,5668,1,1,1
5669,5668,5670,1,0,1
5671,5670,5672,1,0,1
5673,5674,5675,1,1,1
440,5676,5677,0,1,1
441,5677,5678,0,0,1
5659,5678,5679,0,0,1
430,5679,5680,0,0,1
5665,5680,5681,0,0,1
5672,5681,5675,0,0,0
5682,1781,5683,1,1,1,1028
1775,1772,5684,1,1,1
1897,1774,5685,1,1,1
1778,5685,5686,1,0,1
5683,1777,5687,0,1,1
5684,5687,5686,0,0,0
5576,5579,5688,0,0,1,1028
5170,5577,5689,0,0,1
5167,5689,5690,0,0,1
5164,5690,5691,0,0,1
5321,5165,5692,0,0,1
1996,5692,5693,0,0,1
1993,5693,5694,0,0,1
2188,1994,5695,0,0,1
1990,5695,5696,0,0,1
1991,5696,5697,0,0,1
1985,1988,5698,0,0,1
5699,1986,5700,1,0,1
5701,5700,5702,1,0,1
5703,5704,5705,1,1,1
5137,5705,5706,0,0,1
5134,5706,5707,0,0,1
5131,5707,5708,0,0,1
5688,5708,5709,0,0,1
5691,5709,5710,0,0,1
5694,5710,5711,0,0,1
5697,5711,5712,0,0,1
5698,5712,5702,0,0,0
1977,2184,5713,0,0,1,1028
5144,5146,5714,0,0,1
1981,5714,5715,0,0,1
2228,5715,5716,0,0,1
2186,5716,5713,0,0,0
5392,5386,5717,0,0,1,1027
5384,5717,421,0,0,0
447,5591,5718,0,0,1,1027
445,5718,5719,0,0,1
5720,5719,5721,1,0,1
5722,5721,5723,1,0,1
451,5723,5724,0,0,1
452,5724,5592,0,0,0
407,5373,5725,0,0,1,1027
567,5725,5726,0,0,1
404,5726,5727,0,0,1
402,5727,5728,0,0,1
5378,5729,5730,0,1,1
5728,5375,5731,0,0,1
5732,5731,5730,1,0,0
5043,5284,5733,0,0,1,1025
5734,5733,5735,1,0,1
5736,5735,5737,1,0,1
5327,5291,5738,0,0,1
5288,5738,5739,0,0,1
5286,5739,5737,0,0,0
461,584,5740,0,0,1,1025
456,459,5741,0,0,1
5742,457,5743,1,0,1
5744,5745,5746,1,1,1
464,5747,5748,0,1,1
588,5748,5749,0,0,1
618,5749,5750,0,0,1
586,632,5751,0,0,1
5740,5751,5752,0,0,1
5741,5752,5753,0,0,1
5743,5753,5754,0,0,1
5755,5754,5756,1,0,1
5757,5756,5758,1,0,1
5746,5758,5750,0,0,0
5380,424,5759,0,0,1,13315
5760,5759,5761,1,0,1
5762,5761,5763,1,0,1
5664,5764,5765,0,1,1
5662,5765,5766,0,0,1
5660,5766,5767,0,0,1
427,5767,5768,0,0,1
428,5768,5763,0,0,0
5729,5377,5769,0,0,1,9221
5732,5769,5770,0,0,1
399,5770,5771,0,0,1
5772,5771,5773,1,0,1
5774,5773,5775,1,0,1
391,5775,5776,0,0,1
5777,5776,5778,1,0,1
5762,5779,5780,0,1,1
5381,5760,5781,0,0,1
5778,5781,5780,0,0,0
5703,5136,5782,0,0,1,1027
5701,5704,5783,0,0,1
5699,5783,5784,0,0,1
5142,5784,5785,0,0,1
5139,5785,5786,0,0,1
5140,5786,5782,0,0,0
5465,5037,5787,0,0,1,50176
5463,5787,5788,0,0,1
5461,5788,5789,0,0,1
5790,5789,5791,1,0,1
5792,5791,5793,1,0,1
5794,5793,5795,1,0,1
5430,5795,5796,0,0,1
5797,5796,5798,1,0,1
5799,5798,5800,1,0,1
5801,5800,5802,1,0,1
5803,5802,5804,1,0,1
5293,5296,5805,0,0,1
5736,5290,5806,0,0,1
5040,5734,5807,0,0,1
5041,5807,5808,0,0,1
5804,5808,5809,0,0,1
5805,5295,5810,0,0,1
5806,5810,5809,0,0,0
5811,5812,5813,1,1,1,1028
5814,5815,5816,1,1,1
5817,5816,5818,1,0,1
5819,5818,5820,1,0,1
5821,5820,5822,1,0,1
5823,5824,5825,1,1,1
5826,5825,5827,1,0,1
5828,5827,5829,1,0,1
5813,5829,5830,0,0,1
5831,5830,5822,1,0,0
2106,2108,5832,0,0,1,1026
2104,5832,5833,0,0,1
2100,2102,5834,0,0,1
5530,5533,5835,0,0,1
5559,5531,5836,0,0,1
5524,5528,5837,0,0,1
5525,5837,5838,0,0,1
5833,5838,5839,0,0,1
5835,5834,5840,0,0,1
5836,5840,5841,0,0,1
5527,5841,5839,0,0,0
1971,2245,5842,0,0,1,1028
1968,5842,5843,0,0,1
1966,1969,5844,0,0,1
548,1964,5845,0,0,1
1973,5845,5846,0,0,1
5843,5846,5844,0,0,0
5847,5848,5849,1,1,1,1027
5850,5849,5851,1,0,1
5852,5853,5854,1,1,1
5855,5856,5857,1,1,1
5858,5859,5860,1,1,1
5861,5862,5863,1,1,1
5864,5865,5866,1,1,1
5867,5866,5868,1,0,1
5869,5870,5871,1,1,1
5872,5871,5873,1,0,1
5874,5873,5875,1,0,1
5876,5875,5877,1,0,1
5878,5877,5879,1,0,1
5880,5879,5881,1,0,1
5882,5881,5883,1,0,1
5884,5883,5885,1,0,1
5851,5886,5887,0,1,1
5854,5887,5888,0,0,1
5857,5888,5889,0,0,1
5863,5860,5890,0,0,1
5891,5890,5892,1,0,1
5868,5893,5894,0,1,1
5885,5894,5895,0,0,1
5889,5895,5892,0,0,0
4637,5603,5896,1,0,1,50176
4639,5896,5897,1,0,1
4642,5897,5898,1,0,1
5899,4641,5900,1,1,1
5901,5900,5902,1,0,1
5903,5902,5904,1,0,1
5633,5905,5906,1,1,1
5636,5906,5907,1,0,1
5908,5635,5909,1,1,1
5910,5911,5912,1,1,1
5913,5912,5914,1,0,1
5878,5914,5915,1,0,1
5880,5915,5916,1,0,1
5917,5916,5918,1,0,1
5919,5918,5920,1,0,1
5921,5920,5922,1,0,1
5923,5922,5924,1,0,1
5925,5926,5927,1,1,1
5898,5925,5928,0,0,1
5904,5928,5929,0,0,1
5909,5907,5930,0,0,1
5924,5930,5931,0,0,1
5927,5931,5929,0,0,0
2088,2212,5932,0,0,1,1026
5933,5932,5934,1,0,1
338,5935,5936,0,1,1
334,5936,5937,0,0,1
331,335,5938,0,0,1
5538,5938,5939,0,0,1
5536,5939,5940,0,0,1
2094,5940,5941,0,0,1
2091,5941,5942,0,0,1
5934,2092,5943,0,0,1
5937,5943,5942,0,0,0
5565,5567,5944,0,0,1,1025
2067,5944,5945,0,0,1
2064,5945,5946,0,0,1
5947,5946,5948,1,0,1
5949,5948,5950,1,0,1
5951,5950,5952,1,0,1
5953,5954,5955,1,1,1
347,5956,5957,0,1,1
344,5957,5958,0,0,1
342,5958,5959,0,0,1
340,5959,5960,0,0,1
5933,5935,5961,0,0,1
2085,2089,5962,0,0,1
5960,5955,5963,0,0,1
5961,337,5964,0,0,1
5962,5964,5965,0,0,1
5952,5965,5963,0,0,0
4649,4652,5966,0,0,1,1025
4647,5966,5967,0,0,1
5899,4645,5968,1,0,1
5901,5968,5969,1,0,1
5629,5969,5970,0,0,1
5971,5625,5972,1,0,1
5617,5973,5974,0,1,1
5615,5974,5975,0,0,1
5967,5975,5976,0,0,1
5970,4644,5977,0,0,1
5972,5977,5976,0,0,0
5978,5979,5980,1,1,1,1028
5981,5980,5982,1,0,1
5983,5982,5984,1,0,1
5985,5984,5986,1,0,1
5987,5986,5988,1,0,1
5989,5990,5991,1,1,1
5992,5991,5993,1,0,1
5994,5993,5995,1,0,1
5996,5995,5997,1,0,1
5998,5997,5999,1,0,1
6000,5999,5988,1,0,0
6001,5850,6002,1,0,1,1028
5855,5859,6003,0,0,1
5856,6003,6004,0,0,1
5852,6004,6005,0,0,1
5853,6005,6002,0,0,0
396,400,6006,0,0,1,1027
397,6006,6007,0,0,1
5774,394,6008,0,0,1
5772,6008,6007,0,0,0
5494,5489,6009,0,0,1,1028
5487,6009,6010,0,0,1
5485,5448,6011,0,0,1
5444,6011,6012,0,0,1
5445,6012,6013,0,0,1
5441,6013,6014,0,0,1
5442,6014,6015,0,0,1
5439,6015,6016,0,0,1
5437,6016,6017,0,0,1
5794,5433,6018,0,0,1
5792,6018,6019,0,0,1
5790,6019,6020,0,0,1
5459,6020,6021,0,0,1
6010,5453,6022,0,0,1
5450,6022,6023,0,0,1
5447,6023,6024,0,0,1
6021,5435,6025,0,0,1
5457,6025,6026,0,0,1
6024,5452,6027,0,0,1
6026,6017,6028,0,0,1
5455,6028,6027,0,0,0
5619,5621,6029,0,0,1,50176
5971,5973,6030,0,0,1
5626,6030,6031,0,0,1
5652,6031,6032,0,0,1
5623,6032,6029,0,0,0
454,5742,6033,0,0,1,1026
5722,6033,6034,0,0,1
443,5720,6035,0,0,1
5673,5676,6036,0,0,1
6037,6036,6038,1,0,1
6039,6040,6041,1,1,1
6042,6041,6043,1,0,1
6044,6045,6046,1,1,1
6047,6048,6049,1,1,1
6050,6051,6052,1,1,1
6053,6054,6055,1,1,1
6056,6057,6058,1,1,1
6059,6058,6060,1,0,1
6061,6060,6062,1,0,1
6063,6062,6064,1,0,1
466,6064,6065,0,0,1
5744,5747,6066,0,0,1
5757,5745,6067,0,0,1
5755,6067,6068,0,0,1
6034,6068,6069,0,0,1
6035,6069,6070,0,0,1
6038,6070,6071,0,0,1
6043,6071,6072,0,0,1
6046,6072,6073,0,0,1
6074,6073,6075,1,0,1
6052,6049,6076,0,0,1
6055,6076,6077,0,0,1
6075,6066,6078,0,0,1
6077,6079,6080,0,1,1
6065,6080,6081,0,0,1
463,6081,6078,0,0,0
6082,6083,6084,1,1,1,1025
6085,6084,6086,1,0,1
6087,6086,6088,1,0,1
6089,6088,6090,1,0,1
6091,6092,6093,1,1,1
6094,6093,6095,1,0,1
6096,6095,6097,1,0,1
6098,6097,6090,1,0,0
5643,5646,6099,0,0,1,1025
5640,5644,6100,0,0,1
5638,5641,6101,0,0,1
5911,5908,6102,1,1,1
5910,6102,6103,1,0,1
5203,6104,6105,0,1,1
5199,6105,6106,0,0,1
5197,5200,6107,0,0,1
5252,5195,6108,0,0,1
5189,5192,6109,0,0,1
6099,6109,6110,0,0,1
6100,6110,6111,0,0,1
6106,6103,6112,0,0,1
6107,6112,6113,0,0,1
5194,6113,6114,0,0,1
6111,5191,6115,0,0,1
6114,6101,6116,0,0,1
6108,6116,6115,0,0,0
2065,5947,6117,0,0,1,1026
2205,6117,6118,0,0,1
2061,6118,6119,0,0,1
2202,2062,6120,0,0,1
2200,6120,6121,0,0,1
2059,6121,6122,0,0,1
2056,6122,6123,0,0,1
2197,2057,6124,0,0,1
6125,6124,6126,1,0,1
5956,6126,6127,0,0,1
5953,6127,6128,0,0,1
5954,6128,6129,0,0,1
5951,6129,6130,0,0,1
5949,6130,6131,0,0,1
6119,6131,6123,0,0,0
6132,6133,6134,1,1,1,1025
6135,6136,6137,1,1,1
6138,6137,6139,1,0,1
6140,6141,6142,1,1,1
6143,6142,6144,1,0,1
6145,6144,6146,1,0,1
6147,6146,6148,1,0,1
6149,6148,6150,1,0,1
6151,6150,6152,1,0,1
6139,6134,6153,0,0,1
6154,6153,6152,1,0,0
5779,5764,6155,0,0,1,9220
392,5777,6156,0,0,1
389,6156,6157,0,0,1
387,6157,6158,0,0,1
6159,6160,6161,1,1,1
5666,6161,6162,0,0,1
5667,6162,6163,0,0,1
6155,6163,6158,0,0,0
5674,6037,6164,0,0,1,1027
6159,5669,6165,0,0,1
6166,6165,6167,1,0,1
6168,6169,6170,1,1,1
6171,6170,6172,1,0,1
6173,6172,6174,1,0,1
6175,6174,6176,1,0,1
6177,6176,6178,1,0,1
6179,6180,6181,1,1,1
6182,6183,6184,1,1,1
6057,6184,6185,0,0,1
6053,6185,6186,0,0,1
6050,6054,6187,0,0,1
6047,6051,6188,0,0,1
6079,6048,6189,0,0,1
6074,6189,6190,0,0,1
6044,6190,6191,0,0,1
6045,6191,6192,0,0,1
6042,6192,6193,0,0,1
6039,6193,6194,0,0,1
6164,6040,6195,0,0,1
5671,6195,6196,0,0,1
6167,6196,6197,0,0,1
6198,6197,6199,1,0,1
6178,6199,6200,0,0,1
6186,6181,6201,0,0,1
6187,6201,6202,0,0,1
6194,6188,6203,0,0,1
6200,6203,6202,0,0,0
2028,2232,6204,0,0,1,1028
2029,6204,6205,0,0,1
2025,6205,6206,0,0,1
2023,2026,6207,0,0,1
2019,2021,6208,0,0,1
6209,6208,6210,1,0,1
6211,6210,6212,1,0,1
6213,6212,6214,1,0,1
2034,6214,6215,0,0,1
2031,6215,6216,0,0,1
2032,6216,6217,0,0,1
2249,6217,6218,0,0,1
6206,6218,6207,0,0,0
6219,6220,6221,1,1,1,1028
6222,6223,6224,1,1,1
6225,6224,6226,1,0,1
6227,6226,6228,1,0,1
6229,6228,6230,1,0,1
6231,6230,6221,1,0,0
606,608,6232,0,0,1,1027
364,6232,6233,0,0,1
362,365,6234,0,0,1
358,360,6235,0,0,1
6236,6235,6237,1,0,1
373,6237,6238,0,0,1
562,6238,6239,0,0,1
370,6239,6240,0,0,1
367,6240,6241,0,0,1
368,6241,6242,0,0,1
6233,6242,6234,0,0,0
5861,5891,6243,0,0,1,1028
6244,5862,6245,1,0,1
5874,6246,6247,0,1,1
5872,6247,6248,0,0,1
5867,5870,6249,0,0,1
5893,5865,6250,0,0,1
6243,6250,6251,0,0,1
6245,6251,6252,0,0,1
6249,5869,6253,0,0,1
6252,5864,6254,0,0,1
6248,6254,6253,0,0,0
6255,6256,6257,1,1,1,1028
6258,6259,6260,1,1,1
6261,6262,6263,1,1,1
6264,6263,6265,1,0,1
6266,6265,6267,1,0,1
6268,6267,6269,1,0,1
6257,6270,6271,0,1,1
6260,6271,6269,0,0,0
5427,5431,6272,0,0,1,1026
5424,5428,6273,0,0,1
5422,5425,6274,0,0,1
6275,6274,6276,1,0,1
6277,6276,6278,1,0,1
6279,6278,6280,1,0,1
6281,6280,6282,1,0,1
6283,6282,6284,1,0,1
6272,5797,6285,0,0,1
6273,6285,6284,0,0,0
611,382,6286,0,0,1,1028
379,6286,6287,0,0,1
377,6287,6288,0,0,1
6289,375,6290,1,0,1
6291,6290,6292,1,0,1
6293,6294,6295,1,1,1
6296,6297,6298,1,1,1
6299,6298,6300,1,0,1
6301,6300,6302,1,0,1
6303,6302,6304,1,0,1
6173,6304,6305,0,0,1
6171,6305,6306,0,0,1
6168,6306,6307,0,0,1
6198,6169,6308,0,0,1
6166,6308,6309,0,0,1
6160,6309,6310,0,0,1
384,6310,6311,0,0,1
381,385,6312,0,0,1
6288,6312,6313,0,0,1
6292,6313,6314,0,0,1
6315,6314,6316,1,0,1
6295,6316,6317,0,0,1
6307,6317,6311,0,0,0
2054,6125,6318,0,0,1,1025
6319,6318,6320,1,0,1
2044,6321,6322,0,1,1
354,6323,6324,0,1,1
349,352,6325,0,0,1
6320,346,6326,0,0,1
6327,6326,6328,1,0,1
6324,6322,6329,0,0,1
351,6329,6330,0,0,1
6328,6325,6331,0,0,1
6332,6331,6330,1,0,0
6333,6334,6335,1,1,1,1028
6336,6335,6337,1,0,1
6338,6337,6339,1,0,1
6340,6339,6341,1,0,1
6342,6341,6343,1,0,1
6344,6345,6346,1,1,1
6347,6346,6343,1,0,0
5803,5298,6348,0,0,1,1025
6349,6350,6351,1,1,1
6352,6353,6354,1,1,1
5306,6354,6355,0,0,1
5307,6355,6356,0,0,1
5303,6356,6357,0,0,1
5300,5304,6358,0,0,1
5330,5301,6359,0,0,1
6348,6359,6360,0,0,1
6361,6360,6362,1,0,1
6351,6362,6363,0,0,1
6357,6363,6358,0,0,0
5799,5801,6364,0,0,1,46080
6283,6364,6365,0,0,1
6281,6365,6366,0,0,1
6367,6366,6368,1,0,1
6369,6368,6370,1,0,1
6371,6370,6372,1,0,1
6373,6374,6375,1,1,1
5309,6376,6377,0,1,1
6352,6377,6378,0,0,1
6349,6353,6379,0,0,1
6361,6350,6380,0,0,1
6372,6380,6381,0,0,1
6378,6375,6382,0,0,1
6379,6382,6381,0,0,0
481,483,6383,0,0,1,1025
476,479,6384,0,0,1
6385,474,6386,1,0,1
6387,6386,6388,1,0,1
6389,6390,6391,1,1,1
6392,6393,6394,1,1,1
486,6394,6395,0,0,1
593,6395,6396,0,0,1
620,6396,6397,0,0,1
6384,478,6398,0,0,1
6388,6398,6399,0,0,1
6400,6399,6401,1,0,1
6397,6391,6402,0,0,1
6383,6402,6401,0,0,0
490,595,6403,0,0,1,1025
488,6403,6404,0,0,1
492,6405,6406,0,1,1
493,6406,6404,0,0,0
2051,6319,6407,0,0,1,1026
2049,2052,6408,0,0,1
2043,2047,6409,0,0,1
6321,6409,6410,0,0,1
6332,6410,6411,0,0,1
6327,6411,6412,0,0,1
6408,6407,6413,0,0,1
2046,6413,6412,0,0,0
6175,6177,6414,0,0,1,1026
6303,6414,6415,0,0,1
6416,6415,6417,1,0,1
6418,6417,6419,1,0,1
6420,6419,6421,1,0,1
6422,6423,6424,1,1,1
6425,6424,6426,1,0,1
6427,6426,6428,1,0,1
6180,6428,6421,0,0,0
6061,6063,6429,0,0,1,1025
6059,6429,6430,0,0,1
6431,6182,6432,1,0,1
6433,6432,6434,1,0,1
472,6434,6435,0,0,1
468,6435,6436,0,0,1
6430,469,6437,0,0,1
6056,6437,6436,0,0,0
6213,2036,6438,0,0,1,9220
6211,6438,6439,0,0,1
6440,6439,6441,1,0,1
2041,6441,2038,0,0,0
6427,6179,6442,0,0,1,1028
6425,6442,6443,0,0,1
6422,6443,6444,0,0,1
6445,6444,6446,1,0,1
6431,6446,6183,0,0,0
5417,5492,6447,0,0,1,46080
6448,6447,6449,1,0,1
5420,6449,5479,0,0,0
5409,5475,6450,0,0,1,1028
5407,5410,6451,0,0,1
6452,6451,6453,1,0,1
5412,6453,6454,0,0,1
5413,6454,6455,0,0,1
5477,6455,6450,0,0,0
6387,6400,6456,0,0,1,1026
6393,6457,6458,0,1,1
6389,6458,6459,0,0,1
6390,6459,6456,0,0,0
6291,6315,6460,0,0,1,1027
6297,6461,6462,0,1,1
6293,6462,6463,0,0,1
6294,6463,6460,0,0,0
5209,5245,6464,0,0,1,1027
5205,5207,6465,0,0,1
6466,6465,6467,1,0,1
5211,5214,6468,0,0,1
6464,5212,6469,0,0,1
6467,6469,6468,0,0,0
6277,6279,6470,0,0,1,1025
6371,6471,6472,0,1,1
6369,6472,6473,0,0,1
6367,6473,6470,0,0,0
6373,6376,6474,0,0,1,1025
6475,6474,5311,1,0,0
6299,6301,6476,0,0,1,1027
6420,6477,6478,0,1,1
6418,6478,6479,0,0,1
6416,6479,6476,0,0,0
6480,5926,6481,1,0,1,1025
6482,6481,5605,1,0,0
4926,4928,6483,0,0,1,1026
4924,6483,6484,0,0,1
6482,6484,6485,0,0,1
5923,6480,6486,0,0,1
5921,6486,6487,0,0,1
5919,6487,6488,0,0,1
5882,5917,6489,1,0,1
5886,5884,6490,1,1,1
6491,5848,6492,1,1,1
2263,6492,6493,0,0,1
6485,6493,6494,0,0,1
6489,6488,6495,0,0,1
6490,6495,6494,0,0,0
3563,3906,6496,1,0,1,1026
4085,6496,6497,1,0,1
3716,6498,6499,1,1,1
4356,6499,6500,1,0,1
4154,4355,6501,1,1,1
1183,6502,6503,0,1,1
6504,6503,6505,1,0,1
3974,6506,6507,0,1,1
3909,6507,6508,0,0,1
6497,6508,6509,0,0,1
6500,6510,6511,0,1,1
6501,6511,6512,0,0,1
6509,6505,6513,0,0,1
4088,6513,6512,1,0,0
1270,1273,6514,0,0,1,1027
1268,1271,6515,0,0,1
672,6515,6516,0,0,1
3956,6516,6517,1,0,1
3959,6517,6518,1,0,1
3958,6518,6519,1,0,1
665,6519,6520,0,0,1
662,666,6521,0,0,1
659,663,6522,0,0,1
3761,6522,6523,0,0,1
3759,3762,6524,0,0,1
3756,6524,6525,0,0,1
3805,3757,6526,0,0,1
3803,6526,6527,0,0,1
1275,3754,6528,0,0,1
6521,6520,6529,0,0,1
6523,6529,6530,0,0,1
6525,6530,6531,0,0,1
6528,6527,6532,0,0,1
6514,6532,6531,0,0,0
3750,1279,3748,0,0,0,1027
3799,3742,6533,0,0,1,1027
6506,6533,6534,0,0,1
6504,6534,1184,0,0,0
3362,3315,3360,0,0,0,1042
3376,2315,6535,0,0,1,1042
3373,6535,6536,0,0,1
3370,3374,6537,0,0,1
3420,3371,6538,0,0,1
3366,3368,6539,0,0,1
3341,6539,6540,0,0,1
3724,6540,6541,1,0,1
3726,6541,6542,1,0,1
6543,2317,6544,1,0,1
6536,6544,6545,0,0,1
6537,6545,6546,0,0,1
6538,6546,6542,0,0,0
728,732,6543,0,0,0,1042
3344,3346,3364,0,0,0,1041
6547,6548,6549,1,1,1,1026
6550,6549,6551,1,0,1
6552,6551,6553,1,0,1
6554,6553,6555,1,0,1
6556,6557,6558,1,1,1
3206,6559,6560,0,1,1
3268,6560,6561,0,0,1
3203,6561,6562,0,0,1
6563,3201,6564,1,0,1
6565,6566,6567,1,1,1
6555,6567,6568,0,0,1
6562,6558,6569,0,0,1
6564,6569,6568,0,0,0
6547,3104,6570,0,0,1,1026
6548,6570,6571,0,0,1
6565,6571,3106,0,0,0
6572,3208,6573,1,0,1,1026
6574,6575,6576,1,1,1,1027
2304,2307,6577,0,0,1
2314,2305,6578,0,0,1
2302,6578,6579,0,0,1
2299,6579,6580,0,0,1
2297,2300,6581,0,0,1
3922,2292,6582,1,0,1
6583,6582,6584,1,0,1
3473,6584,6585,1,0,1
3475,6585,6586,1,0,1
3477,6586,6587,1,0,1
3481,3479,6588,1,1,1
3485,3483,6589,1,1,1
3488,6589,6590,1,0,1
3492,3490,6591,1,1,1
3496,3494,6592,1,1,1
3505,6592,6593,1,0,1
3498,6593,6594,1,0,1
3451,3447,6595,1,1,1
3454,3450,6596,1,1,1
6597,6596,6598,1,0,1
3245,6598,6599,0,0,1
3261,3243,6600,0,0,1
3240,6600,6601,0,0,1
3259,3234,6602,0,0,1
3231,3274,6603,0,0,1
3229,6603,6604,0,0,1
3225,3227,6605,0,0,1
3219,3223,6606,0,0,1
3217,3220,6607,0,0,1
3215,6607,6608,0,0,1
6576,3211,6609,0,0,1
6577,6609,6610,0,0,1
6581,6580,6611,0,0,1
6587,2295,6612,0,0,1
6588,6612,6613,0,0,1
6590,6613,6614,0,0,1
6594,6591,6615,0,0,1
6601,3242,6616,0,0,1
3238,6616,6617,0,0,1
3236,6617,6618,0,0,1
6604,6602,6619,0,0,1
6605,6619,6620,0,0,1
6606,3222,6621,0,0,1
6608,6621,6622,0,0,1
6610,3213,6623,0,0,1
6611,6623,6624,0,0,1
6614,6624,6625,0,0,1
3487,6625,6626,1,0,1
6615,6626,6627,0,0,1
6618,6599,6628,0,0,1
3233,6628,6629,0,0,1
6627,6622,6630,0,0,1
3448,6630,6631,1,0,1
6629,6595,6632,0,0,1
6620,6632,6631,0,0,0
6563,6566,3108,0,0,0,1027
6573,6575,6633,0,0,1,1027
6634,6572,6635,1,0,1
6559,6635,6636,0,0,1
6556,6636,6637,0,0,1
6557,6637,6638,0,0,1
6554,6638,6639,0,0,1
6552,6639,6640,0,0,1
3102,6550,6641,0,0,1
3098,3100,6642,0,0,1
3094,3096,6643,0,0,1
6644,6643,6645,1,0,1
2945,6646,6647,0,1,1
3307,6647,6648,1,0,1
705,6648,6649,0,0,1
706,6649,6650,0,0,1
703,6650,6651,0,0,1
700,6651,6652,0,0,1
697,701,6653,0,0,1
6574,6653,6654,0,0,1
6633,6654,6655,0,0,1
6640,6655,6656,0,0,1
6641,6656,6657,0,0,1
6645,6642,6658,0,0,1
6659,6658,6660,1,0,1
6652,6660,6657,0,0,0
3205,3209,6634,0,0,0,1027
2969,2973,6661,0,0,1,1026
2966,2970,6662,0,0,1
2923,6662,6663,0,0,1
6646,6663,6664,0,0,1
6659,6664,6665,0,0,1
6644,6665,6666,0,0,1
2972,6666,6661,0,0,0
3018,3020,2925,0,0,0,1026
2926,2967,2922,0,0,0,1025
2629,6667,2627,0,1,0,1041
6668,6669,6670,1,1,1,1041
6671,6672,6673,1,1,1
6674,6673,6675,1,0,1
2625,6675,6676,0,0,1
2621,6676,6677,0,0,1
2618,2622,6678,0,0,1
2615,2619,6679,0,0,1
2613,2616,6680,0,0,1
6670,2609,6681,0,0,1
6677,6681,6682,0,0,1
6679,6678,6683,0,0,1
6680,6683,6684,0,0,1
2611,6684,6682,0,0,0
2701,6685,6686,1,1,1,1041
6687,2699,6688,1,1,1
6672,6688,6689,0,0,1
6668,6689,6690,0,0,1
6669,6690,6691,0,0,1
2607,6691,6692,0,0,1
2605,6692,6693,0,0,1
6686,2603,6694,0,0,1
2702,6694,6693,1,0,0