0,1,0,191
1,2,0,-1
2,0,0,1
3,0,1,190
2,3,1,2
4,3,2,189
2,4,2,56
5,6,3,223
6,4,3,189
4,5,3,4
7,5,4,188
4,7,4,5
8,7,5,187
4,8,5,57
9,10,6,185
10,11,6,186
11,9,6,59
12,13,7,183
13,14,7,184
14,12,7,61
15,16,8,181
16,17,8,182
17,15,8,63
18,19,9,178
19,20,9,179
20,18,9,66
21,22,10,176
22,23,10,177
23,21,10,11
24,21,11,175
23,24,11,68
25,26,12,174
26,24,12,175
24,25,12,69
27,28,13,172
28,29,13,173
29,27,13,71
30,31,14,171
31,27,14,172
27,30,14,72
32,33,15,170
33,30,15,171
30,32,15,73
34,35,16,169
35,32,16,170
32,34,16,74
36,37,17,168
37,34,17,169
34,36,17,75
38,39,18,165
39,40,18,166
40,38,18,19
41,38,19,164
40,41,19,78
42,43,20,163
43,41,20,164
41,42,20,79
44,45,21,160
45,46,21,161
46,44,21,82
47,48,22,159
48,44,22,160
44,47,22,83
49,50,23,1080
50,47,23,158
47,49,23,24
51,49,24,1116
47,51,24,25
52,51,25,1115
47,52,25,84
53,54,26,1135
54,52,26,1115
52,53,26,27
55,53,27,1114
52,55,27,85
56,57,28,1113
57,55,28,1114
55,56,28,86
58,59,29,1112
59,56,29,1113
56,58,29,87
60,61,30,1111
61,58,30,1112
58,60,30,88
62,63,31,1109
63,64,31,1110
64,62,31,90
65,66,32,1107
66,62,32,1108
62,65,32,91
67,68,33,1129
68,65,33,1107
65,67,33,34
69,67,34,1106
65,69,34,35
70,69,35,1105
65,70,35,36
71,70,36,1104
65,71,36,108
72,73,37,1102
73,74,37,1103
74,72,37,92
75,76,38,1100
76,72,38,1101
72,75,38,93
77,78,39,1098
78,79,39,1099
79,77,39,94
80,81,40,1097
81,77,40,1098
77,80,40,95
82,83,41,1096
83,80,41,1097
80,82,41,96
84,85,42,1094
85,86,42,1095
86,84,42,97
87,88,43,1093
88,84,43,1094
84,87,43,44
89,87,44,-1
84,89,44,45
90,89,45,1042
84,90,45,98
91,92,46,1041
92,90,46,1042
90,91,46,99
93,94,47,1039
94,95,47,1040
95,93,47,101
96,97,48,1038
97,93,48,1039
93,96,48,102
98,99,49,1037
99,96,49,1038
96,98,49,103
100,101,50,1036
101,98,50,1037
98,100,50,104
102,103,51,1034
103,104,51,1035
104,102,51,52
105,102,52,1033
104,105,52,105
106,107,53,1032
107,105,53,1033
105,106,53,106
108,109,54,1031
109,106,54,1032
106,108,54,106
2,110,55,-1
110,111,55,1030
111,2,55,56
111,4,56,57
111,8,57,58
11,8,58,186
111,11,58,59
111,9,59,60
14,9,60,184
111,14,60,61
111,12,61,62
17,12,62,182
111,17,62,63
111,15,63,64
112,15,64,180
111,112,64,65
20,112,65,179
111,20,65,66
111,18,66,67
23,18,67,177
111,23,67,68
111,24,68,69
111,25,69,70
29,25,70,173
111,29,70,71
111,27,71,72
111,30,72,73
111,32,73,74
111,34,74,75
111,36,75,76
113,36,76,167
111,113,76,77
40,113,77,166
111,40,77,78
111,41,78,79
111,42,79,80
114,42,80,162
111,114,80,81
46,114,81,161
111,46,81,82
111,44,82,83
111,47,83,84
111,52,84,85
111,55,85,86
111,56,86,87
111,58,87,88
111,60,88,89
64,60,89,1110
111,64,89,90
111,62,90,91
111,65,91,107
74,71,92,1103
71,72,92,93
71,75,93,109
79,75,94,1099
75,77,94,95
75,80,95,96
75,82,96,110
86,82,97,1095
82,84,97,98
82,90,98,99
82,91,99,100
95,91,100,1040
82,95,100,101
82,93,101,102
82,96,102,103
82,98,103,104
82,100,104,110
104,100,105,1035
100,105,105,111
105,108,106,112
111,108,107,1030
108,65,107,108
108,71,108,109
108,75,109,112
75,100,110,111
75,105,111,112
115,116,113,231
116,1,113,-1
1,115,113,114
117,115,114,278
1,117,114,115
118,117,115,507
1,118,115,116
119,118,116,530
1,119,116,117
120,119,117,530
1,120,117,118
121,120,118,529
1,121,118,119
122,121,119,528
1,122,119,120
123,122,120,528
1,123,120,121
124,123,121,527
1,124,121,122
125,124,122,526
1,125,122,123
126,125,123,525
1,126,123,124
127,126,124,524
1,127,124,125
128,127,125,523
1,128,125,192
129,130,126,522
130,128,126,523
128,129,126,127
131,129,127,521
128,131,127,193
132,133,128,520
133,131,128,521
131,132,128,194
134,135,129,518
135,132,129,519
132,134,129,130
136,134,130,517
132,136,130,195
137,138,131,515
138,136,131,516
136,137,131,132
139,137,132,514
136,139,132,196
140,141,133,512
141,139,133,513
139,140,133,197
142,143,134,510
143,140,134,511
140,142,134,198
144,145,135,508
145,142,135,509
142,144,135,136
146,144,136,276
142,146,136,137
147,146,137,1063
142,147,137,138
148,147,138,270
142,148,138,139
149,148,139,1203
142,149,139,140
150,149,140,1211
142,150,140,141
151,150,141,1210
142,151,141,142
152,151,142,1209
142,152,142,143
153,152,143,1208
142,153,143,199
154,155,144,1206
155,153,144,1207
153,154,144,199
156,157,145,1204
157,154,145,1205
154,156,145,146
158,156,146,-1
154,158,146,147
159,158,147,1091
154,159,147,148
160,159,148,1090
154,160,148,149
161,160,149,1090
154,161,149,150
162,161,150,1089
154,162,150,151
163,162,151,1088
154,163,151,200
164,165,152,1087
165,163,152,1088
163,164,152,201
166,167,153,1085
167,168,153,1086
168,166,153,203
169,170,154,1084
170,166,154,1085
166,169,154,155
171,169,155,1083
166,171,155,204
172,173,156,1082
173,171,156,1083
171,172,156,205
174,175,157,1081
175,172,157,1082
172,174,157,206
50,174,158,1080
174,47,158,159
174,48,159,207
48,45,160,208
45,114,161,162
45,42,162,163
45,43,163,209
43,38,164,165
43,39,165,210
39,113,166,167
39,36,167,168
39,37,168,211
37,35,169,212
35,33,170,213
33,31,171,214
31,28,172,215
28,25,173,174
28,26,174,216
26,21,175,176
26,22,176,217
22,18,177,178
22,19,178,218
19,112,179,180
19,15,180,181
19,16,181,219
16,12,182,183
16,13,183,220
13,9,184,185
13,10,185,221
10,8,186,187
10,7,187,188
10,5,188,222
6,3,189,190
6,0,190,191
6,1,191,192
6,128,192,193
6,131,193,194
6,132,194,195
6,136,195,196
6,139,196,197
6,140,197,198
6,142,198,223
142,154,199,200
142,163,200,201
142,164,201,202
168,164,202,1086
142,168,202,203
142,166,203,204
142,171,204,205
142,172,205,206
142,174,206,207
142,48,207,208
142,45,208,209
142,43,209,210
142,39,210,211
142,37,211,212
142,35,212,213
142,33,213,214
142,31,214,215
142,28,215,216
142,26,216,217
142,22,217,218
142,19,218,219
142,16,219,220
142,13,220,221
142,10,221,222
142,5,222,223
176,177,224,282
177,116,224,-1
116,176,224,225
178,176,225,281
116,178,225,232
179,180,226,304
180,178,226,281
178,179,226,227
181,179,227,280
178,181,227,232
182,183,228,303
183,181,228,280
181,182,228,229
184,182,229,279
181,184,229,230
115,184,230,278
181,115,230,231
181,116,231,232
185,186,233,315
186,177,233,-1
177,185,233,234
187,185,234,315
177,187,234,235
188,187,235,466
177,188,235,236
189,188,236,465
177,189,236,283
190,191,237,334
191,189,237,464
189,190,237,238
192,190,238,487
189,192,238,239
193,192,239,486
189,193,239,284
194,195,240,574
195,193,240,485
193,194,240,241
196,194,241,608
193,196,241,285
197,198,242,606
198,199,242,607
199,197,242,287
200,201,243,604
201,197,243,605
197,200,243,288
202,203,244,603
203,200,244,604
200,202,244,289
204,205,245,601
205,206,245,602
206,204,245,246
207,204,246,891
206,207,246,305
208,209,247,879
209,207,247,890
207,208,247,291
210,211,248,596
211,208,248,879
208,210,248,249
212,210,249,595
208,212,249,291
213,214,250,810
214,215,250,593
215,213,250,251
216,213,251,996
215,216,251,292
217,218,252,995
218,216,252,996
216,217,252,293
219,220,253,994
220,217,253,995
217,219,253,294
221,222,254,1007
222,223,254,1008
223,221,254,255
224,221,255,934
223,224,255,256
225,224,256,933
223,225,256,257
226,225,257,1069
223,226,257,295
227,228,258,928
228,226,258,1068
226,227,258,259
229,227,259,1078
226,229,259,296
230,231,260,1076
231,229,260,1077
229,230,260,297
232,233,261,1074
233,234,261,1075
234,232,261,262
235,232,262,973
234,235,262,263
236,235,263,1179
234,236,263,298
237,238,264,1196
238,236,264,1178
236,237,264,265
239,237,265,1195
236,239,265,299
240,241,266,1194
241,239,266,1195
239,240,266,267
242,240,267,1193
239,242,267,300
243,244,268,-1
244,242,268,1192
242,243,268,269
148,243,269,1203
242,148,269,270
242,147,270,271
245,147,271,1062
242,245,271,272
246,245,272,1061
242,246,272,273
247,246,273,1060
242,247,273,274
248,247,274,1060
242,248,274,275
249,248,275,1059
242,249,275,300
146,249,276,1059
249,144,276,277
117,144,277,507
249,117,277,301
117,184,278,279
117,182,279,302
183,179,280,308
180,176,281,282
180,177,282,283
180,189,283,284
180,193,284,285
180,196,285,286
199,196,286,607
180,199,286,287
180,197,287,288
180,200,288,289
180,202,289,290
206,202,290,602
180,206,290,304
207,212,291,306
215,212,292,594
212,216,292,293
212,217,293,294
212,219,294,309
223,219,295,993
219,226,295,296
219,229,296,297
219,230,297,307
234,230,298,1076
230,236,298,299
230,239,299,307
239,249,300,301
239,117,301,302
239,182,302,303
239,183,303,310
179,206,304,305
179,207,305,306
179,212,306,308
219,239,307,309
183,212,308,310
212,239,309,310
250,251,311,320
251,186,311,-1
186,250,311,312
252,250,312,319
186,252,312,313
253,252,313,318
186,253,313,314
187,253,314,467
186,187,314,315
254,255,316,347
255,256,316,342
256,254,316,317
253,254,317,460
256,253,317,318
256,252,318,319
256,250,319,321
257,251,320,-1
250,257,320,321
256,257,321,342
258,259,322,393
259,257,322,-1
257,258,322,323
260,258,323,455
257,260,323,324
261,260,324,455
257,261,324,325
262,261,325,454
257,262,325,326
263,262,326,454
257,263,326,327
264,263,327,453
257,264,327,328
265,264,328,452
257,265,328,343
266,267,329,450
267,265,329,451
265,266,329,344
268,269,330,387
269,266,330,449
266,268,330,331
270,268,331,386
266,270,331,348
271,272,332,497
272,270,332,385
270,271,332,333
273,271,333,503
270,273,333,349
190,274,334,471
274,191,334,335
275,191,335,463
274,275,335,345
276,277,336,470
277,275,336,463
275,276,336,337
278,276,337,462
275,278,337,338
279,278,338,462
275,279,338,339
280,279,339,461
275,280,339,340
281,280,340,461
275,281,340,341
254,281,341,460
275,254,341,346
255,257,342,343
255,265,343,344
255,266,344,347
274,273,345,471
273,275,345,346
273,254,346,349
254,266,347,348
254,270,348,349
282,283,350,437
283,259,350,-1
259,282,350,351
284,282,351,436
259,284,351,352
285,284,352,435
259,285,352,353
286,285,353,434
259,286,353,393
287,288,354,431
288,289,354,432
289,287,354,395
290,291,355,430
291,287,355,431
287,290,355,356
292,290,356,429
287,292,356,357
293,292,357,428
287,293,357,358
294,293,358,427
287,294,358,396
295,296,359,443
296,294,359,427
294,295,359,360
297,295,360,442
294,297,360,361
298,297,361,426
294,298,361,362
299,298,362,425
294,299,362,397
300,301,363,424
301,299,363,425
299,300,363,364
302,300,364,423
299,302,364,405
303,304,365,421
304,305,365,422
305,303,365,366
306,303,366,420
305,306,366,367
307,306,367,653
305,307,367,398
308,309,368,662
309,307,368,653
307,308,368,369
310,308,369,646
307,310,369,370
311,310,370,544
307,311,370,371
312,311,371,638
307,312,371,372
313,312,372,637
307,313,372,399
314,315,373,636
315,313,373,637
313,314,373,374
316,314,374,635
313,316,374,375
317,316,375,634
313,317,375,376
318,317,376,540
313,318,376,377
319,318,377,539
313,319,377,400
320,321,378,571
321,319,378,539
319,320,378,406
322,323,379,537
323,320,379,538
320,322,379,407
324,325,380,566
325,326,380,536
326,324,380,381
327,324,381,535
326,327,381,401
328,329,382,506
329,327,382,500
327,328,382,402
330,331,383,498
331,332,383,499
332,330,383,384
272,330,384,497
332,272,384,385
332,270,385,386
332,268,386,387
332,269,387,388
333,269,388,449
332,333,388,389
334,333,389,448
332,334,389,390
335,334,390,448
332,335,390,391
336,335,391,447
332,336,391,403
258,337,392,456
337,336,392,447
336,258,392,403
258,286,393,394
338,286,394,433
258,338,394,404
289,338,395,432
338,287,395,396
338,294,396,397
338,299,397,409
305,302,398,422
302,307,398,399
302,313,399,400
302,319,400,405
326,322,401,536
322,327,401,402
322,328,402,407
332,258,403,404
332,338,404,408
299,319,405,406
299,320,406,410
320,328,407,410
332,328,408,499
328,338,408,409
328,299,409,410
339,340,411,-1
340,283,411,-1
283,339,411,412
341,339,412,676
283,341,412,413
342,341,413,680
283,342,413,414
343,342,414,679
283,343,414,437
344,345,415,677
345,346,415,678
346,344,415,439
347,348,416,-1
348,344,416,677
344,347,416,417
349,347,417,697
344,349,417,418
350,349,418,696
344,350,418,419
306,350,419,654
344,306,419,420
344,303,420,421
344,304,421,439
304,302,422,423
304,300,423,424
304,301,424,440
301,298,425,426
301,297,426,441
296,293,427,428
296,292,428,429
296,290,429,430
296,291,430,444
291,288,431,445
288,338,432,433
288,286,433,434
288,285,434,435
288,284,435,436
288,282,436,445
282,343,437,438
346,343,438,678
282,346,438,446
346,304,439,440
346,301,440,441
346,297,441,442
346,295,442,443
346,296,443,444
346,291,444,446
291,282,445,446
337,335,447,457
335,333,448,457
333,266,449,450
333,267,450,451
333,265,451,452
333,264,452,453
333,263,453,458
263,261,454,459
261,258,455,456
261,337,456,459
337,333,457,458
337,263,458,459
253,281,460,467
281,279,461,468
279,276,462,469
277,191,463,464
277,189,464,465
277,188,465,466
277,187,466,470
187,281,467,468
187,279,468,469
187,276,469,470
190,273,471,472
351,273,472,556
190,351,472,473
352,351,473,562
190,352,473,488
353,354,474,555
354,352,474,565
352,353,474,489
355,356,475,552
356,357,475,553
357,355,475,490
358,359,476,573
359,355,476,552
355,358,476,477
360,358,477,551
355,360,477,491
361,362,478,550
362,360,478,551
360,361,478,479
363,361,479,579
360,363,479,480
364,363,480,578
360,364,480,481
365,364,481,577
360,365,481,491
366,367,482,575
367,368,482,632
368,366,482,494
369,370,483,610
370,366,483,575
366,369,483,484
195,369,484,574
366,195,484,485
366,193,485,486
366,192,486,487
366,190,487,488
366,352,488,489
366,353,489,494
357,371,490,553
371,355,490,496
355,365,491,492
372,365,492,576
355,372,492,493
368,372,493,632
355,368,493,496
368,353,494,495
371,353,495,554
368,371,495,496
271,330,497,498
271,331,498,504
331,328,499,505
373,327,500,535
329,373,500,501
374,373,501,534
329,374,501,506
273,375,502,556
375,374,502,534
374,273,502,503
374,271,503,504
374,331,504,505
374,328,505,506
118,144,507,508
118,145,508,509
118,142,509,510
118,143,510,511
118,140,511,512
118,141,512,513
118,139,513,514
118,137,514,515
118,138,515,516
118,136,516,517
118,134,517,518
118,135,518,519
118,132,519,520
118,133,520,531
133,129,521,522
133,130,522,532
130,127,523,524
130,126,524,525
130,125,525,526
130,124,526,527
130,123,527,533
123,121,528,529
123,120,529,533
120,118,530,531
120,133,531,532
120,130,532,533
375,373,534,557
373,324,535,563
325,322,536,537
325,323,537,538
325,320,538,567
321,318,539,540
321,317,540,541
376,317,541,634
321,376,541,572
377,378,542,639
378,379,542,640
379,377,542,543
311,377,543,638
379,311,543,564
380,310,544,646
311,380,544,558
381,382,545,682
382,380,545,652
380,381,545,546
383,381,546,617
380,383,546,547
384,383,547,582
380,384,547,548
385,384,548,581
380,385,548,558
361,386,549,579
386,387,549,643
387,361,549,550
387,362,550,560
362,358,551,569
359,356,552,561
356,371,553,554
356,353,554,555
356,354,555,561
351,375,556,557
351,373,557,562
311,385,558,559
387,385,559,643
311,387,559,560
311,362,560,564
359,354,561,570
352,373,562,563
352,324,563,565
379,362,564,568
354,324,565,566
354,325,566,567
354,320,567,570
379,376,568,641
376,362,568,569
376,358,569,572
359,320,570,571
359,321,571,573
321,358,572,573
194,369,574,609
370,367,575,611
372,388,576,633
388,365,576,577
388,364,577,578
388,363,578,613
363,386,579,580
389,386,580,645
363,389,580,614
385,390,581,644
390,384,581,582
390,383,582,616
391,392,583,685
392,393,583,686
393,391,583,619
394,395,584,694
395,396,584,695
396,394,584,620
397,398,585,671
398,394,585,693
394,397,585,586
399,397,586,779
394,399,586,587
400,399,587,782
394,400,587,621
401,402,588,783
402,400,588,782
400,401,588,622
403,404,589,814
404,401,589,787
401,403,589,590
405,403,590,813
401,405,590,623
406,407,591,818
407,405,591,813
405,406,591,592
408,406,592,821
405,408,592,624
214,409,593,811
409,215,593,594
409,212,594,595
409,210,595,596
409,211,596,597
410,211,597,878
409,410,597,598
411,410,598,878
409,411,598,599
412,411,599,884
409,412,599,625
204,413,600,887
413,414,600,877
414,204,600,601
414,205,601,626
205,202,602,603
205,203,603,627
203,201,604,605
203,197,605,606
203,198,606,628
198,196,607,608
198,194,608,609
198,369,609,610
198,370,610,611
198,367,611,612
388,367,612,633
198,388,612,613
198,363,613,614
198,389,614,615
390,389,615,645
198,390,615,616
198,383,616,617
198,381,617,618
415,381,618,687
198,415,618,629
393,415,619,686
415,391,619,630
396,391,620,684
391,394,620,621
391,400,621,622
391,401,622,623
391,405,623,624
391,408,624,631
409,408,625,812
408,412,625,631
414,412,626,877
412,205,626,627
412,203,627,628
412,198,628,629
412,415,629,630
412,391,630,631
367,372,632,633
376,316,634,635
376,314,635,636
376,315,636,642
315,312,637,642
312,377,638,639
312,378,639,640
312,379,640,641
312,376,641,642
386,385,643,644
386,390,644,645
380,308,646,647
416,308,647,661
380,416,647,648
417,416,648,673
380,417,648,649
418,417,649,690
380,418,649,650
419,418,650,683
380,419,650,651
420,419,651,683
380,420,651,652
382,420,652,682
309,306,653,654
309,350,654,655
421,350,655,696
309,421,655,656
422,421,656,741
309,422,656,657
423,422,657,740
309,423,657,663
424,425,658,666
425,423,658,667
423,424,658,659
426,424,659,665
423,426,659,660
427,426,660,664
423,427,660,663
416,427,661,664
427,308,661,662
427,309,662,663
416,426,664,665
416,424,665,666
416,425,666,674
428,423,667,791
425,428,667,668
429,428,668,791
425,429,668,669
430,429,669,790
425,430,669,670
397,430,670,779
425,397,670,671
425,398,671,672
431,398,672,693
425,431,672,674
417,432,673,691
432,416,673,675
416,431,674,675
432,431,675,692
348,339,676,-1
341,348,676,680
348,345,677,681
345,343,678,679
345,342,679,681
342,348,680,681
381,420,682,688
420,418,683,689
396,418,684,690
418,391,684,685
418,392,685,689
392,415,686,687
392,381,687,688
392,420,688,689
396,417,690,691
396,432,691,692
396,431,692,695
431,394,693,694
431,395,694,695
421,349,696,741
433,347,697,-1
349,433,697,698
434,433,698,822
349,434,698,699
435,434,699,850
349,435,699,742
436,437,700,849
437,435,700,862
435,436,700,701
438,436,701,848
435,438,701,761
439,440,702,847
440,438,702,848
438,439,702,762
441,442,703,845
442,443,703,846
443,441,703,704
444,441,704,844
443,444,704,743
445,446,705,841
446,447,705,842
447,445,705,777
448,449,706,839
449,450,706,840
450,448,706,707
451,448,707,838
450,451,707,744
452,453,708,836
453,454,708,837
454,452,708,709
455,452,709,835
454,455,709,745
456,457,710,833
457,458,710,834
458,456,710,711
459,456,711,832
458,459,711,746
460,461,712,831
461,459,712,832
459,460,712,747
462,463,713,830
463,460,713,831
460,462,713,714
464,462,714,829
460,464,714,748
465,466,715,-1
466,464,715,829
464,465,715,716
467,465,716,1141
464,467,716,717
468,467,717,1141
464,468,717,749
469,470,718,1140
470,468,718,1165
468,469,718,749
471,472,719,1137
472,473,719,1138
473,471,719,751
474,475,720,916
475,476,720,1136
476,474,720,765
477,478,721,914
478,479,721,915
479,477,721,722
480,477,722,1054
479,480,722,753
481,482,723,1052
482,483,723,1053
483,481,723,754
484,485,724,911
485,481,724,1052
481,484,724,725
486,484,725,1018
481,486,725,754
487,488,726,1026
488,486,726,1018
486,487,726,727
489,487,727,1017
486,489,727,755
490,491,728,1016
491,489,728,1017
489,490,728,769
492,493,729,905
493,494,729,1015
494,492,729,756
495,496,730,948
496,492,730,905
492,495,730,731
497,495,731,904
492,497,731,757
498,499,732,947
499,497,732,904
497,498,732,733
500,498,733,903
497,500,733,758
501,502,734,895
502,500,734,903
500,501,734,735
503,501,735,895
500,503,735,736
504,503,736,894
500,504,736,776
505,506,737,867
506,507,737,893
507,505,737,738
508,505,738,875
507,508,738,759
509,510,739,788
510,508,739,866
508,509,739,759
423,509,740,788
509,422,740,760
422,349,741,742
422,435,742,760
443,439,743,846
439,444,743,763
450,445,744,840
445,451,744,778
454,451,745,837
451,455,745,774
458,455,746,834
455,459,746,747
455,460,747,748
455,464,748,764
464,469,749,750
473,469,750,1139
464,473,750,751
464,471,751,752
476,471,752,1136
464,476,752,764
479,474,753,915
474,480,753,766
483,486,754,755
483,489,755,768
494,490,756,1015
490,492,756,757
490,497,757,758
490,500,758,769
507,509,759,770
509,435,760,761
509,438,761,762
509,439,762,763
509,444,763,771
455,476,764,765
455,474,765,766
455,480,766,767
483,480,767,1053
455,483,767,768
455,489,768,774
489,500,769,775
507,504,770,894
504,509,770,771
504,444,771,772
511,444,772,843
504,511,772,773
447,511,773,842
504,447,773,776
451,489,774,775
451,500,775,778
500,447,776,777
500,445,777,778
399,430,779,780
512,430,780,784
399,512,780,781
402,512,781,783
399,402,781,782
401,512,783,784
401,430,784,785
513,430,785,790
401,513,785,786
514,513,786,789
401,514,786,787
404,514,787,794
423,510,788,792
514,510,789,865
510,513,789,793
513,429,790,793
429,423,791,792
429,510,792,793
515,514,794,865
404,515,794,795
516,515,795,874
404,516,795,796
517,516,796,873
404,517,796,797
518,517,797,872
404,518,797,815
519,520,798,870
520,518,798,871
518,519,798,799
521,519,799,896
518,521,799,800
522,521,800,902
518,522,800,801
523,522,801,944
518,523,801,816
524,525,802,943
525,523,802,944
523,524,802,819
526,527,803,942
527,524,803,943
524,526,803,804
528,526,804,941
524,528,804,820
529,530,805,939
530,531,805,940
531,529,805,806
532,529,806,1001
531,532,806,807
533,532,807,989
531,533,807,808
534,533,808,988
531,534,808,809
213,534,809,988
531,213,809,810
531,214,810,811
531,409,811,812
531,408,812,817
407,403,813,814
407,404,814,815
407,518,815,816
407,523,816,818
531,528,817,940
528,408,817,820
406,523,818,819
406,524,819,821
524,408,820,821
535,433,822,-1
434,535,822,823
536,535,823,979
434,536,823,850
537,538,824,986
538,536,824,987
536,537,824,851
539,540,825,985
540,537,825,986
537,539,825,826
541,539,826,984
537,541,826,852
542,543,827,981
543,544,827,982
544,542,827,853
466,545,828,-1
545,542,828,980
542,466,828,853
466,462,829,830
466,463,830,854
463,461,831,855
461,456,832,833
461,457,833,856
457,455,834,835
457,452,835,836
457,453,836,857
453,451,837,838
453,448,838,839
453,449,839,858
449,445,840,841
449,446,841,859
446,511,842,843
446,444,843,844
446,441,844,845
446,442,845,860
442,439,846,847
442,440,847,861
440,436,848,849
440,437,849,861
435,536,850,851
435,537,851,852
435,541,852,862
544,466,853,854
544,463,854,855
544,461,855,856
544,457,856,857
544,453,857,858
544,449,858,859
544,446,859,860
544,442,860,863
442,437,861,864
437,541,862,864
544,541,863,983
541,442,863,864
515,510,865,866
515,508,866,874
546,506,867,893
505,546,867,876
547,548,868,898
548,546,868,899
546,547,868,869
519,547,869,897
546,519,869,870
546,520,870,871
546,518,871,872
546,517,872,873
546,516,873,876
516,508,874,875
516,505,875,876
413,412,877,883
411,211,878,885
211,209,879,880
549,209,880,889
211,549,880,885
550,551,881,888
551,549,881,889
549,550,881,886
413,552,882,887
552,550,882,888
550,413,882,883
550,412,883,884
550,411,884,886
411,549,885,886
204,552,887,891
552,551,888,892
551,209,889,890
551,207,890,892
207,552,891,892
546,507,893,899
507,503,894,900
503,502,895,901
521,502,896,902
502,519,896,897
502,547,897,898
502,548,898,901
548,507,899,900
548,503,900,901
522,502,902,945
502,498,903,946
499,495,904,963
496,493,905,906
553,493,906,1024
496,553,906,948
554,555,907,1023
555,553,907,1024
553,554,907,949
556,557,908,1027
557,554,908,1023
554,556,908,909
558,556,909,1022
554,558,909,950
559,560,910,1020
560,558,910,1021
558,559,910,951
484,559,911,1019
559,485,911,912
561,485,912,1056
559,561,912,951
562,563,913,1055
563,561,913,1056
561,562,913,952
477,562,914,1054
562,478,914,968
478,474,915,916
478,475,916,976
564,565,917,1162
565,475,917,1163
475,564,917,977
566,567,918,1161
567,564,918,1162
564,566,918,972
568,569,919,1159
569,566,919,1160
566,568,919,969
570,571,920,1172
571,572,920,1158
572,570,920,953
573,574,921,1232
574,570,921,1157
570,573,921,922
575,573,922,1213
570,575,922,953
576,577,923,1184
577,578,923,1212
578,576,923,924
579,576,924,1183
578,579,924,955
580,581,925,1174
581,579,925,1182
579,580,925,926
235,580,926,1179
579,235,926,970
582,583,927,1071
583,584,927,1072
584,582,927,956
227,582,928,1071
582,228,928,929
585,228,929,1067
582,585,929,930
586,585,930,1066
582,586,930,975
587,588,931,1065
588,586,931,1066
586,587,931,971
589,590,932,1064
590,587,932,1065
587,589,932,957
225,589,933,1064
589,224,933,934
589,221,934,935
591,221,935,1006
589,591,935,957
592,593,936,1005
593,591,936,1006
591,592,936,937
594,592,937,1004
591,594,937,958
595,596,938,1002
596,594,938,1003
594,595,938,959
529,595,939,1001
595,530,939,960
530,528,940,941
530,526,941,942
530,527,942,961
527,525,943,961
525,522,944,945
525,502,945,946
525,498,946,947
525,499,947,962
495,553,948,949
495,554,949,950
495,558,950,964
558,561,951,952
558,562,952,965
572,575,953,954
578,575,954,1212
572,578,954,955
572,579,955,966
584,597,956,1072
597,582,956,978
587,591,957,958
587,594,958,959
587,595,959,960
587,530,960,967
530,525,961,962
530,499,962,963
530,495,963,964
530,558,964,965
530,562,965,967
572,568,966,1158
568,579,966,969
587,562,967,968
587,478,968,971
566,579,969,970
566,235,970,972
586,478,971,975
564,235,972,973
564,232,973,974
597,232,974,1073
564,597,974,977
582,478,975,976
582,475,976,978
475,597,977,978
545,535,979,-1
536,545,979,980
536,542,980,981
536,543,981,982
536,544,982,983
536,541,983,984
536,539,984,985
536,540,985,987
540,538,986,987
213,533,988,997
598,532,989,1011
533,598,989,998
599,600,990,1014
600,598,990,1011
598,599,990,991
601,599,991,1010
598,601,991,999
223,602,992,1009
602,601,992,1010
601,223,992,993
601,219,993,994
601,220,994,1000
220,218,995,1000
218,213,996,997
218,533,997,998
218,598,998,999
218,601,999,1000
532,595,1001,1002
532,596,1002,1003
532,594,1003,1004
532,592,1004,1005
532,593,1005,1012
593,221,1006,1007
593,222,1007,1008
593,223,1008,1009
593,602,1009,1013
602,599,1010,1013
600,532,1011,1012
600,593,1012,1014
593,599,1013,1014
493,490,1015,1016
493,491,1016,1025
491,487,1017,1029
488,484,1018,1019
488,559,1019,1020
488,560,1020,1021
488,558,1021,1022
488,556,1022,1026
557,555,1023,1028
555,493,1024,1025
555,491,1025,1028
487,556,1026,1027
487,557,1027,1029
557,491,1028,1029
110,108,1030,1031
110,109,1031,1045
109,107,1032,1046
107,102,1033,1034
107,103,1034,1047
103,100,1035,1036
103,101,1036,1047
101,99,1037,1048
99,97,1038,1049
97,94,1039,1050
94,91,1040,1041
94,92,1041,1051
92,89,1042,1043
603,89,1043,-1
92,603,1043,1044
110,603,1044,-1
92,110,1044,1045
92,109,1045,1046
92,107,1046,1051
107,101,1047,1048
107,99,1048,1049
107,97,1049,1050
107,94,1050,1051
485,482,1052,1057
482,480,1053,1058
480,562,1054,1055
480,563,1055,1058
563,485,1056,1057
563,482,1057,1058
146,248,1059,1063
248,246,1060,1061
248,245,1061,1062
248,147,1062,1063
225,590,1064,1070
590,588,1065,1070
588,585,1066,1067
588,228,1067,1068
588,226,1068,1069
588,225,1069,1070
227,583,1071,1079
583,597,1072,1073
583,232,1073,1074
583,233,1074,1075
583,234,1075,1079
234,231,1076,1077
234,229,1077,1078
234,227,1078,1079
49,174,1080,1081
49,175,1081,1117
175,173,1082,1118
173,169,1083,1084
173,170,1084,1119
170,167,1085,1120
167,164,1086,1087
167,165,1087,1121
165,162,1088,1089
165,161,1089,1122
161,159,1090,1091
161,158,1091,1092
87,158,1092,-1
161,87,1092,1093
161,88,1093,1123
88,85,1094,1123
85,82,1095,1096
85,83,1096,1124
83,81,1097,1125
81,78,1098,1126
78,75,1099,1100
78,76,1100,1101
78,72,1101,1102
78,73,1102,1127
73,71,1103,1104
73,70,1104,1105
73,69,1105,1106
73,67,1106,1128
68,66,1107,1108
68,62,1108,1109
68,63,1109,1130
63,60,1110,1111
63,61,1111,1131
61,59,1112,1132
59,57,1113,1133
57,53,1114,1134
54,51,1115,1116
54,49,1116,1117
54,175,1117,1118
54,173,1118,1119
54,170,1119,1120
54,167,1120,1121
54,165,1121,1122
54,161,1122,1135
161,85,1123,1124
161,83,1124,1125
161,81,1125,1126
161,78,1126,1127
161,73,1127,1128
161,67,1128,1129
161,68,1129,1130
161,63,1130,1131
161,61,1131,1132
161,59,1132,1133
161,57,1133,1134
161,53,1134,1135
475,471,1136,1137
475,472,1137,1138
475,473,1138,1139
475,469,1139,1140
475,470,1140,1164
468,465,1141,1142
604,465,1142,-1
468,604,1142,1143
605,604,1143,1273
468,605,1143,1144
606,605,1144,1276
468,606,1144,1166
607,608,1145,1275
608,606,1145,1276
606,607,1145,1167
609,610,1146,-1
610,607,1146,1274
607,609,1146,1147
611,609,1147,-1
607,611,1147,1148
612,611,1148,1266
607,612,1148,1149
613,612,1149,1265
607,613,1149,1167
614,615,1150,1258
615,616,1150,1264
616,614,1150,1151
617,614,1151,1250
616,617,1151,1152
618,617,1152,1249
616,618,1152,1153
619,618,1153,1245
616,619,1153,1154
620,619,1154,1244
616,620,1154,1155
621,620,1155,1236
616,621,1155,1156
622,621,1156,1235
616,622,1156,1169
574,623,1157,1233
623,570,1157,1171
571,568,1158,1159
571,569,1159,1160
571,566,1160,1161
571,567,1161,1172
567,565,1162,1163
567,475,1163,1164
567,470,1164,1165
567,468,1165,1166
567,606,1166,1173
606,613,1167,1168
616,613,1168,1264
606,616,1168,1169
606,622,1169,1170
623,622,1170,1234
606,623,1170,1171
606,570,1171,1173
570,567,1172,1173
624,581,1174,1182
580,624,1174,1175
625,624,1175,1181
580,625,1175,1176
626,625,1176,1180
580,626,1176,1177
238,626,1177,1180
580,238,1177,1178
580,236,1178,1179
238,625,1180,1181
238,624,1181,1196
624,579,1182,1183
624,576,1183,1184
624,577,1184,1185
627,577,1185,1217
624,627,1185,1186
628,627,1186,1219
624,628,1186,1187
629,628,1187,1229
624,629,1187,1197
630,631,1188,1228
631,629,1188,1229
629,630,1188,1189
632,630,1189,1227
629,632,1189,1198
633,634,1190,1248
634,632,1190,1226
632,633,1190,1199
244,635,1191,-1
635,636,1191,1254
636,244,1191,1192
636,242,1192,1193
636,240,1193,1194
636,241,1194,1201
241,237,1195,1202
237,624,1196,1197
237,629,1197,1198
237,632,1198,1199
237,633,1199,1200
637,633,1200,1247
237,637,1200,1202
636,637,1201,1255
637,241,1201,1202
149,243,1203,1211
156,243,1204,-1
243,157,1204,1205
243,154,1205,1206
243,155,1206,1207
243,153,1207,1208
243,152,1208,1209
243,151,1209,1210
243,150,1210,1211
577,575,1212,1213
577,573,1213,1218
638,639,1214,1231
639,573,1214,1232
573,638,1214,1215
640,638,1215,1231
573,640,1215,1216
641,640,1216,1220
573,641,1216,1218
627,641,1217,1219
641,577,1217,1218
628,641,1219,1220
628,640,1220,1221
642,640,1221,1240
628,642,1221,1222
643,642,1222,1239
628,643,1222,1223
644,643,1223,1239
628,644,1223,1224
645,644,1224,1238
628,645,1224,1230
634,646,1225,1243
646,645,1225,1237
645,634,1225,1226
645,632,1226,1227
645,630,1227,1228
645,631,1228,1230
631,628,1229,1230
640,639,1231,1240
639,574,1232,1233
639,623,1233,1234
639,622,1234,1235
639,621,1235,1241
646,620,1236,1243
621,646,1236,1237
621,645,1237,1238
621,644,1238,1241
644,642,1239,1242
642,639,1240,1242
639,644,1241,1242
634,620,1243,1244
634,619,1244,1245
634,618,1245,1246
647,618,1246,1249
634,647,1246,1248
637,647,1247,1256
647,633,1247,1248
647,617,1249,1250
647,614,1250,1251
648,614,1251,1258
647,648,1251,1256
649,650,1252,1262
650,648,1252,1263
648,649,1252,1257
635,651,1253,-1
651,649,1253,1261
649,635,1253,1254
649,636,1254,1255
649,637,1255,1257
637,648,1256,1257
648,615,1258,1259
652,615,1259,1271
648,652,1259,1260
653,652,1260,1270
648,653,1260,1263
651,653,1261,-1
653,649,1261,1262
653,650,1262,1263
615,613,1264,1265
615,612,1265,1272
654,611,1266,-1
612,654,1266,1267
655,654,1267,1277
612,655,1267,1268
656,655,1268,1277
612,656,1268,1272
653,657,1269,-1
657,656,1269,1278
656,653,1269,1270
656,652,1270,1271
656,615,1271,1272
610,604,1273,-1
605,610,1273,1274
605,607,1274,1275
605,608,1275,1276
656,654,1277,1278
657,654,1278,-1