0,1,2,1,1,1,28672
3,2,4,1,0,1
5,4,6,1,0,1
7,8,9,1,1,1
10,9,11,1,0,1
12,11,13,1,0,1
14,15,16,1,1,1
17,18,19,1,1,1
20,21,22,1,1,1
23,24,25,1,1,1
26,27,28,1,1,1
29,28,30,1,0,1
31,32,33,1,1,1
34,35,36,1,1,1
37,38,39,1,1,1
40,41,42,1,1,1
43,44,45,1,1,1
46,47,48,1,1,1
49,50,51,1,1,1
52,51,53,1,0,1
54,55,56,1,1,1
57,58,59,1,1,1
60,61,62,1,1,1
63,64,65,1,1,1
66,65,67,1,0,1
68,67,69,1,0,1
70,71,72,1,1,1
73,72,74,1,0,1
75,76,77,1,1,1
78,79,80,1,1,1
81,82,83,1,1,1
84,85,86,1,1,1
87,88,89,1,1,1
90,91,92,1,1,1
93,92,94,1,0,1
95,94,96,1,0,1
97,96,98,1,0,1
99,100,101,1,1,1
102,103,104,1,1,1
105,106,107,1,1,1
108,109,110,1,1,1
111,112,113,1,1,1
114,115,116,1,1,1
117,118,119,1,1,1
120,119,121,1,0,1
122,121,123,1,0,1
124,125,126,1,1,1
127,128,129,1,1,1
130,131,132,1,1,1
133,134,135,1,1,1
136,137,138,1,1,1
139,140,141,1,1,1
142,141,143,1,0,1
144,145,146,1,1,1
147,148,149,1,1,1
150,151,152,1,1,1
6,152,153,0,0,1
13,153,154,0,0,1
155,154,156,1,0,1
16,156,157,0,0,1
158,157,159,1,0,1
19,159,160,0,0,1
161,160,162,1,0,1
22,162,163,0,0,1
164,163,165,1,0,1
166,165,167,1,0,1
25,167,168,0,0,1
169,168,170,1,0,1
30,170,171,0,0,1
33,171,172,0,0,1
173,172,174,1,0,1
36,174,175,0,0,1
39,175,176,0,0,1
42,176,177,0,0,1
45,177,178,0,0,1
48,178,179,0,0,1
180,179,181,1,0,1
182,181,183,1,0,1
53,183,184,0,0,1
56,184,185,0,0,1
186,185,187,1,0,1
188,187,189,1,0,1
59,189,190,0,0,1
62,190,191,0,0,1
69,191,192,0,0,1
74,192,193,0,0,1
77,193,194,0,0,1
80,194,195,0,0,1
83,195,196,0,0,1
197,196,198,1,0,1
86,198,199,0,0,1
89,199,200,0,0,1
101,201,202,0,1,1
104,202,203,0,0,1
107,204,205,0,1,1
110,205,206,0,0,1
113,206,207,0,0,1
116,208,209,0,1,1
123,209,210,0,0,1
126,210,211,0,0,1
212,211,213,1,0,1
129,213,214,0,0,1
132,214,215,0,0,1
135,215,216,0,0,1
138,216,217,0,0,1
143,218,219,0,1,1
149,146,220,0,0,1
200,221,222,0,1,1
98,222,223,0,0,1
203,223,224,0,0,1
217,207,225,0,0,1
219,225,226,0,0,1
220,226,224,0,0,0
227,228,229,1,1,1,29696
230,229,231,1,0,1
232,231,233,1,0,1
234,233,235,1,0,1
236,235,237,1,0,1
238,237,239,1,0,1
240,239,241,1,0,1
242,241,243,1,0,1
244,243,245,1,0,1
246,245,247,1,0,1
248,247,249,1,0,1
250,249,251,1,0,1
252,251,253,1,0,1
254,255,256,1,1,1
257,256,258,1,0,1
259,260,261,1,1,1
262,263,264,1,1,1
265,264,266,1,0,1
267,268,269,1,1,1
270,269,271,1,0,1
272,273,274,1,1,1
275,276,277,1,1,1
278,279,280,1,1,1
281,280,282,1,0,1
283,282,284,1,0,1
285,284,286,1,0,1
287,286,288,1,0,1
289,288,290,1,0,1
291,290,292,1,0,1
293,292,294,1,0,1
295,294,296,1,0,1
297,298,299,1,1,1
300,301,302,1,1,1
303,302,304,1,0,1
305,304,306,1,0,1
307,306,308,1,0,1
309,308,310,1,0,1
311,310,312,1,0,1
313,312,314,1,0,1
315,316,317,1,1,1
318,319,320,1,1,1
321,322,323,1,1,1
324,323,325,1,0,1
326,327,328,1,1,1
329,330,331,1,1,1
64,332,333,0,1,1
60,333,334,0,0,1
57,61,335,0,0,1
188,58,336,0,0,1
186,336,337,0,0,1
54,337,338,0,0,1
52,55,339,0,0,1
49,339,340,0,0,1
182,50,341,0,0,1
180,341,342,0,0,1
46,342,343,0,0,1
43,47,344,0,0,1
40,44,345,0,0,1
37,41,346,0,0,1
34,38,347,0,0,1
173,35,348,0,0,1
31,348,349,0,0,1
29,32,350,0,0,1
26,350,351,0,0,1
169,27,352,0,0,1
23,352,353,0,0,1
166,24,354,0,0,1
164,354,355,0,0,1
20,355,356,0,0,1
161,21,357,0,0,1
17,357,358,0,0,1
158,18,359,0,0,1
14,359,360,0,0,1
155,15,361,0,0,1
12,361,362,0,0,1
10,362,363,0,0,1
5,8,364,0,0,1
3,364,365,0,0,1
0,365,366,0,0,1
253,366,367,0,0,1
258,367,368,0,0,1
261,368,369,0,0,1
266,369,370,0,0,1
271,370,371,0,0,1
274,371,372,0,0,1
277,372,373,0,0,1
299,296,374,0,0,1
314,374,375,0,0,1
317,375,376,0,0,1
377,376,378,1,0,1
320,378,379,0,0,1
325,379,380,0,0,1
328,380,381,0,0,1
331,381,382,0,0,1
334,382,383,0,0,1
335,383,384,0,0,1
338,384,385,0,0,1
340,385,386,0,0,1
343,386,387,0,0,1
344,387,388,0,0,1
345,388,389,0,0,1
346,389,390,0,0,1
347,390,391,0,0,1
349,391,392,0,0,1
351,392,393,0,0,1
353,393,394,0,0,1
356,394,395,0,0,1
358,395,396,0,0,1
360,396,397,0,0,1
363,397,398,0,0,1
7,398,373,0,0,0
399,400,401,1,1,1,29936
402,401,403,1,0,1
404,405,406,1,1,1
407,406,408,1,0,1
409,410,411,1,1,1
412,411,413,1,0,1
414,413,415,1,0,1
227,415,416,0,0,1
403,416,408,0,0,0
417,418,419,1,1,1,50416
420,419,421,1,0,1
422,421,423,1,0,1
424,423,425,1,0,1
426,427,428,1,1,1
429,428,430,1,0,1
431,430,432,1,0,1
433,434,435,1,1,1
436,435,437,1,0,1
438,439,440,1,1,1
441,442,443,1,1,1
444,445,446,1,1,1
447,448,449,1,1,1
450,449,451,1,0,1
452,453,454,1,1,1
455,456,457,1,1,1
458,457,459,1,0,1
460,461,462,1,1,1
463,462,464,1,0,1
465,466,467,1,1,1
468,469,470,1,1,1
471,472,473,1,1,1
474,473,475,1,0,1
476,475,477,1,0,1
478,477,479,1,0,1
480,481,482,1,1,1
483,482,484,1,0,1
485,486,487,1,1,1
488,489,490,1,1,1
491,490,492,1,0,1
493,492,494,1,0,1
495,496,497,1,1,1
498,497,499,1,0,1
500,501,502,1,1,1
503,502,504,1,0,1
505,506,507,1,1,1
508,507,509,1,0,1
285,509,510,0,0,1
511,510,512,1,0,1
513,512,514,1,0,1
515,514,516,1,0,1
517,516,518,1,0,1
519,518,520,1,0,1
281,521,522,0,1,1
523,522,524,1,0,1
414,230,525,0,0,1
412,525,526,0,0,1
407,410,527,0,0,1
402,405,528,0,0,1
399,528,529,0,0,1
425,529,530,0,0,1
432,530,531,0,0,1
437,531,532,0,0,1
533,532,534,1,0,1
440,534,535,0,0,1
443,535,536,0,0,1
446,536,537,0,0,1
538,537,539,1,0,1
459,454,540,0,0,1
464,541,542,0,1,1
467,542,543,0,0,1
470,543,544,0,0,1
479,545,546,0,1,1
484,546,547,0,0,1
487,547,548,0,0,1
494,549,550,0,1,1
499,550,551,0,0,1
520,504,552,0,0,1
524,552,553,0,0,1
526,553,554,0,0,1
409,554,555,0,0,1
539,404,556,0,0,1
451,556,557,0,0,1
540,557,558,0,0,1
551,548,559,0,0,1
558,527,560,0,0,1
559,544,561,0,0,1
555,561,560,0,0,0
562,563,564,1,1,1,46320
565,564,566,1,0,1
567,566,568,1,0,1
569,568,570,1,0,1
420,570,417,0,0,0
571,572,573,1,1,1,9460
574,573,575,1,0,1
567,575,576,0,0,1
565,576,577,0,0,1
578,562,579,1,0,1
580,579,577,1,0,0
581,582,583,1,1,1,9461
584,583,585,1,0,1
586,585,587,1,0,1
588,587,589,1,0,1
590,589,591,1,0,1
592,591,593,1,0,1
594,593,595,1,0,1
596,597,598,1,1,1
599,600,601,1,1,1
602,601,603,1,0,1
604,605,606,1,1,1
607,606,608,1,0,1
426,609,610,0,1,1
611,610,612,1,0,1
613,614,615,1,1,1
616,615,617,1,0,1
618,617,619,1,0,1
620,619,621,1,0,1
622,621,623,1,0,1
624,623,625,1,0,1
580,572,626,0,0,1
595,626,627,0,0,1
598,627,628,0,0,1
612,629,630,0,1,1
625,630,631,0,0,1
628,571,632,0,0,1
603,632,633,0,0,1
608,633,631,0,0,0
634,635,636,1,1,1,1270
637,636,638,1,0,1
639,638,640,1,0,1
641,640,642,1,0,1
643,644,645,1,1,1
646,647,648,1,1,1
649,648,650,1,0,1
651,650,652,1,0,1
653,652,654,1,0,1
655,656,657,1,1,1
658,657,659,1,0,1
660,659,661,1,0,1
662,661,663,1,0,1
664,665,666,1,1,1
667,666,668,1,0,1
669,670,671,1,1,1
672,671,673,1,0,1
674,673,675,1,0,1
676,677,678,1,1,1
679,678,680,1,0,1
681,680,682,1,0,1
683,682,684,1,0,1
685,684,686,1,0,1
687,688,689,1,1,1
690,689,691,1,0,1
692,691,693,1,0,1
694,693,695,1,0,1
696,695,697,1,0,1
698,699,700,1,1,1
701,702,703,1,1,1
704,705,706,1,1,1
707,706,708,1,0,1
709,710,711,1,1,1
712,713,714,1,1,1
715,714,716,1,0,1
605,716,717,0,0,1
602,717,718,0,0,1
599,718,719,0,0,1
720,719,721,1,0,1
722,721,723,1,0,1
724,723,725,1,0,1
726,725,727,1,0,1
728,729,730,1,1,1
642,581,731,0,0,1
732,731,733,1,0,1
645,734,735,0,1,1
654,735,736,0,0,1
663,736,737,0,0,1
675,738,739,0,1,1
686,739,740,0,0,1
697,740,741,0,0,1
708,742,743,0,1,1
711,743,744,0,0,1
730,727,745,0,0,1
733,745,746,0,0,1
741,668,747,0,0,1
700,747,748,0,0,1
744,703,749,0,0,1
746,750,751,0,1,1
737,751,752,0,0,1
748,752,749,0,0,0
753,754,755,1,1,1,1271
756,755,757,1,0,1
758,757,759,1,0,1
760,759,761,1,0,1
762,763,764,1,1,1
765,766,767,1,1,1
768,767,769,1,0,1
770,769,771,1,0,1
772,771,773,1,0,1
672,773,774,0,0,1
669,774,775,0,0,1
738,670,776,0,0,1
667,776,777,0,0,1
664,777,778,0,0,1
662,665,779,0,0,1
660,779,780,0,0,1
653,656,781,0,0,1
651,781,782,0,0,1
649,782,783,0,0,1
646,783,784,0,0,1
643,647,785,0,0,1
734,644,786,0,0,1
732,786,787,0,0,1
641,787,788,0,0,1
639,788,789,0,0,1
637,789,790,0,0,1
761,634,791,0,0,1
792,791,793,1,0,1
775,764,794,0,0,1
778,794,795,0,0,1
780,795,796,0,0,1
658,796,797,0,0,1
655,797,798,0,0,1
784,798,799,0,0,1
790,785,800,0,0,1
793,800,799,0,0,0
726,729,801,0,0,1,1269
722,724,802,0,0,1
600,720,803,0,0,1
596,803,804,0,0,1
597,804,805,0,0,1
594,805,806,0,0,1
592,806,807,0,0,1
588,590,808,0,0,1
584,586,809,0,0,1
728,809,810,0,0,1
802,801,811,0,0,1
807,811,812,0,0,1
808,812,810,0,0,0
624,574,813,0,0,1,9460
620,622,814,0,0,1
616,618,815,0,0,1
611,614,816,0,0,1
427,816,817,0,0,1
424,817,818,0,0,1
422,818,819,0,0,1
813,569,820,0,0,1
814,820,821,0,0,1
815,821,822,0,0,1
613,822,819,0,0,0
629,609,823,0,0,1,9460
824,823,825,1,0,1
826,825,827,1,0,1
828,829,830,1,1,1
831,832,833,1,1,1
834,835,836,1,1,1
837,836,838,1,0,1
839,840,841,1,1,1
842,841,843,1,0,1
844,843,845,1,0,1
846,845,847,1,0,1
848,849,850,1,1,1
851,852,853,1,1,1
854,853,855,1,0,1
434,855,856,0,0,1
431,856,857,0,0,1
429,857,858,0,0,1
827,858,859,0,0,1
830,859,860,0,0,1
833,861,862,0,1,1
847,838,863,0,0,1
864,863,865,1,0,1
866,865,867,1,0,1
860,850,868,0,0,1
869,868,870,1,0,1
862,870,867,0,0,0
715,604,871,0,0,1,1269
712,871,872,0,0,1
750,713,873,0,0,1
874,710,875,1,0,1
876,875,877,1,0,1
878,879,880,1,1,1
607,880,881,0,0,1
872,881,882,0,0,1
873,882,883,0,0,1
709,883,877,0,0,0
523,232,884,0,0,1,50176
278,884,885,0,0,1
279,885,886,0,0,1
275,886,887,0,0,1
276,887,888,0,0,1
272,888,889,0,0,1
273,889,890,0,0,1
270,890,891,0,0,1
267,891,892,0,0,1
268,892,893,0,0,1
265,893,894,0,0,1
262,894,895,0,0,1
263,895,896,0,0,1
259,896,897,0,0,1
257,260,898,0,0,1
254,898,899,0,0,1
252,255,900,0,0,1
250,900,901,0,0,1
248,901,902,0,0,1
246,902,903,0,0,1
244,903,904,0,0,1
240,242,905,0,0,1
238,905,906,0,0,1
234,236,907,0,0,1
897,907,908,0,0,1
899,908,909,0,0,1
904,909,906,0,0,0
876,879,910,0,0,1,9461
707,874,911,0,0,1
742,705,912,0,0,1
701,912,913,0,0,1
702,913,914,0,0,1
696,699,915,0,0,1
694,915,916,0,0,1
917,916,918,1,0,1
919,920,921,1,1,1
922,921,923,1,0,1
924,681,925,1,0,1
926,927,928,1,1,1
929,928,930,1,0,1
931,930,932,1,0,1
933,932,934,1,0,1
935,936,937,1,1,1
839,937,938,0,0,1
837,840,939,0,0,1
831,835,940,0,0,1
861,832,941,0,0,1
869,941,942,0,0,1
828,942,943,0,0,1
878,824,944,0,0,1
910,944,945,0,0,1
934,925,946,0,0,1
947,946,948,1,0,1
938,948,949,0,0,1
943,940,950,0,0,1
945,826,951,0,0,1
911,951,952,0,0,1
949,923,953,0,0,1
952,829,954,0,0,1
704,954,955,0,0,1
914,955,956,0,0,1
953,957,958,0,1,1
939,958,959,0,0,1
956,950,960,0,0,1
698,960,961,0,0,1
959,918,962,0,0,1
834,962,961,0,0,0
854,433,963,0,0,1,46320
848,852,964,0,0,1
864,965,966,0,1,1
846,966,967,0,0,1
844,967,968,0,0,1
935,842,969,0,0,1
970,969,971,1,0,1
933,972,973,0,1,1
931,973,974,0,0,1
975,976,977,1,1,1
978,979,980,1,1,1
981,982,983,1,1,1
984,983,985,1,0,1
986,985,987,1,0,1
988,989,990,1,1,1
991,992,993,1,1,1
994,993,995,1,0,1
996,997,998,1,1,1
999,998,1000,1,0,1
461,1001,1002,0,1,1
541,1002,1003,0,0,1
458,1003,1004,0,0,1
455,1004,1005,0,0,1
1006,1005,1007,1,0,1
1008,1007,1009,1,0,1
1010,1009,1011,1,0,1
1012,1013,1014,1,1,1
447,1014,1015,0,0,1
538,448,1016,0,0,1
444,1016,1017,0,0,1
441,445,1018,0,0,1
442,1018,1019,0,0,1
438,1019,1020,0,0,1
533,439,1021,0,0,1
436,1021,1022,0,0,1
963,1022,1023,0,0,1
851,1023,1024,0,0,1
964,1024,1025,0,0,1
1026,1025,1027,1,0,1
968,1027,1028,0,0,1
971,1028,1029,0,0,1
1030,1029,1031,1,0,1
974,1031,1032,0,0,1
929,1032,1033,0,0,1
1034,1033,1035,1,0,1
977,1036,1037,0,1,1
980,1038,1039,0,1,1
987,1039,1040,0,0,1
990,1040,1041,0,0,1
995,1041,1042,0,0,1
1000,1042,1043,0,0,1
1011,1044,1045,0,1,1
1015,1046,1047,0,1,1
1017,1047,1048,0,0,1
1020,1048,1049,0,0,1
1035,1049,1050,0,0,1
1037,1050,1051,0,0,1
1043,1051,1045,0,0,0
866,849,1052,0,0,1,1267
965,1052,1026,0,0,0
692,917,1053,0,0,1,9462
690,1053,1054,0,0,1
687,1054,1055,0,0,1
685,688,1056,0,0,1
922,683,1057,0,0,1
919,1057,1058,0,0,1
920,1058,1059,0,0,1
957,1059,1060,0,0,1
1055,1060,1056,0,0,0
947,936,1061,0,0,1,9460
972,1061,1062,0,0,1
1030,1062,970,0,0,0
679,924,1063,0,0,1,1269
1064,1063,1065,1,0,1
1066,1065,1067,1,0,1
1068,1067,1069,1,0,1
1070,1069,1071,1,0,1
1072,1071,1073,1,0,1
1074,1073,927,1,0,0
674,677,1075,0,0,1,9462
772,1075,1076,0,0,1
1077,1076,1078,1,0,1
1079,1078,1080,1,0,1
1081,1080,1082,1,0,1
1083,1084,1085,1,1,1
1086,1085,1087,1,0,1
1088,1087,1089,1,0,1
1064,1090,1091,0,1,1
676,1091,1092,0,0,1
1082,1092,1089,0,0,0
1088,1090,1093,0,0,1,9461
1086,1093,1094,0,0,1
1083,1094,1095,0,0,1
1096,1084,1097,1,0,1
1098,1097,1099,1,0,1
1100,1099,1101,1,0,1
1102,1101,1103,1,0,1
981,1103,1104,0,0,1
1105,1104,1106,1,0,1
1066,1107,1108,0,1,1
1106,1095,1109,0,0,1
1110,1109,1108,1,0,0
1111,756,1112,1,0,1,1272
762,766,1113,0,0,1
792,763,1114,0,0,1
760,1114,1115,0,0,1
1112,758,1116,0,0,1
1113,1116,1115,0,0,0
1074,926,1117,0,0,1,1268
1070,1072,1118,0,0,1
1038,1119,1120,0,1,1
975,1120,1121,0,0,1
1036,976,1122,0,0,1
1034,1122,1123,0,0,1
1117,1123,1124,0,0,1
1118,1124,1121,0,0,0
1068,1119,1125,0,0,1,9460
1107,1125,1126,0,0,1
1110,1126,1127,0,0,1
982,1105,1128,0,0,1
978,1128,1129,0,0,1
979,1129,1127,0,0,0
770,1077,1130,0,0,1,1270
1131,768,1132,1,0,1
1133,1132,1134,1,0,1
1135,1134,1136,1,0,1
1137,1138,1139,1,1,1
1140,1139,1141,1,0,1
1142,1143,1144,1,1,1
1145,1146,1147,1,1,1
1148,1147,1149,1,0,1
1150,1151,1152,1,1,1
1153,1154,1155,1,1,1
1156,1155,1157,1,0,1
1158,1159,1160,1,1,1
1161,1160,1162,1,0,1
1163,1164,1165,1,1,1
1166,1165,1167,1,0,1
1168,1169,1170,1,1,1
1171,1172,1173,1,1,1
1174,1173,1175,1,0,1
1176,1177,1178,1,1,1
1179,1178,1180,1,0,1
1181,1180,1182,1,0,1
1183,1184,1185,1,1,1
1186,1187,1188,1,1,1
1189,1190,1191,1,1,1
1192,1193,1194,1,1,1
1195,1194,1196,1,0,1
1197,1198,1199,1,1,1
1200,1201,1202,1,1,1
1203,1202,1204,1,0,1
1205,1206,1207,1,1,1
1208,1207,1209,1,0,1
1210,1211,1212,1,1,1
1213,1214,1215,1,1,1
1216,1217,1218,1,1,1
1219,1218,1220,1,0,1
1221,1222,1223,1,1,1
1224,1223,1225,1,0,1
1226,1227,1228,1,1,1
1229,1228,1230,1,0,1
1231,1230,1232,1,0,1
1233,1234,1235,1,1,1
1236,1235,1237,1,0,1
1238,1239,1240,1,1,1
1081,1241,1242,0,1,1
1130,1079,1243,0,0,1
1136,1243,1244,0,0,1
1149,1245,1246,0,1,1
1157,1247,1248,0,1,1
1162,1249,1250,0,1,1
1167,1251,1252,0,1,1
1170,1252,1253,0,0,1
1175,1253,1254,0,0,1
1185,1182,1255,0,0,1
1256,1255,1257,1,0,1
1188,1257,1258,0,0,1
1259,1258,1260,1,0,1
1196,1261,1262,0,1,1
1204,1199,1263,0,0,1
1209,1263,1264,0,0,1
1215,1265,1266,0,1,1
1220,1266,1267,0,0,1
1225,1267,1268,0,0,1
1240,1237,1269,0,0,1
1244,1242,1270,0,0,1
1141,1270,1271,0,0,1
1144,1271,1272,0,0,1
1246,1272,1273,0,0,1
1260,1254,1274,0,0,1
1191,1274,1275,0,0,1
1262,1275,1276,0,0,1
1277,1276,1278,1,0,1
1264,1278,1279,0,0,1
1268,1212,1280,0,0,1
1269,1281,1282,0,1,1
1273,1282,1283,0,0,1
1284,1283,1285,1,0,1
1286,1285,1287,1,0,1
1279,1250,1288,0,0,1
1280,1288,1289,0,0,1
1287,1232,1290,0,0,1
1152,1290,1291,0,0,1
1248,1291,1289,0,0,0
1102,984,1292,0,0,1,9460
1293,1292,1294,1,0,1
1295,1294,1296,1,0,1
989,1296,986,0,0,0
1295,988,1297,0,0,1,1268
1293,1297,1298,0,0,1
1299,1298,1300,1,0,1
1301,1300,1302,1,0,1
1303,1302,992,1,0,0
1238,1241,1304,0,0,1,1269
1301,1305,1306,0,1,1
1100,1299,1307,0,0,1
1096,1098,1308,0,0,1
1304,1308,1309,0,0,1
1306,1309,1307,0,0,0
1310,1303,1311,1,0,1,9460
1312,1311,1313,1,0,1
1314,1313,1315,1,0,1
1316,1315,1317,1,0,1
1318,1319,1320,1,1,1
1321,1320,1322,1,0,1
1323,1322,1324,1,0,1
1325,1324,1326,1,0,1
1327,1328,1329,1,1,1
1330,1331,1332,1,1,1
1333,1332,1334,1,0,1
1335,1336,1337,1,1,1
1338,1337,1339,1,0,1
1340,1339,1341,1,0,1
1342,1341,1343,1,0,1
1344,1343,1345,1,0,1
460,1345,1346,0,0,1
1001,1346,1347,0,0,1
1044,1347,1348,0,0,1
994,997,1349,0,0,1
991,1349,1350,0,0,1
1317,1350,1351,0,0,1
1326,1351,1352,0,0,1
1348,1353,1354,0,1,1
1352,996,1355,0,0,1
1329,1355,1356,0,0,1
1354,1334,1357,0,0,1
999,1357,1356,0,0,0
1358,1133,1359,1,0,1,1271
1360,1359,1361,1,0,1
1362,1363,1364,1,1,1
1365,1366,1367,1,1,1
1368,1367,1369,1,0,1
1370,1371,1372,1,1,1
1373,1374,1375,1,1,1
1174,1177,1376,0,0,1
1171,1376,1377,0,0,1
1168,1172,1378,0,0,1
1166,1169,1379,0,0,1
1163,1379,1380,0,0,1
1251,1164,1381,0,0,1
1161,1381,1382,0,0,1
1158,1382,1383,0,0,1
1249,1159,1384,0,0,1
1156,1384,1385,0,0,1
1153,1385,1386,0,0,1
1247,1154,1387,0,0,1
1150,1387,1388,0,0,1
1286,1151,1389,0,0,1
1284,1389,1390,0,0,1
1148,1390,1391,0,0,1
1145,1391,1392,0,0,1
1245,1146,1393,0,0,1
1142,1393,1394,0,0,1
1140,1143,1395,0,0,1
1137,1395,1396,0,0,1
1361,1135,1397,0,0,1
1364,1397,1398,0,0,1
1369,1398,1399,0,0,1
1375,1372,1400,0,0,1
1377,1400,1401,0,0,1
1378,1401,1402,0,0,1
1380,1402,1403,0,0,1
1383,1403,1404,0,0,1
1386,1404,1405,0,0,1
1388,1405,1406,0,0,1
1392,1406,1407,0,0,1
1396,1394,1408,0,0,1
1399,1138,1409,0,0,1
1407,1410,1411,0,1,1
1408,1411,1409,0,0,0
1305,1310,1412,0,0,1,9461
1239,1412,1413,0,0,1
1414,1233,1415,1,0,1
1416,1417,1418,1,1,1
1419,1418,1420,1,0,1
1318,1420,1421,0,0,1
1319,1421,1422,0,0,1
1316,1422,1423,0,0,1
1314,1423,1424,0,0,1
1413,1312,1425,0,0,1
1236,1425,1426,0,0,1
1415,1426,1424,0,0,0
1046,1013,1427,0,0,1,1267
1006,1008,1428,0,0,1
452,456,1429,0,0,1
1430,1429,1431,1,0,1
1432,1433,1434,1,1,1
1435,1436,1437,1,1,1
1427,1437,1438,0,0,1
1010,1438,1439,0,0,1
1431,1428,1440,0,0,1
1434,1440,1439,0,0,0
1435,1012,1441,0,0,1,1268
1432,1436,1442,0,0,1
1430,1433,1443,0,0,1
453,1443,1444,0,0,1
1441,450,1445,0,0,1
1442,1445,1444,0,0,0
1234,1414,1446,0,0,1,1269
1231,1281,1447,0,0,1
1226,1229,1448,0,0,1
1321,1449,1450,0,1,1
1419,1450,1451,0,0,1
1416,1451,1452,0,0,1
1446,1417,1453,0,0,1
1447,1453,1454,0,0,1
1448,1454,1452,0,0,0
1449,1323,1455,0,0,1,9461
1224,1227,1456,0,0,1
1219,1222,1457,0,0,1
1213,1217,1458,0,0,1
1459,1458,1460,1,0,1
1461,1462,1463,1,1,1
1464,1465,1466,1,1,1
1467,1466,1468,1,0,1
1469,1470,1471,1,1,1
1200,1472,1473,0,1,1
1474,1473,1475,1,0,1
1476,1477,1478,1,1,1
1192,1479,1480,0,1,1
1261,1193,1481,0,0,1
1189,1481,1482,0,0,1
1483,1484,1485,1,1,1
1486,1487,1488,1,1,1
1489,1490,1491,1,1,1
1492,1493,1494,1,1,1
1495,1496,1497,1,1,1
1498,1497,1499,1,0,1
1500,1501,1502,1,1,1
1503,1502,1504,1,0,1
1505,1506,1507,1,1,1
1508,1507,1509,1,0,1
1510,1511,1512,1,1,1
480,1513,1514,0,1,1
1515,1514,1516,1,0,1
1517,1516,1518,1,0,1
1519,1520,1521,1,1,1
1522,1523,1524,1,1,1
476,1525,1526,0,1,1
474,1526,1527,0,0,1
1528,1527,1529,1,0,1
1530,1531,1532,1,1,1
1533,1532,1534,1,0,1
1535,1536,1537,1,1,1
1335,1538,1539,0,1,1
1353,1336,1540,0,0,1
1333,1540,1541,0,0,1
1330,1541,1542,0,0,1
1327,1331,1543,0,0,1
1325,1328,1544,0,0,1
1455,1544,1545,0,0,1
1456,1545,1546,0,0,1
1221,1546,1547,0,0,1
1460,1216,1548,0,0,1
1463,1548,1549,0,0,1
1468,1549,1550,0,0,1
1475,1471,1551,0,0,1
1478,1551,1552,0,0,1
1499,1494,1553,0,0,1
1554,1553,1555,1,0,1
1504,1555,1556,0,0,1
1512,1557,1558,0,1,1
1529,1524,1559,0,0,1
1534,1559,1560,0,0,1
1537,1560,1561,0,0,1
1539,1561,1562,0,0,1
1543,1542,1563,0,0,1
1547,1563,1564,0,0,1
1457,1564,1565,0,0,1
1550,1565,1566,0,0,1
1552,1566,1567,0,0,1
1556,1568,1569,0,1,1
1567,1562,1570,0,0,1
1480,1570,1571,0,0,1
1569,1491,1572,0,0,1
1509,1572,1573,0,0,1
1571,1521,1574,0,0,1
1573,1488,1575,0,0,1
491,1575,1576,0,0,1
1577,1576,1578,1,0,1
1574,1518,1579,0,0,1
1482,1579,1580,0,0,1
1578,1485,1581,0,0,1
1558,1581,1580,0,0,0
1582,1360,1583,1,0,1,1272
1374,1583,1584,0,0,1
1370,1584,1585,0,0,1
1371,1585,1586,0,0,1
1410,1586,1587,0,0,1
1368,1587,1588,0,0,1
1365,1588,1589,0,0,1
1362,1366,1590,0,0,1
1363,1590,1589,0,0,0
1342,1344,1591,0,0,1,46320
1592,1340,1593,1,0,1
1594,1595,1596,1,1,1
1597,1596,1598,1,0,1
1599,1600,1601,1,1,1
545,1601,1602,0,0,1
468,1602,1603,0,0,1
465,469,1604,0,0,1
463,466,1605,0,0,1
1591,1605,1606,0,0,1
1593,1606,1607,0,0,1
1598,1607,1608,0,0,1
1603,1608,1604,0,0,0
1538,1338,1609,0,0,1,9460
1535,1609,1610,0,0,1
1536,1610,1611,0,0,1
1533,1611,1612,0,0,1
1530,1612,1613,0,0,1
1528,1531,1614,0,0,1
471,1614,1615,0,0,1
472,1615,1616,0,0,1
1599,1616,1617,0,0,1
1597,1600,1618,0,0,1
1592,1595,1619,0,0,1
1613,1619,1620,0,0,1
1618,1617,1621,0,0,1
1594,1621,1620,0,0,0
1265,1214,1622,0,0,1,9462
1210,1622,1623,0,0,1
1208,1211,1624,0,0,1
1203,1206,1625,0,0,1
1472,1625,1626,0,0,1
1469,1626,1627,0,0,1
1470,1627,1628,0,0,1
1467,1628,1629,0,0,1
1461,1465,1630,0,0,1
1459,1462,1631,0,0,1
1623,1631,1632,0,0,1
1629,1205,1633,0,0,1
1464,1633,1634,0,0,1
1632,1630,1635,0,0,1
1624,1635,1634,0,0,0
221,151,1636,0,0,1,28752
147,1636,1637,0,0,1
144,148,1638,0,0,1
142,145,1639,0,0,1
139,1639,1640,0,0,1
218,140,1641,0,0,1
136,1641,1642,0,0,1
133,137,1643,0,0,1
130,134,1644,0,0,1
127,131,1645,0,0,1
212,128,1646,0,0,1
124,1646,1647,0,0,1
122,125,1648,0,0,1
1649,1648,1650,1,0,1
1651,1650,1652,1,0,1
1637,1652,1653,0,0,1
1638,1653,1654,0,0,1
1642,1640,1655,0,0,1
1643,1655,1656,0,0,1
1644,1656,1657,0,0,1
1645,1657,1658,0,0,1
1647,1658,1654,0,0,0
1197,1201,1659,0,0,1,9462
1277,1198,1660,0,0,1
1479,1195,1661,0,0,1
1476,1661,1662,0,0,1
1474,1477,1663,0,0,1
1659,1663,1664,0,0,1
1660,1664,1662,0,0,0
519,521,1665,0,0,1,29936
515,517,1666,0,0,1
513,1666,1667,0,0,1
511,1667,1668,0,0,1
283,1668,1665,0,0,0
1522,1525,1669,0,0,1,9460
1519,1523,1670,0,0,1
1517,1520,1671,0,0,1
1515,1671,1672,0,0,1
481,1672,1673,0,0,1
478,1673,1674,0,0,1
1669,1674,1670,0,0,0
1510,1513,1675,0,0,1,9460
1557,1511,1676,0,0,1
1577,1676,1677,0,0,1
488,1677,1678,0,0,1
489,1678,1679,0,0,1
485,549,1680,0,0,1
486,1680,1681,0,0,1
483,1681,1682,0,0,1
1675,1682,1679,0,0,0
332,63,1683,0,0,1,30976
329,1683,1684,0,0,1
326,330,1685,0,0,1
324,327,1686,0,0,1
321,1686,1687,0,0,1
318,322,1688,0,0,1
377,319,1689,0,0,1
315,1689,1690,0,0,1
313,316,1691,0,0,1
311,1691,1692,0,0,1
307,309,1693,0,0,1
305,1693,1694,0,0,1
1695,1694,1696,1,0,1
117,1696,1697,0,0,1
114,118,1698,0,0,1
208,115,1699,0,0,1
111,1699,1700,0,0,1
108,112,1701,0,0,1
105,109,1702,0,0,1
204,106,1703,0,0,1
102,1703,1704,0,0,1
103,1704,1705,0,0,1
99,1705,1706,0,0,1
201,100,1707,0,0,1
97,1707,1708,0,0,1
95,1708,1709,0,0,1
93,1709,1710,0,0,1
87,91,1711,0,0,1
88,1711,1712,0,0,1
84,1712,1713,0,0,1
197,85,1714,0,0,1
81,1714,1715,0,0,1
78,82,1716,0,0,1
75,79,1717,0,0,1
73,76,1718,0,0,1
68,71,1719,0,0,1
66,1719,1720,0,0,1
1684,1720,1721,0,0,1
1685,1721,1722,0,0,1
1687,1722,1723,0,0,1
1688,1723,1724,0,0,1
1690,1724,1725,0,0,1
1692,1725,1726,0,0,1
1698,1697,1727,0,0,1
1700,1727,1728,0,0,1
1701,1728,1729,0,0,1
1702,1729,1730,0,0,1
1706,1730,1731,0,0,1
1710,1731,1732,0,0,1
90,1732,1733,0,0,1
1713,1733,1734,0,0,1
1715,1734,1735,0,0,1
1716,1735,1736,0,0,1
1717,1736,1737,0,0,1
1718,1737,1738,0,0,1
70,1738,1726,0,0,0
1259,1190,1739,0,0,1,1269
1186,1739,1740,0,0,1
1187,1740,1741,0,0,1
1256,1741,1742,0,0,1
1183,1742,1743,0,0,1
1179,1181,1744,0,0,1
1745,1744,1746,1,0,1
1747,1746,1748,1,0,1
1749,1748,1750,1,0,1
1751,1752,1753,1,1,1
1754,1755,1756,1,1,1
1757,1756,1758,1,0,1
1759,1758,1760,1,0,1
1761,1760,1762,1,0,1
1763,1764,1765,1,1,1
1766,1765,1767,1,0,1
1768,1767,1769,1,0,1
1770,1769,1771,1,0,1
1772,1771,1773,1,0,1
1774,1773,1775,1,0,1
1776,1775,1777,1,0,1
1496,1778,1779,0,1,1
1568,1493,1780,0,0,1
1489,1780,1781,0,0,1
1490,1781,1782,0,0,1
1486,1782,1783,0,0,1
1483,1487,1784,0,0,1
1484,1784,1785,0,0,1
1743,1785,1786,0,0,1
1184,1786,1787,0,0,1
1750,1787,1788,0,0,1
1762,1753,1789,0,0,1
1790,1789,1791,1,0,1
1777,1791,1792,0,0,1
1793,1792,1794,1,0,1
1779,1794,1795,0,0,1
1783,1492,1796,0,0,1
1788,1796,1795,0,0,0
1797,1505,1798,1,0,1,9460
1799,1798,1800,1,0,1
1801,1800,1802,1,0,1
1803,1802,1804,1,0,1
496,1804,1805,0,0,1
493,1805,1508,0,0,0
1801,1803,1806,0,0,1,46320
1799,1806,1807,0,0,1
1506,1797,1808,0,0,1
1503,1808,1809,0,0,1
1500,1809,1810,0,0,1
1811,1810,1812,1,0,1
1813,1812,1814,1,0,1
1815,1814,1816,1,0,1
1817,1818,1819,1,1,1
1820,1819,1821,1,0,1
1822,1823,1824,1,1,1
1825,1826,1827,1,1,1
506,1827,1828,0,0,1
503,1828,1829,0,0,1
500,1829,1830,0,0,1
498,501,1831,0,0,1
1807,495,1832,0,0,1
1816,1832,1833,0,0,1
1821,1833,1834,0,0,1
1824,1834,1835,0,0,1
1836,1835,1837,1,0,1
1830,1838,1839,0,1,1
1831,1839,1837,0,0,0
508,287,1840,0,0,1,50176
300,1841,1842,0,1,1
301,1842,1843,0,0,1
297,1843,1844,0,0,1
298,1844,1845,0,0,1
295,1845,1846,0,0,1
293,1846,1847,0,0,1
291,1847,1848,0,0,1
289,1848,1840,0,0,0
1554,1501,1849,0,0,1,9460
1498,1849,1850,0,0,1
1851,1852,1853,1,1,1
1854,1853,1855,1,0,1
1856,1855,1857,1,0,1
1811,1858,1859,0,1,1
1850,1859,1857,0,0,0
1858,1813,1860,0,0,1,1267
1856,1860,1861,0,0,1
1862,1861,1863,1,0,1
1864,1863,1865,1,0,1
1866,1865,1867,1,0,1
1868,1867,1869,1,0,1
1870,1871,1872,1,1,1
1823,1872,1873,0,0,1
1820,1873,1874,0,0,1
1817,1874,1875,0,0,1
1815,1818,1876,0,0,1
1869,1876,1875,0,0,0
1851,1854,1877,0,0,1,1268
1495,1852,1878,0,0,1
1778,1878,1879,0,0,1
1793,1879,1880,0,0,1
1776,1880,1881,0,0,1
1882,1774,1883,1,0,1
1871,1883,1884,0,0,1
1868,1884,1885,0,0,1
1864,1866,1886,0,0,1
1877,1862,1887,0,0,1
1885,1881,1888,0,0,1
1886,1888,1887,0,0,0
1882,1870,1889,0,0,1,1268
1772,1889,1890,0,0,1
1770,1890,1891,0,0,1
1892,1891,1893,1,0,1
1836,1894,1895,0,1,1
1822,1895,1893,0,0,0
1768,1892,1896,0,0,1,9460
1766,1896,1897,0,0,1
1898,1897,1899,1,0,1
1900,1901,1902,1,1,1
1903,1904,1905,1,1,1
1826,1905,1906,0,0,1
1838,1906,1907,0,0,1
1899,1894,1908,0,0,1
1902,1908,1907,0,0,0
1763,1898,1909,0,0,1,9461
1910,1909,1911,1,0,1
1912,1911,1913,1,0,1
1904,1914,1915,0,1,1
1900,1915,1916,0,0,1
1901,1916,1913,0,0,0
1790,1764,1917,0,0,1,1270
1761,1917,1918,0,0,1
1919,1759,1920,1,0,1
1921,1920,1922,1,0,1
1923,1922,1924,1,0,1
1925,1926,1927,1,1,1
1912,1927,1928,0,0,1
1910,1928,1929,0,0,1
1918,1929,1924,0,0,0
1930,1747,1931,1,0,1,1270
1755,1931,1932,0,0,1
1751,1932,1933,0,0,1
1752,1933,1749,0,0,0
1921,1923,1934,0,0,1,1271
1935,1934,1926,1,0,0