0,1,0,536
1,2,0,-1
2,0,0,1
3,0,1,1676
2,3,1,2
4,3,2,1675
2,4,2,3
5,4,3,1674
2,5,3,83
6,7,4,1673
7,5,4,1674
5,6,4,84
8,9,5,1672
9,6,5,1673
6,8,5,85
10,11,6,1731
11,12,6,1669
12,10,6,7
13,10,7,1936
12,13,7,88
14,15,8,1727
15,13,8,1935
13,14,8,89
16,17,9,1725
17,14,9,1726
14,16,9,90
18,19,10,1724
19,16,10,1725
16,18,10,11
20,18,11,1723
16,20,11,12
21,20,12,1722
16,21,12,91
22,23,13,1719
23,24,13,1720
24,22,13,14
25,22,14,2279
24,25,14,93
26,27,15,1715
27,28,15,2284
28,26,15,16
29,26,16,2307
28,29,16,17
30,29,17,2306
28,30,17,18
31,30,18,2306
28,31,18,19
32,31,19,1713
28,32,19,20
33,32,20,2438
28,33,20,127
34,35,21,2437
35,33,21,2438
33,34,21,95
36,37,22,1712
37,34,22,2437
34,36,22,23
38,36,23,2514
34,38,23,95
39,40,24,2517
40,38,24,2518
38,39,24,96
41,42,25,1711
42,43,25,2515
43,41,25,26
44,41,26,2541
43,44,26,98
45,46,27,2547
46,44,27,2548
44,45,27,99
47,48,28,2545
48,45,28,2546
45,47,28,100
49,50,29,2585
50,47,29,2544
47,49,29,30
51,49,30,2595
47,51,30,101
52,53,31,2600
53,51,31,2595
51,52,31,32
54,52,32,2594
51,54,32,102
55,56,33,2592
56,57,33,2593
57,55,33,104
58,59,34,2648
59,55,34,2591
55,58,34,35
60,58,35,2647
55,60,35,36
61,60,36,2673
55,61,36,37
62,61,37,2678
55,62,37,105
63,64,38,2681
64,62,38,2678
62,63,38,39
65,63,39,2680
62,65,39,40
66,65,40,2677
62,66,40,41
67,66,41,2732
62,67,41,42
68,67,42,456
62,68,42,43
69,68,43,456
62,69,43,44
70,69,44,455
62,70,44,45
71,70,45,2671
62,71,45,46
72,71,46,2670
62,72,46,105
73,74,47,453
74,75,47,2669
75,73,47,107
76,77,48,452
77,73,48,453
73,76,48,49
78,76,49,2605
73,78,49,50
79,78,50,2604
73,79,50,108
80,81,51,450
81,82,51,2603
82,80,51,52
83,80,52,449
82,83,52,109
84,85,53,2522
85,83,53,448
83,84,53,110
86,87,54,2521
87,84,54,2522
84,86,54,55
88,86,55,2520
84,88,55,111
89,90,56,2506
90,88,56,2519
88,89,56,112
91,92,57,2407
92,89,57,2505
89,91,57,112
93,94,58,2405
94,91,58,2406
91,93,58,131
95,96,59,2324
96,97,59,2413
97,95,59,60
98,95,60,2323
97,98,60,61
99,98,61,442
97,99,61,113
100,101,62,440
101,99,62,441
99,100,62,63
102,100,63,2271
99,102,63,114
103,104,64,2269
104,105,64,2270
105,103,64,141
106,107,65,2255
107,103,65,2268
103,106,65,66
108,106,66,2254
103,108,66,116
109,110,67,2235
110,108,67,2253
108,109,67,116
111,112,68,2213
112,113,68,2222
113,111,68,117
114,115,69,2204
115,111,69,2212
111,114,69,70
116,114,70,2169
111,116,70,117
117,118,71,2147
118,119,71,2168
119,117,71,72
120,117,72,428
119,120,72,119
121,122,73,426
122,123,73,427
123,121,73,121
124,125,74,425
125,121,74,426
121,124,74,75
126,124,75,1986
121,126,75,121
127,128,76,1985
128,126,76,1986
126,127,76,77
129,127,77,1984
126,129,77,122
130,131,78,424
131,132,78,1988
132,130,78,79
133,130,79,423
132,133,79,80
134,133,80,422
132,134,80,81
135,134,81,421
132,135,81,125
136,137,82,419
137,135,82,420
135,136,82,137
2,136,83,418
136,5,83,84
136,6,84,85
136,8,85,86
138,8,86,1671
136,138,86,87
12,138,87,1670
136,12,87,88
136,13,88,89
136,14,89,90
136,16,90,91
136,21,91,92
139,21,92,1721
136,139,92,126
24,139,93,1720
139,25,93,94
28,25,94,2285
139,28,94,126
33,38,95,96
33,39,96,97
43,39,97,2516
33,43,97,98
33,44,98,99
33,45,99,100
33,47,100,101
33,51,101,102
33,54,102,103
57,54,103,2594
33,57,103,104
33,55,104,128
55,72,105,106
75,72,106,2669
55,75,106,107
55,73,107,108
55,79,108,128
82,79,109,2603
79,83,109,110
79,84,110,111
79,88,111,129
88,91,112,130
97,140,113,2414
140,99,113,114
140,102,114,115
105,102,115,2270
140,105,115,133
103,109,116,142
113,116,117,118
119,116,118,2168
113,119,118,119
113,120,119,120
123,120,120,427
113,123,120,134
123,126,121,122
123,129,122,123
141,129,123,1984
123,141,123,124
142,141,124,1983
123,142,124,135
132,143,125,1982
143,135,125,136
136,28,126,127
136,33,127,138
33,79,128,129
33,88,129,130
33,91,130,131
33,93,131,132
144,93,132,2404
33,144,132,139
140,144,133,2404
144,105,133,140
113,109,134,2234
109,123,134,135
109,142,135,142
143,142,136,1982
142,135,136,137
142,136,137,138
142,33,138,139
142,144,139,140
142,105,140,141
142,103,141,142
145,146,143,916
146,147,143,-1
147,145,143,144
148,145,144,916
147,148,144,145
149,148,145,915
147,149,145,146
150,149,146,915
147,150,146,147
151,150,147,968
147,151,147,148
152,151,148,914
147,152,148,149
153,152,149,913
147,153,149,231
154,155,150,912
155,153,150,913
153,154,150,232
156,157,151,911
157,154,151,912
154,156,151,233
158,159,152,910
159,156,152,911
156,158,152,234
160,161,153,909
161,158,153,910
158,160,153,154
162,160,154,908
158,162,154,234
163,164,155,905
164,165,155,906
165,163,155,236
166,167,156,904
167,163,156,905
163,166,156,237
168,169,157,903
169,166,157,904
166,168,157,158
170,168,158,902
166,170,158,159
171,170,159,901
166,171,159,160
172,171,160,900
166,172,160,161
173,172,161,899
166,173,161,162
174,173,162,898
166,174,162,238
175,176,163,895
176,177,163,896
177,175,163,273
178,179,164,892
179,180,164,893
180,178,164,165
181,178,165,891
180,181,165,281
182,183,166,889
183,184,166,890
184,182,166,167
185,182,167,888
184,185,167,239
186,187,168,887
187,185,168,888
185,186,168,239
188,189,169,885
189,186,169,886
186,188,169,240
190,191,170,960
191,192,170,884
192,190,170,171
193,190,171,883
192,193,171,172
194,193,172,882
192,194,172,173
195,194,173,881
192,195,173,241
196,197,174,880
197,195,174,881
195,196,174,242
198,199,175,878
199,196,175,879
196,198,175,277
200,201,176,877
201,198,176,878
198,200,176,177
202,200,177,877
198,202,177,178
203,202,178,957
198,203,178,179
204,203,179,876
198,204,179,243
205,206,180,875
206,204,180,876
204,205,180,243
207,208,181,874
208,205,181,875
205,207,181,182
209,207,182,873
205,209,182,183
210,209,183,-1
205,210,183,184
211,210,184,669
205,211,184,185
212,211,185,669
205,212,185,186
213,212,186,668
205,213,186,244
214,215,187,667
215,213,187,668
213,214,187,245
216,217,188,666
217,214,188,667
214,216,188,189
218,216,189,665
214,218,189,190
219,218,190,664
214,219,190,246
220,221,191,662
221,219,191,663
219,220,191,247
222,223,192,661
223,220,192,662
220,222,192,193
224,222,193,660
220,224,193,194
225,224,194,659
220,225,194,248
226,227,195,732
227,228,195,658
228,226,195,196
229,226,196,657
228,229,196,197
230,229,197,657
228,230,197,198
231,230,198,2625
228,231,198,249
232,233,199,654
233,234,199,2624
234,232,199,251
235,236,200,729
236,237,200,653
237,235,200,201
238,235,201,759
237,238,201,202
239,238,202,652
237,239,202,203
240,239,203,652
237,240,203,204
241,240,204,651
237,241,204,252
242,243,205,650
243,241,205,651
241,242,205,253
244,245,206,649
245,242,206,650
242,244,206,254
246,247,207,647
247,248,207,648
248,246,207,256
249,250,208,725
250,246,208,647
246,249,208,209
251,249,209,646
246,251,209,210
252,251,210,645
246,252,210,211
253,252,211,644
246,253,211,257
254,255,212,724
255,253,212,644
253,254,212,213
256,254,213,643
253,256,213,258
257,258,214,642
258,256,214,643
256,257,214,259
259,260,215,641
260,257,215,642
257,259,215,260
261,262,216,721
262,263,216,640
263,261,216,217
264,261,217,639
263,264,217,262
265,266,218,638
266,264,218,639
264,265,218,219
267,265,219,637
264,267,219,220
268,267,220,636
264,268,220,221
269,268,221,635
264,269,221,263
270,271,222,633
271,269,222,634
269,270,222,264
272,273,223,1927
273,270,223,633
270,272,223,224
274,272,224,1927
270,274,224,265
275,276,225,1925
276,274,225,1926
274,275,225,266
277,278,226,630
278,279,226,1923
279,277,226,227
280,277,227,629
279,280,227,228
281,280,228,628
279,281,228,268
282,283,229,627
283,281,229,628
281,282,229,230
284,282,230,1872
281,284,230,268
147,284,231,770
284,153,231,232
284,154,232,233
284,156,233,269
156,162,234,235
285,162,235,907
156,285,235,270
165,285,236,906
285,163,236,237
285,166,237,238
285,174,238,271
184,186,239,240
184,188,240,275
192,188,241,884
188,195,241,242
188,196,242,276
198,205,243,244
198,213,244,245
198,214,245,246
198,219,246,247
198,220,247,248
198,225,248,278
228,225,249,658
225,231,249,250
234,231,250,2624
225,234,250,251
225,232,251,279
237,232,252,653
232,241,252,253
232,242,253,254
232,244,254,255
248,244,255,648
232,248,255,256
232,246,256,257
232,253,257,258
232,256,258,259
232,257,259,260
232,259,260,261
263,259,261,640
232,263,261,262
232,264,262,263
232,269,263,264
232,270,264,265
232,274,265,266
232,275,266,267
279,275,267,1924
232,279,267,280
279,284,268,269
279,156,269,270
279,285,270,271
279,174,271,272
177,174,272,897
279,177,272,273
279,175,273,274
180,175,274,894
279,180,274,280
184,181,275,890
181,188,275,276
181,196,276,277
181,198,277,278
181,225,278,279
181,232,279,281
232,180,280,281
286,287,282,1566
287,288,282,-1
288,286,282,328
289,290,283,1565
290,286,283,1566
286,289,283,329
291,292,284,1564
292,289,284,1565
289,291,284,330
293,294,285,1563
294,291,285,1564
291,293,285,331
295,296,286,1562
296,293,286,1563
293,295,286,332
297,298,287,1608
298,295,287,1562
295,297,287,288
299,297,288,1561
295,299,288,333
300,301,289,1560
301,299,289,1561
299,300,289,290
302,300,290,1560
299,302,290,291
303,302,291,1606
299,303,291,292
304,303,292,1559
299,304,292,293
305,304,293,1559
299,305,293,294
306,305,294,1558
299,306,294,295
307,306,295,1558
299,307,295,296
308,307,296,1557
299,308,296,334
309,310,297,2155
310,308,297,2156
308,309,297,334
311,312,298,2153
312,313,298,2154
313,311,298,336
314,315,299,2152
315,311,299,2153
311,314,299,337
316,317,300,2161
317,314,300,2152
314,316,300,301
318,316,301,2151
314,318,301,338
319,320,302,2166
320,321,302,2160
321,319,302,303
322,319,303,362
321,322,303,304
323,322,304,361
321,323,304,339
324,325,305,359
325,326,305,360
326,324,305,306
327,324,306,1959
326,327,306,307
328,327,307,1958
326,328,307,340
329,330,308,1957
330,328,308,1958
328,329,308,348
331,332,309,1955
332,329,309,1956
329,331,309,349
333,334,310,1953
334,335,310,1954
335,333,310,341
336,337,311,1893
337,333,311,1952
333,336,311,312
338,336,312,1893
333,338,312,341
339,340,313,2031
340,338,313,1892
338,339,313,314
341,339,314,2039
338,341,314,342
342,343,315,2038
343,341,315,2039
341,342,315,343
344,345,316,2037
345,342,316,2038
342,344,316,352
346,347,317,2035
347,348,317,2036
348,346,317,318
349,346,318,2034
348,349,318,319
350,349,319,2033
348,350,319,354
351,352,320,1938
352,353,320,1939
353,351,320,344
354,355,321,1937
355,351,321,1938
351,354,321,322
356,354,322,1488
351,356,322,323
357,356,323,1907
351,357,323,344
358,359,324,1905
359,360,324,1906
360,358,324,325
361,358,325,1486
360,361,325,326
362,361,326,1485
360,362,326,327
288,362,327,1484
360,288,327,328
360,286,328,329
360,289,329,330
360,291,330,331
360,293,331,332
360,295,332,333
360,299,333,345
299,309,334,335
313,309,335,2154
299,313,335,336
299,311,336,337
299,314,337,338
299,318,338,346
321,318,339,2151
318,323,339,346
326,323,340,360
323,328,340,347
335,338,341,342
335,341,342,343
335,342,343,351
353,357,344,356
360,357,345,1907
357,299,345,356
299,323,346,347
299,328,347,348
299,329,348,349
299,331,349,350
335,331,350,1954
299,335,350,351
299,342,351,352
299,344,352,353
348,344,353,2036
299,348,353,354
299,350,354,355
353,350,355,1939
299,353,355,356
363,364,357,1962
364,365,357,1963
365,363,357,358
366,363,358,1961
365,366,358,370
324,366,359,1960
366,325,359,371
325,323,360,361
325,322,361,372
367,319,362,2176
322,367,362,373
368,369,363,2007
369,367,363,2187
367,368,363,364
370,368,364,2006
367,370,364,365
371,370,365,2143
367,371,365,366
372,371,366,2073
367,372,366,373
373,374,367,2072
374,372,367,2073
372,373,367,368
375,373,368,2002
372,375,368,369
365,375,369,2001
372,365,369,370
372,366,370,371
372,325,371,372
372,322,372,373
376,377,374,491
377,378,374,-1
378,376,374,375
379,376,375,490
378,379,375,376
380,379,376,490
378,380,376,377
381,380,377,489
378,381,377,378
382,381,378,488
378,382,378,379
383,382,379,488
378,383,379,380
384,383,380,487
378,384,380,381
385,384,381,487
378,385,381,382
386,385,382,486
378,386,382,383
387,386,383,486
378,387,383,384
388,387,384,485
378,388,384,385
389,388,385,485
378,389,385,386
390,389,386,484
378,390,386,387
391,390,387,484
378,391,387,388
392,391,388,483
378,392,388,389
393,392,389,482
378,393,389,390
394,393,390,481
378,394,390,391
395,394,391,480
378,395,391,392
396,395,392,479
378,396,392,393
397,396,393,478
378,397,393,394
398,397,394,477
378,398,394,395
399,398,395,476
378,399,395,409
400,401,396,475
401,399,396,476
399,400,396,409
402,403,397,473
403,400,397,474
400,402,397,410
404,405,398,472
405,402,398,473
402,404,398,411
406,407,399,526
407,404,399,472
404,406,399,400
408,406,400,471
404,408,400,401
409,408,401,470
404,409,401,411
410,411,402,469
411,409,402,470
409,410,402,412
412,413,403,468
413,410,403,469
410,412,403,413
414,415,404,467
415,412,404,468
412,414,404,414
416,417,405,466
417,414,405,467
414,416,405,415
418,419,406,465
419,416,406,466
416,418,406,416
420,421,407,-1
421,418,407,464
418,420,407,408
378,420,408,-1
418,378,408,416
378,400,409,410
378,402,410,417
402,409,411,412
402,410,412,413
402,412,413,414
402,414,414,415
402,416,415,417
416,378,416,417
2,377,418,-1
377,136,418,419
377,137,419,420
377,135,420,421
377,134,421,422
377,133,422,423
377,130,423,491
124,131,424,1987
130,124,424,425
130,125,425,492
125,122,426,493
122,120,427,428
122,117,428,429
422,117,429,2147
122,422,429,430
423,422,430,2150
122,423,430,431
424,423,431,2192
122,424,431,494
425,426,432,2207
426,427,432,2195
427,425,432,496
428,429,433,2221
429,425,433,2206
425,428,433,496
430,431,434,2244
431,432,434,2219
432,430,434,435
433,430,435,2243
432,433,435,436
434,433,436,2260
432,434,436,437
435,434,437,2265
432,435,437,438
436,435,438,2272
432,436,438,497
437,438,439,2278
438,436,439,2272
436,437,439,498
100,437,440,2271
437,101,440,441
437,99,441,442
437,98,442,443
439,98,443,2323
437,439,443,498
440,441,444,2429
441,442,444,2430
442,440,444,500
443,444,445,2512
444,440,445,2513
440,443,445,500
445,446,446,2536
446,447,446,2537
447,445,446,447
448,445,447,2524
447,448,447,501
85,448,448,2523
448,83,448,449
448,80,449,501
449,81,450,2609
80,449,450,451
450,449,451,2608
80,450,451,502
76,451,452,2605
451,77,452,504
77,74,453,454
452,74,454,2672
77,452,454,505
70,452,455,2672
452,69,455,506
69,67,456,457
453,67,457,2735
69,453,457,458
454,453,458,2757
69,454,458,506
455,456,459,2761
456,454,459,2762
454,455,459,460
457,455,460,2816
454,457,460,523
458,459,461,2797
459,457,461,2815
457,458,461,507
460,461,462,2796
461,458,462,2797
458,460,462,463
421,460,463,-1
458,421,463,464
458,418,464,465
458,419,465,507
419,417,466,508
417,415,467,509
415,413,468,524
413,411,469,510
411,408,470,471
411,406,471,510
407,405,472,511
405,403,473,474
405,400,474,475
405,401,475,511
401,398,476,477
401,397,477,478
401,396,478,479
401,395,479,480
401,394,480,481
401,393,481,482
401,392,482,483
401,391,483,512
391,389,484,513
389,387,485,528
387,385,486,514
385,383,487,514
383,381,488,489
383,380,489,515
380,376,490,516
376,130,491,492
376,125,492,493
376,122,493,494
376,424,494,495
427,424,495,2195
376,427,495,516
427,428,496,517
432,428,497,2220
428,436,497,517
436,439,498,499
462,439,499,2328
436,462,499,518
442,443,500,520
447,80,501,502
447,450,502,503
463,450,503,2607
447,463,503,521
451,463,504,2606
463,77,504,505
463,452,505,522
452,454,506,522
457,419,507,508
457,417,508,509
457,415,509,523
413,406,510,525
407,401,511,512
407,391,512,513
407,389,513,527
387,383,514,515
387,380,515,529
380,427,516,530
427,436,517,518
427,462,518,519
442,462,519,2431
427,442,519,520
427,443,520,531
447,443,521,2537
443,463,521,532
463,454,522,532
454,415,523,524
454,413,524,525
454,406,525,526
454,407,526,527
454,389,527,528
454,387,528,529
454,380,529,530
454,427,530,531
454,443,531,532
464,465,533,542
465,1,533,-1
1,464,533,537
466,467,534,1738
467,464,534,1739
464,466,534,535
468,466,535,1663
464,468,535,537
0,468,536,1663
468,1,536,537
469,470,538,596
470,465,538,-1
465,469,538,539
471,469,539,595
465,471,539,540
472,471,540,1780
465,472,540,541
473,472,541,1837
465,473,541,542
464,473,542,1681
474,475,543,714
475,470,543,-1
470,474,543,544
476,474,544,713
470,476,544,545
477,476,545,712
470,477,545,597
478,479,546,755
479,477,546,712
477,478,546,547
480,478,547,711
477,480,547,598
481,482,548,710
482,480,548,711
480,481,548,599
483,484,549,709
484,481,549,710
481,483,549,600
485,486,550,707
486,483,550,708
483,485,550,601
487,488,551,705
488,489,551,706
489,487,551,602
490,491,552,762
491,487,552,705
487,490,552,553
492,490,553,704
487,492,553,602
493,494,554,751
494,495,554,703
495,493,554,555
496,493,555,702
495,496,555,603
497,498,556,700
498,496,556,701
496,497,556,604
499,500,557,698
500,497,557,699
497,499,557,622
501,502,558,696
502,503,558,697
503,501,558,605
504,505,559,695
505,501,559,696
501,504,559,606
506,507,560,748
507,504,560,695
504,506,560,561
508,506,561,694
504,508,561,562
509,508,562,693
504,509,562,607
510,511,563,692
511,509,563,693
509,510,563,608
512,513,564,691
513,510,564,692
510,512,564,565
514,512,565,2308
510,514,565,566
515,514,566,1801
510,515,566,567
516,515,567,2289
510,516,567,568
517,516,568,2293
510,517,568,569
518,517,569,2288
510,518,569,570
519,518,570,2287
510,519,570,609
520,521,571,2228
521,519,571,2287
519,520,571,572
522,520,572,2227
519,522,572,573
523,522,573,1795
519,523,573,574
524,523,574,2068
519,524,574,575
525,524,575,2067
519,525,575,576
526,525,576,2066
519,526,576,610
527,528,577,2064
528,526,577,2065
526,527,577,611
529,530,578,1792
530,527,578,2064
527,529,578,579
531,529,579,2048
527,531,579,612
532,533,580,2047
533,531,580,2048
531,532,580,613
534,535,581,2046
535,532,581,2047
532,534,581,582
536,534,582,2045
532,536,582,623
537,538,583,1790
538,539,583,2044
539,537,583,584
540,537,584,1912
539,540,584,585
541,540,585,1911
539,541,585,614
542,543,586,1910
543,541,586,1911
541,542,586,587
544,542,587,1909
541,544,587,615
545,546,588,1783
546,544,588,1908
544,545,588,589
547,545,589,1880
544,547,589,590
548,547,590,1879
544,548,590,616
549,550,591,1878
550,548,591,1879
548,549,591,617
551,552,592,1883
552,549,592,1878
549,551,592,593
553,551,593,1781
549,553,593,594
471,553,594,1780
549,471,594,595
549,469,595,596
549,470,596,597
549,477,597,598
549,480,598,599
549,481,599,600
549,483,600,601
549,485,601,618
489,492,602,620
495,492,603,703
492,496,603,604
492,497,604,621
503,499,605,697
499,501,605,606
499,504,606,607
499,509,607,608
499,510,608,609
499,519,609,610
499,526,610,611
499,527,611,612
499,531,612,613
499,532,613,622
539,536,614,2044
536,541,614,615
536,544,615,616
536,548,616,617
536,549,617,618
536,485,618,619
489,485,619,706
536,489,619,620
536,492,620,621
536,497,621,623
497,532,622,623
554,555,624,776
555,475,624,-1
475,554,624,625
556,554,625,775
475,556,625,626
557,556,626,774
475,557,626,714
282,558,627,1873
558,283,627,715
283,280,628,629
283,277,629,716
559,278,630,1923
277,559,630,717
560,561,631,1930
561,559,631,1931
559,560,631,632
562,560,632,1929
559,562,632,718
273,271,633,634
273,269,634,635
273,268,635,636
273,267,636,637
273,265,637,638
273,266,638,719
266,261,639,720
262,259,640,641
262,260,641,721
260,258,642,722
258,254,643,723
255,252,644,645
255,251,645,646
255,249,646,724
250,247,647,725
247,244,648,649
247,245,649,726
245,243,650,727
243,240,651,728
240,238,652,765
236,232,653,654
236,233,654,655
563,233,655,2627
236,563,655,729
230,564,656,2625
564,563,656,2626
563,230,656,730
230,226,657,731
227,225,658,659
227,224,659,660
227,222,660,661
227,223,661,732
223,221,662,663
223,219,663,664
223,218,664,665
223,216,665,666
223,217,666,733
217,215,667,734
215,212,668,735
212,210,669,670
565,210,670,-1
212,565,670,671
566,565,671,2884
212,566,671,672
567,566,672,2883
212,567,672,673
568,567,673,2456
212,568,673,674
569,568,674,2455
212,569,674,675
570,569,675,2454
212,570,675,736
571,572,676,2453
572,570,676,2454
570,571,676,677
573,571,677,2690
570,573,677,678
574,573,678,2689
570,574,678,737
575,576,679,2684
576,577,679,2688
577,575,679,680
578,575,680,2683
577,578,680,681
579,578,681,2449
577,579,681,739
580,581,682,2480
581,582,682,2448
582,580,682,741
583,584,683,2446
584,580,683,2447
580,583,683,741
585,586,684,2445
586,583,684,2446
583,585,684,685
587,585,685,2445
583,587,685,686
588,587,686,2444
583,588,686,687
589,588,687,2443
583,589,687,742
590,591,688,2442
591,589,688,2443
589,590,688,743
592,593,689,2310
593,594,689,2440
594,592,689,690
512,592,690,2309
594,512,690,691
594,513,691,745
513,511,692,746
511,508,693,694
511,506,694,747
507,505,695,749
505,502,696,750
502,499,697,698
502,500,698,699
502,497,699,700
502,498,700,701
502,496,701,702
502,493,702,750
494,492,703,704
494,490,704,751
491,488,705,752
488,485,706,707
488,486,707,708
488,483,708,709
488,484,709,752
484,482,710,753
482,478,711,754
479,476,712,713
479,474,713,755
474,557,714,756
558,557,715,773
557,283,715,716
557,277,716,717
557,559,717,718
557,562,718,757
273,562,719,1928
562,266,719,720
562,261,720,758
261,260,721,722
261,258,722,723
261,254,723,764
254,249,724,769
249,247,725,726
249,245,726,727
249,243,727,728
249,240,728,767
235,563,729,730
235,230,730,731
235,226,731,759
226,223,732,733
226,217,733,734
226,215,734,735
226,212,735,736
226,570,736,737
226,574,737,738
577,574,738,2688
226,577,738,739
226,579,739,740
582,579,740,2448
226,582,740,760
582,583,741,742
582,589,742,743
582,590,743,744
594,590,744,2441
582,594,744,745
582,513,745,746
582,511,746,747
582,506,747,748
582,507,748,749
582,505,749,761
505,493,750,761
493,490,751,766
491,484,752,753
491,482,753,754
491,478,754,762
478,474,755,756
478,557,756,757
478,562,757,758
478,261,758,763
238,226,759,760
238,582,760,765
582,493,761,768
490,478,762,763
490,261,763,764
490,254,764,766
240,582,765,767
493,254,766,768
249,582,767,769
582,254,768,769
147,555,770,-1
555,284,770,771
595,284,771,1872
555,595,771,776
558,596,772,1873
596,597,772,1874
597,558,772,773
597,557,773,774
597,556,774,775
597,554,775,777
554,595,776,777
597,595,777,1874
598,599,778,1166
599,146,778,-1
146,598,778,779
600,598,779,1165
146,600,779,780
601,600,780,1165
146,601,780,781
602,601,781,1164
146,602,781,782
603,602,782,1163
146,603,782,783
604,603,783,1162
146,604,783,917
605,606,784,1160
606,607,784,1161
607,605,784,919
608,609,785,1157
609,610,785,1158
610,608,785,786
611,608,786,1156
610,611,786,921
612,613,787,1155
613,611,787,1156
611,612,787,922
614,615,788,1154
615,612,788,1155
612,614,788,789
616,614,789,1153
612,616,789,922
617,618,790,1151
618,619,790,1152
619,617,790,923
620,621,791,1150
621,617,791,1151
617,620,791,924
622,623,792,1148
623,620,792,1149
620,622,792,925
624,625,793,1147
625,622,793,1148
622,624,793,794
626,624,794,1146
622,626,794,925
627,628,795,1145
628,626,795,1146
626,627,795,926
629,630,796,1144
630,627,796,1145
627,629,796,797
631,629,797,1143
627,631,797,927
632,633,798,1142
633,631,798,1143
631,632,798,927
634,635,799,1140
635,636,799,1141
636,634,799,929
637,638,800,1138
638,634,800,1139
634,637,800,930
639,640,801,1225
640,641,801,1137
641,639,801,802
642,639,802,1136
641,642,802,803
643,642,803,1136
641,643,803,804
644,643,804,1135
641,644,804,931
645,646,805,1134
646,644,805,1135
644,645,805,932
647,648,806,1131
648,649,806,1132
649,647,806,933
650,651,807,1129
651,647,807,1130
647,650,807,933
652,653,808,1127
653,650,808,1128
650,652,808,986
654,655,809,1125
655,652,809,1126
652,654,809,987
656,657,810,1123
657,654,810,1124
654,656,810,811
658,656,811,1122
654,658,811,991
659,660,812,1119
660,661,812,1120
661,659,812,934
662,663,813,1246
663,659,813,1119
659,662,813,814
664,662,814,1221
659,664,814,815
665,664,815,1118
659,665,815,934
666,667,816,1219
667,665,816,1118
665,666,816,817
668,666,817,1117
665,668,817,818
669,668,818,1116
665,669,818,935
670,671,819,1115
671,669,819,1116
669,670,819,820
672,670,820,1114
669,672,820,936
673,674,821,1112
674,675,821,1113
675,673,821,993
676,677,822,1111
677,673,822,1112
673,676,822,823
678,676,823,1110
673,678,823,938
679,680,824,1108
680,678,824,1109
678,679,824,938
681,682,825,1107
682,679,825,1108
679,681,825,939
683,684,826,1106
684,681,826,1107
681,683,826,939
685,686,827,1105
686,683,827,1106
683,685,827,940
687,688,828,1213
688,685,828,1105
685,687,828,829
689,687,829,1104
685,689,829,941
690,691,830,1103
691,689,830,1104
689,690,830,831
692,690,831,1103
689,692,831,832
693,692,832,1102
689,693,832,833
694,693,833,1101
689,694,833,941
695,696,834,1100
696,694,834,1101
694,695,834,835
697,695,835,1099
694,697,835,942
698,699,836,1098
699,697,836,1099
697,698,836,943
700,701,837,1242
701,698,837,1098
698,700,837,838
702,700,838,1097
698,702,838,839
703,702,839,1096
698,703,839,840
704,703,840,1095
698,704,840,841
705,704,841,2251
698,705,841,842
706,705,842,2250
698,706,842,843
707,706,843,2249
698,707,843,844
708,707,844,2248
698,708,844,845
709,708,845,1547
698,709,845,846
710,709,846,2295
698,710,846,847
711,710,847,2302
698,711,847,848
712,711,848,2379
698,712,848,849
713,712,849,2378
698,713,849,850
714,713,850,2377
698,714,850,851
715,714,851,2376
698,715,851,852
716,715,852,2376
698,716,852,853
717,716,853,2375
698,717,853,854
718,717,854,2375
698,718,854,855
719,718,855,2374
698,719,855,943
720,721,856,2373
721,719,856,2374
719,720,856,944
722,723,857,2372
723,720,857,2373
720,722,857,858
724,722,858,2371
720,724,858,945
725,726,859,2369
726,724,859,2370
724,725,859,946
727,728,860,2366
728,729,860,2367
729,727,860,861
730,727,861,2693
729,730,861,948
731,732,862,2697
732,730,862,2698
730,731,862,863
733,731,863,2697
730,733,863,949
734,735,864,2750
735,733,864,2696
733,734,864,865
736,734,865,2358
733,736,865,866
737,736,866,2357
733,737,866,949
738,739,867,2356
739,737,867,2357
737,738,867,950
740,741,868,2353
741,742,868,2354
742,740,868,869
743,740,869,-1
742,743,869,870
744,743,870,2880
742,744,870,951
745,746,871,2879
746,744,871,2880
744,745,871,952
209,747,872,-1
747,748,872,2882
748,209,872,873
748,207,873,874
748,208,874,954
208,206,875,955
206,203,876,956
202,201,877,958
201,199,878,879
201,196,879,880
201,197,880,958
197,194,881,882
197,193,882,883
197,190,883,959
191,188,884,885
191,189,885,886
191,186,886,887
191,187,887,960
187,182,888,889
187,183,889,961
183,181,890,891
183,178,891,892
183,179,892,893
183,180,893,894
183,175,894,895
183,176,895,896
183,177,896,897
183,174,897,898
183,173,898,899
183,172,899,900
183,171,900,901
183,170,901,902
183,168,902,903
183,169,903,961
169,167,904,962
167,164,905,963
164,285,906,907
164,162,907,908
164,160,908,909
164,161,909,964
161,159,910,965
159,157,911,966
157,155,912,966
155,152,913,914
155,151,914,967
150,148,915,968
148,146,916,917
148,604,917,918
607,604,918,1161
148,607,918,919
148,605,919,920
749,605,920,1159
148,749,920,969
610,749,921,1158
749,611,921,970
611,616,922,971
619,616,923,1152
616,617,923,924
616,620,924,972
620,626,925,926
620,627,926,973
627,632,927,928
636,632,928,1141
627,636,928,929
627,634,929,930
627,637,930,974
641,637,931,1137
637,644,931,932
637,645,932,975
649,650,933,977
661,665,934,935
661,669,935,936
661,672,936,937
675,672,937,1113
661,675,937,978
673,679,938,989
679,683,939,940
679,685,940,979
685,694,941,942
685,697,942,979
697,719,943,944
697,720,944,945
697,724,945,946
697,725,946,947
729,725,947,2368
697,729,947,948
697,730,948,980
730,737,949,950
730,738,950,981
742,738,951,2355
738,744,951,952
738,745,952,953
748,745,953,2879
738,748,953,954
738,208,954,955
738,206,955,956
738,203,956,957
738,202,957,982
202,197,958,959
202,190,959,982
190,187,960,983
187,169,961,962
187,167,962,963
187,164,963,964
187,161,964,965
187,159,965,984
159,155,966,967
159,151,967,984
151,148,968,969
151,749,969,970
151,611,970,971
151,616,971,972
151,620,972,973
151,627,973,974
151,637,974,975
151,645,975,976
649,645,976,1133
151,649,976,977
151,650,977,985
661,750,978,1120
750,675,978,988
679,697,979,980
679,730,980,981
679,738,981,989
738,190,982,983
738,187,983,990
187,151,984,985
187,650,985,986
187,652,986,987
187,654,987,990
750,658,988,1121
658,675,988,992
673,738,989,993
738,654,990,991
738,658,991,992
738,675,992,993
751,752,994,1362
752,599,994,-1
599,751,994,995
753,751,995,1361
599,753,995,1167
754,755,996,1360
755,753,996,1361
753,754,996,1168
756,757,997,1359
757,754,997,1360
754,756,997,1169
758,759,998,1357
759,760,998,1358
760,758,998,1171
761,762,999,1356
762,758,999,1357
758,761,999,1172
763,764,1000,1355
764,761,1000,1356
761,763,1000,1173
765,766,1001,1353
766,767,1001,1354
767,765,1001,1175
768,769,1002,1352
769,765,1002,1353
765,768,1002,1176
770,771,1003,1351
771,768,1003,1352
768,770,1003,1177
772,773,1004,1350
773,770,1004,1351
770,772,1004,1005
774,772,1005,1349
770,774,1005,1178
775,776,1006,1348
776,774,1006,1349
774,775,1006,1007
777,775,1007,1347
774,777,1007,1008
778,777,1008,1346
774,778,1008,1178
779,780,1009,1399
780,778,1009,1346
778,779,1009,1010
781,779,1010,1345
778,781,1010,1179
782,783,1011,1344
783,781,1011,1345
781,782,1011,1180
784,785,1012,1343
785,782,1012,1344
782,784,1012,1181
786,787,1013,1342
787,784,1013,1343
784,786,1013,1014
788,786,1014,1341
784,788,1014,1182
789,790,1015,1339
790,791,1015,1340
791,789,1015,1184
792,793,1016,1338
793,789,1016,1339
789,792,1016,1185
794,795,1017,1337
795,792,1017,1338
792,794,1017,1018
796,794,1018,1336
792,796,1018,1186
797,798,1019,1334
798,796,1019,1335
796,797,1019,1186
799,800,1020,1395
800,797,1020,1334
797,799,1020,1021
801,799,1021,1333
797,801,1021,1022
802,801,1022,1333
797,802,1022,1023
803,802,1023,1394
797,803,1023,1024
804,803,1024,1332
797,804,1024,1025
805,804,1025,1331
797,805,1025,1187
806,807,1026,1330
807,805,1026,1331
805,806,1026,1188
808,809,1027,1328
809,810,1027,1329
810,808,1027,1234
811,812,1028,1327
812,808,1028,1328
808,811,1028,1189
813,814,1029,1326
814,811,1029,1327
811,813,1029,1189
815,816,1030,1390
816,813,1030,1326
813,815,1030,1031
817,815,1031,1419
813,817,1031,1032
818,817,1032,1325
813,818,1032,1033
819,818,1033,1325
813,819,1033,1034
820,819,1034,1324
813,820,1034,1190
821,822,1035,1323
822,820,1035,1324
820,821,1035,1036
823,821,1036,1322
820,823,1036,1191
824,825,1037,1320
825,826,1037,1321
826,824,1037,1038
827,824,1038,1319
826,827,1038,1193
828,829,1039,1318
829,827,1039,1319
827,828,1039,1040
830,828,1040,1317
827,830,1040,1235
831,832,1041,1316
832,830,1041,1317
830,831,1041,1194
833,834,1042,1315
834,831,1042,1316
831,833,1042,1043
835,833,1043,1314
831,835,1043,1044
836,835,1044,1313
831,836,1044,1194
837,838,1045,1310
838,839,1045,1311
839,837,1045,1046
840,837,1046,1309
839,840,1046,1047
841,840,1047,1308
839,841,1047,1195
842,843,1048,1307
843,841,1048,1308
841,842,1048,1251
844,845,1049,1306
845,842,1049,1307
842,844,1049,1237
846,847,1050,1305
847,844,1050,1306
844,846,1050,1196
848,849,1051,1304
849,846,1051,1305
846,848,1051,1052
850,848,1052,1303
846,850,1052,1196
851,852,1053,1302
852,850,1053,1303
850,851,1053,1054
853,851,1054,1301
850,853,1054,1055
854,853,1055,1300
850,854,1055,1197
855,856,1056,1378
856,857,1056,1299
857,855,1056,1057
858,855,1057,1377
857,858,1057,1058
859,858,1058,1298
857,859,1058,1059
860,859,1059,1297
857,860,1059,1060
861,860,1060,1296
857,861,1060,1061
862,861,1061,1295
857,862,1061,1062
863,862,1062,1294
857,863,1062,1063
864,863,1063,1293
857,864,1063,1198
865,866,1064,1291
866,867,1064,1292
867,865,1064,1199
868,869,1065,1290
869,865,1065,1291
865,868,1065,1199
870,871,1066,1373
871,872,1066,1289
872,870,1066,1067
873,870,1067,1288
872,873,1067,1068
874,873,1068,1288
872,874,1068,1069
875,874,1069,-1
872,875,1069,1070
876,875,1070,1464
872,876,1070,1071
877,876,1071,1464
872,877,1071,1072
878,877,1072,1469
872,878,1072,1073
879,878,1073,1877
872,879,1073,1200
880,881,1074,1476
881,879,1074,1876
879,880,1074,1075
882,880,1075,1884
879,882,1075,1201
883,884,1076,1898
884,882,1076,1899
882,883,1076,1202
885,886,1077,1975
886,883,1077,1897
883,885,1077,1078
887,885,1078,1974
883,887,1078,1079
888,887,1079,1974
883,888,1079,1080
889,888,1080,1973
883,889,1080,1081
890,889,1081,1972
883,890,1081,1082
891,890,1082,1971
883,891,1082,1083
892,891,1083,1970
883,892,1083,1203
893,894,1084,1990
894,892,1084,1969
892,893,1084,1204
895,896,1085,1993
896,897,1085,1994
897,895,1085,1253
898,899,1086,1992
899,895,1086,1993
895,898,1086,1240
900,901,1087,2017
901,898,1087,1992
898,900,1087,1206
902,903,1088,2016
903,900,1088,2017
900,902,1088,1089
904,902,1089,2015
900,904,1089,1090
905,904,1090,2014
900,905,1090,1091
906,905,1091,2013
900,906,1091,1206
907,908,1092,2122
908,906,1092,2012
906,907,1092,1207
909,910,1093,2128
910,907,1093,2129
907,909,1093,1208
704,911,1094,2252
911,912,1094,2126
912,704,1094,1095
912,703,1095,1096
912,702,1096,1097
912,700,1097,1209
701,699,1098,1210
699,695,1099,1100
699,696,1100,1210
696,693,1101,1102
696,692,1102,1211
692,691,1103,1212
691,687,1104,1244
688,686,1105,1213
686,684,1106,1214
684,682,1107,1215
682,680,1108,1109
682,678,1109,1110
682,676,1110,1111
682,677,1111,1215
677,674,1112,1216
674,672,1113,1114
674,670,1114,1115
674,671,1115,1217
671,668,1116,1117
671,666,1117,1218
667,664,1118,1220
663,660,1119,1222
660,750,1120,1121
660,658,1121,1122
660,656,1122,1123
660,657,1123,1124
660,654,1124,1125
660,655,1125,1126
660,652,1126,1127
660,653,1127,1128
660,650,1128,1129
660,651,1129,1130
660,647,1130,1131
660,648,1131,1132
660,649,1132,1133
660,645,1133,1134
660,646,1134,1222
646,643,1135,1223
643,639,1136,1224
640,637,1137,1138
640,638,1138,1139
640,634,1139,1140
640,635,1140,1225
635,632,1141,1142
635,633,1142,1226
633,629,1143,1144
633,630,1144,1249
630,628,1145,1227
628,624,1146,1147
628,625,1147,1227
625,623,1148,1149
625,620,1149,1150
625,621,1150,1228
621,618,1151,1228
618,616,1152,1153
618,614,1153,1154
618,615,1154,1229
615,613,1155,1255
613,608,1156,1157
613,609,1157,1250
609,749,1158,1159
609,605,1159,1160
609,606,1160,1230
606,604,1161,1162
606,603,1162,1163
606,602,1163,1164
606,601,1164,1230
601,598,1165,1166
601,599,1166,1167
601,753,1167,1168
601,754,1168,1169
601,756,1169,1170
760,756,1170,1358
601,760,1170,1171
601,758,1171,1172
601,761,1172,1173
601,763,1173,1174
767,763,1174,1354
601,767,1174,1175
601,765,1175,1176
601,768,1176,1177
601,770,1177,1231
770,778,1178,1179
770,781,1179,1180
770,782,1180,1181
770,784,1181,1182
770,788,1182,1183
791,788,1183,1340
770,791,1183,1184
770,789,1184,1185
770,792,1185,1232
792,797,1186,1187
792,805,1187,1188
792,806,1188,1233
808,813,1189,1190
808,820,1190,1191
808,823,1191,1192
826,823,1192,1321
808,826,1192,1193
808,827,1193,1234
830,836,1194,1236
839,913,1195,1311
913,841,1195,1256
844,850,1196,1197
844,854,1197,1237
857,854,1198,1299
854,864,1198,1238
867,868,1199,1239
872,868,1200,1289
868,879,1200,1201
868,882,1201,1202
868,883,1202,1203
868,892,1203,1204
868,893,1204,1205
897,893,1205,1994
868,897,1205,1239
898,906,1206,1207
898,907,1207,1208
898,909,1208,1240
912,909,1209,2127
909,700,1209,1241
701,696,1210,1211
701,692,1211,1212
701,691,1212,1243
687,686,1213,1214
687,684,1214,1244
684,677,1215,1216
684,674,1216,1217
684,671,1217,1218
684,666,1218,1219
684,667,1219,1220
684,664,1220,1221
684,662,1221,1245
663,646,1222,1223
663,643,1223,1224
663,639,1224,1247
639,635,1225,1226
639,633,1226,1248
630,625,1227,1260
625,618,1228,1229
625,615,1229,1258
609,601,1230,1231
609,770,1231,1232
609,792,1232,1233
609,806,1233,1250
810,827,1234,1235
810,830,1235,1236
810,836,1236,1262
842,854,1237,1238
842,864,1238,1251
867,897,1239,1252
895,909,1240,1241
895,700,1241,1242
895,701,1242,1243
895,691,1243,1254
691,684,1244,1245
691,662,1245,1246
691,663,1246,1247
691,639,1247,1248
691,633,1248,1249
691,630,1249,1263
613,806,1250,1255
841,864,1251,1256
867,864,1252,1292
864,897,1252,1253
864,895,1253,1254
864,691,1254,1257
615,806,1255,1258
913,864,1256,1257
913,691,1257,1259
625,806,1258,1260
913,836,1259,1312
836,691,1259,1262
630,806,1260,1261
810,806,1261,1329
630,810,1261,1263
810,691,1262,1263
914,915,1264,1452
915,752,1264,-1
752,914,1264,1265
916,914,1265,1451
752,916,1265,1266
917,916,1266,1450
752,917,1266,1267
918,917,1267,1449
752,918,1267,1363
919,920,1268,1448
920,918,1268,1449
918,919,1268,1364
921,922,1269,1447
922,919,1269,1448
919,921,1269,1365
923,924,1270,1446
924,921,1270,1447
921,923,1270,1366
925,926,1271,1445
926,923,1271,1446
923,925,1271,1367
927,928,1272,1444
928,925,1272,1445
925,927,1272,1406
929,930,1273,1442
930,927,1273,1443
927,929,1273,1407
931,932,1274,1440
932,933,1274,1441
933,931,1274,1275
934,931,1275,1439
933,934,1275,1276
935,934,1276,1438
933,935,1276,1368
936,937,1277,1437
937,935,1277,1438
935,936,1277,1423
938,939,1278,1456
939,940,1278,1436
940,938,1278,1279
941,938,1279,1435
940,941,1279,1280
942,941,1280,1434
940,942,1280,1281
943,942,1281,1434
940,943,1281,1282
944,943,1282,1433
940,944,1282,1369
945,946,1283,1431
946,947,1283,1432
947,945,1283,1284
948,945,1284,1430
947,948,1284,1370
949,950,1285,1428
950,948,1285,1429
948,949,1285,1286
951,949,1286,1427
948,951,1286,1370
874,952,1287,-1
952,951,1287,1426
951,874,1287,1371
874,870,1288,1372
871,868,1289,1290
871,869,1290,1374
869,866,1291,1375
866,864,1292,1293
866,863,1293,1294
866,862,1294,1295
866,861,1295,1296
866,860,1296,1297
866,859,1297,1298
866,858,1298,1376
856,854,1299,1300
856,853,1300,1301
856,851,1301,1302
856,852,1302,1379
852,848,1303,1304
852,849,1304,1380
849,847,1305,1381
847,845,1306,1382
845,843,1307,1383
843,840,1308,1309
843,837,1309,1310
843,838,1310,1384
838,913,1311,1312
838,836,1312,1313
838,835,1313,1314
838,833,1314,1315
838,834,1315,1385
834,832,1316,1386
832,828,1317,1318
832,829,1318,1409
829,824,1319,1320
829,825,1320,1387
825,823,1321,1322
825,821,1322,1323
825,822,1323,1387
822,819,1324,1388
819,817,1325,1389
816,814,1326,1390
814,812,1327,1391
812,809,1328,1391
809,806,1329,1330
809,807,1330,1392
807,804,1331,1332
807,803,1332,1393
802,799,1333,1411
800,798,1334,1335
800,796,1335,1336
800,794,1336,1337
800,795,1337,1395
795,793,1338,1396
793,790,1339,1396
790,788,1340,1341
790,786,1341,1342
790,787,1342,1397
787,785,1343,1398
785,783,1344,1413
783,779,1345,1414
780,777,1346,1347
780,775,1347,1348
780,776,1348,1399
776,772,1349,1350
776,773,1350,1400
773,771,1351,1400
771,769,1352,1401
769,766,1353,1402
766,763,1354,1355
766,764,1355,1416
764,762,1356,1417
762,759,1357,1403
759,756,1358,1359
759,757,1359,1403
757,755,1360,1404
755,751,1361,1362
755,752,1362,1363
755,918,1363,1364
755,919,1364,1365
755,921,1365,1366
755,923,1366,1367
755,925,1367,1405
933,929,1368,1441
929,935,1368,1422
940,936,1369,1436
936,944,1369,1418
947,951,1370,1371
947,874,1371,1372
947,870,1372,1373
947,871,1373,1374
947,869,1374,1375
947,866,1375,1376
947,858,1376,1377
947,855,1377,1378
947,856,1378,1379
947,852,1379,1380
947,849,1380,1381
947,847,1381,1382
947,845,1382,1383
947,843,1383,1384
947,838,1384,1385
947,834,1385,1386
947,832,1386,1408
829,822,1387,1388
829,819,1388,1389
829,817,1389,1424
815,814,1390,1410
814,809,1391,1392
814,807,1392,1393
814,803,1393,1394
814,802,1394,1410
799,795,1395,1412
795,790,1396,1397
795,787,1397,1398
795,785,1398,1412
779,776,1399,1415
776,771,1400,1401
776,769,1401,1402
776,766,1402,1415
762,757,1403,1404
762,755,1404,1405
762,925,1405,1406
762,927,1406,1407
762,929,1407,1417
947,944,1408,1433
944,832,1408,1409
944,829,1409,1418
815,802,1410,1411
815,799,1411,1419
799,785,1412,1413
799,783,1413,1414
799,779,1414,1420
779,766,1415,1416
779,764,1416,1421
764,929,1417,1421
936,829,1418,1423
817,799,1419,1420
817,779,1420,1425
779,929,1421,1422
779,935,1422,1425
935,829,1423,1424
935,817,1424,1425
952,915,1426,-1
915,951,1426,1427
915,949,1427,1428
915,950,1428,1429
915,948,1429,1430
915,945,1430,1431
915,946,1431,1432
915,947,1432,1453
947,943,1433,1454
943,941,1434,1435
943,938,1435,1455
939,936,1436,1437
939,937,1437,1457
937,934,1438,1439
937,931,1439,1440
937,932,1440,1458
932,929,1441,1442
932,930,1442,1443
932,927,1443,1444
932,928,1444,1459
928,926,1445,1459
926,924,1446,1460
924,922,1447,1461
922,920,1448,1462
920,917,1449,1450
920,916,1450,1451
920,914,1451,1452
920,915,1452,1453
920,947,1453,1454
920,943,1454,1455
920,938,1455,1456
920,939,1456,1457
920,937,1457,1458
920,932,1458,1462
932,926,1459,1460
932,924,1460,1461
932,922,1461,1462
877,953,1463,1469
953,875,1463,-1
875,877,1463,1464
954,955,1465,1480
955,953,1465,-1
953,954,1465,1466
956,954,1466,1479
953,956,1466,1467
957,956,1467,1478
953,957,1467,1468
878,957,1468,1877
953,878,1468,1469
958,959,1470,1495
959,955,1470,-1
955,958,1470,1481
960,961,1471,1494
961,958,1471,1495
958,960,1471,1482
962,963,1472,1493
963,960,1472,1494
960,962,1472,1483
964,965,1473,1491
965,962,1473,1492
962,964,1473,1474
966,964,1474,1886
962,966,1474,1475
967,966,1475,1885
962,967,1475,1483
880,967,1476,1884
967,881,1476,1477
957,881,1477,1876
967,957,1477,1478
967,956,1478,1479
967,954,1479,1480
967,955,1480,1481
967,958,1481,1482
967,960,1482,1483
288,959,1484,-1
959,362,1484,1485
959,361,1485,1486
959,358,1486,1487
356,358,1487,1905
959,356,1487,1488
959,354,1488,1496
968,969,1489,1887
969,970,1489,1945
970,968,1489,1490
964,968,1490,1886
970,964,1490,1491
970,965,1491,1492
970,962,1492,1493
970,963,1493,1498
963,961,1494,1498
961,959,1495,1496
961,354,1496,1497
970,354,1497,1937
961,970,1497,1498
971,972,1499,1660
972,287,1499,-1
287,971,1499,1500
973,971,1500,1659
287,973,1500,1501
974,973,1501,1658
287,974,1501,1502
975,974,1502,1657
287,975,1502,1503
976,975,1503,1656
287,976,1503,1504
977,976,1504,1655
287,977,1504,1505
978,977,1505,1654
287,978,1505,1567
979,980,1506,1652
980,978,1506,1653
978,979,1506,1568
981,982,1507,1650
982,979,1507,1651
979,981,1507,1569
983,984,1508,1647
984,985,1508,1648
985,983,1508,1609
986,987,1509,1646
987,983,1509,1647
983,986,1509,1603
988,989,1510,1645
989,986,1510,1646
986,988,1510,1599
990,991,1511,1643
991,988,1511,1644
988,990,1511,1570
992,993,1512,1642
993,990,1512,1643
990,992,1512,1513
994,992,1513,1641
990,994,1513,1514
995,994,1514,1640
990,995,1514,1570
996,997,1515,1638
997,995,1515,1639
995,996,1515,1571
998,999,1516,1636
999,996,1516,1637
996,998,1516,1572
1000,1001,1517,1634
1001,998,1517,1635
998,1000,1517,1573
1002,1003,1518,1632
1003,1000,1518,1633
1000,1002,1518,1574
1004,1005,1519,1630
1005,1002,1519,1631
1002,1004,1519,1575
1006,1007,1520,1628
1007,1004,1520,1629
1004,1006,1520,1576
1008,1009,1521,1626
1009,1006,1521,1627
1006,1008,1521,1577
1010,1011,1522,1624
1011,1008,1522,1625
1008,1010,1522,1578
1012,1013,1523,1622
1013,1010,1523,1623
1010,1012,1523,1579
1014,1015,1524,1620
1015,1012,1524,1621
1012,1014,1524,1580
1016,1017,1525,1618
1017,1014,1525,1619
1014,1016,1525,1581
1018,1019,1526,1616
1019,1016,1526,1617
1016,1018,1526,1582
1020,1021,1527,1614
1021,1018,1527,1615
1018,1020,1527,1583
1022,1023,1528,-1
1023,1020,1528,1613
1020,1022,1528,1529
1024,1022,1529,-1
1020,1024,1529,1583
1025,1026,1530,2348
1026,1024,1530,-1
1024,1025,1530,1531
1027,1025,1531,2348
1024,1027,1531,1532
1028,1027,1532,2347
1024,1028,1532,1533
1029,1028,1533,2346
1024,1029,1533,1584
1030,1031,1534,2345
1031,1029,1534,2346
1029,1030,1534,1535
1032,1030,1535,2344
1029,1032,1535,1536
1033,1032,1536,2343
1029,1033,1536,1584
1034,1035,1537,2342
1035,1033,1537,2343
1033,1034,1537,1585
1036,1037,1538,2341
1037,1034,1538,2342
1034,1036,1538,1586
1038,1039,1539,2340
1039,1036,1539,2341
1036,1038,1539,1587
1040,1041,1540,2338
1041,1038,1540,2339
1038,1040,1540,1588
1042,1043,1541,2382
1043,1044,1541,2337
1044,1042,1541,1542
1045,1042,1542,2336
1044,1045,1542,1543
1046,1045,1543,2335
1044,1046,1543,1590
1047,1048,1544,2334
1048,1046,1544,2335
1046,1047,1544,1545
1049,1047,1545,2333
1046,1049,1545,1546
1050,1049,1546,2296
1046,1050,1546,1591
709,1050,1547,2295
1050,708,1547,1548
1051,708,1548,2248
1050,1051,1548,1549
1052,1051,1549,2182
1050,1052,1549,1592
1053,1054,1550,2181
1054,1052,1550,2182
1052,1053,1550,1551
1055,1053,1551,2180
1052,1055,1551,1601
1056,1057,1552,2179
1057,1055,1552,2180
1055,1056,1552,1593
1058,1059,1553,2177
1059,1056,1553,2178
1056,1058,1553,1554
1060,1058,1554,2164
1056,1060,1554,1555
1061,1060,1555,2158
1056,1061,1555,1556
1062,1061,1556,2158
1056,1062,1556,1593
308,1062,1557,2157
1062,307,1557,1594
307,305,1558,1595
305,303,1559,1595
302,301,1560,1607
301,297,1561,1611
298,296,1562,1596
296,294,1563,1596
294,292,1564,1597
292,290,1565,1598
290,287,1566,1567
290,978,1567,1568
290,979,1568,1569
290,981,1569,1598
988,995,1570,1571
988,996,1571,1572
988,998,1572,1573
988,1000,1573,1574
988,1002,1574,1575
988,1004,1575,1576
988,1006,1576,1577
988,1008,1577,1578
988,1010,1578,1579
988,1012,1579,1580
988,1014,1580,1581
988,1016,1581,1582
988,1018,1582,1599
1018,1024,1583,1600
1024,1033,1584,1585
1024,1034,1585,1586
1024,1036,1586,1587
1024,1038,1587,1588
1024,1040,1588,1589
1044,1040,1589,2337
1024,1044,1589,1590
1024,1046,1590,1591
1024,1050,1591,1592
1024,1052,1592,1604
1055,1062,1593,1594
1055,307,1594,1601
307,303,1595,1605
298,294,1596,1597
298,292,1597,1602
292,981,1598,1602
986,1018,1599,1600
986,1024,1600,1603
1052,307,1601,1604
298,981,1602,1608
983,1024,1603,1609
1024,307,1604,1605
1024,303,1605,1606
1024,302,1606,1607
1024,301,1607,1610
297,981,1608,1611
985,1024,1609,1610
985,301,1610,1612
301,981,1611,1612
985,981,1612,1649
1023,972,1613,-1
972,1020,1613,1614
972,1021,1614,1615
972,1018,1615,1616
972,1019,1616,1617
972,1016,1617,1618
972,1017,1618,1619
972,1014,1619,1620
972,1015,1620,1621
972,1012,1621,1622
972,1013,1622,1623
972,1010,1623,1624
972,1011,1624,1625
972,1008,1625,1626
972,1009,1626,1627
972,1006,1627,1628
972,1007,1628,1629
972,1004,1629,1630
972,1005,1630,1631
972,1002,1631,1632
972,1003,1632,1633
972,1000,1633,1634
972,1001,1634,1635
972,998,1635,1636
972,999,1636,1637
972,996,1637,1638
972,997,1638,1639
972,995,1639,1640
972,994,1640,1641
972,992,1641,1642
972,993,1642,1661
993,991,1643,1644
993,988,1644,1645
993,989,1645,1662
989,987,1646,1662
987,984,1647,1648
987,985,1648,1649
987,981,1649,1650
987,982,1650,1651
987,979,1651,1652
987,980,1652,1653
987,978,1653,1654
987,977,1654,1655
987,976,1655,1656
987,975,1656,1657
987,974,1657,1658
987,973,1658,1659
987,971,1659,1660
987,972,1660,1661
987,993,1661,1662
0,466,1663,1664
1063,466,1664,1737
0,1063,1664,1665
1064,1063,1665,1737
0,1064,1665,1676
1065,1066,1666,1735
1066,1064,1666,1736
1064,1065,1666,1679
1067,1068,1667,1733
1068,1065,1667,1734
1065,1067,1667,1677
11,1069,1668,1732
1069,1067,1668,1733
1067,11,1668,1669
1067,12,1669,1670
1067,138,1670,1671
1067,8,1671,1672
1067,9,1672,1677
9,7,1673,1680
7,4,1674,1675
7,3,1675,1678
3,1064,1676,1678
1065,9,1677,1679
7,1064,1678,1680
1064,9,1679,1680
1070,473,1681,1837
464,1070,1681,1682
1071,1070,1682,1855
464,1071,1682,1740
1072,1073,1683,1835
1073,1071,1683,1836
1071,1072,1683,1741
1074,1075,1684,1833
1075,1072,1684,1834
1072,1074,1684,1765
1076,1077,1685,1832
1077,1074,1685,1833
1074,1076,1685,1766
1078,1079,1686,1830
1079,1080,1686,1831
1080,1078,1686,1768
1081,1082,1687,1829
1082,1078,1687,1830
1078,1081,1687,1742
1083,1084,1688,1870
1084,1081,1688,1829
1081,1083,1688,1689
1085,1083,1689,1828
1081,1085,1689,1690
1086,1085,1690,1827
1081,1086,1690,1742
1087,1088,1691,1826
1088,1086,1691,1827
1086,1087,1691,1743
1089,1090,1692,1825
1090,1087,1692,1826
1087,1089,1692,1744
1091,1092,1693,1824
1092,1089,1693,1825
1089,1091,1693,1745
1093,1094,1694,1822
1094,1095,1694,1823
1095,1093,1694,1695
1096,1093,1695,1821
1095,1096,1695,1746
1097,1098,1696,1818
1098,1099,1696,1819
1099,1097,1696,1747
1100,1101,1697,1817
1101,1097,1697,1818
1097,1100,1697,1748
1102,1103,1698,1816
1103,1100,1698,1817
1100,1102,1698,1749
1104,1105,1699,1815
1105,1102,1699,1816
1102,1104,1699,1750
1106,1107,1700,1814
1107,1104,1700,1815
1104,1106,1700,1751
1108,1109,1701,1813
1109,1106,1701,1814
1106,1108,1701,1702
1110,1108,1702,1812
1106,1110,1702,1752
1111,1112,1703,2572
1112,1110,1703,2573
1110,1111,1703,1752
1113,1114,1704,2619
1114,1111,1704,2611
1111,1113,1704,1705
1115,1113,1705,2610
1111,1115,1705,1706
1116,1115,1706,2588
1111,1116,1706,1707
1117,1116,1707,2587
1111,1117,1707,1708
1118,1117,1708,2586
1111,1118,1708,1753
1119,50,1709,2543
50,1118,1709,2585
1118,1119,1709,1754
1120,1121,1710,2542
1121,1119,1710,2543
1119,1120,1710,1755
1122,42,1711,2515
41,1122,1711,1757
1123,37,1712,2436
36,1123,1712,1759
32,1123,1713,2436
1123,31,1713,1714
1124,31,1714,2305
1123,1124,1714,1760
26,1125,1715,2304
1125,27,1715,1716
1126,27,1716,2283
1125,1126,1716,1761
1127,1128,1717,2281
1128,1129,1717,2282
1129,1127,1717,1772
1130,1131,1718,2280
1131,1127,1718,2281
1127,1130,1718,1762
22,1130,1719,2279
1130,23,1719,1762
23,139,1720,1721
23,21,1721,1722
23,20,1722,1723
23,18,1723,1724
23,19,1724,1778
19,17,1725,1726
19,14,1726,1727
19,15,1727,1728
1132,15,1728,1934
19,1132,1728,1729
1133,1132,1729,1933
19,1133,1729,1774
1134,1135,1730,1932
1135,1133,1730,1933
1133,1134,1730,1763
10,1134,1731,1932
1134,11,1731,1732
1134,1069,1732,1763
1069,1068,1733,1734
1069,1065,1734,1735
1069,1066,1735,1736
1069,1064,1736,1764
1064,466,1737,1738
1064,467,1738,1739
1064,464,1739,1740
1064,1071,1740,1741
1064,1072,1741,1764
1078,1086,1742,1743
1078,1087,1743,1744
1078,1089,1744,1745
1078,1091,1745,1776
1095,1091,1746,1823
1091,1096,1746,1779
1099,1136,1747,1819
1136,1097,1747,1748
1136,1100,1748,1749
1136,1102,1749,1750
1136,1104,1750,1751
1136,1106,1751,1769
1106,1111,1752,1753
1106,1118,1753,1754
1106,1119,1754,1755
1106,1120,1755,1756
41,1120,1756,2541
1106,41,1756,1757
1106,1122,1757,1758
36,1122,1758,2514
1106,36,1758,1759
1106,1123,1759,1760
1106,1124,1760,1769
1125,1124,1761,2304
1124,1126,1761,1770
1127,23,1762,1773
1133,1069,1763,1774
1069,1072,1764,1765
1069,1074,1765,1766
1069,1076,1766,1767
1080,1076,1767,1831
1069,1080,1767,1768
1069,1078,1768,1775
1136,1124,1769,1770
1136,1126,1770,1771
1129,1126,1771,2282
1136,1129,1771,1772
1136,1127,1772,1773
1136,23,1773,1777
19,1069,1774,1775
19,1078,1775,1776
19,1091,1776,1778
1136,1096,1777,1820
1096,23,1777,1779
23,1091,1778,1779
472,553,1780,1838
1137,551,1781,1882
553,1137,1781,1782
545,1137,1782,1881
553,545,1782,1839
1138,546,1783,1908
545,1138,1783,1856
1139,1140,1784,1918
1140,1138,1784,1919
1138,1139,1784,1857
1141,1142,1785,1917
1142,1139,1785,1918
1139,1141,1785,1786
1143,1141,1786,1916
1139,1143,1786,1862
1144,1145,1787,1915
1145,1143,1787,1916
1143,1144,1787,1788
1146,1144,1788,1914
1143,1146,1788,1789
1147,1146,1789,1913
1143,1147,1789,1863
537,1147,1790,1912
1147,538,1790,1791
529,538,1791,2049
1147,529,1791,1792
1147,530,1792,1793
1148,530,1793,2071
1147,1148,1793,1840
1149,1150,1794,2069
1150,1148,1794,2070
1148,1149,1794,1840
523,1149,1795,2068
1149,522,1795,1796
1151,522,1796,2227
1149,1151,1796,1841
1152,1153,1797,2232
1153,1151,1797,2233
1151,1152,1797,1841
1154,1155,1798,2294
1155,1156,1798,2229
1156,1154,1798,1799
1157,1154,1799,2291
1156,1157,1799,1800
1158,1157,1800,2290
1156,1158,1800,1842
515,1158,1801,2289
1158,514,1801,1802
1159,514,1802,2308
1158,1159,1802,1803
1160,1159,1803,2319
1158,1160,1803,1843
1161,1162,1804,2318
1162,1160,1804,2319
1160,1161,1804,1844
1163,1164,1805,2317
1164,1161,1805,2318
1161,1163,1805,1806
1165,1163,1806,2316
1161,1165,1806,1807
1166,1165,1807,2315
1161,1166,1807,1808
1167,1166,1808,2549
1161,1167,1808,1845
1168,1169,1809,2576
1169,1167,1809,2577
1167,1168,1809,1845
1170,1171,1810,2575
1171,1168,1810,2576
1168,1170,1810,1846
1110,1172,1811,2574
1172,1170,1811,2575
1170,1110,1811,1812
1170,1108,1812,1813
1170,1109,1813,1846
1109,1107,1814,1847
1107,1105,1815,1848
1105,1103,1816,1849
1103,1101,1817,1860
1101,1098,1818,1865
1098,1136,1819,1820
1098,1096,1820,1821
1098,1093,1821,1822
1098,1094,1822,1850
1094,1091,1823,1824
1094,1092,1824,1850
1092,1090,1825,1851
1090,1088,1826,1852
1088,1085,1827,1828
1088,1083,1828,1852
1084,1082,1829,1853
1082,1079,1830,1853
1079,1076,1831,1832
1079,1077,1832,1854
1077,1075,1833,1834
1077,1072,1834,1835
1077,1073,1835,1836
1077,1071,1836,1861
1070,472,1837,1838
1070,553,1838,1839
1070,545,1839,1855
1147,1149,1840,1858
1149,1152,1841,1858
1156,1173,1842,2230
1173,1158,1842,1843
1173,1160,1843,1844
1173,1161,1844,1864
1161,1168,1845,1859
1168,1109,1846,1847
1168,1107,1847,1848
1168,1105,1848,1849
1168,1103,1849,1859
1098,1092,1850,1851
1098,1090,1851,1866
1090,1083,1852,1869
1084,1079,1853,1854
1084,1077,1854,1867
1071,545,1855,1856
1071,1138,1856,1857
1071,1139,1857,1861
1147,1152,1858,1871
1161,1103,1859,1860
1161,1101,1860,1864
1077,1139,1861,1862
1077,1143,1862,1863
1077,1147,1863,1867
1173,1101,1864,1865
1173,1098,1865,1866
1173,1090,1866,1868
1084,1147,1867,1870
1173,1152,1868,2231
1152,1090,1868,1869
1152,1083,1869,1871
1083,1147,1870,1871
595,282,1872,1875
282,596,1873,1875
596,595,1874,1875
957,879,1876,1877
552,550,1878,1883
550,547,1879,1880
550,545,1880,1881
550,1137,1881,1882
550,551,1882,1883
882,967,1884,1885
882,966,1885,1900
966,968,1886,1901
1174,969,1887,1944
968,1174,1887,1902
1175,1176,1888,1943
1176,1174,1888,1944
1174,1175,1888,1903
1177,1178,1889,1942
1178,1175,1889,1943
1175,1177,1889,1890
1179,1177,1890,2026
1175,1179,1890,1891
340,1179,1891,2026
1175,340,1891,1892
1175,338,1892,1904
338,337,1893,1894
1180,337,1894,1952
338,1180,1894,1895
1181,1180,1895,1951
338,1181,1895,1896
1182,1181,1896,1950
338,1182,1896,1904
886,1182,1897,1950
1182,883,1897,1898
1182,884,1898,1899
1182,882,1899,1900
1182,966,1900,1901
1182,968,1901,1902
1182,1174,1902,1903
1182,1175,1903,1904
356,359,1905,1906
356,360,1906,1907
1138,544,1908,1909
1138,542,1909,1910
1138,543,1910,1919
543,540,1911,1920
540,1147,1912,1913
540,1146,1913,1914
540,1144,1914,1915
540,1145,1915,1921
1145,1141,1916,1917
1145,1142,1917,1921
1142,1140,1918,1922
1140,543,1919,1920
1140,540,1920,1922
540,1142,1921,1922
559,279,1923,1924
559,275,1924,1925
559,276,1925,1926
559,274,1926,1931
274,273,1927,1928
274,562,1928,1929
274,560,1929,1930
274,561,1930,1931
10,1135,1932,1936
1135,1132,1933,1934
1135,15,1934,1935
1135,13,1935,1936
970,355,1937,1946
355,352,1938,1947
352,350,1939,1948
1183,1184,1940,2028
1184,350,1940,2032
350,1183,1940,1941
1177,1183,1941,2027
350,1177,1941,1942
350,1178,1942,1948
1178,1176,1943,1949
1176,969,1944,1945
1176,970,1945,1946
1176,355,1946,1947
1176,352,1947,1949
352,1178,1948,1949
886,1181,1950,1951
886,1180,1951,1975
1180,333,1952,1953
1180,334,1953,1976
334,331,1954,1955
334,332,1955,1956
334,329,1956,1957
334,330,1957,1976
330,327,1958,1959
330,324,1959,1960
330,366,1960,1961
330,363,1961,1962
330,364,1962,1977
1185,365,1963,2001
364,1185,1963,1964
1186,1185,1964,2000
364,1186,1964,1965
1187,1186,1965,1999
364,1187,1965,1966
1188,1187,1966,1998
364,1188,1966,1978
1189,1190,1967,1997
1190,1188,1967,1998
1188,1189,1967,1979
894,1191,1968,1990
1191,1189,1968,1997
1189,894,1968,1969
1189,892,1969,1970
1189,891,1970,1971
1189,890,1971,1972
1189,889,1972,1973
1189,888,1973,1980
888,885,1974,1981
885,1180,1975,1981
1180,330,1976,1977
1180,364,1977,1978
1180,1188,1978,1979
1180,1189,1979,1980
1180,888,1980,1981
132,142,1982,1983
132,141,1983,1989
141,127,1984,1985
141,128,1985,1989
128,124,1986,1987
128,131,1987,1988
128,132,1988,1989
893,1191,1990,1991
901,1191,1991,2018
893,901,1991,1995
901,899,1992,1996
899,896,1993,1996
896,893,1994,1995
896,901,1995,1996
1191,1190,1997,2019
1190,1187,1998,1999
1190,1186,1999,2000
1190,1185,2000,2020
1185,375,2001,2002
1185,373,2002,2003
1192,373,2003,2072
1185,1192,2003,2021
1193,1194,2004,2146
1194,1192,2004,2075
1192,1193,2004,2022
1195,1196,2005,2144
1196,1193,2005,2145
1193,1195,2005,2023
370,1195,2006,2144
1195,368,2006,2023
1197,369,2007,2187
368,1197,2007,2008
1198,1197,2008,2186
368,1198,2008,2009
1199,1198,2009,2124
368,1199,2009,2010
1200,1199,2010,2123
368,1200,2010,2024
908,1201,2011,2122
1201,1200,2011,2123
1200,908,2011,2012
1200,906,2012,2013
1200,905,2013,2014
1200,904,2014,2015
1200,902,2015,2016
1200,903,2016,2025
903,901,2017,2018
903,1191,2018,2019
903,1190,2019,2020
903,1185,2020,2021
903,1192,2021,2022
903,1193,2022,2025
1193,368,2023,2024
1193,1200,2024,2025
340,1177,2026,2027
340,1183,2027,2028
340,1184,2028,2029
1202,1184,2029,2032
340,1202,2029,2030
1203,1202,2030,2041
340,1203,2030,2031
339,1203,2031,2040
1202,350,2032,2033
1202,349,2033,2034
1202,346,2034,2035
1202,347,2035,2041
347,344,2036,2037
347,345,2037,2042
345,343,2038,2043
343,339,2039,2040
343,1203,2040,2043
1203,347,2041,2042
1203,345,2042,2043
538,536,2044,2045
538,534,2045,2046
538,535,2046,2050
535,533,2047,2050
533,529,2048,2049
533,538,2049,2050
1204,1205,2051,-1274
1205,1206,2051,-1274
1206,1204,2051,2052
1207,1204,2052,-1274
1206,1207,2052,2053
1208,1207,2053,-1274
1206,1208,2053,-1274
1209,1210,2054,-46322
1210,1211,2054,-46322
1211,1209,2054,2062
1212,1213,2055,-46322
1213,1209,2055,-46322
1209,1212,2055,2056
1214,1212,2056,-46322
1209,1214,2056,2063
1215,1216,2057,-46322
1216,1214,2057,-46322
1214,1215,2057,2058
1217,1215,2058,-46322
1214,1217,2058,2059
1218,1217,2059,-46322
1214,1218,2059,2060
1219,1218,2060,-46322
1214,1219,2060,2063
1211,1220,2061,-46322
1220,1219,2061,-46322
1219,1211,2061,2062
1219,1209,2062,2063
530,528,2064,2065
530,526,2065,2066
530,525,2066,2067
530,524,2067,2071
524,1149,2068,2069
524,1150,2069,2070
524,1148,2070,2071
1192,374,2072,2075
374,371,2073,2074
1194,371,2074,2143
374,1194,2074,2075
1221,1222,2076,-1274
1222,1223,2076,-1274
1223,1221,2076,2077
1224,1221,2077,-1274
1223,1224,2077,2078
1225,1224,2078,-1274
1223,1225,2078,2079
1226,1225,2079,-1274
1223,1226,2079,2080
1227,1226,2080,-1274
1223,1227,2080,2081
1228,1227,2081,-1274
1223,1228,2081,2082
1229,1228,2082,-1274
1223,1229,2082,2106
1230,1231,2083,-1274
1231,1229,2083,-1274
1229,1230,2083,2084
1232,1230,2084,2199
1229,1232,2084,2085
1233,1232,2085,2203
1229,1233,2085,2086
1234,1233,2086,2202
1229,1234,2086,2087
1235,1234,2087,2198
1229,1235,2087,2088
1236,1235,2088,2197
1229,1236,2088,2089
1237,1236,2089,-1274
1229,1237,2089,2090
1238,1237,2090,-1274
1229,1238,2090,2107
1239,1240,2091,-1274
1240,1238,2091,-1274
1238,1239,2091,2108
1241,1242,2092,-1274
1242,1239,2092,-1274
1239,1241,2092,2093
1243,1241,2093,-1274
1239,1243,2093,2094
1244,1243,2094,-1274
1239,1244,2094,2095
1245,1244,2095,-1274
1239,1245,2095,2096
1246,1245,2096,-1274
1239,1246,2096,2109
1247,1248,2097,-1274
1248,1246,2097,-1274
1246,1247,2097,2109
1249,1250,2098,-1274
1250,1247,2098,-1274
1247,1249,2098,2110
1251,1252,2099,-1274
1252,1249,2099,-1274
1249,1251,2099,2111
1253,1254,2100,-1274
1254,1251,2100,-1274
1251,1253,2100,2101
1255,1253,2101,-1274
1251,1255,2101,2112
1256,1257,2102,-1274
1257,1255,2102,-1274
1255,1256,2102,2113
1258,1259,2103,-1274
1259,1256,2103,-1274
1256,1258,2103,2104
1260,1258,2104,-1274
1256,1260,2104,2105
1223,1260,2105,-1274
1256,1223,2105,2106
1256,1229,2106,2107
1256,1238,2107,2108
1256,1239,2108,2113
1239,1247,2109,2110
1239,1249,2110,2111
1239,1251,2111,2112
1239,1255,2112,2113
1261,1262,2114,2137
1262,1263,2114,-46322
1263,1261,2114,2115
1264,1261,2115,2136
1263,1264,2115,2121
1265,1266,2116,2141
1266,1264,2116,2136
1264,1265,2116,2117
1267,1265,2117,2140
1264,1267,2117,2118
1268,1267,2118,2135
1264,1268,2118,2121
1269,1270,2119,-46322
1270,1268,2119,-46322
1268,1269,2119,2120
1263,1269,2120,-46322
1268,1263,2120,2121
907,1201,2122,2130
1201,1199,2123,2130
1271,1198,2124,2185
1199,1271,2124,2125
911,1271,2125,2245
1199,911,2125,2126
1199,912,2126,2127
1199,909,2127,2128
1199,910,2128,2129
1199,907,2129,2130
1272,1273,2131,-46322
1273,1274,2131,-46322
1274,1272,2131,2132
1275,1272,2132,-46322
1274,1275,2132,2142
1276,1277,2133,-46322
1277,1275,2133,-46322
1275,1276,2133,2139
1268,1278,2134,-46322
1278,1276,2134,-46322
1276,1268,2134,2135
1276,1267,2135,2139
1266,1261,2136,2137
1266,1262,2137,2138
1274,1262,2138,-46322
1266,1274,2138,2141
1275,1267,2139,2140
1275,1265,2140,2142
1265,1274,2141,2142
1194,370,2143,2146
370,1196,2144,2145
370,1193,2145,2146
422,118,2147,2148
1279,118,2148,2175
422,1279,2148,2149
1280,1279,2149,2174
422,1280,2149,2150
423,1280,2150,2192
321,316,2151,2160
317,315,2152,2162
315,312,2153,2162
312,309,2154,2155
312,310,2155,2156
312,308,2156,2157
312,1062,2157,2163
1062,1060,2158,2163
319,1281,2159,2176
1281,1058,2159,2177
1058,319,2159,2165
320,316,2160,2161
320,317,2161,2166
317,312,2162,2167
312,1060,2163,2164
312,1058,2164,2165
312,319,2165,2167
319,317,2166,2167
118,116,2168,2169
118,114,2169,2170
1282,114,2170,2204
118,1282,2170,2171
1283,1282,2171,2211
118,1283,2171,2172
1284,1283,2172,2210
118,1284,2172,2173
1285,1284,2173,2209
118,1285,2173,2175
1280,1285,2174,2193
1285,1279,2174,2175
367,1281,2176,2188
1281,1059,2177,2178
1281,1056,2178,2179
1281,1057,2179,2189
1057,1053,2180,2181
1057,1054,2181,2190
1054,1051,2182,2183
1286,1051,2183,2247
1054,1286,2183,2184
1287,1286,2184,2246
1054,1287,2184,2191
1271,1287,2185,2245
1287,1198,2185,2186
1287,1197,2186,2191
1197,367,2187,2188
1197,1281,2188,2189
1197,1057,2189,2190
1197,1054,2190,2191
424,1280,2192,2193
424,1285,2193,2194
426,1285,2194,2208
424,426,2194,2195
1236,1288,2196,-1274
1288,1289,2196,-1274
1289,1236,2196,2197
1289,1235,2197,2198
1289,1234,2198,2201
1290,1230,2199,-1274
1232,1290,2199,2200
1291,1290,2200,-1274
1232,1291,2200,2203
1289,1291,2201,-1274
1291,1234,2201,2202
1291,1233,2202,2203
1282,115,2204,2205
1292,115,2205,2212
1282,1292,2205,2211
429,1292,2206,2221
1292,425,2206,2207
1292,426,2207,2208
1292,1285,2208,2209
1292,1284,2209,2210
1292,1283,2210,2211
1292,111,2212,2213
1292,112,2213,2214
1293,112,2214,2225
1292,1293,2214,2215
1294,1293,2215,2225
1292,1294,2215,2216
1295,1294,2216,2224
1292,1295,2216,2217
1296,1295,2217,2239
1292,1296,2217,2218
431,1296,2218,2244
1292,431,2218,2219
1292,432,2219,2220
1292,428,2220,2221
1297,113,2222,2234
112,1297,2222,2226
1295,1298,2223,2239
1298,1297,2223,2240
1297,1295,2223,2224
1297,1294,2224,2226
1294,112,2225,2226
1151,520,2227,2233
1155,521,2228,2292
520,1155,2228,2229
520,1156,2229,2230
520,1173,2230,2231
520,1152,2231,2232
520,1153,2232,2233
1297,109,2234,2235
1297,110,2235,2236
1299,110,2236,2253
1297,1299,2236,2237
1300,1299,2237,2263
1297,1300,2237,2238
1301,1300,2238,2262
1297,1301,2238,2241
1296,1298,2239,2240
1296,1297,2240,2241
1296,1301,2241,2242
433,1301,2242,2261
1296,433,2242,2243
1296,430,2243,2244
911,1287,2245,2246
911,1286,2246,2247
911,1051,2247,2252
1051,707,2248,2249
1051,706,2249,2250
1051,705,2250,2251
1051,704,2251,2252
1299,108,2253,2254
1299,106,2254,2255
1299,107,2255,2256
1302,107,2256,2268
1299,1302,2256,2257
1303,1302,2257,2275
1299,1303,2257,2258
1304,1303,2258,2267
1299,1304,2258,2264
1305,1306,2259,2266
1306,1304,2259,2267
1304,1305,2259,2264
434,1305,2260,2265
1305,433,2260,2261
1305,1301,2261,2262
1305,1300,2262,2263
1305,1299,2263,2264
435,1305,2265,2266
435,1306,2266,2273
1306,1303,2267,2274
1302,103,2268,2269
1302,104,2269,2275
104,102,2270,2276
102,437,2271,2277
438,435,2272,2273
438,1306,2273,2274
438,1303,2274,2278
1303,104,2275,2276
1303,102,2276,2277
1303,437,2277,2278
25,1130,2279,2280
25,1131,2280,2286
1131,1128,2281,2286
1128,1126,2282,2283
1128,27,2283,2284
1128,28,2284,2285
1128,25,2285,2286
521,518,2287,2288
521,517,2288,2292
516,1158,2289,2290
516,1157,2290,2291
516,1154,2291,2293
1155,517,2292,2294
517,1154,2293,2294
710,1050,2295,2296
710,1049,2296,2297
1307,1049,2297,2332
710,1307,2297,2298
1308,1307,2298,2332
710,1308,2298,2299
1309,1308,2299,2331
710,1309,2299,2300
1310,1309,2300,2331
710,1310,2300,2303
1311,1312,2301,2330
1312,1310,2301,2398
1310,1311,2301,2303
711,1311,2302,2330
1311,710,2302,2303
26,1124,2304,2305
26,31,2305,2307
31,29,2306,2307
1159,512,2308,2309
1159,592,2309,2310
1159,593,2310,2311
1313,593,2311,2440
1159,1313,2311,2312
1314,1313,2312,2476
1159,1314,2312,2320
1315,1316,2313,2474
1316,1317,2313,2475
1317,1315,2313,2314
1166,1315,2314,2549
1317,1166,2314,2315
1317,1165,2315,2316
1317,1163,2316,2317
1317,1164,2317,2322
1164,1162,2318,2322
1162,1159,2319,2320
1162,1314,2320,2321
1317,1314,2321,2475
1162,1317,2321,2322
439,95,2323,2329
1318,96,2324,2420
95,1318,2324,2325
1319,1318,2325,2419
95,1319,2325,2326
1320,1319,2326,2419
95,1320,2326,2329
462,1321,2327,2431
1321,1320,2327,2432
1320,462,2327,2328
1320,439,2328,2329
711,1312,2330,2379
1310,1308,2331,2380
1308,1049,2332,2333
1308,1047,2333,2334
1308,1048,2334,2380
1048,1045,2335,2336
1048,1042,2336,2381
1043,1040,2337,2338
1043,1041,2338,2339
1043,1038,2339,2340
1043,1039,2340,2383
1039,1037,2341,2384
1037,1035,2342,2385
1035,1032,2343,2344
1035,1030,2344,2345
1035,1031,2345,2386
1031,1028,2346,2347
1031,1027,2347,2387
1027,1026,2348,2349
1322,1026,2349,-1
1027,1322,2349,2350
1323,1322,2350,2890
1027,1323,2350,2351
1324,1323,2351,2890
1027,1324,2351,2388
740,1325,2352,-1
1325,1324,2352,2891
1324,740,2352,2353
1324,741,2353,2354
1324,742,2354,2355
1324,738,2355,2356
1324,739,2356,2400
739,736,2357,2358
739,734,2358,2389
1326,1327,2359,2749
1327,734,2359,2750
734,1326,2359,2389
1328,1329,2360,2747
1329,1330,2360,2748
1330,1328,2360,2361
1331,1328,2361,2746
1330,1331,2361,2362
1332,1331,2362,2745
1330,1332,2362,2401
1333,1334,2363,2744
1334,1332,2363,2745
1332,1333,2363,2392
1335,1336,2364,2743
1336,1333,2364,2744
1333,1335,2364,2392
727,1337,2365,2693
1337,1338,2365,2694
1338,727,2365,2366
1338,728,2366,2367
1338,729,2367,2368
1338,725,2368,2369
1338,726,2369,2370
1338,724,2370,2371
1338,722,2371,2372
1338,723,2372,2394
723,721,2373,2395
721,718,2374,2395
718,716,2375,2396
716,714,2376,2377
716,713,2377,2378
716,712,2378,2397
712,1312,2379,2397
1310,1048,2380,2381
1310,1042,2381,2382
1310,1043,2382,2383
1310,1039,2383,2384
1310,1037,2384,2385
1310,1035,2385,2386
1310,1031,2386,2387
1310,1027,2387,2388
1310,1324,2388,2399
739,1326,2389,2390
1339,1326,2390,2749
739,1339,2390,2391
1330,1339,2391,2748
739,1330,2391,2400
1332,1335,2392,2393
1338,1335,2393,2742
1332,1338,2393,2394
1332,723,2394,2402
723,718,2395,2396
723,716,2396,2403
716,1312,2397,2398
716,1310,2398,2399
716,1324,2399,2403
1324,1330,2400,2401
1324,1332,2401,2402
1324,723,2402,2403
140,93,2404,2405
140,94,2405,2406
140,91,2406,2418
1340,92,2407,2504
91,1340,2407,2415
1341,1342,2408,2425
1342,1340,2408,2497
1340,1341,2408,2415
1343,1344,2409,2422
1344,1345,2409,2423
1345,1343,2409,2417
1346,1347,2410,2421
1347,1343,2410,2422
1343,1346,2410,2411
1348,1346,2411,2421
1343,1348,2411,2412
96,1348,2412,2420
1343,96,2412,2413
1343,97,2413,2414
1343,140,2414,2417
91,1341,2415,2416
1345,1341,2416,2424
91,1345,2416,2418
1345,140,2417,2418
1320,1318,2419,2432
1318,1348,2420,2433
1348,1347,2421,2434
1347,1344,2422,2423
1347,1345,2423,2424
1347,1341,2424,2425
1347,1342,2425,2426
1349,1342,2426,2497
1347,1349,2426,2427
1350,1349,2427,2503
1347,1350,2427,2428
440,1350,2428,2510
1347,440,2428,2429
1347,441,2429,2430
1347,442,2430,2434
442,1321,2431,2435
1321,1318,2432,2433
1321,1348,2433,2435
1348,442,2434,2435
32,37,2436,2439
37,35,2437,2439
35,32,2438,2439
1313,594,2440,2441
1313,590,2441,2442
1313,591,2442,2477
591,588,2443,2444
591,587,2444,2478
587,586,2445,2479
586,584,2446,2447
586,580,2447,2490
581,579,2448,2449
581,578,2449,2450
1351,578,2450,2683
581,1351,2450,2451
1352,1351,2451,2687
581,1352,2451,2480
571,1353,2452,2691
1353,1352,2452,2686
1352,571,2452,2453
1352,572,2453,2481
572,569,2454,2455
572,568,2455,2456
572,567,2456,2457
1354,567,2457,2883
572,1354,2457,2458
1355,1354,2458,2885
572,1355,2458,2459
1356,1355,2459,-1
572,1356,2459,2491
1357,1358,2460,2704
1358,1359,2460,2705
1359,1357,2460,2482
1360,1361,2461,2702
1361,1357,2461,2703
1357,1360,2461,2492
1362,1363,2462,2718
1363,1364,2462,2719
1364,1362,2462,2463
1365,1362,2463,2725
1364,1365,2463,2464
1366,1365,2464,2562
1364,1366,2464,2465
1367,1366,2465,2561
1364,1367,2465,2483
1368,1369,2466,2560
1369,1367,2466,2561
1367,1368,2466,2484
1370,1371,2467,2583
1371,1372,2467,2559
1372,1370,2467,2468
1373,1370,2468,2558
1372,1373,2468,2486
1374,1375,2469,2557
1375,1373,2469,2558
1373,1374,2469,2470
1376,1374,2470,2556
1373,1376,2470,2471
1377,1376,2471,2555
1373,1377,2471,2487
1378,1379,2472,2553
1379,1377,2472,2554
1377,1378,2472,2494
1380,1381,2473,2551
1381,1378,2473,2552
1378,1380,2473,2488
1315,1380,2474,2550
1380,1316,2474,2488
1316,1314,2475,2476
1316,1313,2476,2477
1316,591,2477,2478
1316,587,2478,2479
1316,586,2479,2489
580,1352,2480,2481
580,572,2481,2495
1359,1356,2482,2705
1356,1357,2482,2491
1364,1382,2483,2701
1382,1367,2483,2484
1382,1368,2484,2485
1372,1368,2485,2559
1382,1372,2485,2486
1382,1373,2486,2487
1382,1377,2487,2496
1378,1316,2488,2489
1378,586,2489,2490
1378,580,2490,2494
572,1357,2491,2492
572,1360,2492,2493
1382,1360,2493,2701
572,1382,2493,2495
1377,580,2494,2496
580,1382,2495,2496
1349,1340,2497,2498
1383,1340,2498,2504
1349,1383,2498,2499
1384,1383,2499,2533
1349,1384,2499,2500
1385,1384,2500,2532
1349,1385,2500,2503
1386,1387,2501,2534
1387,1385,2501,2532
1385,1386,2501,2502
1350,1386,2502,2510
1385,1350,2502,2503
1383,92,2504,2505
1383,89,2505,2509
1388,90,2506,2519
89,1388,2506,2507
1389,1388,2507,2527
89,1389,2507,2508
1390,1389,2508,2528
89,1390,2508,2509
1383,1390,2509,2528
440,1386,2510,2511
1391,1386,2511,2539
440,1391,2511,2513
443,1391,2512,2538
1391,444,2512,2513
38,1122,2514,2518
1122,43,2515,2516
1122,39,2516,2517
1122,40,2517,2518
1388,88,2519,2520
1388,86,2520,2521
1388,87,2521,2527
87,85,2522,2523
87,448,2523,2524
87,445,2524,2525
1392,445,2525,2535
87,1392,2525,2526
1389,1392,2526,2529
87,1389,2526,2527
1383,1389,2528,2529
1383,1392,2529,2530
1393,1392,2530,2535
1383,1393,2530,2531
1387,1393,2531,2534
1383,1387,2531,2533
1387,1384,2532,2533
1386,1393,2534,2539
1393,445,2535,2536
1393,446,2536,2540
446,443,2537,2538
446,1391,2538,2540
1391,1393,2539,2540
44,1120,2541,2542
44,1121,2542,2548
1121,50,2543,2544
1121,47,2544,2545
1121,48,2545,2546
1121,45,2546,2547
1121,46,2547,2548
1167,1315,2549,2550
1167,1380,2550,2551
1167,1381,2551,2552
1167,1378,2552,2553
1167,1379,2553,2554
1167,1377,2554,2555
1167,1376,2555,2556
1167,1374,2556,2557
1167,1375,2557,2577
1375,1370,2558,2578
1371,1368,2559,2560
1371,1369,2560,2579
1369,1366,2561,2562
1369,1365,2562,2563
1394,1365,2563,2725
1369,1394,2563,2564
1395,1394,2564,2736
1369,1395,2564,2579
1396,1397,2565,2653
1397,1395,2565,2741
1395,1396,2565,2566
1398,1396,2566,2633
1395,1398,2566,2567
1399,1398,2567,2662
1395,1399,2567,2568
1400,1399,2568,2661
1395,1400,2568,2569
1401,1400,2569,2660
1395,1401,2569,2580
1402,1403,2570,2667
1403,1401,2570,2660
1401,1402,2570,2571
1111,1402,2571,2611
1401,1111,2571,2572
1401,1112,2572,2573
1401,1110,2573,2574
1401,1172,2574,2581
1172,1171,2575,2584
1171,1169,2576,2582
1169,1375,2577,2578
1169,1370,2578,2582
1371,1395,2579,2580
1371,1401,2580,2581
1371,1172,2581,2583
1171,1370,2582,2584
1370,1172,2583,2584
49,1118,2585,2586
49,1117,2586,2587
49,1116,2587,2596
1404,1115,2588,2610
1116,1404,2588,2597
1405,1406,2589,2658
1406,1407,2589,2615
1407,1405,2589,2590
59,1405,2590,2648
1407,59,2590,2591
1407,55,2591,2592
1407,56,2592,2593
1407,57,2593,2598
57,52,2594,2599
53,49,2595,2596
53,1116,2596,2597
53,1404,2597,2600
1407,1408,2598,2616
1408,57,2598,2599
1408,52,2599,2602
52,1404,2600,2601
1409,1404,2601,2618
52,1409,2601,2602
1408,1409,2602,2617
81,79,2603,2604
81,78,2604,2609
78,451,2605,2606
78,463,2606,2607
78,450,2607,2608
78,449,2608,2609
1404,1113,2610,2623
1114,1402,2611,2612
1410,1402,2612,2666
1114,1410,2612,2619
1411,1412,2613,2628
1412,1410,2613,2629
1410,1411,2613,2620
1406,1413,2614,2659
1413,1414,2614,2649
1414,1406,2614,2615
1414,1407,2615,2616
1414,1408,2616,2617
1414,1409,2617,2618
1414,1404,2618,2622
1113,1410,2619,2620
1113,1411,2620,2621
1415,1411,2621,2628
1113,1415,2621,2623
1414,1415,2622,2649
1415,1404,2622,2623
233,231,2624,2627
231,564,2625,2626
231,563,2626,2627
1415,1412,2628,2650
1416,1410,2629,2666
1412,1416,2629,2630
1417,1416,2630,2665
1412,1417,2630,2631
1418,1417,2631,2664
1412,1418,2631,2651
1398,1419,2632,2663
1419,1418,2632,2664
1418,1398,2632,2633
1418,1396,2633,2652
1420,1421,2634,2740
1421,1397,2634,2741
1397,1420,2634,2635
1422,1420,2635,2775
1397,1422,2635,2636
1423,1422,2636,2787
1397,1423,2636,2653
1424,1425,2637,2786
1425,1423,2637,2787
1423,1424,2637,2654
1426,1427,2638,2809
1427,1424,2638,2786
1424,1426,2638,2639
1428,1426,2639,2764
1424,1428,2639,2640
1429,1428,2640,2763
1424,1429,2640,2641
66,1429,2641,2732
1424,66,2641,2642
1430,66,2642,2676
1424,1430,2642,2643
1431,1430,2643,2676
1424,1431,2643,2644
1432,1431,2644,2675
1424,1432,2644,2655
1433,1434,2645,2674
1434,1432,2645,2675
1432,1433,2645,2646
60,1433,2646,2673
1432,60,2646,2647
1432,58,2647,2656
58,1405,2648,2657
1413,1415,2649,2650
1413,1412,2650,2651
1413,1418,2651,2652
1413,1396,2652,2659
1396,1423,2653,2654
1396,1424,2654,2655
1396,1432,2655,2656
1396,58,2656,2657
1396,1405,2657,2658
1396,1406,2658,2659
1403,1400,2660,2661
1403,1399,2661,2662
1403,1398,2662,2663
1403,1419,2663,2668
1419,1417,2664,2665
1419,1416,2665,2668
1416,1402,2666,2667
1416,1403,2667,2668
74,72,2669,2670
74,71,2670,2671
74,70,2671,2672
61,1433,2673,2674
61,1434,2674,2682
1434,1431,2675,2679
1431,66,2676,2677
1431,65,2677,2679
64,61,2678,2681
1434,65,2679,2680
1434,63,2680,2682
63,61,2681,2682
1351,575,2683,2684
1351,576,2684,2685
1435,576,2685,2692
1351,1435,2685,2687
1353,1435,2686,2692
1435,1352,2686,2687
576,574,2688,2689
576,573,2689,2690
576,571,2690,2691
576,1353,2691,2692
730,1337,2693,2698
1436,1338,2694,2742
1337,1436,2694,2695
1437,1436,2695,2752
1337,1437,2695,2699
735,1437,2696,2751
1437,733,2696,2700
733,732,2697,2700
732,1337,2698,2699
732,1437,2699,2700
1364,1360,2701,2702
1364,1361,2702,2703
1364,1357,2703,2704
1364,1358,2704,2719
1358,1356,2705,2706
1438,1356,2706,-1
1358,1438,2706,2707
1439,1438,2707,2887
1358,1439,2707,2708
1440,1439,2708,2887
1358,1440,2708,2709
1441,1440,2709,2886
1358,1441,2709,2710
1442,1441,2710,2886
1358,1442,2710,2711
1443,1442,2711,2847
1358,1443,2711,2720
1444,1445,2712,2845
1445,1443,2712,2846
1443,1444,2712,2720
1446,1447,2713,2821
1447,1448,2713,2843
1448,1446,2713,2714
1449,1446,2714,2781
1448,1449,2714,2722
1450,1451,2715,2780
1451,1449,2715,2781
1449,1450,2715,2716
1452,1450,2716,2727
1449,1452,2716,2723
1362,1453,2717,2726
1453,1452,2717,2727
1452,1362,2717,2718
1452,1363,2718,2724
1363,1358,2719,2724
1358,1444,2720,2721
1448,1444,2721,2844
1358,1448,2721,2722
1358,1449,2722,2723
1358,1452,2723,2724
1394,1362,2725,2726
1394,1453,2726,2731
1453,1450,2727,2728
1454,1450,2728,2780
1453,1454,2728,2729
1455,1454,2729,2767
1453,1455,2729,2730
1456,1455,2730,2737
1453,1456,2730,2731
1394,1456,2731,2736
67,1429,2732,2733
1457,1429,2733,2763
67,1457,2733,2734
1458,1457,2734,2758
67,1458,2734,2735
453,1458,2735,2757
1395,1456,2736,2737
1395,1455,2737,2738
1459,1455,2738,2767
1395,1459,2738,2739
1420,1459,2739,2776
1395,1420,2739,2740
1395,1421,2740,2741
1436,1335,2742,2743
1436,1336,2743,2753
1336,1334,2744,2753
1334,1331,2745,2746
1334,1328,2746,2747
1334,1329,2747,2756
1329,1339,2748,2754
1339,1327,2749,2754
1327,735,2750,2751
1327,1437,2751,2752
1327,1436,2752,2755
1436,1334,2753,2755
1329,1327,2754,2756
1327,1334,2755,2756
454,1458,2757,2758
454,1457,2758,2762
1460,1461,2759,2818
1461,1457,2759,2766
1457,1460,2759,2760
455,1460,2760,2817
1457,455,2760,2761
1457,456,2761,2762
1457,1428,2763,2764
1457,1426,2764,2765
1462,1426,2765,2808
1457,1462,2765,2766
1461,1462,2766,2808
1459,1454,2767,2768
1463,1454,2768,2785
1459,1463,2768,2769
1464,1463,2769,2784
1459,1464,2769,2770
1465,1464,2770,2783
1459,1465,2770,2779
1466,1467,2771,2835
1467,1468,2771,2826
1468,1466,2771,2772
1469,1466,2772,2791
1468,1469,2772,2773
1470,1469,2773,2790
1468,1470,2773,2777
1422,1471,2774,2788
1471,1472,2774,2789
1472,1422,2774,2775
1472,1420,2775,2776
1472,1459,2776,2778
1468,1465,2777,2820
1465,1470,2777,2779
1472,1470,2778,2789
1470,1459,2778,2779
1454,1451,2780,2785
1451,1446,2781,2782
1465,1446,2782,2820
1451,1465,2782,2783
1451,1464,2783,2784
1451,1463,2784,2785
1427,1425,2786,2804
1425,1422,2787,2788
1425,1471,2788,2805
1471,1470,2789,2790
1471,1469,2790,2791
1471,1466,2791,2792
1473,1466,2792,2842
1471,1473,2792,2793
1474,1473,2793,2871
1471,1474,2793,2805
1475,1476,2794,2869
1476,1474,2794,2870
1474,1475,2794,2795
460,1475,2795,-1
1474,460,2795,2796
1474,461,2796,2806
461,459,2797,2798
1477,459,2798,2815
461,1477,2798,2799
1478,1477,2799,2819
461,1478,2799,2800
1479,1478,2800,2832
461,1479,2800,2801
1480,1479,2801,2832
461,1480,2801,2802
1481,1480,2802,2831
461,1481,2802,2806
1427,1482,2803,2810
1482,1481,2803,2831
1481,1427,2803,2804
1481,1425,2804,2807
1425,1474,2805,2807
1474,1481,2806,2807
1461,1426,2808,2809
1461,1427,2809,2810
1461,1482,2810,2811
1483,1482,2811,2830
1461,1483,2811,2812
1484,1483,2812,2830
1461,1484,2812,2813
1485,1484,2813,2829
1461,1485,2813,2814
1478,1485,2814,2829
1461,1478,2814,2818
1477,457,2815,2816
1477,455,2816,2817
1477,1460,2817,2819
1460,1478,2818,2819
1468,1446,2820,2821
1468,1447,2821,2827
1486,1487,2822,2855
1487,1488,2822,2852
1488,1486,2822,2823
1489,1486,2823,2837
1488,1489,2823,2824
1490,1489,2824,2836
1488,1490,2824,2828
1467,1491,2825,2835
1491,1490,2825,2836
1490,1467,2825,2826
1490,1468,2826,2827
1490,1447,2827,2828
1488,1447,2828,2843
1478,1484,2829,2833
1484,1482,2830,2834
1482,1480,2831,2834
1480,1478,2832,2833
1480,1484,2833,2834
1466,1491,2835,2842
1491,1489,2836,2837
1491,1486,2837,2838
1492,1486,2838,2863
1491,1492,2838,2839
1493,1492,2839,2862
1491,1493,2839,2840
1494,1493,2840,2865
1491,1494,2840,2841
1473,1494,2841,2865
1491,1473,2841,2842
1488,1448,2843,2844
1488,1444,2844,2845
1488,1445,2845,2846
1488,1443,2846,2853
1495,1442,2847,2889
1443,1495,2847,2848
1496,1495,2848,-1
1443,1496,2848,2849
1497,1496,2849,2874
1443,1497,2849,2854
1498,1499,2850,2873
1499,1497,2850,2874
1497,1498,2850,2854
1487,1500,2851,2855
1500,1498,2851,2873
1498,1487,2851,2852
1498,1488,2852,2853
1498,1443,2853,2854
1486,1500,2855,2856
1501,1500,2856,2878
1486,1501,2856,2864
1502,1503,2857,2876
1503,1501,2857,2877
1501,1502,2857,2858
1504,1502,2858,-1
1501,1504,2858,2859
1505,1504,2859,2868
1501,1505,2859,2860
1506,1505,2860,2867
1501,1506,2860,2864
1493,1507,2861,2866
1507,1506,2861,2867
1506,1493,2861,2862
1506,1492,2862,2863
1506,1486,2863,2864
1473,1493,2865,2866
1473,1507,2866,2871
1507,1505,2867,2868
1507,1504,2868,2872
1475,1504,2869,-1
1504,1476,2869,2870
1504,1474,2870,2872
1474,1507,2871,2872
1500,1499,2873,2878
1499,1496,2874,2875
1502,1496,2875,-1
1499,1502,2875,2876
1499,1503,2876,2877
1499,1501,2877,2878
748,746,2879,2882
746,743,2880,2881
747,743,2881,-1
746,747,2881,2882
1354,566,2883,2884
1354,565,2884,2885
1355,565,2885,-1
1442,1440,2886,2889
1440,1438,2887,2888
1495,1438,2888,-1
1440,1495,2888,2889
1324,1322,2890,2891
1325,1322,2891,-1