-134.932539,74.633572,0,1,559,560,1810,1814
-135.0,74.633333,0,555,560
-135.0,74.566667,0,1,104,433
-134.600099,74.734271,1,2,104,105,1813,1814,1906
-134.466653,74.80065,2,3,4,5,6,7,8,105,106,1905
-134.599383,74.800067,2,1905,1906,1907
-134.133667,74.900303,3,4,1916
-134.433628,74.898568,3,1904,1905,1907,1916,1917
-133.799527,74.966007,4,5,1915,1916,1917,1918,1919
-133.801449,74.932038,5,6,1914,1915
-133.401549,74.900777,6,7,1913,1914
-133.066406,74.833697,7,8,1912,1913
-132.733452,74.800873,8,106,107,1911,1912
-132.399148,74.833984,9,10,1761,1976,1980
-132.498488,74.866988,9,1761,1762,1909,1910
-132.50005,74.832554,9,10,107,108,1910,1911
-131.800921,74.800193,10,11,12,108,109,1979,1980
-131.234474,74.833491,11,12,2102,2103
-131.232643,74.866588,11,1978,1979,2096,2097,2098,2099,2100,2103,2104
-131.200165,74.832766,12,13,109,110,2102
-130.866618,74.83424,13,14,110,111,112,113,114,115,151,152,2101
-131.200578,74.865931,13,2101,2102,2103,2104
-130.634665,74.866188,14,15,16,111,2099,2100
-130.866464,74.866241,14,2100,2101,2104
-130.33369,74.935038,15,16,1756,1757,1758,1805,1808
-130.635296,74.901968,15,1757,2098,2099
-129.799801,74.900026,16,17,18,19,111,112,1756
-129.699713,74.898852,17,18,1754,1755
-129.700512,74.933914,17,1755,1756,1792,1807,1808,1809
-129.19942,74.866114,18,19,1753,1754
-129.198987,74.834302,19,112,113,1752,1753
-127.266399,74.698434,20,21,115,152,153,1750
-127.532728,74.765521,20,1750,1751,1752,1753,1754,1755,1791,1792
-127.632545,74.732344,20,114,115,1751
-126.866634,74.700361,21,116,117,153,154,1748,1749
-127.266244,74.732334,21,1749,1750,1791
-124.899785,74.766911,22,23,1747,2426,2432,2433
-126.398003,74.798945,22,1747,1748,1749,1790,1791,1792,1802,1804,1806,1807
-126.399365,74.766783,22,23,116,1748
-124.901864,74.732771,23,116,117,2431,2432
-123.999258,74.834195,24,25,1742,2475,2479
-124.098998,74.83348,24,1742,1743,2429,2430
-124.265925,74.732993,24,25,26,117,118,119,120,154,155,2430,2431
-123.632452,74.833615,25,26,2478,2479,2480
-123.631803,74.799659,26,27,118,2478
-123.499794,74.800316,27,28,118,119,2476,2477
-123.499247,74.833272,27,2477,2478,2480
-122.766125,74.798955,28,29,119,120,1740,2597,2601
-123.100837,74.831467,28,1740,1741,2476
-122.234408,74.765643,29,120,155,156,165,166,167,168,169,170,171,2599,2600
-122.232791,74.800613,29,2600,2601,2602
-121.833659,74.799862,30,31,32,121,2598
-122.166835,74.799668,30,2598,2599,2600,2602
-122.165831,74.767269,30,121,122,123,124,125,126,127,128,129,156,2599
-121.767117,74.833197,31,32,1739,1785,1786,2696
-121.833896,74.833123,31,1739,2597,2598,2601,2602
-121.766982,74.799792,32,33,121,122,2696,2702,2703
-121.466396,74.76703,33,122,123,2700,2701
-121.467673,74.79976,33,2701,2702
-121.167258,74.800028,34,35,2698,2699
-121.333736,74.799847,34,2699,2700,2701,2702,2703
-121.33476,74.766247,34,35,123,124,2700
-121.067313,74.73296,35,36,37,38,39,40,41,124,125,2697,2698
-120.93359,74.801168,36,37,1738,1783,1784,2732
-120.968536,74.799587,36,1738,2697
-120.934151,74.765589,37,38,2732,2738
-120.700725,74.768492,38,39,2737,2738,2739
-120.699816,74.734417,39,40,2736,2737
-120.499332,74.734106,40,41,2735,2736
-120.500366,74.69989,41,42,43,125,126,2734,2735
-119.966481,74.701991,42,43,2780,2781,2795,2796
-119.968049,74.73427,42,1736,2733,2734,2780
-119.333753,74.632918,43,44,45,126,127,2795
-118.602451,74.500217,44,45,2794,2800,2802
-118.833445,74.633735,44,2795,2796,2797,2800
-119.034615,74.433597,45,127,128,2794
-117.966558,74.266177,46,129,130,131,156,157,158,159,166,2791,2792
-118.132802,74.367062,46,2792,2793
-118.466117,74.36727,46,128,129,2793,2794,2799,2801,2802
-117.766464,74.56847,47,48,2789,2790
-117.899937,74.533687,47,2790,2791,2792,2793,2798,2799
-117.89891,74.433975,47,48,49,130,2791
-117.765694,74.534022,48,49,2788,2789
-117.568585,74.531451,49,50,51,52,53,54,130,131,2787,2788
-117.367638,74.566569,50,51,2785,2786,2845,2846
-117.566514,74.567941,50,2786,2787
-116.733313,74.600386,51,52,2844,2845
-116.667742,74.597811,52,53,2844,2873
-116.56589,74.532141,53,54,2873,2874,2875,2878,2881,2882
-115.932335,74.401122,54,55,56,57,58,59,60,61,131,132,133,157,2878
-115.73335,74.533452,55,56,2880,2881,2882
-115.934527,74.500327,55,2878,2881
-114.86578,74.531891,56,57,2877,2879,2880
-114.831774,74.33472,57,58,2841,2842,2877,2928
-115.034023,74.066655,58,59,477,478,2928,2929,2930,2931
-115.833651,74.068399,59,60,477
-115.834188,74.034086,60,61,476,477,478,479,530
-116.56678,74.033168,61,62,63,132,475,476
-116.767791,74.132868,62,63,2869,2870
-116.567714,73.998419,62,475,2870,2871,2872
-116.767471,74.166789,63,64,132,133,2869
-117.333956,74.167836,64,133,134,135,157,158,2867,2868
-116.83377,74.132973,64,2868,2869,2870,2872
-118.100274,74.033617,65,66,67,68,134,135,473
-117.165729,74.03312,65,473,474,2867,2868,2871,2872
-117.333122,74.132611,65,134,2867
-119.099608,73.999457,66,67,471,472,2805
-118.100632,73.998886,66,472,473,474,528,529
-119.467691,74.033972,67,68,2804,2805,2806,2807,2808,2809,2810
-119.766693,74.100438,68,135,136,137,138,158,159,2803,2804
-119.667044,74.001063,69,70,466,467,468,525,526
-119.666809,74.034161,69,467,2803,2804,2810
-119.766941,74.032435,69,70,136,2803
-120.333193,73.999097,70,71,136,137,465,466
-120.967264,74.131775,71,72,73,137,138,2713
-120.333793,73.966913,71,465,2713,2714
-121.365358,74.332867,72,73,2711,2712
-121.067449,74.132928,72,2712,2713,2714,2715,2716,2717,2718
-121.367943,74.366842,73,74,138,159,166,167,2710,2711
-121.900926,74.366634,74,167,168,2682,2683
-121.566171,74.333147,74,2683,2684,2710
-122.967004,73.799925,75,76,2493,2494,2495,2496,2499
-122.400562,73.866721,75,2494,2577,2578,2583
-122.565657,73.965472,75,76,77,139,2578,2579
-123.132527,73.832527,76,77,459,460,2493
-123.266279,73.998685,77,78,79,139,140,458,459
-123.999596,74.033876,78,79,456,457,2414,2415,2424,2425
-123.99908,74.000516,78,457,458
-123.900966,74.232559,79,140,141,2413,2414
-124.567766,74.199996,80,81,142,2411,2412,2436,2437
-124.09883,74.200354,80,2412,2413,2414,2420,2423,2424
-124.100743,74.234902,80,141,142,160,161,2413
-124.800426,74.200106,81,82,83,142,161,170,171,2389,2390,2435
-124.665471,74.167173,81,2435,2436
-125.633583,74.032046,82,83,2364,2365,2388
-125.234378,74.065923,82,2388,2389
-125.731584,74.032039,83,162,163,164,165,171,2363,2364
-126.466788,73.700027,84,85,86,87,143,2325,2326
-126.431872,73.701093,84,2326,2327,2343,2346,2347
-126.232573,73.866537,84,143,162,2343,2363
-126.666316,73.633284,85,86,2262,2314
-126.467969,73.66858,85,2314,2315,2325
-126.898269,73.599788,86,87,2261,2262,2268,2269
-127.099526,73.734059,87,143,144,145,162,163,2260,2261
-127.39892,73.534554,88,89,444,2238
-127.166226,73.566233,88,2238,2239,2260,2261,2267,2268
-127.232665,73.700097,88,89,90,144,2260
-127.433589,73.532702,89,90,443,444,517,518
-127.53288,73.934448,90,144,145,442,443
-129.933548,74.300255,91,92,93,94,95,96,146,441
-129.933927,74.264968,91,441,442,443,516,517
-128.099689,74.267471,91,145,146,147,163,164,442
-131.799982,74.334829,92,93,439,440,2044,2045
-131.799393,74.300407,92,440,441,515,516
-131.666481,74.33298,93,94,2044
-131.534225,74.433673,94,95,2043,2044,2045,2046
-131.200874,74.465891,95,96,2043,2093
-131.033753,74.567192,96,146,147,2092,2093,2094,2095
-131.466479,74.566344,97,98,148,2091
-131.301703,74.567749,97,2091,2092,2095
-131.299369,74.598698,97,147,148,149,150,151,152,153,154,155,164,165,2092
-132.032544,74.466907,98,99,100,101,102,148,149,2041
-131.46624,74.533968,98,2041,2042,2091,2094,2095
-131.900785,74.33412,99,100,438,439,440,514,515
-131.899779,74.368455,99,439,2041,2042,2045,2046
-133.065985,74.331879,100,101,437,438
-133.066714,74.400727,101,102,436,437
-133.199893,74.532963,102,103,149,150,435,436
-134.131634,74.564799,103,104,105,106,107,108,109,110,150,151,433,434
-134.134067,74.532891,103,434,435
-128.43386,74.767052,113,114,1751,1752
-122.96553,74.265289,139,140,141,160,2572,2579,2580,2581
-122.968259,74.300421,160,161,169,170,2572
-121.934872,74.365573,168,169,2572,2573,2574,2580,2681,2682
-134.266701,77.733309,172,173,933
-135.0,77.633333,172,803,804,805,806,807,808,933,934
-135.0,76.066667,172,173,174,175,176,177,178,253,795
-134.099522,77.832802,173,174,933,934,935,936,937,991
-133.300654,77.900418,174,175,932,990,991,992,993,994,995,996,1001,1002
-132.833667,77.865634,175,176,932
-132.599294,77.933175,176,177,931,932,989,990
-131.433929,77.967105,177,178,930,931
-131.00086,77.967975,178,179,253,254,930
-130.566723,77.99945,179,180,254,255,929
-130.999347,78.00037,179,929,930,931,988,989
-129.498986,78.033726,180,255,256,257,258,290,291,927,928
-130.565932,78.033543,180,928,929,987,988
-129.700546,78.133412,181,182,926,986,987,988,989,990,1000,1001
-129.699373,78.067061,181,927,928,987
-129.501,78.067021,181,182,256,927
-129.267917,78.132848,182,183,184,256,257,926
-128.232986,78.165398,183,184,924,925
-129.266391,78.166536,183,925,926,985,986
-128.233543,78.131421,184,257,258,923,924
-125.700985,78.301229,185,186,187,188,189,190,191,259,260,921
-127.199597,78.300639,185,921,922,923,924,925,984,985
-127.199227,78.266741,185,259,922
-125.000959,78.366015,186,187,920,982,983
-125.698468,78.333962,186,921,983,984
-125.000566,78.331902,187,188,920
-124.167013,78.366063,188,189,919,920,981,982
-124.166699,78.33175,189,190,918,919
-123.166557,78.299904,190,191,917,918
-122.800947,78.268057,191,192,193,260,261,292,293,917
-122.666526,78.36774,192,193,915,916
-122.898769,78.364896,192,916,917,918,919,980,981
-122.033913,78.298353,193,194,261,914,915
-120.700317,78.300147,194,261,293,294,912,913
-121.599669,78.333227,194,913,914
-119.266483,78.600664,195,196,909,910
-119.433741,78.601513,195,910,911,912,913,914,915,916,979,980
-119.433161,78.565343,195,196,262,911
-118.932815,78.666217,196,262,295,296,908,909
-118.46759,79.031581,197,198,906,907
-118.834032,78.899784,197,907,908,909,910,979
-118.633551,78.801355,197,198,263,264,296,297,908
-118.101156,79.233888,198,199,263,906
-117.099827,79.467744,199,200,263,264,905
-118.099821,79.267689,199,905,906,907,978,979,980,981,982,983,984,985,986,1000
-116.799283,79.534699,200,201,264,297,298,904
-116.96983,79.532423,200,904,905,977,978
-116.133439,79.832348,201,265,266,298,299,902,903
-116.799366,79.599889,201,903,904,977
-115.300764,80.133764,202,203,901,975,976
-116.266896,80.134251,202,902,903,976,977,978,1000,1001,1002,1003,1004,1005,1008
-116.065828,79.934256,202,203,204,265,902
-115.300484,80.098439,203,204,900,901
-114.866134,80.100073,204,205,265,266,900
-114.334464,80.133981,205,266,267,299,300,898,899
-114.866069,80.13283,205,899,900,901,974,975
-113.333769,80.367436,206,267,268,269,270,271,272,300,301,895,896
-113.699985,80.366074,206,896,897
-113.701064,80.332646,206,267,897,898
-113.401804,81.200293,207,208,894,972,973
-113.735458,80.86582,207,895,896,897,898,899,973,974
-113.533799,80.698733,207,208,268,895
-113.166032,81.19888,208,209,210,211,212,213,268,269,894
-112.834547,81.499971,209,210,892,893
-113.299378,81.266506,209,893,894,971,972
-112.5,81.6,210,211,891,892
-112.5,78.466667,211,212,690,691
-112.866667,78.465811,212,213,690
-113.066461,78.367762,213,269,270,689,690,691,692,693,694,695,696,697,754,755
-115.633776,78.067168,214,215,686,687
-115.233119,78.067554,214,687,688
-114.431614,78.300145,214,215,270,271,688,689
-115.634004,78.133451,215,216,217,218,271,272,685,686
-116.434816,77.699827,216,217,683,684
-115.967454,77.901163,216,684,685
-116.667607,77.699684,217,218,682,683
-117.533088,77.434285,218,272,273,274,301,681,682
-116.598456,76.900957,219,220,680,753,754,755,756,757,758,759,760,774,775
-116.70029,77.000264,219,681,682,683,684,685,686,687,688,689,754
-117.16835,77.000269,219,220,221,222,223,224,273,681
-117.167294,76.899166,220,221,680
-117.534206,76.764998,221,222,679,680,752,753,2826
-117.533192,76.869126,222,223,2825,2826,2828
-118.164985,76.699877,223,224,2824,2825
-118.267089,76.699808,224,225,273,274,2824
-118.900464,76.500344,225,274,275,276,277,278,279,280,281,282,283,284,285,286,287,288,289,290,291,292,293,294,295,296,297,298,299,300,301,676,677
-118.267471,76.601974,225,677,678,2824,2825,2827,2828
-118.834056,75.93276,226,227,774,775,777
-118.500287,76.09933,226,676,677,678,752,753,774
-119.000276,76.398988,226,227,228,275,676
-119.133856,75.834096,227,228,675,751,777,782
-119.633322,75.866582,228,229,275,276,675
-120.00076,75.832756,229,230,276,277,674
-119.632893,75.833134,229,674,675,750,751
-120.531791,75.800485,230,277,278,672,673
-119.998832,75.798843,230,673,674,749,750
-121.466909,75.700637,231,232,233,234,235,279,280,671
-120.966288,75.701792,231,671,672,673,748,749
-120.833149,75.766143,231,278,279,672
-121.832647,75.600531,232,233,747,748,749,750,751,782,784
-121.468031,75.664593,232,671,748
-122.199709,75.600505,233,234,670,746,747
-122.200537,75.633062,234,235,669,670
-123.100226,75.634045,235,236,237,238,239,240,280,281,669
-123.533142,75.534711,236,237,668,746,747,781,783,784
-123.099861,75.600695,236,669,670,746
-123.965954,75.600038,237,238,667,668
-124.366297,75.599922,238,239,666,667
-125.065766,75.634574,239,240,665,666
-125.800469,75.700227,240,241,281,282,665
-127.732821,75.634578,241,242,243,282,283,664
-126.66623,75.534605,241,664,665,666,667,668,780,781
-128.499772,75.632514,242,243,662,663
-128.497913,75.601173,242,663,664,745,779,780
-130.333393,75.831915,243,283,284,661,662
-131.766138,75.832229,244,245,246,285,286,659,660
-130.868373,75.798914,244,660,661,662,663,745
-130.866541,75.83373,244,284,285,661
-132.032555,75.765212,245,246,1962
-132.034066,75.666457,245,658,659,1962,1963
-132.234213,75.967193,246,247,286,287,1961,1962,1963,1964,1968,1969
-132.466398,76.065125,247,287,288,1959,1960
-132.465683,76.033793,247,1960,1961
-133.500128,75.966379,248,249,650,651
-133.099696,75.965597,248,651,652,1958
-133.033694,76.068808,248,249,250,251,252,288,289,1958,1959
-133.499651,75.998903,249,250,649,650
-133.93385,75.998773,250,251,648,649,796,797
-133.933104,76.067536,251,252,796
-134.600769,76.067505,252,253,254,255,289,290,795,796,797,798,799,800,801,802
-127.532138,78.167981,258,259,260,291,292,922,923
-119.801012,78.39958,262,294,295,911,912
-133.934169,86.601071,302,303,348,349,1608
-135.0,86.6,302,1536,1537,1538,1539,1540,1541,1542,1543,1608,1609
-135.0,86.466667,302,347,348,1521
-133.133295,86.63333,303,304,349,350,1607
-133.934737,86.633258,303,1607,1608,1609,1610,1611,1644
-129.700277,86.666864,304,305,350,351,1606
-133.135028,86.666993,304,1606,1607,1643,1644,1648
-127.566046,86.700374,305,306,351,352,1605
-129.699898,86.699313,305,1605,1606,1642,1643
-126.666217,86.73282,306,307,308,352,353,1604
-127.566307,86.732319,306,1604,1605,1642
-126.431857,86.767329,307,308,1603,1654,1657
-126.666511,86.766684,307,1604,1642,1643,1648,1654
-126.431806,86.732695,308,309,353,354,1603
-122.801798,86.732869,309,310,311,354,355,1602
-122.80119,86.764612,309,1602,1603,1653,1656,1657,1658
-121.833585,86.634629,310,311,1601,1641,1651,1652
-122.068305,86.733387,310,1602,1652,1653
-122.899484,86.500394,311,312,355,356,357,358,359,360,368,369,370,371,372,373,374,375,1601
-123.500381,86.232491,312,313,314,315,316,356,1600
-122.899805,86.400183,312,1600,1601,1641
-124.267588,85.967665,313,314,1599,2248
-123.299971,86.067457,313,1599,1600,1640,1641,1647,1650,1651
-124.933075,85.999307,314,315,2247,2248,2249,2250,2251,2256,2257
-124.932287,86.032343,315,316,2246,2247
-125.632969,86.067473,316,317,356,357,2246
-126.232092,86.033254,317,318,357,358,2245
-125.633018,86.033398,317,2245,2246,2247,2255,2256
-126.668215,86.000776,318,319,358,359,2244
-126.232747,85.99993,318,2244,2245,2255
-126.933629,86.000609,319,359,360,2243,2253,2254
-126.933681,85.932758,319,2244,2254,2255,2256,2257,2258,2259
-127.267016,85.866884,320,321,381,2252,2258,2259,2271
-127.166089,85.965214,320,2253,2254,2259
-127.400126,85.967375,320,321,322,361,2243,2253
-127.63198,85.866607,321,322,380,381,391,392
-127.501309,85.999258,322,323,324,325,326,361,362,380
-128.567187,85.9663,323,324,378,379
-128.06592,85.96634,323,379,380,390,391
-128.667637,86.065649,324,325,378,2019,2020,2021,2022,2035
-128.532109,86.066771,325,326,2018,2035,2038
-128.532388,86.100072,326,327,362,363,2017,2018
-128.900772,86.134308,327,328,363,369,370,2015,2016
-128.899246,86.100611,327,2016,2017
-129.333649,86.167716,328,370,371,2013,2014
-129.332295,86.132599,328,2014,2015
-131.198073,86.066136,329,330,2010,2011,2110
-130.466412,86.067305,329,2011,2012,2013,2014,2015,2016,2017,2018,2034,2037,2038,2039,2040
-130.467388,86.100586,329,330,331,332,333,334,335,364,2012
-131.200491,86.132712,330,331,2110,2111,2113
-130.866074,86.133651,331,332,2109,2112,2113
-130.867132,86.199648,332,333,2108,2109,2114,2115,2121
-130.399141,86.23418,333,334,2120,2121,2122,2123
-130.399943,86.166289,334,335,2119,2120
-130.132148,86.165632,335,336,364,365,2119
-129.932682,86.300889,336,337,365,372,373,2118
-130.132822,86.233765,336,2118,2119,2120,2123
-130.065871,86.367361,337,366,373,374,2116,2117
-130.067332,86.298949,337,2117,2118,2122,2123
-130.833638,86.366327,338,339,1990,1991,1992,1997,2114,2115
-130.301293,86.333609,338,2115,2116,2117,2121,2122
-130.299645,86.366472,338,339,366,2116
-131.666574,86.367001,339,340,366,367,374,375,1990
-131.866519,86.332234,340,341,342,343,367,1989
-131.666818,86.334101,340,1989,1990,1996,1997,1998
-132.232866,86.298,341,342,1526,1527,1528,1529,1530,1531,1534,1535,1988
-131.867755,86.299371,341,1988,1989,1995,1996
-132.332734,86.367685,342,343,1525,1526,1946,1947
-132.333061,86.432515,343,367,368,375,1945,1946
-133.532916,86.399496,344,345,1523,1524,1944
-133.132092,86.400614,344,1944,1945,1946,1947
-133.135146,86.43396,344,345,346,347,348,349,350,351,352,353,354,355,368,1945
-134.400786,86.398925,345,346,1522,1523
-134.398512,86.432865,346,347,1521,1522
-127.400715,85.999702,360,361,362,363,369,2243
-129.766512,86.164975,364,365,371,372,2012,2013
-129.267018,85.965877,376,377,2019,2020,2133,2134
-129.898839,85.999352,376,2024,2130,2134,2135
-129.899438,85.831783,376,377,388,389,2024,2025,2058
-129.034224,85.965795,377,378,379,389,390,2019
-127.267603,85.834479,381,382,383,384,385,386,392,393,2271,2282
-126.700684,85.767048,382,383,2064,2281
-127.100841,85.833357,382,2281,2282,2283,2284,2285,2288
-126.699472,85.732891,383,384,2063,2064,2065,2066,2081
-127.300117,85.734411,384,385,2062,2063,2235,2236
-127.666769,85.732766,385,386,2160,2161,2235
-128.466261,85.731833,386,387,393,2160
-129.133894,85.732351,387,388,389,390,391,392,393,2059,2060,2159
-128.466388,85.700685,387,2159,2160,2161,2162
-129.700627,85.732239,388,2058,2059
-133.433314,71.733194,394,395,512,513
-135.0,71.933333,394,433,434,435,436,437,438,513,514
-135.0,67.5,394,395,396,397,398,399,400,401,402,403,404,405,406,407,408,423,424
-132.60231,71.699644,395,396,511,512
-132.599039,71.665675,396,397,511
-130.999372,71.666832,397,398,510,511,512,513,514,515,516,517,518,519,520,521,539
-130.999837,71.633337,398,399,509,510
-129.50089,71.599313,399,400,509
-129.167182,71.597753,400,401,508,509,510,538,539,540,541,542,543,544,545,546,547,548,549,554
-128.93234,71.232867,401,402,507,508
-128.631877,70.966968,402,403,507
-128.36756,70.968078,403,404,506,507,508,537,538
-127.299784,70.700038,404,405,505,506
-127.299998,70.666125,405,406,504,505
-126.966064,70.667753,406,407,503,504
-126.966512,70.634339,407,408,502,503
-126.200471,70.632971,408,409,410,424,425,502
-125.500949,70.800419,409,410,500,501
-126.033292,70.700703,409,501,502,503,504,505,506,537
-125.368012,70.801485,410,425,426,499,500
-124.000851,71.333294,411,412,497,536,552,553
-124.366538,71.332945,411,498,499,500,501,537,538,553,554
-124.599208,71.132943,411,412,413,414,415,416,427,498
-124.000356,71.299379,412,413,497
-123.766013,71.300128,413,414,496,497,535,536
-123.06715,71.200427,414,415,495,496
-123.067573,71.168268,415,416,494,495
-122.732624,71.165598,416,427,428,429,430,431,432,493,494
-122.001202,71.266129,417,418,428,429,492
-122.366186,71.26753,417,492,493,494,495,496,535
-122.36559,71.233538,417,428,493
-118.731598,71.332316,418,419,429,430,491
-122.001406,71.299084,418,491,492,535,536,551,552
-116.667231,71.365883,419,420,430,431,490
-118.732779,71.367578,419,490,491,534,550,551
-113.63466,71.400216,420,421,422,423,424,425,426,431,432,489,532,533
-116.666795,71.399847,420,490,533,534
-112.5,71.566667,421,422,487,488
-112.900057,71.600791,421,488,489
-112.5,67.5,422,423
-124.800844,71.033332,426,427,432,498,499
-127.433672,73.399608,444,445,518,519,2238,2239,2240,2241,2242
-127.167096,73.265684,445,519,520,2289,2295
-127.16501,73.299133,445,2242,2289
-126.06692,73.367463,446,447,2317,2318,2331,2332,2336
-126.199267,73.30106,446,2293,2294,2318,2319
-126.199478,73.26746,446,447,520,521,2294,2295
-125.632721,73.432969,447,448,521,522,539,540,2331
-125.332177,73.665383,448,449,450,451,452,453,454,455,522,2330,2340,2342
-125.632842,73.566768,448,2331,2336,2337,2340
-125.499854,73.733424,449,450,2378,2379
-125.499828,73.701569,449,2330,2379
-125.10044,73.832556,450,451,2377,2378,2393,2394
-124.898099,73.899677,451,452,2392,2393,2407
-124.900478,73.800804,452,453,2407,2408,2417,2418
-124.768281,73.799892,453,454,2417,2445,2451
-124.465829,73.80067,454,455,2450,2451
-124.299283,73.799267,455,522,523,540,541,2449,2450
-124.201118,73.966566,456,2415,2447,2448
-124.133518,73.899424,456,457,458,459,460,523,2448,2449
-123.267468,73.733582,460,523,541,542,2493,2498,2499
-121.800935,73.734809,461,462,524,2589,2590,2689,2690,2695
-122.200933,73.733061,461,2590,2591,2592,2594,2595,2596
-122.198133,73.699984,461,524,543,544,2591
-120.933736,73.766706,462,524,544,545,2693,2694,2728,2729
-121.133011,73.800402,462,2694,2695
-120.599692,73.933574,463,464,2715,2716,2726,2727
-120.766779,73.901228,463,2727,2728,2729,2731
-120.498172,73.831392,463,464,525,526,527,545,546,2728
-120.33335,73.932866,464,465,466,525,2714,2715
-119.633038,74.033162,467,468,2809,2810
-119.800698,73.867089,468,469,526,527,2808,2809
-119.600749,73.798905,469,527,546,547,2811,2812,2813
-119.59786,73.832925,469,2807,2808,2811
-118.965881,73.867256,470,471,472,528,2806,2807,2811,2812
-119.032396,73.834221,470,2812,2813
-119.033981,73.798751,470,528,529,547,548,2813
-119.099008,73.967377,471,2805,2806
-116.399826,73.964548,474,475,476,529,530,531,548,549,2871
-114.898445,74.032747,478,479,2931,2950
-114.766565,73.933056,479,480,530,531,2950,2955,2956
-114.100499,73.899917,480,481,482,483,484,531,549,550,551,552,553,554,2963
-114.56593,73.933236,480,2955,2961,2963,2964
-114.301575,74.066524,481,482,2962
-114.334854,74.0665,481,2962,2963,2964
-114.300545,74.098739,482,483,2953,2954,2961,2962,2964
-114.164546,74.101572,483,484,2953,3007,3008
-113.53122,74.099595,484,485,532,533,534,550,3006,3007
-113.43312,74.233825,485,486,487,488,489,532,2990
-113.499587,74.16728,485,2990,2991,3006
-112.5,74.266667,486,487,2989,2998,2999
-113.434007,74.266353,486,2990,2991,2992,2993,2994,2995,2999
-122.667911,73.699091,542,543,2497,2498,2591,2592
-134.967135,74.9663,555,556,557,558,559,560,565,1710,1768,1769
-135.0,74.966667,555,561,562,563,564,565
-134.933843,74.866304,556,557,1766,1767,1811
-134.866868,74.966297,556,1767,1768
-134.90145,74.76822,557,558,1810,1811,1812,1813,1814
-134.93224,74.767424,558,559,1810
-134.732442,75.233985,561,562,612,613
-135.0,75.266667,561,566,567,568,613,614
-134.699984,75.234824,562,563,611,612,1815
-134.700567,75.200744,563,564,1815,1867,1868
-134.733653,75.067528,564,565,1710,1866,1867
-134.899144,75.767661,566,567,739,740,741,742,743,744,772,773
-135.0,75.766667,566,644,645,646,740
-134.766352,75.566407,567,568,738,739
-134.499915,75.53318,568,614,615,616,634,639,640,737,738
-133.33204,75.467071,569,570,571,572,615,616,736
-133.333046,75.49995,569,736,737,738,739,772
-133.665881,75.499428,569,615,737
-132.73358,75.43515,570,571,734,735
-132.733974,75.466477,570,735,736,772,773,776
-132.099971,75.400883,571,572,733,734
-132.099521,75.365896,572,616,640,641,642,643,732,733
-131.499284,75.399787,573,617,635,730,731
-131.733178,75.401084,573,731,732,733,734,735,776,778
-131.732618,75.366507,573,635,636,641,732
-130.767863,75.501005,574,575,729,770,771
-131.101292,75.499709,574,730,731,771,778,779,780,781,783
-131.100274,75.466409,574,575,617,730
-130.099919,75.334309,575,617,618,619,635,636,728,729
-129.200565,75.366635,576,577,727,768,769
-129.564571,75.365339,576,728,729,769,770
-129.566046,75.333142,576,577,618,728
-128.565621,75.30022,577,578,618,619,727
-127.699256,75.23358,578,579,580,619,636,637,638,641,642,726
-128.165892,75.300085,578,726,727,767,768
-126.900183,75.266735,579,580,724,725
-127.699402,75.267265,579,725,726,766,767
-126.900526,75.232744,580,581,620,621,622,623,624,625,626,627,637,723,724
-126.167014,75.267026,581,582,583,620,722
-126.500707,75.266931,581,722,723
-124.932777,75.334073,582,583,721,764,765
-126.166579,75.300254,582,722,723,724,725,765,766
-124.932533,75.299909,583,584,620,621,721
-123.233829,75.299373,584,585,586,587,588,621,622,719,720,2481,2482
-123.900024,75.331985,584,720,721,763,764
-123.599427,75.133175,585,586,1835,2458
-123.433639,75.166152,585,1835,1836,2481
-123.799566,75.134709,586,587,2458,2459,2460,2462
-124.034746,75.199614,587,588,2457,2461,2462,2463
-124.033193,75.232497,588,622,623,2456,2457
-124.833897,75.067478,589,590,2356,2357,2358,2359,2360,2361,2362
-124.599402,75.099082,589,2357,2456,2457,2461
-124.564218,75.166555,589,590,591,592,593,623,624,2456
-126.266547,75.03484,590,591,1830,2356
-126.499514,75.034016,591,592,1830,1872,2304,2305
-126.500374,75.099384,592,593,2303,2304
-126.935231,75.101376,593,594,624,625,2303
-127.068369,75.065438,594,595,596,597,625,626,2302
-126.933133,75.066532,594,2302,2303,2304,2305
-127.198961,75.033844,595,596,1829,2154,2155,2158
-127.066888,75.032586,595,1829,1872,1873,1891,2302,2305
-127.564387,75.101235,596,597,2153,2154
-127.565725,75.133967,597,598,626,627,2153
-128.532279,75.165866,598,627,628,629,637,638,2151,2152
-128.301418,75.099268,598,2152,2153,2154,2157,2158
-129.565875,75.133342,599,600,1825,1826,2125,2126
-129.165768,75.100601,599,1826,1827,2151,2152,2156,2157
-129.166875,75.134402,599,600,628,2151
-129.433532,75.200357,600,601,628,629,2125
-129.899466,75.266382,601,629,630,631,632,633,638,642,643,2124,2128,2129
-129.632944,75.200455,601,2125,2126,2127,2129
-130.665739,75.166577,602,603,1821,1822,1951,1952
-130.433718,75.199067,602,1822,1823,2124,2128
-130.43359,75.23291,602,603,604,630,2124
-131.199325,75.16635,603,604,1950,1951
-131.199179,75.199122,604,605,630,631,1950
-132.765918,75.199839,605,606,607,608,631,632,1948,1949
-131.567588,75.166002,605,1949,1950,1951,1952,1953,1954,1955,1956,1957
-133.433429,75.201156,606,607,1817,1926,1927
-133.131962,75.166551,606,1817,1818,1948
-133.434194,75.233341,607,608,1925,1926
-133.633467,75.298836,608,609,632,633,1925
-134.065196,75.433838,609,610,633,639,640,643,1924
-133.799082,75.298997,609,1924,1925,1926,1927,1928,1929
-134.234346,75.366274,610,634,639,1816,1869,1870,1928,1929
-134.066931,75.400507,610,1924,1929
-134.299546,75.233817,611,1815,1816,1868,1869
-134.298947,75.333483,611,612,613,614,634,1816
-134.732835,75.902018,644,645,791,792,793,794
-135.0,75.866667,644,785,786,792
-134.732213,75.866135,645,646,790,791
-134.433671,75.86748,646,647,740,741,790
-134.19925,75.901193,647,648,649,650,651,652,653,654,655,741,742,788,789
-134.433301,75.900385,647,789,790,791,794
-134.034567,75.967057,648,787,788,797,798
-133.03268,75.899113,652,653,1958,1959,1960,1961,1967,1968
-132.699825,75.866315,653,654,1967,1970,1971
-132.733567,75.800872,654,655,1970
-132.666133,75.667043,655,656,657,742,743,1970,1971,1972
-132.367447,75.632684,656,657,1965,1973,1974,1975
-132.467221,75.6665,656,1965,1966,1972
-132.499261,75.532829,657,743,744,1975
-132.099819,75.666205,658,1963,1964,1973,1974
-132.333651,75.466974,658,659,660,744,745,773,776,778,779,1974,1975
-117.765991,76.699331,678,679,752,2827
-117.766794,76.733045,679,2826,2827,2828
-112.5,76.4,691,692,3077
-112.534695,76.399596,692,693,3076,3077
-112.633709,76.30103,693,694,3075,3076
-112.632884,76.265819,694,695,3074,3075
-112.700819,76.267487,695,696,2621,2622,3074
-113.766422,76.134049,696,697,2620,2621
-113.866212,76.133303,697,698,699,755,756,2620
-114.232261,75.932738,698,699,2619,2652,2653,2662
-113.866889,76.099915,698,2620,2621,2622,2623,2624,2625,2626,2627,2628,2629,2630,2631,2653
-114.634375,75.867621,699,700,701,756,757,2619
-115.100898,75.832936,700,701,2617,2618,2888,2889
-114.633524,75.83455,700,2618,2619,2651,2652
-115.532287,75.899807,701,702,757,758,2888
-116.231475,75.798694,702,703,704,758,759,2884,2885,2891
-115.800203,75.833054,702,2888,2889,2890,2891
-116.666576,75.733092,703,704,2614,2615,2883
-116.633209,75.733498,703,2883,2884
-116.767254,75.734301,704,759,760,2613,2614
-116.866518,75.368609,705,706,707,708,709,710,711,712,713,714,761,2612
-116.89891,75.56706,705,2612,2613,2614,2615,2616,2650
-116.966222,75.564958,705,760,761,762,763,764,765,766,767,768,769,770,771,775,777,782,783,784,2613
-116.932558,75.265574,706,707,2661,2663,2664
-116.566087,75.300126,706,2612,2650,2651,2652,2662,2664
-118.466416,75.232792,707,708,2611,2649,2660,2661
-118.467455,75.266814,708,709,2611
-118.867454,75.266416,709,710,2610,2611,2648,2649
-118.866639,75.299182,710,711,2609,2610
-119.267076,75.333633,711,712,2608,2609
-119.533021,75.334349,712,713,2607,2608
-119.533366,75.365651,713,714,2606,2607
-119.799043,75.366403,714,715,761,762,2606
-120.534566,75.366605,715,716,717,718,719,720,762,763,2605
-119.798375,75.333088,715,2605,2606,2607,2608,2609,2610,2647,2648
-121.832953,75.266663,716,717,2603,2604
-120.699928,75.300536,716,2604,2605,2646,2647
-122.502017,75.267542,717,718,2483,2484,2603
-123.10005,75.300639,718,719,2482,2483
-134.734452,76.000978,785,786,801,802
-135.0,75.966667,785,795,802
-134.73281,75.932851,786,792,793,800,801
-134.299973,75.967388,787,798,799
-134.298677,75.932164,787,788,789,793,794,799,800
-134.566795,78.532983,803,804,1178,1179
-135.0,78.5,803,1012,1013,1179,1180
-133.967817,78.633205,804,805,1178
-132.967142,78.866738,805,806,1177,1178,1179,1180,1181,1242,1243
-132.232578,78.865658,806,807,1176,1177
-131.666548,78.933943,807,808,1175,1176
-131.233062,79.033383,808,934,935,1174,1175
-130.232812,79.36744,809,810,811,936,937,1173
-130.900862,79.201577,809,1173,1174,1175,1176,1177,1242
-130.900939,79.165789,809,935,936,1174
-129.631037,79.70087,810,811,1171,1172
-129.800607,79.699792,810,1172,1173,1242,1243,1244,1245,1246,1247,1265
-129.032559,79.8332,811,812,813,937,938,939,940,941,991,992,1171
-128.668006,80.066679,812,813,1169,1170
-128.798863,80.067534,812,1170,1171,1172,1265,1266,1273
-128.299653,80.133584,813,814,938,1169
-128.03286,80.167141,814,938,939,1167,1168
-128.299451,80.167388,814,1168,1169,1170,1241,1273,1276
-126.765881,80.400793,815,816,1166,1239,1240
-127.501006,80.300369,815,1167,1168,1240,1241
-127.497885,80.264979,815,816,939,940,1167
-125.668005,80.466608,816,817,940,941,1166
-125.232767,80.499704,817,818,941,942,943,944,945,992,993,1164,1165
-125.667279,80.499503,817,1165,1166,1239
-124.434188,80.73352,818,819,820,942,1163
-124.86683,80.633004,818,1163,1164
-123.934904,80.832818,819,820,1161,1162
-124.56676,80.833438,819,1162,1163,1164,1165,1238,1239,1240,1241,1276,1277,1280
-123.000153,80.96779,820,821,942,943,1161
-122.665472,81.034366,821,822,823,824,825,826,827,943,944,1160
-122.99901,81.033308,821,1160,1161,1162,1238
-122.766233,81.099594,822,823,1158,1159
-122.900178,81.100351,822,1159,1160,1238,1264,1279,1280
-122.166463,81.199226,823,824,1158
-121.834017,81.301073,824,825,1157,1158,1159,1237,1263,1264
-121.934752,81.23461,825,826,1157
-121.399092,81.366056,826,827,1156,1157,1236,1237
-120.933363,81.367618,827,828,944,945,1156
-120.099003,81.433443,828,945,946,947,993,994,1154,1155
-120.932736,81.400342,828,1155,1156,1235,1236
-120.666665,81.50028,829,830,1153,1234,1235,1236,1237,1262,1263
-120.666385,81.465885,829,1154,1155,1235
-120.100727,81.466369,829,830,831,832,946,1154
-120.166603,81.501705,830,831,1153
-120.166367,81.534629,831,832,1152,1153,1233,1234
-119.56803,81.532889,832,833,946,947,1152
-119.167205,81.56761,833,834,947,994,995,1150,1151
-119.567471,81.566811,833,1151,1152,1232,1233
-118.399243,81.701661,834,835,836,837,995,996,1149
-118.532365,81.699791,834,1149,1150
-117.932617,81.86804,835,836,1147,1148
-118.400534,81.733153,835,1148,1149,1150,1151,1231,1232
-117.499739,81.933693,836,837,1146,1147
-117.200663,81.934359,837,996,1002,1003,1145,1146
-116.366595,82.165838,838,1004,1005,1142,1143
-116.76593,82.166109,838,1143,1144
-116.699066,82.067915,838,1003,1004,1144,1145
-116.467172,82.833368,839,997,1006,1139,1140
-116.665481,82.700462,839,1140,1141
-116.100234,82.366094,839,1005,1006,1008,1009,1141,1142
-118.464945,83.300669,840,841,842,843,948,949,1137
-117.734165,83.066424,840,1137,1138,1139,1140,1141,1142,1143,1144,1145,1146,1147,1148,1231
-117.26588,83.067057,840,948,1138
-118.865991,83.468505,841,842,1136,1230,1260,1261
-118.56519,83.299604,841,1137,1231,1232,1233,1234,1261,1262
-118.534731,83.499872,842,843,1135,1136
-118.167171,83.499198,843,844,949,950,1135
-118.033235,83.701032,844,845,846,950,951,1134
-118.299006,83.632448,844,1134,1135,1136,1229,1230
-117.767432,83.90184,845,846,1132,1133
-118.299612,83.833618,845,1133,1134,1228,1229
-117.366112,83.900977,846,951,952,1131,1132
-117.567049,84.267841,847,848,849,953,1010,1011,1130
-117.699414,84.199615,847,1130,1131,1132,1133,1227,1228
-117.034207,84.034024,847,952,997,1006,1009,1010,1131
-118.300646,84.366055,848,849,1128,1129
-117.900277,84.267793,848,1129,1130,1226,1227
-118.299206,84.399748,849,850,953,1127,1128
-118.833706,84.498908,850,851,953,954,955,998,1007,1011,1126
-118.833927,84.466348,850,1126,1127
-119.367113,84.534204,851,852,954,1125
-119.366054,84.500583,851,1125,1126,1127,1128,1129,1226
-119.833499,84.567311,852,853,954,955,1124
-119.832727,84.53411,852,1124,1125,1225,1226,1227,1228,1229,1230,1259,1260
-120.732664,84.665787,853,854,855,955,956,957,998,1123
-120.499207,84.599774,853,1123,1124,1224,1225
-121.099554,84.63327,854,855,1122,1224,1225,1259
-120.732871,84.632373,854,1123,1224
-121.100691,84.667021,855,856,956,1122
-121.767633,84.700785,856,857,858,859,956,957,1121
-121.767591,84.666129,856,1121,1122,1259,1260,1261,1262,1263,1264,1272,1275,1278,1279
-123.133168,84.800497,857,858,1119,1120
-122.632652,84.733052,857,1120,1121,1258,1271,1272
-123.632804,84.967617,858,859,1118,1119
-123.632126,85.000733,859,957,998,999,1007,1117,1118
-126.332686,85.165879,860,861,1115,1223,1256,1257
-125.966832,85.066354,860,1116,1117,1118,1119,1120,1257,1258
-125.63348,85.068077,860,861,862,958,1116
-125.900574,85.199131,861,862,1114,1115
-125.900354,85.233055,862,863,864,865,958,959,1114
-125.800043,85.333759,863,864,1112,1113
-126.232468,85.333662,863,1113,1114,1115,1222,1223
-125.634375,85.466839,864,865,1111,1112,2403,2404
-124.832805,85.434039,865,866,867,868,959,960,2403
-124.366979,85.500145,866,867,1589,1590,2402
-124.834011,85.466926,866,2402,2403,2404,2405,2406
-124.101244,85.500942,867,868,1589,2464
-124.100029,85.400867,868,960,961,2464,2465,2466,2467,2468,2469,2470,2471,2472,2473,2474
-122.699565,85.333749,869,870,962,963,2547
-122.700749,85.365945,869,2547,2548,2566,2567
-123.100351,85.36734,869,961,962,2474,2500,2548
-121.365793,85.300986,870,871,872,873,963,964,2546
-121.698711,85.335441,870,2546,2547,2566
-120.999838,85.300796,871,872,2545
-121.001037,85.333937,871,2545,2546,2565,2566,2567,2568,2569,2570,2571
-120.634265,85.299673,872,873,2544,2545,2564,2565
-120.49902,85.232756,873,874,875,876,877,878,964,965,2544
-119.166262,85.266267,874,875,2543,2563,2564,2565,2571
-120.501764,85.267757,874,2544,2564
-119.16825,85.199276,875,876,2542,2543
-118.967693,85.066952,876,877,2541,2542
-118.534308,85.000362,877,878,2540,2541
-118.532426,84.966475,878,965,966,2539,2540
-117.667132,84.899506,879,880,881,967,968,2537,2538
-117.666324,84.934423,879,2538,2539,2540,2541,2542,2543,2562,2563
-118.065332,84.933374,879,966,967,2539
-115.933725,84.768336,880,881,2535,2536,2894
-116.834244,84.86546,880,2536,2537
-115.899742,84.701299,881,882,883,968,969,970,971,972,973,974,975,976,999,1007,1008,1009,1010,1011,2894,2899
-114.33309,84.66649,882,883,2898
-114.333645,84.7,882,2898,2899,2900,2901
-113.799645,84.63272,883,884,885,969,2897,2898,2901
-113.401118,84.66687,884,885,2528,2944,2945
-113.766834,84.699763,884,2897,2945,2946
-112.799826,84.567783,885,886,887,888,889,890,969,970,2527,2528,2529,2559
-112.5,84.466667,886,887,3071,3072
-112.5,84.566667,886,2526,2527
-112.600444,84.499233,887,888,3071
-112.599505,84.467049,888,889,3070,3071,3072,3073
-112.731904,84.466831,889,890,3070
-112.734093,84.400604,890,891,892,893,970,971,3070,3073
-112.5,84.4,891,3072,3073
-116.667635,82.965819,948,949,950,951,952,997,1138,1139
-123.965066,85.033996,958,959,960,961,962,963,964,965,966,967,968,999,1116,1117
-134.499181,79.401187,1012,1013,1386,1387
-135.0,79.233333,1012,1281,1282,1283,1284,1387,1388
-134.399112,79.40018,1013,1014,1180,1181,1386
-133.433636,79.898709,1014,1015,1181,1182,1183,1184,1185,1243,1244,1384,1385
-134.400133,79.466822,1014,1385,1386,1387,1388,1389,1390,1391,1392,1428,1429
-133.565907,80.033397,1015,1016,1182,1383
-133.565617,79.966344,1015,1383,1384
-133.465808,80.166759,1016,1017,1018,1182,1183,1382
-133.73532,80.031607,1016,1382,1383,1384,1385,1428
-133.434463,80.432703,1017,1018,1381,1445,1451
-133.66592,80.299447,1017,1382,1428,1429,1430,1431,1445
-133.06652,80.567203,1018,1019,1183,1184,1381
-132.631976,80.599701,1019,1020,1184,1185,1379,1380
-133.067065,80.599031,1019,1380,1381,1444,1450,1451,1454
-132.098951,80.667172,1020,1185,1186,1187,1244,1245,1377,1378
-132.332489,80.665598,1020,1378,1379
-131.465962,80.801479,1021,1022,1186,1187,1376
-131.934837,80.80123,1021,1376,1377,1378,1379,1380,1427,1443,1444
-131.93364,80.766022,1021,1186,1377
-130.033295,80.799338,1022,1023,1187,1245,1246,1375
-131.467938,80.831749,1022,1375,1376,1426,1427
-129.434017,80.867544,1023,1024,1188,1189,1190,1191,1192,1193,1194,1246,1247,1374
-130.033266,80.833888,1023,1374,1375,1425,1426
-129.534623,81.06623,1024,1025,1026,1188,1373
-129.73252,81.000364,1024,1373,1374,1425
-129.099767,81.265603,1025,1026,1371,1372
-129.798693,81.165765,1025,1372,1373,1424,1425,1426,1427,1443
-128.766451,81.398176,1026,1027,1028,1029,1030,1188,1189,1371
-128.966203,81.499962,1027,1028,1370,1424,1443,1444,1449,1450
-128.967314,81.465532,1027,1371,1372,1424
-128.800948,81.499412,1028,1029,1370
-128.800467,81.533126,1029,1030,1369,1370,1423,1442,1448,1449
-128.068189,81.600771,1030,1031,1189,1190,1369
-127.700699,81.634273,1031,1032,1033,1190,1191,1368
-128.067933,81.63379,1031,1368,1369,1422,1423
-127.365233,81.666353,1032,1033,1366,1367
-127.69967,81.66742,1032,1367,1368,1421,1422
-127.36695,81.633024,1033,1191,1192,1365,1366
-126.466148,81.699242,1034,1193,1194,1363,1364
-126.933788,81.699302,1034,1364,1365,1366,1367,1420,1421
-126.932409,81.666571,1034,1192,1193,1365
-125.865994,81.86667,1035,1036,1361,1362
-126.165937,81.866321,1035,1362,1363,1364,1419,1420
-126.001046,81.800356,1035,1036,1194,1195,1196,1197,1198,1247,1265,1266,1363
-125.631815,81.966266,1036,1037,1195,1360,1361
-125.299515,82.033222,1037,1038,1039,1040,1041,1042,1195,1196,1359
-125.632733,82.000268,1037,1359,1360
-125.698626,82.06601,1038,1039,1358,1419,1420,1421,1422,1423,1441,1442
-125.701049,82.03487,1038,1359,1360,1361,1362,1419
-125.332459,82.098781,1039,1040,1358
-125.332155,82.133778,1040,1041,1358,1418,1440,1441
-124.999394,82.134629,1041,1042,1357,1417,1418
-124.099586,82.033946,1042,1043,1196,1197,1356,1357
-123.231415,82.067037,1043,1044,1197,1198,1355
-123.566212,82.067917,1043,1355,1356
-122.667109,82.101315,1044,1198,1266,1273,1276,1277,1353,1354
-123.233113,82.10041,1044,1354,1355,1356,1357,1416,1417
-123.49848,82.266183,1045,1046,1199,1200,1201,1202,1203,1248,1352
-122.866317,82.167177,1045,1352,1353,1354,1415,1416
-122.566008,82.166578,1045,1248,1249,1250,1277,1278,1279,1280,1353
-123.966224,82.231408,1046,1047,1199,1351
-123.500961,82.23318,1046,1351,1352,1415
-124.867517,82.233297,1047,1048,1049,1050,1051,1052,1053,1054,1199,1200,1350
-124.299969,82.167114,1047,1350,1351,1414,1415,1416,1417,1418,1440
-125.399239,82.16671,1048,1049,1414,1440,1441,1442,1448
-124.865167,82.200158,1048,1350,1414
-125.665806,82.26613,1049,1050,1413,1448,1449,1450,1453,1454,1455
-125.533718,82.299114,1050,1051,1349,1412,1413
-124.966374,82.333043,1051,1052,1348,1349
-124.597339,82.332334,1052,1053,1347,1348
-124.599778,82.265606,1053,1054,1346,1347
-124.500213,82.268441,1054,1055,1056,1200,1201,1346
-123.999629,82.432698,1055,1056,1344,1345
-124.200567,82.401249,1055,1345,1346,1347,1348,1349,1411,1412
-123.632879,82.431993,1056,1201,1202,1343,1344
-123.93257,82.632802,1057,1058,1341,1342
-123.900013,82.533418,1057,1342,1343,1344,1345,1410,1411
-123.5656,82.532634,1057,1058,1202,1203,1343
-123.431426,82.732997,1058,1059,1060,1061,1203,1248,1249,1341
-124.034493,82.768484,1059,1060,1340,1408,1409
-124.03242,82.733557,1059,1341,1342,1409,1410
-123.700038,82.797711,1060,1061,1339,1340
-123.665716,82.899875,1061,1062,1204,1249,1250,1339
-123.868945,82.999373,1062,1063,1064,1065,1204,1338
-123.999615,82.900508,1062,1338,1339,1340,1407,1408
-124.23322,83.200382,1063,1064,1336,1337
-124.001711,83.000168,1063,1337,1338,1406,1407
-124.266671,83.333485,1064,1065,1335,1336
-123.667163,83.467012,1065,1204,1250,1274,1275,1278,1334,1335
-126.201114,83.733867,1066,1067,1331,1332
-125.633016,83.667179,1066,1332,1333,1334,1335,1336,1337,1405,1406
-124.633052,83.601489,1066,1067,1068,1205,1333
-125.997188,83.734434,1067,1068,1330,1331
-126.000822,83.765348,1068,1069,1205,1206,1251,1252,1267,1330
-126.499524,83.799422,1069,1070,1206,1329
-126.499469,83.767301,1069,1329,1330,1331,1332,1404,1405
-126.99999,83.833632,1070,1071,1206,1207,1208,1251,1328
-127.001106,83.800509,1070,1328,1329,1404
-127.566306,83.866368,1071,1072,1073,1207,1327
-127.565512,83.834516,1071,1327,1328,1404,1405,1406,1407,1408,1409,1410,1411,1412,1413,1439,1447,1452,1453
-128.033443,83.899422,1072,1073,1325,1326
-128.032858,83.867331,1072,1326,1327,1438,1439
-128.668438,83.967339,1073,1074,1075,1076,1207,1208,1325
-129.066491,84.000864,1074,1075,1323,1324
-129.066016,83.967054,1074,1324,1325,1326,1403,1437,1438
-129.666269,84.200186,1075,1076,1322,1323
-129.466855,84.368912,1076,1077,1208,1251,1252,1321,1322
-130.134077,84.499376,1077,1078,1252,1253,1267,1268,1320
-130.133201,84.467663,1077,1320,1321
-130.734535,84.532285,1078,1209,1210,1211,1253,1318,1319
-130.734039,84.499504,1078,1319,1320,1321,1322,1323,1324,1403
-131.998923,84.566525,1079,1080,1435,1436
-131.465498,84.500796,1079,1318,1319,1403,1436,1437
-131.133806,84.535922,1079,1080,1081,1082,1209,1318
-132.233662,84.665426,1080,1081,1317,1402,1434,1435
-131.832574,84.667352,1081,1082,1316,1317
-131.466991,84.799833,1082,1083,1209,1210,1316
-131.301794,84.965797,1083,1084,1210,1211,1315
-131.63343,84.866323,1083,1315,1316,1317,1401,1402
-131.468162,85.368535,1084,1085,1211,1212,1253,1268,1269,1270,1271,1272,1274,1275,1314
-131.467235,84.966396,1084,1314,1315,1401
-131.799315,85.398835,1085,1086,1212,1313
-131.800104,85.364602,1085,1313,1314,1400,1401,1402,1434
-132.500721,85.466051,1086,1087,1212,1254,1269,1312
-132.499744,85.43275,1086,1312,1313,1399,1400
-132.932858,85.500291,1087,1213,1214,1215,1216,1217,1254,1310,1311
-132.93235,85.467372,1087,1311,1312,1398,1399
-134.531232,85.500045,1088,1089,1308,1309
-133.899237,85.499298,1088,1309,1310,1311,1397,1398
-133.901263,85.533902,1088,1089,1090,1091,1092,1093,1094,1095,1096,1097,1213,1310
-134.53404,85.533444,1089,1090,1307,1308
-135.0,85.533333,1090,1091,1306,1307
-135.0,85.766667,1091,1092,1498,1499
-134.699324,85.76578,1092,1093,1499
-134.700588,85.800421,1093,1094,1498,1499,1504
-134.201084,85.899544,1094,1095,1503,1504,1923
-134.033586,85.899029,1095,1096,1922,1923,1930,1940
-133.366407,85.798529,1096,1097,1939,1940,1941,1942,1943
-131.999995,85.8683,1097,1098,1099,1213,1214,1938,1939
-131.366347,85.834355,1098,1099,2004,2005,2006,2007,2008,2009,2010,2011,2033,2034
-131.998633,85.899107,1098,1937,1938,2005
-131.8656,85.766942,1099,1100,1214,1215,2004
-132.066728,85.600228,1100,1101,1215,1216,2031,2032
-131.734813,85.699453,1100,2004,2032,2033
-131.732315,85.465863,1101,1216,1217,2047,2048,2051,2052
-131.666354,85.567284,1101,2030,2031,2047
-130.767916,85.464868,1102,1103,1255,1256,1257,1258,1270,1271,2050
-131.599696,85.467448,1102,2050,2051,2052,2053
-131.60066,85.432297,1102,1217,1254,1269,1270,2051
-130.266977,85.498732,1103,1104,1218,1219,1220,1221,1255,2049
-130.766864,85.500169,1103,2049,2050,2053
-129.901318,85.533733,1104,1105,1106,1218,2075
-130.132701,85.565256,1104,2048,2049,2052,2053,2075,2076
-129.734169,85.565899,1105,1106,2073,2074
-129.900902,85.567854,1105,2074,2075,2076,2077,2078,2079,2080,2083
-129.733199,85.532779,1106,1107,1218,1219,2072,2073
-129.367612,85.497791,1107,1108,1219,1220,2070,2071
-129.366713,85.53245,1107,2071,2072
-128.134337,85.467222,1108,1109,1220,1221,2212,2220,2221
-128.133719,85.500601,1108,2069,2070,2212
-127.166823,85.432968,1109,1221,1222,1223,1255,1256,2218,2219
-127.167039,85.465937,1109,2219,2220
-125.765783,85.500409,1110,1111,2384,2385,2400,2404,2405
-125.933554,85.501129,1110,2216,2217,2385,2386
-126.000456,85.432807,1110,1111,1112,1113,1222,2217,2218
-124.301299,83.567054,1205,1267,1268,1274,1333,1334
-134.734759,82.766187,1281,1282,1484,1485
-135.0,82.8,1281,1456,1457,1458,1459,1460,1461,1462,1463,1464,1465,1485,1486
-134.73355,82.733748,1282,1283,1483,1484
-134.100418,82.734176,1283,1284,1482,1483
-133.666796,82.83374,1284,1285,1388,1389,1482
-133.267097,82.866338,1285,1286,1389,1390,1481
-133.666096,82.866528,1285,1481,1482,1483,1484,1485,1486,1487,1488,1489,1490,1491,1492,1497
-132.932765,82.897338,1286,1287,1390,1391,1480
-133.266706,82.900187,1286,1480,1481,1496,1497
-132.20116,82.933727,1287,1288,1391,1392,1479
-132.932412,82.932648,1287,1479,1480,1495,1496
-131.766521,82.965976,1288,1289,1392,1429,1430,1478
-132.201181,82.96669,1288,1478,1479,1494,1495
-131.133261,82.999002,1289,1290,1430,1431,1476,1477
-131.766306,82.999282,1289,1477,1478,1493,1494
-130.532548,83.032707,1290,1431,1432,1445,1451,1454,1455,1474,1475
-130.966534,83.032475,1290,1475,1476
-131.266956,83.133863,1291,1292,1492,1493,1494,1495,1496,1497
-130.800361,83.066131,1291,1474,1475,1476,1477,1493
-130.532879,83.102191,1291,1292,1293,1294,1295,1296,1393,1432,1474
-131.333994,83.199798,1292,1293,1473,1491,1492
-131.099803,83.198618,1293,1294,1473
-131.098515,83.234058,1294,1295,1472,1473,1490,1491
-130.731242,83.300595,1295,1296,1471,1472
-130.732289,83.36675,1296,1297,1393,1471
-130.49968,83.466834,1297,1298,1393,1432,1452,1453,1455,1470
-130.932383,83.401464,1297,1470,1471,1472,1489,1490
-130.833685,83.533404,1298,1446,1447,1452,1468,1469
-130.834092,83.467576,1298,1469,1470,1488,1489
-132.934517,83.70113,1299,1300,1301,1394,1466
-132.333435,83.667825,1299,1466,1467,1468,1469,1487,1488
-132.332506,83.701137,1299,1394,1433,1467
-133.16608,83.666567,1300,1301,1464,1465
-132.933217,83.66526,1300,1465,1466,1486,1487
-133.266751,83.999423,1301,1394,1395,1396,1397,1398,1399,1400,1433,1434,1435,1436,1437,1438,1439,1446,1447,1463,1464
-133.800186,83.966922,1302,1303,1460,1461
-133.80069,83.900763,1302,1461,1462
-133.499179,83.998873,1302,1303,1395,1462,1463
-134.066982,84.068031,1303,1304,1305,1395,1396,1459,1460
-134.532862,84.131741,1304,1305,1457,1458
-134.365851,84.066535,1304,1458,1459
-134.532519,84.199647,1305,1306,1307,1308,1309,1396,1397,1456,1457
-135.0,84.2,1306,1456
-131.867169,83.665528,1433,1446,1467,1468
-135.0,85.8,1498,1500,1501,1502,1503,1504
-134.499135,85.998996,1500,1501,1517,1518
-135.0,86.0,1500,1505,1518,1519,1520
-134.49927,85.966083,1501,1502,1516,1517
-134.299812,85.967128,1502,1503,1515,1516,1920,1921,1922,1923
-134.133329,86.100761,1505,1506,1519,1533
-135.0,86.066667,1505,1521,1522,1523,1524,1525,1526,1533,1534
-133.500248,86.133344,1506,1507,1519,1520,1532
-134.132062,86.133477,1506,1532,1533,1534,1535
-132.999582,86.167331,1507,1508,1509,1510,1511,1512,1513,1514,1515,1516,1517,1518,1520,1530,1531
-133.499929,86.168436,1507,1531,1532,1535
-132.265134,86.234306,1508,1509,1528,1529,1981,1982
-132.465227,86.233636,1508,1529,1530
-132.332272,86.165822,1509,1510,1981
-132.332486,86.066413,1510,1511,1932,1933,1981,1982,1986,1987
-132.666978,86.000459,1511,1512,1932
-132.666636,85.967232,1512,1513,1932,1933,1942,1943
-133.301208,85.96616,1513,1514,1931,1941,1942
-133.900718,86.000292,1514,1515,1920,1931
-133.532865,86.366822,1524,1525,1944,1947
-132.234371,86.233231,1527,1528,1982,1983,1984,1985,1987
-132.233473,86.266281,1527,1983,1988,1994,1995
-134.400093,88.198438,1536,1537,1705,1706
-135.0,88.2,1536,1659,1660,1661,1662,1663,1664,1665,1666,1667,1668,1669,1670,1671,1672,1673,1674,1675,1676,1677,1678,1679,1680,1681,1682,1683,1684,1685,1686,1687,1688,1706,1707
-134.398572,88.166442,1537,1538,1704,1705
-131.635148,88.166152,1538,1539,1703,1704
-131.633696,88.13357,1539,1540,1702,1703
-126.032391,88.100238,1540,1541,1701,1702
-126.032777,88.066827,1541,1542,1700,1701
-122.235038,88.099734,1542,1543,1699,1700
-120.933346,88.10015,1543,1544,1609,1610,1698,1699
-120.26703,88.134144,1544,1545,1610,1611,1696,1697
-120.933251,88.134016,1544,1697,1698
-119.899379,88.166841,1545,1611,1644,1648,1654,1657,1658,1694,1695
-120.268205,88.166597,1545,1695,1696
-120.26733,88.299554,1546,1547,1649,1655,1692
-120.267394,88.266655,1546,1692,1693
-119.666589,88.232159,1546,1655,1656,1658,1693,1694
-121.266611,88.333533,1547,1548,1612,1645,1646,1649,1691
-121.266074,88.299428,1547,1691,1692,1693,1694,1695,1696,1697,1698,1699,1700,1701,1702,1703,1704,1705,1706,1707,1709
-123.065937,88.36628,1548,1549,1612,1690
-123.066083,88.331701,1548,1690,1691,1708,1709
-124.899969,88.40055,1549,1550,1612,1613,1614,1615,1616,1617,1618,1619,1620,1621,1622,1623,1624,1625,1645,1689
-124.898627,88.3667,1549,1689,1690,1708
-125.231778,88.400624,1550,1551,1613,1687,1688
-125.234139,88.366906,1550,1688,1689,1707,1708,1709
-126.167299,88.43314,1551,1552,1613,1614,1685,1686
-126.167075,88.399361,1551,1686,1687
-127.032595,88.467372,1552,1553,1614,1615,1683,1684
-127.032669,88.433451,1552,1684,1685
-127.999325,88.501543,1553,1554,1615,1616,1681,1682
-128.000721,88.466421,1553,1682,1683
-128.731754,88.533089,1554,1555,1616,1617,1679,1680
-128.734076,88.500271,1554,1680,1681
-129.365289,88.567103,1555,1556,1617,1618,1677,1678
-129.366512,88.53247,1555,1678,1679
-129.833978,88.600876,1556,1557,1618,1619,1675,1676
-129.833929,88.56704,1556,1676,1677
-130.36685,88.632553,1557,1558,1619,1620,1673,1674
-130.368188,88.598769,1557,1674,1675
-130.833711,88.667106,1558,1559,1620,1621,1671,1672
-130.834098,88.633098,1558,1672,1673
-131.334519,88.700534,1559,1560,1621,1622,1669,1670
-131.335439,88.666984,1559,1670,1671
-131.79926,88.734097,1560,1561,1622,1623,1667,1668
-131.801331,88.699369,1560,1668,1669
-132.299758,88.7665,1561,1562,1623,1624,1665,1666
-132.300465,88.733953,1561,1666,1667
-132.865754,88.799797,1562,1563,1624,1625,1663,1664
-132.866933,88.768029,1562,1664,1665
-133.467018,88.83341,1563,1564,1625,1626,1645,1646,1661,1662
-133.466305,88.800836,1563,1662,1663
-134.367681,88.866791,1564,1565,1566,1626,1659,1660
-134.366824,88.832523,1564,1660,1661
-135.0,90.0,1565,1566
-135.0,88.866667,1565,1659
-112.5,90.0,1566,1567,1568,1569,1570,1571,1572,1573,1574,1626,1627,1628,1629,1630,1631,1632,1633,1634,1635,1636,1637,1638,1646,1649,1650,1651,1652,1653,1655,1656
-112.766571,85.266601,1567,1568,2523,2524,2525,2558
-112.5,85.266667,1567,2523
-113.233334,85.267085,1568,1569,2522,2557,2558,2569,2570
-113.232231,85.300381,1569,1570,2522
-113.700295,85.298763,1570,1571,2521,2522,2556,2557
-113.699354,85.333567,1571,1572,2520,2521
-114.599202,85.400115,1572,1573,2520
-114.76545,85.398116,1573,1574,2519,2520,2521,2555,2556
-114.766572,85.433494,1574,1575,1576,1577,1627,2519
-115.431836,85.534419,1575,1576,2517,2518
-115.300383,85.433311,1575,2518,2519,2554,2555
-115.19874,85.534053,1576,1577,2516,2517
-115.200131,85.566787,1577,1578,1627,1628,2516
-115.565863,85.600816,1578,1579,1628,1629,2515
-115.565377,85.565969,1578,2515,2516,2517,2518,2553,2554
-115.966307,85.633381,1579,1580,1629,1630,2514
-115.964374,85.599341,1579,2514,2515,2552,2553
-116.467328,85.666275,1580,1581,1630,1631,2512,2513
-116.467994,85.632644,1580,2513,2514,2551,2552
-117.265651,85.699198,1581,1631,1632,2510,2511
-117.267759,85.66795,1581,2511,2512
-120.566588,85.63289,1582,1583,2508,2509
-119.699228,85.633813,1582,2509,2510,2511,2512,2513,2550,2551
-119.968557,85.700586,1582,1583,1584,1632,1633,2510
-120.566892,85.667357,1583,1584,2507,2508
-121.033359,85.66526,1584,1585,1633,1634,2507
-121.964931,85.63398,1585,1634,1635,2505,2506
-121.031416,85.631811,1585,2506,2507,2508,2509,2549,2550
-123.033616,85.501192,1586,1587,2467,2468,2502,2503
-122.866369,85.498377,1586,2503,2504
-122.866147,85.533483,1586,1587,1588,1635,1636,2504,2505
-123.468287,85.534137,1587,1588,2466,2467
-123.466184,85.566775,1588,1636,1637,2465,2466
-123.798819,85.566562,1589,1590,1591,1637,1638,2464,2465
-124.432406,85.500629,1590,1591,2276,2277,2401,2402,2406
-124.367597,85.66688,1591,1592,1593,1638,1647,1650,2276
-124.932909,85.799271,1592,1593,2274,2275
-124.467365,85.666748,1592,2275,2276,2277,2278,2285,2286,2287,2288
-124.931946,85.834358,1593,1594,1639,1640,1647,2274
-125.234149,85.868539,1594,1595,1596,1597,1598,1639,2273
-125.232275,85.832985,1594,2273,2274,2275,2284,2285
-125.633037,85.967442,1595,1596,2251,2252,2257,2258,2272
-125.633793,85.866841,1595,2272,2273,2283,2284
-124.967169,85.966431,1596,1597,2250,2251
-124.965448,85.932756,1597,1598,2249,2250
-124.265715,85.934187,1598,1599,1639,1640,2248,2249
-134.199954,75.133385,1710,1711,1769,1770,1866
-133.968739,75.198849,1711,1770,1771,1864,1865
-133.966678,75.235365,1711,1865,1866,1867,1868,1869,1870,1871,1887,1888
-132.966546,74.999728,1712,1713,1796,1797,1863
-132.966624,75.032934,1712,1863,1864,1865,1887
-133.333343,75.03322,1712,1771,1795,1796,1864
-132.433941,74.966997,1713,1797,1798,1861,1862
-132.432013,75.000115,1713,1862,1863,1886,1887,1888,1889,1890,1893
-130.599378,74.99952,1714,1715,1772,1773,1774,1775,1799,1803,1805,1808,1809,1860
-131.832007,74.999974,1714,1860,1861,1862,1885,1886
-131.832627,74.966266,1714,1798,1799,1861
-130.133736,75.033789,1715,1716,1717,1718,1772,1859
-130.599528,75.035328,1715,1859,1860,1885
-129.70021,75.065422,1716,1717,1858,1884,1898,1899,1900,1902
-130.133411,75.066786,1716,1859,1885,1886,1893,1894,1898
-129.033293,75.000567,1717,1718,1857,1858
-129.033067,74.967082,1718,1719,1772,1773,1857
-128.600542,74.933292,1719,1720,1773,1774,1856
-128.600287,74.968146,1719,1856,1857,1858,1884
-128.16633,74.899756,1720,1721,1774,1775,1854,1855
-128.167306,74.932056,1720,1855,1856,1883,1884,1897,1901,1902
-127.666387,74.866438,1721,1775,1776,1806,1807,1809,1852,1853
-127.666376,74.899324,1721,1853,1854
-125.899476,74.900106,1722,1723,1850,1851
-126.867165,74.898841,1722,1851,1852,1853,1854,1855,1883
-126.868042,74.86696,1722,1723,1776,1852
-125.900931,74.865926,1723,1776,1804,1806,1849,1850
-123.83471,75.000188,1724,1725,1847,1882,1892,1895,1896
-124.368024,74.966859,1724,1848,1849,1850,1851,1883,1896,1897
-124.367294,74.931768,1724,1725,1726,1727,1728,1777,1848
-123.833244,74.967751,1725,1726,1846,1847
-121.898983,74.933593,1726,1727,1846
-120.732827,74.932541,1727,1728,1845,1846,1847,1881,1882
-120.734878,74.900396,1728,1729,1777,1778,1779,1780,1781,1782,1783,1784,1785,1786,1787,1788,1789,1800,1845
-120.233566,74.866558,1729,1730,1778,1844
-120.234147,74.899578,1729,1844,1845,1880,1881
-118.399272,74.733442,1730,1731,1778,1779,1842,1843,2765,2766
-119.433818,74.867026,1730,1843,1844,1879,1880
-118.365556,74.701469,1731,1732,1733,1734,1735,1779,1780,2763,2764,2816
-118.367628,74.733126,1731,2764,2765
-118.267393,74.600742,1732,1733,2814,2815
-118.265825,74.667349,1732,2815,2816,2817,2818,2822,2823
-118.6322,74.667135,1733,1734,2782,2814
-118.865705,74.667274,1734,1735,2781,2782,2796,2797
-119.433104,74.731587,1735,1736,1780,1781,2780,2781
-119.965625,74.766358,1736,1737,1781,1782,2733
-120.298645,74.799266,1737,1782,1783,2732,2738,2739
-120.30124,74.766618,1737,2733,2734,2735,2736,2737,2739
-120.966076,74.833693,1738,1784,1785,2696,2697,2698,2699,2703
-122.066795,74.866826,1739,1740,1741,1786,1787,2597
-123.100169,74.868239,1741,1787,1788,2475,2476,2477,2479,2480
-123.998626,74.86824,1742,1743,1744,1788,1789,2475
-124.10057,74.866267,1743,1744,2428,2429
-124.366208,74.866957,1744,1745,1789,1800,1801,2428
-124.699945,74.83546,1745,1746,1790,1801,1802,2427
-124.36832,74.833989,1745,2427,2428,2429,2430,2431,2432,2433
-124.898553,74.800684,1746,1747,1790,2426
-124.700602,74.800869,1746,2426,2427,2433
-130.633941,74.933575,1757,1758,2097,2098
-131.233918,74.933536,1758,1759,1793,1794,1803,1805,2096,2097
-131.80138,74.900512,1759,1760,1793,1977
-131.234143,74.899433,1759,1977,1978,2096
-132.400321,74.86594,1760,1761,1762,1793,1794,1976
-131.799619,74.866723,1760,1976,1977,1978,1979,1980
-132.501326,74.900194,1762,1763,1764,1794,1795,1796,1797,1798,1799,1803,1909
-133.96508,75.100168,1763,1764,1908,1918,1919
-133.333815,74.93375,1763,1909,1910,1911,1912,1913,1914,1915,1919
-133.966119,75.132593,1764,1765,1766,1767,1768,1769,1770,1771,1795,1908
-134.699525,74.901368,1765,1766,1811,1812,1903
-134.566581,74.90021,1765,1903,1904,1908,1917,1918
-124.900226,74.866794,1777,1800,1801,1802,1804,1848,1849
-134.699159,74.765892,1812,1813,1903,1904,1906,1907
-133.799797,75.234925,1817,1818,1819,1870,1871,1927,1928
-133.134126,75.133464,1818,1819,1948,1949,1957
-132.733658,75.067343,1819,1871,1888,1889,1956,1957
-131.065871,75.066544,1820,1821,1822,1823,1824,1825,1826,1827,1890,1893,1894,1953,1954
-131.667207,75.099812,1820,1954,1955
-132.299301,75.032815,1820,1889,1890,1955,1956
-131.066584,75.099857,1821,1952,1953
-130.266138,75.201493,1823,1824,2127,2128,2129
-130.265422,75.167846,1824,1825,2126,2127
-128.433198,75.068048,1827,1828,1894,1898,1899,2156
-127.76805,75.034233,1828,1829,1891,1899,1900,2155
-127.767455,75.067253,1828,2155,2156,2157,2158
-126.268076,75.000176,1830,1831,1872,1873,2356,2362
-125.86743,74.966783,1831,1873,1891,1900,1901,1902,2360,2361
-125.866587,74.999304,1831,2361,2362
-123.999644,75.135022,1832,1833,2460,2462,2463
-124.265409,75.132879,1832,2357,2358,2461,2463
-124.333625,75.065773,1832,1833,1834,1874,2358,2359
-123.998516,75.101301,1833,1834,2459,2460
-123.600532,75.099447,1834,1835,1836,1874,1875,2458,2459
-123.367056,75.100496,1836,1837,1838,1875,1876,2481,2482,2483,2484,2490
-121.867146,75.132451,1837,1838,2488,2489
-122.067836,75.132857,1837,2489,2490,2491,2492
-121.865372,75.098921,1838,1839,1876,1877,1892,1895,2487,2488
-120.766233,75.000314,1839,1840,1877,2740,2741,2742,2743,2744,2745,2746,2747,2748,2770
-120.767077,75.101243,1839,2486,2487,2740
-120.200587,74.933702,1840,1877,1878,1879,1880,1881,1882,1892,2768,2769
-120.199015,74.966654,1840,2769,2770,2777
-118.799254,74.834302,1841,1842,1843,1878,1879,2767
-118.799262,74.865156,1841,2767,2768,2769,2776,2777,2778,2779
-119.066799,74.868012,1841,1878,2768
-118.432752,74.83314,1842,2766,2767,2775,2776
-124.832052,74.966246,1874,1875,1876,1895,1896,1897,1901,2359,2360
-133.900504,85.968779,1920,1921,1930,1931,1940,1941
-134.033546,85.9673,1921,1922,1930
-132.233248,86.067425,1933,1934,1935,1936,1937,1938,1939,1943,1986
-132.101843,86.100969,1934,1935,1984,1985,1999,2003
-132.233659,86.100088,1934,1985,1986,1987
-131.666447,86.1008,1935,1936,2002,2003,2006,2007
-131.666737,86.000312,1936,1937,2005,2006
-132.366773,75.668476,1964,1965,1966,1969,1973
-132.500009,75.899631,1966,1967,1968,1969,1971,1972
-132.133286,86.266608,1983,1984,1993,1994,1999
-131.232636,86.333943,1991,1992,2085,2086,2106,2107
-130.867225,86.29904,1991,2107,2108,2114
-131.500017,86.333745,1992,1997,1998,2000,2001,2084,2085
-131.833032,86.265236,1993,1999,2000,2001,2002,2003
-131.834967,86.300661,1993,1994,1995,1996,1998,2000
-131.500098,86.09966,2001,2002,2007,2008,2084
-131.466074,86.034494,2008,2009,2084,2085,2086,2090
-131.234703,86.067354,2009,2010,2089,2090,2105,2110,2111
-129.267335,86.034679,2020,2021,2133
-129.666449,86.033367,2021,2022,2132,2133,2134,2135
-129.667389,86.066686,2022,2035,2038,2039,2131,2132
-129.902042,86.032852,2023,2024,2025,2026,2027,2028,2036,2037,2040,2130
-129.734085,86.033253,2023,2130,2131,2132,2135
-129.733032,86.066463,2023,2039,2040,2131
-130.266681,85.699594,2025,2026,2057,2058,2059,2060,2078,2079
-130.266432,85.731812,2026,2027,2056,2057
-130.532446,85.732405,2027,2028,2055,2056
-131.199734,85.633234,2028,2029,2036,2055
-131.533061,85.601101,2029,2030,2031,2032,2033,2034,2036,2037,2054
-131.199724,85.600806,2029,2054,2055,2056,2057,2077,2078
-131.531138,85.565491,2030,2047,2048,2054,2076,2077
-131.232618,74.535285,2042,2043,2046,2093,2094
-128.533207,85.633129,2060,2061,2079,2080,2159,2162
-127.432891,85.600267,2061,2062,2063,2080,2081,2082,2083,2237
-127.667503,85.666238,2061,2161,2162,2235,2236,2237
-127.433785,85.63344,2062,2236,2237
-126.433235,85.767525,2064,2065,2280,2281,2287,2288
-126.366884,85.700381,2065,2066,2280,2348
-126.365212,85.59857,2066,2067,2068,2081,2082,2348,2349,2350,2354,2355
-126.333908,85.56682,2067,2068,2213,2214,2222
-126.333337,85.599092,2067,2214,2353,2354
-127.398496,85.566381,2068,2069,2070,2071,2072,2073,2074,2082,2083,2213
-127.399393,85.532908,2069,2212,2213,2221,2222
-131.23334,86.23214,2086,2087,2088,2089,2090,2106
-131.166822,86.199944,2087,2088,2105,2111,2112,2113
-131.166487,86.233344,2087,2106,2107,2108,2109,2112
-131.232507,86.198954,2088,2089,2105
-129.298848,86.366119,2136,2137
-129.600268,86.265981,2136
-129.600297,86.232926,2136,2137,2140
-128.800257,86.299839,2137,2138,2139,2140
-129.332119,86.199258,2138,2139
-128.833552,86.199433,2138
-129.33266,86.234116,2139,2140
-128.79916,85.867097,2141,2142,2143,2149,2150
-129.33226,85.866484,2141
-129.333823,85.832971,2141,2148,2149
-127.899884,85.901219,2142,2143
-128.800358,85.899471,2142
-128.001103,85.832485,2143,2144,2145,2150
-127.733394,85.799459,2144,2145
-127.732472,85.83269,2144
-128.466958,85.832894,2145,2146,2147,2148,2149,2150
-129.10007,85.79959,2146,2147
-128.467429,85.799115,2146
-129.10017,85.832908,2147,2148
-128.634734,76.502504,2163,2164
-128.66604,76.499064,2163
-128.667204,76.366026,2163,2164,2165,2166,2167,2168,2169,2193
-128.167848,76.733042,2164,2165
-127.866885,76.799231,2165,2166
-127.7669,76.799722,2166,2167
-127.76475,76.764476,2167,2168
-127.367015,76.833368,2168,2169
-127.066814,76.833404,2169,2170,2171,2172,2193,2194
-126.999769,77.199726,2170,2171,2310
-127.065905,76.867366,2170
-126.899857,77.199247,2171,2172,2310,2311,2313
-126.266844,77.032938,2172,2173,2174,2175,2176,2194,2195,2309,2312,2313
-125.867884,77.066447,2173,2174,2307,2308
-126.266115,77.098903,2173,2308,2309
-125.698606,77.066597,2174,2175,2306,2307
-125.30109,76.899822,2175,2176
-124.633076,76.800332,2176,2177,2195,2196
-124.101456,76.76627,2177,2178,2179,2180,2181,2182,2196,2197,2198,2199,2200,2201,2202,2203
-124.101287,76.800516,2177
-123.902125,76.73347,2178,2179
-123.899636,76.767214,2178
-123.333161,76.60057,2179,2180
-123.367092,76.465957,2180,2181
-123.599191,76.201771,2181,2182
-123.566207,76.033913,2182,2183,2197
-123.800613,76.065301,2183,2184,2197,2198
-123.798149,76.032864,2183
-125.265406,76.101887,2184,2185,2186,2198,2199
-124.266364,76.032772,2184
-125.766333,76.033049,2185,2186
-125.267154,76.065624,2185
-126.232225,76.068393,2186,2187,2188,2189,2199,2200
-127.232809,76.033637,2187,2188
-126.500695,76.032929,2187
-127.232524,76.067152,2188,2189
-127.599345,76.166471,2189,2200,2201
-128.099555,76.134217,2190,2191
-127.700051,76.131843,2190
-127.699551,76.166761,2190,2191,2201,2202
-128.101144,76.164528,2191,2192,2202,2203
-128.234087,76.26668,2192,2193,2194,2195,2196,2203
-128.266284,76.132472,2192
-127.865964,74.43419,2204,2205,2228,2229
-128.032296,74.434822,2204,2223,2229,2230
-128.134117,74.33461,2204,2205,2210,2211
-127.665777,74.499899,2205,2206,2207,2208,2211,2228
-127.434133,74.531825,2206,2207,2232,2233,2234
-127.666514,74.533973,2206,2228,2229,2230,2233
-127.432635,74.499382,2207,2208,2227,2231,2232
-127.699479,74.399739,2208,2209,2210,2211,2226,2227
-127.900715,74.367504,2209,2210
-127.69995,74.366644,2209
-126.134571,85.566565,2214,2215,2216,2217,2218,2219,2220,2221,2222,2352,2353
-125.933664,85.566113,2215,2216,2386,2387
-125.96708,85.567171,2215,2352,2380,2387
-127.63348,74.634841,2223,2224,2225,2230,2233,2234
-127.967271,74.500518,2223
-127.231899,74.499189,2224,2225
-127.231624,74.599973,2224
-127.234358,74.432138,2225,2231,2232,2234
-127.566021,74.400168,2226
-127.565325,74.433262,2226,2227,2231
-126.967478,73.433229,2239,2240,2267,2296
-127.133182,73.332218,2240,2241,2290,2296,2297,2298,2301
-127.133433,73.29922,2241,2242,2289,2290,2291,2292,2293,2294,2295
-126.033986,85.866544,2252,2271,2272,2282,2283
-126.667181,73.59898,2262,2263,2264,2265,2269,2270,2314,2315,2316,2322
-126.332731,73.432346,2263,2264,2321,2323,2324
-126.398913,73.598686,2263,2322,2324
-126.434141,73.433962,2264,2265,2320,2321
-126.434145,73.365726,2265,2266,2270,2298,2299,2300,2301,2320
-126.566297,73.434273,2266,2267,2268,2269,2270,2296,2297
-126.567072,73.366953,2266,2297,2298
-125.536048,85.634196,2277,2278,2381,2382,2401
-125.867769,85.700263,2278,2279,2286,2350,2351,2355,2381
-126.134478,85.73232,2279,2280,2286,2287,2348,2349
-126.132836,85.700344,2279,2349,2350
-126.866179,73.333535,2290,2291,2300,2301
-126.867041,73.30056,2291,2292,2299,2300
-126.400712,73.300902,2292,2293,2299,2319,2320,2321,2323
-126.567077,77.166108,2306
-126.566333,77.1328,2306,2307,2308,2309,2312
-127.000414,77.232514,2310,2311
-126.633415,77.133909,2311,2312,2313
-126.467181,73.634306,2315,2316,2325,2326,2327,2334,2335
-126.133693,73.633603,2316,2317,2318,2319,2322,2323,2324,2334,2368,2369,2372
-126.032414,73.500908,2317,2332,2371,2372
-126.267355,73.699517,2327,2328,2329,2335,2338,2339,2346
-125.966964,73.733738,2328,2329,2344,2345,2373
-126.266793,73.733777,2328,2345,2346,2347
-125.900389,73.6666,2329,2330,2339,2341,2342,2373,2374,2375,2376,2377,2378,2379
-125.900055,73.49916,2332,2336,2337,2370,2371
-125.933906,73.668335,2333,2338,2339,2341,2368,2369
-125.933809,73.632382,2333,2369,2370,2371,2372
-125.735049,73.633783,2333,2337,2340,2341,2342,2370
-126.133586,73.665992,2334,2335,2338,2368
-125.932622,73.800723,2343,2344,2345,2347,2363,2364,2365,2366,2367,2374,2375
-125.933317,73.734146,2344,2373,2374
-125.965816,85.633695,2351,2352,2353,2354,2355,2380
-125.866851,85.632711,2351,2380,2381,2382,2383,2384,2385,2386,2387
-125.767568,73.899782,2365,2366,2388,2389,2390,2397,2398,2399
-125.433434,73.867746,2366,2367,2396,2397
-125.43342,73.83515,2367,2375,2376,2395,2396
-125.267166,73.834082,2376,2377,2394,2395
-125.532305,85.567156,2382,2383,2400,2401,2405,2406
-125.633298,85.565621,2383,2384,2400
-124.734557,74.06748,2390,2391,2398,2435,2436,2437,2438,2439,2440,2441,2443
-124.832461,73.999838,2391,2398,2399,2434
-124.733371,74.000976,2391,2434,2442,2443,2444
-124.766099,73.96817,2392,2407,2408,2442,2444
-124.833524,73.966423,2392,2393,2394,2395,2396,2397,2399,2434,2442
-124.700083,73.965694,2408,2409,2418,2419,2441,2443,2444
-124.0676,74.13301,2409,2410,2419,2422,2423,2424,2425,2455
-124.698896,74.001583,2409,2440,2441,2452,2453,2454,2455
-124.264769,74.165229,2410,2420,2423,2453,2454
-124.265657,74.134545,2410,2454,2455
-124.566272,74.166326,2411,2437,2438
-124.500232,74.166563,2411,2412,2420,2438,2439,2452,2453
-124.299884,73.968685,2415,2421,2422,2425,2446,2447
-124.766505,73.832867,2416,2417,2418,2419,2421,2422,2445
-124.565588,73.833102,2416,2445,2446,2447,2448,2449,2450,2451
-124.567191,73.86753,2416,2421,2446
-124.701446,74.066929,2439,2440,2452
-123.033922,85.465337,2468,2469,2502
-122.632955,85.466618,2469,2470,2501,2502,2503,2504,2505,2506,2549
-122.633305,85.432808,2470,2471,2501
-122.334464,85.432317,2471,2472,2501,2549,2550,2551,2552,2553,2554,2555,2556,2557,2568,2569
-122.330953,85.399836,2472,2473,2500,2548,2567,2568
-123.098428,85.399776,2473,2474,2500
-122.500415,75.200339,2484,2490,2491,2603,2604,2645,2646
-120.733933,75.100387,2485,2486,2643,2740,2741
-120.999869,75.233611,2485,2643,2644,2645,2646,2647,2648,2649,2659,2660
-121.399599,75.134121,2485,2486,2487,2488,2489,2492,2644
-121.700495,75.134071,2491,2492,2644,2645
-122.399754,73.832466,2494,2495,2582,2583,2593,2595,2596
-122.86724,73.801319,2495,2496,2582
-122.866144,73.765929,2496,2497,2498,2499,2582,2593
-122.669051,73.76675,2497,2592,2593,2595
-112.5,85.233333,2523,2524,3082,3083
-112.533575,85.233991,2524,2525,3082
-112.533305,85.200876,2525,2526,2527,2558,2559,2560,2561,2562,2563,2570,2571,3082,3083
-112.5,85.2,2526,3083
-112.835383,84.666841,2528,2529,2943,2944
-112.766049,84.800405,2529,2530,2531,2532,2559,2560,2943
-113.166463,84.798814,2530,2531,2942
-113.167043,84.767038,2530,2942,2943,2944,2945,2946,2949
-113.565888,84.799584,2531,2532,2941,2942,2948,2949
-113.567135,84.832606,2532,2533,2534,2560,2561,2941
-114.433245,84.867185,2533,2534,2939,2940
-114.433315,84.833297,2533,2940,2941,2947,2948
-115.002898,84.899896,2534,2535,2536,2537,2538,2561,2562,2895,2939
-115.098839,84.833331,2535,2894,2895,2896,2899,2900
-122.031553,74.299071,2573,2574,2586,2587,2665
-121.965339,74.299103,2573,2665,2666,2681
-122.398611,74.265753,2574,2580,2581,2585,2586
-122.266454,73.899951,2575,2576,2584
-122.198172,73.932826,2575,2584,2585,2586,2587,2588,2589,2590,2594
-122.399391,73.998837,2575,2576,2577,2578,2579,2581,2585
-122.265067,73.866206,2576,2577,2583,2584,2594,2596
-122.033482,74.065999,2587,2588,2665,2666,2667,2668,2669,2670,2678,2679,2680
-121.799555,73.89985,2588,2589,2677,2678,2689
-116.634248,75.66809,2615,2616,2883,2884,2885,2887
-115.567242,75.633824,2616,2617,2618,2650,2651,2886,2887
-115.399981,75.766233,2617,2886,2889,2890
-112.5,76.133333,2622,2623,3074,3075,3076,3077
-112.5,75.633333,2623,2624,2907,2908
-113.200511,75.667572,2624,2625,2907
-113.198524,75.634307,2625,2626,2906,2907,2908,2909,2910,2911,2912,2913,2914,2915,2916,2917,2920
-113.433216,75.699314,2626,2627,2905,2906
-113.767272,75.633447,2627,2628,2905
-113.766593,75.599766,2628,2629,2904,2905,2906,2919,2920
-114.600199,75.567309,2629,2630,2903,2904
-115.09874,75.464939,2630,2631,2902,2903
-115.367508,75.366384,2631,2632,2633,2634,2653,2654,2655,2656,2657,2658,2662,2663,2664,2902
-115.133189,75.132485,2632,2633,2753,2754,2921
-114.865263,75.201514,2632,2902,2903,2904,2918,2919,2921,2922
-115.334144,75.133318,2633,2634,2752,2753
-115.666135,75.033662,2634,2635,2654,2752
-115.932361,74.999174,2635,2654,2655,2750,2751
-115.667218,74.999051,2635,2751,2752,2753,2754,2755,2756,2771
-116.800902,74.868772,2636,2637,2749,2778,2779
-116.33476,74.866541,2636,2750,2751,2771,2772,2773,2774,2775,2776,2779
-116.333861,74.899013,2636,2637,2655,2656,2750
-116.800254,74.899787,2637,2638,2639,2640,2656,2657,2749
-117.933572,74.933444,2638,2639,2747,2748
-117.932799,74.899062,2638,2748,2749,2770,2777,2778
-118.500079,75.000175,2639,2640,2746,2747
-118.966819,75.033889,2640,2641,2657,2658,2745,2746
-119.567611,75.065974,2641,2642,2658,2659,2660,2661,2663,2743,2744
-119.566715,75.032162,2641,2744,2745
-120.19977,75.099984,2642,2643,2659,2741,2742
-120.199047,75.066272,2642,2742,2743
-121.865146,74.199909,2666,2667,2681,2682,2683,2684,2688
-121.765313,74.200233,2667,2668,2687,2688
-121.499633,74.100015,2668,2669,2686,2687,2719,2720,2721,2722,2724
-121.134358,74.000419,2669,2670,2723,2724
-121.133385,73.965706,2670,2671,2672,2673,2674,2675,2679,2723
-120.964597,73.934822,2671,2672,2691,2692,2725,2730
-120.966401,73.966198,2671,2722,2723,2724,2725
-121.034344,73.932664,2672,2673,2691,2707,2708
-121.26714,73.933385,2673,2674,2706,2707
-121.266865,73.964553,2674,2675,2705,2706
-121.599993,73.967015,2675,2676,2679,2680,2705
-121.734209,73.93349,2676,2677,2678,2680,2704
-121.600458,73.934146,2676,2704,2705,2706,2707,2708,2709
-121.733153,73.897762,2677,2689,2690,2704,2709
-121.566611,74.300905,2684,2685,2686,2687,2688,2710,2711,2712,2718
-121.499329,74.168042,2685,2686,2719
-121.300491,74.133725,2685,2717,2718,2719,2720
-121.033148,73.900072,2690,2691,2692,2693,2694,2695,2708,2709
-120.865818,73.933071,2692,2693,2729,2730,2731
-120.866186,74.033363,2716,2717,2720,2721,2726
-120.866093,73.965252,2721,2722,2725,2726,2727,2730,2731
-114.997609,75.000479,2754,2755,2921,2922,2923,2926,2927,2932
-114.99939,74.89998,2755,2756,2932,2936,2937,2938
-114.700404,74.833112,2756,2757,2758,2771,2772,2835,2836,2837,2852,2935,2936
-115.000786,74.766922,2757,2758,2833,2834
-114.999867,74.733481,2757,2834,2851,2852,2853,2854,2855,2856,2857
-115.367129,74.768386,2758,2759,2760,2761,2772,2773,2833
-116.066861,74.732607,2759,2760,2831,2832,2860,2861
-115.365246,74.732591,2759,2832,2833,2834,2850,2851
-116.265352,74.798929,2760,2761,2859,2860
-116.265944,74.833019,2761,2773,2774,2858,2859
-118.166078,74.700588,2762,2763,2816,2817,2864,2865
-117.966616,74.767281,2762,2858,2859,2860,2861,2865,2866
-117.967026,74.800389,2762,2763,2764,2765,2766,2774,2775,2858
-118.267382,74.499546,2782,2783,2797,2800,2801,2802,2814,2815,2822
-118.034229,74.53386,2783,2798,2799,2801,2820,2821
-118.266831,74.534834,2783,2821,2822,2823
-117.566954,74.633514,2784,2785,2846,2847
-117.700361,74.634003,2784,2819,2847,2848,2849,2850,2851,2857
-117.698731,74.599087,2784,2785,2786,2787,2788,2789,2790,2798,2819,2820
-118.133521,74.699137,2817,2818,2829,2864
-118.167359,74.600103,2818,2819,2820,2821,2823,2829,2830,2848
-117.234061,74.73412,2829,2830,2863,2864,2865,2866
-117.233622,74.700104,2830,2848,2849,2862,2863
-116.601323,74.735076,2831,2861,2862,2863,2866
-116.599235,74.700051,2831,2832,2849,2850,2862
-114.232534,74.901607,2835,2836,2971,2972
-114.500212,74.932081,2835,2934,2935,2972,2973
-114.199049,74.900107,2836,2837,2971,2982,2983
-113.965732,74.768328,2837,2838,2852,2853,2982
-114.399997,74.699602,2838,2839,2840,2853,2854,2981
-113.868164,74.766748,2838,2981,2982,2983,2984,2985,2986,2987,2988,2989,2997,2998
-114.266086,74.534397,2839,2840,2959,2960,3000
-114.198702,74.666942,2839,2981,2996,2997,3000,3001
-114.499396,74.600295,2840,2841,2842,2854,2855,2958,2959
-114.733575,74.268308,2841,2928,2929,2958
-114.834242,74.665629,2842,2843,2855,2856,2876,2877,2879
-116.200002,74.633003,2843,2844,2845,2846,2847,2856,2857,2873,2874,2892
-115.133409,74.633887,2843,2876,2892,2893
-116.200005,74.60109,2874,2875,2892,2893
-115.133037,74.598263,2875,2876,2879,2880,2882,2893
-115.766677,75.733437,2885,2886,2887,2890,2891
-115.001024,84.867421,2895,2896,2939,2940,2947
-114.568155,84.767176,2896,2897,2900,2901,2946,2947,2948,2949
-112.5,75.5,2908,2909,3079,3080
-112.534212,75.498753,2909,2910,3079
-112.533364,75.4672,2910,2911,3078,3079,3080,3081
-112.601025,75.467489,2911,2912,3078
-112.601233,75.432731,2912,2913,3037,3078,3081
-112.600641,75.400119,2913,2914,3036,3037,3038,3039,3044,3045
-113.300977,75.400474,2914,2915,3035,3036
-113.499948,75.332529,2915,2916,3012,3018,3019,3035
-114.03424,75.266257,2916,2917,2977,2978,3011,3012
-114.300329,75.266121,2917,2918,2919,2920,2976,2977
-114.499698,75.166758,2918,2922,2923,2976
-114.499583,75.099276,2923,2924,2925,2927,2965,2976,2977,2978,2979,2980
-114.632779,74.966699,2924,2925,2933,2937,2938
-114.533337,74.967732,2924,2934,2935,2936,2938,2965,2966,2967,2968,2969,2974,2975
-114.767262,75.034685,2925,2926,2927,2933
-114.767938,74.999861,2926,2932,2933,2937
-114.566872,74.200375,2929,2930,2951,2958,2959,2960
-114.566641,74.06565,2930,2931,2950,2951,2952,2956,2957
-114.499794,74.969028,2934,2973,2974
-114.30107,74.266207,2951,2952,2960,3000,3001,3002,3003,3004,3005,3009
-114.132135,74.266194,2952,2953,2954,2957,3008,3009,3010
-114.467901,74.066936,2954,2955,2956,2957,2961
-114.499643,75.065875,2965,2966,2980
-114.400349,75.067009,2966,2967,2979,2980
-114.065716,75.167343,2967,2968,2978,2979,3011
-114.066914,75.133685,2968,2969,3011,3012,3017,3018
-113.899467,75.132664,2969,2970,2975,3016,3017,3027
-114.266334,75.03348,2970,2971,2972,2973,2974,2975,2983,2984
-113.866406,75.066864,2970,2984,2985,3027,3034
-113.132757,74.933604,2985,2986,3033,3034,3056,3057,3062
-112.999043,74.899227,2986,2987,3061,3062,3063
-112.666334,74.933993,2987,2988,3060,3061
-112.5,74.866667,2988,2989,3060
-113.965932,74.233028,2991,2992,3006,3007,3008,3010
-113.966814,74.299471,2992,2993,3005,3009,3010,3021,3024,3025
-113.799712,74.300562,2993,2994,3024
-113.632711,74.501143,2994,2995,3023,3024,3025,3026
-113.466743,74.499365,2995,2996,2997,2998,2999,3023
-113.999975,74.600534,2996,3001,3002,3022,3023,3026
-114.000848,74.566775,3002,3003,3022
-113.899475,74.499442,3003,3004,3021,3022,3025,3026
-114.032775,74.400593,3004,3005,3021
-113.267811,75.20002,3013,3014,3029,3030,3046,3047,3054,3055
-113.200762,75.267549,3013,3041,3042,3046
-113.39982,75.266616,3013,3014,3015,3020,3042,3043
-113.667555,75.233284,3014,3015,3028,3029
-113.73348,75.233843,3015,3016,3017,3018,3019,3020,3028
-113.733383,75.13289,3016,3027,3028,3029,3030,3031,3032,3033,3034
-113.501255,75.299565,3019,3020,3035,3036,3043,3044
-113.000453,75.033416,3030,3031,3053,3054
-113.066886,74.965938,3031,3032,3052,3053,3056,3057
-113.134077,74.966689,3032,3033,3056
-112.5,75.433333,3037,3038,3080,3081
-112.5,75.333333,3038,3039,3065,3066
-112.832756,75.33382,3039,3040,3045,3065
-113.066106,75.300705,3040,3041,3042,3043,3044,3045,3064
-112.831852,75.30079,3040,3064,3065,3066,3067,3068,3069
-113.066134,75.265694,3041,3046,3047,3064,3069
-112.733667,75.266013,3047,3048,3049,3050,3051,3055,3068,3069
-112.5,75.3,3048,3049,3066,3067
-112.732992,75.300112,3048,3067,3068
-112.5,75.1,3049,3050,3059,3060,3061,3063
-112.665775,75.099365,3050,3051,3058,3059
-112.93525,74.999366,3051,3052,3053,3054,3055,3058
-112.934662,74.967474,3052,3057,3058,3059,3062,3063