0,1,2,1,1,1,46320
3,2,4,1,0,1
5,4,6,1,0,1
7,6,8,1,0,1
9,10,11,1,1,1
12,13,14,1,1,1
15,16,17,1,1,1
18,17,19,1,0,1
20,21,22,1,1,1
23,24,25,1,1,1
26,27,28,1,1,1
29,28,30,1,0,1
31,30,32,1,0,1
33,34,35,1,1,1
36,35,37,1,0,1
38,39,40,1,1,1
41,40,42,1,0,1
43,42,44,1,0,1
45,44,46,1,0,1
47,46,48,1,0,1
49,48,50,1,0,1
51,52,53,1,1,1
54,55,56,1,1,1
57,56,58,1,0,1
59,60,61,1,1,1
62,63,64,1,1,1
65,64,66,1,0,1
67,68,69,1,1,1
70,71,72,1,1,1
73,74,75,1,1,1
76,75,77,1,0,1
78,79,80,1,1,1
81,80,82,1,0,1
83,84,85,1,1,1
86,87,88,1,1,1
89,88,90,1,0,1
91,90,92,1,0,1
93,92,94,1,0,1
95,96,97,1,1,1
98,97,99,1,0,1
100,99,101,1,0,1
102,101,103,1,0,1
104,103,105,1,0,1
106,105,107,1,0,1
108,107,109,1,0,1
110,109,111,1,0,1
112,111,113,1,0,1
114,115,116,1,1,1
117,118,119,1,1,1
120,119,121,1,0,1
122,121,123,1,0,1
124,125,126,1,1,1
127,126,128,1,0,1
129,130,131,1,1,1
132,133,134,1,1,1
135,134,136,1,0,1
137,138,139,1,1,1
140,141,142,1,1,1
143,144,145,1,1,1
146,147,148,1,1,1
149,148,150,1,0,1
151,150,152,1,0,1
153,154,155,1,1,1
156,155,157,1,0,1
158,159,160,1,1,1
161,162,163,1,1,1
164,163,165,1,0,1
166,167,168,1,1,1
169,170,171,1,1,1
172,173,174,1,1,1
175,174,176,1,0,1
177,178,179,1,1,1
180,179,181,1,0,1
182,183,184,1,1,1
185,186,187,1,1,1
188,187,189,1,0,1
190,191,192,1,1,1
193,192,194,1,0,1
195,196,197,1,1,1
198,197,199,1,0,1
200,199,201,1,0,1
202,201,203,1,0,1
204,205,206,1,1,1
8,207,208,0,1,1
11,208,209,0,0,1
14,209,210,0,0,1
211,210,212,1,0,1
213,212,214,1,0,1
19,214,215,0,0,1
22,215,216,0,0,1
25,216,217,0,0,1
32,217,218,0,0,1
219,218,220,1,0,1
37,221,222,0,1,1
223,222,224,1,0,1
58,53,225,0,0,1
61,225,226,0,0,1
227,226,228,1,0,1
66,228,229,0,0,1
69,229,230,0,0,1
72,230,231,0,0,1
77,231,232,0,0,1
82,232,233,0,0,1
234,233,235,1,0,1
85,235,236,0,0,1
113,94,237,0,0,1
238,237,239,1,0,1
116,239,240,0,0,1
123,240,241,0,0,1
128,242,243,0,1,1
131,243,244,0,0,1
136,244,245,0,0,1
142,139,246,0,0,1
152,247,248,0,1,1
157,248,249,0,0,1
250,249,251,1,0,1
168,165,252,0,0,1
176,171,253,0,0,1
254,253,255,1,0,1
181,255,256,0,0,1
257,256,258,1,0,1
189,184,259,0,0,1
194,259,260,0,0,1
261,260,262,1,0,1
263,262,264,1,0,1
203,265,266,0,1,1
224,220,267,0,0,1
50,267,268,0,0,1
241,236,269,0,0,1
245,269,270,0,0,1
246,270,271,0,0,1
145,271,272,0,0,1
273,272,274,1,0,1
251,275,276,0,1,1
258,277,278,0,1,1
264,278,279,0,0,1
266,280,281,0,1,1
206,281,282,0,0,1
268,282,283,0,0,1
274,283,284,0,0,1
276,284,285,0,0,1
160,285,286,0,0,1
252,286,279,0,0,0
287,288,289,1,1,1,1272
290,289,291,1,0,1
292,291,293,1,0,1
294,293,295,1,0,1
296,295,297,1,0,1
298,297,299,1,0,1
300,299,301,1,0,1
302,303,304,1,1,1
305,306,307,1,1,1
308,309,310,1,1,1
311,312,313,1,1,1
314,313,315,1,0,1
316,317,318,1,1,1
319,320,321,1,1,1
322,323,324,1,1,1
325,324,326,1,0,1
327,326,328,1,0,1
329,328,330,1,0,1
331,330,332,1,0,1
333,332,334,1,0,1
335,336,337,1,1,1
338,339,340,1,1,1
341,340,342,1,0,1
343,344,345,1,1,1
346,345,347,1,0,1
348,349,350,1,1,1
351,352,353,1,1,1
354,355,356,1,1,1
357,356,358,1,0,1
359,358,360,1,0,1
361,360,362,1,0,1
363,364,365,1,1,1
366,367,368,1,1,1
369,370,371,1,1,1
372,371,373,1,0,1
374,373,375,1,0,1
376,375,377,1,0,1
378,379,380,1,1,1
381,382,383,1,1,1
384,383,385,1,0,1
386,385,387,1,0,1
388,387,389,1,0,1
390,389,391,1,0,1
392,391,393,1,0,1
394,395,396,1,1,1
397,398,399,1,1,1
400,399,401,1,0,1
402,401,403,1,0,1
404,405,406,1,1,1
407,408,409,1,1,1
410,409,411,1,0,1
412,411,413,1,0,1
414,415,416,1,1,1
417,416,418,1,0,1
419,418,420,1,0,1
421,420,422,1,0,1
423,424,425,1,1,1
426,427,428,1,1,1
429,428,430,1,0,1
431,430,432,1,0,1
433,432,434,1,0,1
435,434,436,1,0,1
437,438,439,1,1,1
440,441,442,1,1,1
443,444,445,1,1,1
446,447,448,1,1,1
449,448,450,1,0,1
451,450,452,1,0,1
453,452,454,1,0,1
455,456,457,1,1,1
458,457,459,1,0,1
460,461,462,1,1,1
463,464,465,1,1,1
466,467,468,1,1,1
469,468,470,1,0,1
471,472,473,1,1,1
474,473,475,1,0,1
476,475,477,1,0,1
478,477,479,1,0,1
480,481,482,1,1,1
483,484,485,1,1,1
486,485,487,1,0,1
488,489,490,1,1,1
491,492,493,1,1,1
494,493,495,1,0,1
496,495,497,1,0,1
498,499,500,1,1,1
501,500,502,1,0,1
301,503,504,0,1,1
304,504,505,0,0,1
307,505,506,0,0,1
315,310,507,0,0,1
508,507,509,1,0,1
318,510,511,0,1,1
321,511,512,0,0,1
334,512,513,0,0,1
350,347,514,0,0,1
353,514,515,0,0,1
362,516,517,0,1,1
365,517,518,0,0,1
380,377,519,0,0,1
393,519,520,0,0,1
396,520,521,0,0,1
403,521,522,0,0,1
406,522,523,0,0,1
413,523,524,0,0,1
422,525,526,0,1,1
527,526,528,1,0,1
425,528,529,0,0,1
436,530,531,0,1,1
439,531,532,0,0,1
442,532,533,0,0,1
534,533,535,1,0,1
445,535,536,0,0,1
454,536,537,0,0,1
459,537,538,0,0,1
462,538,539,0,0,1
465,539,540,0,0,1
541,540,542,1,0,1
470,542,543,0,0,1
479,543,544,0,0,1
482,544,545,0,0,1
487,545,546,0,0,1
490,546,547,0,0,1
548,547,549,1,0,1
502,497,550,0,0,1
506,550,551,0,0,1
509,551,552,0,0,1
513,552,553,0,0,1
554,553,555,1,0,1
337,555,556,0,0,1
557,556,558,1,0,1
515,559,560,0,1,1
518,560,561,0,0,1
368,561,562,0,0,1
524,562,563,0,0,1
529,563,564,0,0,1
558,549,565,0,0,1
342,565,564,0,0,0
566,567,568,1,1,1,1272
569,570,571,1,1,1
572,573,574,1,1,1
575,576,577,1,1,1
578,579,580,1,1,1
581,582,583,1,1,1
584,583,585,1,0,1
586,587,588,1,1,1
589,588,590,1,0,1
591,590,592,1,0,1
593,592,594,1,0,1
595,594,596,1,0,1
597,596,598,1,0,1
599,598,600,1,0,1
601,600,602,1,0,1
603,604,605,1,1,1
606,607,608,1,1,1
609,610,611,1,1,1
612,613,614,1,1,1
615,614,616,1,0,1
617,618,619,1,1,1
620,619,621,1,0,1
622,621,623,1,0,1
624,625,626,1,1,1
627,626,628,1,0,1
629,628,630,1,0,1
631,632,633,1,1,1
634,635,636,1,1,1
637,638,639,1,1,1
640,641,642,1,1,1
643,642,644,1,0,1
645,646,647,1,1,1
648,647,649,1,0,1
650,651,652,1,1,1
653,654,655,1,1,1
656,657,658,1,1,1
659,658,660,1,0,1
661,660,662,1,0,1
663,664,665,1,1,1
666,667,668,1,1,1
669,668,670,1,0,1
671,670,672,1,0,1
673,674,675,1,1,1
676,675,677,1,0,1
678,677,679,1,0,1
680,679,681,1,0,1
568,681,682,0,0,1
571,682,683,0,0,1
574,683,684,0,0,1
577,684,685,0,0,1
580,685,686,0,0,1
585,686,687,0,0,1
605,602,688,0,0,1
689,688,690,1,0,1
608,690,691,0,0,1
611,691,692,0,0,1
616,692,693,0,0,1
623,694,695,0,1,1
630,696,697,0,1,1
644,639,698,0,0,1
649,698,699,0,0,1
652,699,700,0,0,1
672,665,701,0,0,1
687,702,703,0,1,1
695,693,704,0,0,1
697,704,705,0,0,1
633,705,706,0,0,1
636,706,707,0,0,1
708,707,709,1,0,1
700,709,710,0,0,1
655,710,711,0,0,1
712,711,713,1,0,1
662,713,714,0,0,1
715,714,716,1,0,1
701,716,703,0,0,0
717,718,719,1,1,1,46320
720,719,721,1,0,1
624,722,723,0,1,1
696,625,724,0,0,1
622,724,725,0,0,1
726,620,727,1,0,1
728,729,730,1,1,1
731,730,732,1,0,1
733,732,734,1,0,1
735,734,736,1,0,1
737,738,739,1,1,1
740,739,741,1,0,1
742,741,743,1,0,1
721,743,744,0,0,1
723,744,745,0,0,1
725,745,746,0,0,1
727,746,736,0,0,0
747,748,749,1,1,1,29936
750,749,751,1,0,1
752,751,753,1,0,1
754,753,755,1,0,1
756,755,757,1,0,1
758,757,759,1,0,1
760,759,761,1,0,1
762,761,763,1,0,1
764,763,765,1,0,1
766,765,767,1,0,1
768,767,769,1,0,1
770,769,771,1,0,1
772,771,773,1,0,1
774,773,775,1,0,1
776,775,777,1,0,1
778,777,779,1,0,1
780,779,781,1,0,1
782,781,783,1,0,1
784,783,785,1,0,1
786,785,787,1,0,1
788,787,789,1,0,1
790,789,791,1,0,1
792,793,794,1,1,1
795,796,797,1,1,1
798,799,800,1,1,1
801,802,803,1,1,1
804,803,805,1,0,1
806,805,807,1,0,1
808,809,810,1,1,1
811,812,813,1,1,1
814,815,816,1,1,1
817,818,819,1,1,1
820,821,822,1,1,1
823,824,825,1,1,1
826,825,827,1,0,1
794,791,828,0,0,1
797,828,829,0,0,1
807,800,830,0,0,1
810,830,831,0,0,1
813,831,832,0,0,1
816,832,833,0,0,1
819,833,834,0,0,1
827,822,835,0,0,1
829,835,834,0,0,0
207,836,837,0,1,1,50416
204,837,838,0,0,1
205,838,839,0,0,1
202,839,840,0,0,1
200,840,841,0,0,1
198,841,842,0,0,1
843,195,844,1,0,1
185,844,845,0,0,1
182,186,846,0,0,1
257,183,847,0,0,1
180,847,848,0,0,1
849,848,850,1,0,1
851,850,852,1,0,1
853,852,854,1,0,1
855,856,857,1,1,1
858,859,860,1,1,1
861,862,863,1,1,1
864,863,865,1,0,1
866,865,867,1,0,1
868,867,869,1,0,1
870,869,871,1,0,1
872,873,874,1,1,1
153,875,876,0,1,1
154,876,877,0,0,1
151,877,878,0,0,1
879,878,880,1,0,1
881,882,883,1,1,1
884,885,886,1,1,1
887,888,889,1,1,1
890,889,891,1,0,1
130,892,893,0,1,1
127,893,894,0,0,1
895,124,896,1,0,1
897,896,898,1,0,1
117,899,900,0,1,1
114,118,901,0,0,1
902,901,903,1,0,1
108,904,905,0,1,1
104,106,906,0,0,1
907,906,908,1,0,1
909,908,910,1,0,1
911,912,913,1,1,1
914,913,915,1,0,1
916,917,918,1,1,1
919,920,921,1,1,1
922,921,923,1,0,1
824,923,924,0,0,1
820,924,925,0,0,1
817,821,926,0,0,1
814,818,927,0,0,1
811,815,928,0,0,1
808,812,929,0,0,1
806,809,930,0,0,1
804,930,931,0,0,1
798,802,932,0,0,1
795,799,933,0,0,1
796,933,934,0,0,1
792,934,935,0,0,1
790,793,936,0,0,1
788,936,937,0,0,1
786,937,938,0,0,1
784,938,939,0,0,1
782,939,940,0,0,1
780,940,941,0,0,1
778,941,942,0,0,1
776,942,943,0,0,1
772,774,944,0,0,1
768,770,945,0,0,1
764,766,946,0,0,1
760,762,947,0,0,1
756,758,948,0,0,1
754,948,949,0,0,1
750,752,950,0,0,1
842,747,951,0,0,1
845,951,952,0,0,1
846,952,953,0,0,1
854,953,954,0,0,1
955,954,956,1,0,1
860,857,957,0,0,1
871,958,959,0,1,1
880,874,960,0,0,1
961,960,962,1,0,1
886,883,963,0,0,1
894,891,964,0,0,1
898,964,965,0,0,1
966,965,967,1,0,1
900,968,969,0,1,1
903,969,970,0,0,1
910,905,971,0,0,1
925,918,972,0,0,1
926,972,973,0,0,1
927,973,974,0,0,1
931,929,975,0,0,1
935,932,976,0,0,1
943,976,977,0,0,1
944,977,978,0,0,1
947,946,979,0,0,1
949,979,980,0,0,1
956,950,981,0,0,1
959,957,982,0,0,1
962,982,983,0,0,1
984,983,985,1,0,1
963,985,986,0,0,1
967,987,988,0,1,1
971,970,989,0,0,1
974,915,990,0,0,1
928,990,991,0,0,1
975,991,992,0,0,1
801,992,993,0,0,1
978,993,994,0,0,1
945,994,995,0,0,1
980,995,996,0,0,1
981,996,997,0,0,1
986,997,998,0,0,1
988,998,989,0,0,0
999,1000,1001,1,1,1,1268
1002,1003,1004,1,1,1
1005,1004,1006,1,0,1
0,1007,1008,0,1,1
1001,1008,1006,0,0,0
1009,1010,1011,1,1,1,1269
1012,1011,1013,1,0,1
1014,1013,1015,1,0,1
1016,1015,1017,1,0,1
1018,1017,999,1,0,0
1019,1020,1021,1,1,1,1270
1022,1021,1023,1,0,1
1024,1023,1025,1,0,1
1026,1027,1028,1,1,1
1029,1028,1030,1,0,1
1031,1032,1033,1,1,1
1034,1035,1036,1,1,1
1037,1038,1039,1,1,1
1040,1041,1042,1,1,1
1043,1044,1045,1,1,1
1046,1045,1047,1,0,1
1048,1049,1050,1,1,1
1051,1050,1052,1,0,1
1053,1054,1055,1,1,1
1056,1057,1058,1,1,1
1059,1060,1061,1,1,1
1062,1063,1064,1,1,1
1065,1066,1067,1,1,1
1068,1067,1069,1,0,1
1070,1069,1071,1,0,1
1072,1073,1074,1,1,1
1075,1076,1077,1,1,1
1078,1077,1079,1,0,1
1080,1079,1081,1,0,1
1082,1081,1083,1,0,1
1084,1083,1085,1,0,1
1086,1085,1087,1,0,1
1088,1087,1089,1,0,1
1090,1091,1092,1,1,1
1093,1092,1094,1,0,1
1095,1094,1096,1,0,1
1097,1096,1098,1,0,1
1099,1098,1100,1,0,1
1101,1100,1102,1,0,1
1103,1104,1105,1,1,1
1106,1107,1108,1,1,1
1109,1108,1110,1,0,1
1111,1112,1113,1,1,1
1114,1115,1116,1,1,1
1117,1116,1118,1,0,1
1119,1120,1121,1,1,1
1122,1121,1123,1,0,1
1124,1123,1125,1,0,1
1126,1127,1128,1,1,1
1129,1128,1130,1,0,1
1131,1132,1133,1,1,1
1134,1133,1135,1,0,1
1136,1135,1137,1,0,1
1138,1139,1140,1,1,1
1141,1142,1143,1,1,1
1144,1143,1145,1,0,1
1146,1145,1147,1,0,1
1012,1147,1148,0,0,1
1009,1148,1149,0,0,1
1025,1149,1150,0,0,1
1030,1150,1151,0,0,1
1033,1151,1152,0,0,1
1036,1152,1153,0,0,1
1039,1153,1154,0,0,1
1047,1042,1155,0,0,1
1052,1156,1157,0,1,1
1055,1157,1158,0,0,1
1061,1159,1160,0,1,1
1064,1160,1161,0,0,1
1071,1161,1162,0,0,1
1074,1162,1163,0,0,1
1089,1163,1164,0,0,1
1102,1164,1165,0,0,1
1105,1165,1166,0,0,1
1110,1166,1167,0,0,1
1113,1167,1168,0,0,1
1125,1169,1170,0,1,1
1130,1170,1171,0,0,1
1137,1171,1172,0,0,1
1140,1172,1173,0,0,1
1154,1173,1174,0,0,1
1175,1174,1176,1,0,1
1155,1176,1177,0,0,1
1158,1177,1178,0,0,1
1168,1058,1179,0,0,1
1118,1179,1178,0,0,0
1180,1181,1182,1,1,1,1271
1183,1182,1184,1,0,1
1185,1184,1186,1,0,1
498,1187,1188,0,1,1
496,499,1189,0,0,1
494,1189,1190,0,0,1
1191,491,1192,1,0,1
1193,1194,1195,1,1,1
1196,1195,1197,1,0,1
480,484,1198,0,0,1
481,1198,1199,0,0,1
478,1199,1200,0,0,1
476,1200,1201,0,0,1
474,1201,1202,0,0,1
471,1202,1203,0,0,1
469,472,1204,0,0,1
541,467,1205,0,0,1
463,1205,1206,0,0,1
460,464,1207,0,0,1
458,461,1208,0,0,1
453,456,1209,0,0,1
451,1209,1210,0,0,1
449,1210,1211,0,0,1
443,447,1212,0,0,1
534,444,1213,0,0,1
440,1213,1214,0,0,1
437,441,1215,0,0,1
435,438,1216,0,0,1
431,433,1217,0,0,1
530,427,1218,0,0,1
423,1218,1219,0,0,1
1220,1219,1221,1,0,1
1222,1223,1224,1,1,1
417,419,1225,0,0,1
525,415,1226,0,0,1
412,1226,1227,0,0,1
410,1227,1228,0,0,1
407,1228,1229,0,0,1
404,408,1230,0,0,1
405,1230,1231,0,0,1
402,1231,1232,0,0,1
400,1232,1233,0,0,1
397,1233,1234,0,0,1
394,398,1235,0,0,1
392,395,1236,0,0,1
388,390,1237,0,0,1
1238,1237,1239,1,0,1
1240,1239,1241,1,0,1
1242,1241,1243,1,0,1
1244,1243,1245,1,0,1
1246,1245,1247,1,0,1
1248,1247,1249,1,0,1
1250,1251,1252,1,1,1
1253,1252,1254,1,0,1
1255,1254,1256,1,0,1
1257,1258,1259,1,1,1
1260,1259,1261,1,0,1
1262,1261,1263,1,0,1
1264,1265,1266,1,1,1
1267,1268,1269,1,1,1
1270,1271,1272,1,1,1
1273,1272,1274,1,0,1
1275,1274,1276,1,0,1
1277,1276,1278,1,0,1
1279,1280,1281,1,1,1
1282,1283,1284,1,1,1
1285,1284,1286,1,0,1
1075,1286,1287,0,0,1
1072,1076,1288,0,0,1
1070,1073,1289,0,0,1
1068,1289,1290,0,0,1
1062,1066,1291,0,0,1
1059,1063,1292,0,0,1
1159,1060,1293,0,0,1
1056,1293,1294,0,0,1
1057,1294,1295,0,0,1
1053,1295,1296,0,0,1
1054,1296,1297,0,0,1
1051,1297,1298,0,0,1
1156,1049,1299,0,0,1
1046,1299,1300,0,0,1
1040,1044,1301,0,0,1
1175,1041,1302,0,0,1
1037,1302,1303,0,0,1
1038,1303,1304,0,0,1
1034,1304,1305,0,0,1
1031,1035,1306,0,0,1
1029,1032,1307,0,0,1
1024,1027,1308,0,0,1
1022,1308,1309,0,0,1
1186,1019,1310,0,0,1
1188,1311,1312,0,1,1
1190,1312,1313,0,0,1
1192,1313,1314,0,0,1
1197,1314,1315,0,0,1
1203,1316,1317,0,1,1
1204,1317,1318,0,0,1
1206,466,1319,0,0,1
1207,1319,1320,0,0,1
1208,1320,1321,0,0,1
1211,455,1322,0,0,1
1212,446,1323,0,0,1
1214,1323,1324,0,0,1
1215,1324,1325,0,0,1
1216,1325,1326,0,0,1
1221,426,1327,0,0,1
1224,1327,1328,0,0,1
1225,1328,1329,0,0,1
1229,414,1330,0,0,1
1234,1330,1331,0,0,1
1235,1331,1332,0,0,1
1236,1332,1333,0,0,1
1249,1333,1334,0,0,1
1256,1334,1335,0,0,1
1336,1335,1337,1,0,1
1263,1337,1338,0,0,1
1339,1338,1340,1,0,1
1269,1266,1341,0,0,1
1278,1341,1342,0,0,1
1281,1342,1343,0,0,1
1344,1343,1345,1,0,1
1287,1345,1346,0,0,1
1288,1346,1347,0,0,1
1290,1347,1348,0,0,1
1065,1348,1349,0,0,1
1291,1349,1350,0,0,1
1298,1292,1351,0,0,1
1300,1048,1352,0,0,1
1305,1301,1353,0,0,1
1306,1353,1354,0,0,1
1307,1354,1355,0,0,1
1309,1026,1356,0,0,1
1310,1356,1357,0,0,1
1315,1357,1358,0,0,1
1318,1358,1359,0,0,1
1329,429,1360,0,0,1
1340,1360,1361,0,0,1
1351,1350,1362,0,0,1
1355,1043,1363,0,0,1
1359,1363,1364,0,0,1
1321,1364,1365,0,0,1
1361,1217,1366,0,0,1
1365,1352,1367,0,0,1
1366,1326,1368,0,0,1
1367,1362,1369,0,0,1
1322,1369,1368,0,0,0
503,1370,1371,0,1,1,9463
1372,1371,1373,1,0,1
1374,1375,1376,1,1,1
1311,1376,1377,0,0,1
1185,1377,1378,0,0,1
1183,1378,1379,0,0,1
1373,1180,1380,0,0,1
1381,1380,1379,1,0,0
1382,1383,1384,1,1,1,1271
1385,1384,1386,1,0,1
1387,1386,1388,1,0,1
1389,1388,1390,1,0,1
1391,1390,1392,1,0,1
1393,1392,1394,1,0,1
1395,1396,1397,1,1,1
1398,1399,1400,1,1,1
1401,1400,1402,1,0,1
1403,1404,1405,1,1,1
1406,1407,1408,1,1,1
1409,1408,1410,1,0,1
1411,1412,1413,1,1,1
1414,1415,1416,1,1,1
1417,1418,1419,1,1,1
1420,1421,1422,1,1,1
1423,1422,1424,1,0,1
1425,1426,1427,1,1,1
1428,1429,1430,1,1,1
1431,1430,1432,1,0,1
1433,1434,1435,1,1,1
1436,1437,1438,1,1,1
1439,1440,1441,1,1,1
1442,1443,1444,1,1,1
1445,1444,1446,1,0,1
1447,1446,1448,1,0,1
1449,1448,1450,1,0,1
1451,1452,1453,1,1,1
1454,1455,1456,1,1,1
1457,1458,1459,1,1,1
1460,1461,1462,1,1,1
1463,1464,1465,1,1,1
1466,1467,1468,1,1,1
1469,1468,1470,1,0,1
1471,1472,1473,1,1,1
1474,1475,1476,1,1,1
1477,1476,1478,1,0,1
1479,1478,1480,1,0,1
1481,1482,1483,1,1,1
1484,1483,1485,1,0,1
1486,1485,1487,1,0,1
1488,1489,1490,1,1,1
1491,1490,1492,1,0,1
1493,1494,1495,1,1,1
1496,1497,1498,1,1,1
1499,1498,1500,1,0,1
1501,1502,1503,1,1,1
1504,1505,1506,1,1,1
1507,1508,1509,1,1,1
1510,1511,1512,1,1,1
1513,1514,1515,1,1,1
1516,1515,1517,1,0,1
1518,1519,1520,1,1,1
1521,1520,1522,1,0,1
1523,1522,1524,1,0,1
1525,1524,1526,1,0,1
1527,1528,1529,1,1,1
1530,1529,1531,1,0,1
1532,1533,1534,1,1,1
1535,1536,1537,1,1,1
1538,1537,1539,1,0,1
1540,1539,1541,1,0,1
1542,1541,1543,1,0,1
1544,1543,1545,1,0,1
1546,1545,1547,1,0,1
1548,1547,1549,1,0,1
1550,1549,1551,1,0,1
1552,1551,1553,1,0,1
1554,1553,1555,1,0,1
1556,1555,1557,1,0,1
1558,1557,1559,1,0,1
1560,1559,1561,1,0,1
1562,1561,1563,1,0,1
1564,1563,1565,1,0,1
1566,1565,1567,1,0,1
1568,1567,1569,1,0,1
1570,1569,1571,1,0,1
1572,1571,1573,1,0,1
1574,1575,1576,1,1,1
1577,1578,1579,1,1,1
1580,1579,1581,1,0,1
1582,1583,1584,1,1,1
1585,1586,1587,1,1,1
1588,1587,1589,1,0,1
1590,1591,1592,1,1,1
1593,1592,1594,1,0,1
1595,1596,1597,1,1,1
1598,1597,1599,1,0,1
1600,1599,1601,1,0,1
1602,1603,1604,1,1,1
1605,1606,1607,1,1,1
1608,1607,1609,1,0,1
1610,1609,1611,1,0,1
1612,1613,1614,1,1,1
1615,1616,1617,1,1,1
384,1617,1618,0,0,1
381,1618,1619,0,0,1
378,382,1620,0,0,1
376,379,1621,0,0,1
369,372,1622,0,0,1
366,370,1623,0,0,1
367,1623,1624,0,0,1
363,1624,1625,0,0,1
361,364,1626,0,0,1
359,1626,1627,0,0,1
357,1627,1628,0,0,1
516,355,1629,0,0,1
351,1629,1630,0,0,1
352,1630,1631,0,0,1
348,1631,1632,0,0,1
346,349,1633,0,0,1
343,1633,1634,0,0,1
559,344,1635,0,0,1
341,1635,1636,0,0,1
338,1636,1637,0,0,1
339,1637,1638,0,0,1
557,1638,1639,0,0,1
335,1639,1640,0,0,1
336,1640,1641,0,0,1
554,1641,1642,0,0,1
333,1642,1643,0,0,1
331,1643,1644,0,0,1
329,1644,1645,0,0,1
327,1645,1646,0,0,1
325,1646,1647,0,0,1
322,1647,1648,0,0,1
319,323,1649,0,0,1
316,320,1650,0,0,1
510,317,1651,0,0,1
508,1651,1652,0,0,1
314,1652,1653,0,0,1
311,1653,1654,0,0,1
308,312,1655,0,0,1
305,309,1656,0,0,1
302,306,1657,0,0,1
300,303,1658,0,0,1
298,1658,1659,0,0,1
292,294,1660,0,0,1
287,290,1661,0,0,1
1394,1661,1662,0,0,1
1663,1662,1664,1,0,1
1397,1664,1665,0,0,1
1666,1665,1667,1,0,1
1402,1668,1669,0,1,1
1410,1405,1670,0,0,1
1413,1671,1672,0,1,1
1416,1672,1673,0,0,1
1424,1419,1674,0,0,1
1427,1674,1675,0,0,1
1435,1432,1676,0,0,1
1677,1676,1678,1,0,1
1438,1678,1679,0,0,1
1441,1679,1680,0,0,1
1450,1681,1682,0,1,1
1453,1682,1683,0,0,1
1459,1456,1684,0,0,1
1480,1473,1685,0,0,1
1487,1685,1686,0,0,1
1492,1686,1687,0,0,1
1688,1687,1689,1,0,1
1503,1500,1690,0,0,1
1509,1506,1691,0,0,1
1512,1691,1692,0,0,1
1526,1517,1693,0,0,1
1531,1693,1694,0,0,1
1573,1534,1695,0,0,1
1576,1695,1696,0,0,1
1581,1696,1697,0,0,1
1584,1697,1698,0,0,1
1699,1698,1700,1,0,1
1589,1700,1701,0,0,1
1601,1594,1702,0,0,1
1604,1702,1703,0,0,1
1611,1704,1705,0,1,1
1614,1705,1706,0,0,1
1707,1706,1708,1,0,1
1619,1708,1709,0,0,1
1620,1709,1710,0,0,1
1621,1710,1711,0,0,1
374,1711,1712,0,0,1
1625,1622,1713,0,0,1
1628,1713,1714,0,0,1
1632,354,1715,0,0,1
1648,1634,1716,0,0,1
1649,1716,1717,0,0,1
1650,1717,1718,0,0,1
1654,1718,1719,0,0,1
1655,1719,1720,0,0,1
1657,1656,1721,0,0,1
1659,1721,1722,0,0,1
1660,296,1723,0,0,1
1667,1723,1724,0,0,1
1669,1724,1725,0,0,1
1670,1725,1726,0,0,1
1673,1726,1727,0,0,1
1675,1727,1728,0,0,1
1680,1728,1729,0,0,1
1683,1729,1730,0,0,1
1731,1730,1732,1,0,1
1684,1732,1733,0,0,1
1689,1734,1735,0,1,1
1694,1692,1736,0,0,1
1701,1736,1737,0,0,1
1703,1737,1738,0,0,1
1714,1712,1739,0,0,1
1715,1739,1740,0,0,1
1722,1720,1741,0,0,1
1733,1741,1742,0,0,1
1462,1742,1743,0,0,1
1465,1743,1744,0,0,1
1735,1745,1746,0,1,1
1738,1690,1747,0,0,1
1744,1740,1748,0,0,1
1470,1748,1749,0,0,1
1746,1749,1750,0,0,1
1495,1750,1747,0,0,0
1751,1752,1753,1,1,1,1270
1754,1753,1755,1,0,1
1756,1757,1758,1,1,1
1759,1760,1761,1,1,1
1762,1763,1764,1,1,1
1765,1766,1767,1,1,1
1768,1769,1770,1,1,1
1771,1772,1773,1,1,1
1774,1775,1776,1,1,1
1777,1778,1779,1,1,1
1780,1781,1782,1,1,1
1783,1782,1784,1,0,1
1785,1786,1787,1,1,1
1788,1787,1789,1,0,1
1790,1789,1791,1,0,1
1792,1793,1794,1,1,1
1795,1794,1796,1,0,1
1797,1798,1799,1,1,1
1800,1801,1802,1,1,1
1803,1804,1805,1,1,1
1806,1805,1807,1,0,1
1808,1809,1810,1,1,1
1811,1812,1813,1,1,1
1814,1815,1816,1,1,1
1817,1816,1818,1,0,1
1819,1820,1821,1,1,1
1822,1823,1824,1,1,1
1825,1824,1826,1,0,1
1827,1826,1828,1,0,1
1829,1828,1830,1,0,1
1831,1830,1832,1,0,1
1833,1832,1834,1,0,1
1835,1836,1837,1,1,1
1838,1839,1840,1,1,1
1841,1842,1843,1,1,1
1844,1845,1846,1,1,1
1847,1848,1849,1,1,1
1850,1849,1851,1,0,1
1852,1851,1853,1,0,1
1854,1853,1855,1,0,1
1856,1855,1857,1,0,1
1858,1859,1860,1,1,1
1861,1860,1862,1,0,1
1863,1864,1865,1,1,1
1866,1865,1867,1,0,1
1868,1869,1870,1,1,1
1871,1870,1872,1,0,1
1873,1874,1875,1,1,1
1876,1877,1878,1,1,1
1879,1878,1880,1,0,1
1881,1880,1882,1,0,1
1883,1884,1885,1,1,1
1886,1885,1887,1,0,1
1888,1887,1889,1,0,1
1890,1891,1892,1,1,1
1893,1894,1895,1,1,1
1896,1897,1898,1,1,1
1899,1900,1901,1,1,1
1902,1901,1903,1,0,1
1904,1905,1906,1,1,1
1907,1906,1908,1,0,1
1909,1908,1910,1,0,1
1911,1912,1913,1,1,1
1914,1913,1915,1,0,1
1916,1915,1917,1,0,1
1918,1917,1919,1,0,1
1920,1919,1921,1,0,1
1922,1921,1923,1,0,1
1924,1923,1925,1,0,1
1926,1925,1927,1,0,1
1928,1929,1930,1,1,1
1931,1932,1933,1,1,1
1934,1935,1936,1,1,1
1937,1936,1938,1,0,1
1939,1938,1940,1,0,1
1941,1940,1942,1,0,1
1943,1942,1944,1,0,1
1945,1944,1946,1,0,1
1947,1946,1948,1,0,1
1949,1948,1950,1,0,1
1951,1952,1953,1,1,1
1954,1953,1955,1,0,1
1956,1957,1958,1,1,1
1959,1960,1961,1,1,1
1962,1961,1963,1,0,1
1964,1963,1965,1,0,1
1966,1965,1967,1,0,1
1968,1967,1969,1,0,1
1970,1969,1971,1,0,1
1972,1971,1973,1,0,1
1974,1975,1976,1,1,1
1977,1978,1979,1,1,1
1980,1981,1982,1,1,1
1983,1984,1985,1,1,1
1986,1987,1988,1,1,1
1989,1988,1990,1,0,1
1991,1990,1992,1,0,1
1993,1992,1994,1,0,1
1995,1996,1997,1,1,1
1998,1999,2000,1,1,1
2001,2002,2003,1,1,1
1542,2003,2004,0,0,1
1540,2004,2005,0,0,1
1538,2005,2006,0,0,1
1532,1536,2007,0,0,1
1530,1533,2008,0,0,1
1527,2008,2009,0,0,1
1525,1528,2010,0,0,1
1523,2010,2011,0,0,1
1518,1521,2012,0,0,1
1516,1519,2013,0,0,1
1510,1514,2014,0,0,1
1507,1511,2015,0,0,1
1504,1508,2016,0,0,1
1501,1505,2017,0,0,1
1502,2017,2018,0,0,1
1499,2018,2019,0,0,1
1496,2019,2020,0,0,1
1493,1497,2021,0,0,1
1688,1494,2022,0,0,1
1491,2022,2023,0,0,1
1488,2023,2024,0,0,1
1486,1489,2025,0,0,1
1484,2025,2026,0,0,1
1479,1482,2027,0,0,1
1471,1475,2028,0,0,1
1734,1472,2029,0,0,1
1745,2029,2030,0,0,1
1469,2030,2031,0,0,1
1466,2031,2032,0,0,1
1467,2032,2033,0,0,1
1463,2033,2034,0,0,1
1464,2034,2035,0,0,1
1460,2035,2036,0,0,1
1461,2036,2037,0,0,1
1457,2037,2038,0,0,1
1458,2038,2039,0,0,1
1454,2039,2040,0,0,1
1455,2040,2041,0,0,1
1731,2041,2042,0,0,1
1451,2042,2043,0,0,1
1449,1452,2044,0,0,1
1445,1447,2045,0,0,1
1681,1443,2046,0,0,1
1439,2046,2047,0,0,1
1440,2047,2048,0,0,1
1436,2048,2049,0,0,1
1677,1437,2050,0,0,1
1433,2050,2051,0,0,1
1431,1434,2052,0,0,1
1428,2052,2053,0,0,1
1425,1429,2054,0,0,1
1423,1426,2055,0,0,1
1420,2055,2056,0,0,1
1417,1421,2057,0,0,1
1418,2057,2058,0,0,1
1414,2058,2059,0,0,1
1411,1415,2060,0,0,1
1671,1412,2061,0,0,1
1409,2061,2062,0,0,1
1406,2062,2063,0,0,1
1403,1407,2064,0,0,1
1401,1404,2065,0,0,1
1398,2065,2066,0,0,1
1668,1399,2067,0,0,1
1666,2067,2068,0,0,1
1395,2068,2069,0,0,1
1663,1396,2070,0,0,1
1393,2070,2071,0,0,1
1391,2071,2072,0,0,1
1389,2072,2073,0,0,1
1385,1387,2074,0,0,1
1382,2074,2075,0,0,1
1755,2075,2076,0,0,1
1758,2076,2077,0,0,1
1761,2077,2078,0,0,1
2079,2078,2080,1,0,1
1764,2080,2081,0,0,1
1767,2081,2082,0,0,1
1770,2082,2083,0,0,1
2084,2083,2085,1,0,1
1773,2085,2086,0,0,1
1776,2086,2087,0,0,1
1779,2087,2088,0,0,1
1791,1784,2089,0,0,1
1796,2089,2090,0,0,1
1799,2090,2091,0,0,1
1802,2091,2092,0,0,1
1807,2092,2093,0,0,1
2094,2093,2095,1,0,1
1810,2095,2096,0,0,1
1813,2096,2097,0,0,1
1821,1818,2098,0,0,1
1834,2098,2099,0,0,1
1837,2099,2100,0,0,1
1846,1843,2101,0,0,1
1857,2101,2102,0,0,1
1862,2102,2103,0,0,1
2104,2103,2105,1,0,1
1867,2105,2106,0,0,1
1882,1875,2107,0,0,1
1889,2108,2109,0,1,1
1903,1898,2110,0,0,1
1910,2110,2111,0,0,1
1927,2112,2113,0,1,1
1933,1930,2114,0,0,1
1950,2115,2116,0,1,1
1955,2116,2117,0,0,1
1958,2117,2118,0,0,1
1973,2118,2119,0,0,1
1976,2119,2120,0,0,1
2121,2120,2122,1,0,1
1994,1985,2123,0,0,1
1997,2123,2124,0,0,1
2000,2124,2125,0,0,1
2006,2126,2127,0,1,1
2009,2007,2128,0,0,1
2011,2128,2129,0,0,1
2012,2129,2130,0,0,1
2014,1513,2131,0,0,1
2015,2131,2132,0,0,1
2020,2016,2133,0,0,1
2021,2133,2134,0,0,1
2024,2134,2135,0,0,1
2026,2135,2136,0,0,1
1481,2136,2137,0,0,1
2027,2137,2138,0,0,1
1477,2138,2139,0,0,1
2043,2028,2140,0,0,1
2044,2140,2141,0,0,1
2045,2141,2142,0,0,1
2049,1442,2143,0,0,1
2051,2143,2144,0,0,1
2056,2054,2145,0,0,1
2060,2059,2146,0,0,1
2063,2146,2147,0,0,1
2073,2069,2148,0,0,1
2088,2148,2149,0,0,1
2097,2149,2150,0,0,1
2100,2150,2151,0,0,1
2106,1840,2152,0,0,1
1872,2152,2153,0,0,1
2107,2153,2154,0,0,1
2111,1895,2155,0,0,1
2113,2155,2156,0,0,1
2122,2114,2157,0,0,1
2125,1982,2158,0,0,1
2127,2158,2159,0,0,1
1535,2159,2160,0,0,1
2130,2160,2161,0,0,1
2132,2013,2162,0,0,1
2139,2162,2163,0,0,1
1474,2163,2164,0,0,1
2142,2164,2165,0,0,1
2144,2165,2166,0,0,1
2053,2166,2167,0,0,1
2151,2066,2168,0,0,1
2156,1892,2169,0,0,1
2157,2170,2171,0,1,1
1979,2171,2172,0,0,1
2161,2172,2173,0,0,1
2168,2064,2174,0,0,1
2169,2109,2175,0,0,1
2173,2175,2176,0,0,1
2174,2147,2177,0,0,1
2176,2178,2179,0,1,1
2177,2145,2180,0,0,1
2181,2180,2182,1,0,1
2179,2154,2183,0,0,1
2167,2183,2182,0,0,0
2184,2185,2186,1,1,1,1269
2187,2186,2188,1,0,1
2189,2188,2190,1,0,1
2191,2190,2192,1,0,1
2193,2194,2195,1,1,1
2196,2197,2198,1,1,1
2199,2200,2201,1,1,1
2202,2203,2204,1,1,1
2205,2206,2207,1,1,1
2208,2209,2210,1,1,1
2211,2212,2213,1,1,1
2214,2213,2215,1,0,1
2216,2215,2217,1,0,1
2218,2219,2220,1,1,1
2221,2222,2223,1,1,1
2224,2223,2225,1,0,1
2226,2225,2227,1,0,1
2228,2227,2229,1,0,1
2230,2229,2231,1,0,1
2232,2233,2234,1,1,1
2235,2234,2236,1,0,1
2237,2238,2239,1,1,1
2240,2239,2241,1,0,1
2242,2243,2244,1,1,1
1937,1939,2245,0,0,1
2115,1935,2246,0,0,1
1931,2246,2247,0,0,1
1928,1932,2248,0,0,1
2170,1929,2249,0,0,1
1926,2249,2250,0,0,1
1924,2250,2251,0,0,1
1922,2251,2252,0,0,1
1920,2252,2253,0,0,1
1918,2253,2254,0,0,1
1916,2254,2255,0,0,1
2112,1912,2256,0,0,1
1909,2256,2257,0,0,1
1907,2257,2258,0,0,1
1904,2258,2259,0,0,1
1902,1905,2260,0,0,1
1899,2260,2261,0,0,1
1896,1900,2262,0,0,1
1893,1897,2263,0,0,1
1890,1894,2264,0,0,1
1888,1891,2265,0,0,1
1886,2265,2266,0,0,1
1883,2266,2267,0,0,1
2108,1884,2268,0,0,1
2178,2268,2269,0,0,1
1881,2269,2270,0,0,1
1879,2270,2271,0,0,1
1876,2271,2272,0,0,1
1873,1877,2273,0,0,1
1871,1874,2274,0,0,1
1868,2274,2275,0,0,1
1866,1869,2276,0,0,1
1863,2276,2277,0,0,1
2104,1864,2278,0,0,1
1861,2278,2279,0,0,1
1858,2279,2280,0,0,1
1856,1859,2281,0,0,1
1852,1854,2282,0,0,1
1844,1848,2283,0,0,1
1841,1845,2284,0,0,1
1838,1842,2285,0,0,1
2181,1839,2286,0,0,1
1835,2286,2287,0,0,1
1833,1836,2288,0,0,1
1831,2288,2289,0,0,1
1825,1827,2290,0,0,1
1819,1823,2291,0,0,1
1820,2291,2292,0,0,1
1817,2292,2293,0,0,1
1814,2293,2294,0,0,1
1811,1815,2295,0,0,1
1808,1812,2296,0,0,1
2094,1809,2297,0,0,1
1806,2297,2298,0,0,1
1803,2298,2299,0,0,1
1800,1804,2300,0,0,1
1797,1801,2301,0,0,1
1795,1798,2302,0,0,1
1790,1793,2303,0,0,1
1788,2303,2304,0,0,1
1785,2304,2305,0,0,1
1783,1786,2306,0,0,1
1780,2306,2307,0,0,1
1777,1781,2308,0,0,1
1774,1778,2309,0,0,1
1771,1775,2310,0,0,1
2084,1772,2311,0,0,1
1768,2311,2312,0,0,1
1765,1769,2313,0,0,1
1762,1766,2314,0,0,1
2079,1763,2315,0,0,1
1759,2315,2316,0,0,1
1756,1760,2317,0,0,1
1754,1757,2318,0,0,1
1751,2318,2319,0,0,1
2192,2319,2320,0,0,1
2195,2320,2321,0,0,1
2198,2321,2322,0,0,1
2201,2322,2323,0,0,1
2204,2323,2324,0,0,1
2217,2325,2326,0,1,1
2231,2327,2328,0,1,1
2241,2236,2329,0,0,1
2244,2329,2330,0,0,1
2245,2330,2331,0,0,1
1934,2331,2332,0,0,1
2247,2332,2333,0,0,1
2248,2333,2334,0,0,1
2255,2334,2335,0,0,1
1914,2335,2336,0,0,1
1911,2336,2337,0,0,1
2259,2337,2338,0,0,1
2261,2338,2339,0,0,1
2262,2339,2340,0,0,1
2263,2340,2341,0,0,1
2264,2341,2342,0,0,1
2267,2342,2343,0,0,1
2272,2343,2344,0,0,1
2273,2344,2345,0,0,1
2280,2277,2346,0,0,1
2281,2346,2347,0,0,1
2282,2347,2348,0,0,1
2283,1847,2349,0,0,1
2285,2284,2350,0,0,1
2287,2350,2351,0,0,1
2289,2351,2352,0,0,1
1829,2352,2353,0,0,1
2294,1822,2354,0,0,1
2296,2295,2355,0,0,1
2299,2355,2356,0,0,1
2300,2356,2357,0,0,1
2305,1792,2358,0,0,1
2308,2307,2359,0,0,1
2309,2359,2360,0,0,1
2310,2360,2361,0,0,1
2316,2314,2362,0,0,1
2317,2362,2363,0,0,1
2324,2363,2364,0,0,1
2207,2364,2365,0,0,1
2210,2365,2366,0,0,1
2345,2367,2368,0,1,1
2275,2368,2369,0,0,1
2353,2349,2370,0,0,1
2290,2370,2371,0,0,1
2357,2354,2372,0,0,1
2301,2372,2373,0,0,1
2302,2373,2374,0,0,1
2361,2358,2375,0,0,1
2312,2375,2376,0,0,1
2366,2313,2377,0,0,1
2369,2328,2378,0,0,1
2371,1850,2379,0,0,1
2374,2379,2380,0,0,1
2377,2376,2381,0,0,1
2326,2381,2382,0,0,1
2378,2220,2383,0,0,1
2348,2383,2384,0,0,1
2380,2384,2382,0,0,0
2243,2385,2386,0,1,1,1268
2240,2386,2387,0,0,1
2237,2387,2388,0,0,1
2238,2388,2389,0,0,1
2235,2389,2390,0,0,1
2232,2390,2391,0,0,1
2233,2391,2392,0,0,1
2230,2367,2393,0,0,1
2226,2228,2394,0,0,1
2224,2394,2395,0,0,1
2327,2222,2396,0,0,1
2218,2396,2397,0,0,1
2216,2219,2398,0,0,1
2214,2398,2399,0,0,1
2211,2399,2400,0,0,1
2325,2212,2401,0,0,1
2208,2401,2402,0,0,1
2209,2402,2403,0,0,1
2205,2403,2404,0,0,1
2202,2206,2405,0,0,1
2199,2203,2406,0,0,1
2196,2200,2407,0,0,1
2193,2197,2408,0,0,1
2191,2194,2409,0,0,1
2189,2409,2410,0,0,1
2187,2410,2411,0,0,1
2184,2411,2412,0,0,1
2392,2412,2413,0,0,1
2393,2413,2414,0,0,1
2395,2414,2415,0,0,1
2221,2415,2416,0,0,1
2397,2416,2417,0,0,1
2400,2417,2418,0,0,1
2405,2404,2419,0,0,1
2406,2419,2420,0,0,1
2407,2420,2421,0,0,1
2408,2421,2418,0,0,0
2422,2423,2424,1,1,1,1271
1945,2424,1943,0,0,0
2425,2426,2427,1,1,1,9463
2428,2427,2429,1,0,1
2430,2429,2431,1,0,1
2432,2431,2433,1,0,1
1947,2433,2422,0,0,0
2434,2435,2436,1,1,1,9466
2437,2438,2439,1,1,1
2440,2441,2442,1,1,1
2443,2444,2445,1,1,1
2446,2445,2447,1,0,1
2448,2447,2449,1,0,1
1951,2450,2451,0,1,1
2452,2451,2453,1,0,1
2430,2453,2454,0,0,1
2428,2454,2455,0,0,1
2425,2455,2456,0,0,1
2436,2456,2457,0,0,1
2439,2457,2458,0,0,1
2442,2458,2449,0,0,0
680,2459,2460,0,1,1,1273
678,2460,2461,0,0,1
676,2461,2462,0,0,1
2463,2462,2464,1,0,1
669,2464,2465,0,0,1
2466,2467,2468,1,1,1
2469,2468,2470,1,0,1
2443,2470,2471,0,0,1
2444,2471,2472,0,0,1
2440,2472,2473,0,0,1
2437,2441,2474,0,0,1
2434,2438,2475,0,0,1
2465,2475,2476,0,0,1
2477,2476,2478,1,0,1
2473,2478,2474,0,0,0
2479,2480,2481,1,1,1,1273
2482,2481,2483,1,0,1
2484,2483,2485,1,0,1
2486,2485,2487,1,0,1
2488,2487,2489,1,0,1
2490,2489,2491,1,0,1
2492,2491,2493,1,0,1
2494,2495,2496,1,1,1
2497,2498,2499,1,1,1
2500,2501,2502,1,1,1
2503,2504,2505,1,1,1
2506,2507,2508,1,1,1
2509,2510,2511,1,1,1
2512,2513,2514,1,1,1
2515,2514,2516,1,0,1
2517,2516,2518,1,0,1
2519,2520,2521,1,1,1
2522,2523,2524,1,1,1
2525,2526,2527,1,1,1
2528,2529,2530,1,1,1
2531,2532,2533,1,1,1
2534,2535,2536,1,1,1
2537,2538,2539,1,1,1
2540,2541,2542,1,1,1
2543,2544,2545,1,1,1
2546,2547,2548,1,1,1
2549,2550,2551,1,1,1
2552,2553,2554,1,1,1
2555,2556,2557,1,1,1
2558,2559,2560,1,1,1
2561,2560,2562,1,0,1
2563,2564,2565,1,1,1
2566,2565,2567,1,0,1
2568,2567,2569,1,0,1
2570,2569,2571,1,0,1
2572,2573,2574,1,1,1
2575,2574,2576,1,0,1
2577,2576,2578,1,0,1
2579,2580,2581,1,1,1
2582,2583,2584,1,1,1
2585,2586,2587,1,1,1
2588,2589,2590,1,1,1
2591,2592,2593,1,1,1
2594,2593,2595,1,0,1
2596,2595,2597,1,0,1
2598,2599,2600,1,1,1
2601,2600,2602,1,0,1
2603,2602,2604,1,0,1
1552,2605,2606,0,1,1
2607,2606,2608,1,0,1
2609,2608,2610,1,0,1
2611,2612,2613,1,1,1
2614,2613,2615,1,0,1
2616,2617,2618,1,1,1
2619,2620,2621,1,1,1
2622,2621,2623,1,0,1
2624,2623,2625,1,0,1
2626,2625,2627,1,0,1
601,2628,2629,0,1,1
597,599,2630,0,0,1
593,595,2631,0,0,1
586,589,2632,0,0,1
584,587,2633,0,0,1
578,582,2634,0,0,1
575,579,2635,0,0,1
572,576,2636,0,0,1
569,573,2637,0,0,1
566,570,2638,0,0,1
2493,2638,2639,0,0,1
2496,2639,2640,0,0,1
2499,2640,2641,0,0,1
2518,2511,2642,0,0,1
2521,2642,2643,0,0,1
2524,2643,2644,0,0,1
2527,2644,2645,0,0,1
2530,2645,2646,0,0,1
2533,2646,2647,0,0,1
2536,2647,2648,0,0,1
2539,2648,2649,0,0,1
2542,2649,2650,0,0,1
2545,2650,2651,0,0,1
2548,2651,2652,0,0,1
2551,2652,2653,0,0,1
2554,2653,2654,0,0,1
2562,2557,2655,0,0,1
2578,2571,2656,0,0,1
2581,2656,2657,0,0,1
2584,2657,2658,0,0,1
2587,2658,2659,0,0,1
2590,2659,2660,0,0,1
2661,2660,2662,1,0,1
2597,2662,2663,0,0,1
2604,2663,2664,0,0,1
2610,2664,2665,0,0,1
2627,2618,2666,0,0,1
2629,2666,2667,0,0,1
2631,2630,2668,0,0,1
2635,2634,2669,0,0,1
2636,2669,2670,0,0,1
2641,2637,2671,0,0,1
2654,2508,2672,0,0,1
2655,2672,2673,0,0,1
2667,2615,2674,0,0,1
2671,2670,2675,0,0,1
2673,2505,2676,0,0,1
2674,2665,2677,0,0,1
2668,2677,2678,0,0,1
591,2678,2679,0,0,1
2632,2679,2680,0,0,1
2675,581,2681,0,0,1
2676,2502,2682,0,0,1
2680,2682,2683,0,0,1
2681,2633,2684,0,0,1
2685,2684,2683,1,0,0
2559,2686,2687,0,1,1,1274
2555,2687,2688,0,0,1
2556,2688,2689,0,0,1
2552,2689,2690,0,0,1
2553,2690,2691,0,0,1
2549,2691,2692,0,0,1
2550,2692,2693,0,0,1
2546,2693,2694,0,0,1
2547,2694,2695,0,0,1
2543,2695,2696,0,0,1
2544,2696,2697,0,0,1
2540,2697,2698,0,0,1
2541,2698,2699,0,0,1
2537,2699,2700,0,0,1
2538,2700,2701,0,0,1
2534,2701,2702,0,0,1
2535,2702,2703,0,0,1
2531,2703,2704,0,0,1
2532,2704,2705,0,0,1
2528,2705,2706,0,0,1
2529,2706,2707,0,0,1
2525,2707,2708,0,0,1
2526,2708,2709,0,0,1
2522,2709,2710,0,0,1
2523,2710,2711,0,0,1
2519,2711,2712,0,0,1
2520,2712,2713,0,0,1
2517,2713,2714,0,0,1
2515,2714,2715,0,0,1
2512,2715,2716,0,0,1
2509,2513,2717,0,0,1
2510,2717,2718,0,0,1
2506,2718,2719,0,0,1
2503,2507,2720,0,0,1
2500,2504,2721,0,0,1
2501,2721,2722,0,0,1
2685,2722,2723,0,0,1
2497,2723,2724,0,0,1
2498,2724,2725,0,0,1
2494,2725,2726,0,0,1
2495,2726,2727,0,0,1
2492,2727,2728,0,0,1
2490,2728,2729,0,0,1
2488,2729,2730,0,0,1
2486,2730,2731,0,0,1
2484,2731,2732,0,0,1
2482,2732,2733,0,0,1
2479,2733,2734,0,0,1
2716,2734,2735,0,0,1
2719,2735,2720,0,0,0
1005,1007,2736,0,0,1,1267
2737,2736,2738,1,0,1
2739,2738,2740,1,0,1
2741,2742,2743,1,1,1
2744,2745,2746,1,1,1
2747,2748,2749,1,1,1
16,2749,2750,0,0,1
213,2750,2751,0,0,1
211,2751,2752,0,0,1
12,2752,2753,0,0,1
9,13,2754,0,0,1
7,10,2755,0,0,1
5,2755,2756,0,0,1
2740,3,2757,0,0,1
2753,2746,2758,0,0,1
2757,2756,2759,0,0,1
2758,2743,2760,0,0,1
2754,2760,2759,0,0,0
2761,1018,2762,1,0,1,9460
2763,2762,2764,1,0,1
2765,2766,2767,1,1,1
2768,2769,2770,1,1,1
2771,2772,2773,1,1,1
2774,2775,2776,1,1,1
2777,2778,2779,1,1,1
2780,2781,2782,1,1,1
2783,2782,2784,1,0,1
2785,2784,2786,1,0,1
2787,2788,2789,1,1,1
2790,2791,2792,1,1,1
2793,2794,2795,1,1,1
2796,2797,2798,1,1,1
2799,2798,2800,1,0,1
2801,2802,2803,1,1,1
2804,2805,2806,1,1,1
2807,2808,2809,1,1,1
2810,2811,2812,1,1,1
2813,2814,2815,1,1,1
2816,2817,2818,1,1,1
2819,2818,2820,1,0,1
2821,2822,2823,1,1,1
2824,2825,2826,1,1,1
2827,2826,2828,1,0,1
2829,2828,2830,1,0,1
2831,2830,2832,1,0,1
2833,2832,2834,1,0,1
2835,2836,2837,1,1,1
2838,2839,2840,1,1,1
2841,62,2842,1,0,1
2843,54,2844,1,0,1
47,2845,2846,0,1,1
2847,2846,2848,1,0,1
38,2849,2850,0,1,1
2851,2850,2852,1,0,1
2853,2854,2855,1,1,1
2856,2857,2858,1,1,1
33,2859,2860,0,1,1
221,34,2861,0,0,1
219,2861,2862,0,0,1
31,2862,2863,0,0,1
29,2863,2864,0,0,1
26,2864,2865,0,0,1
23,27,2866,0,0,1
24,2866,2867,0,0,1
20,2867,2868,0,0,1
2869,2868,2870,1,0,1
2871,2870,2872,1,0,1
2873,2874,2875,1,1,1
15,2876,2877,0,1,1
2747,2877,2878,0,0,1
2744,2748,2879,0,0,1
2745,2879,2880,0,0,1
2741,2880,2881,0,0,1
2742,2881,2882,0,0,1
2737,2739,2883,0,0,1
1002,2883,2884,0,0,1
1003,2884,2885,0,0,1
2764,2885,2886,0,0,1
2767,2886,2887,0,0,1
2786,2779,2888,0,0,1
2789,2888,2889,0,0,1
2792,2889,2890,0,0,1
2795,2890,2891,0,0,1
2800,2892,2893,0,1,1
2803,2894,2895,0,1,1
2806,2895,2896,0,0,1
2809,2896,2897,0,0,1
2812,2897,2898,0,0,1
2815,2898,2899,0,0,1
2823,2820,2900,0,0,1
2834,2900,2901,0,0,1
2837,2901,2902,0,0,1
2840,2902,2903,0,0,1
2904,2903,2905,1,0,1
2842,2905,2906,0,0,1
2907,2906,2908,1,0,1
2844,2908,2909,0,0,1
2848,2909,2910,0,0,1
2852,2911,2912,0,1,1
2860,2858,2913,0,0,1
2878,2875,2914,0,0,1
2887,2882,2915,0,0,1
2770,2915,2916,0,0,1
2773,2916,2917,0,0,1
2918,2917,2919,1,0,1
2776,2919,2920,0,0,1
2910,2899,2921,0,0,1
2912,2921,2922,0,0,1
2923,2922,2924,1,0,1
2855,2924,2925,0,0,1
2913,2925,2926,0,0,1
2914,2872,2927,0,0,1
2920,2927,2928,0,0,1
2891,2928,2929,0,0,1
2926,2930,2931,0,1,1
2929,2865,2932,0,0,1
2893,2932,2931,0,0,0
1146,1014,2933,0,0,1,9461
2934,1144,2935,1,0,1
2936,2935,2937,1,0,1
2938,1131,2939,1,0,1
2940,2941,2942,1,1,1
2943,2944,2945,1,1,1
2946,2945,2947,1,0,1
2948,2949,2950,1,1,1
2951,2950,2952,1,0,1
2953,2952,2954,1,0,1
1119,2955,2956,0,1,1
2957,2956,2958,1,0,1
1106,2958,2959,0,0,1
2960,2959,2961,1,0,1
2962,2963,2964,1,1,1
1095,2965,2966,0,1,1
2967,2966,2968,1,0,1
2969,2970,2971,1,1,1
2972,2973,2974,1,1,1
2975,2974,2976,1,0,1
2977,2976,2978,1,0,1
1080,2979,2980,0,1,1
2981,2980,2982,1,0,1
2983,2982,2984,1,0,1
2985,2986,2987,1,1,1
2988,2989,2990,1,1,1
2991,2990,2992,1,0,1
2993,2992,2994,1,0,1
2995,2994,2996,1,0,1
2997,2998,2999,1,1,1
3000,3001,3002,1,1,1
3003,3004,3005,1,1,1
2819,3005,3006,0,0,1
2816,3006,3007,0,0,1
2813,2817,3008,0,0,1
2810,2814,3009,0,0,1
2807,2811,3010,0,0,1
2804,2808,3011,0,0,1
2801,2805,3012,0,0,1
2894,2802,3013,0,0,1
2930,3013,3014,0,0,1
2799,3014,3015,0,0,1
2796,3015,3016,0,0,1
2892,2797,3017,0,0,1
2793,3017,3018,0,0,1
2790,2794,3019,0,0,1
2787,2791,3020,0,0,1
2785,2788,3021,0,0,1
2783,3021,3022,0,0,1
2777,2781,3023,0,0,1
2774,2778,3024,0,0,1
2918,2775,3025,0,0,1
2771,3025,3026,0,0,1
2768,2772,3027,0,0,1
2769,3027,3028,0,0,1
2765,3028,3029,0,0,1
2766,3029,3030,0,0,1
1016,2761,3031,0,0,1
2933,3031,3032,0,0,1
2937,3032,3033,0,0,1
2964,2961,3034,0,0,1
2971,2968,3035,0,0,1
2978,3036,3037,0,1,1
2984,3037,3038,0,0,1
2987,3038,3039,0,0,1
2999,2996,3040,0,0,1
3007,3002,3041,0,0,1
3008,3041,3042,0,0,1
3009,3042,3043,0,0,1
3010,3043,3044,0,0,1
3018,3016,3045,0,0,1
3019,3045,3046,0,0,1
3022,3020,3047,0,0,1
3024,3023,3048,0,0,1
3026,3048,3049,0,0,1
3033,2763,3050,0,0,1
2939,3050,3051,0,0,1
2942,3051,3052,0,0,1
3035,3034,3053,0,0,1
3044,3040,3054,0,0,1
3011,3054,3055,0,0,1
3052,3030,3056,0,0,1
2947,3056,3057,0,0,1
2954,3057,3058,0,0,1
3055,3039,3059,0,0,1
3012,3059,3060,0,0,1
3046,3060,3061,0,0,1
3058,3049,3062,0,0,1
3061,3063,3064,0,1,1
3047,3064,3065,0,0,1
3062,2780,3066,0,0,1
3053,3066,3065,0,0,0
501,1372,3067,0,0,1,9464
1374,1187,3068,0,0,1
1381,1375,3069,0,0,1
3067,3069,3068,0,0,0
1952,2452,3070,0,0,1,21752
1949,3070,2432,0,0,0
1138,1142,3071,0,0,1,9462
1136,1139,3072,0,0,1
1134,3072,3073,0,0,1
2936,3073,3074,0,0,1
2934,3074,3075,0,0,1
1141,3075,3071,0,0,0
2450,1954,3076,0,0,1,9464
2448,3076,3077,0,0,1
2469,2446,3078,0,0,1
3079,2466,3080,1,0,1
3081,3082,3083,1,1,1
3084,3085,3086,1,1,1
3087,3086,3088,1,0,1
3089,3088,3090,1,0,1
646,3090,3091,0,0,1
640,643,3092,0,0,1
3093,3092,3094,1,0,1
3095,3094,3096,1,0,1
3097,3096,3098,1,0,1
1960,3099,3100,0,1,1
1956,3100,3101,0,0,1
1957,3101,3102,0,0,1
3077,3102,3103,0,0,1
3078,3103,3104,0,0,1
3080,3104,3105,0,0,1
3083,3105,3106,0,0,1
3091,3106,3098,0,0,0
673,2463,3107,0,0,1,9456
674,3107,3108,0,0,1
702,3108,671,0,0,0
1132,2938,3109,0,0,1,1269
1129,3109,3110,0,0,1
1126,3110,3111,0,0,1
1124,1127,3112,0,0,1
2955,1122,3113,0,0,1
2953,3113,3114,0,0,1
2951,3114,3115,0,0,1
2948,3115,3116,0,0,1
2946,2949,3117,0,0,1
2943,3117,3118,0,0,1
2940,2944,3119,0,0,1
3111,2941,3120,0,0,1
3112,3120,3121,0,0,1
3118,3116,3122,0,0,1
3119,3122,3121,0,0,0
492,1191,3123,0,0,1,9464
548,3123,3124,0,0,1
488,3124,3125,0,0,1
489,3125,3126,0,0,1
483,486,3127,0,0,1
1316,3127,3128,0,0,1
1196,3128,3129,0,0,1
1193,3129,3130,0,0,1
1194,3130,3126,0,0,0
2873,2876,3131,0,0,1,1267
2871,2874,3132,0,0,1
2869,3132,3133,0,0,1
21,3133,3134,0,0,1
18,3134,3131,0,0,0
666,2477,3135,0,0,1,1264
663,667,3136,0,0,1
715,664,3137,0,0,1
3138,3139,3140,1,1,1
3141,3140,3142,1,0,1
3084,3142,3143,0,0,1
3081,3085,3144,0,0,1
3079,3082,3145,0,0,1
2467,3145,3146,0,0,1
3135,3146,3147,0,0,1
3136,3147,3148,0,0,1
3143,3137,3149,0,0,1
3144,3149,3148,0,0,0
3097,3099,3150,0,0,1,1271
3095,3150,3151,0,0,1
641,3093,3152,0,0,1
637,3152,3153,0,0,1
708,638,3154,0,0,1
634,3154,3155,0,0,1
635,3155,3156,0,0,1
631,3156,3157,0,0,1
629,632,3158,0,0,1
627,3158,3159,0,0,1
722,3159,3160,0,0,1
720,3160,3161,0,0,1
717,3161,3162,0,0,1
3163,718,3164,1,0,1
3165,3164,3166,1,0,1
3167,3166,3168,1,0,1
3169,3168,3170,1,0,1
3171,3172,3173,1,1,1
3174,3175,3176,1,1,1
1975,3176,3177,0,0,1
1972,3177,3178,0,0,1
1970,3178,3179,0,0,1
1968,3179,3180,0,0,1
1966,3180,3181,0,0,1
1962,1964,3182,0,0,1
3151,1959,3183,0,0,1
3157,3153,3184,0,0,1
3162,3184,3185,0,0,1
3170,3185,3186,0,0,1
3173,3186,3187,0,0,1
3181,3187,3188,0,0,1
3182,3188,3183,0,0,0
280,265,3189,0,0,1,1267
263,3189,3190,0,0,1
193,261,3191,0,0,1
190,3191,3192,0,0,1
188,191,3193,0,0,1
843,3193,3194,0,0,1
196,3194,3195,0,0,1
3190,3195,3192,0,0,0
3174,1974,3196,0,0,1,9462
3197,3196,3198,1,0,1
1980,1984,3199,0,0,1
1977,1981,3200,0,0,1
2121,1978,3201,0,0,1
3198,3201,3202,0,0,1
3199,3202,3200,0,0,0
3171,3175,3203,0,0,1,9463
3169,3172,3204,0,0,1
3167,3204,3205,0,0,1
3165,3205,3206,0,0,1
742,3163,3207,0,0,1
740,3207,3208,0,0,1
3209,3208,3210,1,0,1
3211,3212,3213,1,1,1
3214,3215,3216,1,1,1
731,3217,3218,0,1,1
3219,728,3220,1,0,1
3221,3220,3222,1,0,1
3223,3222,3224,1,0,1
3225,3224,3226,1,0,1
3227,3228,3229,1,1,1
1996,3229,3230,0,0,1
1993,3230,3231,0,0,1
1991,3231,3232,0,0,1
1989,3232,3233,0,0,1
1986,3233,3234,0,0,1
1983,1987,3235,0,0,1
3197,3235,3236,0,0,1
3203,3236,3237,0,0,1
3206,3237,3238,0,0,1
3210,3238,3239,0,0,1
3213,3239,3240,0,0,1
3218,3216,3241,0,0,1
3226,3241,3242,0,0,1
3234,3242,3240,0,0,0
3087,3089,3243,0,0,1,17656
3141,3243,3244,0,0,1
3138,3244,3245,0,0,1
3246,3245,3247,1,0,1
3248,3247,3249,1,0,1
3250,3249,645,1,0,0
3139,3246,3251,0,0,1,9464
661,3251,3252,0,0,1
659,3252,3253,0,0,1
656,3253,3254,0,0,1
712,657,3255,0,0,1
653,3255,3256,0,0,1
650,654,3257,0,0,1
648,651,3258,0,0,1
3250,3258,3259,0,0,1
3254,3248,3260,0,0,1
3256,3260,3261,0,0,1
3257,3261,3259,0,0,0
1169,1120,3262,0,0,1,9462
1117,3262,3263,0,0,1
1114,3263,3264,0,0,1
1111,1115,3265,0,0,1
1109,1112,3266,0,0,1
2957,3266,3267,0,0,1
3264,3267,3265,0,0,0
3268,3269,3270,1,1,1,13559
3271,3270,3272,1,0,1
3273,3272,3274,1,0,1
3275,3276,3277,1,1,1,21754
3278,3279,3280,1,1,1
3281,3280,3282,1,0,1
3283,3284,3285,1,1,1
3286,3285,3287,1,0,1
3288,3287,3289,1,0,1
3290,3289,3291,1,0,1
3292,3293,3294,1,1,1
3277,3294,3295,0,0,1
3282,3295,3291,0,0,0
1103,1107,3296,0,0,1,9462
1104,3296,3297,0,0,1
1101,3297,3298,0,0,1
1099,3298,3299,0,0,1
2965,1097,3300,0,0,1
2962,3300,3301,0,0,1
2963,3301,3302,0,0,1
2960,3302,3299,0,0,0
737,3209,3303,0,0,1,21754
735,738,3304,0,0,1
3305,3304,3306,1,0,1
3212,3306,3303,0,0,0
3307,3308,3309,1,1,1,1273
3310,3309,3311,1,0,1
3312,3311,3313,1,0,1
3314,3313,3315,1,0,1
3316,3315,3317,1,0,1
3318,3317,3319,1,0,1
3320,3319,3321,1,0,1
3322,3323,3324,1,1,1
3325,3324,3326,1,0,1
3327,3326,3328,1,0,1
3329,3328,3330,1,0,1
3331,3330,3332,1,0,1
3333,3332,3334,1,0,1
3335,3334,3336,1,0,1
3337,3336,3338,1,0,1
3339,3340,3341,1,1,1
3342,3343,3344,1,1,1
3345,3344,3346,1,0,1
3347,3346,3348,1,0,1
3349,3348,3350,1,0,1
3351,3350,3352,1,0,1
3353,3354,3355,1,1,1
3356,3357,3358,1,1,1
3359,3360,3361,1,1,1
3362,3363,3364,1,1,1
3365,3364,3366,1,0,1
3367,3368,3369,1,1,1
3370,3371,3372,1,1,1
3373,3372,3374,1,0,1
3375,3374,3376,1,0,1
3321,3376,3377,0,0,1
3338,3377,3378,0,0,1
3341,3378,3379,0,0,1
3355,3352,3380,0,0,1
3358,3380,3381,0,0,1
3361,3381,3382,0,0,1
3366,3382,3383,0,0,1
3369,3383,3379,0,0,0
3384,3385,3386,1,1,1,1268
3387,3386,3388,1,0,1
3389,3390,3391,1,1,1
3392,3391,3393,1,0,1
3394,3393,3395,1,0,1
3396,3397,3398,1,1,1
3399,3398,3400,1,0,1
3388,3400,3395,0,0,0
3227,1995,3401,0,0,1,1271
3225,3228,3402,0,0,1
3403,3223,3404,1,0,1
3405,3404,3406,1,0,1
2002,3406,3407,0,0,1
2126,3407,3408,0,0,1
1998,3408,3409,0,0,1
1999,3409,3410,0,0,1
3401,3410,3402,0,0,0
3411,3412,3413,1,1,1,1267
3414,3413,3415,1,0,1
3416,3417,3418,1,1,1
3419,3420,3421,1,1,1
3394,3421,3422,0,0,1
3387,3390,3423,0,0,1
3384,3423,3424,0,0,1
3425,3424,3426,1,0,1
3422,3418,3427,0,0,1
3392,3427,3428,0,0,1
3426,3389,3429,0,0,1
3415,3429,3428,0,0,0
733,3305,3430,0,0,1,21753
3214,3217,3431,0,0,1
3215,3431,3432,0,0,1
3211,3432,3430,0,0,0
177,849,3433,0,0,1,46325
3434,3433,3435,1,0,1
3436,3435,3437,1,0,1
3438,3437,851,1,0,0
615,694,3439,0,0,1,46320
609,613,3440,0,0,1
606,610,3441,0,0,1
689,607,3442,0,0,1
603,3442,3443,0,0,1
604,3443,3444,0,0,1
2628,3444,3445,0,0,1
2624,2626,3446,0,0,1
3447,3448,3449,1,1,1
3439,618,3450,0,0,1
612,3450,3451,0,0,1
3441,3440,3452,0,0,1
3446,3445,3453,0,0,1
2622,3453,3454,0,0,1
3449,3454,3455,0,0,1
3451,617,3456,0,0,1
3452,3456,3455,0,0,0
254,178,3457,0,0,1,17656
175,3457,3458,0,0,1
3459,3458,3460,1,0,1
3461,3460,3462,1,0,1
3463,3462,3464,1,0,1
3465,3464,3466,1,0,1
3436,3467,3468,0,1,1
3434,3468,3466,0,0,0
3447,726,3469,0,0,1,1274
2619,3448,3470,0,0,1
2620,3470,3471,0,0,1
2616,3471,3472,0,0,1
2614,2617,3473,0,0,1
2611,3473,3474,0,0,1
2609,2612,3475,0,0,1
3476,3475,3477,1,0,1
3478,3477,3479,1,0,1
3403,3480,3481,0,1,1
3221,3481,3482,0,0,1
729,3219,3483,0,0,1
3469,3483,3484,0,0,1
3472,3484,3485,0,0,1
3474,3485,3486,0,0,1
3479,3486,3482,0,0,0
3438,853,3487,0,0,1,46320
3467,3487,3488,0,0,1
3489,3488,3490,1,0,1
856,3490,955,0,0,0
3491,3492,3493,1,1,1,46320
3333,3493,3494,0,0,1
3331,3494,3495,0,0,1
3496,3325,3497,1,0,1
3498,3497,3499,1,0,1
3495,3500,3501,0,1,1
3329,3501,3502,0,0,1
3327,3502,3499,0,0,0
172,3459,3503,0,0,1,9460
3504,3503,3505,1,0,1
859,3506,3507,0,1,1
855,3507,3508,0,0,1
3489,3508,3509,0,0,1
3465,3509,3510,0,0,1
3463,3510,3511,0,0,1
3461,3511,3505,0,0,0
173,3504,3512,0,0,1,1267
169,3512,3513,0,0,1
3514,3513,3515,1,0,1
3516,3515,3517,1,0,1
3518,3517,3519,1,0,1
3520,3519,3521,1,0,1
3522,3521,3523,1,0,1
862,3523,3524,0,0,1
958,3524,3525,0,0,1
858,3525,3506,0,0,0
3526,170,3527,1,0,1,1266
3528,3529,3530,1,1,1
3518,3530,3531,0,0,1
3514,3516,3532,0,0,1
3527,3532,3531,0,0,0
1093,2967,3533,0,0,1,1269
3534,1090,3535,1,0,1
2973,3535,3536,0,0,1
3036,3536,3537,0,0,1
3063,3537,3538,0,0,1
2969,3538,3539,0,0,1
2970,3539,3533,0,0,0
277,3526,3540,0,0,1,1267
166,3540,3541,0,0,1
3542,3541,3543,1,0,1
3544,3543,3545,1,0,1
3546,3545,3547,1,0,1
3528,3520,3548,0,0,1,46320
3529,3548,3549,0,0,1
3547,3549,3550,0,0,1
3551,3550,3552,1,0,1
864,3552,3553,0,0,1
861,3553,3522,0,0,0
3480,3405,3554,0,0,1,21753
3478,3554,3555,0,0,1
3476,3555,3556,0,0,1
1550,2607,3557,0,0,1
1548,3557,3558,0,0,1
1546,3558,3559,0,0,1
1544,3559,3560,0,0,1
2001,3560,3556,0,0,0
167,3542,3561,0,0,1,1268
164,3561,3562,0,0,1
161,3562,3563,0,0,1
3564,3563,3565,1,0,1
3566,3565,3567,1,0,1
3568,3567,3569,1,0,1
3570,3571,3572,1,1,1
866,3573,3574,0,1,1
3551,3574,3575,0,0,1
3546,3575,3576,0,0,1
3544,3576,3577,0,0,1
3569,3577,3572,0,0,0
3573,868,3578,0,0,1,1267
3570,3578,3579,0,0,1
3568,3571,3580,0,0,1
162,3564,3581,0,0,1
158,3581,3582,0,0,1
250,159,3583,0,0,1
875,156,3584,0,0,1
870,873,3585,0,0,1
3579,3585,3586,0,0,1
3580,3586,3587,0,0,1
3582,3566,3588,0,0,1
3583,3588,3589,0,0,1
3584,3589,3590,0,0,1
872,3590,3587,0,0,0
2859,36,3591,0,0,1,1267
2856,3591,3592,0,0,1
2853,2857,3593,0,0,1
2923,2854,3594,0,0,1
2851,3594,3595,0,0,1
39,3595,3596,0,0,1
223,3596,3597,0,0,1
3592,3597,3593,0,0,0
1088,1091,3598,0,0,1,9462
1086,3598,3599,0,0,1
2979,1082,3600,0,0,1
2977,3600,3601,0,0,1
2975,3601,3602,0,0,1
3599,3534,3603,0,0,1
3602,1084,3604,0,0,1
2972,3604,3603,0,0,0
2605,1554,3605,0,0,1,9464
2603,3605,3606,0,0,1
3607,3606,3608,1,0,1
3609,3608,3610,1,0,1
3611,3610,3612,1,0,1
3613,3612,3614,1,0,1
3615,3616,3617,1,1,1
1556,3618,3619,0,1,1
3614,3619,3617,0,0,0
2911,2849,3620,0,0,1,1267
2847,3620,3621,0,0,1
43,45,3622,0,0,1
41,3622,3621,0,0,0
1078,2981,3623,0,0,1,9462
1285,3623,3624,0,0,1
1282,3624,3625,0,0,1
3626,3625,3627,1,0,1
3628,3627,3629,1,0,1
3630,3631,3632,1,1,1
3633,3632,3634,1,0,1
2993,3634,3635,0,0,1
2991,3635,3636,0,0,1
2988,3636,3637,0,0,1
2985,2989,3638,0,0,1
2983,2986,3639,0,0,1
3629,3639,3640,0,0,1
3641,3640,3642,1,0,1
3637,3642,3638,0,0,0
149,879,3643,0,0,1,1267
3644,146,3645,1,0,1
3646,3645,3647,1,0,1
3648,3647,3649,1,0,1
3650,3651,3652,1,1,1
961,3652,3653,0,0,1
3643,3653,3649,0,0,0
3615,3618,3654,0,0,1,1272
3611,3613,3655,0,0,1
3607,3609,3656,0,0,1
2601,3656,3657,0,0,1
2598,3657,3658,0,0,1
2596,2599,3659,0,0,1
2594,3659,3660,0,0,1
2661,2592,3661,0,0,1
2588,3661,3662,0,0,1
2589,3662,3663,0,0,1
2585,3663,3664,0,0,1
2582,2586,3665,0,0,1
2579,2583,3666,0,0,1
2577,2580,3667,0,0,1
2575,3667,3668,0,0,1
2572,3668,3669,0,0,1
2570,2573,3670,0,0,1
2568,3670,3671,0,0,1
2563,2566,3672,0,0,1
3673,3672,3674,1,0,1
3675,3674,3676,1,0,1
3677,3676,3678,1,0,1
3679,3680,3681,1,1,1
1605,3681,3682,0,0,1
1606,3682,3683,0,0,1
1704,3683,3684,0,0,1
1602,3684,3685,0,0,1
1600,1603,3686,0,0,1
1598,3686,3687,0,0,1
3688,3689,3690,1,1,1
3691,3692,3693,1,1,1
3694,3693,3695,1,0,1
3696,3695,3697,1,0,1
3698,3699,3700,1,1,1
3701,3702,3703,1,1,1
3704,3705,3706,1,1,1
1585,3706,3707,0,0,1
1586,3707,3708,0,0,1
1699,3708,3709,0,0,1
1582,3709,3710,0,0,1
1583,3710,3711,0,0,1
1580,3711,3712,0,0,1
1577,3712,3713,0,0,1
1574,1578,3714,0,0,1
1572,1575,3715,0,0,1
1568,1570,3716,0,0,1
1564,1566,3717,0,0,1
1562,3717,3718,0,0,1
1560,3718,3719,0,0,1
3654,1558,3720,0,0,1
3658,3655,3721,0,0,1
3660,3721,3722,0,0,1
2591,3722,3723,0,0,1
3664,3723,3724,0,0,1
3665,3724,3725,0,0,1
3666,3725,3726,0,0,1
3669,3726,3727,0,0,1
3671,3727,3728,0,0,1
3678,3728,3729,0,0,1
3690,3687,3730,0,0,1
3731,3730,3732,1,0,1
3733,3732,3734,1,0,1
3703,3700,3735,0,0,1
3736,3735,3737,1,0,1
3713,3737,3738,0,0,1
3715,3714,3739,0,0,1
3716,3739,3740,0,0,1
3720,3719,3741,0,0,1
3616,3741,3742,0,0,1
3729,3742,3743,0,0,1
3734,3685,3744,0,0,1
3697,3744,3745,0,0,1
3738,3745,3746,0,0,1
3740,3746,3743,0,0,0
273,275,3747,0,0,1,1267
143,3747,3748,0,0,1
144,3748,3749,0,0,1
3750,140,3751,1,0,1
3752,3753,3754,1,1,1
3755,3756,3757,1,1,1
3758,3759,3760,1,1,1
3761,3760,3762,1,0,1
3763,3762,3764,1,0,1
147,3764,3765,0,0,1
247,3765,3766,0,0,1
3754,3751,3767,0,0,1
3768,3767,3769,1,0,1
3766,3757,3770,0,0,1
3749,3770,3769,0,0,0
3646,3648,3771,0,0,1,1268
3763,3644,3772,0,0,1
3758,3761,3773,0,0,1
3755,3759,3774,0,0,1
3756,3774,3775,0,0,1
3768,3775,3776,0,0,1
3752,3776,3777,0,0,1
3778,3777,3779,1,0,1
3780,3779,3781,1,0,1
3782,3781,3783,1,0,1
881,3783,3784,0,0,1
882,3784,3785,0,0,1
3650,984,3786,0,0,1
3771,3651,3787,0,0,1
3772,3787,3788,0,0,1
3785,3773,3789,0,0,1
3786,3789,3788,0,0,0
2843,2845,3790,0,0,1,1267
51,55,3791,0,0,1
49,52,3792,0,0,1
3790,3792,3791,0,0,0
1283,3626,3793,0,0,1,1270
1344,3793,3794,0,0,1
1279,3794,3795,0,0,1
1277,1280,3796,0,0,1
1275,3796,3797,0,0,1
1270,1273,3798,0,0,1
1267,1271,3799,0,0,1
1268,3799,3800,0,0,1
1339,1265,3801,0,0,1
1262,3801,3802,0,0,1
3803,3802,3804,1,0,1
3805,3804,3806,1,0,1
3807,3808,3809,1,1,1
1250,3809,3810,0,0,1
1248,1251,3811,0,0,1
1246,3811,3812,0,0,1
1244,3812,3813,0,0,1
3814,3813,3815,1,0,1
3816,3815,3817,1,0,1
3818,3817,3819,1,0,1
3820,3821,3822,1,1,1
3823,3824,3825,1,1,1
3826,3827,3828,1,1,1
3829,3828,3830,1,0,1
3831,3830,3832,1,0,1
3833,3832,3834,1,0,1
3835,3836,3837,1,1,1
3838,3839,3840,1,1,1
3841,3840,3842,1,0,1
3843,3844,3845,1,1,1
3846,3845,3847,1,0,1
3848,3847,3849,1,0,1
3850,3851,3852,1,1,1
3853,3854,3855,1,1,1
3630,3856,3857,0,1,1
3641,3631,3858,0,0,1
3628,3858,3859,0,0,1
3795,3859,3860,0,0,1
3797,3860,3861,0,0,1
3798,3861,3862,0,0,1
3806,1264,3863,0,0,1
3810,3863,3864,0,0,1
3822,3865,3866,0,1,1
3834,3867,3868,0,1,1
3837,3868,3869,0,0,1
3870,3869,3871,1,0,1
3842,3871,3872,0,0,1
3849,3872,3873,0,0,1
3857,3855,3874,0,0,1
3862,3874,3875,0,0,1
3800,3875,3876,0,0,1
3866,3819,3877,0,0,1
3825,3877,3878,0,0,1
3879,3878,3880,1,0,1
3876,3852,3881,0,0,1
3880,3864,3882,0,0,1
3873,3882,3881,0,0,0
3753,3778,3883,0,0,1,1269
3884,3883,3885,1,0,1
3886,3885,3887,1,0,1
3888,3887,3889,1,0,1
3890,3891,3892,1,1,1
3893,3892,3894,1,0,1
3780,3894,3889,0,0,0
3750,3884,3895,0,0,1,1268
141,3895,3896,0,0,1
3897,137,3898,1,0,1
3899,3898,3900,1,0,1
3901,3900,3902,1,0,1
3903,3902,3896,1,0,0
3893,3782,3904,0,0,1,9460
3905,3904,3906,1,0,1
884,3907,3908,0,1,1
885,3908,3906,0,0,0
2907,57,3909,0,0,1,1267
63,2841,3910,0,0,1
227,3910,3911,0,0,1
59,3911,3912,0,0,1
60,3912,3909,0,0,0
138,3897,3913,0,0,1,1267
135,3913,3914,0,0,1
132,3914,3915,0,0,1
129,133,3916,0,0,1
892,3916,3917,0,0,1
890,3917,3918,0,0,1
3919,3918,3920,1,0,1
3921,3920,3922,1,0,1
3899,3922,3915,0,0,0
3901,3903,3923,0,0,1,9460
3921,3923,3924,0,0,1
3925,3924,3926,1,0,1
3927,3926,3928,1,0,1
3888,3891,3929,0,0,1
3886,3929,3928,0,0,0
3927,3890,3930,0,0,1,1268
3919,3925,3931,0,0,1
887,3931,3932,0,0,1
987,888,3933,0,0,1
3907,3933,3934,0,0,1
3930,3905,3935,0,0,1
3932,3935,3934,0,0,0
2904,65,3936,0,0,1,1267
2838,3936,3937,0,0,1
2835,2839,3938,0,0,1
74,3938,3939,0,0,1
70,3939,3940,0,0,1
71,3940,3941,0,0,1
67,3941,3942,0,0,1
68,3942,3937,0,0,0
3633,2995,3943,0,0,1,1269
3856,3943,3944,0,0,1
3853,3944,3945,0,0,1
3854,3945,3946,0,0,1
3850,3946,3947,0,0,1
3851,3947,3948,0,0,1
3848,3948,3949,0,0,1
3846,3949,3950,0,0,1
3843,3950,3951,0,0,1
3841,3844,3952,0,0,1
3870,3839,3953,0,0,1
3835,3953,3954,0,0,1
3833,3836,3955,0,0,1
3831,3955,3956,0,0,1
3957,3956,3958,1,0,1
3959,3958,3960,1,0,1
3961,3962,3963,1,1,1
3964,3963,3965,1,0,1
3966,3965,3967,1,0,1
3968,3967,3969,1,0,1
3970,3969,3971,1,0,1
3972,3973,3974,1,1,1
3975,3974,3976,1,0,1
2821,3976,3977,0,0,1
2822,3977,3978,0,0,1
3003,3978,3979,0,0,1
3000,3004,3980,0,0,1
2997,3001,3981,0,0,1
3951,2998,3982,0,0,1
3952,3982,3983,0,0,1
3960,3954,3984,0,0,1
3971,3984,3985,0,0,1
3979,3985,3986,0,0,1
3983,3981,3987,0,0,1
3986,3838,3988,0,0,1
3980,3988,3987,0,0,0
2836,73,3989,0,0,1,1267
2833,3989,3990,0,0,1
2831,3990,3991,0,0,1
3992,2829,3993,1,0,1
3994,3995,3996,1,1,1
3997,3996,3998,1,0,1
87,3998,3999,0,0,1
83,3999,4000,0,0,1
84,4000,4001,0,0,1
81,234,4002,0,0,1
76,79,4003,0,0,1
3991,4003,4004,0,0,1
3993,4004,4005,0,0,1
4001,4006,4007,0,1,1
4002,4007,4008,0,0,1
4005,78,4009,0,0,1
4010,4009,4011,1,0,1
4012,4011,4008,1,0,0
242,125,4013,0,0,1,1267
122,4013,4014,0,0,1
899,120,4015,0,0,1
968,4015,4016,0,0,1
966,4016,4017,0,0,1
897,4017,4018,0,0,1
895,4018,4014,0,0,0
2827,3992,4019,0,0,1,1268
3975,2825,4020,0,0,1
4021,4020,4022,1,0,1
4023,4024,4025,1,1,1
4026,4027,4028,1,1,1
3995,4028,4029,0,0,1
4006,4029,4030,0,0,1
4012,4030,4031,0,0,1
4010,4031,4032,0,0,1
4022,2824,4033,0,0,1
4025,4033,4034,0,0,1
4035,4034,4036,1,0,1
4032,4037,4038,0,1,1
4019,4038,4036,0,0,0
527,424,4039,0,0,1,9464
1222,421,4040,0,0,1
1223,4040,4041,0,0,1
1220,4041,4039,0,0,0
4023,4035,4042,0,0,1,9460
4043,4024,4044,1,0,1
4045,4044,4046,1,0,1
4047,4046,4048,1,0,1
4049,4050,4051,1,1,1
3964,4051,4052,0,0,1
4053,4054,4055,1,1,1
4056,4055,4057,1,0,1
4058,4057,4059,1,0,1
4060,4061,4062,1,1,1
4063,4064,4065,1,1,1
4066,4065,4067,1,0,1
4068,4067,4069,1,0,1
4070,4069,4071,1,0,1
4072,4071,4073,1,0,1
4074,4073,4075,1,0,1
4076,4075,4077,1,0,1
4078,4079,4080,1,1,1
4081,4080,4082,1,0,1
89,4082,4083,0,0,1
3997,86,4084,0,0,1
4037,4027,4085,0,0,1
4042,4085,4086,0,0,1
4048,4086,4087,0,0,1
4052,4087,4088,0,0,1
4059,3961,4089,0,0,1
4062,4089,4090,0,0,1
4077,4090,4091,0,0,1
4083,4091,4092,0,0,1
4084,4092,4093,0,0,1
3994,4093,4094,0,0,1
4026,4094,4088,0,0,0
3970,3973,4095,0,0,1,9461
3968,4095,4096,0,0,1
3966,4096,4097,0,0,1
4049,4097,4098,0,0,1
4047,4050,4099,0,0,1
4045,4099,4100,0,0,1
4021,4043,4101,0,0,1
3972,4101,4102,0,0,1
4098,4102,4100,0,0,0
238,115,4103,0,0,1,1267
112,4103,4104,0,0,1
110,4104,4105,0,0,1
904,4105,902,0,0,0
4081,91,4106,0,0,1,1267
4078,4106,4107,0,0,1
4076,4079,4108,0,0,1
4072,4074,4109,0,0,1
100,4109,4110,0,0,1
93,96,4111,0,0,1
4110,4108,4112,0,0,1
98,4112,4113,0,0,1
4111,95,4114,0,0,1
4107,4114,4113,0,0,0
1260,3803,4115,0,0,1,9462
1257,4115,4116,0,0,1
4117,4116,4118,1,0,1
3808,4119,4120,0,1,1
3805,4120,4118,0,0,0
1336,1258,4121,0,0,1,9463
1255,4121,4122,0,0,1
1253,4122,4123,0,0,1
3807,4123,4124,0,0,1
4119,4124,4117,0,0,0
3704,1588,4125,0,0,1,9463
4126,3705,4127,1,0,1
4128,4127,4129,1,0,1
1596,4130,4131,0,1,1
1590,1593,4132,0,0,1
4125,1591,4133,0,0,1
4129,4133,4134,0,0,1
4131,4134,4132,0,0,0
3879,3867,4135,0,0,1,1269
3823,4135,4136,0,0,1
3824,4136,4137,0,0,1
3820,4137,4138,0,0,1
3865,3821,4139,0,0,1
4140,4139,4141,1,0,1
4142,4141,4143,1,0,1
4144,4143,4145,1,0,1
4146,4145,4147,1,0,1
4148,4147,4149,1,0,1
4150,4149,4151,1,0,1
4152,4153,4154,1,1,1
4155,4156,4157,1,1,1
4158,4157,4159,1,0,1
4160,4161,4162,1,1,1
4163,4162,4164,1,0,1
4165,4166,4167,1,1,1
3826,4167,4168,0,0,1
4138,3827,4169,0,0,1
4154,4151,4170,0,0,1
4171,4170,4172,1,0,1
4159,4172,4173,0,0,1
4164,4173,4174,0,0,1
4168,4174,4169,0,0,0
3829,3957,4175,0,0,1,9461
4165,4175,4176,0,0,1
4163,4166,4177,0,0,1
4178,4177,4179,1,0,1
4180,4179,4181,1,0,1
4182,4181,4183,1,0,1
4184,4183,4176,1,0,0
4070,102,4185,0,0,1,1268
4186,4185,4187,1,0,1
4188,4187,4189,1,0,1
4190,4189,907,1,0,0
4184,3959,4191,0,0,1,1268
4182,4191,4192,0,0,1
4193,4192,4194,1,0,1
4195,4194,4196,1,0,1
4053,4196,4197,0,0,1
4054,4197,3962,0,0,0
3736,4126,4198,0,0,1,9464
3701,4198,4199,0,0,1
3698,3702,4200,0,0,1
3696,3699,4201,0,0,1
3694,4201,4202,0,0,1
3691,4202,4203,0,0,1
3733,3692,4204,0,0,1
3688,3731,4205,0,0,1
1595,3689,4206,0,0,1
4130,4206,4207,0,0,1
4128,4207,4208,0,0,1
4200,4199,4209,0,0,1
4205,4204,4210,0,0,1
4209,4208,4211,0,0,1
4203,4211,4210,0,0,0
4190,909,4212,0,0,1,9460
4188,4212,4213,0,0,1
4214,4215,4216,1,1,1
4217,4216,4218,1,0,1
911,4218,4219,0,0,1
912,4219,4213,0,0,0
4068,4186,4220,0,0,1,1269
4066,4220,4221,0,0,1
4222,4221,4223,1,0,1
4224,4223,4215,1,0,0
4180,4193,4225,0,0,1,1267
4226,4225,4227,1,0,1
4228,4227,4229,1,0,1
4230,4229,4231,1,0,1
4232,4233,4234,1,1,1
4235,4234,4236,1,0,1
4237,4236,4238,1,0,1
4239,4240,4241,1,1,1
4056,4241,4242,0,0,1
4195,4242,4243,0,0,1
4238,4244,4245,0,1,1
4243,4246,4247,0,1,1
4231,4247,4245,0,0,0
4160,4178,4248,0,0,1,9460
4158,4161,4249,0,0,1
4250,4249,4251,1,0,1
4230,4251,4252,0,0,1
4228,4252,4253,0,0,1
4226,4253,4248,0,0,0
4060,4064,4254,0,0,1,46320
4058,4061,4255,0,0,1
4239,4255,4256,0,0,1
4246,4240,4257,0,0,1
4237,4257,4258,0,0,1
4235,4258,4259,0,0,1
4260,4259,4261,1,0,1
4262,4261,4263,1,0,1
4264,4265,4266,1,1,1
4267,4266,4268,1,0,1
919,4268,4269,0,0,1
916,920,4270,0,0,1
4271,4270,4272,1,0,1
4273,4272,4274,1,0,1
4275,4274,4276,1,0,1
4277,4276,4278,1,0,1
4279,4278,4280,1,0,1
4281,4282,4283,1,1,1
4254,4283,4284,0,0,1
4263,4256,4285,0,0,1
4280,4269,4286,0,0,1
4284,4286,4285,0,0,0
4222,4224,4287,0,0,1,1268
4063,4287,4288,0,0,1
4281,4288,4289,0,0,1
4290,4289,4291,1,0,1
4292,4291,4293,1,0,1
4294,4293,4295,1,0,1
4296,4295,4297,1,0,1
917,4271,4298,0,0,1
914,4298,4299,0,0,1
4217,4299,4300,0,0,1
4297,4214,4301,0,0,1
4273,4301,4300,0,0,0
4250,4244,4302,0,0,1,1268
4155,4302,4303,0,0,1
4304,4305,4306,1,1,1
4307,4306,4308,1,0,1
4309,4308,4310,1,0,1
4311,4312,4313,1,1,1
4233,4313,4314,0,0,1
4303,4314,4315,0,0,1
4316,4315,4310,1,0,0
4294,4296,4317,0,0,1,1267
4290,4292,4318,0,0,1
4279,4282,4319,0,0,1
4275,4277,4320,0,0,1
4317,4320,4321,0,0,1
4318,4321,4319,0,0,0
4311,4232,4322,0,0,1,9460
4309,4312,4323,0,0,1
4307,4323,4324,0,0,1
4325,4324,4326,1,0,1
4327,4326,4328,1,0,1
4329,4328,4330,1,0,1
4331,4330,4332,1,0,1
4260,4332,4322,0,0,0
4156,4316,4333,0,0,1,9460
4171,4333,4334,0,0,1
4152,4334,4335,0,0,1
4153,4335,4336,0,0,1
4337,4150,4338,1,0,1
4339,4338,4340,1,0,1
4341,4340,4342,1,0,1
4343,4344,4345,1,1,1
4346,4347,4348,1,1,1
4305,4348,4349,0,0,1
4336,4349,4350,0,0,1
4342,4350,4345,0,0,0
4346,4304,4351,0,0,1,1267
4352,4351,4353,1,0,1
4354,4355,4356,1,1,1
4357,4356,4358,1,0,1
4359,4358,4360,1,0,1
4361,4360,4362,1,0,1
4363,4364,4365,1,1,1
4327,4365,4366,0,0,1
4325,4366,4367,0,0,1
4353,4367,4362,0,0,0
4329,4331,4368,0,0,1,1266
4363,4368,4369,0,0,1
4361,4364,4370,0,0,1
4359,4370,4371,0,0,1
4264,4372,4373,0,1,1
4265,4373,4374,0,0,1
4369,4262,4375,0,0,1
4371,4375,4374,0,0,0
4343,4347,4376,0,0,1,1268
4341,4344,4377,0,0,1
4378,4377,4379,1,0,1
4354,4379,4380,0,0,1
4355,4380,4381,0,0,1
4352,4381,4376,0,0,0
1612,1707,4382,0,0,1,1272
1610,1613,4383,0,0,1
4384,4383,4385,1,0,1
1616,4385,4382,0,0,0
1242,3814,4386,0,0,1,9462
1240,4386,4387,0,0,1
4388,4387,3816,1,0,0
4146,4148,4389,0,0,1,9461
4142,4144,4390,0,0,1
4391,4390,4392,1,0,1
4337,4392,4389,0,0,0
3675,3677,4393,0,0,1,1273
4394,4393,3680,1,0,0