0,1,0,85
1,2,0,-1
2,0,0,1
3,0,1,84
2,3,1,2
4,3,2,84
2,4,2,3
5,4,3,115
2,5,3,4
6,5,4,83
2,6,4,5
7,6,5,83
2,7,5,6
8,7,6,82
2,8,6,7
9,8,7,82
2,9,7,8
10,9,8,113
2,10,8,9
11,10,9,81
2,11,9,10
12,11,10,81
2,12,10,11
13,12,11,80
2,13,11,12
14,13,12,79
2,14,12,13
15,14,13,79
2,15,13,14
16,15,14,78
2,16,14,15
17,16,15,78
2,17,15,16
18,17,16,77
2,18,16,17
19,18,17,76
2,19,17,18
20,19,18,76
2,20,18,19
21,20,19,75
2,21,19,20
22,21,20,74
2,22,20,21
23,22,21,74
2,23,21,22
24,23,22,73
2,24,22,23
25,24,23,73
2,25,23,24
26,25,24,72
2,26,24,25
27,26,25,71
2,27,25,26
28,27,26,70
2,28,26,27
29,28,27,69
2,29,27,28
30,29,28,68
2,30,28,29
31,30,29,67
2,31,29,30
32,31,30,66
2,32,30,31
33,32,31,65
2,33,31,32
34,33,32,139
2,34,32,-1
35,36,33,137
36,1,33,-1
1,35,33,86
37,38,34,205
38,35,34,-1
35,37,34,35
39,37,35,204
35,39,35,36
40,39,36,203
35,40,36,87
41,42,37,202
42,40,37,203
40,41,37,88
43,44,38,201
44,41,38,202
41,43,38,89
45,46,39,199
46,47,39,200
47,45,39,90
48,49,40,197
49,45,40,198
45,48,40,117
50,51,41,231
51,52,41,195
52,50,41,42
53,50,42,194
52,53,42,91
54,55,43,229
55,53,43,194
53,54,43,44
56,54,44,193
53,56,44,92
57,58,45,192
58,56,45,193
56,57,45,46
59,57,46,191
56,59,46,47
60,59,47,190
56,60,47,93
61,62,48,188
62,63,48,189
63,61,48,94
64,65,49,187
65,61,49,188
61,64,49,95
66,67,50,185
67,68,50,186
68,66,50,51
69,66,51,184
68,69,51,97
70,71,52,182
71,72,52,183
72,70,52,98
73,74,53,180
74,70,53,181
70,73,53,99
75,76,54,152
76,73,54,180
73,75,54,99
77,78,55,151
78,75,55,152
75,77,55,100
79,80,56,150
80,77,56,151
77,79,56,101
81,82,57,149
82,79,57,150
79,81,57,102
83,84,58,148
84,81,58,149
81,83,58,59
85,83,59,147
81,85,59,103
86,87,60,146
87,85,60,147
85,86,60,123
88,89,61,144
89,90,61,145
90,88,61,104
91,92,62,142
92,93,62,143
93,91,62,105
94,95,63,140
95,96,63,141
96,94,63,64
33,94,64,139
96,33,64,65
96,32,65,66
96,31,66,67
96,30,67,68
96,29,68,69
96,28,69,70
96,27,70,71
96,26,71,72
96,25,72,106
25,23,73,107
23,21,74,75
23,20,75,108
20,18,76,77
20,17,77,109
17,15,78,110
15,13,79,80
15,12,80,111
12,10,81,112
9,7,82,113
7,5,83,114
4,0,84,85
4,1,85,86
4,35,86,87
4,40,87,88
4,41,88,89
4,43,89,115
47,43,90,200
43,45,90,116
52,97,91,195
97,53,91,92
97,56,92,93
97,60,93,119
63,60,94,189
60,61,94,95
60,64,95,96
68,64,96,186
60,68,96,97
60,69,97,120
72,69,98,183
69,70,98,121
70,75,99,100
70,77,100,101
70,79,101,102
70,81,102,103
70,85,103,122
90,86,104,145
86,88,104,124
93,88,105,143
88,91,105,125
96,91,106,141
91,25,106,107
91,23,107,108
91,20,108,109
91,17,109,110
91,15,110,111
91,12,111,112
91,10,112,126
10,7,113,114
10,5,114,126
5,43,115,116
5,45,116,117
5,48,117,118
97,48,118,196
5,97,118,119
5,60,119,120
5,69,120,121
5,70,121,122
5,85,122,123
5,86,123,124
5,88,124,125
5,91,125,126
98,99,127,-1
99,36,127,-1
36,98,127,128
100,98,128,238
36,100,128,129
101,100,129,245
36,101,129,130
102,101,130,244
36,102,130,131
103,102,131,244
36,103,131,132
104,103,132,243
36,104,132,133
105,104,133,242
36,105,133,138
106,107,134,241
107,105,134,242
105,106,134,135
108,106,135,240
105,108,135,138
35,109,136,-1
109,108,136,239
108,35,136,137
108,36,137,138
34,94,139,140
34,95,140,169
95,91,141,142
95,92,142,170
92,88,143,144
92,89,144,171
89,86,145,146
89,87,146,172
87,83,147,148
87,84,148,173
84,82,149,174
82,80,150,175
80,78,151,176
78,76,152,153
110,76,153,224
78,110,153,154
111,110,154,235
78,111,154,155
112,111,155,234
78,112,155,156
113,112,156,223
78,113,156,157
114,113,157,222
78,114,157,158
115,114,158,221
78,115,158,159
116,115,159,220
78,116,159,160
117,116,160,219
78,117,160,161
118,117,161,218
78,118,161,177
119,120,162,216
120,118,162,217
118,119,162,163
121,119,163,215
118,121,163,177
122,123,164,213
123,121,164,214
121,122,164,165
124,122,165,212
121,124,165,178
125,126,166,210
126,124,166,211
124,125,166,179
127,128,167,208
128,125,167,209
125,127,167,168
34,127,168,-1
125,34,168,169
125,95,169,170
125,92,170,171
125,89,171,172
125,87,172,173
125,84,173,174
125,82,174,175
125,80,175,176
125,78,176,179
78,121,177,178
78,124,178,179
76,74,180,181
76,70,181,182
76,71,182,224
71,69,183,184
71,66,184,185
71,67,185,225
67,64,186,187
67,65,187,226
65,62,188,227
62,60,189,190
62,59,190,191
62,57,191,192
62,58,192,227
58,54,193,228
55,50,194,230
51,97,195,196
51,48,196,197
51,49,197,198
51,45,198,199
51,46,199,231
46,43,200,201
46,44,201,232
44,42,202,233
42,39,203,204
42,37,204,205
42,38,205,206
129,38,206,-1
42,129,206,207
127,129,207,-1
42,127,207,208
42,128,208,209
42,125,209,210
42,126,210,211
42,124,211,212
42,122,212,213
42,123,213,214
42,121,214,215
42,119,215,216
42,120,216,217
42,118,217,218
42,117,218,219
42,116,219,220
42,115,220,221
42,114,221,222
42,113,222,223
42,112,223,233
110,71,224,225
110,67,225,226
110,65,226,236
65,58,227,228
65,54,228,229
65,55,229,230
65,50,230,237
50,46,231,232
50,44,232,237
44,112,233,234
44,111,234,235
44,110,235,236
44,65,236,237
130,98,238,-1
100,130,238,245
109,130,239,-1
130,108,239,240
130,106,240,241
130,107,241,246
107,104,242,243
107,103,243,247
103,101,244,247
101,130,245,246
101,107,246,247