45.333218,45.666259,0,1,107,108
45.0,45.2,0,81,82,83,84,85,86,87,88,89,90,91,92,93,94,108,112,113
45.0,45.0,0,1,2,3,61,62
45.3988,45.667656,1,2,106,107
45.933321,46.366816,2,3,105,106
46.33237,46.833343,3,4,5,62,63,104,105
46.866201,47.700619,4,5,102,103
46.566822,47.299137,4,103,104
46.900242,47.699834,5,6,7,63,64,101,102
47.40126,49.00072,6,7,99,100
47.133038,48.498763,6,100,101
47.433202,49.00012,7,8,9,10,64,65,99
47.599974,50.031927,8,9,98,111,112,113
47.368959,49.399341,8,99,100,101,102,103,104,105,106,107,108,112
47.668584,50.031811,9,10,97,98
47.999162,50.867722,10,11,12,65,66,97
48.200544,51.333394,11,12,96,109,110
47.999199,50.900272,11,97,98,110,111
48.601257,51.867427,12,13,66,67,96
48.66675,52.034119,13,14,15,16,17,18,19,20,21,22,23,24,25,26,27,67,68,95
48.599285,52.032438,13,95,96,109
50.134078,52.498525,14,15,173,174,175,176,177,210,211
48.665941,52.432075,14,94,95,109,110,111,113,174
50.133261,52.434542,15,16,173
50.599258,52.433084,16,17,172,173,209,210
50.600589,52.365922,17,18,171,172
51.132776,52.299989,18,19,170,171
51.13359,52.264944,19,20,170
51.768702,52.264569,20,21,169,170,171,172,208,209
51.765827,52.199219,21,22,169
53.034584,52.200011,22,23,169,207,208
53.532383,52.166385,23,24,168,206,207
53.934233,52.033109,24,25,168
54.433963,52.031459,25,26,167,168,205,206
54.932099,51.899426,26,27,166,167
54.934867,51.866576,27,28,68,69,166
55.299164,51.831499,28,29,69,70,165
55.300664,51.865388,28,165,166,167,204,205
55.666825,51.798506,29,30,31,32,70,71,164
55.667639,51.833803,29,164,165,203,204
56.899922,51.665254,30,31,163,201,202
55.968205,51.80012,30,164,202,203
57.633201,51.467219,31,32,162,163
57.634363,51.433927,32,33,34,35,36,71,72,162
58.732016,51.365992,33,34,160,161
58.366988,51.433356,33,161,162,163,200,201
58.733032,51.335276,34,35,160
59.36622,51.266433,35,36,159,160,161,199,200
59.366653,51.199809,36,37,38,39,40,72,73,159
60.133917,51.132575,37,38,197,198
59.765382,51.199956,37,159,198,199
60.932319,50.965912,38,39,158,196,197
61.333464,50.800209,39,40,157,158
61.333807,50.766694,40,41,42,73,74,157
62.134441,50.632661,41,42,155,156
61.766714,50.734302,41,156,157,158,195,196
62.132376,50.599509,42,43,44,74,75,155
62.534416,50.534859,43,44,153,154
62.332939,50.600019,43,154,155,156,194,195
62.533067,50.501338,44,45,75,76,153
63.00086,50.431266,45,46,76,77,152
62.999785,50.499882,45,152,153,154,193,194
63.767559,50.200913,46,47,48,49,77,78,151
63.334251,50.433017,46,151,152,192,193
64.666205,50.099414,47,48,150,190,191
64.032957,50.19926,47,151,191,192
64.867555,50.033775,48,49,149,150
64.867415,49.966687,49,50,51,52,53,54,55,56,78,79,80,149
65.434704,49.866397,50,51,147,148
65.100046,49.966719,50,148,149,150,189,190
65.566657,49.699886,51,52,147,1145
65.566709,49.632934,52,53,1145,1146,1147,1155,1156
65.39979,49.232089,53,54,1144,1154,1155
64.800868,48.699025,54,55,1144
63.56746,46.835578,55,56,1143,1144,1153,1154
63.401374,46.701573,56,57,58,79,1143
63.166789,46.399786,57,58,1141,1142
63.399578,46.632711,57,1142,1143,1152,1153
63.099859,46.399811,58,59,79,80,1140,1141
62.798635,46.032569,59,60,61,62,63,64,65,66,67,68,69,70,71,72,73,74,75,76,77,78,80,1139
62.833115,46.033865,59,1139,1140
62.566667,45.0,60,61,1150,1151
62.766717,45.566655,60,1139,1140,1141,1142,1151,1152
45.334494,53.533079,81,82,183
45.0,53.766667,81,114,115,116,117,118,119,120,121,122,123,124,125,126,127,128,129,130,131,132,133,134,135,136,183,184
45.566749,53.533526,82,83,182,183,184,185,186,187,214
45.799385,53.432427,83,84,181,182
45.801233,53.366977,84,85,181
46.03378,53.36747,85,86,180,181,182,213,214
46.633728,53.067223,86,87,180
47.033816,53.067466,87,88,179,180,212,213
47.833706,52.800574,88,89,178,179
47.833672,52.767686,89,90,178
48.032726,52.766908,90,91,177,178,179,211,212
48.43313,52.532712,91,92,176,177
48.432852,52.500417,92,93,175,176
48.599227,52.499851,93,94,174,175
48.367849,63.566534,114,115,228,282,283
45.0,63.566667,114,215,216,217,218,219,220,221,222,223,224,225,226,227,228
48.434205,63.566185,115,116,281,282,377
48.432846,63.533882,116,117,377,399,400
48.899545,63.300111,117,118,398,399
49.033346,63.266303,118,119,397,398
49.399727,63.066085,119,120,396,397
49.400133,63.031953,120,121,395,396
50.467355,62.900757,121,122,394,395
50.466818,62.867085,122,123,393,394
50.800335,62.866838,123,124,392,393
50.798324,62.833181,124,125,391,392
51.799372,62.800897,125,126,390,391
51.799322,62.767251,126,127,389,390
52.632578,62.767408,127,128,388,389
52.633723,62.699876,128,129,387,388
52.800386,62.632643,129,130,386,387
53.03473,62.599609,130,131,385,386
53.734104,62.634504,131,132,384,385
54.166233,62.666626,132,133,384
54.666883,62.866365,133,134,383,384,385,386,387,388,389,390,391,392,393,394,395,396,397,398,399,400,401,403
56.899133,62.966659,134,135,382,383
57.166826,62.96713,135,136,381,382
57.400395,63.066756,136,137,184,185,381
57.867038,63.098667,137,138,185,186,380
57.400331,63.099223,137,380,381,382,383,402,403
58.432463,63.267513,138,139,186,187,379
57.867509,63.133998,138,379,380,402
59.433176,63.499187,139,140,141,142,143,144,145,187,188,189,190,191,192,193,194,195,196,197,198,199,200,201,202,203,204,205,206,207,208,209,210,211,212,213,214,378
59.199222,63.500387,139,378,379,401,402,403
59.565768,63.567341,140,141,280,1120,1121,1122,1123,1131,1132,1133,1134
59.499513,63.566626,140,280,281,377,378,400,401
67.5,63.566667,141,142,1130,1131
67.5,49.333333,142,143,1149
67.033456,49.398039,143,144,1148,1149,1150,1151,1152,1153,1154,1155,1156
66.566719,49.565907,144,145,1148
66.399266,49.566982,145,146,188,1147,1148,1156
66.10012,49.733333,146,147,148,188,189,1145,1146
66.099382,49.699107,146,1146,1147
45.333432,64.767701,215,216,291,292
45.0,64.866667,215,229,230,231,292,293
45.56638,64.732812,216,217,291
46.001249,64.732926,217,218,290,291,292,293,294,295,296,297,321,322,323,324,325,329
46.799576,64.434123,218,219,290
46.933728,64.432859,219,220,289,290,320,321
47.132818,64.300622,220,221,288,289
47.733381,64.133274,221,222,288
47.767626,64.134246,222,223,287,288,289,319,320
47.765866,64.066398,223,224,287
47.900804,64.067667,224,225,286,287,319
47.899947,63.967743,225,226,285,286
48.200697,63.70061,226,227,284,285
48.26665,63.700411,227,228,283,284
45.5,67.5,229,230,332
45.0,67.5,229
45.499266,67.464654,230,231,332,333,334,335,336
46.268019,67.334211,231,232,293,294,336
46.501605,67.300326,232,294,295,344,345,351,352
46.265568,67.366621,232,335,336,337,345,346
46.799457,67.299794,233,234,296,297,341,342,349,350
46.668508,67.333875,233,350,351,352
46.665661,67.299213,233,295,296,351
47.232177,67.366473,234,297,298,299,322,339,340
47.066869,67.398956,234,340,341
47.666667,67.5,235,236,353
46.966667,67.5,235,338,339,340,341,342,343,347
47.231969,67.433309,235,236,298,339
47.666538,67.266555,236,237,298,299,353,354,355,365
47.767578,66.800748,237,299,300,301,322,323,363,364
47.700364,67.266389,237,364,365,366,367,368
48.533948,66.966063,238,239,361,372,373
48.433926,66.867827,238,361,362
48.433634,66.799251,238,239,240,241,242,243,244,245,300,362,363
48.666439,66.965838,239,240,372,407,408
48.665521,66.933884,240,241,407
49.000982,66.900317,241,242,406,407,408,432
48.999808,66.866057,242,243,432,433,535
49.101209,66.533196,243,244,534,535,536,575,576,577,580
49.46655,66.233132,244,245,533,534
49.866983,65.767652,245,300,301,532,533
51.165237,65.432877,246,247,302,324,325,529,530
51.166149,65.465527,246,530,531
50.402228,65.500195,246,301,323,324,531,532
52.234559,65.399445,247,248,302,527,528
52.234388,65.433008,247,528,529
53.532602,65.200156,248,302,303,304,305,306,325,329,330,525,526
53.232848,65.400277,248,526,527
54.567175,65.433367,249,250,303,304,524
54.098954,65.43344,249,524,525,526,527,528,529,530,531,532,533,534,569,574,580,581,582,583,584,585,586,588
54.100178,65.401362,249,303,525
54.867147,65.465384,250,251,252,253,304,305,523
54.565857,65.465455,250,523,524,569
55.265988,65.499365,251,252,521,522
55.134151,65.6657,251,522,523,568,569,574
55.266851,65.467045,252,253,520,521
55.699056,65.465577,253,254,305,306,520
56.499155,65.465728,254,306,307,308,309,330,331,518,519
55.933399,65.666521,254,519,520,521,522,567,568
57.065982,65.667048,255,256,307,308,517
56.633861,65.666224,255,517,518,519,566,567
56.633217,65.634411,255,307,518
57.500781,65.699585,256,257,308,309,516
57.066765,65.700858,256,516,517,565,566
57.833116,65.733714,257,309,310,326,327,328,331,514,515
57.501534,65.733278,257,515,516,564,565
58.86611,66.23384,258,259,512,513
58.199393,65.966863,258,513,514,515,563,564
58.199365,65.932648,258,259,310,514
59.06666,66.23214,259,310,311,326,511,512
60.099439,66.699346,260,261,509,510
59.466568,66.500339,260,510,511,512,513,562,563
59.466522,66.468076,260,261,311,511
60.500061,66.766561,261,311,312,326,327,508,509
61.300072,67.033102,262,312,313,314,315,316,317,318,327,328,505,506
61.066174,67.033399,262,506,507
61.065654,66.999379,262,312,507,508
62.433662,67.366679,263,264,265,266,313,314,502,503
61.734241,67.266519,263,503,504
61.732222,67.234393,263,313,504,505
64.833333,67.5,264,265,1157
62.5,67.5,264,501,502
64.834166,67.465076,265,266,1157,1158
65.333548,67.33289,266,267,268,269,270,271,272,273,274,275,276,277,314,315,1158
67.5,67.5,267,268
65.466667,67.5,267,1157,1158
67.5,64.966667,268,269,1130
67.433524,64.933517,269,270,1129,1130,1131,1134
66.034656,64.83248,270,271,1128,1129
65.733578,64.832321,271,272,1128
65.732532,64.800999,272,273,1127,1128,1129,1133,1134
65.434438,64.800732,273,274,1127
64.998934,64.733854,274,275,1126,1127,1132,1133
64.365399,64.832945,275,276,1125,1126
63.034577,64.866321,276,277,1124,1125
62.567404,64.665358,277,278,315,316,1124
61.734834,64.43275,278,279,316,317,1122,1123
62.566633,64.633899,278,1123,1124,1125,1126,1132
60.966855,64.200913,279,317,318,1120,1121
61.033066,64.199315,279,1121,1122
60.300673,63.96745,280,281,282,283,284,285,286,318,319,320,321,328,329,330,331,1120
46.333333,67.5,332,333,338
46.334502,67.436079,333,334,337,338,346,347
46.300746,67.432572,334,335,337
46.833853,67.467506,342,343,348,349
46.701115,67.468081,343,344,345,346,347,348
46.700564,67.432953,344,348,349,350,352
48.633333,67.5,353,354,409
48.633423,67.466661,354,355,409,410,422,423
49.366784,67.300219,355,356,357,358,359,365,366,421,422,613
49.234143,67.135104,356,357,426,427,428,429,430,431
49.400921,67.201002,356,427,613,614
48.765006,67.166147,357,358,370,371,404,405,426
48.767126,67.200579,358,359,369,370
48.601851,67.199531,359,360,366,367,369
48.366969,67.132772,360,367,368,374,375,376
48.599387,67.165301,360,369,370,371,375
48.366065,67.065513,361,362,363,364,368,373,374
48.501887,67.133758,371,375,376,404
48.499736,67.033996,372,373,374,376,404,405,406,408
49.033046,66.899696,405,406,426,431,432,433
49.1,67.5,409,410,590
49.600378,67.398096,410,411,423,424,590,591,592,609
49.933224,67.366345,411,412,424,425,607,608
49.933303,67.399907,411,608,609,610,611,612
50.333172,67.299863,412,413,414,415,416,417,418,419,420,425,605,606
50.334205,67.333866,412,606,607
50.866598,67.267058,413,414,439,603,604
50.866325,67.300031,413,604,605
50.866896,67.232857,414,415,438,439,440,539
50.233569,67.199747,415,416,438
50.133359,67.13388,416,417,437,438,538,539,540,541,542,543,544,570,571
49.967562,67.233797,417,418,436,437
49.966806,67.268238,418,419,436
49.767269,67.265679,419,420,435,436,437,537,538
49.765859,67.333962,420,421,422,423,424,425,435
49.667036,67.30094,421,435,537,613,614
49.798674,67.134644,427,428,537,538,570,614
49.699725,67.033538,428,429,434,536,570,571,575
49.23316,67.066544,429,430,434
49.200357,66.833248,430,431,433,434,535,536
50.899485,67.26764,439,440,602,603,738
50.900288,67.165452,440,441,442,443,539,540,738,739,746,747
50.899012,67.064639,441,442,661,662,663,664,665,666,667
50.99964,67.133603,441,662,746
50.733258,67.03396,442,443,660,661
50.600836,67.065234,443,444,540,541,660
50.499708,66.932997,444,445,446,447,541,542,652,653,654,655,656,657,658,659
50.600092,67.001014,444,652,660,661,667
50.666928,66.7673,445,446,632,642
50.832645,66.766184,445,642,643,659
50.267094,66.667808,446,447,631,632,633,634,638,639
50.235045,66.666228,447,448,542,543,631
50.199242,66.601246,448,543,544,630
50.233385,66.601429,448,630,631,637,638
50.499749,66.366569,449,450,635,636
50.266859,66.567484,449,636,637,638,639,640
50.199505,66.568511,449,450,544,571,575,576,630,637
50.500154,66.332641,450,451,452,545,576,577,635
50.833279,66.332493,451,452,648,668,669,670,671,698,699
50.734856,66.334972,451,635,636,640,648,649
51.633155,66.098774,452,453,545,697,698
52.033659,65.998275,453,454,545,572,577,580,581,696
52.034212,66.031269,453,696,697
52.466906,65.966485,454,455,546,572,695
52.466573,65.999877,454,695,696,697,698,699,700,707,708
53.467174,65.900185,455,456,457,546,694
53.099303,65.96723,455,694,695,706,707
53.666552,65.89968,456,457,910,911
53.46652,65.932105,456,694,706,906,907,908,911
53.666576,65.868847,457,546,572,581,582,909,910
54.033426,65.933,458,459,907,908,919,925,926
53.867023,65.899321,458,908,909,910,911
53.865875,65.867288,458,459,547,548,549,582,583,909
54.200014,65.900274,459,460,461,547,925
54.299758,65.901142,460,461,923,924
54.300678,65.933285,460,924,925,926,927
54.467142,65.899786,461,462,463,547,548,923
54.599546,65.933748,462,463,921,922
54.46648,65.93291,462,922,923,924,927
54.600118,65.90051,463,464,548,549,920,921
54.700322,65.898966,464,549,550,583,584,935,936,941,942
54.699859,65.933345,464,920,935
55.168234,65.93378,465,466,467,550,584,585,687,688,939,940
55.066566,65.967103,465,940,941,942,943
55.066726,65.932889,465,550,941
55.500053,66.032854,466,467,995,996
55.267042,65.966525,466,687,987,988,996,997
55.632135,66.035065,467,551,552,585,586,994,995
56.331214,66.466685,468,469,993,999,1000,1078,1079,1080,1081,1082,1083
56.000476,66.299707,468,994,995,996,997,998,1000
55.999896,66.266678,468,469,470,471,551,994
56.433637,66.398972,469,470,1083
56.934088,66.46595,470,471,1082,1083,1099,1104,1105
57.000744,66.466047,471,472,551,552,1104
57.133835,66.500964,472,473,552,586,588,589,1102,1103
57.001447,66.500641,472,1103,1104,1105
57.265625,66.600367,473,587,589,1100,1101
57.201076,66.600018,473,1101,1102
56.499072,66.599509,474,475,476,477,478,479,480,553,992,993,1078
56.567301,66.599635,474,1078,1079
57.132841,66.667818,474,553,554,578,579,587,1079,1080,1100
56.067695,66.567156,475,476,991,1073,1074,1075,1076,1077
56.266244,66.565686,475,991,992
56.000036,66.565621,476,477,1072,1073
55.99853,66.632974,477,478,682,1071,1072
55.999605,66.700181,478,479,681,682,702,703
56.332193,66.732219,479,480,680,681
56.33198,66.833912,480,481,553,554,680
56.133625,67.100168,481,482,483,554,573,578,679
56.133645,66.900578,481,679,680,681,701,702
55.999043,67.067546,482,483,678,1054,1055,1062,1063
56.132144,67.067776,482,678,679,701
55.800789,67.166627,483,484,485,555,556,557,558,559,560,573,1054
55.433143,67.13309,484,485,952,953,1053
55.633613,67.066731,484,1053,1054,1061,1062
55.400568,67.134837,485,486,555,951,952
55.466297,67.165916,486,487,555,556,980,981
55.400831,67.167088,486,950,951,981,982
55.700963,67.201514,487,488,556,557,1040
55.468413,67.200309,487,980,1040,1041
56.101531,67.299932,488,489,490,557,558,1039
55.867434,67.30052,488,1039,1040,1041,1042,1044
56.534226,67.166128,489,490,1037,1038
56.198985,67.432627,489,1038,1039,1043,1044
56.533078,67.134171,490,558,559,1037
57.367032,67.099516,491,492,1016,1106
57.067022,67.099705,491,1016,1021,1026,1029,1030,1031,1036
57.065726,67.066067,491,492,493,559,560,1036,1037,1038,1043
57.366594,67.066941,492,493,1106,1109
57.633391,66.999226,493,494,560,561,573,578,579,1109,1111
58.433101,67.233229,494,495,496,497,561,1012,1013,1108
58.001216,67.166407,494,1108,1110,1111
59.666667,67.5,495,496,1135
58.966667,67.5,495,1011,1012
59.667762,67.431867,496,497,1135,1136
60.466829,67.399534,497,498,499,500,561,562,563,564,565,566,567,568,574,579,587,588,589,1136
60.8,67.5,498,499,1137
60.766667,67.5,498,1135,1136
60.801036,67.466968,499,500,1137,1138
60.833949,67.46532,500,501,502,503,504,505,506,507,508,509,510,562,1138
60.833333,67.5,501,1137,1138
49.966667,67.5,590,591,615
49.966032,67.466756,591,592,615,616
50.032276,67.465737,592,593,594,595,596,609,610,616
50.066667,67.5,593,594,617
50.033333,67.5,593,615,616
50.066404,67.466136,594,595,617,619
50.099629,67.466356,595,596,618,619,620
50.100246,67.432466,596,597,610,611,620,627
50.400046,67.399706,597,598,599,600,611,612,626
50.400178,67.434305,597,626,627,628,629
50.933856,67.365929,598,599,624,625
50.93276,67.401319,598,625,626,629
51.233913,67.334095,599,600,623,624,788
51.634416,67.301452,600,601,602,603,604,605,606,607,608,612,788,794,795,857
51.101077,67.200526,601,602,738,739
51.631873,67.100448,601,739,740,741,742,743,744,745,747,857,860
50.133333,67.5,617,618,619,621
50.132924,67.465494,618,620,621,622,627,628
50.966667,67.5,621,622,781
51.067284,67.400405,622,623,624,625,628,629,781,789
51.232019,67.400214,623,788,789,790,795
50.667052,66.666378,632,633,641,642,643,644,645,646,650,651
50.366685,66.66663,633,634,641
50.366755,66.567185,634,639,640,641,649,650
50.899497,66.766267,643,644,658,659,730
50.900788,66.700255,644,645,730,736,737
51.000144,66.699588,645,646,719,720,735,736
50.767463,66.565353,646,647,651,719
50.733314,66.433303,647,648,649,650,651,668
50.900887,66.434179,647,668,669,719,720,724,725
51.033175,66.999845,652,653,666,667,796,801
51.065606,66.999767,653,654,800,801,802,803
51.066961,66.967335,654,655,732,733,734,735,736,737,799,800
50.999468,66.902005,655,656,731,732
50.933834,66.899529,656,657,731
50.933045,66.765946,657,658,730,731,732,737
51.101066,67.134318,662,663,745,746,747
51.099993,67.099717,663,664,744,745
51.299678,67.098192,664,665,743,744
51.29968,67.03334,665,666,742,743,796
50.933893,66.433654,669,670,724,748,749,769
52.1016,66.199539,670,671,768,769,770,771,772,777
52.100234,66.167439,671,672,673,674,699,700,768
52.800934,66.134586,672,673,767
52.798518,66.168726,672,767,768,776,777,778,780
53.33349,66.099369,673,674,766,767,776
54.001087,65.999814,674,675,700,708,711,712,766
54.433994,66.032537,675,676,712,713,765
54.000068,66.03302,675,765,766,775,776,779,780
54.866134,66.066671,676,713,714,763,764
54.433989,66.06742,676,764,765,774,775
56.064584,66.901172,677,678,701,702,703,709,1055
55.833035,66.498932,677,1046,1047,1055,1056,1057,1058,1063
55.867437,66.499232,677,709,710,716,1047,1048,1051,1052
55.934071,66.600189,682,703,709,710,1071
55.96777,66.400534,683,684,989,990,1075,1076
55.966551,66.500478,683,1076,1077
55.933363,66.500362,683,684,710,716,717,1071,1072,1073,1077
55.733853,66.267527,684,685,686,704,705,717,718,989
55.366501,66.067492,685,686,987,988
55.733244,66.232778,685,988,989,990,997,998
55.267656,66.064002,686,687,688,689,704,987
55.23287,66.033789,688,689,938,939
55.099945,66.033183,689,690,704,705,938
54.866251,65.999851,690,691,692,693,705,711,712,713,714,715,718,937
55.098767,66.000334,690,937,938,939,940,943
54.699448,65.966153,691,692,919,920,921,922,926,927,935,936
54.866607,65.965882,691,936,937,942,943
54.03346,65.967661,692,693,906,907,919
53.467087,65.96563,693,706,707,708,711,906
55.166636,66.165774,714,715,762,763
55.86787,66.434315,715,716,717,718,761,762,1048
51.066094,66.832941,720,725,726,734,735,810,811
51.300877,66.76627,721,727,728,813
51.466524,66.899939,721,808,809,813,814,815,816,817,839,840
51.333283,66.799276,721,726,727,809,810
51.333278,66.432375,722,723,748,749
51.333279,66.398863,722,749,750,751,752,769,770
51.566658,66.46569,722,723,729,750,837,838
50.933214,66.466758,723,724,725,726,727,728,729,748
51.301348,66.598965,728,729,813,838,839
51.265975,66.89978,733,734,811,812
51.267985,66.933596,733,799,804,812
51.666061,67.066781,740,741,850,851,858,859
51.66675,67.099557,740,859,860
51.633407,67.066433,741,742,796,797,801,802,849,850
51.665937,66.432805,750,751,837,861,865,866
51.832072,66.401143,751,752,864,865
51.833412,66.366454,752,753,770,771,864
51.899532,66.365286,753,754,755,771,772,862,863
51.900545,66.398729,753,863,864,865,866
52.100144,66.365818,754,755,834,900
52.068436,66.367146,754,834,835,862
52.132573,66.232211,755,756,772,777,778,900,901,905
53.933871,66.066251,756,757,758,778,779,780,903,904
53.26524,66.233208,756,904,905
54.232415,66.165914,757,758,831,832,902
53.933485,66.099674,757,902,903
55.266794,66.299893,758,759,773,774,775,779,830,831
55.532559,66.366866,759,760,773,1050
55.36594,66.366381,759,830,1045,1046,1047,1050,1051
55.733894,66.400245,760,761,762,763,764,773,774,1049
55.534318,66.401099,760,1049,1050,1051,1052
55.733926,66.433631,761,1048,1049,1052
52.7,67.5,781,789,790,871,872
52.899777,67.033742,782,783,784,785,791,870
53.099834,67.199905,782,870,871,872,873,874,875,876,877,878,879,880,881,895
53.066804,67.198344,782,790,791,792,793,794,795,871
52.733734,66.867158,783,784,869
52.899678,66.866765,783,869,870,894,895,896,899
52.499454,66.766214,784,785,868,869,893,894
51.933251,66.833809,785,786,791,792,853,867,868
52.032518,66.89841,786,787,792,793,852
51.934182,66.899738,786,852,853,854,856
52.233386,67.200216,787,793,794,857,858,859,860
52.033199,67.000216,787,851,852,855,856,858
51.466868,67.000082,797,798,802,803,805
51.533417,66.998301,797,805,806,849
51.266645,66.96704,798,799,800,803,804
51.467015,66.964815,798,804,805,806,807,808,809,810,811,812
51.533615,66.933477,806,807,814,815,849,850,851,855
51.467044,66.934092,807,808,814
51.734567,66.933601,815,816,854,855,856
51.83241,66.834481,816,817,853,854,867
51.76782,66.666369,817,840,841,867,868,892,893
52.335004,66.600338,818,819,890,891
52.333928,66.633861,818,891,892,893,894,898,899
51.999416,66.533328,818,819,820,841,842,892
52.934575,66.533039,819,820,890
53.901662,66.465891,820,821,842,843,889,890,891,897,898
54.299303,66.434072,821,843,846,847,887,888
54.299188,66.467558,821,888,889
55.69969,66.99857,822,823,954,955,956,957,958,961,1059,1060
55.432173,66.932718,822,883,884,955
55.501272,66.865958,822,823,824,825,826,827,828,829,844,884,885
55.765661,66.998949,823,824,1059,1068
55.767964,66.867149,824,825,1068,1070
55.833564,66.86726,825,826,1069,1070
55.832917,66.800058,826,827,1057,1058,1069
55.665603,66.632787,827,828,1056,1057
55.666471,66.566095,828,829,1045,1046,1056
55.367302,66.398509,829,830,831,832,833,844,845,846,847,848,1045
53.599169,66.266351,832,833,901,902,903,904,905
52.468087,66.399258,833,834,835,836,845,900,901
52.066308,66.400389,835,836,861,862,863,866
51.665855,66.467451,836,837,838,839,840,841,842,843,845,846,861
55.365294,66.600045,844,848,885,886
54.664851,66.435063,847,848,886,887
54.7,67.5,872,873,928
54.634605,67.401617,873,874,928,929,930,934
54.866549,67.10016,874,875,933,934,949,960,963,964
54.832982,67.099414,875,876,949
54.832546,67.034076,876,877,948,949,959,960
54.767075,67.033794,877,878,948
54.767896,67.00061,878,879,913,914,944,948,959
54.231813,66.999475,879,880,912,913
53.566694,66.833634,880,881,912
53.467679,66.767069,881,882,895,896,912,913,914,915,918
54.266735,66.598349,882,896,897,898,899,916,917
54.165959,66.733705,882,917,918
55.232641,66.900103,883,915,916,917,918,955,956
54.933532,66.633093,883,884,885,886,887,888,889,897,916
55.199916,66.901437,914,915,944,945,946,947,956,957
55.066667,67.5,928,929,965
55.133184,67.432663,929,930,965,966,967,973,974,975,976
55.100951,67.298549,930,931,932,933,934,976,977,978,984
55.333534,67.165986,931,932,950,982,983
55.199694,67.301084,931,983,984,985,986
55.333651,67.133845,932,933,950,951,952,953,954,961,962,964
54.866223,67.00005,944,945,959,960,963
54.868233,67.067989,945,946,962,963,964
55.368546,67.066325,946,947,958,961,962
55.368444,67.032853,947,957,958
55.432713,67.099901,953,954,1053,1060,1061
55.466667,67.5,965,966,1064
55.466841,67.466596,966,967,1064,1065
55.500613,67.467949,967,968,969,974,1065
55.533333,67.5,968,969,1066
55.5,67.5,968,1064,1065
55.533229,67.467487,969,974,975,1066,1067
55.766667,67.5,970,971,1002
55.633333,67.5,970,1066,1067
55.633586,67.466502,970,971,972,973,975,1067
55.768179,67.466516,971,972,1001,1002,1018,1023,1024
55.267159,67.433582,972,973,976,977,1001
55.266229,67.366926,977,978,1001,1018
55.332896,67.367738,978,979,984,985,1017,1018,1022,1023
55.300269,67.265567,979,985,986,1032
55.332312,67.265281,979,1017,1032,1033
55.299522,67.234894,980,981,982,983,986,1032,1033,1034,1035,1041,1042
56.266381,66.464892,990,998,999,1000,1074,1075
56.266878,66.501458,991,992,993,999,1074
56.466667,67.5,1002,1024,1025,1084
57.101318,67.233827,1003,1004,1019,1029,1031,1090
56.765535,67.333283,1003,1090,1091,1098
56.599863,67.331983,1003,1028,1030,1031,1091
57.499792,67.232974,1004,1005,1019,1089,1112,1118,1119
57.100234,67.268128,1004,1089,1090,1097,1098
57.699817,67.199977,1005,1019,1026,1029,1116,1117
57.700603,67.233846,1005,1117,1118
57.76821,67.366694,1006,1007,1087,1114,1115
57.765058,67.299805,1006,1115,1116,1117,1118,1119
57.800032,67.198442,1006,1007,1008,1009,1010,1020,1021,1026,1116
58.031986,67.467166,1007,1008,1086,1087,1093,1094
58.165114,67.400644,1008,1009,1086
58.434186,67.468317,1009,1010,1085,1086,1092,1093
58.56766,67.467112,1010,1011,1012,1013,1014,1015,1020,1085
58.566667,67.5,1011,1084,1085,1092
58.399536,67.332833,1013,1014,1107,1108,1110
58.166753,67.266634,1014,1015,1107
57.834134,67.132816,1015,1016,1020,1021,1106,1107,1109,1110,1111
55.466289,67.366303,1017,1022,1033,1034
56.033732,67.46842,1022,1023,1024,1025,1027,1034,1035
56.467978,67.467572,1025,1027,1028,1084,1091,1092,1093,1094,1095,1096,1097,1098
56.26716,67.467219,1027,1028,1030,1035,1036,1042,1043,1044
55.934594,67.001213,1058,1059,1060,1061,1062,1063,1068,1069,1070
57.134364,66.633563,1080,1081,1099,1100,1101,1102,1103,1105
56.932537,66.499403,1081,1082,1099
57.699208,67.368673,1087,1094,1095,1113,1114
57.500231,67.267052,1088,1089,1096,1097,1112
57.601175,67.266368,1088,1112,1113,1114,1115,1119
57.600373,67.299185,1088,1095,1096,1113
67.5,45.0,1149,1150