-157.167008,3.000031,0,1,327,328,389
-157.5,2.7,0,215,216,217,328
-157.5,0.0,0,1,2,3,4,5,71,72
-157.100068,3.000391,1,2,327
-156.867274,3.233899,2,3,326,327,388,389,390,391,392,393,394,395,401
-156.398795,3.333708,3,4,325,326
-156.333848,3.332313,4,5,324,325
-155.93219,3.567494,5,6,7,8,9,10,11,72,73,324
-155.366134,3.999923,6,7,323,388,400,401
-155.933621,3.633318,6,324,325,326,388
-155.134195,4.100473,7,8,323
-154.767705,4.333969,8,9,322,323,387,399,400
-154.532446,4.432484,9,10,321,322
-154.101234,4.532461,10,11,320,321
-153.999919,4.499584,11,12,73,74,320
-153.532331,4.734818,12,74,75,318,319
-153.833002,4.734541,12,319,320,321,322,386,387
-152.832782,5.199492,13,14,316,317
-153.133422,5.099359,13,317,318,319,385,386
-153.134045,5.034235,13,14,75,76,318
-152.666827,5.200987,14,76,77,315,316
-151.733127,5.500614,15,16,78,79,314
-152.133157,5.50089,15,314,315,316,317,384,385
-152.133645,5.432576,15,77,78,315
-150.832389,5.931503,16,17,18,79,80,313
-151.733785,5.56607,16,313,314,383,384
-150.300217,6.166429,17,18,311,312
-150.834733,5.966954,17,312,313,382,383
-150.133462,6.166352,18,80,81,310,311
-149.800163,6.332763,19,82,83,308,309
-149.968565,6.334072,19,309,310,311,312,381,382
-149.965574,6.266958,19,81,82,310
-148.466057,7.400878,20,21,84,85,307
-148.967654,7.064639,20,307,308,309,380,381
-149.4987,6.567709,20,83,84,308
-148.166964,7.600405,21,85,86,305,306
-148.266793,7.600443,21,306,307,380
-147.400495,7.968511,22,87,88,303,304
-147.800758,7.967912,22,304,305,306,379,380,381,382,383,384,385,386,387,398,399
-147.799948,7.901429,22,86,87,305
-146.832764,8.132817,23,89,90,301,302
-147.033441,8.132573,23,302,303,304,378,379
-147.033672,8.10121,23,88,89,303
-146.100178,8.598774,24,25,299,300
-146.36692,8.465992,24,300,301,302,378
-146.367239,8.435001,24,25,90,91,301
-145.998091,8.600717,25,91,92,298,299
-145.364801,9.000041,26,27,93,94,297
-145.566376,8.967774,26,297,298,299,300,377,378,379,397,398
-145.56665,8.934146,26,92,93,298
-144.93348,9.232105,27,28,94,95,296
-145.066159,9.233518,27,296,297,376,377
-144.766705,9.299161,28,95,96,294,295
-144.932695,9.299656,28,295,296,375,376
-142.999117,10.200462,29,98,99,290,291
-143.433136,10.000186,29,291,292
-143.833787,9.733748,29,97,98,292,293
-142.568045,10.534014,30,100,101,288,289
-142.734234,10.533115,30,289,290,291,292,293,294,295,374,375
-142.73347,10.466535,30,99,100,290
-141.598312,11.066792,31,32,103,104,286
-141.832832,11.06763,31,286,287,288,289,373,374
-141.831886,11.033974,31,102,103,287
-141.099265,11.399985,32,104,105,284,285
-141.267166,11.400748,32,285,286,373
-139.967624,12.400879,33,34,283,371,372
-140.499955,11.999514,33,284,285,372,373,374,375,376,377,396,397
-140.500017,11.932022,33,34,35,105,106,284
-139.165835,12.800421,34,35,282,283
-139.10037,12.799249,35,106,107,281,282
-138.400187,13.465541,36,37,279,280
-138.466688,13.467582,36,280,281,282,283,370,371
-138.467127,13.39991,36,37,107,108,281
-138.032968,13.766183,37,38,108,109,279
-137.866181,13.799597,38,39,109,110,278
-138.033406,13.800274,38,278,279,280,369,370
-137.698841,13.865688,39,40,110,111,277
-137.867588,13.866648,39,277,278,368,369
-137.332666,14.099266,40,41,111,112,276
-137.699569,13.933002,40,276,277,367,368
-137.10116,14.167146,41,112,113,274,275
-137.332531,14.168297,41,275,276,366,367
-136.531435,14.565229,42,43,115,116,272
-136.767221,14.467419,42,272,273,274,275,365,366
-136.767155,14.433152,42,114,115,273
-136.067118,14.731753,43,44,116,117,271
-136.334409,14.732961,43,271,272,364,365
-135.833619,14.800352,44,45,46,47,48,49,50,51,52,53,117,118,119,120,121,122,123,124,125,126,127,128,129,130,270
-136.06824,14.799524,44,270,271,363,364
-135.46655,15.035351,45,46,268,269
-135.833672,14.865285,45,269,270,362,363
-135.166505,15.199534,46,47,267,268
-135.0,15.2,47,48,267
-135.0,7.6,48,49,464,465
-135.134488,7.599694,49,50,463,464
-135.63258,6.998977,50,51,462,463
-135.666828,6.999463,51,52,462
-135.932466,6.601294,52,53,461,462,463,464,465,477
-136.300576,6.333489,53,54,55,56,57,118,461
-136.633859,5.86631,54,55,460,475,476
-136.299402,6.265795,54,461,476,477
-136.867648,5.668222,55,56,459,460
-136.932378,5.667565,56,57,458,459
-137.167464,5.433255,57,58,118,119,458
-137.73269,4.799196,58,119,120,456,457
-137.333147,5.165951,58,457,458,459,460,474,475
-138.166565,4.166916,59,60,454,455
-138.000909,4.334807,59,455,456,457,473,474
-137.999862,4.398713,59,60,120,121,456
-138.234345,4.166718,60,121,122,453,454
-138.932915,3.399604,61,62,63,123,124,452
-138.464286,3.799836,61,452,453,454,455,472,473
-138.467797,3.865651,61,122,123,453
-139.100406,3.166329,62,63,450,451
-138.934186,3.334672,62,451,452,471,472
-139.167108,3.165789,63,64,65,66,124,125,450
-139.500415,2.633672,64,65,449,469,470
-139.16777,3.067041,64,450,451,470,471
-140.300099,1.799835,65,66,448,449
-140.333058,1.799573,66,125,126,447,448
-140.835718,1.133417,67,68,127,128,446
-140.499215,1.46496,67,446,447,448,449,468,469
-140.500541,1.532539,67,126,127,447
-141.200953,0.766986,68,69,70,128,129,445
-140.832784,1.099066,68,445,446,467,468
-141.632137,0.399987,69,70,443,444
-141.199252,0.699629,69,444,445,466,467
-141.665687,0.399873,70,129,130,442,443
-141.9,0.0,71,442,443,444,466
-141.900468,0.067163,71,72,73,74,75,76,77,78,79,80,81,82,83,84,85,86,87,88,89,90,91,92,93,94,95,96,97,98,99,100,101,102,103,104,105,106,107,108,109,110,111,112,113,114,115,116,117,130,442
-144.200991,9.531398,96,97,293,294
-142.100346,10.832417,101,102,287,288
-136.933112,14.266644,113,114,273,274
-154.033492,20.533178,131,132,133,189,190,227
-154.267728,20.5331,131,227,334,335
-154.066548,20.399681,131,189,228,335,336
-153.799901,20.634214,132,133,225,226
-154.033008,20.566997,132,226,227,333,334
-152.56587,21.132019,133,134,190,191,225
-151.967005,21.532911,134,191,192,193,194,195,196,197,198,199,200,201,202,203,204,205,206,207,208,209,210,211,212,213,214,223,224
-152.566936,21.166893,134,224,225,226,332,333
-151.467084,22.333682,135,136,222,330,331
-151.699804,21.966349,135,223,224,331,332
-151.765822,21.76564,135,136,137,138,139,140,141,142,143,144,145,146,192,223
-151.433245,22.333851,136,137,222
-151.133333,22.5,137,138,221,222,329,330
-143.5,22.5,138,139,265,266
-143.266164,22.299426,139,140,264,265
-142.767441,22.100199,140,141,264
-142.600727,22.099715,141,142,263,264,265,266,360,361
-142.599168,22.065502,142,143,262,263
-142.200747,21.899805,143,144,262
-141.700048,21.832162,144,145,261,262,263,360
-141.565376,21.766452,145,146,260,261
-141.199463,21.699584,146,147,148,149,150,151,192,193,260
-140.799466,21.465729,147,148,259,358,359
-140.767186,21.700392,147,260,261,359,360,361,362,363,364,365,366,367,368,369,370,371,372,396
-140.899619,21.266344,148,149,258,259
-140.967218,20.832384,149,150,257,258
-140.999468,20.833662,150,151,256,257
-141.133802,19.865286,151,152,153,193,194,256
-140.999365,19.067785,152,153,254,255
-141.099455,19.865396,152,255,256,257,258,259,357,358
-141.00073,18.832805,153,154,194,195,254
-140.900151,18.40064,154,155,195,196,253
-140.966972,18.833882,154,253,254,255,357
-142.765191,18.234307,155,156,196,197,252
-140.766368,17.866893,155,252,253,356,357,358,359,395,396,397,398,399,400,401
-143.366154,18.167098,156,157,197,198,251
-142.767177,18.200905,156,251,252,355,356
-143.865749,18.09973,157,158,159,198,199,250
-143.365905,18.134452,157,250,251,354,355
-144.399274,17.933718,158,159,248,249
-143.866572,18.065753,158,249,250,353,354
-144.531829,17.934082,159,160,199,200,248
-144.966417,17.700236,160,161,200,201,247
-144.533133,17.899244,160,247,248,249,352,353
-145.232318,17.531849,161,162,201,202,246
-144.966722,17.665708,161,246,247,351,352
-145.899128,17.033712,162,163,164,165,166,167,168,202,203,245
-145.79984,17.034022,162,245,246,350,351
-146.36704,16.26705,163,164,349,350,351,352,353,354,355,356,394,395
-145.900809,16.998999,163,245,350
-146.531363,16.333764,164,165,244,348,349
-147.032948,16.633032,165,166,244
-147.133833,16.634652,166,167,243,244,347,348
-147.432191,16.766474,167,168,242,243
-148.599456,17.167313,168,169,203,204,242
-149.299371,17.234081,169,170,204,205,241
-148.767817,17.166954,169,241,242,243,346,347
-149.932915,17.167717,170,171,172,205,206,240
-149.30009,17.199445,170,240,241,345,346
-150.13223,17.067201,171,172,239,344,345,346,347,348,349,393,394
-149.933555,17.132557,171,240,345
-150.333449,17.067145,172,173,174,206,207,239
-150.799966,16.900823,173,174,238,342,343
-150.333304,17.033696,173,239,343,344
-150.966586,16.898298,174,175,176,177,178,179,207,208,238
-151.199942,16.766003,175,176,236,237,412,413
-150.967956,16.867695,175,237,238,342
-151.199959,16.798926,176,177,411,412
-151.36621,16.799039,177,178,410,411
-151.36603,16.834944,178,179,409,410
-151.433413,16.833555,179,180,181,182,183,184,208,209,409
-151.501028,16.765488,180,181,408
-151.434128,16.765788,180,408,409,410,411,412,413,414,415,417
-151.634257,16.633586,181,182,341,390,391,408,416,417
-151.735416,16.901172,182,183,234,340,341
-151.699312,17.034259,183,184,233,234
-151.834105,17.633185,184,185,186,209,210,233
-152.032775,18.200202,185,186,232,338,339
-151.866558,17.632734,185,233,234,339,340
-152.065961,18.433765,186,187,210,211,232
-152.233866,18.833338,187,211,212,230,231
-152.100067,18.434171,187,231,232,337,338
-153.699786,20.266019,188,189,190,191,214,228
-153.70054,20.233177,188,228,229,230,231,336,337
-153.366506,20.134092,188,213,214,229
-152.533813,19.398038,212,213,229,230
-157.03338,20.399353,215,216,406,407
-157.5,20.3,215,402,403,404,407
-156.300242,20.633991,216,217,405,406
-156.233305,20.634209,217,328,329,330,331,332,333,334,335,336,337,338,339,340,341,389,390,405
-157.33313,21.098814,218,219,402,403
-156.932716,20.933738,218,403,404
-156.86672,20.934679,218,219,220,221,329,404,405,406,407
-157.5,21.266667,219,220,402
-157.5,22.5,220,221
-151.367324,16.667809,235,236,237,342,343,344,392,393,414,415
-151.533503,16.667005,235,415,416,417
-151.533649,16.63259,235,391,392,416
-151.367706,16.699953,236,413,414
-135.0,22.5,266,267,268,269,361,362
-149.767256,17.566611,418,419,423,424
-149.865268,17.567406,418
-149.867737,17.532874,418,423
-149.666784,17.600427,419,424,425
-149.768042,17.598365,419
-149.598929,17.667487,420,421,426,427,428,429,430,431,432
-149.601336,17.700804,420,427
-149.667213,17.700413,420,421,422,425
-149.633922,17.666562,421,422,426
-149.634653,17.532949,422,423,424,425,426,432
-149.49874,17.76788,427,428,433,434,435,441
-149.467423,17.765768,428,429,440,441
-149.466948,17.733106,429,430,439,440
-149.367901,17.733602,430,431,438,439
-149.36689,17.632898,431,432,437,438
-149.333405,17.833341,433,434
-149.46732,17.833288,433
-149.332636,17.798698,434,435
-149.267842,17.798268,435,436,437,438,439,440,441
-149.300563,17.73245,436,437
-149.268209,17.73427,436
-135.0,0.0,465,466,467,468,469,470,471,472,473,474,475,476,477
-140.367305,8.73353,478,479
-140.399696,8.732704,478
-140.399804,8.601637,478,479,480,481,482,483,484,485
-140.167811,9.266687,479,480,486
-140.232956,8.93317,480,481,486,487,488,489,490,493
-139.700063,8.901246,481,482,492,493
-139.932948,8.733641,482,483
-140.167247,8.466536,483,484
-140.233328,8.467335,484,485
-140.501255,8.266797,485
-139.999206,9.399747,486,487
-139.90119,9.398674,487,488,501,502
-139.166274,9.767038,488,489,501
-139.099759,9.765752,489,490
-139.099304,9.699266,490,491,492,493
-139.500042,9.165381,491,492
-139.466134,9.165694,491
-139.232913,10.034867,494,495
-139.733013,9.533834,494
-139.733486,9.500295,494,495,496,502,503,504,505,506
-139.033375,10.132413,495,496
-138.966519,10.134109,496,497,498,503,515
-139.000136,10.035056,497,498,509,510,513
-138.965567,10.033256,497,515,519,520
-139.03237,10.032616,498,499,503,504,509
-139.097832,9.900339,499,500,504,505,508
-139.06769,9.899846,499,508,509,512,513,514
-139.166738,9.832466,500,505,506,507
-139.09965,9.833153,500,507,508,511,512
-139.166717,9.800305,501,502,506,507,511
-139.03291,9.900274,510,513,514
-138.998593,9.899769,510
-139.03486,9.800019,511,512,514
-138.865997,10.201077,515,516,517,518,520
-138.800771,10.266926,516,517
-138.866903,10.266159,516
-138.835428,10.10054,517,518
-138.900654,10.100055,518,519,520
-138.900851,10.03404,519