0,1,2,1,1,1,30432
3,2,4,1,0,1
5,4,6,1,0,1
7,6,8,1,0,1
9,8,10,1,0,1
11,10,12,1,0,1
13,14,15,1,1,1
16,15,17,1,0,1
18,17,19,1,0,1
20,19,21,1,0,1
22,21,23,1,0,1
24,23,25,1,0,1
26,27,28,1,1,1
29,30,31,1,1,1
32,31,33,1,0,1
34,35,36,1,1,1
37,38,39,1,1,1
40,41,42,1,1,1
43,42,44,1,0,1
45,46,47,1,1,1
48,49,50,1,1,1
51,52,53,1,1,1
54,55,56,1,1,1
57,58,59,1,1,1
60,61,62,1,1,1
63,62,64,1,0,1
65,66,67,1,1,1
68,69,70,1,1,1
71,72,73,1,1,1
74,75,76,1,1,1
77,78,79,1,1,1
80,81,82,1,1,1
83,84,85,1,1,1
86,87,88,1,1,1
89,88,90,1,0,1
91,90,92,1,0,1
93,94,95,1,1,1
96,95,97,1,0,1
98,99,100,1,1,1
101,102,103,1,1,1
104,105,106,1,1,1
107,108,109,1,1,1
110,111,112,1,1,1
113,114,115,1,1,1
116,117,118,1,1,1
119,120,121,1,1,1
122,121,123,1,0,1
124,123,125,1,0,1
126,125,127,1,0,1
128,127,129,1,0,1
130,129,131,1,0,1
132,131,133,1,0,1
134,133,135,1,0,1
136,135,137,1,0,1
138,139,140,1,1,1
141,140,142,1,0,1
143,142,144,1,0,1
145,144,146,1,0,1
147,148,149,1,1,1
150,151,152,1,1,1
153,152,154,1,0,1
155,156,157,1,1,1
158,159,160,1,1,1
161,160,162,1,0,1
163,164,165,1,1,1
166,165,167,1,0,1
168,167,169,1,0,1
170,171,172,1,1,1
173,174,175,1,1,1
176,177,178,1,1,1
179,178,180,1,0,1
181,182,183,1,1,1
12,183,184,0,0,1
25,184,185,0,0,1
28,185,186,0,0,1
187,186,188,1,0,1
33,188,189,0,0,1
190,189,191,1,0,1
36,191,192,0,0,1
39,192,193,0,0,1
44,193,194,0,0,1
195,194,196,1,0,1
47,196,197,0,0,1
198,197,199,1,0,1
50,199,200,0,0,1
53,200,201,0,0,1
202,201,203,1,0,1
56,203,204,0,0,1
205,204,206,1,0,1
59,206,207,0,0,1
208,207,209,1,0,1
64,209,210,0,0,1
211,210,212,1,0,1
67,212,213,0,0,1
70,213,214,0,0,1
73,214,215,0,0,1
216,215,217,1,0,1
218,217,219,1,0,1
76,219,220,0,0,1
221,220,222,1,0,1
79,222,223,0,0,1
224,223,225,1,0,1
226,225,227,1,0,1
82,227,228,0,0,1
85,228,229,0,0,1
230,229,231,1,0,1
92,231,232,0,0,1
233,232,234,1,0,1
97,234,235,0,0,1
100,235,236,0,0,1
103,236,237,0,0,1
106,237,238,0,0,1
109,238,239,0,0,1
240,239,241,1,0,1
242,241,243,1,0,1
112,243,244,0,0,1
115,244,245,0,0,1
118,245,246,0,0,1
146,137,247,0,0,1
149,247,248,0,0,1
249,248,250,1,0,1
154,250,251,0,0,1
252,251,253,1,0,1
157,253,254,0,0,1
162,254,255,0,0,1
169,255,256,0,0,1
257,256,258,1,0,1
172,258,259,0,0,1
175,259,260,0,0,1
180,260,261,0,0,1
262,261,246,1,0,0
263,264,265,1,1,1,33248
266,267,268,1,1,1
269,268,270,1,0,1
271,272,273,1,1,1
274,275,276,1,1,1
277,276,278,1,0,1
279,278,280,1,0,1
281,280,282,1,0,1
283,282,284,1,0,1
285,284,286,1,0,1
287,286,288,1,0,1
289,288,290,1,0,1
291,290,292,1,0,1
293,292,294,1,0,1
295,294,296,1,0,1
297,296,298,1,0,1
299,300,301,1,1,1
302,301,303,1,0,1
304,303,305,1,0,1
306,305,307,1,0,1
308,307,309,1,0,1
310,311,312,1,1,1
313,312,314,1,0,1
315,316,317,1,1,1
318,319,320,1,1,1
321,322,323,1,1,1
324,325,326,1,1,1
327,328,329,1,1,1
330,329,331,1,0,1
332,333,334,1,1,1
335,336,337,1,1,1
338,339,340,1,1,1
341,342,343,1,1,1
344,343,345,1,0,1
346,345,347,1,0,1
348,347,349,1,0,1
350,349,351,1,0,1
352,351,353,1,0,1
354,355,356,1,1,1
357,358,359,1,1,1
360,361,362,1,1,1
363,362,364,1,0,1
365,366,367,1,1,1
368,367,369,1,0,1
370,371,372,1,1,1
373,372,374,1,0,1
375,374,376,1,0,1
377,376,378,1,0,1
379,378,380,1,0,1
381,382,383,1,1,1
384,383,385,1,0,1
386,385,387,1,0,1
388,387,389,1,0,1
390,389,391,1,0,1
392,393,394,1,1,1
395,394,396,1,0,1
397,398,399,1,1,1
400,401,402,1,1,1
265,403,404,0,1,1
270,404,405,0,0,1
273,405,406,0,0,1
298,407,408,0,1,1
309,408,409,0,0,1
314,409,410,0,0,1
317,410,411,0,0,1
320,411,412,0,0,1
323,412,413,0,0,1
326,413,414,0,0,1
331,414,415,0,0,1
334,415,416,0,0,1
337,416,417,0,0,1
340,417,418,0,0,1
353,418,419,0,0,1
356,419,420,0,0,1
359,420,421,0,0,1
364,421,422,0,0,1
369,422,423,0,0,1
380,423,424,0,0,1
391,424,425,0,0,1
396,425,426,0,0,1
399,426,427,0,0,1
428,427,429,1,0,1
430,429,431,1,0,1
402,431,406,0,0,0
432,433,434,1,1,1,29152
435,434,436,1,0,1
437,436,438,1,0,1
439,440,441,1,1,1
442,441,443,1,0,1
444,443,445,1,0,1
446,445,447,1,0,1
277,279,448,0,0,1
407,275,449,0,0,1
271,449,450,0,0,1
269,272,451,0,0,1
266,451,452,0,0,1
263,267,453,0,0,1
400,403,454,0,0,1
430,401,455,0,0,1
428,455,456,0,0,1
397,456,457,0,0,1
395,398,458,0,0,1
390,393,459,0,0,1
388,459,460,0,0,1
461,462,463,1,1,1
464,465,466,1,1,1
370,466,467,0,0,1
368,371,468,0,0,1
363,366,469,0,0,1
357,361,470,0,0,1
354,358,471,0,0,1
352,355,472,0,0,1
350,472,473,0,0,1
346,348,474,0,0,1
338,342,475,0,0,1
335,339,476,0,0,1
332,336,477,0,0,1
330,333,478,0,0,1
327,478,479,0,0,1
324,328,480,0,0,1
321,325,481,0,0,1
318,322,482,0,0,1
315,319,483,0,0,1
313,316,484,0,0,1
310,484,485,0,0,1
308,311,486,0,0,1
306,486,487,0,0,1
304,487,488,0,0,1
302,488,489,0,0,1
297,300,490,0,0,1
295,490,491,0,0,1
291,293,492,0,0,1
289,492,493,0,0,1
285,287,494,0,0,1
283,494,495,0,0,1
496,495,497,1,0,1
124,498,499,0,1,1
122,499,500,0,0,1
119,500,501,0,0,1
116,120,502,0,0,1
113,117,503,0,0,1
110,114,504,0,0,1
242,111,505,0,0,1
240,505,506,0,0,1
107,506,507,0,0,1
104,108,508,0,0,1
101,105,509,0,0,1
98,102,510,0,0,1
96,99,511,0,0,1
93,511,512,0,0,1
233,94,513,0,0,1
91,513,514,0,0,1
89,514,515,0,0,1
230,87,516,0,0,1
83,516,517,0,0,1
80,84,518,0,0,1
226,81,519,0,0,1
224,519,520,0,0,1
77,520,521,0,0,1
221,78,522,0,0,1
74,522,523,0,0,1
75,523,524,0,0,1
218,524,525,0,0,1
216,525,526,0,0,1
71,526,527,0,0,1
68,72,528,0,0,1
65,69,529,0,0,1
211,66,530,0,0,1
63,530,531,0,0,1
60,531,532,0,0,1
208,61,533,0,0,1
57,533,534,0,0,1
205,58,535,0,0,1
54,535,536,0,0,1
202,55,537,0,0,1
51,537,538,0,0,1
48,52,539,0,0,1
198,49,540,0,0,1
45,540,541,0,0,1
195,46,542,0,0,1
43,542,543,0,0,1
40,543,544,0,0,1
37,41,545,0,0,1
34,38,546,0,0,1
190,35,547,0,0,1
32,547,548,0,0,1
29,548,549,0,0,1
187,30,550,0,0,1
26,550,551,0,0,1
24,27,552,0,0,1
22,552,553,0,0,1
20,553,554,0,0,1
16,18,555,0,0,1
11,14,556,0,0,1
9,556,557,0,0,1
7,557,558,0,0,1
3,5,559,0,0,1
438,0,560,0,0,1
447,561,562,0,1,1
448,562,563,0,0,1
274,563,564,0,0,1
450,564,565,0,0,1
452,565,566,0,0,1
453,566,567,0,0,1
264,567,568,0,0,1
454,568,569,0,0,1
457,569,570,0,0,1
458,570,571,0,0,1
392,571,572,0,0,1
460,572,573,0,0,1
386,573,574,0,0,1
468,467,575,0,0,1
365,575,576,0,0,1
469,576,577,0,0,1
470,360,578,0,0,1
471,578,579,0,0,1
473,579,580,0,0,1
474,580,581,0,0,1
344,581,582,0,0,1
475,341,583,0,0,1
476,583,584,0,0,1
477,584,585,0,0,1
479,585,586,0,0,1
480,586,587,0,0,1
481,587,588,0,0,1
482,588,589,0,0,1
485,483,590,0,0,1
489,590,591,0,0,1
299,591,592,0,0,1
493,491,593,0,0,1
497,593,594,0,0,1
501,594,595,0,0,1
502,595,596,0,0,1
503,596,597,0,0,1
504,597,598,0,0,1
507,598,599,0,0,1
508,599,600,0,0,1
509,600,601,0,0,1
510,601,602,0,0,1
512,602,603,0,0,1
515,603,604,0,0,1
86,604,605,0,0,1
518,517,606,0,0,1
521,606,607,0,0,1
527,607,608,0,0,1
528,608,609,0,0,1
529,609,610,0,0,1
534,532,611,0,0,1
536,611,612,0,0,1
539,538,613,0,0,1
541,613,614,0,0,1
544,614,615,0,0,1
545,615,616,0,0,1
546,616,617,0,0,1
549,617,618,0,0,1
551,618,619,0,0,1
554,619,620,0,0,1
558,13,621,0,0,1
560,559,622,0,0,1
574,622,623,0,0,1
624,623,625,1,0,1
463,625,626,0,0,1
577,626,627,0,0,1
582,627,628,0,0,1
589,628,629,0,0,1
605,592,630,0,0,1
610,630,631,0,0,1
612,631,632,0,0,1
620,632,633,0,0,1
555,633,634,0,0,1
621,634,629,0,0,0
442,635,636,0,1,1,33248
439,636,637,0,0,1
440,637,638,0,0,1
437,561,639,0,0,1
435,639,640,0,0,1
432,640,638,0,0,0
381,384,641,0,0,1,37344
379,382,642,0,0,1
377,642,643,0,0,1
375,643,644,0,0,1
373,644,645,0,0,1
464,645,646,0,0,1
465,646,647,0,0,1
461,647,648,0,0,1
624,462,649,0,0,1
641,649,648,0,0,0
650,651,652,1,1,1,37344
653,654,655,1,1,1
656,657,658,1,1,1
659,658,660,1,0,1
661,660,662,1,0,1
652,663,664,0,1,1
655,664,665,0,0,1
666,665,662,1,0,0
659,661,667,0,0,1,20965
668,656,669,1,0,1
670,669,671,1,0,1
672,671,673,1,0,1
674,673,675,1,0,1
676,675,677,1,0,1
678,677,667,1,0,0
679,680,681,1,1,1,37344
682,681,683,1,0,1
684,683,685,1,0,1
686,687,688,1,1,1
689,688,690,1,0,1
676,690,691,0,0,1
674,691,692,0,0,1
672,692,693,0,0,1
670,693,685,0,0,0
262,182,694,0,0,1,29152
179,694,695,0,0,1
176,695,696,0,0,1
173,177,697,0,0,1
170,174,698,0,0,1
257,171,699,0,0,1
168,699,700,0,0,1
166,700,701,0,0,1
161,164,702,0,0,1
158,702,703,0,0,1
155,159,704,0,0,1
252,156,705,0,0,1
153,705,706,0,0,1
150,706,707,0,0,1
249,151,708,0,0,1
147,708,709,0,0,1
145,148,710,0,0,1
143,710,711,0,0,1
141,711,712,0,0,1
136,139,713,0,0,1
132,134,714,0,0,1
130,714,715,0,0,1
128,715,716,0,0,1
717,716,718,1,0,1
696,719,720,0,1,1
697,720,721,0,0,1
698,721,722,0,0,1
701,722,723,0,0,1
163,723,724,0,0,1
703,724,725,0,0,1
704,725,726,0,0,1
707,726,727,0,0,1
709,727,728,0,0,1
712,728,729,0,0,1
138,729,730,0,0,1
713,730,718,0,0,0
731,732,733,1,1,1,34528
734,733,735,1,0,1
736,735,737,1,0,1
738,737,739,1,0,1
740,739,741,1,0,1
742,741,743,1,0,1
744,743,745,1,0,1
746,745,747,1,0,1
748,736,749,1,0,1,38624
750,749,751,1,0,1
752,751,753,1,0,1
754,753,755,1,0,1
756,755,757,1,0,1
758,759,760,1,1,1
761,760,762,1,0,1
738,762,757,0,0,0
763,764,765,1,1,1,34528
766,765,767,1,0,1
768,767,769,1,0,1
770,771,772,1,1,1
773,772,774,1,0,1
775,776,777,1,1,1
778,779,780,1,1,1
752,781,782,0,1,1
783,782,784,1,0,1
774,769,785,0,0,1
777,785,786,0,0,1
780,786,787,0,0,1
788,787,784,1,0,0
778,788,789,0,0,1,38624
775,779,790,0,0,1
773,776,791,0,0,1
792,793,794,1,1,1
789,795,796,0,1,1
790,796,797,0,0,1
794,791,798,0,0,1
799,798,797,1,0,0
800,771,801,1,0,1,38624
802,803,804,1,1,1
805,804,806,1,0,1
807,806,808,1,0,1
809,810,811,1,1,1
801,811,808,0,0,0