0,1,0,74
1,2,0,-1
2,0,0,1
3,0,1,73
2,3,1,2
4,3,2,72
2,4,2,3
5,4,3,72
2,5,3,4
6,5,4,71
2,6,4,5
7,6,5,71
2,7,5,6
8,7,6,70
2,8,6,7
9,8,7,70
2,9,7,8
10,9,8,69
2,10,8,9
11,10,9,68
2,11,9,10
12,11,10,67
2,12,10,11
13,12,11,66
2,13,11,12
14,13,12,65
2,14,12,13
15,14,13,64
2,15,13,14
16,15,14,63
2,16,14,15
17,16,15,62
2,17,15,16
18,17,16,61
2,18,16,17
19,18,17,60
2,19,17,18
20,19,18,59
2,20,18,19
21,20,19,588
2,21,19,20
22,21,20,588
2,22,20,21
23,22,21,587
2,23,21,22
24,23,22,587
2,24,22,23
25,24,23,607
2,25,23,24
26,25,24,606
2,26,24,25
27,26,25,606
2,27,25,26
28,27,26,605
2,28,26,27
29,28,27,605
2,29,27,28
30,29,28,604
2,30,28,29
31,30,29,603
2,31,29,30
32,31,30,602
2,32,30,31
33,32,31,601
2,33,31,32
34,33,32,600
2,34,32,-1
35,36,33,154
36,1,33,-1
1,35,33,34
37,35,34,153
1,37,34,35
38,37,35,152
1,38,35,74
39,40,36,151
40,38,36,152
38,39,36,37
41,39,37,150
38,41,37,38
42,41,38,149
38,42,38,75
43,44,39,147
44,45,39,148
45,43,39,77
46,47,40,146
47,43,40,147
43,46,40,78
48,49,41,145
49,46,41,146
46,48,41,79
50,51,42,143
51,48,42,144
48,50,42,43
52,50,43,142
48,52,43,44
53,52,44,141
48,53,44,45
54,53,45,140
48,54,45,80
55,56,46,138
56,54,46,139
54,55,46,81
57,58,47,222
58,55,47,137
55,57,47,48
59,57,48,221
55,59,48,82
60,61,49,220
61,59,49,221
59,60,49,50
62,60,50,219
59,62,50,83
63,64,51,218
64,62,51,219
62,63,51,52
65,63,52,217
62,65,52,53
66,65,53,542
62,66,53,54
67,66,54,570
62,67,54,55
68,67,55,569
62,68,55,84
69,70,56,586
70,68,56,569
68,69,56,57
71,69,57,568
68,71,57,85
20,72,58,567
72,71,58,568
71,20,58,59
71,19,59,60
71,18,60,61
71,17,61,62
71,16,62,63
71,15,63,64
71,14,64,65
71,13,65,66
71,12,66,67
71,11,67,68
71,10,68,69
71,9,69,86
9,7,70,87
7,5,71,88
5,3,72,73
5,0,73,88
0,38,74,75
0,42,75,76
45,42,76,148
0,45,76,77
0,43,77,78
0,46,78,79
0,48,79,80
0,54,80,81
0,55,81,82
0,59,82,83
0,62,83,84
0,68,84,85
0,71,85,86
0,9,86,87
0,7,87,88
73,74,89,-1
74,36,89,-1
36,73,89,90
75,73,90,167
36,75,90,91
76,75,91,258
36,76,91,92
77,76,92,258
36,77,92,93
78,77,93,257
36,78,93,94
79,78,94,257
36,79,94,95
80,79,95,256
36,80,95,96
81,80,96,255
36,81,96,97
82,81,97,255
36,82,97,98
83,82,98,254
36,83,98,99
84,83,99,254
36,84,99,100
85,84,100,253
36,85,100,101
86,85,101,253
36,86,101,102
87,86,102,252
36,87,102,103
88,87,103,251
36,88,103,104
89,88,104,250
36,89,104,105
90,89,105,249
36,90,105,106
91,90,106,248
36,91,106,107
92,91,107,248
36,92,107,108
93,92,108,247
36,93,108,109
94,93,109,246
36,94,109,110
95,94,110,246
36,95,110,111
96,95,111,245
36,96,111,112
97,96,112,244
36,97,112,113
98,97,113,244
36,98,113,114
99,98,114,243
36,99,114,115
100,99,115,242
36,100,115,116
101,100,116,242
36,101,116,117
102,101,117,241
36,102,117,118
103,102,118,241
36,103,118,119
104,103,119,240
36,104,119,120
105,104,120,240
36,105,120,121
106,105,121,239
36,106,121,122
107,106,122,238
36,107,122,123
108,107,123,237
36,108,123,124
109,108,124,237
36,109,124,125
110,109,125,236
36,110,125,154
111,112,126,235
112,110,126,236
110,111,126,127
113,111,127,234
110,113,127,155
114,115,128,233
115,113,128,234
113,114,128,129
116,114,129,232
113,116,129,156
117,118,130,231
118,116,130,232
116,117,130,131
119,117,131,230
116,119,131,157
120,121,132,229
121,119,132,230
119,120,132,158
122,123,133,227
123,124,133,228
124,122,133,160
125,126,134,226
126,122,134,227
122,125,134,161
127,128,135,224
128,129,135,225
129,127,135,136
58,127,136,223
129,58,136,137
129,55,137,138
129,56,138,139
129,54,139,140
129,53,140,141
129,52,141,142
129,50,142,143
129,51,143,144
129,48,144,145
129,49,145,163
49,47,146,163
47,44,147,164
44,42,148,149
44,41,149,150
44,39,150,151
44,40,151,165
40,37,152,153
40,35,153,166
35,110,154,155
35,113,155,156
35,116,156,157
35,119,157,158
35,120,158,159
124,120,159,228
35,124,159,160
35,122,160,161
35,125,161,162
129,125,162,225
35,129,162,166
129,47,163,164
129,44,164,165
129,40,165,166
130,73,167,-1
75,130,167,168
131,130,168,308
75,131,168,169
132,131,169,389
75,132,169,170
133,132,170,388
75,133,170,171
134,133,171,387
75,134,171,172
135,134,172,386
75,135,172,259
136,137,173,385
137,135,173,386
135,136,173,174
138,136,174,384
135,138,174,260
139,140,175,383
140,138,175,384
138,139,175,176
141,139,176,382
138,141,176,261
142,143,177,381
143,141,177,382
141,142,177,178
144,142,178,380
141,144,178,262
145,146,179,378
146,147,179,379
147,145,179,180
148,145,180,377
147,148,180,264
149,150,181,376
150,148,181,377
148,149,181,182
151,149,182,375
148,151,182,265
152,153,183,374
153,151,183,375
151,152,183,184
154,152,184,374
151,154,184,185
155,154,185,373
151,155,185,266
156,157,186,372
157,155,186,373
155,156,186,187
158,156,187,371
155,158,187,267
159,160,188,370
160,158,188,371
158,159,188,268
161,162,189,369
162,159,189,370
159,161,189,269
163,164,190,368
164,161,190,369
161,163,190,270
165,166,191,367
166,163,191,368
163,165,191,192
167,165,192,366
163,167,192,271
168,169,193,364
169,167,193,365
167,168,193,272
170,171,194,362
171,168,194,363
168,170,194,273
172,173,195,361
173,170,195,362
170,172,195,274
174,175,196,360
175,172,196,361
172,174,196,197
176,174,197,359
172,176,197,275
177,178,198,357
178,179,198,358
179,177,198,277
180,181,199,356
181,177,199,357
177,180,199,278
182,183,200,354
183,184,200,355
184,182,200,280
185,186,201,353
186,182,201,354
182,185,201,202
187,185,202,352
182,187,202,281
188,189,203,351
189,187,203,352
187,188,203,204
190,188,204,350
187,190,204,282
191,192,205,349
192,190,205,350
190,191,205,206
193,191,206,674
190,193,206,207
194,193,207,674
190,194,207,208
195,194,208,739
190,195,208,209
196,195,209,550
190,196,209,210
197,196,210,549
190,197,210,283
198,199,211,548
199,197,211,549
197,198,211,283
200,201,212,547
201,198,212,548
198,200,212,284
202,203,213,545
203,204,213,546
204,202,213,214
205,202,214,544
204,205,214,215
206,205,215,543
204,206,215,286
65,207,216,542
207,206,216,543
206,65,216,217
206,63,217,218
206,64,218,287
64,60,219,220
64,61,220,288
61,57,221,222
61,58,222,223
61,127,223,224
61,128,224,289
128,125,225,226
128,126,226,290
126,123,227,291
123,120,228,229
123,121,229,292
121,117,230,231
121,118,231,293
118,114,232,233
118,115,233,294
115,111,234,235
115,112,235,295
112,109,236,296
109,107,237,238
109,106,238,239
109,105,239,297
105,103,240,298
103,101,241,299
101,99,242,243
101,98,243,300
98,96,244,245
98,95,245,301
95,93,246,247
95,92,247,302
92,90,248,249
92,89,249,250
92,88,250,251
92,87,251,252
92,86,252,303
86,84,253,304
84,82,254,305
82,80,255,256
82,79,256,306
79,77,257,307
77,75,258,259
77,135,259,260
77,138,260,261
77,141,261,262
77,144,262,263
147,144,263,379
77,147,263,264
77,148,264,265
77,151,265,266
77,155,266,267
77,158,267,268
77,159,268,269
77,161,269,270
77,163,270,271
77,167,271,272
77,168,272,273
77,170,273,274
77,172,274,275
77,176,275,276
179,176,276,358
77,179,276,277
77,177,277,278
77,180,278,279
184,180,279,355
77,184,279,280
77,182,280,281
77,187,281,282
77,190,282,307
190,198,283,284
190,200,284,285
204,200,285,546
190,204,285,286
190,206,286,287
190,64,287,288
190,61,288,289
190,128,289,290
190,126,290,291
190,123,291,292
190,121,292,293
190,118,293,294
190,115,294,295
190,112,295,296
190,109,296,297
190,105,297,298
190,103,298,299
190,101,299,300
190,98,300,301
190,95,301,302
190,92,302,303
190,86,303,304
190,84,304,305
190,82,305,306
190,79,306,307
208,130,308,-1
131,208,308,309
209,208,309,434
131,209,309,310
210,209,310,501
131,210,310,311
211,210,311,500
131,211,311,312
212,211,312,499
131,212,312,389
213,214,313,538
214,212,313,499
212,213,313,314
215,213,314,498
212,215,314,390
216,217,315,497
217,215,315,498
215,216,315,391
218,219,316,495
219,220,316,496
220,218,316,393
221,222,317,493
222,218,317,494
218,221,317,394
223,224,318,534
224,221,318,493
221,223,318,319
225,223,319,492
221,225,319,395
226,227,320,491
227,225,320,492
225,226,320,396
228,229,321,490
229,226,321,491
226,228,321,322
230,228,322,489
226,230,322,397
231,232,323,488
232,230,323,489
230,231,323,398
233,234,324,487
234,231,324,488
231,233,324,399
235,236,325,486
236,233,325,487
233,235,325,326
237,235,326,485
233,237,326,400
238,239,327,484
239,237,327,485
237,238,327,401
240,241,328,483
241,238,328,484
238,240,328,329
242,240,329,482
238,242,329,402
243,244,330,480
244,245,330,481
245,243,330,403
246,247,331,479
247,243,331,480
243,246,331,332
248,246,332,478
243,248,332,404
249,250,333,476
250,251,333,477
251,249,333,406
252,253,334,475
253,249,334,476
249,252,334,407
254,255,335,521
255,256,335,474
256,254,335,336
257,254,336,473
256,257,336,433
258,259,337,472
259,257,337,473
257,258,337,338
260,258,338,471
257,260,338,339
261,260,339,470
257,261,339,409
262,263,340,468
263,261,340,469
261,262,340,409
264,265,341,466
265,262,341,467
262,264,341,342
266,264,342,679
262,266,342,343
267,266,343,743
262,267,343,344
268,267,344,742
262,268,344,345
269,268,345,678
262,269,345,346
270,269,346,677
262,270,346,347
271,270,347,676
262,271,347,410
191,272,348,675
272,271,348,676
271,191,348,349
271,192,349,411
192,188,350,351
192,189,351,412
189,185,352,353
189,186,353,413
186,183,354,414
183,180,355,356
183,181,356,415
181,178,357,416
178,176,358,359
178,174,359,360
178,175,360,417
175,173,361,418
173,171,362,363
173,168,363,364
173,169,364,365
173,167,365,366
173,165,366,367
173,166,367,419
166,164,368,420
164,162,369,421
162,160,370,422
160,156,371,372
160,157,372,423
157,154,373,424
154,153,374,425
153,149,375,376
153,150,376,426
150,145,377,378
150,146,378,426
146,144,379,380
146,142,380,381
146,143,381,427
143,139,382,383
143,140,383,428
140,136,384,385
140,137,385,429
137,134,386,387
137,133,387,388
137,132,388,430
132,212,389,390
132,215,390,391
132,216,391,392
220,216,392,496
132,220,392,393
132,218,393,394
132,221,394,395
132,225,395,396
132,226,396,397
132,230,397,398
132,231,398,399
132,233,399,400
132,237,400,401
132,238,401,402
132,242,402,431
245,242,403,481
242,243,403,404
242,248,404,405
251,248,405,477
242,251,405,406
242,249,406,407
242,252,407,408
256,252,408,474
242,256,408,432
257,262,409,410
257,271,410,411
257,192,411,412
257,189,412,413
257,186,413,414
257,183,414,415
257,181,415,416
257,178,416,417
257,175,417,418
257,173,418,419
257,166,419,420
257,164,420,421
257,162,421,422
257,160,422,423
257,157,423,424
257,154,424,425
257,153,425,433
153,146,426,427
153,143,427,428
153,140,428,429
153,137,429,430
153,132,430,431
153,242,431,432
153,256,432,433
273,208,434,-1
209,273,434,501
274,275,435,934
275,273,435,935
273,274,435,502
276,277,436,933
277,274,436,934
274,276,436,437
278,276,437,932
274,278,437,503
279,280,438,944
280,278,438,932
278,279,438,439
281,279,439,868
278,281,439,440
282,281,440,867
278,282,440,504
283,284,441,866
284,282,441,867
282,283,441,505
285,286,442,865
286,283,442,866
283,285,442,443
287,285,443,864
283,287,443,506
288,289,444,863
289,287,444,864
287,288,444,507
290,291,445,861
291,288,445,862
288,290,445,446
292,290,446,701
288,292,446,508
293,294,447,700
294,292,447,701
292,293,447,448
295,293,448,699
292,295,448,509
296,297,449,698
297,295,449,699
295,296,449,510
298,299,450,697
299,296,450,698
296,298,450,511
300,301,451,696
301,298,451,697
298,300,451,452
302,300,452,695
298,302,452,512
303,304,453,694
304,302,453,695
302,303,453,454
305,303,454,693
302,305,454,455
306,305,455,692
302,306,455,513
307,308,456,690
308,309,456,691
309,307,456,457
310,307,457,689
309,310,457,515
311,312,458,687
312,313,458,688
313,311,458,459
314,311,459,686
313,314,459,517
315,316,460,685
316,314,460,686
314,315,460,461
317,315,461,684
314,317,461,540
318,319,462,681
319,320,462,682
320,318,462,518
321,322,463,745
322,318,463,681
318,321,463,464
323,321,464,680
318,323,464,465
264,323,465,679
318,264,465,466
318,265,466,467
318,262,467,468
318,263,468,469
318,261,469,470
318,260,470,471
318,258,471,472
318,259,472,519
259,254,473,520
255,252,474,475
255,253,475,522
253,250,476,523
250,248,477,478
250,246,478,479
250,247,479,524
247,244,480,525
244,242,481,482
244,240,482,483
244,241,483,526
241,239,484,527
239,235,485,486
239,236,486,528
236,234,487,529
234,232,488,530
232,228,489,490
232,229,490,531
229,227,491,532
227,223,492,533
224,222,493,494
224,218,494,495
224,219,495,535
219,216,496,497
219,217,497,536
217,213,498,537
214,211,499,500
214,210,500,538
210,273,501,502
210,274,502,503
210,278,503,504
210,282,504,505
210,283,505,506
210,287,506,507
210,288,507,508
210,292,508,509
210,295,509,510
210,296,510,511
210,298,511,512
210,302,512,513
210,306,513,514
309,306,514,691
210,309,514,515
210,310,515,516
313,310,516,688
210,313,516,517
210,314,517,539
320,324,518,682
324,318,518,519
324,259,519,520
324,254,520,521
324,255,521,522
324,253,522,523
324,250,523,524
324,247,524,525
324,244,525,526
324,241,526,527
324,239,527,528
324,236,528,529
324,234,529,530
324,232,530,531
324,229,531,532
324,227,532,533
324,223,533,534
324,224,534,535
324,219,535,536
324,217,536,537
324,213,537,541
213,210,538,539
213,314,539,540
213,317,540,541
324,317,541,683
66,207,542,571
207,205,543,544
207,202,544,545
207,203,545,572
203,200,546,547
203,201,547,573
201,199,548,574
199,196,549,550
199,195,550,551
325,195,551,739
199,325,551,552
326,325,552,738
199,326,552,575
327,328,553,737
328,326,553,738
326,327,553,554
329,327,554,736
326,329,554,576
330,331,555,735
331,329,555,736
329,330,555,577
332,333,556,734
333,330,556,735
330,332,556,578
334,335,557,772
335,336,557,732
336,334,557,558
337,334,558,771
336,337,558,580
338,339,559,619
339,337,559,771
337,338,559,560
340,338,560,618
337,340,560,561
341,340,561,617
337,341,561,562
342,341,562,616
337,342,562,581
343,344,563,615
344,342,563,616
342,343,563,582
345,346,564,592
346,343,564,614
343,345,564,565
347,345,565,591
343,347,565,583
20,348,566,589
348,349,566,590
349,20,566,567
349,72,567,585
72,69,568,585
70,67,569,570
70,66,570,571
70,207,571,572
70,203,572,573
70,201,573,574
70,199,574,575
70,326,575,576
70,329,576,577
70,330,577,578
70,332,578,579
336,332,579,733
70,336,579,580
70,337,580,581
70,342,581,582
70,343,582,583
70,347,583,584
349,347,584,590
70,349,584,586
349,69,585,586
24,22,587,607
22,20,588,589
22,348,589,608
348,347,590,591
348,345,591,592
348,346,592,593
350,346,593,614
348,350,593,594
351,350,594,613
348,351,594,595
352,351,595,613
348,352,595,596
353,352,596,652
348,353,596,609
354,355,597,650
355,353,597,651
353,354,597,610
356,357,598,648
357,354,598,649
354,356,598,599
34,356,599,-1
354,34,599,600
354,33,600,601
354,32,601,602
354,31,602,603
354,30,603,604
354,29,604,611
29,27,605,612
27,25,606,612
25,22,607,608
25,348,608,609
25,353,609,610
25,354,610,611
25,29,611,612
352,350,613,653
350,343,614,615
350,344,615,654
344,341,616,617
344,340,617,618
344,338,618,655
358,339,619,792
338,358,619,620
359,358,620,792
338,359,620,621
360,359,621,791
338,360,621,622
361,360,622,791
338,361,622,623
362,361,623,790
338,362,623,656
363,364,624,789
364,362,624,790
362,363,624,625
365,363,625,788
362,365,625,656
366,367,626,786
367,365,626,787
365,366,626,669
368,369,627,784
369,366,627,785
366,368,627,657
370,371,628,855
371,368,628,783
368,370,628,629
372,370,629,860
368,372,629,630
373,372,630,859
368,373,630,657
374,375,631,901
375,376,631,829
376,374,631,658
377,378,632,900
378,374,632,901
374,377,632,659
379,380,633,899
380,377,633,900
377,379,633,660
381,382,634,898
382,379,634,899
379,381,634,661
383,384,635,897
384,381,635,898
381,383,635,662
385,386,636,907
386,383,636,896
383,385,636,663
387,388,637,912
388,385,637,913
385,387,637,663
389,390,638,911
390,387,638,912
387,389,638,639
391,389,639,910
387,391,639,672
392,393,640,823
393,391,640,910
391,392,640,641
394,392,641,917
391,394,641,664
395,396,642,926
396,394,642,927
394,395,642,664
397,398,643,925
398,395,643,926
395,397,643,665
399,400,644,923
400,401,644,924
401,399,644,645
402,399,645,922
401,402,645,666
403,404,646,-1
404,402,646,922
402,403,646,647
356,403,647,-1
402,356,647,648
402,357,648,649
402,354,649,650
402,355,650,651
402,353,651,652
402,352,652,653
402,350,653,654
402,344,654,655
402,338,655,667
338,365,656,668
366,373,657,670
376,373,658,859
373,374,658,659
373,377,659,660
373,379,660,661
373,381,661,662
373,383,662,670
383,387,663,671
391,395,664,665
391,397,665,673
401,397,666,924
397,402,666,667
397,338,667,668
397,365,668,669
397,366,669,673
366,383,670,671
366,387,671,672
366,391,672,673
194,191,674,675
194,272,675,740
272,270,676,677
272,269,677,678
272,268,678,741
266,323,679,680
266,321,680,744
322,319,681,745
319,324,682,683
319,317,683,684
319,315,684,685
319,316,685,746
316,311,686,687
316,312,687,747
312,310,688,689
312,307,689,690
312,308,690,747
308,306,691,692
308,305,692,693
308,303,693,694
308,304,694,748
304,300,695,696
304,301,696,769
301,299,697,749
299,297,698,749
297,293,699,700
297,294,700,750
294,290,701,702
405,290,702,861
294,405,702,703
406,405,703,890
294,406,703,704
407,406,704,889
294,407,704,705
408,407,705,888
294,408,705,706
409,408,706,887
294,409,706,707
410,409,707,886
294,410,707,751
411,412,708,884
412,410,708,885
410,411,708,709
413,411,709,883
410,413,709,752
414,415,710,881
415,413,710,882
413,414,710,753
416,417,711,879
417,414,711,880
414,416,711,712
418,416,712,964
414,418,712,713
419,418,713,953
414,419,713,714
420,419,714,952
414,420,714,754
421,422,715,951
422,420,715,952
420,421,715,716
423,421,716,950
420,423,716,717
424,423,717,949
420,424,717,718
425,424,718,948
420,425,718,755
426,427,719,812
427,425,719,948
425,426,719,720
428,426,720,811
425,428,720,721
429,428,721,810
425,429,721,756
430,431,722,809
431,429,722,810
429,430,722,723
432,430,723,808
429,432,723,757
433,434,724,806
434,435,724,807
435,433,724,725
436,433,725,806
435,436,725,726
437,436,726,805
435,437,726,759
438,439,727,804
439,437,727,805
437,438,727,760
440,441,728,803
441,438,728,804
438,440,728,729
442,440,729,802
438,442,729,761
443,444,730,800
444,442,730,801
442,443,730,762
335,445,731,773
445,446,731,798
446,335,731,732
446,336,732,733
446,332,733,734
446,333,734,764
333,331,735,765
331,327,736,737
331,328,737,770
328,325,738,766
325,194,739,740
325,272,740,741
325,268,741,742
325,267,742,743
325,266,743,744
325,321,744,766
321,319,745,746
321,316,746,767
316,308,747,748
316,304,748,768
301,297,749,750
301,294,750,751
301,410,751,752
301,413,752,753
301,414,753,754
301,420,754,755
301,425,755,756
301,429,756,757
301,432,757,758
435,432,758,807
301,435,758,759
301,437,759,760
301,438,760,761
301,442,761,762
301,443,762,763
446,443,763,799
301,446,763,764
301,333,764,765
301,331,765,769
328,321,766,767
328,316,767,768
328,304,768,770
304,331,769,770
339,334,771,772
339,335,772,773
339,445,773,774
447,445,774,798
339,447,774,775
448,447,775,839
339,448,775,776
449,448,776,838
339,449,776,777
450,449,777,837
339,450,777,778
451,450,778,836
339,451,778,779
452,451,779,836
339,452,779,793
453,454,780,834
454,452,780,835
452,453,780,797
455,456,781,833
456,453,781,834
453,455,781,782
457,455,782,832
453,457,782,794
371,457,783,831
457,368,783,784
457,369,784,785
457,366,785,786
457,367,786,787
457,365,787,788
457,363,788,789
457,364,789,794
364,361,790,795
361,359,791,796
359,339,792,793
359,452,793,796
453,364,794,795
453,361,795,797
361,452,796,797
447,446,798,799
447,443,799,800
447,444,800,801
447,442,801,802
447,440,802,803
447,441,803,839
441,439,804,840
439,436,805,841
436,434,806,842
434,432,807,808
434,430,808,809
434,431,809,843
431,428,810,811
431,426,811,812
431,427,812,813
458,427,813,961
431,458,813,814
459,458,814,961
431,459,814,815
460,459,815,960
431,460,815,816
461,460,816,960
431,461,816,817
462,461,817,-1
431,462,817,818
463,462,818,920
431,463,818,819
464,463,819,920
431,464,819,820
465,464,820,931
431,465,820,843
466,467,821,918
467,465,821,919
465,466,821,822
392,466,822,917
465,392,822,844
468,393,823,909
392,468,823,824
469,468,824,908
392,469,824,845
470,471,825,914
471,469,825,908
469,470,825,846
472,386,826,895
386,470,826,907
470,472,826,847
473,474,827,894
474,472,827,895
472,473,827,848
375,475,828,902
475,473,828,894
473,375,828,849
476,376,829,858
375,476,829,850
477,478,830,856
478,476,830,857
476,477,830,851
371,477,831,855
477,457,831,832
477,455,832,833
477,456,833,852
456,454,834,835
456,452,835,853
452,450,836,837
452,449,837,838
452,448,838,854
448,441,839,840
448,439,840,841
448,436,841,842
448,434,842,854
434,465,843,844
434,392,844,845
434,469,845,846
434,470,846,847
434,472,847,848
434,473,848,849
434,375,849,850
434,476,850,851
434,477,851,852
434,456,852,853
434,452,853,854
370,477,855,856
370,478,856,857
370,476,857,858
370,376,858,860
376,372,859,860
405,291,861,862
405,288,862,863
405,289,863,891
289,285,864,865
289,286,865,892
286,284,866,893
284,281,867,868
284,279,868,869
479,279,869,943
284,479,869,870
480,479,870,943
284,480,870,871
481,480,871,942
284,481,871,872
482,481,872,942
284,482,872,873
483,482,873,941
284,483,873,874
484,483,874,940
284,484,874,875
485,484,875,939
284,485,875,876
486,485,876,939
284,486,876,893
487,488,877,-1
488,486,877,938
486,487,877,878
416,487,878,964
486,416,878,879
486,417,879,880
486,414,880,881
486,415,881,882
486,413,882,883
486,411,883,884
486,412,884,885
486,410,885,886
486,409,886,887
486,408,887,888
486,407,888,889
486,406,889,890
486,405,890,891
486,289,891,892
486,286,892,893
475,474,894,903
474,386,895,896
474,383,896,897
474,384,897,904
384,382,898,905
382,380,899,906
380,378,900,906
378,375,901,902
378,475,902,903
378,474,903,904
378,384,904,905
378,382,905,906
385,470,907,913
471,468,908,909
471,393,909,915
393,389,910,911
393,390,911,915
390,388,912,916
388,470,913,914
388,471,914,916
471,390,915,916
394,466,917,918
394,467,918,919
394,465,919,927
464,462,920,921
404,462,921,-1
464,404,921,928
404,399,922,923
404,400,923,928
400,397,924,925
400,398,925,929
398,396,926,930
396,465,927,930
464,400,928,929
464,398,929,931
398,465,930,931
280,276,932,933
280,277,933,945
277,275,934,935
277,273,935,936
489,273,936,-1
277,489,936,937
488,489,937,-1
277,488,937,938
277,486,938,946
486,484,939,940
486,483,940,941
486,482,941,946
482,480,942,947
480,279,943,944
480,280,944,945
480,277,945,947
277,482,946,947
427,424,948,949
427,423,949,950
427,421,950,951
427,422,951,962
422,419,952,953
422,418,953,954
490,418,954,969
422,490,954,955
491,490,955,968
422,491,955,956
492,491,956,967
422,492,956,957
493,492,957,966
422,493,957,958
494,493,958,965
422,494,958,959
461,494,959,-1
422,461,959,963
461,459,960,963
459,427,961,962
459,422,962,963
418,487,964,969
494,487,965,-1
487,493,965,966
487,492,966,967
487,491,967,968
487,490,968,969