0,1,0,1993
1,2,0,1994
2,0,0,1
3,0,1,160
2,3,1,2
4,3,2,159
2,4,2,27
5,6,3,158
6,4,3,159
4,5,3,28
7,8,4,157
8,5,4,158
5,7,4,29
9,10,5,156
10,7,5,157
7,9,5,30
11,12,6,155
12,9,6,156
9,11,6,7
13,11,7,154
9,13,7,31
14,15,8,234
15,13,8,154
13,14,8,9
16,14,9,153
13,16,9,10
17,16,10,152
13,17,10,11
18,17,11,2378
13,18,11,12
19,18,12,2377
13,19,12,13
20,19,13,2377
13,20,13,14
21,20,14,150
13,21,14,15
22,21,15,149
13,22,15,16
23,22,16,149
13,23,16,17
24,23,17,148
13,24,17,18
25,24,18,147
13,25,18,32
26,27,19,145
27,25,19,146
25,26,19,20
28,26,20,341
25,28,20,21
29,28,21,340
25,29,21,33
30,31,22,339
31,29,22,340
29,30,22,23
32,30,23,338
29,32,23,34
33,34,24,337
34,32,24,338
32,33,24,35
35,36,25,336
36,33,25,337
33,35,25,35
2,37,26,1995
37,35,26,336
35,2,26,27
35,4,27,28
35,5,28,29
35,7,29,30
35,9,30,31
35,13,31,32
35,25,32,33
35,29,33,34
35,32,34,35
38,39,36,421
39,40,36,-1
40,38,36,37
41,38,37,767
40,41,37,38
42,41,38,767
40,42,38,39
43,42,39,766
40,43,39,40
44,43,40,765
40,44,40,41
45,44,41,419
40,45,41,42
46,45,42,419
40,46,42,43
47,46,43,774
40,47,43,44
48,47,44,855
40,48,44,45
49,48,45,875
40,49,45,46
50,49,46,889
40,50,46,47
51,50,47,917
40,51,47,175
52,53,48,924
53,51,48,917
51,52,48,49
54,52,49,923
51,54,49,176
55,56,50,952
56,54,50,913
54,55,50,51
57,55,51,951
54,57,51,52
58,57,52,950
54,58,52,177
59,60,53,961
60,58,53,950
58,59,53,178
61,62,54,969
62,59,54,960
59,61,54,55
63,61,55,968
59,63,55,179
64,65,56,1135
65,66,56,1136
66,64,56,181
67,68,57,1133
68,64,57,1134
64,67,57,182
69,70,58,1185
70,67,58,1132
67,69,58,59
71,69,59,1274
67,71,59,183
72,73,60,1273
73,71,60,1274
71,72,60,184
74,75,61,1272
75,72,61,1273
72,74,61,62
76,74,62,1271
72,76,62,249
77,78,63,1426
78,76,63,1371
76,77,63,250
79,80,64,1425
80,77,64,1426
77,79,64,65
81,79,65,1580
77,81,65,66
82,81,66,1571
77,82,66,67
83,82,67,1443
77,83,67,68
84,83,68,1442
77,84,68,69
85,84,69,1651
77,85,69,70
86,85,70,1650
77,86,70,71
87,86,71,1649
77,87,71,72
88,87,72,1684
77,88,72,73
89,88,73,1748
77,89,73,185
90,91,74,1747
91,89,74,1748
89,90,74,75
92,90,75,2070
89,92,75,185
93,94,76,2069
94,92,76,2070
92,93,76,245
95,96,77,2068
96,93,77,2069
93,95,77,186
97,98,78,2067
98,95,78,2068
95,97,78,186
99,100,79,2066
100,97,79,2067
97,99,79,187
101,102,80,2065
102,99,80,2066
99,101,80,226
103,104,81,2064
104,101,81,2065
101,103,81,188
105,106,82,2063
106,103,82,2064
103,105,82,83
107,105,83,2062
103,107,83,84
108,107,84,2061
103,108,84,85
109,108,85,-1
103,109,85,86
110,109,86,1076
103,110,86,87
111,110,87,1076
103,111,87,88
112,111,88,1075
103,112,88,89
113,112,89,1075
103,113,89,90
114,113,90,1113
103,114,90,91
115,114,91,1074
103,115,91,92
116,115,92,1074
103,116,92,93
117,116,93,1073
103,117,93,94
118,117,94,1073
103,118,94,95
119,118,95,1072
103,119,95,188
120,121,96,1070
121,119,96,1071
119,120,96,189
122,123,97,1068
123,120,97,1069
120,122,97,190
124,125,98,1065
125,126,98,1066
126,124,98,99
127,124,99,1065
126,127,99,100
128,127,100,1064
126,128,100,191
129,130,101,1061
130,131,101,1062
131,129,101,102
132,129,102,1061
131,132,102,103
133,132,103,1060
131,133,103,104
134,133,104,1059
131,134,104,193
135,136,105,1058
136,134,105,1059
134,135,105,193
137,138,106,1057
138,135,106,1058
135,137,106,107
139,137,107,1056
135,139,107,194
140,141,108,1054
141,142,108,1055
142,140,108,196
143,144,109,1107
144,145,109,1052
145,143,109,110
146,143,110,1051
145,146,110,198
147,148,111,1050
148,146,111,1051
146,147,111,199
149,150,112,1049
150,147,112,1050
147,149,112,200
151,152,113,1048
152,149,113,1049
149,151,113,201
153,154,114,1047
154,151,114,1048
151,153,114,202
155,156,115,1102
156,153,115,1047
153,155,115,116
157,155,116,1046
153,157,116,203
158,159,117,1119
159,160,117,1101
160,158,117,118
161,158,118,1100
160,161,118,119
162,161,119,1099
160,162,119,242
163,164,120,1098
164,162,120,1099
162,163,120,229
165,166,121,1096
166,167,121,1097
167,165,121,204
168,169,122,1095
169,165,122,1096
165,168,122,123
170,168,123,1094
165,170,123,205
171,172,124,1652
172,170,124,1093
170,171,124,206
173,174,125,1091
174,175,125,1653
175,173,125,230
176,177,126,1117
177,178,126,1090
178,176,126,127
179,176,127,1089
178,179,127,128
180,179,128,1088
178,180,128,208
181,182,129,1086
182,180,129,1087
180,181,129,209
183,184,130,1084
184,185,130,1085
185,183,130,131
186,183,131,1083
185,186,131,132
187,186,132,1082
185,187,132,211
188,189,133,1080
189,187,133,1081
187,188,133,134
190,188,134,1079
187,190,134,211
191,192,135,-1
192,190,135,1078
190,191,135,136
193,191,136,2542
190,193,136,137
194,193,137,2542
190,194,137,138
195,194,138,2541
190,195,138,212
196,197,139,2540
197,195,139,2541
195,196,139,140
198,196,140,345
195,198,140,212
199,200,141,344
200,198,141,345
198,199,141,213
201,202,142,343
202,199,142,344
199,201,142,213
203,204,143,342
204,201,143,343
201,203,143,214
26,205,144,341
205,203,144,342
203,26,144,145
203,27,145,146
203,25,146,147
203,24,147,148
203,23,148,215
23,21,149,216
206,20,150,2381
21,206,150,217
207,208,151,2380
208,206,151,2381
206,207,151,218
17,209,152,2378
209,16,152,153
209,14,153,233
15,11,154,155
15,12,155,220
12,10,156,220
10,8,157,221
8,6,158,236
6,3,159,160
6,0,160,222
210,211,161,1992
211,0,161,1993
0,210,161,162
212,210,162,334
0,212,162,222
213,214,163,395
214,212,163,334
212,213,163,164
215,213,164,333
212,215,164,165
216,215,165,332
212,216,165,223
217,218,166,394
218,216,166,332
216,217,166,167
219,217,167,331
216,219,167,168
220,219,168,330
216,220,168,169
221,220,169,329
216,221,169,170
222,221,170,328
216,222,170,171
223,222,171,327
216,223,171,223
224,225,172,325
225,223,172,326
223,224,172,224
226,227,173,323
227,224,173,324
224,226,173,174
228,226,174,322
224,228,174,225
40,228,175,321
228,51,175,176
228,54,176,177
228,58,177,178
228,59,178,179
228,63,179,180
66,63,180,1008
228,66,180,181
228,64,181,182
228,67,182,183
228,71,183,184
228,72,184,248
77,92,185,251
93,97,186,187
93,99,187,239
101,119,188,189
101,120,189,190
101,122,190,226
126,229,191,1066
229,128,191,192
230,128,192,1063
229,230,192,227
131,135,193,194
131,139,194,195
142,139,195,1055
131,142,195,196
131,140,196,197
231,140,197,1053
131,231,197,228
145,231,198,1052
231,146,198,199
231,147,199,200
231,149,200,201
231,151,201,202
231,153,202,203
231,157,203,241
167,163,204,1097
163,165,204,205
163,170,205,206
163,171,206,207
175,171,207,1653
163,175,207,229
178,173,208,1090
173,180,208,209
173,181,209,210
185,181,210,1085
173,185,210,230
185,190,211,231
190,198,212,232
198,201,213,214
198,203,214,215
198,23,215,216
198,21,216,217
198,206,217,218
198,207,218,219
209,207,219,2379
198,209,219,232
15,10,220,221
15,8,221,235
6,212,222,237
212,223,223,224
212,224,224,225
212,228,225,238
99,122,226,239
229,122,227,1067
122,230,227,240
131,230,228,1062
230,231,228,240
162,175,229,242
175,185,230,231
175,190,231,243
190,209,232,233
190,14,233,234
190,15,234,235
190,8,235,236
190,6,236,237
190,212,237,238
190,228,238,244
93,122,239,245
122,231,240,241
122,157,241,246
160,175,242,243
160,190,243,244
160,228,244,247
92,122,245,246
92,157,246,251
160,232,247,1045
232,228,247,248
232,72,248,249
232,76,249,250
232,77,250,252
77,157,251,252
232,157,252,1045
233,234,253,-1269
234,235,253,-1269
235,233,253,254
236,233,254,-1269
235,236,254,255
237,236,255,-1269
235,237,255,256
238,237,256,-1269
235,238,256,257
239,238,257,-1269
235,239,257,273
240,241,258,-1269
241,239,258,-1269
239,240,258,274
242,243,259,-1269
243,240,259,-1269
240,242,259,260
244,242,260,-1269
240,244,260,261
245,244,261,-1269
240,245,261,262
246,245,262,-1269
240,246,262,263
247,246,263,-1269
240,247,263,264
248,247,264,-1269
240,248,264,274
249,250,265,-1269
250,248,265,-1269
248,249,265,266
251,249,266,-1269
248,251,266,267
252,251,267,-1269
248,252,267,268
253,252,268,-1269
248,253,268,269
254,253,269,-1269
248,254,269,270
255,254,270,-1269
248,255,270,271
256,255,271,-1269
248,256,271,272
235,256,272,-1269
248,235,272,273
248,239,273,274
257,258,275,393
258,259,275,-1
259,257,275,276
260,257,276,392
259,260,276,277
261,260,277,391
259,261,277,278
262,261,278,390
259,262,278,279
263,262,279,389
259,263,279,280
264,263,280,388
259,264,280,281
265,264,281,388
259,265,281,282
266,265,282,387
259,266,282,283
267,266,283,386
259,267,283,284
268,267,284,386
259,268,284,285
269,268,285,385
259,269,285,286
270,269,286,384
259,270,286,287
271,270,287,383
259,271,287,288
272,271,288,382
259,272,288,289
273,272,289,381
259,273,289,290
274,273,290,380
259,274,290,291
275,274,291,379
259,275,291,292
276,275,292,378
259,276,292,293
277,276,293,377
259,277,293,313
278,279,294,376
279,277,294,377
277,278,294,314
280,281,295,375
281,278,295,376
278,280,295,296
282,280,296,374
278,282,296,297
283,282,297,373
278,283,297,298
284,283,298,372
278,284,298,299
285,284,299,371
278,285,299,314
286,287,300,369
287,285,300,370
285,286,300,315
288,289,301,367
289,286,301,368
286,288,301,316
290,291,302,365
291,288,302,366
288,290,302,303
292,290,303,364
288,292,303,304
293,292,304,363
288,293,304,317
294,295,305,361
295,293,305,362
293,294,305,306
296,294,306,360
293,296,306,307
297,296,307,359
293,297,307,308
298,297,308,358
293,298,308,318
299,300,309,356
300,298,309,357
298,299,309,319
301,302,310,354
302,299,310,355
299,301,310,320
303,304,311,-1
304,301,311,353
301,303,311,312
259,303,312,-1
301,259,312,313
301,277,313,320
277,285,314,315
277,286,315,316
277,288,316,317
277,293,317,318
277,298,318,319
277,299,319,320
40,258,321,-1
258,228,321,322
258,226,322,323
258,227,323,324
258,224,324,325
258,225,325,326
258,223,326,327
258,222,327,328
258,221,328,329
258,220,329,330
258,219,330,331
258,217,331,393
218,215,332,333
218,213,333,394
214,210,334,335
305,210,335,1992
214,305,335,395
37,36,336,397
36,34,337,410
34,30,338,339
34,31,339,411
31,28,340,398
28,205,341,398
205,204,342,399
204,202,343,400
202,200,344,400
200,196,345,346
306,196,346,2539
200,306,346,347
307,306,347,2539
200,307,347,401
308,309,348,2572
309,307,348,2554
307,308,348,349
310,308,349,2572
307,310,349,350
311,310,350,2548
307,311,350,351
312,311,351,2547
307,312,351,402
304,313,352,-1
313,312,352,2547
312,304,352,353
312,301,353,354
312,302,354,355
312,299,355,356
312,300,356,357
312,298,357,358
312,297,358,359
312,296,359,360
312,294,360,361
312,295,361,362
312,293,362,363
312,292,363,364
312,290,364,365
312,291,365,366
312,288,366,367
312,289,367,368
312,286,368,369
312,287,369,370
312,285,370,371
312,284,371,372
312,283,372,373
312,282,373,374
312,280,374,375
312,281,375,403
281,279,376,404
279,276,377,378
279,275,378,379
279,274,379,380
279,273,380,381
279,272,381,382
279,271,382,383
279,270,383,384
279,269,384,385
279,268,385,405
268,266,386,387
268,265,387,406
265,263,388,389
265,262,389,390
265,261,390,391
265,260,391,392
265,257,392,407
257,217,393,408
217,213,394,409
213,305,395,396
37,305,396,1996
213,37,396,397
213,36,397,409
31,205,398,399
31,204,399,411
204,200,400,401
204,307,401,402
204,312,402,403
204,281,403,404
204,279,404,405
204,268,405,406
204,265,406,407
204,257,407,408
204,217,408,412
217,36,409,410
217,34,410,412
34,204,411,412
314,315,413,442
315,39,413,-1
39,314,413,414
316,314,414,441
39,316,414,415
317,316,415,769
39,317,415,416
318,317,416,776
39,318,416,422
319,320,417,779
320,318,417,776
318,319,417,418
46,319,418,775
318,46,418,423
46,44,419,420
321,44,420,765
46,321,420,423
38,322,421,764
322,39,421,422
322,318,422,424
318,321,423,424
322,321,424,764
323,324,425,455
324,315,425,-1
315,323,425,426
325,323,426,454
315,325,426,427
326,325,427,453
315,326,427,443
327,328,428,797
328,329,428,450
329,327,428,429
330,327,429,796
329,330,429,430
331,330,430,858
329,331,430,431
332,331,431,862
329,332,431,432
333,332,432,861
329,333,432,433
334,333,433,860
329,334,433,434
335,334,434,863
329,335,434,435
336,335,435,863
329,336,435,436
337,336,436,850
329,337,436,437
338,337,437,773
329,338,437,438
339,338,438,772
329,339,438,439
340,339,439,771
329,340,439,444
341,342,440,770
342,340,440,771
340,341,440,445
316,341,441,769
341,314,441,442
341,315,442,443
341,326,443,445
329,343,444,451
343,340,444,446
340,326,445,446
343,326,446,452
344,345,447,467
345,324,447,-1
324,344,447,455
346,347,448,800
347,348,448,801
348,346,448,449
349,346,449,799
348,349,449,458
328,349,450,798
349,329,450,451
349,343,451,452
349,326,452,453
349,325,453,454
349,323,454,458
323,344,455,456
350,344,456,786
323,350,456,457
348,350,457,801
323,348,457,458
351,352,459,569
352,345,459,-1
345,351,459,468
353,354,460,568
354,351,460,569
351,353,460,468
355,356,461,784
356,353,461,567
353,355,461,462
357,355,462,810
353,357,462,463
358,357,463,818
353,358,463,464
359,358,464,814
353,359,464,465
360,359,465,787
353,360,465,466
344,360,466,786
353,344,466,467
353,345,467,468
361,362,469,693
362,352,469,-1
352,361,469,639
363,364,470,692
364,361,470,693
361,363,470,640
365,366,471,691
366,363,471,692
363,365,471,641
367,368,472,690
368,365,472,691
365,367,472,642
369,370,473,689
370,367,473,690
367,369,473,570
371,372,474,688
372,369,474,689
369,371,474,570
373,374,475,687
374,371,475,688
371,373,475,571
375,376,476,686
376,373,476,687
373,375,476,571
377,378,477,685
378,375,477,686
375,377,477,644
379,380,478,683
380,377,478,684
377,379,478,632
381,382,479,681
382,379,479,682
379,381,479,620
383,384,480,680
384,381,480,681
381,383,480,572
385,386,481,679
386,383,481,680
383,385,481,572
387,388,482,678
388,385,482,679
385,387,482,573
389,390,483,677
390,387,483,678
387,389,483,574
391,392,484,704
392,389,484,677
389,391,484,485
393,391,485,676
389,393,485,575
394,395,486,675
395,393,486,676
393,394,486,576
396,397,487,674
397,394,487,675
394,396,487,577
398,399,488,673
399,396,488,674
396,398,488,578
400,401,489,672
401,398,489,673
398,400,489,579
402,403,490,671
403,400,490,672
400,402,490,580
404,405,491,670
405,402,491,671
402,404,491,581
406,407,492,669
407,404,492,670
404,406,492,582
408,409,493,668
409,406,493,669
406,408,493,494
410,408,494,-1
406,410,494,495
411,410,495,2527
406,411,495,496
412,411,496,2527
406,412,496,583
413,414,497,1501
414,412,497,2457
412,413,497,583
415,416,498,1500
416,413,498,1501
413,415,498,584
417,418,499,1499
418,415,499,1500
415,417,499,585
419,420,500,1497
420,421,500,1498
421,419,500,587
422,423,501,1496
423,419,501,1497
419,422,501,588
424,425,502,1495
425,422,502,1496
422,424,502,589
426,427,503,1494
427,424,503,1495
424,426,503,504
428,426,504,1493
424,428,504,505
429,428,505,1492
424,429,505,506
430,429,506,1491
424,430,506,590
431,432,507,1490
432,430,507,1491
430,431,507,591
433,434,508,1489
434,431,508,1490
431,433,508,592
435,436,509,1488
436,433,509,1489
433,435,509,593
437,438,510,1525
438,439,510,1526
439,437,510,624
440,441,511,1523
441,437,511,1524
437,440,511,625
442,443,512,1521
443,444,512,1522
444,442,512,513
445,442,513,1831
444,445,513,594
446,447,514,1839
447,448,514,1840
448,446,514,596
449,450,515,1837
450,446,515,1838
446,449,515,516
451,449,516,1872
446,451,516,517
452,451,517,1805
446,452,517,518
453,452,518,1709
446,453,518,519
454,453,519,1709
446,454,519,597
455,456,520,1654
456,454,520,1713
454,455,520,598
457,458,521,1642
458,455,521,1654
455,457,521,599
459,460,522,1641
460,457,522,1642
457,459,522,523
461,459,523,1560
457,461,523,600
462,463,524,1592
463,464,524,1566
464,462,524,525
465,462,525,1585
464,465,525,526
466,465,526,1584
464,466,526,527
467,466,527,1545
464,467,527,601
468,469,528,1461
469,467,528,1544
467,468,528,529
470,468,529,1378
467,470,529,602
471,472,530,1383
472,470,530,1378
470,471,530,603
473,474,531,1357
474,475,531,1377
475,473,531,605
476,477,532,1329
477,473,532,1357
473,476,532,533
478,476,533,1296
473,478,533,534
479,478,534,1295
473,479,534,605
480,481,535,1294
481,479,535,1295
479,480,535,536
482,480,536,1281
479,482,536,606
483,484,537,1279
484,485,537,1280
485,483,537,628
486,487,538,1282
487,488,538,1283
488,486,538,539
489,486,539,1292
488,489,539,540
490,489,540,1217
488,490,540,541
491,490,541,1217
488,491,541,542
492,491,542,1225
488,492,542,608
493,494,543,1211
494,492,543,1224
492,493,543,544
495,493,544,1149
492,495,544,609
496,497,545,1148
497,495,545,1149
495,496,545,610
498,499,546,993
499,496,546,1143
496,498,546,547
500,498,547,992
496,500,547,548
501,500,548,1003
496,501,548,549
502,501,549,1002
496,502,549,550
503,502,550,928
496,503,550,610
504,505,551,933
505,503,551,928
503,504,551,611
506,507,552,926
507,504,552,927
504,506,552,630
508,509,553,878
509,510,553,900
510,508,553,554
511,508,554,746
510,511,554,612
512,513,555,761
513,511,555,746
511,512,555,556
514,512,556,745
511,514,556,613
515,516,557,744
516,514,557,745
514,515,557,613
517,518,558,743
518,515,558,744
515,517,558,559
519,517,559,742
515,519,559,637
520,521,560,756
521,522,560,757
522,520,560,631
523,524,561,754
524,525,561,755
525,523,561,562
526,523,562,811
525,526,562,563
527,526,563,805
525,527,563,564
528,527,564,804
525,528,564,565
529,528,565,782
525,529,565,614
530,531,566,781
531,529,566,782
529,530,566,615
356,532,567,785
532,353,567,568
532,354,568,617
354,352,569,618
367,371,570,619
371,375,571,619
381,385,572,573
381,387,573,574
381,389,574,575
381,393,575,576
381,394,576,577
381,396,577,578
381,398,578,579
381,400,579,580
381,402,580,581
381,404,581,582
381,406,582,620
406,413,583,584
406,415,584,585
406,417,585,586
421,417,586,1498
406,421,586,587
406,419,587,588
406,422,588,589
406,424,589,590
406,430,590,591
406,431,591,592
406,433,592,593
406,435,593,621
444,440,594,1522
440,445,594,595
448,445,595,1840
440,448,595,596
440,446,596,597
440,454,597,598
440,455,598,599
440,457,599,600
440,461,600,625
464,461,601,1560
461,467,601,602
461,470,602,603
461,471,603,604
475,471,604,1377
461,475,604,626
475,479,605,606
475,482,606,607
485,482,607,1280
475,485,607,627
488,483,608,1279
483,492,608,609
483,495,609,628
495,503,610,611
495,504,611,629
510,506,612,925
506,511,612,635
511,515,613,636
525,520,614,755
520,529,614,615
520,530,615,616
532,530,616,781
520,532,616,617
520,354,617,618
520,352,618,631
367,375,619,643
379,406,620,621
379,435,621,622
533,435,622,1487
379,533,622,623
439,533,623,1487
379,439,623,624
379,437,624,632
437,461,625,626
437,475,626,627
437,485,627,633
485,495,628,629
485,504,629,630
485,506,630,634
522,352,631,638
377,437,632,633
377,485,633,634
377,506,634,635
377,511,635,636
377,515,636,637
377,519,637,644
522,519,638,742
519,352,638,639
519,361,639,640
519,363,640,641
519,365,641,642
519,367,642,643
519,375,643,644
534,535,645,741
535,362,645,-1
362,534,645,646
536,534,646,740
362,536,646,647
537,536,647,739
362,537,647,648
538,537,648,738
362,538,648,649
539,538,649,737
362,539,649,650
540,539,650,736
362,540,650,651
541,540,651,735
362,541,651,652
542,541,652,734
362,542,652,653
543,542,653,733
362,543,653,654
544,543,654,732
362,544,654,655
545,544,655,731
362,545,655,656
546,545,656,730
362,546,656,657
547,546,657,729
362,547,657,658
548,547,658,728
362,548,658,659
549,548,659,727
362,549,659,660
550,549,660,726
362,550,660,661
551,550,661,725
362,551,661,662
552,551,662,724
362,552,662,663
553,552,663,723
362,553,663,664
554,553,664,722
362,554,664,665
555,554,665,721
362,555,665,694
556,557,666,719
557,555,666,720
555,556,666,695
408,558,667,-1
558,556,667,718
556,408,667,668
556,409,668,695
409,407,669,696
407,405,670,697
405,403,671,698
403,401,672,699
401,399,673,700
399,397,674,701
397,395,675,702
395,391,676,703
392,390,677,705
390,388,678,706
388,386,679,707
386,384,680,716
384,382,681,682
384,379,682,683
384,380,683,684
384,377,684,685
384,378,685,708
378,376,686,708
376,374,687,709
374,372,688,710
372,370,689,711
370,368,690,712
368,366,691,713
366,364,692,714
364,362,693,694
364,555,694,715
555,409,695,696
555,407,696,697
555,405,697,698
555,403,698,699
555,401,699,700
555,399,700,701
555,397,701,702
555,395,702,703
555,391,703,704
555,392,704,705
555,390,705,706
555,388,706,707
555,386,707,715
384,376,708,709
384,374,709,710
384,372,710,711
384,370,711,712
384,368,712,713
384,366,713,714
384,364,714,716
364,386,715,716
559,560,717,-1
560,535,717,-1
535,559,717,741
558,559,718,-1
559,556,718,719
559,557,719,720
559,555,720,721
559,554,721,722
559,553,722,723
559,552,723,724
559,551,724,725
559,550,725,726
559,549,726,727
559,548,727,728
559,547,728,729
559,546,729,730
559,545,730,731
559,544,731,732
559,543,732,733
559,542,733,734
559,541,734,735
559,540,735,736
559,539,736,737
559,538,737,738
559,537,738,739
559,536,739,740
559,534,740,741
522,517,742,743
522,518,743,758
518,516,744,759
516,512,745,760
513,508,746,747
561,508,747,878
513,561,747,762
562,563,748,908
563,561,748,879
561,562,748,749
564,562,749,907
561,564,749,750
565,564,750,821
561,565,750,751
566,565,751,820
561,566,751,752
567,566,752,807
561,567,752,753
568,567,753,812
561,568,753,763
523,568,754,811
568,524,754,763
524,520,755,756
524,521,756,757
524,522,757,758
524,518,758,759
524,516,759,760
524,512,760,761
524,513,761,762
524,561,762,763
38,321,764,768
321,43,765,766
321,42,766,768
42,38,767,768
317,341,769,770
317,342,770,777
342,339,771,772
342,338,772,773
342,337,773,780
47,569,774,849
569,46,774,775
569,319,775,778
320,317,776,777
320,342,777,779
569,337,778,849
337,319,778,780
319,342,779,780
532,531,781,785
531,528,782,783
355,528,783,804
531,355,783,784
531,356,784,785
350,360,786,802
570,359,787,816
360,570,787,803
571,572,788,815
572,570,788,816
570,571,788,789
573,571,789,841
570,573,789,790
574,573,790,840
570,574,790,791
575,574,791,839
570,575,791,792
576,575,792,899
570,576,792,793
577,576,793,881
570,577,793,794
578,577,794,880
570,578,794,795
330,578,795,858
570,330,795,796
570,327,796,797
570,328,797,798
570,349,798,799
570,346,799,800
570,347,800,803
347,350,801,802
347,360,802,803
355,527,804,805
355,526,805,806
579,526,806,813
355,579,806,810
567,579,807,813
579,566,807,808
580,566,808,819
579,580,808,809
357,580,809,818
579,357,809,810
526,568,811,812
526,567,812,813
581,358,814,843
359,581,814,817
571,581,815,842
581,572,815,817
572,359,816,817
358,580,818,819
358,566,819,820
358,565,820,844
582,564,821,906
565,582,821,822
583,582,822,937
565,583,822,845
584,585,823,945
585,583,823,946
583,584,823,824
586,584,824,944
583,586,824,846
587,588,825,990
588,586,825,944
586,587,825,826
589,587,826,999
586,589,826,827
590,589,827,998
586,590,827,828
591,590,828,981
586,591,828,829
592,591,829,980
586,592,829,830
593,592,830,980
586,593,830,831
594,593,831,972
586,594,831,847
595,596,832,957
596,594,832,972
594,595,832,833
597,595,833,956
594,597,833,834
598,597,834,955
594,598,834,835
599,598,835,882
594,599,835,836
600,599,836,898
594,600,836,837
601,600,837,897
594,601,837,847
602,603,838,895
603,601,838,896
601,602,838,848
575,602,839,895
602,574,839,840
602,573,840,841
602,571,841,842
602,581,842,843
602,358,843,844
602,565,844,845
602,583,845,846
602,586,846,848
586,601,847,848
47,337,849,850
47,336,850,851
604,336,851,870
47,604,851,852
605,604,852,869
47,605,852,856
606,607,853,872
607,605,853,868
605,606,853,856
48,608,854,876
608,609,854,877
609,48,854,855
609,47,855,857
47,606,856,857
609,606,857,872
331,578,858,862
334,610,859,864
610,578,859,880
578,334,859,860
578,333,860,861
578,332,861,862
336,334,863,864
336,610,864,865
611,610,865,885
336,611,865,866
612,611,866,886
336,612,866,871
613,614,867,874
614,612,867,891
612,613,867,871
607,613,868,873
613,605,868,869
613,604,869,870
613,336,870,871
609,607,872,873
609,613,873,874
609,614,874,877
49,614,875,890
614,48,875,876
614,608,876,877
561,509,878,879
563,509,879,900
610,577,880,885
599,576,881,899
577,599,881,882
577,598,882,883
615,598,883,954
577,615,883,884
611,615,884,886
577,611,884,885
612,615,886,894
616,617,887,912
617,618,887,948
618,616,887,888
619,616,888,918
618,619,888,892
50,620,889,911
620,49,889,890
620,614,890,891
620,612,891,893
618,615,892,954
615,619,892,894
620,619,893,911
619,612,893,894
575,603,895,896
575,601,896,897
575,600,897,898
575,599,898,899
563,510,900,908
621,622,901,931
622,623,901,932
623,621,901,910
624,625,902,930
625,621,902,931
621,624,902,903
626,624,903,939
621,626,903,904
627,626,904,938
621,627,904,905
582,627,905,937
621,582,905,906
621,564,906,907
621,562,907,910
562,510,908,909
623,510,909,925
562,623,909,910
50,619,911,920
56,617,912,953
616,56,912,913
616,54,913,914
628,54,914,922
616,628,914,915
629,628,915,921
616,629,915,918
53,630,916,924
630,629,916,921
629,53,916,919
53,50,917,919
619,629,918,920
629,50,919,920
630,628,921,922
630,54,922,923
630,52,923,924
623,506,925,926
623,507,926,927
623,504,927,932
505,502,928,934
631,632,929,940
632,502,929,1001
502,631,929,935
624,631,930,940
631,625,930,936
625,622,931,936
622,504,932,933
622,505,933,934
622,502,934,935
622,631,935,936
583,627,937,938
583,626,938,939
583,624,939,946
624,632,940,941
633,632,941,1001
624,633,941,942
634,633,942,991
624,634,942,943
588,634,943,990
624,588,943,947
588,584,944,945
588,585,945,947
585,624,946,947
635,618,948,963
617,635,948,949
60,635,949,962
617,60,949,953
60,57,950,951
60,55,951,952
60,56,952,953
618,598,954,955
618,597,955,956
618,595,956,963
636,596,957,979
595,636,957,958
637,636,958,1009
595,637,958,959
62,637,959,964
595,62,959,960
595,59,960,961
595,60,961,962
595,635,962,963
638,637,964,1017
62,638,964,965
639,638,965,1017
62,639,965,970
640,641,966,1006
641,642,966,1030
642,640,966,967
643,640,967,1005
642,643,967,971
63,643,968,1005
643,61,968,969
643,62,969,970
643,639,970,971
642,639,971,1021
596,593,972,973
644,593,973,987
596,644,973,974
645,644,974,986
596,645,974,979
646,647,975,985
647,645,975,986
645,646,975,976
648,646,976,1137
645,648,976,977
649,648,977,1018
645,649,977,978
636,649,978,1009
645,636,978,979
593,591,980,987
650,590,981,997
591,650,981,982
651,650,982,1032
591,651,982,988
652,653,983,1138
653,651,983,1043
651,652,983,984
646,652,984,1137
651,646,984,985
651,647,985,989
647,644,986,989
644,591,987,988
644,651,988,989
587,634,990,1000
654,633,991,1004
634,654,991,1000
500,654,992,1004
654,498,992,993
654,499,993,994
655,499,994,1143
654,655,994,995
656,655,995,1033
654,656,995,996
650,656,996,1032
654,650,996,997
654,590,997,998
654,589,998,999
654,587,999,1000
633,502,1001,1002
633,501,1002,1003
633,500,1003,1004
63,640,1005,1008
657,641,1006,1029
640,657,1006,1007
66,657,1007,1128
640,66,1007,1008
637,649,1009,1010
658,649,1010,1018
637,658,1010,1011
659,658,1011,1020
637,659,1011,1012
660,659,1012,1167
637,660,1012,1013
661,660,1013,1169
637,661,1013,1014
662,661,1014,1177
637,662,1014,1015
663,662,1015,1180
637,663,1015,1016
639,663,1016,1021
637,639,1016,1017
658,648,1018,1019
664,648,1019,1142
658,664,1019,1020
659,664,1020,1159
642,663,1021,1022
665,663,1022,1176
642,665,1022,1031
666,667,1023,1238
667,665,1023,1175
665,666,1023,1024
668,666,1024,1182
665,668,1024,1025
669,668,1025,1182
665,669,1025,1026
670,669,1026,1181
665,670,1026,1027
671,670,1027,1129
665,671,1027,1031
657,672,1028,1128
672,671,1028,1129
671,657,1028,1029
671,641,1029,1030
671,642,1030,1031
651,656,1032,1033
651,655,1033,1034
673,655,1034,1147
651,673,1034,1035
674,673,1035,1194
651,674,1035,1036
675,674,1036,1193
651,675,1036,1037
676,675,1037,1192
651,676,1037,1038
677,676,1038,1151
651,677,1038,1039
678,677,1039,1216
651,678,1039,1043
679,680,1040,1195
680,678,1040,1227
678,679,1040,1044
681,682,1041,1139
682,679,1041,1160
679,681,1041,1042
653,681,1042,1138
679,653,1042,1044
653,678,1043,1044
160,157,1045,1046
160,155,1046,1101
156,154,1047,1103
154,152,1048,1104
152,150,1049,1105
150,148,1050,1105
148,143,1051,1106
144,231,1052,1053
144,140,1053,1054
144,141,1054,1107
141,139,1055,1056
141,137,1056,1057
141,138,1057,1108
138,136,1058,1127
136,133,1059,1060
136,132,1060,1125
132,130,1061,1123
130,230,1062,1063
130,128,1063,1064
130,127,1064,1109
127,125,1065,1109
125,229,1066,1067
125,122,1067,1068
125,123,1068,1069
125,120,1069,1070
125,121,1070,1071
125,119,1071,1072
125,118,1072,1110
118,116,1073,1111
116,114,1074,1112
113,111,1075,1114
111,109,1076,1077
192,109,1077,-1
111,192,1077,1078
111,190,1078,1079
111,188,1079,1080
111,189,1080,1081
111,187,1081,1082
111,186,1082,1083
111,183,1083,1084
111,184,1084,1115
184,181,1085,1086
184,182,1086,1087
184,180,1087,1088
184,179,1088,1089
184,176,1089,1116
177,173,1090,1091
177,174,1091,1092
172,174,1092,1652
177,172,1092,1093
177,170,1093,1094
177,168,1094,1095
177,169,1095,1126
169,166,1096,1124
166,163,1097,1098
166,164,1098,1118
164,161,1099,1100
164,158,1100,1118
159,155,1101,1102
159,156,1102,1103
159,154,1103,1104
159,152,1104,1120
152,148,1105,1106
152,143,1106,1121
143,141,1107,1108
143,138,1108,1122
130,125,1109,1110
130,118,1110,1111
130,116,1111,1112
130,114,1112,1113
130,113,1113,1114
130,111,1114,1115
130,184,1115,1116
130,176,1116,1117
130,177,1117,1123
166,158,1118,1119
166,159,1119,1120
166,152,1120,1121
166,143,1121,1122
166,138,1122,1124
132,177,1123,1125
169,138,1124,1126
136,177,1125,1127
177,138,1126,1127
66,672,1128,1136
672,670,1129,1130
683,670,1130,1181
672,683,1130,1131
70,683,1131,1186
672,70,1131,1132
672,67,1132,1133
672,68,1133,1134
672,64,1134,1135
672,65,1135,1136
648,652,1137,1142
652,681,1138,1139
652,682,1139,1140
684,682,1140,1160
652,684,1140,1141
664,684,1141,1159
652,664,1141,1142
655,496,1143,1144
685,496,1144,1148
655,685,1144,1145
686,685,1145,1157
655,686,1145,1146
687,686,1146,1156
655,687,1146,1147
673,687,1147,1189
685,497,1148,1157
497,493,1149,1150
688,493,1150,1211
497,688,1150,1158
677,688,1151,1216
688,676,1151,1152
689,676,1152,1191
688,689,1152,1153
690,689,1153,1191
688,690,1153,1154
691,690,1154,1190
688,691,1154,1155
687,691,1155,1189
688,687,1155,1156
688,686,1156,1158
686,497,1157,1158
659,684,1159,1168
684,679,1160,1161
692,679,1161,1195
684,692,1161,1162
693,692,1162,1198
684,693,1162,1168
694,695,1163,1170
695,693,1163,1207
693,694,1163,1164
696,694,1164,1179
693,696,1164,1165
697,696,1165,1178
693,697,1165,1166
660,697,1166,1169
693,660,1166,1167
693,659,1167,1168
661,697,1169,1177
698,695,1170,1206
694,698,1170,1171
699,698,1171,1205
694,699,1171,1172
700,699,1172,1204
694,700,1172,1173
701,700,1173,1262
694,701,1173,1174
667,701,1174,1238
694,667,1174,1175
694,665,1175,1176
694,663,1176,1179
662,697,1177,1178
662,696,1178,1180
696,663,1179,1180
683,669,1181,1187
669,666,1182,1183
702,666,1183,1253
669,702,1183,1188
703,704,1184,1263
704,702,1184,1264
702,703,1184,1188
69,703,1185,1263
703,70,1185,1186
703,683,1186,1187
703,669,1187,1188
673,691,1189,1190
673,690,1190,1194
690,676,1191,1192
690,675,1192,1193
690,674,1193,1194
692,680,1195,1196
705,680,1196,1227
692,705,1196,1199
706,707,1197,1200
707,705,1197,1201
705,706,1197,1199
693,706,1198,1200
706,692,1198,1199
693,707,1200,1208
708,705,1201,1236
707,708,1201,1202
709,708,1202,1235
707,709,1202,1209
710,711,1203,1257
711,709,1203,1258
709,710,1203,1209
700,712,1204,1256
712,699,1204,1205
712,698,1205,1206
712,695,1206,1207
712,693,1207,1208
712,707,1208,1210
707,710,1209,1210
712,710,1210,1256
688,494,1211,1212
713,494,1212,1224
688,713,1212,1213
714,713,1213,1223
688,714,1213,1214
715,714,1214,1222
688,715,1214,1215
678,715,1215,1221
688,678,1215,1216
491,489,1217,1218
716,489,1218,1292
491,716,1218,1219
717,716,1219,1285
491,717,1219,1226
678,718,1220,1228
718,717,1220,1291
717,678,1220,1221
717,715,1221,1222
717,714,1222,1223
717,713,1223,1226
713,492,1224,1225
713,491,1225,1226
705,678,1227,1228
705,718,1228,1229
719,718,1229,1291
705,719,1229,1237
720,721,1230,1320
721,719,1230,1290
719,720,1230,1231
722,720,1231,1323
719,722,1231,1232
723,722,1232,1304
719,723,1232,1233
724,723,1233,1303
719,724,1233,1237
709,725,1234,1259
725,724,1234,1302
724,709,1234,1235
724,708,1235,1236
724,705,1236,1237
666,701,1238,1239
726,701,1239,1262
666,726,1239,1254
727,728,1240,1309
728,726,1240,1261
726,727,1240,1241
729,727,1241,1308
726,729,1241,1242
730,729,1242,1307
726,730,1242,1243
731,730,1243,1337
726,731,1243,1244
732,731,1244,1349
726,732,1244,1245
733,732,1245,1348
726,733,1245,1246
734,733,1246,1355
726,734,1246,1247
735,734,1247,1368
726,735,1247,1248
736,735,1248,1367
726,736,1248,1249
737,736,1249,1367
726,737,1249,1250
738,737,1250,1267
726,738,1250,1255
739,740,1251,1266
740,738,1251,1267
738,739,1251,1252
741,739,1252,1265
738,741,1252,1255
702,741,1253,1264
741,666,1253,1254
741,726,1254,1255
700,710,1256,1257
700,711,1257,1258
700,709,1258,1259
700,725,1259,1260
728,725,1260,1302
700,728,1260,1261
700,726,1261,1262
69,704,1263,1275
704,741,1264,1265
704,739,1265,1266
704,740,1266,1276
740,737,1267,1268
742,737,1268,1375
740,742,1268,1269
743,742,1269,1374
740,743,1269,1270
744,743,1270,1373
740,744,1270,1277
76,744,1271,1372
744,74,1271,1272
744,75,1272,1278
75,73,1273,1278
73,69,1274,1275
73,704,1275,1276
73,740,1276,1277
73,744,1277,1278
488,484,1279,1284
484,482,1280,1284
486,480,1281,1293
482,486,1281,1282
482,487,1282,1283
482,488,1283,1284
745,716,1285,1299
717,745,1285,1286
746,745,1286,1336
717,746,1286,1287
747,746,1287,1335
717,747,1287,1288
748,747,1288,1310
717,748,1288,1289
721,748,1289,1310
717,721,1289,1290
717,719,1290,1291
716,486,1292,1293
716,480,1293,1294
716,481,1294,1300
481,478,1295,1296
481,476,1296,1297
749,476,1297,1328
481,749,1297,1301
750,751,1298,1327
751,749,1298,1328
749,750,1298,1301
745,750,1299,1327
750,716,1299,1300
750,481,1300,1301
728,724,1302,1303
728,723,1303,1309
752,722,1304,1326
723,752,1304,1305
753,752,1305,1338
723,753,1305,1306
730,753,1306,1337
723,730,1306,1307
723,729,1307,1308
723,727,1308,1309
721,747,1310,1311
754,747,1311,1334
721,754,1311,1320
755,756,1312,1332
756,754,1312,1333
754,755,1312,1321
757,758,1313,1363
758,755,1313,1364
755,757,1313,1314
759,757,1314,1465
755,759,1314,1315
760,759,1315,1464
755,760,1315,1316
761,760,1316,1430
755,761,1316,1317
762,761,1317,1412
755,762,1317,1318
763,762,1318,1339
755,763,1318,1319
764,763,1319,1324
755,764,1319,1321
720,754,1320,1322
754,764,1321,1322
720,764,1322,1323
722,764,1323,1324
722,763,1324,1326
752,765,1325,1338
765,763,1325,1339
763,752,1325,1326
745,751,1327,1336
751,476,1328,1329
751,477,1329,1330
766,477,1330,1365
751,766,1330,1331
755,766,1331,1364
751,755,1331,1332
751,756,1332,1333
751,754,1333,1334
751,747,1334,1335
751,746,1335,1336
731,753,1337,1350
753,765,1338,1350
765,762,1339,1340
767,762,1340,1412
765,767,1340,1341
768,767,1341,1418
765,768,1341,1342
769,768,1342,1417
765,769,1342,1343
770,769,1343,1404
765,770,1343,1344
771,770,1344,1404
765,771,1344,1345
772,771,1345,1352
765,772,1345,1346
773,772,1346,1351
765,773,1346,1347
733,773,1347,1351
765,733,1347,1348
765,732,1348,1349
765,731,1349,1350
733,772,1351,1352
733,771,1352,1356
774,775,1353,1396
775,771,1353,1411
771,774,1353,1356
734,776,1354,1368
776,774,1354,1395
774,734,1354,1355
774,733,1355,1356
477,474,1357,1358
777,474,1358,1381
477,777,1358,1366
778,779,1359,1380
779,777,1359,1381
777,778,1359,1360
780,778,1360,1460
777,780,1360,1361
781,780,1361,1459
777,781,1361,1362
757,781,1362,1459
777,757,1362,1363
777,758,1363,1366
758,766,1364,1365
758,477,1365,1366
737,735,1367,1375
735,776,1368,1369
782,776,1369,1395
735,782,1369,1370
783,782,1370,1419
735,783,1370,1376
78,783,1371,1419
783,76,1371,1372
783,744,1372,1373
783,743,1373,1374
783,742,1374,1376
742,735,1375,1376
474,471,1377,1382
472,468,1378,1379
778,468,1379,1460
472,778,1379,1380
472,779,1380,1383
779,474,1381,1382
779,471,1382,1383
784,785,1384,-46322
785,786,1384,-46322
786,784,1384,1393
787,788,1385,-46322
788,784,1385,-46322
784,787,1385,1394
789,790,1386,-46322
790,787,1386,-46322
787,789,1386,1387
791,789,1387,-46322
787,791,1387,1388
792,791,1388,-46322
787,792,1388,1389
793,792,1389,-46322
787,793,1389,1390
794,793,1390,-46322
787,794,1390,1391
795,794,1391,-46322
787,795,1391,1394
786,796,1392,-46322
796,795,1392,-46322
795,786,1392,1393
795,784,1393,1394
782,774,1395,1396
782,775,1396,1403
797,798,1397,1409
798,775,1397,1410
775,797,1397,1398
799,797,1398,1468
775,799,1398,1399
800,799,1399,1467
775,800,1399,1400
801,800,1400,1467
775,801,1400,1401
802,801,1401,1466
775,802,1401,1402
803,802,1402,1466
775,803,1402,1403
782,803,1403,1420
771,769,1404,1405
804,769,1405,1416
771,804,1405,1411
805,806,1406,1486
806,804,1406,1416
804,805,1406,1407
807,805,1407,1556
804,807,1407,1408
797,807,1408,1468
804,797,1408,1409
804,798,1409,1410
804,775,1410,1411
767,761,1412,1413
808,761,1413,1430
767,808,1413,1414
809,808,1414,1452
767,809,1414,1415
806,809,1415,1483
767,806,1415,1418
806,769,1416,1417
806,768,1417,1418
78,782,1419,1420
78,803,1420,1421
810,803,1421,1476
78,810,1421,1427
811,812,1422,1475
812,810,1422,1476
810,811,1422,1428
813,814,1423,1473
814,811,1423,1474
811,813,1423,1429
79,815,1424,1581
815,813,1424,1582
813,79,1424,1425
813,80,1425,1429
80,78,1426,1427
80,810,1427,1428
80,811,1428,1429
808,760,1430,1431
816,760,1431,1463
808,816,1431,1432
817,816,1432,1549
808,817,1432,1433
818,817,1433,1548
808,818,1433,1453
819,820,1434,1589
820,818,1434,1548
818,819,1434,1435
821,819,1435,1615
818,821,1435,1436
822,821,1436,1630
818,822,1436,1437
823,822,1437,1635
818,823,1437,1438
824,823,1438,1629
818,824,1438,1439
825,824,1439,1679
818,825,1439,1440
826,825,1440,1678
818,826,1440,1454
84,827,1441,1648
827,826,1441,1678
826,84,1441,1442
826,83,1442,1443
826,82,1443,1444
828,82,1444,1571
826,828,1444,1445
829,828,1445,1570
826,829,1445,1446
830,829,1446,1553
826,830,1446,1454
831,832,1447,1551
832,830,1447,1552
830,831,1447,1455
833,834,1448,1480
834,835,1448,1550
835,833,1448,1457
836,837,1449,1485
837,833,1449,1480
833,836,1449,1450
838,836,1450,1484
833,838,1450,1451
839,838,1451,1479
833,839,1451,1457
809,839,1452,1479
839,808,1452,1453
839,818,1453,1458
818,830,1454,1455
818,831,1455,1456
835,831,1456,1550
818,835,1456,1458
835,839,1457,1458
757,780,1459,1465
780,468,1460,1461
780,469,1461,1462
816,469,1462,1544
780,816,1462,1463
780,760,1463,1464
780,759,1464,1465
803,801,1466,1477
801,799,1467,1478
799,807,1468,1469
840,807,1469,1555
799,840,1469,1470
841,840,1470,1568
799,841,1470,1471
842,841,1471,1577
799,842,1471,1472
813,842,1472,1577
799,813,1472,1473
799,814,1473,1474
799,811,1474,1475
799,812,1475,1478
812,803,1476,1477
812,801,1477,1478
809,838,1479,1483
837,834,1480,1481
843,834,1481,1558
837,843,1481,1482
805,843,1482,1557
837,805,1482,1485
806,838,1483,1484
806,836,1484,1486
836,805,1485,1486
439,435,1487,1488
439,436,1488,1527
436,434,1489,1528
434,432,1490,1529
432,429,1491,1492
432,428,1492,1493
432,426,1493,1494
432,427,1494,1530
427,425,1495,1531
425,423,1496,1532
423,420,1497,1532
420,417,1498,1499
420,418,1499,1533
418,416,1500,1534
416,414,1501,1502
844,414,1502,2456
416,844,1502,1503
845,844,1503,2456
416,845,1503,1504
846,845,1504,2464
416,846,1504,1535
847,848,1505,2384
848,846,1505,2441
846,847,1505,1536
849,850,1506,2383
850,847,1506,2384
847,849,1506,1537
851,852,1507,2306
852,849,1507,2383
849,851,1507,1508
853,851,1508,2305
849,853,1508,1538
854,855,1509,2252
855,853,1509,2305
853,854,1509,1510
856,854,1510,2251
853,856,1510,1511
857,856,1511,2184
853,857,1511,1539
858,859,1512,2144
859,857,1512,2183
857,858,1512,1513
860,858,1513,2143
857,860,1513,1514
861,860,1514,1954
857,861,1514,1515
862,861,1515,1953
857,862,1515,1516
863,862,1516,1952
857,863,1516,1517
864,863,1517,1951
857,864,1517,1540
865,866,1518,1950
866,864,1518,1951
864,865,1518,1519
867,865,1519,1949
864,867,1519,1541
442,868,1520,1831
868,869,1520,1888
869,442,1520,1521
869,443,1521,1543
443,440,1522,1523
443,441,1523,1524
443,437,1524,1525
443,438,1525,1526
443,439,1526,1527
443,436,1527,1528
443,434,1528,1529
443,432,1529,1530
443,427,1530,1531
443,425,1531,1543
425,420,1532,1533
425,418,1533,1534
425,416,1534,1535
425,846,1535,1536
425,847,1536,1537
425,849,1537,1538
425,853,1538,1539
425,857,1539,1540
425,864,1540,1541
425,867,1541,1542
869,867,1542,1948
425,869,1542,1543
816,467,1544,1545
816,466,1545,1546
870,466,1546,1584
816,870,1546,1547
820,870,1547,1590
816,820,1547,1549
820,817,1548,1549
834,831,1550,1551
834,832,1551,1552
834,830,1552,1553
834,829,1553,1558
871,872,1554,1569
872,829,1554,1570
829,871,1554,1559
840,871,1555,1568
871,807,1555,1556
871,805,1556,1557
871,843,1557,1559
843,829,1558,1559
464,459,1560,1561
873,459,1561,1641
464,873,1561,1567
874,875,1562,1602
875,873,1562,1646
873,874,1562,1563
876,874,1563,1601
873,876,1563,1564
877,876,1564,1600
873,877,1564,1567
463,878,1565,1592
878,877,1565,1600
877,463,1565,1566
877,464,1566,1567
841,871,1568,1569
841,872,1569,1575
872,828,1570,1576
828,81,1571,1572
879,81,1572,1580
828,879,1572,1573
880,879,1573,1579
828,880,1573,1574
881,880,1574,1579
828,881,1574,1576
841,881,1575,1578
881,872,1575,1576
813,841,1577,1578
813,881,1578,1582
881,879,1579,1583
879,79,1580,1581
879,815,1581,1583
815,881,1582,1583
870,465,1584,1591
882,462,1585,1598
465,882,1585,1591
883,884,1586,1597
884,882,1586,1598
882,883,1586,1587
885,883,1587,1636
882,885,1587,1588
819,885,1588,1615
882,819,1588,1589
882,820,1589,1590
882,870,1590,1591
462,878,1592,1593
886,878,1593,1609
462,886,1593,1599
887,888,1594,1614
888,886,1594,1609
886,887,1594,1595
889,887,1595,1608
886,889,1595,1596
883,889,1596,1636
886,883,1596,1597
886,884,1597,1599
884,462,1598,1599
878,876,1600,1601
878,874,1601,1610
890,875,1602,1645
874,890,1602,1611
891,892,1603,1644
892,890,1603,1645
890,891,1603,1604
893,891,1604,1665
890,893,1604,1605
894,893,1605,1715
890,894,1605,1606
895,894,1606,1718
890,895,1606,1611
889,896,1607,1637
896,897,1607,1687
897,889,1607,1608
897,887,1608,1613
888,878,1609,1610
888,874,1610,1614
874,895,1611,1612
897,895,1612,1687
874,897,1612,1613
874,887,1613,1614
821,885,1615,1616
898,885,1616,1640
821,898,1616,1617
899,898,1617,1640
821,899,1617,1618
900,899,1618,1676
821,900,1618,1619
901,900,1619,1701
821,901,1619,1620
902,901,1620,1700
821,902,1620,1621
903,902,1621,1700
821,903,1621,1630
904,905,1622,1707
905,903,1622,1708
903,904,1622,1631
906,907,1623,1791
907,908,1623,1849
908,906,1623,1624
909,906,1624,1780
908,909,1624,1625
910,909,1625,1779
908,910,1625,1632
911,912,1626,1778
912,910,1626,1779
910,911,1626,1627
913,911,1627,1777
910,913,1627,1633
824,914,1628,1679
914,913,1628,1777
913,824,1628,1629
913,823,1629,1634
822,903,1630,1631
822,904,1631,1635
908,904,1632,1706
904,910,1632,1633
904,913,1633,1634
904,823,1634,1635
885,889,1636,1637
885,896,1637,1638
915,896,1638,1696
885,915,1638,1639
899,915,1639,1668
885,899,1639,1640
873,460,1641,1647
460,458,1642,1643
891,458,1643,1666
460,891,1643,1644
460,892,1644,1647
892,875,1645,1646
892,873,1646,1647
916,827,1648,1686
84,916,1648,1651
87,916,1649,1685
916,86,1649,1650
916,85,1650,1651
171,174,1652,1653
458,456,1654,1655
917,456,1655,1713
458,917,1655,1656
918,917,1656,1712
458,918,1656,1657
919,918,1657,1712
458,919,1657,1658
920,919,1658,1822
458,920,1658,1666
921,922,1659,1942
922,923,1659,1820
923,921,1659,1660
924,921,1660,1941
923,924,1660,1661
925,924,1661,1851
923,925,1661,1662
926,925,1662,1851
923,926,1662,1663
927,926,1663,1850
923,927,1663,1664
893,927,1664,1715
923,893,1664,1665
923,891,1665,1667
891,920,1666,1667
923,920,1667,1821
928,915,1668,1696
899,928,1668,1669
929,928,1669,1695
899,929,1669,1670
930,929,1670,1694
899,930,1670,1676
931,932,1671,1698
932,930,1671,1694
930,931,1671,1677
933,934,1672,1758
934,931,1672,1693
931,933,1672,1673
935,933,1673,1757
931,935,1673,1674
936,935,1674,1757
931,936,1674,1675
900,936,1675,1701
931,900,1675,1677
900,930,1676,1677
827,825,1678,1686
825,914,1679,1680
937,914,1680,1785
825,937,1680,1681
938,937,1681,1784
825,938,1681,1682
939,938,1682,1788
825,939,1682,1683
88,939,1683,1728
825,88,1683,1684
825,87,1684,1685
825,916,1685,1686
896,895,1687,1688
940,895,1688,1726
896,940,1688,1689
941,940,1689,1725
896,941,1689,1690
942,941,1690,1724
896,942,1690,1691
943,942,1691,1867
896,943,1691,1692
944,943,1692,1759
896,944,1692,1697
934,944,1693,1771
944,931,1693,1697
932,929,1694,1695
932,928,1695,1699
928,896,1696,1699
896,931,1697,1698
896,932,1698,1699
903,901,1700,1708
901,936,1701,1702
945,936,1702,1769
901,945,1702,1703
946,945,1703,1768
901,946,1703,1704
947,946,1704,1843
901,947,1704,1705
908,947,1705,1849
901,908,1705,1706
901,904,1706,1707
901,905,1707,1708
454,452,1709,1710
948,452,1710,1804
454,948,1710,1711
919,948,1711,1804
454,919,1711,1714
919,917,1712,1714
917,454,1713,1714
894,927,1715,1716
949,927,1716,1850
894,949,1716,1717
950,949,1717,1861
894,950,1717,1718
895,950,1718,1719
951,950,1719,1861
895,951,1719,1726
952,953,1720,1858
953,954,1720,1859
954,952,1720,1721
955,952,1721,1900
954,955,1721,1722
956,955,1722,1899
954,956,1722,1723
942,956,1723,1867
954,942,1723,1724
954,941,1724,1725
954,940,1725,1727
940,951,1726,1727
954,951,1727,1860
957,939,1728,1799
88,957,1728,1729
958,957,1729,1798
88,958,1729,1749
959,960,1730,1797
960,958,1730,1798
958,959,1730,1750
961,962,1731,1795
962,959,1731,1796
959,961,1731,1751
963,964,1732,1920
964,961,1732,1794
961,963,1732,1752
965,966,1733,1919
966,963,1733,1920
963,965,1733,1734
967,965,1734,1918
963,967,1734,1735
968,967,1735,2080
963,968,1735,1736
969,968,1736,2086
963,969,1736,1753
970,971,1737,2085
971,969,1737,2086
969,970,1737,1738
972,970,1738,2084
969,972,1738,1754
973,974,1739,1914
974,972,1739,2083
972,973,1739,1740
975,973,1740,2130
972,975,1740,1741
976,975,1741,2130
972,976,1741,1754
977,978,1742,2052
978,976,1742,2135
976,977,1742,1743
979,977,1743,2051
976,979,1743,1755
980,981,1744,2050
981,979,1744,2051
979,980,1744,1745
982,980,1745,2050
979,982,1745,1746
90,982,1746,2071
979,90,1746,1747
979,91,1747,1756
91,88,1748,1749
91,958,1749,1750
91,959,1750,1751
91,961,1751,1752
91,963,1752,1753
91,969,1753,1756
969,976,1754,1755
969,979,1755,1756
936,933,1757,1758
936,934,1758,1770
983,943,1759,1871
944,983,1759,1760
984,983,1760,1870
944,984,1760,1772
985,986,1761,1904
986,987,1761,1869
987,985,1761,1762
988,985,1762,1964
987,988,1762,1763
989,988,1763,1971
987,989,1763,1764
990,989,1764,1970
987,990,1764,1774
991,992,1765,1880
992,990,1765,1931
990,991,1765,1774
993,994,1766,1878
994,991,1766,1879
991,993,1766,1775
946,995,1767,1843
995,996,1767,1877
996,946,1767,1768
996,945,1768,1769
996,936,1769,1770
996,934,1770,1771
996,944,1771,1772
996,984,1772,1773
987,984,1773,1869
996,987,1773,1776
987,991,1774,1775
987,993,1775,1776
996,993,1776,1877
914,911,1777,1778
914,912,1778,1785
912,909,1779,1780
912,906,1780,1786
997,998,1781,1790
998,906,1781,1802
906,997,1781,1782
999,997,1782,1789
906,999,1782,1787
938,1000,1783,1788
1000,999,1783,1789
999,938,1783,1784
999,937,1784,1787
937,912,1785,1786
937,906,1786,1787
939,1000,1788,1800
1000,997,1789,1790
1000,998,1790,1801
1001,907,1791,1848
906,1001,1791,1792
1002,1001,1792,1882
906,1002,1792,1793
1003,1002,1793,1922
906,1003,1793,1802
964,1003,1794,1921
1003,961,1794,1795
1003,962,1795,1796
1003,959,1796,1797
1003,960,1797,1803
960,957,1798,1799
960,939,1799,1800
960,1000,1800,1801
960,998,1801,1803
998,1003,1802,1803
919,452,1804,1805
919,451,1805,1806
1004,451,1806,1875
919,1004,1806,1823
1005,1006,1807,1874
1006,1004,1807,1875
1004,1005,1807,1824
1007,1008,1808,1836
1008,1009,1808,1873
1009,1007,1808,1809
1010,1007,1809,1892
1009,1010,1809,1810
1011,1010,1810,1891
1009,1011,1810,1829
1012,1013,1811,2002
1013,1014,1811,2088
1014,1012,1811,1812
1015,1012,1812,1985
1014,1015,1812,1813
1016,1015,1813,1984
1014,1016,1813,1814
1017,1016,1814,1960
1014,1017,1814,1815
1018,1017,1815,1959
1014,1018,1815,1816
1019,1018,1816,1959
1014,1019,1816,1826
1020,1021,1817,1961
1021,1022,1817,1962
1022,1020,1817,1818
1023,1020,1818,1982
1022,1023,1818,1819
922,1023,1819,1942
1022,922,1819,1820
1022,923,1820,1821
1022,920,1821,1822
1022,919,1822,1823
1022,1004,1823,1824
1022,1005,1824,1825
1009,1005,1825,1874
1022,1009,1825,1828
1014,1024,1826,2088
1024,1019,1826,1827
1025,1019,1827,1958
1024,1025,1827,1830
1022,1025,1828,1958
1025,1009,1828,1829
1025,1011,1829,1830
1024,1011,1830,1891
445,868,1831,1832
1026,868,1832,1888
445,1026,1832,1833
1027,1026,1833,1894
445,1027,1833,1834
1028,1027,1834,1893
445,1028,1834,1835
1029,1028,1835,1893
445,1029,1835,1841
449,1008,1836,1872
1007,449,1836,1837
1007,450,1837,1838
1007,446,1838,1839
1007,447,1839,1842
447,445,1840,1841
447,1029,1841,1842
1007,1029,1842,1892
947,995,1843,1844
1030,995,1844,1885
947,1030,1844,1845
1031,1030,1845,1884
947,1031,1845,1846
1032,1031,1846,1884
947,1032,1846,1847
1001,1032,1847,1883
947,1001,1847,1848
947,907,1848,1849
949,926,1850,1862
926,924,1851,1852
1033,924,1852,1941
926,1033,1852,1863
1034,1035,1853,1946
1035,1033,1853,1947
1033,1034,1853,1864
1036,1037,1854,1988
1037,1034,1854,1945
1034,1036,1854,1855
1038,1036,1855,1974
1034,1038,1855,1856
1039,1038,1856,1973
1034,1039,1856,1865
1040,1041,1857,1901
1041,1039,1857,1965
1039,1040,1857,1865
952,1040,1858,1900
1040,953,1858,1859
1040,954,1859,1860
1040,951,1860,1866
951,949,1861,1862
951,926,1862,1863
951,1033,1863,1864
951,1034,1864,1866
1034,1040,1865,1866
943,956,1867,1868
986,956,1868,1899
943,986,1868,1871
986,984,1869,1870
986,983,1870,1871
451,1008,1872,1873
451,1009,1873,1876
1009,1006,1874,1876
1006,451,1875,1876
995,993,1877,1878
995,994,1878,1879
995,991,1879,1885
1042,992,1880,1930
991,1042,1880,1881
1043,1042,1881,1905
991,1043,1881,1886
1002,1043,1882,1905
1043,1001,1882,1883
1043,1032,1883,1886
1032,1030,1884,1887
1030,991,1885,1887
991,1032,1886,1887
1026,869,1888,1894
1044,1045,1889,2113
1045,1046,1889,1957
1046,1044,1889,1890
1024,1044,1890,2089
1046,1024,1890,1896
1024,1010,1891,1897
1010,1029,1892,1897
1029,1027,1893,1898
1027,869,1894,1895
1046,869,1895,1948
1027,1046,1895,1896
1027,1024,1896,1898
1024,1029,1897,1898
986,955,1899,1904
955,1040,1900,1901
955,1041,1901,1902
1047,1041,1902,1965
955,1047,1902,1903
985,1047,1903,1964
955,985,1903,1904
1002,1042,1905,1906
1048,1042,1906,1930
1002,1048,1906,1922
1049,1050,1907,1938
1050,1048,1907,1939
1048,1049,1907,1923
1051,1052,1908,1937
1052,1049,1908,1938
1049,1051,1908,1924
1053,1054,1909,2019
1054,1055,1909,1936
1055,1053,1909,1910
1056,1053,1910,2018
1055,1056,1910,1925
1057,1058,1911,2133
1058,1056,1911,2121
1056,1057,1911,1912
1059,1057,1912,2120
1056,1059,1912,1925
973,1060,1913,2131
1060,1059,1913,2120
1059,973,1913,1914
1059,974,1914,1915
1061,974,1915,2082
1059,1061,1915,1926
1062,1063,1916,2081
1063,1061,1916,2082
1061,1062,1916,1917
967,1062,1917,2080
1061,967,1917,1918
1061,965,1918,1919
1061,966,1919,1927
966,964,1920,1921
966,1003,1921,1928
1003,1048,1922,1923
1003,1049,1923,1924
1003,1051,1924,1928
1055,1059,1925,1926
1055,1061,1926,1927
1055,966,1927,1929
966,1051,1928,1929
1055,1051,1929,1937
1048,992,1930,1931
1048,990,1931,1932
1064,990,1932,1969
1048,1064,1932,1933
1065,1064,1933,1969
1048,1065,1933,1934
1066,1065,1934,2020
1048,1066,1934,1935
1054,1066,1935,2019
1048,1054,1935,1936
1048,1055,1936,1939
1055,1052,1937,1940
1052,1050,1938,1940
1050,1055,1939,1940
1033,921,1941,1947
921,1023,1942,1943
1067,1023,1943,1982
921,1067,1943,1944
1037,1067,1944,1988
921,1037,1944,1945
921,1034,1945,1946
921,1035,1946,1947
1046,867,1948,1949
1046,865,1949,1950
1046,866,1950,1957
866,863,1951,1952
866,862,1952,1953
866,861,1953,1954
866,860,1954,1955
1068,860,1955,2142
866,1068,1955,1956
1045,1068,1956,2114
866,1045,1956,1957
1022,1019,1958,1962
1019,1017,1959,1963
1020,1016,1960,1983
1017,1020,1960,1961
1017,1021,1961,1963
1021,1019,1962,1963
988,1047,1964,1971
1047,1039,1965,1966
1069,1039,1966,1973
1047,1069,1966,1967
1070,1069,1967,1981
1047,1070,1967,1968
1065,1070,1968,2021
1047,1065,1968,1972
1065,990,1969,1970
1065,989,1970,1972
989,1047,1971,1972
1069,1038,1973,1974
1069,1036,1974,1975
1071,1036,1975,1991
1069,1071,1975,1976
1072,1071,1976,1997
1069,1072,1976,1977
1073,1072,1977,2000
1069,1073,1977,1978
1074,1073,1978,2010
1069,1074,1978,1979
1075,1074,1979,2023
1069,1075,1979,1981
1070,1076,1980,2021
1076,1075,1980,2022
1075,1070,1980,1981
1067,1020,1982,1983
1067,1016,1983,1984
1067,1015,1984,1985
1067,1012,1985,1987
1077,1078,1986,1990
1078,1012,1986,2001
1012,1077,1986,1987
1067,1077,1987,1989
1036,1067,1988,1989
1036,1077,1989,1990
1036,1078,1990,1991
1071,1078,1991,2001
305,211,1992,1996
211,1,1993,1994
211,2,1994,1995
211,37,1995,1996
1079,1071,1997,2009
1072,1079,1997,1998
1080,1079,1998,2008
1072,1080,1998,2000
1073,1081,1999,2010
1081,1080,1999,2011
1080,1073,1999,2000
1071,1012,2001,2002
1071,1013,2002,2003
1082,1013,2003,2099
1071,1082,2003,2009
1083,1084,2004,2098
1084,1082,2004,2099
1082,1083,2004,2005
1085,1083,2005,2136
1082,1085,2005,2006
1086,1085,2006,2012
1082,1086,2006,2007
1080,1086,2007,2011
1082,1080,2007,2008
1082,1079,2008,2009
1074,1081,2010,2023
1081,1086,2011,2024
1087,1085,2012,2141
1086,1087,2012,2013
1088,1087,2013,2158
1086,1088,2013,2014
1089,1088,2014,2259
1086,1089,2014,2015
1090,1089,2015,2264
1086,1090,2015,2016
1091,1090,2016,2291
1086,1091,2016,2025
1092,1093,2017,2122
1093,1091,2017,2217
1091,1092,2017,2025
1056,1092,2018,2121
1092,1053,2018,2026
1053,1066,2019,2020
1053,1065,2020,2027
1065,1076,2021,2022
1065,1075,2022,2028
1075,1081,2023,2024
1075,1086,2024,2028
1086,1092,2025,2026
1086,1053,2026,2027
1086,1065,2027,2028
1094,1095,2029,-46322
1095,1096,2029,-46322
1096,1094,2029,2044
1097,1098,2030,-46322
1098,1094,2030,-46322
1094,1097,2030,2045
1099,1100,2031,-46322
1100,1097,2031,-46322
1097,1099,2031,2046
1101,1102,2032,-46322
1102,1099,2032,-46322
1099,1101,2032,2033
1103,1101,2033,-46322
1099,1103,2033,2034
1104,1103,2034,-46322
1099,1104,2034,2047
1105,1106,2035,-46322
1106,1104,2035,-46322
1104,1105,2035,2048
1107,1108,2036,-46322
1108,1105,2036,-46322
1105,1107,2036,2037
1109,1107,2037,-46322
1105,1109,2037,2049
1110,1111,2038,-46322
1111,1109,2038,-46322
1109,1110,2038,2039
1112,1110,2039,-46322
1109,1112,2039,2049
1113,1114,2040,-46322
1114,1112,2040,-46322
1112,1113,2040,2041
1115,1113,2041,-46322
1112,1115,2041,2042
1116,1115,2042,-46322
1112,1116,2042,2043
1096,1116,2043,-46322
1112,1096,2043,2044
1112,1094,2044,2045
1112,1097,2045,2046
1112,1099,2046,2047
1112,1104,2047,2048
1112,1105,2048,2049
982,981,2050,2072
981,977,2051,2052
981,978,2052,2053
1117,978,2053,2129
981,1117,2053,2054
1118,1117,2054,2285
981,1118,2054,2055
1119,1118,2055,2284
981,1119,2055,2056
1120,1119,2056,2283
981,1120,2056,2057
1121,1120,2057,2282
981,1121,2057,2058
1122,1121,2058,2281
981,1122,2058,2073
1123,1124,2059,2289
1124,1122,2059,2281
1122,1123,2059,2060
108,1123,2060,-1
1122,108,2060,2061
1122,107,2061,2062
1122,105,2062,2063
1122,106,2063,2074
106,104,2064,2075
104,102,2065,2076
102,100,2066,2076
100,98,2067,2077
98,96,2068,2077
96,94,2069,2078
94,90,2070,2071
94,982,2071,2072
94,981,2072,2073
94,1122,2073,2074
94,106,2074,2075
94,104,2075,2079
104,100,2076,2079
100,96,2077,2078
100,94,2078,2079
968,1062,2080,2081
968,1063,2081,2087
1063,974,2082,2083
1063,972,2083,2084
1063,970,2084,2085
1063,971,2085,2087
971,968,2086,2087
1013,1024,2088,2089
1013,1044,2089,2090
1125,1044,2090,2113
1013,1125,2090,2091
1126,1125,2091,2119
1013,1126,2091,2092
1127,1126,2092,2119
1013,1127,2092,2093
1128,1127,2093,2177
1013,1128,2093,2100
1129,1130,2094,2201
1130,1128,2094,2202
1128,1129,2094,2095
1131,1129,2095,2153
1128,1131,2095,2096
1132,1131,2096,2138
1128,1132,2096,2100
1133,1134,2097,2137
1134,1132,2097,2138
1132,1133,2097,2101
1083,1133,2098,2136
1133,1084,2098,2102
1084,1013,2099,2102
1013,1132,2100,2101
1013,1133,2101,2102
1135,1136,2103,-46322
1136,1137,2103,-46322
1137,1135,2103,2110
1138,1139,2104,-46322
1139,1135,2104,-46322
1135,1138,2104,2111
1140,1141,2105,-46322
1141,1138,2105,-46322
1138,1140,2105,2106
1142,1140,2106,-46322
1138,1142,2106,2107
1143,1142,2107,-46322
1138,1143,2107,2108
1144,1143,2108,-46322
1138,1144,2108,2112
1145,1146,2109,-46322
1146,1144,2109,-46322
1144,1145,2109,2112
1137,1145,2110,-46322
1145,1135,2110,2111
1145,1138,2111,2112
1125,1045,2113,2114
1125,1068,2114,2115
1147,1068,2115,2142
1125,1147,2115,2116
1148,1147,2116,2151
1125,1148,2116,2117
1149,1148,2117,2179
1125,1149,2117,2118
1127,1149,2118,2178
1125,1127,2118,2119
1060,1057,2120,2132
1058,1092,2121,2122
1058,1093,2122,2123
1150,1093,2123,2217
1058,1150,2123,2124
1151,1150,2124,2234
1058,1151,2124,2125
1152,1151,2125,2233
1058,1152,2125,2133
1153,1154,2126,2232
1154,1152,2126,2233
1152,1153,2126,2127
1155,1153,2127,2274
1152,1155,2127,2128
1117,1155,2128,2274
1152,1117,2128,2129
1152,978,2129,2134
976,973,2130,2131
976,1060,2131,2132
976,1057,2132,2135
1057,1152,2133,2134
1057,978,2134,2135
1085,1133,2136,2137
1085,1134,2137,2141
1134,1131,2138,2139
1156,1131,2139,2152
1134,1156,2139,2140
1087,1156,2140,2152
1134,1087,2140,2141
1147,860,2142,2143
1147,858,2143,2151
1157,859,2144,2183
858,1157,2144,2145
1158,1157,2145,2194
858,1158,2145,2146
1159,1158,2146,2172
858,1159,2146,2147
1160,1159,2147,2172
858,1160,2147,2148
1161,1160,2148,2180
858,1161,2148,2149
1162,1161,2149,2171
858,1162,2149,2150
1148,1162,2150,2171
858,1148,2150,2151
1087,1131,2152,2153
1087,1129,2153,2154
1163,1129,2154,2201
1087,1163,2154,2155
1164,1163,2155,2208
1087,1164,2155,2156
1165,1164,2156,2249
1087,1165,2156,2157
1166,1165,2157,2248
1087,1166,2157,2158
1088,1166,2158,2259
1167,1168,2159,-1270
1168,1169,2159,-1270
1169,1167,2159,2160
1170,1167,2160,-1270
1169,1170,2160,2169
1171,1172,2161,-1270
1172,1170,2161,-1270
1170,1171,2161,2170
1173,1174,2162,-1270
1174,1171,2162,-1270
1171,1173,2162,2163
1175,1173,2163,-1270
1171,1175,2163,2164
1176,1175,2164,-1270
1171,1176,2164,2165
1177,1176,2165,-1270
1171,1177,2165,2166
1178,1177,2166,-1270
1171,1178,2166,2170
1179,1180,2167,-1270
1180,1178,2167,-1270
1178,1179,2167,2168
1169,1179,2168,-1270
1178,1169,2168,2169
1178,1170,2169,2170
1148,1161,2171,2179
1160,1158,2172,2173
1181,1158,2173,2193
1160,1181,2173,2180
1182,1183,2174,2199
1183,1181,2174,2193
1181,1182,2174,2175
1184,1182,2175,2192
1181,1184,2175,2176
1185,1184,2176,2203
1181,1185,2176,2181
1128,1185,2177,2202
1185,1127,2177,2178
1185,1149,2178,2182
1149,1161,2179,2182
1161,1181,2180,2181
1161,1185,2181,2182
1157,857,2183,2184
1157,856,2184,2195
1186,1187,2185,2256
1187,1188,2185,2257
1188,1186,2185,2200
1189,1190,2186,2348
1190,1186,2186,2255
1186,1189,2186,2197
1191,1192,2187,2356
1192,1189,2187,2357
1189,1191,2187,2188
1193,1191,2188,2342
1189,1193,2188,2189
1194,1193,2189,2211
1189,1194,2189,2190
1195,1194,2190,2210
1189,1195,2190,2197
1184,1196,2191,2204
1196,1195,2191,2209
1195,1184,2191,2192
1195,1182,2192,2198
1183,1158,2193,2194
1183,1157,2194,2195
1183,856,2195,2196
1188,856,2196,2251
1183,1188,2196,2199
1186,1195,2197,2198
1186,1182,2198,2200
1182,1188,2199,2200
1163,1130,2201,2208
1130,1185,2202,2203
1130,1184,2203,2204
1130,1196,2204,2205
1197,1196,2205,2209
1130,1197,2205,2206
1198,1197,2206,2215
1130,1198,2206,2207
1164,1198,2207,2241
1130,1164,2207,2208
1197,1195,2209,2210
1197,1194,2210,2216
1199,1193,2211,2341
1194,1199,2211,2212
1200,1199,2212,2299
1194,1200,2212,2216
1201,1202,2213,2242
1202,1200,2213,2299
1200,1201,2213,2214
1198,1201,2214,2241
1200,1198,2214,2215
1200,1197,2215,2216
1150,1091,2217,2218
1203,1091,2218,2296
1150,1203,2218,2234
1204,1205,2219,2331
1205,1203,2219,2296
1203,1204,2219,2235
1206,1207,2220,2330
1207,1204,2220,2331
1204,1206,2220,2236
1208,1209,2221,2337
1209,1206,2221,2330
1206,1208,2221,2222
1210,1208,2222,2329
1206,1210,2222,2223
1211,1210,2223,2329
1206,1211,2223,2224
1212,1211,2224,2328
1206,1212,2224,2236
1213,1214,2225,2605
1214,1212,2225,2328
1212,1213,2225,2226
1215,1213,2226,2288
1212,1215,2226,2227
1216,1215,2227,2278
1212,1216,2227,2228
1217,1216,2228,2407
1212,1217,2228,2229
1218,1217,2229,2406
1212,1218,2229,2237
1219,1220,2230,2276
1220,1218,2230,2406
1218,1219,2230,2238
1153,1221,2231,2275
1221,1219,2231,2276
1219,1153,2231,2232
1219,1154,2232,2239
1154,1151,2233,2240
1151,1203,2234,2235
1151,1204,2235,2240
1204,1212,2236,2237
1204,1218,2237,2238
1204,1219,2238,2239
1204,1154,2239,2240
1164,1201,2241,2250
1222,1202,2242,2304
1201,1222,2242,2243
1223,1222,2243,2303
1201,1223,2243,2244
1224,1223,2244,2265
1201,1224,2244,2245
1225,1224,2245,2265
1201,1225,2245,2250
1226,1227,2246,2261
1227,1225,2246,2273
1225,1226,2246,2247
1166,1226,2247,2260
1225,1166,2247,2248
1225,1165,2248,2249
1225,1164,2249,2250
1188,854,2251,2258
1228,855,2252,2314
854,1228,2252,2253
1229,1228,2253,2313
854,1229,2253,2258
1190,1230,2254,2348
1230,1229,2254,2312
1229,1190,2254,2255
1229,1186,2255,2256
1229,1187,2256,2257
1229,1188,2257,2258
1089,1166,2259,2260
1089,1226,2260,2264
1231,1227,2261,2272
1226,1231,2261,2262
1232,1231,2262,2271
1226,1232,2262,2263
1090,1232,2263,2291
1226,1090,2263,2264
1225,1223,2265,2266
1233,1223,2266,2302
1225,1233,2266,2267
1234,1233,2267,2372
1225,1234,2267,2273
1235,1236,2268,2317
1236,1234,2268,2371
1234,1235,2268,2269
1237,1235,2269,2293
1234,1237,2269,2270
1232,1237,2270,2292
1234,1232,2270,2271
1234,1231,2271,2272
1234,1227,2272,2273
1117,1153,2274,2275
1117,1221,2275,2285
1221,1220,2276,2277
1238,1220,2277,2408
1221,1238,2277,2286
1216,1238,2278,2408
1238,1215,2278,2287
1239,1240,2279,2603
1240,1213,2279,2604
1213,1239,2279,2280
1123,1239,2280,-1
1213,1123,2280,2288
1124,1121,2281,2282
1124,1120,2282,2283
1124,1119,2283,2284
1124,1118,2284,2290
1118,1221,2285,2286
1118,1238,2286,2287
1118,1215,2287,2290
1215,1123,2288,2289
1215,1124,2289,2290
1091,1232,2291,2292
1091,1237,2292,2293
1091,1235,2293,2294
1241,1235,2294,2317
1091,1241,2294,2297
1242,1243,2295,2316
1243,1241,2295,2333
1241,1242,2295,2297
1205,1091,2296,2298
1091,1242,2297,2298
1205,1242,2298,2316
1202,1199,2299,2300
1244,1199,2300,2341
1202,1244,2300,2301
1245,1244,2301,2347
1202,1245,2301,2304
1233,1245,2302,2359
1245,1223,2302,2303
1245,1222,2303,2304
855,851,2305,2306
855,852,2306,2307
1246,852,2307,2389
855,1246,2307,2308
1247,1246,2308,2439
855,1247,2308,2309
1248,1247,2309,2451
855,1248,2309,2315
1249,1250,2310,2412
1250,1248,2310,2467
1248,1249,2310,2311
1251,1249,2311,2350
1248,1251,2311,2315
1230,1251,2312,2349
1251,1229,2312,2313
1251,1228,2313,2314
1251,855,2314,2315
1205,1243,2316,2332
1241,1236,2317,2318
1252,1236,2318,2370
1241,1252,2318,2319
1253,1252,2319,2399
1241,1253,2319,2320
1254,1253,2320,2398
1241,1254,2320,2321
1255,1254,2321,2398
1241,1255,2321,2322
1256,1255,2322,2397
1241,1256,2322,2323
1257,1256,2323,2396
1241,1257,2323,2333
1258,1259,2324,2395
1259,1257,2324,2396
1257,1258,2324,2334
1260,1261,2325,2421
1261,1258,2325,2394
1258,1260,2325,2334
1262,1263,2326,2589
1263,1260,2326,2420
1260,1262,2326,2327
1214,1262,2327,2600
1260,1214,2327,2335
1214,1211,2328,2335
1211,1208,2329,2336
1209,1207,2330,2338
1207,1205,2331,2332
1207,1243,2332,2338
1243,1257,2333,2339
1257,1260,2334,2340
1260,1211,2335,2336
1260,1208,2336,2337
1260,1209,2337,2340
1209,1243,2338,2339
1209,1257,2339,2340
1244,1193,2341,2342
1244,1191,2342,2343
1264,1191,2343,2356
1244,1264,2343,2347
1265,1266,2344,2360
1266,1264,2344,2355
1264,1265,2344,2345
1267,1265,2345,2376
1264,1267,2345,2346
1245,1267,2346,2359
1264,1245,2346,2347
1189,1230,2348,2349
1189,1251,2349,2357
1268,1249,2350,2412
1251,1268,2350,2351
1269,1268,2351,2411
1251,1269,2351,2352
1270,1269,2352,2362
1251,1270,2352,2353
1271,1270,2353,2361
1251,1271,2353,2354
1266,1271,2354,2360
1251,1266,2354,2355
1251,1264,2355,2358
1264,1192,2356,2358
1192,1251,2357,2358
1233,1267,2359,2372
1265,1271,2360,2361
1265,1270,2361,2362
1265,1269,2362,2363
1272,1269,2363,2410
1265,1272,2363,2364
1273,1272,2364,2410
1265,1273,2364,2365
1274,1273,2365,2409
1265,1274,2365,2366
1275,1274,2366,2409
1265,1275,2366,2367
1276,1275,2367,2431
1265,1276,2367,2368
1277,1276,2368,2431
1265,1277,2368,2373
1278,1279,2369,2400
1279,1277,2369,2404
1277,1278,2369,2373
1252,1280,2370,2390
1280,1236,2370,2371
1280,1234,2371,2375
1234,1267,2372,2375
1265,1278,2373,2374
1280,1278,2374,2390
1265,1280,2374,2376
1280,1267,2375,2376
20,18,2377,2382
18,209,2378,2379
18,207,2379,2380
18,208,2380,2382
208,20,2381,2382
852,850,2383,2389
850,848,2384,2385
1281,848,2385,2440
850,1281,2385,2386
1282,1281,2386,2440
850,1282,2386,2387
1283,1282,2387,2453
850,1283,2387,2388
1246,1283,2388,2439
850,1246,2388,2389
1252,1278,2390,2399
1284,1285,2391,2435
1285,1286,2391,2436
1286,1284,2391,2401
1287,1288,2392,2433
1288,1284,2392,2434
1284,1287,2392,2393
1261,1287,2393,2422
1284,1261,2393,2394
1284,1258,2394,2395
1284,1259,2395,2401
1259,1256,2396,2397
1259,1255,2397,2402
1255,1253,2398,2403
1253,1278,2399,2400
1253,1279,2400,2403
1286,1259,2401,2402
1286,1255,2402,2405
1255,1279,2403,2404
1255,1277,2404,2405
1286,1277,2405,2436
1220,1217,2406,2407
1220,1216,2407,2408
1275,1273,2409,2424
1273,1269,2410,2411
1273,1268,2411,2425
1268,1250,2412,2413
1289,1250,2413,2473
1268,1289,2413,2414
1290,1289,2414,2492
1268,1290,2414,2426
1291,1292,2415,2507
1292,1290,2415,2501
1290,1291,2415,2416
1293,1291,2416,2514
1290,1293,2416,2427
1294,1295,2417,2565
1295,1293,2417,2519
1293,1294,2417,2418
1296,1294,2418,2570
1293,1296,2418,2428
1263,1297,2419,2590
1297,1298,2419,2591
1298,1263,2419,2420
1298,1260,2420,2421
1298,1261,2421,2422
1298,1287,2422,2429
1275,1299,2423,2438
1299,1300,2423,2432
1300,1275,2423,2424
1300,1273,2424,2425
1300,1268,2425,2426
1300,1290,2426,2427
1300,1293,2427,2428
1300,1296,2428,2430
1298,1296,2429,2569
1296,1287,2429,2430
1300,1287,2430,2432
1277,1275,2431,2437
1299,1287,2432,2433
1299,1288,2433,2434
1299,1284,2434,2435
1299,1285,2435,2438
1285,1277,2436,2437
1285,1275,2437,2438
1247,1283,2439,2452
1282,848,2440,2441
1282,846,2441,2442
1301,846,2442,2463
1282,1301,2442,2443
1302,1301,2443,2475
1282,1302,2443,2444
1303,1302,2444,2483
1282,1303,2444,2445
1304,1303,2445,2485
1282,1304,2445,2446
1305,1304,2446,2490
1282,1305,2446,2447
1306,1305,2447,2489
1282,1306,2447,2454
1307,1308,2448,2522
1308,1309,2448,2593
1309,1307,2448,2449
1310,1307,2449,2522
1309,1310,2449,2455
1248,1311,2450,2467
1311,1310,2450,2468
1310,1248,2450,2451
1310,1247,2451,2452
1310,1283,2452,2453
1310,1282,2453,2454
1310,1306,2454,2455
1309,1306,2455,2488
845,414,2456,2457
845,412,2457,2458
1312,412,2458,2528
845,1312,2458,2465
1313,1314,2459,2479
1314,1312,2459,-1
1312,1313,2459,2460
1315,1313,2460,2478
1312,1315,2460,2461
1316,1315,2461,2477
1312,1316,2461,2465
1317,1318,2462,2476
1318,1316,2462,2477
1316,1317,2462,2466
1301,1317,2463,2475
1317,846,2463,2464
1317,845,2464,2466
845,1316,2465,2466
1250,1311,2467,2468
1250,1310,2468,2469
1319,1310,2469,2525
1250,1319,2469,2470
1320,1319,2470,2494
1250,1320,2470,2474
1321,1322,2471,2493
1322,1320,2471,2504
1320,1321,2471,2474
1289,1323,2472,2492
1323,1321,2472,2493
1321,1289,2472,2473
1321,1250,2473,2474
1302,1317,2475,2476
1302,1318,2476,2484
1318,1315,2477,2478
1318,1313,2478,2479
1318,1314,2479,2484
1324,1325,2480,2596
1325,1314,2480,-1
1314,1324,2480,2481
1326,1324,2481,2486
1314,1326,2481,2482
1303,1326,2482,2485
1314,1303,2482,2483
1314,1302,2483,2484
1304,1326,2485,2491
1327,1324,2486,2595
1326,1327,2486,2491
1309,1328,2487,2594
1328,1327,2487,2595
1327,1309,2487,2488
1327,1306,2488,2489
1327,1305,2489,2490
1327,1304,2490,2491
1290,1323,2492,2502
1323,1322,2493,2503
1329,1319,2494,2525
1320,1329,2494,2495
1330,1329,2495,2524
1320,1330,2495,2496
1331,1330,2496,2523
1320,1331,2496,2504
1332,1333,2497,2531
1333,1331,2497,2599
1331,1332,2497,2498
1334,1332,2498,2531
1331,1334,2498,2499
1335,1334,2499,2537
1331,1335,2499,2500
1336,1335,2500,2530
1331,1336,2500,2505
1292,1337,2501,2507
1337,1290,2501,2502
1337,1323,2502,2503
1337,1322,2503,2506
1322,1331,2504,2505
1322,1336,2505,2506
1337,1336,2506,2508
1291,1337,2507,2512
1338,1336,2508,2529
1337,1338,2508,2512
1339,1340,2509,2534
1340,1341,2509,2535
1341,1339,2509,2510
1342,1339,2510,2515
1341,1342,2510,2511
1291,1342,2511,2514
1341,1291,2511,2513
1291,1338,2512,2513
1341,1338,2513,2529
1293,1342,2514,2520
1343,1339,2515,2534
1342,1343,2515,2516
1344,1343,2516,2538
1342,1344,2516,2521
1345,1346,2517,2566
1346,1344,2517,-1
1344,1345,2517,2521
1295,1347,2518,2565
1347,1345,2518,2566
1345,1295,2518,2519
1345,1293,2519,2520
1345,1342,2520,2521
1310,1308,2522,2526
1331,1308,2523,2593
1308,1330,2523,2524
1308,1329,2524,2526
1329,1310,2525,2526
412,410,2527,2528
1312,410,2528,-1
1341,1336,2529,2530
1341,1335,2530,2536
1334,1333,2531,2532
1348,1333,2532,2598
1334,1348,2532,2533
1344,1348,2533,-1
1334,1344,2533,2537
1343,1340,2534,2535
1343,1341,2535,2536
1343,1335,2536,2538
1335,1344,2537,2538
307,196,2539,2540
307,197,2540,2555
197,194,2541,2556
194,191,2542,2543
1349,191,2543,-1
194,1349,2543,2544
1350,1349,2544,2581
194,1350,2544,2556
1351,1352,2545,2580
1352,1350,2545,2581
1350,1351,2545,2557
313,1353,2546,-1
1353,1354,2546,2583
1354,313,2546,2559
313,311,2547,2548
313,310,2548,2549
1355,310,2549,2579
313,1355,2549,2550
1356,1355,2550,2578
313,1356,2550,2551
1357,1356,2551,2577
313,1357,2551,2552
1358,1357,2552,2576
313,1358,2552,2559
1359,1360,2553,2574
1360,1358,2553,2575
1358,1359,2553,2560
309,1361,2554,2573
1361,307,2554,2555
1361,197,2555,2561
197,1350,2556,2557
197,1351,2557,2558
1362,1351,2558,2580
197,1362,2558,2561
1354,1358,2559,2560
1354,1359,2560,2563
1361,1362,2561,2562
1363,1362,2562,2585
1361,1363,2562,2564
1354,1363,2563,2584
1363,1359,2563,2564
1361,1359,2564,2573
1294,1347,2565,2571
1347,1346,2566,2567
1364,1346,2567,-1
1347,1364,2567,2568
1365,1364,2568,2586
1347,1365,2568,2571
1298,1365,2569,2586
1365,1296,2569,2570
1365,1294,2570,2571
310,309,2572,2579
309,1359,2573,2574
309,1360,2574,2575
309,1358,2575,2576
309,1357,2576,2577
309,1356,2577,2578
309,1355,2578,2579
1362,1352,2580,2585
1352,1349,2581,2582
1353,1349,2582,-1
1352,1353,2582,2583
1352,1354,2583,2584
1352,1363,2584,2585
1298,1364,2586,2591
1366,1367,2587,2601
1367,1364,2587,-1
1364,1366,2587,2592
1262,1368,2588,2600
1368,1366,2588,2601
1366,1262,2588,2589
1366,1263,2589,2590
1366,1297,2590,2592
1297,1364,2591,2592
1331,1309,2593,2594
1331,1328,2594,2599
1328,1324,2595,2596
1328,1325,2596,2597
1348,1325,2597,-1
1328,1348,2597,2598
1328,1333,2598,2599
1214,1368,2600,2605
1368,1367,2601,2602
1239,1367,2602,-1
1368,1239,2602,2603
1368,1240,2603,2604
1368,1213,2604,2605