-163.766939,79.40044,0,1,148,1686
-164.097901,79.200004,0,1686,1687,1688,1689,1690
-163.899961,79.067051,0,1,2,3,4,5,6,7,8,9,10,21,22,1687
-162.934207,79.567145,1,2,148,207,224,225
-162.201332,79.66759,2,3,147,223,224
-161.60045,79.699662,3,4,147
-161.199933,79.800451,4,5,146,147,222,223
-161.068694,79.768408,5,6,146
-159.933741,79.834274,6,7,145,146,221,222
-159.700063,79.800324,7,8,144,145
-159.299936,79.800068,8,9,144,2003
-159.898825,79.398459,9,10,2003,2004,2008,2009
-160.132989,79.333573,10,11,22,23,141,2007,2008
-160.33349,79.300463,11,12,13,23,24,140
-160.133934,79.29829,11,140,141,203,204
-161.066738,79.066507,12,13,138,139
-160.332083,79.265635,12,139,140,202,203
-161.268023,79.066211,13,14,15,24,25,137,138
-162.399905,78.767619,14,15,328,329,387
-162.00051,78.834264,14,136,137,329
-162.799284,78.764756,15,16,17,25,26,328
-162.900741,78.733046,16,17,327,403,404
-162.800939,78.732741,16,328,387,388,404,405
-163.065946,78.766706,17,18,19,20,26,327
-163.267636,78.798981,18,19,325,326
-163.26578,78.734463,18,326,327,402,403
-163.767039,78.899271,19,20,325,1694
-163.767677,78.965997,20,21,22,23,24,25,26,1693,1694
-163.89848,78.966575,21,1687,1688,1692,1693
-179.799115,84.399563,27,28,413,414,415
-180.0,84.366667,27,407,408,414
-180.0,79.9,27,28,29,30,31,162,309
-179.799668,84.366455,28,29,412,413
-178.867209,84.332699,29,30,411,412
-178.066494,84.400677,30,31,410,411,794,795,798,799
-177.99878,84.400245,31,32,33,34,35,36,37,38,162,163,798
-177.801461,84.467929,32,33,425,426,797
-177.999465,84.431348,32,797,798,799,800
-177.799119,84.433503,33,34,424,425
-177.465413,84.433193,34,35,424,806,816,817
-177.266308,84.434462,35,36,815,816,828,829
-176.799509,84.430781,36,37,828,848,854,855
-176.633161,84.433562,37,38,853,854,861,862
-176.534387,84.434755,38,163,164,860,861
-175.866242,84.565268,39,40,893
-175.866364,84.599862,39,849,850,888,889,890,891,892,893
-176.032207,84.533001,39,40,41,164,165,850,851,859,860
-175.735378,84.566975,40,41,892,893,894,895,896,897,899,900
-175.599008,84.532901,41,42,43,44,165,166,899
-175.333879,84.534368,42,43,898,904,905
-175.599749,84.566704,42,898,899,900
-175.302356,84.533264,43,44,904,908,909,910,911,912,917,918
-175.00153,84.465776,44,166,167,917,936,937,942
-172.833306,84.53255,45,46,1014,1015
-174.201598,84.499578,45,940,941,1015,1016
-174.201686,84.465394,45,46,47,48,167,232,233,941,942
-172.431771,84.532969,46,47,1014,1166,1167,1168,1174
-172.200221,84.534018,47,48,1173,1174
-170.934058,84.565805,48,49,50,51,233,234,1172,1173
-170.033344,84.634079,49,50,1009,1010,1170,1171
-170.834251,84.599338,49,1171,1172
-169.934759,84.632853,50,51,1008,1009,1290,1296,1297
-169.033848,84.632535,51,52,53,54,55,56,57,58,59,168,169,227,228,229,234,1296
-168.065652,84.834437,52,53,1294,1295
-169.033638,84.666281,52,1295,1296,1297,1298,1299,1300
-168.032345,84.833039,53,54,1294,1385
-167.40029,84.90053,54,55,1274,1275,1384,1385,1386,1391
-167.399743,84.866183,55,56,1273,1274
-167.333734,84.867338,56,57,1273,1474,1475,1478
-167.000661,84.866464,57,58,1477,1478
-166.999803,84.831951,58,59,1476,1477
-166.465182,84.834058,59,60,168,1476
-164.700688,84.866037,60,61,62,63,64,168,169,1548
-166.466393,84.865596,60,1475,1476,1477,1478,1533,1548,1549
-163.765622,84.933417,61,62,1547,1554,1555,1747,1748
-164.699344,84.900089,61,1548,1549,1550,1551,1552,1553,1555
-162.899206,84.93236,62,63,1746,1747
-162.899299,84.899473,63,64,1745,1746
-162.634854,84.89885,64,65,169,170,211,212,227,1745
-161.931443,84.933125,65,66,170,1744
-162.633499,84.933389,65,1744,1745,1746,1747,1748,1749,1750,1751,1756
-161.232359,84.967075,66,67,170,171,172,211,1743
-161.932383,84.968131,66,1743,1744,1755,1756
-160.600029,84.999718,67,68,171,1742
-161.233729,84.999947,67,1742,1743,1754,1755
-159.86556,85.033829,68,69,171,172,1741
-160.600625,85.033756,68,1741,1742,1753,1754
-159.199178,85.06576,69,70,172,173,174,175,176,177,211,212,1740
-159.867703,85.06682,69,1740,1741,1752,1753
-158.834092,85.100909,70,71,72,73,74,75,76,173,1739
-159.19968,85.100167,70,1739,1740,1752
-158.465549,85.165209,71,72,1737,1738
-158.833685,85.133404,71,1738,1739,1751,1752,1753,1754,1755,1756
-157.5,85.2,72,73,1736,1737
-157.5,84.8,73,74,1051,1052
-158.233835,84.798861,74,75,1051
-158.232966,84.766851,75,76,1050,1051,1052,1053,1054,1055,1056,1089,1090
-159.29955,84.734083,76,77,78,173,174,1050
-160.299884,84.66526,77,78,1048,1049
-159.299745,84.700372,77,1049,1050,1088,1089
-160.96608,84.666567,78,79,174,175,1048
-161.800146,84.632135,79,80,175,176,1047
-161.133962,84.632782,79,1047,1048,1049,1087,1088
-162.699894,84.599849,80,81,176,177,1046
-161.966773,84.598379,80,1046,1047,1086,1087
-163.300147,84.566683,81,177,212,213,214,215,227,228,1044,1045
-162.699939,84.568273,81,1045,1046,1086
-163.365851,84.333202,82,83,1042
-163.000315,84.334698,82,1042,1043,1044,1045,1085,1086,1087,1088,1089,1090,1091,1092,1093,1099,1100
-163.566057,84.398809,82,83,84,178,1043
-163.36623,84.300918,83,84,1041,1042,1085
-164.098804,84.300481,84,85,178,179,1040,1041
-165.034673,84.133795,85,179,180,181,182,183,213,214,1038,1039
-164.765667,84.132986,85,1039,1040
-164.133237,83.933493,86,87,1037
-163.701137,84.066721,86,1037,1038,1039,1040,1041,1085,1099
-165.033908,84.066598,86,87,88,89,90,180,1038
-164.132233,83.899104,87,88,1036,1037,1084,1099,1100,1103
-164.401528,83.89982,88,89,1036
-164.66619,83.833409,89,90,1035,1036,1084
-165.133321,83.800138,90,91,92,180,181,1035
-165.632689,83.732852,91,92,1034,1082,1083
-165.133127,83.766277,91,1035,1083,1084,1098,1103,1104,1105,1107
-167.101391,83.799642,92,93,181,182,1034
-167.666429,83.766022,93,182,183,1032,1033
-167.099663,83.766003,93,1033,1034,1082
-168.967699,83.43411,94,95,1030,1081,1098,1102,1106,1107
-168.598088,83.499305,94,1031,1032,1033,1082,1083,1098
-168.567723,83.567519,94,95,184,1031
-169.665213,83.399062,95,96,184,185,1030
-170.498403,83.333639,96,97,98,99,185,186,1029
-169.666842,83.365681,96,1029,1030,1080,1081
-170.965599,83.232658,97,98,1028,1079,1080,1081,1097,1101,1102
-170.498817,83.299895,97,1029,1080
-171.599741,83.166945,98,99,1027,1028
-171.799682,83.167282,99,100,186,187,1027
-172.400373,83.099593,100,101,187,188,1026
-172.101044,83.098711,100,1026,1027,1028,1078,1079
-172.932512,83.032964,101,102,103,188,189,1025
-172.400324,83.067087,101,1025,1026,1077,1078
-173.568571,82.93357,102,103,1024,1075,1076
-172.932604,83.000169,102,1025,1076,1077
-173.79999,82.932189,103,189,215,228,229,1024
-172.633482,82.932088,104,105,1073,1095,1096
-173.632628,82.898935,104,1074,1075,1076,1077,1078,1079,1096,1097
-173.867445,82.833044,104,105,106,190,1074
-172.632591,82.899508,105,106,1072,1073
-172.166868,82.899429,106,107,190,216,217,218,230,1072
-171.233234,82.99928,107,108,109,191,192,193,216,1071
-172.165625,82.933854,107,1071,1072,1073,1094,1095
-170.801028,83.200009,108,109,1070,1094,1095,1096,1097,1101
-171.232859,83.032903,108,1071,1094
-170.466386,83.232868,109,110,191,1070
-170.1333,83.266161,110,111,112,113,191,192,1069
-170.466835,83.266699,110,1069,1070,1101,1102,1106
-169.600805,83.332995,111,112,1068,1104,1105
-170.133622,83.300219,111,1069,1105,1106,1107
-168.065814,83.26784,112,113,1067,1068
-168.067396,83.233762,113,192,193,1066,1067
-164.133436,83.400597,114,115,194,195,1063,1064
-164.667238,83.533999,114,1064,1065,1066,1067,1068,1093,1100,1103,1104
-164.66735,83.499994,114,194,1065
-163.568604,83.365794,115,116,195,196,1061,1062
-163.565404,83.399922,115,1062,1063
-163.20063,83.333691,116,196,197,1059,1060
-163.200442,83.366048,116,1060,1061
-160.666279,83.533083,117,118,1058,1091,1092
-162.433379,83.533373,117,1059,1060,1061,1062,1063,1064,1092,1093
-162.86785,83.333033,117,118,119,197,198,199,200,217,218,1059
-160.66812,83.499177,118,119,1057,1058
-159.966941,83.500725,119,120,121,122,198,1057
-159.100559,83.568228,120,121,1055,1056
-159.966177,83.532883,120,1056,1057,1058,1090,1091
-158.332753,83.467046,121,122,1054,1055
-158.331915,83.432739,122,123,124,125,126,127,198,199,1053,1054
-157.5,83.2,123,124,2106,2107
-157.5,83.4,123,1052,1053
-157.565724,83.202244,124,125,2106
-157.566832,83.166656,125,126,2105,2106,2107,2108,2109,2110
-158.333509,83.165856,126,127,2105
-158.333782,83.133245,127,128,199,200,2105,2110
-157.634272,83.099643,128,129,130,131,132,133,200,218,219,220,221,222,223,224,225,226,230,231,2108,2109
-157.632251,83.132358,128,2109,2110
-157.5,78.133333,129,130,2053,2054
-157.5,83.1,129,2107,2108
-158.366717,77.965377,130,131,333,334,2052,2053
-158.46597,78.298603,131,132,333
-159.433413,78.301082,132,133,332,333,334,335,336,337,389
-159.433583,78.334043,133,134,201,202,203,204,205,206,219,332
-159.932938,78.366262,134,135,201,331
-159.934476,78.331464,134,331,332,389,390,391,392,406
-161.167352,78.566555,135,136,137,138,139,201,202,330
-160.467899,78.366435,135,330,331,388,405,406
-161.800885,78.631963,136,329,330,387,388
-159.965839,79.332036,141,142,143,204,205,2007
-159.333869,79.599011,142,143,2005,2006
-159.966716,79.367306,142,2006,2007,2008,2009
-159.23338,79.601207,143,205,206,2005
-159.033349,79.800219,144,145,220,221,2003,2004
-163.932972,79.400179,148,149,207,1685,1686,1690
-164.733418,79.633036,149,150,151,152,207,208,209,210,225,226,322
-164.266533,79.232779,149,322,323,1685
-165.066354,79.400617,150,151,321,385,386,400,401
-164.733644,79.598732,150,322,323,324,386
-165.59938,79.300251,151,152,320,321
-166.300836,79.133826,152,153,154,155,156,157,158,208,320
-166.767255,78.900302,153,154,319,384,385,399,400
-166.300103,79.099466,153,320,321,385
-175.233277,78.900354,154,155,318,319
-175.366919,79.065696,155,156,317,318
-176.13413,79.399628,156,157,316,317
-176.132648,79.432168,157,158,315,316
-176.467435,79.633418,158,159,208,209,314,315
-177.13367,79.66617,159,160,161,209,210,312,313
-177.134267,79.635061,159,313,314
-178.532081,79.698667,160,161,310,311
-178.533143,79.66681,160,311,312
-179.401462,79.901122,161,162,163,164,165,166,167,210,226,231,232,309,310
-163.566624,84.432188,178,179,213,1043,1044
-168.165515,83.731771,183,184,185,186,187,188,189,214,215,1031,1032
-174.266184,82.766357,190,229,230,231,232,233,234,1024,1074,1075
-165.00007,83.235094,193,194,195,196,197,216,217,1065,1066
-159.033442,79.733258,206,219,220,2004,2005,2006,2009
-163.166059,79.366855,235,236
-163.366312,79.366967,235
-163.733586,79.099747,235,236,252,253
-162.665395,79.468284,236,237,253,254
-162.466131,79.500301,237,238,254,255
-162.667492,79.500047,237
-161.966055,79.566469,238,255,256
-162.200511,79.565869,238
-161.098771,79.667276,239,240,241,242,243,244,245,257,258,259
-161.466258,79.667127,239
-161.467454,79.634076,239,256,257
-159.934661,79.700571,240,241
-161.101521,79.699475,240
-159.93451,79.633141,241,242
-159.967074,79.632952,242,243
-160.399022,79.334367,243,244
-160.567607,79.332221,244,245
-161.166599,79.198349,245,246,247,258
-161.533216,79.067659,246,247
-161.165951,79.165988,246
-161.666323,79.068087,247,248,258,259
-162.034026,78.966769,248,249,250,251,252,253,254,255,256,257,259
-161.66398,79.034541,248
-162.132826,78.932278,249,250
-162.033419,78.932956,249
-163.100455,78.866365,250,251
-163.100003,78.901737,251,252
-179.800758,77.23236,260,261,383,384,398,399
-180.0,77.233333,260,309,310,311,312,313,314,315,316,317,318,319,384
-180.0,67.5,260,261,262,263,264,265,266,267,268,269,270,271,272,273,274,275,276,277,278,297,298
-179.235028,77.133495,261,262,382,383
-179.233832,77.100818,262,263,381,382
-178.632472,77.06613,263,264,380,381
-178.632924,77.033094,264,265,379,380
-177.598915,76.999205,265,266,379
-177.199708,76.999709,266,267,378,379,380,381,382,383,397,398
-176.766579,76.699894,267,268,377,378
-176.433346,76.566751,268,269,376,377
-175.966515,76.466905,269,270,375,376
-175.96598,76.433747,270,271,375
-175.634493,76.401818,271,272,374,375,376,377,378,396,397
-175.365523,76.332409,272,273,373,374
-175.366705,76.297711,273,274,373
-175.166395,76.301172,274,275,372,373,374,395,396
-175.16724,76.265961,275,276,371,372
-174.666482,76.265887,276,277,370,371
-174.667006,76.232801,277,278,369,370
-167.165716,76.233209,278,279,298,299,306,307,369
-167.000956,76.266963,279,280,281,299,368
-167.166282,76.267175,279,368,369,370,371,372,394,395
-166.232427,76.433203,280,281,366,367
-166.79903,76.333176,280,367,368,393,394
-166.100558,76.434293,281,282,299,300,301,302,307,308,366
-165.733205,76.566428,282,283,284,300,365
-166.099451,76.465628,282,365,366,367,393
-165.46599,76.600055,283,284,363,364
-165.732815,76.599132,283,364,365,392,393,394,395,396,397,398,399,400,401,402,403,404,405,406
-165.200315,76.433071,284,285,286,300,301,362,363
-164.332411,76.333843,285,286,360,361
-164.965719,76.435127,285,361,362
-164.333129,76.300369,286,301,302,359,360
-163.499494,76.232494,287,288,289,303,356,357
-163.499977,76.266109,287,357,358
-163.966386,76.268156,287,302,303,304,305,308,358,359
-162.199602,76.100764,288,289,354,355
-162.999997,76.232884,288,355,356
-162.200006,76.065615,289,290,291,303,304,353,354
-161.233193,75.934126,290,291,351,352
-161.233756,75.967225,290,352,353
-159.565731,74.965708,291,292,293,304,305,350,351
-159.132123,74.834104,292,293,348,349
-159.466996,74.965426,292,349,350
-159.133658,74.799833,293,294,295,305,306,307,308,347,348
-158.201794,74.665797,294,295,345,346
-158.866164,74.800219,294,346,347
-158.200568,74.633063,295,296,297,298,306,344,345
-157.5,67.5,296,297
-157.5,74.633333,296,343,344
-164.233719,79.100601,323,324,1685,1689,1690,1691
-164.234337,78.900555,324,325,326,386,401,402,1691,1692,1693,1694
-158.599389,77.866121,334,335,2052
-158.599792,77.833468,335,336,2052,2053,2054,2055,2068,2069,2070,2075
-158.367733,77.698638,336,337,2067,2068,2096
-158.365552,77.566311,337,338,389,390,2096,2101
-158.333188,77.300934,338,339,340,390,391,2099,2100
-158.333613,77.566236,338,2100,2101,2102,2103,2104
-158.165791,77.167628,339,340,2063,2064,2065,2066,2073,2074
-158.299942,77.299463,339,2064,2099
-158.166659,77.065839,340,341,342,343,344,345,346,347,348,349,350,351,352,353,354,355,356,357,358,359,360,361,362,363,364,391,392,2063
-157.565622,77.232643,341,342,2061,2062
-158.166156,77.099771,341,2062,2063,2072,2073
-157.5,77.233333,342,343,2060,2061
-179.433697,84.50058,407,408,432,433
-180.0,84.533333,407,416,417,433,435,436
-179.398776,84.499158,408,414,415,432,733,740,741
-178.06769,84.500755,409,410,738,739,794
-178.799564,84.499806,409,739,740,741,742
-178.79971,84.466883,409,410,411,412,413,415,740
-178.933654,84.767338,416,417,451,452,453
-180.0,84.7,416,442,443,444,445,452
-178.433581,84.700011,417,436,437,450,451
-177.965863,84.866498,418,419,751,752
-177.96659,84.833848,418,448,752,753
-177.966249,84.667331,418,419,420,421,422,423,438,439,440,441,448,449
-177.833669,84.86705,419,420,750,751,801
-177.766699,84.800366,420,421,801,804
-177.498467,84.800972,421,422,803,804,805
-177.332272,84.732489,422,423,803,807
-177.435717,84.466134,423,434,439,806,807,808,817,818
-177.465939,84.465631,424,425,426,427,428,429,434,806
-177.801208,84.499494,426,427,796,797,800
-177.632979,84.5,427,428,796
-177.799395,84.566859,428,429,736,737,795,796,799,800
-177.798973,84.60112,429,430,434,439,440,736
-178.233689,84.634172,430,440,441,734,735
-178.234407,84.599376,430,735,736,737,738,739,742
-179.400978,84.56655,431,432,433,435,733
-178.934052,84.600292,431,733,734,735,741,742
-178.934409,84.632399,431,435,436,437,438,441,734
-178.433262,84.668436,437,438,449,450
-179.297689,84.900849,442,443,461,462
-180.0,84.866667,442,454,462,463
-178.966361,84.865781,443,444,460,461,743
-178.966883,84.834363,444,445,743,744,756,757
-178.800549,84.79977,445,446,447,452,453,756
-178.332628,84.833197,446,447,754,755
-178.801743,84.832335,446,755,756,757
-178.333786,84.799233,447,448,449,450,451,453,753,754
-179.465191,85.000662,454,455,463,464,550
-180.0,85.0,454,465,550,590,606,609,610
-179.100194,85.032403,455,456,457,464,549
-179.465139,85.032695,455,549,550,589,590
-178.70119,85.097945,456,457,547,548,758
-179.099855,85.099614,456,548,549,588,589
-178.600379,85.000697,457,458,459,460,461,462,463,464,758,759,760,761,762,763
-178.133585,84.901296,458,459,744,745,746,747,748,749,750,751,752,753,754,755,757,764,765,766,767,787,788
-178.134524,84.998576,458,763,764
-178.666285,84.933711,459,460,743,744
-179.768122,86.532524,465,466,610,611,665
-180.0,86.533333,465,616,617,618,619,620,621,622,623,624,625,626,627,628,629,630,631,632,633,634,665,666
-178.700381,86.565824,466,467,611,612,664
-179.765735,86.566573,466,664,665,666,667,687,688,689
-177.899604,86.600808,467,468,612,613,663
-178.700477,86.602008,467,663,664,686,687
-177.266561,86.633544,468,469,551,591,613,614,662
-177.900279,86.631201,468,662,663,685,686
-176.833762,86.665348,469,470,551,661
-177.266592,86.667456,469,661,662,684,685
-176.299971,86.70079,470,471,551,552,591,660
-176.833112,86.699422,470,660,661,683,684
-175.867597,86.734665,471,472,552,659
-176.301248,86.733843,471,659,660,682,683
-175.167053,86.767884,472,473,552,591,607,614,615,658
-175.865826,86.766629,472,658,659,681,682
-174.599897,86.833665,473,474,475,592,593,594,595,596,607,657
-175.165441,86.800838,473,657,658,680,681
-174.065746,87.000144,474,475,655,656
-174.599982,86.866574,474,656,657,680
-173.999635,87.000806,475,553,554,555,556,557,558,559,560,561,562,563,564,565,592,654,655
-173.600301,87.266558,476,477,553,554,653
-174.000126,87.234041,476,653,654,655,656,680,681,682,683,684,685,686,687,689
-173.900348,87.166091,476,553,654
-173.13198,87.299941,477,478,554,555,652
-173.600349,87.300218,477,652,653,679,688,689
-172.567237,87.334349,478,479,555,556,651
-173.134798,87.334412,478,651,652,678,679
-171.200656,87.367746,479,480,556,557,650
-172.566823,87.368212,479,650,651,677,678
-169.766289,87.400017,480,481,482,557,558,649
-171.201309,87.399258,480,649,650,676,677
-169.735178,87.433446,481,482,647,648
-169.765044,87.432954,481,648,649,675,676
-169.734761,87.39933,482,483,558,559,646,647
-165.765913,87.467278,483,484,559,560,645
-168.033854,87.432967,483,645,646
-164.398961,87.499266,484,485,560,561,644
-165.767439,87.500975,484,644,645,646,647,648,674,675
-163.333179,87.531642,485,486,561,562,643
-164.400316,87.534383,485,643,644,673,674
-162.134258,87.567096,486,487,562,563,642
-163.332709,87.565694,486,642,643,672,673
-161.334055,87.600586,487,488,563,564,641
-162.134581,87.599845,487,641,642,671,672
-160.198073,87.632803,488,489,564,565,640
-161.333079,87.633971,488,640,641,670,671
-159.132741,87.666984,489,490,491,565,566,567,568,569,570,571,572,573,574,575,576,592,593,639
-160.200491,87.666045,489,639,640,669,670
-157.5,87.7,490,491,637,638
-159.133799,87.699648,490,638,639,668,669
-157.5,86.566667,491,492,566,2028,2029,2030,2031,2032,2033,2034,2035
-158.699486,86.632749,492,493,566,567,1328
-158.700336,86.567117,492,1328,1329,2027,2028
-158.999943,86.666289,493,494,567,568,1327
-158.999141,86.63418,493,1327,1328,1329,1330,1331,1358,1359
-160.266155,86.700431,494,568,569,1325,1326
-160.265481,86.665632,494,1326,1327,1357,1358
-163.367125,86.664506,495,496,570,571,1324
-162.333117,86.666439,495,1324,1325,1326,1356,1357
-162.332886,86.699349,495,569,570,1325
-164.199645,86.599805,496,497,571,572,1323
-163.366015,86.634222,496,1323,1324,1356
-165.066971,86.532994,497,498,499,500,501,572,573,1322
-163.96609,86.532882,497,1322,1323,1355,1356,1357,1358,1359,1360,1361,1362,1363,1364,1365,1366,1367,1368
-165.633929,86.501127,498,499,1320,1321
-165.634421,86.466038,498,1321,1322,1354,1355
-166.065622,86.50039,499,500,1319,1320
-166.066037,86.531891,500,501,1318,1319
-166.40098,86.533044,501,502,573,574,1318
-167.401812,86.500627,502,503,574,575,1317
-166.399728,86.499181,502,1317,1318,1319,1320,1321,1353,1354
-168.101016,86.465903,503,504,575,576,1316
-167.398759,86.467281,503,1316,1317,1352,1353
-168.500083,86.432434,504,576,593,594,1314,1315
-168.097635,86.433273,504,1315,1316,1351,1352
-168.600328,86.100602,505,506,596,607,608,615,1348,1349
-168.599376,86.132973,505,1349,1350
-169.033426,86.198438,505,595,596,1314,1315,1350,1351
-168.232658,86.066328,506,507,597,598,599,600,601,602,603,604,605,608,1347
-168.232196,86.099588,506,1347,1348
-166.733232,86.066014,507,508,509,510,577,578,597,1346
-167.965597,86.100271,507,1346,1347,1348,1349,1350,1351,1352,1353,1354,1355,1368
-166.300784,86.100391,508,509,1344,1345
-166.731617,86.100293,508,1345,1346,1367,1368
-166.300017,86.066989,509,510,1343,1344
-165.668371,86.066401,510,511,577,1343,1571,1577
-165.366584,86.034016,511,512,513,514,515,577,578,1576
-165.366679,86.066816,511,1576,1577,1578,1579,1580,1581
-165.034872,85.866597,512,513,1493,1494,1495,1496,1497,1508,1509,1510,1511
-165.033697,86.034144,512,1494,1575,1576,1581
-166.033418,85.901352,513,514,1493
-166.765937,85.799613,514,515,1479,1480,1493,1507,1508
-167.165294,85.800033,515,578,579,597,598,1479
-167.400963,85.700009,516,517,1376,1377,1395,1396
-167.167013,85.700841,516,1396,1397
-167.166635,85.733883,516,517,579,1397,1398,1479,1480,1481,1490
-168.700595,85.600373,517,579,580,598,599,1376
-168.166933,85.401363,518,519,1392,1410,1411
-167.968772,85.500317,518,1381,1393,1394,1411,1412
-168.400183,85.532553,518,519,520,521,522,523,524,525,526,527,528,580,1376,1377,1378,1381,1382
-168.466824,85.39919,519,520,1370,1371,1392
-168.634348,85.400124,520,521,1369,1370
-168.766247,85.334883,521,522,1267,1369
-169.000295,85.26543,522,523,1266,1267,1283,1284
-169.066021,85.2669,523,524,1265,1266,1313
-169.331813,85.36552,524,525,1312,1313
-169.333608,85.399739,525,526,1311,1312
-169.632536,85.366781,526,527,1218,1311
-170.131041,85.432675,527,528,1217,1218,1219,1220,1225
-170.499641,85.433381,528,529,530,580,581,582,583,584,599,600,1217
-170.766693,85.331927,529,530,1176,1177
-170.766892,85.267357,529,1177,1178,1216,1217,1224,1225,1226,1227
-171.064749,85.331811,530,531,581,1176
-171.566628,85.300599,531,532,533,581,582,1175
-171.064931,85.300646,531,1175,1176,1177,1178,1182,1183
-172.166147,85.200149,532,533,1151,1152,1180,1181
-171.567342,85.265752,532,1175,1181,1182
-172.832152,85.233228,533,534,535,582,583,1150,1151
-173.134171,85.234389,534,535,983,984,1129
-172.834466,85.198004,534,1129,1133,1134,1150
-173.866851,85.30148,535,583,584,982,983
-174.466034,85.265782,536,537,538,539,585,980,981
-174.132858,85.264711,536,981,982,983,984,985,986,988,989
-174.132926,85.298674,536,584,585,586,600,601,982
-174.60046,85.200174,537,538,867,868,922,923
-174.534149,85.201872,537,923,924,980
-174.865715,85.334187,538,539,866,867
-174.866708,85.366675,539,540,585,586,866
-174.900715,85.499105,540,541,586,601,602,865,873,874
-175.266624,85.367429,540,866,867,868,874,875,876,877,878
-175.567392,85.532075,541,587,602,603,863,864
-175.566583,85.500786,541,864,865
-177.299411,85.565922,542,543,717,718,821
-176.532572,85.53286,542,821,822,837
-176.501129,85.533356,542,543,587,837,838,863
-177.935014,85.599528,543,544,587,603,604,717
-178.499419,85.600099,544,604,605,715,716
-177.76641,85.531611,544,716,717,718,728,729,730,731,732
-179.433175,85.431839,545,588,589,590,606,726,727
-179.432361,85.467136,545,727,728,732
-179.767502,85.464833,545,606,609,715,716,728
-178.500073,85.234267,546,547,725,758,759
-179.000343,85.466371,546,725,726,727,731,732
-178.998462,85.433453,546,547,548,588,726
-169.001217,86.298916,594,595,1314
-179.801234,85.566093,605,608,609,610,611,612,613,614,615,715
-179.832927,89.466329,616,617,713,714
-180.0,89.5,616,690,714
-177.666336,89.433498,617,618,712,713
-176.499931,89.43279,618,619,711,712
-176.365008,89.400721,619,620,710,711
-174.933161,89.399614,620,621,709,710
-174.93275,89.365908,621,622,708,709
-173.233684,89.3677,622,623,707,708
-173.233557,89.335264,623,624,706,707
-172.431863,89.332423,624,625,705,706
-172.433457,89.298812,625,626,704,705
-171.066032,89.300652,626,627,703,704
-171.065932,89.26782,627,628,702,703
-169.599343,89.235458,628,629,701,702
-168.6664,89.233596,629,630,700,701
-168.665979,89.200284,630,631,699,700
-167.300235,89.200449,631,632,698,699
-167.232225,89.165995,632,633,697,698
-165.298918,89.134859,633,634,696,697
-163.700667,89.100393,634,635,666,667,695,696
-161.667404,89.06821,635,636,667,668,669,670,671,672,673,674,675,676,677,678,679,688,693,694
-161.667882,89.100651,635,694,695
-158.96658,89.033424,636,637,638,668,691,692
-158.967237,89.066279,636,692,693
-157.5,89.033333,637,691
-157.5,90.0,690,691,692,693,694,695,696,697,698,699,700,701,702,703,704,705,706,707,708,709,710,711,712,713,714
-180.0,90.0,690
-177.067323,85.433398,718,719,720,721,722,729,821,822
-176.732172,85.466413,719,720,845,846,847
-176.834779,85.466472,719,822,837,838,846
-176.633979,85.331911,720,721,768,844,845
-176.633717,85.30042,721,722,767,768,769,788,789
-177.365666,85.333425,722,723,724,729,730,766,767
-177.800889,85.234392,723,724,760,761
-177.49982,85.265757,723,761,762,765,766
-178.199531,85.33316,724,725,730,731,759,760
-177.999629,84.566682,737,738,794,795
-177.367696,84.933825,745,746,785,786
-177.366851,84.966787,745,786,787
-177.032288,84.933801,746,747,785,832,833,834,835,836
-176.967484,84.933201,747,748,810,836
-176.965585,84.866916,748,749,809,810,819,820
-177.134175,84.86663,749,750,801,802,804,805,809
-177.867437,85.133127,762,763,764,765
-176.467343,85.332596,768,769,843,844,879
-176.432089,85.267846,769,770,771,789,790,879,880,881,885
-175.201115,85.133123,770,771,883,884
-175.965355,85.265654,770,884,885,886,887
-175.200891,85.100357,771,772,773,774,775,776,790,792,793,883
-174.834717,85.134233,772,773,869
-174.834121,85.167253,772,869,875,876,882,883,884,887
-174.73278,85.133,773,774,868,869,875,922
-174.734176,85.06604,774,775,921,922,923,924,925,926,927,928,929,930,934,935
-175.165462,84.966219,775,776,920,921
-175.301409,84.966842,776,791,793,920
-175.165386,84.766246,777,778,901,902,932,933
-175.166614,84.866334,777,933,934,935
-175.29992,84.932638,777,778,779,780,781,782,783,791,920,921,934
-175.466958,84.73244,778,779,895,896,901
-175.534415,84.733607,779,780,890,891,894,895
-175.76631,84.768356,780,781,811,889,890
-175.965774,84.93326,781,782,810,811,812,813,814,820,835,836
-175.967286,84.966415,782,783,834,835
-175.497797,85.034162,783,784,791,792,793,833,834
-176.533367,85.067965,784,785,786,787,788,789,790,792,832
-176.53334,85.033694,784,832,833
-177.26592,84.800968,802,803,805,807,808
-177.132596,84.798489,802,808,809,818,819
-175.86733,84.699339,811,812,825,826,827,830,888,889
-176.166619,84.833495,812,813,824,825
-176.164898,84.865428,813,814,823,824
-176.632547,84.834881,814,815,816,817,818,819,820,823
-176.633445,84.799272,815,823,824,825,829,830,831
-176.066491,84.666967,826,827,849,850,851,856,857
-175.867264,84.633527,826,849,888
-176.233813,84.734365,827,830,831,848,855,856
-176.801088,84.666023,828,829,831,848
-176.366823,85.466756,838,839,846,847,863,864,865,873
-175.632637,85.366828,839,840,841,842,843,844,845,847,872
-175.933713,85.434442,839,872,873,874,878
-175.566992,85.266754,840,841,870,871,881,885,886
-175.566581,85.367425,840,871,872,877,878
-175.90007,85.300312,841,842,880,881
-175.898842,85.333871,842,843,879,880
-176.233222,84.63334,851,852,857,859
-176.464785,84.601315,852,853,854,855,856,857,858
-176.232953,84.59817,852,858,859,860,861,862
-176.46557,84.565533,853,858,862
-175.400578,85.2666,870,882,886,887
-175.400726,85.299377,870,871,876,877,882
-175.733414,84.598213,891,892,894
-175.499041,84.66758,896,897,901,902,906
-175.4008,84.666398,897,898,900,905,906,907
-175.068073,84.700687,902,903,906,907,909,910,931,932
-175.299998,84.633796,903,904,905,907,908
-175.200005,84.63213,903,908,909
-174.999856,84.69828,910,911,931,943,947
-174.765606,84.700813,911,912,946,947,948,950
-174.76721,84.599794,912,913,918,919,946
-174.53311,84.566732,913,914,915,916,919,945
-174.533179,84.600978,913,945,946,949,950
-174.499849,84.533209,914,915,937,938,939,940,941,942
-174.499015,84.566768,914,938,945,949
-174.566464,84.532289,915,916,936,937
-175.001156,84.566473,916,917,918,919,936
-174.499322,85.131914,924,925,961,980,981,988
-174.533526,85.066057,925,926,961,962,963,972,973
-174.133236,85.032373,926,927,951,952,972
-174.233149,84.866215,927,928,951
-174.234224,84.832461,928,929,951,952,953,959,960
-174.734055,84.733352,929,930,943,944,947,948,958,959
-174.999699,84.73313,930,931,932,933,935,943
-174.432907,84.566255,938,939,944,948,949,950,990,991,1017
-174.331748,84.566499,939,940,1016,1017,1021,1022
-174.432559,84.700885,944,958,990
-174.100267,85.03341,952,953,972,973,974,975,976,979,1108
-174.099311,84.99989,953,954,955,956,957,960,1108,1116
-174.000401,84.968165,954,955,1115,1121,1122
-173.999896,85.000685,954,1116,1117,1122
-174.064669,84.968896,955,956,1115
-174.066738,84.76724,956,957,1114,1115,1120,1121,1123
-174.066819,84.732732,957,958,959,960,990,991,1123,1124,1128
-174.099628,85.13411,961,962,987,988,989
-174.100807,85.100325,962,963,987
-173.632472,85.100759,963,964,973,974,986,987,989
-173.499618,85.099334,964,965,974,975,984,985,1129,1133
-173.633869,85.132531,964,985,986
-173.167204,85.065131,965,975,976,1131,1132
-173.16727,85.099863,965,1132,1133,1134
-172.268036,85.034371,966,967,1140,1141,1161,1162
-172.266618,85.067252,966,1162,1163
-172.599182,85.0657,966,967,968,969,976,977,978,979,1130,1131,1163,1164
-172.465663,84.998779,967,968,1135,1136,1138,1140
-173.134277,84.998911,968,969,1110,1111,1135
-173.366337,84.99947,969,970,977,1110
-173.765799,84.966818,970,971,977,978,1109
-173.367294,84.965572,970,1109,1110,1111,1118
-173.901001,85.033207,971,978,979,1108,1116,1117
-173.766897,84.934721,971,1109,1117,1118,1119,1120,1121,1122
-172.967795,84.633672,991,992,993,994,1017,1018,1022,1023,1127,1128
-172.033359,84.833435,992,993,1145,1146
-172.36673,84.833577,992,1126,1127,1146,1147
-171.967299,84.83389,993,994,1144,1145,1189,1190
-171.766374,84.83258,994,995,996,997,998,999,1018,1188,1189
-171.099453,84.932764,995,996,1212,1213
-171.099942,84.967419,995,1187,1188,1213,1214
-171.06625,84.933134,996,997,1211,1212,1228
-171.06665,84.866387,997,998,1228,1229,1230,1236,1237
-170.73359,84.800842,998,999,1236,1241,1242,1243,1246
-170.43362,84.766491,999,1000,1018,1019,1020,1023,1245,1246
-169.999671,84.800012,1000,1001,1002,1003,1004,1005,1006,1007,1008,1009,1010,1011,1019,1244,1262,1263,1280,1281
-170.132422,84.832299,1000,1244,1245
-169.301426,84.866707,1001,1002,1278,1279
-169.766571,84.833296,1001,1279,1280
-168.933245,84.866433,1002,1003,1277,1278,1303
-169.100003,84.766185,1003,1004,1302,1303,1304,1305,1306,1307,1310
-169.466925,84.766414,1004,1005,1302
-169.466452,84.73289,1005,1006,1301,1302,1309,1310
-169.768032,84.733306,1006,1007,1301
-169.765887,84.665392,1007,1008,1290,1301,1308,1309
-170.033476,84.665852,1010,1011,1169,1170
-171.0327,84.701427,1011,1012,1013,1019,1020,1169
-171.366422,84.665655,1012,1013,1167,1168
-171.365344,84.63248,1012,1168,1169,1170,1171,1172,1173,1174
-171.834135,84.667665,1013,1020,1021,1022,1023,1166,1167
-172.433725,84.5675,1014,1015,1016,1021,1166
-173.132743,84.866212,1111,1118,1119,1135,1137,1138
-173.599237,84.731891,1112,1113,1124,1125,1126,1127,1128
-172.833037,84.8323,1112,1125,1148,1149
-172.867204,84.832692,1112,1113,1114,1119,1120,1137,1139,1149
-173.598963,84.768155,1113,1114,1123,1124
-172.467382,84.834171,1125,1126,1147,1148
-172.600747,85.101654,1130,1164,1165
-172.833899,85.100222,1130,1131,1132,1134,1150,1151,1152,1165
-172.867691,84.898804,1136,1137,1138,1139
-172.465738,84.899395,1136,1139,1140,1141,1142,1143,1144,1145,1146,1147,1148,1149
-172.100856,85.033998,1141,1142,1160,1161,1184
-172.099581,84.967749,1142,1143,1184,1191
-171.999739,84.966621,1143,1144,1190,1191
-171.933979,85.167434,1152,1153,1154,1155,1156,1157,1158,1159,1160,1161,1162,1163,1164,1165,1180
-171.099618,85.233465,1153,1154,1179,1216,1224
-171.931064,85.199979,1153,1179,1180,1181,1182,1183
-171.068187,85.234107,1154,1155,1223,1224,1227
-171.067034,85.201114,1155,1156,1193,1222,1223
-171.433478,85.132923,1156,1157,1192,1193,1202,1203
-171.599254,85.134187,1157,1158,1192
-171.600294,85.066712,1158,1159,1185,1192,1201,1202
-171.601212,85.034309,1159,1160,1184,1185,1186,1187,1188,1189,1190,1191
-171.100278,85.268004,1178,1179,1183,1216
-171.500808,85.067295,1185,1186,1201,1208,1215
-171.234145,85.065726,1186,1187,1214,1215
-170.766382,85.199028,1193,1194,1203,1204,1205,1206,1207,1222
-170.599516,85.23209,1194,1195,1204,1221
-170.766787,85.233241,1194,1221,1222,1223,1226,1227
-169.667793,85.199278,1195,1196,1197,1198,1199,1204,1205,1219,1220,1264
-170.600963,85.300273,1195,1220,1221,1225,1226
-169.43394,85.166029,1196,1197,1263,1281,1282
-169.432849,85.19992,1196,1264,1265,1266,1282,1283
-169.966268,85.166938,1197,1198,1231,1232,1262,1263
-170.233471,85.16723,1198,1199,1231,1239,1240
-170.798156,85.165752,1199,1205,1206,1209,1210,1238,1239
-171.501326,85.101311,1200,1201,1202,1203,1207,1208
-171.06848,85.099447,1200,1208,1209,1210,1211,1212,1213,1214,1215
-171.065882,85.133466,1200,1206,1207,1209
-170.902715,85.000863,1210,1211,1228,1229,1238
-169.667659,85.233016,1218,1219,1264,1265,1311,1312,1313
-170.899094,84.967089,1229,1230,1238,1239,1240
-170.533848,84.964491,1230,1231,1232,1233,1234,1235,1237,1240
-170.032907,84.932307,1232,1233,1243,1244,1245,1246,1262
-170.199056,84.931503,1233,1234,1242,1243
-170.532364,84.8656,1234,1235,1241,1242
-170.733342,84.866056,1235,1236,1237,1241
-170.200635,83.065654,1247,1248,1256,1257
-170.400337,83.067089,1247
-170.399427,83.03274,1247,1255,1256
-170.000688,83.099517,1248,1249,1257,1258
-170.19948,83.100167,1248
-169.83363,83.133738,1249,1250,1251,1258,1259
-170.000126,83.133777,1249
-169.733072,83.1673,1250,1251
-169.832753,83.167555,1250
-169.366615,83.201429,1251,1252,1259,1260
-169.567162,83.135177,1252,1253,1260,1261
-169.367425,83.134579,1252
-169.834422,83.10043,1253,1254,1261
-169.566474,83.100817,1253
-170.10174,83.066533,1254,1255,1256,1257,1258,1259,1260,1261
-169.832419,83.067973,1254
-170.100827,83.032339,1255
-168.767045,85.233693,1267,1268,1284,1285,1369,1370,1371,1372,1373,1375
-168.467667,85.199418,1268,1285,1286,1374
-168.465514,85.233105,1268,1374,1375
-167.733462,85.200365,1269,1270,1271,1272,1287,1288,1289,1415,1416,1417,1418,1419,1420,1421,1445
-167.733012,85.300391,1269,1406,1407,1415
-168.034139,85.233129,1269,1286,1287,1373,1374,1375,1407,1408
-166.631819,85.101463,1270,1271,1444,1449,1450
-167.199121,85.164603,1270,1445,1446,1450,1451
-166.5338,85.000597,1271,1272,1443,1444,1523
-166.532622,84.934057,1272,1273,1274,1275,1288,1474,1523,1532
-167.399297,84.999787,1275,1288,1289,1383,1384
-168.566705,84.865828,1276,1277,1303,1304,1389,1390
-168.400697,85.000563,1276,1383,1384,1390,1391
-168.399915,85.03363,1276,1277,1278,1279,1280,1281,1282,1283,1284,1285,1286,1287,1289,1383
-169.333576,84.701142,1290,1291,1297,1298,1308
-168.83352,84.73291,1291,1292,1298,1299,1306,1307
-169.332858,84.733119,1291,1307,1308,1309,1310
-168.268309,84.833877,1292,1293,1299,1300,1387
-168.3001,84.833769,1292,1305,1306,1387,1388
-168.031766,84.867114,1293,1294,1295,1300,1385,1386
-168.265267,84.86736,1293,1386,1387,1388,1389,1390,1391
-168.302119,84.866685,1304,1305,1388,1389
-158.833608,86.566176,1329,1330,2027
-159.066777,86.500417,1330,1331,2027,2028,2035
-159.334378,86.467175,1331,1332,1359,1360,2021,2034,2035
-160.000742,86.365951,1332,1333,1334,1360,1361,1954
-159.40119,86.401109,1332,1954,1955,2021,2022,2023,2024,2026
-160.165715,86.333506,1333,1334,1952,1953
-160.166258,86.299686,1333,1953,1954,1955,1956,1963
-160.532545,86.333293,1334,1335,1336,1337,1338,1361,1362,1952
-161.232461,86.133171,1335,1336,1839,1840,1850,1851,1961,1962
-160.432847,86.267518,1335,1952,1953,1962,1963
-161.633524,86.13309,1336,1337,1838,1839
-161.632766,86.16817,1337,1338,1837,1838
-162.432502,86.167088,1338,1339,1362,1363,1836,1837
-163.066614,86.000232,1339,1340,1341,1363,1364,1759,1798
-162.434613,86.100305,1339,1798,1799,1836
-164.465839,86.033588,1340,1341,1572,1573,1579,1580
-163.133024,85.966323,1340,1573,1758,1759,1760,1761,1769,1770
-164.466227,86.066001,1341,1342,1364,1365,1572
-164.800511,86.101069,1342,1365,1366,1571,1577,1578
-164.799591,86.065673,1342,1572,1578,1579
-165.666519,86.100877,1343,1344,1345,1366,1367,1571
-168.466822,85.364934,1371,1372,1392,1409,1410
-168.065451,85.333074,1372,1373,1408,1409
-167.399919,85.666979,1377,1378,1395
-166.934907,85.699524,1378,1379,1380,1382,1395,1396,1397,1398,1399,1400,1401,1402,1413
-167.433428,85.633628,1379,1380,1393,1394
-166.799961,85.632508,1379,1394,1412,1413,1414
-167.965571,85.565201,1380,1381,1382,1393
-166.632602,85.733556,1398,1399,1489,1490,1491,1492
-166.632703,85.700129,1399,1400,1488,1489
-166.566701,85.699842,1400,1401,1487,1488,1521
-166.56601,85.600019,1401,1402,1512,1513,1521,1522
-166.699136,85.59939,1402,1403,1404,1405,1413,1414,1512
-166.700167,85.533967,1403,1404,1453,1454,1461
-166.699027,85.565933,1403,1453,1512,1513,1520
-167.334455,85.46567,1404,1405,1452,1460,1461,1465,1466
-167.533828,85.466084,1405,1406,1407,1408,1409,1410,1411,1412,1414,1452
-167.466201,85.333139,1406,1415,1416,1452,1459,1460
-167.367322,85.333055,1416,1417,1459,1467,1468,1469,1473
-167.266244,85.332932,1417,1418,1472,1473
-167.26806,85.300394,1418,1419,1471,1472
-167.068165,85.334389,1419,1420,1457,1470,1471
-167.066693,85.300019,1420,1421,1456,1457,1462
-166.233282,85.299032,1421,1422,1423,1424,1425,1445,1446,1455,1456
-165.633847,85.533268,1422,1423,1516,1517,1582
-165.865815,85.534077,1422,1455,1517,1518
-165.633025,85.498933,1423,1424,1582,1592
-165.266183,85.400301,1424,1425,1591,1592,1593,1594,1595
-164.532763,85.400573,1425,1426,1427,1428,1429,1446,1447,1451,1590,1591
-164.467678,85.500051,1426,1427,1679
-164.600245,85.500675,1426,1589,1590,1670,1679,1680
-164.366403,85.501298,1427,1428,1625,1678,1679,1680,1681,1682,1683,1684
-164.299216,85.299563,1428,1429,1624,1625,1645,1646
-164.700589,85.265337,1429,1430,1431,1432,1447,1624
-165.130953,85.199836,1430,1431,1557,1558,1623
-164.699622,85.233285,1430,1623,1624,1644,1645
-165.465094,85.199776,1431,1432,1556,1557
-166.301214,85.233486,1432,1447,1448,1449,1450,1451,1556
-165.267533,85.100257,1433,1434,1559,1596
-165.466248,85.16627,1433,1559,1560
-166.166668,85.166826,1433,1434,1435,1436,1437,1438,1439,1440,1441,1442,1448,1556,1557,1558,1560
-165.301212,85.033726,1434,1435,1561,1562,1596,1597,1598,1611
-165.967073,85.066329,1435,1436,1561
-165.967108,84.999122,1436,1437,1536,1537,1561,1562,1563,1564
-166.100447,84.999999,1437,1438,1535,1536
-166.200742,85.001573,1438,1439,1527,1528,1535
-166.198697,85.032821,1439,1440,1526,1527
-166.298961,85.033041,1440,1441,1525,1526
-166.300752,85.067044,1441,1442,1524,1525
-166.433596,85.066586,1442,1443,1444,1448,1449,1524
-166.432843,85.001603,1443,1523,1524,1525,1526,1527,1528,1529,1530,1531,1532
-166.366911,85.566537,1453,1454,1519,1520
-166.366133,85.533552,1454,1455,1456,1461,1462,1463,1464,1466,1518,1519
-166.965807,85.334083,1457,1462,1463,1470
-167.167236,85.433591,1458,1464,1465,1466,1467,1468
-167.166218,85.400852,1458,1468,1469
-166.966478,85.398205,1458,1463,1464,1469,1470,1471,1472,1473
-167.368489,85.368082,1459,1460,1465,1467
-166.468127,84.933782,1474,1475,1531,1532,1533
-165.735067,85.767057,1480,1481,1506,1507
-165.73355,85.73308,1481,1490,1491,1505,1506
-164.732811,85.733992,1482,1483,1500,1501
-164.898838,85.734057,1482,1501,1502,1621,1622
-165.23289,85.732375,1482,1483,1484,1485,1491,1492,1505,1619,1622
-164.732137,85.699987,1483,1484,1499,1500,1652,1653,1654,1657
-164.932354,85.699873,1484,1485,1566,1567,1651,1656,1657
-165.435356,85.699298,1485,1486,1487,1488,1489,1492,1566
-165.734364,85.666895,1486,1487,1521,1522,1565
-165.433804,85.666544,1486,1565,1566,1567,1570
-164.133305,85.967543,1494,1495,1574,1575
-164.133566,85.933284,1495,1496,1574
-163.368039,85.931668,1496,1497,1573,1574,1575,1580,1581,1757,1758
-163.700783,85.766264,1497,1498,1509,1695,1696,1757
-164.498112,85.800431,1498,1499,1500,1501,1502,1503,1509,1510,1663,1664
-164.168716,85.733508,1498,1664,1665,1695
-164.599789,85.73323,1499,1652,1663
-164.900119,85.800994,1502,1503,1620,1621
-165.033065,85.83371,1503,1504,1510,1511,1620
-165.233175,85.801581,1504,1505,1506,1507,1508,1511,1619
-165.032394,85.800633,1504,1619,1620,1621,1622
-165.733901,85.60091,1513,1514,1515,1516,1517,1518,1519,1520,1522,1565,1569,1570
-165.165506,85.533331,1514,1515,1568,1583
-165.167045,85.56555,1514,1568,1569
-165.167697,85.498927,1515,1516,1582,1583,1584,1585,1592,1593
-166.200339,84.967444,1528,1529,1534,1535,1536,1537,1550,1551
-166.299923,84.966179,1529,1530,1534
-166.300177,84.932631,1530,1531,1533,1534,1549,1550
-165.400019,84.933303,1537,1538,1539,1551,1552,1564
-165.266555,84.966481,1538,1539,1608,1609
-165.267087,85.000446,1538,1563,1564,1609,1610
-164.734644,84.96647,1539,1540,1541,1552,1553,1608
-164.166179,85.06812,1540,1541,1613,1614,1615,1616,1617,1618
-164.734043,84.998419,1540,1608,1609,1610,1614
-163.799705,85.066653,1541,1542,1553,1554,1555,1607,1612,1613
-163.065719,85.232553,1542,1543,1544,1545,1546,1547,1554,1791
-163.199532,85.232812,1542,1606,1607,1791,1792
-161.60134,85.333714,1543,1544,1728,1729,1790,1898,1910
-162.699674,85.333664,1543,1790,1791,1792,1793,1797
-162.300288,85.265946,1544,1545,1727,1728
-162.466531,85.201324,1545,1546,1727
-162.199198,85.13325,1546,1547,1727,1728,1729,1730,1748,1749
-165.132774,85.166988,1558,1559,1560,1596,1597,1623,1643,1644
-165.268095,85.03301,1562,1563,1610,1611,1614,1615
-165.000031,85.599108,1567,1568,1569,1570,1583,1584,1651
-164.999267,85.565854,1584,1585,1651,1655,1656
-164.965839,85.567117,1585,1586,1587,1593,1594,1655
-164.7345,85.599247,1586,1587,1653,1654,1658
-164.967466,85.599542,1586,1654,1655,1656,1657
-164.733956,85.565719,1587,1588,1594,1595,1658,1662
-164.666586,85.531632,1588,1589,1590,1591,1595,1660,1661
-164.667956,85.567695,1588,1661,1662
-164.599966,85.534156,1589,1659,1660,1670
-164.733614,85.099122,1597,1598,1642,1643
-164.433627,85.101819,1598,1599,1611,1615,1616,1642
-164.199959,85.132738,1599,1600,1616,1617,1641
-164.433506,85.132649,1599,1641,1642,1643,1644,1645,1646,1647,1650
-163.700416,85.199851,1600,1617,1618,1639,1640
-164.200464,85.167122,1600,1640,1641,1649,1650
-162.267209,85.501151,1601,1602,1635,1636,1781,1782
-162.898858,85.466474,1601,1636,1637
-162.899959,85.434249,1601,1602,1603,1604,1605,1606,1607,1612,1637,1638
-162.266506,85.400119,1602,1603,1781
-162.265417,85.366727,1603,1604,1780,1781,1782,1783,1784,1785,1786,1793,1794,1795,1796,1797
-162.865684,85.366549,1604,1605,1780
-162.867135,85.332813,1605,1606,1780,1792,1793
-163.200928,85.33418,1612,1613,1618,1638,1639
-164.133906,85.432941,1625,1626,1646,1647,1678
-163.299909,85.500048,1626,1647,1648,1649,1650,1676,1677
-164.132477,85.496706,1626,1677,1678,1684
-163.366647,85.599566,1627,1628,1674,1700,1701
-163.365462,85.566944,1627,1674,1675
-163.30005,85.565942,1627,1628,1648,1675,1676
-162.967333,85.600017,1628,1629,1630,1631,1632,1633,1634,1635,1636,1637,1638,1639,1640,1648,1649,1700,1808,1811,1812
-161.600421,85.664576,1629,1630,1821,1822,1919
-162.767456,85.666022,1629,1811,1813,1814,1815,1822,1823
-161.600525,85.633265,1630,1631,1919,1920,1921,1922
-161.367384,85.633779,1631,1632,1922,1944
-161.36579,85.599603,1632,1633,1874,1875,1944,1945,1951
-161.733866,85.533289,1633,1634,1783,1784,1874
-162.166647,85.499857,1634,1635,1782,1783
-164.63326,85.599766,1652,1653,1658,1659,1660,1661,1662,1663,1664,1665,1666,1669
-164.266793,85.533821,1659,1668,1669,1670,1680,1681
-164.164897,85.667146,1665,1666,1695,1696,1697
-164.166523,85.599151,1666,1667,1668,1669,1697,1698,1699,1705
-164.133001,85.56682,1667,1668,1671,1681,1682
-164.134144,85.599985,1667,1671,1704,1705,1706
-163.766905,85.566777,1671,1672,1673,1682,1683,1704
-163.532641,85.599727,1672,1673,1702,1703
-163.769218,85.600944,1672,1703,1704,1706
-163.532877,85.56626,1673,1674,1675,1676,1677,1683,1684,1701,1702
-164.166058,79.099686,1688,1689,1691,1692
-163.70072,85.698904,1696,1697,1698,1757,1758,1768,1769
-163.297945,85.700399,1698,1699,1767,1768
-162.999329,85.701376,1699,1700,1701,1702,1703,1705,1706,1766,1767,1808
-163.366679,81.46618,1707,1708
-163.665662,81.467311,1707
-163.899624,81.367273,1707,1708,1722,1723
-162.534828,81.500006,1708,1709,1723,1724
-162.264791,81.501484,1709,1710,1711,1712,1713,1714,1715,1724,1725,1726
-162.532388,81.533312,1709
-161.766613,81.533007,1710,1711
-162.266614,81.532153,1710
-160.833888,81.567815,1711,1712
-160.731913,81.465925,1712,1713
-161.499099,81.433578,1713,1714
-161.501616,81.400704,1714,1715
-161.933835,81.400304,1715,1716,1717,1725
-162.000028,81.367275,1716,1717
-161.933758,81.367434,1716
-161.999356,81.401028,1717,1725,1726
-162.701361,81.33373,1718,1719
-162.332301,81.332847,1718
-162.333436,81.366743,1718,1719,1720,1721,1722,1723,1724,1726
-163.366127,81.300239,1719,1720
-163.366961,81.333778,1720,1721
-163.699303,81.332196,1721,1722
-161.333694,85.367337,1729,1730,1909,1910,1911,1912,1913,1916,1917
-161.067962,85.335027,1730,1731,1732,1733,1734,1749,1750,1909
-160.600754,85.400482,1731,1732,1908,1915,1916,1917,1918
-161.066699,85.367,1731,1909,1916
-159.267439,85.399219,1732,1733,1907,1908
-159.266864,85.364639,1733,1734,1906,1907
-158.531795,85.367665,1734,1735,1736,1737,1738,1750,1751,1906
-157.5,85.4,1735,1736,1904,1905
-158.534358,85.4003,1735,1905,1906,1907,1908,1914,1915
-163.066469,85.967024,1759,1760,1798,1799,1800,1801,1802,1807
-162.598697,85.967505,1760,1761,1806,1807
-162.599853,85.932363,1761,1762,1763,1764,1765,1770,1805,1806
-162.199685,85.866991,1762,1763,1803,1804,1854,1855,1856,1857,1858
-162.300813,85.933742,1762,1804,1805
-162.266956,85.800104,1763,1764,1814,1815,1858
-162.465902,85.800051,1764,1765,1809,1810,1813,1814
-162.767989,85.801743,1765,1766,1767,1768,1769,1770,1809
-162.767048,85.766289,1766,1808,1809,1810,1812
-163.266489,82.998503,1771,1772,1773,1774,1775,1776,1777,1778,1779
-163.535192,82.999176,1771
-163.59973,82.867614,1771,1779
-162.900178,83.066953,1772,1773
-163.100212,83.098748,1772
-162.067239,83.132563,1773,1774
-162.066983,83.098723,1774,1775
-162.265087,82.966425,1775,1776
-162.465828,82.90082,1776,1777
-162.9326,82.901286,1777,1778
-162.93333,82.866269,1778,1779
-161.734341,85.498578,1784,1785,1874,1875,1890
-161.60095,85.499697,1785,1786,1889,1890,1891,1897
-161.467576,85.432296,1786,1787,1794,1889
-160.767843,85.466807,1787,1788,1794,1795,1887,1888,1900
-161.466607,85.466359,1787,1888,1889,1896,1897
-161.132843,85.434189,1788,1789,1795,1796,1899
-160.767542,85.432865,1788,1899,1900,1911,1912
-161.599542,85.367479,1789,1790,1796,1797,1898
-161.433054,85.368546,1789,1898,1899,1910,1911
-162.433342,86.065634,1799,1800,1836,1837,1838,1839,1849,1850
-162.167103,86.066506,1800,1801,1849,1859
-162.167265,86.034578,1801,1802,1859,1860,1861,1866
-162.133893,86.032538,1802,1803,1804,1805,1806,1807,1865,1866,1867
-162.13317,85.96509,1803,1854,1864,1865
-162.767438,85.700248,1810,1811,1812,1813
-162.000038,85.800409,1815,1816,1817,1823,1857,1858
-161.900149,85.832663,1816,1817,1855,1856,1868,1873
-161.998783,85.833606,1816,1856,1857
-161.799938,85.833907,1817,1818,1819,1820,1821,1822,1823,1872,1873
-161.499894,85.834476,1818,1819,1930,1931,1940,1941,1942,1943
-161.533456,85.89967,1818,1871,1872,1940
-161.534806,85.833745,1819,1820,1930
-161.531785,85.800103,1820,1821,1919,1920,1930,1931,1932,1933,1934,1938
-162.566038,79.233242,1824,1825
-162.668262,79.232759,1824
-162.733439,79.132962,1824,1825,1832,1833
-161.96704,79.36676,1825,1826,1833,1834
-161.666958,79.400002,1826,1827,1828,1834,1835
-161.967144,79.400497,1826
-161.331861,79.501023,1827,1828
-161.667377,79.43263,1827
-160.999039,79.49955,1828,1829,1830,1835
-161.267597,79.399898,1829,1830
-161.135078,79.39904,1829
-161.931454,79.266325,1830,1831,1832,1833,1834,1835
-162.332237,79.131302,1831,1832
-161.931556,79.232853,1831
-160.433764,86.065627,1840,1841,1842,1843,1844,1845,1846,1847,1851,1852,1853,1959,1960
-160.432762,86.099971,1840,1960,1961
-160.166222,86.033458,1841,1842,1965,1993
-160.166565,86.065241,1841,1958,1959,1993,1994
-160.166395,85.999156,1842,1843,1964,1965,1966,1967,1968,1969
-160.666541,86.000479,1843,1844,1924,1964
-161.201518,86.000411,1844,1845,1923,1924,1925,1928,1929
-161.600835,86.000031,1845,1846,1869,1870,1923
-161.866872,86.000789,1846,1847,1862,1869
-161.966321,86.000189,1847,1848,1852,1862,1863,1864,1865,1867
-161.76636,86.033724,1848,1852,1853,1860,1861
-161.967287,86.033235,1848,1861,1866,1867
-161.666102,86.100291,1849,1850,1851,1853,1859,1860
-161.900569,85.932049,1854,1855,1863,1864,1868
-161.865154,85.933183,1862,1863,1868,1869,1870,1871,1872,1873
-161.534355,85.931948,1870,1871,1923,1928,1940,1941
-160.966394,85.565474,1875,1876,1890,1891,1950,1951
-160.399333,85.566015,1876,1877,1891,1892,1893,1894,1895,1896,1897,1982
-160.733724,85.600098,1876,1949,1950,1982,1983
-159.8667,85.599988,1877,1878,1892,1981
-160.400867,85.599931,1877,1981,1982,1983,1984,1991
-158.766152,85.633643,1878,1879,1880,1892,1893,1980
-159.866152,85.633097,1878,1980,1981,1990,1991,1992
-158.333614,85.633369,1879,1880,1978,1979
-158.766037,85.665703,1879,1979,1980,1989,1990
-157.701595,85.533694,1880,1881,1882,1883,1884,1885,1893,1894,1977,1978
-157.5,85.466667,1881,1882,1904
-157.5,85.6,1881,1976,1977
-157.866953,85.464892,1882,1883,1903,1904,1905,1914
-157.866455,85.501458,1883,1884,1903
-158.100843,85.467586,1884,1885,1902,1903,1914,1915,1918
-159.800516,85.531603,1885,1886,1894,1895,1902
-160.400532,85.500838,1886,1887,1888,1895,1896,1901
-159.80124,85.500416,1886,1901,1902,1913,1917,1918
-160.401353,85.466911,1887,1900,1901,1912,1913
-161.267889,85.799876,1920,1921,1937,1938,1939
-161.132667,85.734119,1921,1922,1936,1937,1944,1945
-160.666803,85.96607,1924,1925,1964,1969
-160.866271,85.833403,1925,1926,1927,1929,1932,1933,1968,1969
-161.168314,85.934519,1926,1927,1942,1943
-161.132681,85.833775,1926,1931,1932,1943
-161.167172,85.965546,1927,1928,1929,1941,1942
-160.367282,85.833335,1933,1934,1967,1968,1999,2000
-160.333342,85.832352,1934,1935,1938,1939,1998,1999
-160.766697,85.7672,1935,1936,1937,1939,1946,1970
-160.334212,85.765419,1935,1970,1971,1972,1973,1985,1986,1998
-160.867308,85.733452,1936,1945,1946,1947,1948,1949,1950,1951
-160.765702,85.735008,1946,1947,1970,1985
-160.333682,85.73482,1947,1948,1984,1985,1986,1991,1992
-160.466625,85.63226,1948,1949,1983,1984
-159.16652,86.367888,1955,1956,2025,2026,2036
-159.132735,86.199258,1956,1957,1958,1959,1960,1961,1962,1963,2036,2038
-159.333308,86.06565,1957,1958,1994,1995,2011
-158.932286,86.201085,1957,2011,2012,2037,2038
-160.001098,86.033145,1965,1966,1993,1994,1995,1996,1997,2001
-160.002233,85.901118,1966,1967,2000,2001,2002
-159.600369,85.799646,1971,1972,1997,2001,2002,2010,2019,2020
-160.101053,85.832782,1971,1998,1999,2000,2002
-158.598047,85.764752,1972,1973,2018,2019
-158.099835,85.701787,1973,1974,1986,1987,1988,1989,1990,1992,2017,2018
-157.833629,85.832982,1974,1975,1987,2133,2134,2151,2152
-158.034082,85.866958,1974,2017,2134,2135
-157.86693,85.800501,1975,1987,1988,2150
-157.833924,85.79899,1975,2150,2151
-157.5,85.633333,1976,2157
-157.800502,85.632134,1976,1977,1978,1979,1988,1989,2150,2151,2152,2153,2154,2155,2156,2157
-159.334567,85.966936,1995,1996,2010,2011,2012,2013,2014,2015,2016,2020
-159.734509,85.898268,1996,1997,2010
-158.800058,86.200178,2012,2013,2037,2039,2040,2041,2042,2050,2051
-158.500931,86.133867,2013,2014,2049,2050
-158.499324,86.099918,2014,2015,2048,2049
-158.067318,86.100892,2015,2016,2047,2048,2125
-158.065183,85.86629,2016,2017,2018,2019,2020,2125,2126,2135,2136,2137
-158.634816,86.500206,2021,2022,2033,2034
-158.366597,86.500351,2022,2023,2032,2033,2080
-158.365424,86.434327,2023,2024,2079,2080,2081,2082,2083,2090,2091,2092,2093,2094,2095
-158.466335,86.332114,2024,2025,2026,2039,2040,2079
-158.766193,86.300749,2025,2036,2037,2038,2039
-157.632252,86.466507,2029,2030,2082,2083,2168
-157.5,86.466667,2029,2168,2169,2170,2171
-157.867516,86.465981,2030,2031,2081,2082
-157.868574,86.499726,2031,2032,2080,2081
-158.466378,86.300562,2040,2041,2079,2090
-158.132693,86.30011,2041,2042,2089,2090,2095
-157.866743,86.199365,2042,2043,2044,2045,2046,2051,2089
-157.5,86.233333,2043,2044,2087,2088
-157.867578,86.23273,2043,2088,2089,2094,2095
-157.5,86.166667,2044,2045,2173,2174
-157.565969,86.167416,2045,2046,2143,2144,2149,2173
-157.902297,86.167517,2046,2047,2048,2049,2050,2051,2143
-157.899391,86.132579,2047,2125,2126,2143,2148,2149
-157.5,78.066667,2054,2055,2117,2118
-157.866131,77.933549,2055,2056,2069,2117
-158.066141,77.899442,2056,2069,2070,2116
-157.868221,77.899559,2056,2116,2117,2118,2119,2120
-157.5,77.6,2057,2058,2071,2076,2078,2118,2119
-157.666706,77.667562,2057,2119,2120
-158.100774,77.666804,2057,2070,2075,2077,2078,2116,2120
-157.700346,77.399923,2058,2059,2071,2121
-157.5,77.4,2058,2121,2122
-158.068054,77.299648,2059,2071,2072,2073,2074,2076,2124
-157.698855,77.367527,2059,2121,2122,2123,2124
-157.5,77.333333,2060,2122,2123
-157.866794,77.23325,2060,2061,2062,2072,2123,2124
-158.301085,77.36761,2064,2065,2098,2099,2100,2104
-158.134978,77.399682,2065,2066,2097,2098,2113
-157.833243,77.632781,2066,2074,2076,2077,2078,2112,2113,2114,2115
-158.134222,77.59995,2067,2096,2101,2102,2111,2112,2115
-158.132956,77.63317,2067,2068,2075,2077,2112
-157.635106,86.431992,2083,2084,2085,2091,2168,2171
-157.566661,86.400668,2084,2085,2138,2139,2169,2170
-157.567247,86.433203,2084,2170,2171
-157.932012,86.401973,2085,2091,2092,2138
-157.799606,86.333239,2086,2087,2088,2093,2094,2140,2141
-157.799831,86.366381,2086,2141,2142
-157.931655,86.366412,2086,2092,2093,2138,2139,2142
-157.5,86.333333,2087,2140
-158.133437,77.46703,2097,2113,2114
-158.233791,77.467598,2097,2098,2103,2104,2111,2114,2115
-158.232149,77.501411,2102,2103,2111
-157.899853,86.100775,2126,2127,2128,2129,2136,2147,2148
-157.800136,86.06839,2127,2128,2145,2146,2158,2159
-157.798901,86.099923,2127,2146,2147
-157.865703,86.06595,2128,2129,2158
-157.866105,86.032596,2129,2130,2136,2137,2158,2159,2160,2163
-157.734357,85.999846,2130,2131,2132,2133,2134,2135,2137,2161,2162
-157.734083,86.033895,2130,2162,2163
-157.5,85.833333,2131,2132,2164,2165
-157.5,86.0,2131,2161
-157.764498,85.833673,2132,2133,2152,2153,2164
-157.5,86.4,2139,2140,2141,2142,2169
-157.59908,86.13512,2144,2145,2146,2147,2148,2149,2172
-157.567295,86.134695,2144,2172,2173,2174,2175
-157.60091,86.067021,2145,2159,2160,2172,2175
-157.766289,85.733349,2153,2154,2164,2165,2167
-157.665595,85.733178,2154,2155,2166,2167
-157.666437,85.700216,2155,2156,2166
-157.5,85.733333,2156,2157,2165,2166,2167
-157.5,86.066667,2160,2161,2162,2163,2174,2175