0,1,2,1,1,1,1267
3,2,4,1,0,1
5,4,6,1,0,1
7,8,9,1,1,1
10,11,12,1,1,1
13,14,15,1,1,1
16,17,18,1,1,1
19,18,20,1,0,1
21,22,23,1,1,1
24,23,25,1,0,1
26,25,27,1,0,1
28,27,29,1,0,1
30,29,31,1,0,1
32,31,33,1,0,1
34,33,35,1,0,1
36,35,37,1,0,1
38,37,39,1,0,1
40,39,41,1,0,1
42,41,43,1,0,1
44,45,46,1,1,1
47,46,48,1,0,1
49,48,50,1,0,1
51,52,53,1,1,1
54,53,55,1,0,1
56,57,58,1,1,1
59,60,61,1,1,1
62,63,64,1,1,1
6,64,65,0,0,1
9,65,66,0,0,1
12,66,67,0,0,1
15,67,68,0,0,1
20,68,69,0,0,1
43,69,70,0,0,1
50,70,71,0,0,1
55,71,72,0,0,1
58,72,61,0,0,0
73,74,75,1,1,1,46320
76,75,77,1,0,1
78,77,79,1,0,1
80,79,81,1,0,1
82,81,83,1,0,1
84,83,85,1,0,1
86,85,87,1,0,1
88,87,89,1,0,1
90,89,91,1,0,1
92,91,93,1,0,1
94,93,95,1,0,1
96,95,97,1,0,1
98,99,100,1,1,1
101,100,102,1,0,1
103,104,105,1,1,1
106,105,107,1,0,1
108,107,109,1,0,1
110,111,112,1,1,1
113,114,115,1,1,1
116,115,117,1,0,1
118,119,120,1,1,1
121,122,123,1,1,1
124,125,126,1,1,1
127,126,128,1,0,1
129,130,131,1,1,1
132,133,134,1,1,1
135,134,136,1,0,1
137,138,139,1,1,1
140,141,142,1,1,1
143,142,144,1,0,1
145,144,146,1,0,1
147,146,148,1,0,1
149,148,150,1,0,1
151,150,152,1,0,1
153,152,154,1,0,1
155,154,156,1,0,1
157,156,158,1,0,1
159,158,160,1,0,1
161,162,163,1,1,1
164,163,165,1,0,1
166,167,168,1,1,1
169,170,171,1,1,1
172,173,174,1,1,1
175,176,177,1,1,1
178,179,180,1,1,1
181,182,183,1,1,1
184,185,186,1,1,1
187,186,188,1,0,1
189,188,190,1,0,1
191,190,192,1,0,1
193,192,194,1,0,1
195,194,196,1,0,1
197,196,198,1,0,1
199,198,200,1,0,1
201,200,202,1,0,1
203,202,204,1,0,1
205,204,206,1,0,1
207,206,208,1,0,1
209,208,210,1,0,1
211,210,212,1,0,1
213,214,215,1,1,1
216,217,218,1,1,1
219,220,221,1,1,1
222,221,223,1,0,1
224,223,225,1,0,1
226,227,228,1,1,1
229,228,230,1,0,1
231,230,232,1,0,1
233,232,234,1,0,1
235,236,237,1,1,1
238,239,240,1,1,1
241,240,242,1,0,1
243,244,245,1,1,1
246,247,248,1,1,1
249,248,250,1,0,1
251,252,253,1,1,1
254,255,256,1,1,1
257,258,259,1,1,1
260,261,262,1,1,1
263,264,265,1,1,1
266,265,267,1,0,1
268,269,270,1,1,1
271,270,272,1,0,1
273,272,274,1,0,1
275,276,277,1,1,1
278,279,280,1,1,1
281,282,283,1,1,1
284,283,285,1,0,1
286,287,288,1,1,1
289,290,291,1,1,1
292,293,294,1,1,1
295,294,296,1,0,1
297,296,298,1,0,1
299,300,301,1,1,1
302,303,304,1,1,1
305,304,306,1,0,1
307,306,308,1,0,1
309,310,311,1,1,1
312,311,313,1,0,1
314,315,316,1,1,1
317,316,318,1,0,1
319,318,320,1,0,1
321,320,322,1,0,1
323,324,325,1,1,1
326,325,327,1,0,1
328,329,330,1,1,1
331,332,333,1,1,1
334,335,336,1,1,1
337,338,339,1,1,1
44,339,340,0,0,1
45,340,341,0,0,1
42,341,342,0,0,1
40,342,343,0,0,1
36,38,344,0,0,1
345,34,346,1,0,1
347,348,349,1,1,1
26,350,351,0,1,1
24,351,352,0,0,1
19,22,353,0,0,1
16,353,354,0,0,1
13,17,355,0,0,1
10,14,356,0,0,1
7,11,357,0,0,1
5,8,358,0,0,1
3,358,359,0,0,1
360,361,362,1,1,1
363,362,364,1,0,1
365,366,367,1,1,1
368,367,369,1,0,1
370,369,371,1,0,1
372,373,374,1,1,1
375,374,376,1,0,1
377,376,378,1,0,1
379,378,380,1,0,1
381,380,382,1,0,1
383,382,384,1,0,1
385,386,387,1,1,1
388,389,390,1,1,1
391,390,392,1,0,1
97,393,394,0,1,1
102,394,395,0,0,1
109,395,396,0,0,1
112,396,397,0,0,1
117,397,398,0,0,1
399,398,400,1,0,1
120,400,401,0,0,1
123,401,402,0,0,1
128,402,403,0,0,1
131,403,404,0,0,1
165,160,405,0,0,1
174,171,406,0,0,1
177,406,407,0,0,1
212,183,408,0,0,1
215,408,409,0,0,1
218,409,410,0,0,1
225,411,412,0,1,1
413,412,414,1,0,1
237,234,415,0,0,1
242,415,416,0,0,1
417,416,418,1,0,1
245,418,419,0,0,1
420,419,421,1,0,1
250,422,423,0,1,1
253,423,424,0,0,1
256,424,425,0,0,1
259,425,426,0,0,1
262,426,427,0,0,1
267,427,428,0,0,1
280,429,430,0,1,1
285,430,431,0,0,1
288,431,432,0,0,1
433,432,434,1,0,1
298,435,436,0,1,1
301,436,437,0,0,1
438,437,439,1,0,1
313,308,440,0,0,1
327,322,441,0,0,1
333,330,442,0,0,1
336,442,443,0,0,1
343,443,444,0,0,1
344,444,445,0,0,1
346,445,446,0,0,1
349,446,447,0,0,1
448,447,449,1,0,1
355,354,450,0,0,1
356,450,451,0,0,1
364,359,452,0,0,1
384,371,453,0,0,1
387,453,454,0,0,1
392,454,455,0,0,1
410,180,456,0,0,1
414,457,458,0,1,1
421,459,460,0,1,1
434,277,461,0,0,1
439,291,462,0,0,1
440,462,463,0,0,1
449,441,464,0,0,1
352,464,465,0,0,1
21,465,466,0,0,1
451,466,467,0,0,1
357,467,468,0,0,1
452,468,469,0,0,1
455,469,470,0,0,1
456,407,471,0,0,1
460,458,472,0,0,1
428,472,473,0,0,1
461,274,474,0,0,1
463,474,475,0,0,1
470,475,476,0,0,1
471,168,477,0,0,1
473,477,478,0,0,1
476,479,480,0,1,1
404,480,481,0,0,1
136,481,482,0,0,1
139,482,483,0,0,1
478,405,484,0,0,1
485,484,483,1,0,0
486,487,488,1,1,1,1268
489,488,490,1,0,1
491,490,492,1,0,1
493,492,494,1,0,1
495,494,496,1,0,1
497,498,499,1,1,1
500,501,502,1,1,1
503,502,504,1,0,1
505,504,506,1,0,1
507,506,508,1,0,1
509,508,510,1,0,1
511,510,512,1,0,1
513,514,515,1,1,1
516,515,517,1,0,1
518,517,519,1,0,1
520,519,521,1,0,1
522,521,523,1,0,1
524,523,525,1,0,1
526,525,527,1,0,1
528,527,529,1,0,1
496,529,530,0,0,1
499,530,512,0,0,0
531,532,533,1,1,1,29936
534,533,535,1,0,1
536,535,537,1,0,1
538,537,539,1,0,1
540,539,541,1,0,1
542,541,543,1,0,1
544,543,545,1,0,1
546,545,547,1,0,1
548,547,549,1,0,1
550,549,551,1,0,1
552,551,553,1,0,1
554,553,555,1,0,1
556,555,557,1,0,1
558,557,559,1,0,1
560,559,561,1,0,1
562,561,563,1,0,1
564,563,565,1,0,1
566,565,567,1,0,1
568,567,569,1,0,1
570,571,572,1,1,1
573,574,575,1,1,1
576,575,577,1,0,1
578,577,579,1,0,1
580,579,581,1,0,1
582,581,583,1,0,1
584,585,586,1,1,1
587,588,589,1,1,1
590,591,592,1,1,1
593,592,594,1,0,1
595,594,596,1,0,1
597,598,599,1,1,1
600,599,601,1,0,1
602,601,603,1,0,1
604,603,605,1,0,1
606,607,608,1,1,1
609,610,611,1,1,1
612,613,614,1,1,1
615,614,616,1,0,1
569,616,617,0,0,1
583,572,618,0,0,1
586,618,619,0,0,1
589,619,620,0,0,1
596,620,621,0,0,1
605,621,622,0,0,1
608,622,623,0,0,1
611,623,617,0,0,0
393,624,625,0,1,1,50416
391,625,626,0,0,1
388,626,627,0,0,1
389,627,628,0,0,1
385,628,629,0,0,1
386,629,630,0,0,1
383,630,631,0,0,1
381,631,632,0,0,1
379,632,633,0,0,1
377,633,634,0,0,1
375,634,635,0,0,1
370,373,636,0,0,1
368,636,637,0,0,1
363,366,638,0,0,1
639,638,640,1,0,1
59,63,641,0,0,1
56,60,642,0,0,1
54,57,643,0,0,1
51,643,644,0,0,1
49,52,645,0,0,1
337,47,646,0,0,1
334,338,647,0,0,1
331,335,648,0,0,1
328,332,649,0,0,1
326,329,650,0,0,1
651,650,652,1,0,1
653,652,654,1,0,1
655,656,657,1,1,1
658,657,659,1,0,1
660,659,661,1,0,1
662,661,663,1,0,1
664,665,666,1,1,1
613,666,667,0,0,1
609,667,668,0,0,1
610,668,669,0,0,1
606,669,670,0,0,1
607,670,671,0,0,1
604,671,672,0,0,1
602,672,673,0,0,1
600,673,674,0,0,1
597,674,675,0,0,1
598,675,676,0,0,1
595,676,677,0,0,1
593,677,678,0,0,1
590,678,679,0,0,1
591,679,680,0,0,1
587,680,681,0,0,1
588,681,682,0,0,1
584,682,683,0,0,1
585,683,684,0,0,1
582,684,685,0,0,1
580,685,686,0,0,1
578,686,687,0,0,1
576,687,688,0,0,1
573,688,689,0,0,1
570,574,690,0,0,1
568,571,691,0,0,1
566,691,692,0,0,1
564,692,693,0,0,1
562,693,694,0,0,1
560,694,695,0,0,1
558,695,696,0,0,1
556,696,697,0,0,1
554,697,698,0,0,1
552,698,699,0,0,1
548,550,700,0,0,1
546,700,701,0,0,1
542,544,702,0,0,1
540,702,703,0,0,1
538,703,704,0,0,1
536,704,705,0,0,1
534,705,706,0,0,1
635,531,707,0,0,1
637,372,708,0,0,1
640,365,709,0,0,1
710,709,711,1,0,1
641,711,712,0,0,1
646,645,713,0,0,1
647,713,714,0,0,1
649,648,715,0,0,1
654,715,716,0,0,1
663,716,717,0,0,1
689,717,718,0,0,1
690,718,719,0,0,1
699,719,720,0,0,1
701,720,721,0,0,1
706,721,722,0,0,1
707,722,723,0,0,1
712,708,724,0,0,1
642,724,725,0,0,1
714,644,726,0,0,1
723,726,725,0,0,0
727,728,729,1,1,1,9460
730,729,731,1,0,1
732,731,733,1,0,1
734,733,735,1,0,1
736,737,738,1,1,1
739,738,740,1,0,1
84,86,741,0,0,1
742,741,743,1,0,1
73,744,745,0,1,1
735,745,746,0,0,1
743,740,747,0,0,1
748,747,746,1,0,0
749,750,751,1,1,1,9463
752,751,753,1,0,1
754,753,755,1,0,1
756,757,758,1,1,1
759,758,760,1,0,1
761,760,762,1,0,1
763,762,764,1,0,1
765,764,766,1,0,1
767,766,768,1,0,1
769,768,770,1,0,1
771,770,772,1,0,1
773,772,774,1,0,1
775,774,776,1,0,1
777,776,778,1,0,1
779,778,780,1,0,1
781,782,783,1,1,1
730,784,785,0,1,1
727,785,786,0,0,1
755,786,787,0,0,1
780,788,789,0,1,1
787,783,790,0,0,1
791,790,789,1,0,0
792,793,794,1,1,1,9464
795,796,797,1,1,1
798,797,799,1,0,1
757,800,801,0,1,1
788,801,802,0,0,1
791,802,803,0,0,1
754,803,804,0,0,1
752,804,805,0,0,1
794,749,806,0,0,1
807,806,808,1,0,1
809,808,810,1,0,1
799,810,805,0,0,0
811,812,813,1,1,1,1272
814,815,816,1,1,1
817,818,819,1,1,1
820,819,821,1,0,1
822,821,823,1,0,1
824,823,825,1,0,1
826,825,827,1,0,1
828,827,829,1,0,1
792,829,830,0,0,1
813,830,816,0,0,0
831,832,833,1,1,1,1273
834,835,836,1,1,1
837,838,839,1,1,1
840,841,842,1,1,1
843,844,845,1,1,1
846,847,848,1,1,1
849,850,851,1,1,1
852,853,854,1,1,1
855,856,857,1,1,1
858,859,860,1,1,1
861,862,863,1,1,1
864,865,866,1,1,1
867,868,869,1,1,1
870,871,872,1,1,1
873,874,875,1,1,1
876,877,878,1,1,1
879,878,880,1,0,1
881,882,883,1,1,1
884,885,886,1,1,1
887,888,889,1,1,1
890,891,892,1,1,1
893,894,895,1,1,1
896,897,898,1,1,1
899,900,901,1,1,1
902,903,904,1,1,1
905,904,906,1,0,1
907,906,908,1,0,1
909,908,910,1,0,1
911,912,913,1,1,1
914,915,916,1,1,1
917,918,919,1,1,1
920,921,922,1,1,1
923,924,925,1,1,1
926,927,928,1,1,1
929,930,931,1,1,1
932,931,933,1,0,1
934,933,935,1,0,1
936,935,937,1,0,1
938,939,940,1,1,1
941,942,943,1,1,1
944,945,946,1,1,1
947,948,949,1,1,1
950,951,952,1,1,1
953,954,955,1,1,1
956,955,957,1,0,1
958,959,960,1,1,1
961,962,963,1,1,1
964,963,965,1,0,1
966,965,967,1,0,1
968,967,969,1,0,1
970,969,971,1,0,1
972,973,974,1,1,1
975,976,977,1,1,1
978,979,980,1,1,1
981,980,982,1,0,1
983,984,985,1,1,1
986,985,987,1,0,1
988,987,989,1,0,1
990,989,991,1,0,1
992,993,994,1,1,1
995,994,996,1,0,1
997,998,999,1,1,1
1000,1001,1002,1,1,1
1003,1004,1005,1,1,1
1006,1005,1007,1,0,1
1008,1007,1009,1,0,1
1010,1011,1012,1,1,1
1013,1012,1014,1,0,1
1015,1016,1017,1,1,1
1018,1019,1020,1,1,1
1021,1020,1022,1,0,1
1023,1022,1024,1,0,1
1025,1024,1026,1,0,1
1027,1026,1028,1,0,1
1029,1030,1031,1,1,1
1032,1031,1033,1,0,1
1034,1035,1036,1,1,1
1037,1038,1039,1,1,1
1040,1039,1041,1,0,1
1042,1041,1043,1,0,1
1044,1043,1045,1,0,1
1046,1045,1047,1,0,1
1048,1049,1050,1,1,1
1051,1052,1053,1,1,1
1054,1055,1056,1,1,1
1057,1056,1058,1,0,1
1059,1060,1061,1,1,1
1062,1061,1063,1,0,1
1064,1065,1066,1,1,1
1067,1068,1069,1,1,1
1070,1069,1071,1,0,1
1072,1073,1074,1,1,1
1075,1076,1077,1,1,1
1078,1077,1079,1,0,1
1080,1079,1081,1,0,1
1082,1081,1083,1,0,1
1084,1083,1085,1,0,1
1086,1087,1088,1,1,1
818,1089,1090,0,1,1
814,1090,1091,0,0,1
811,815,1092,0,0,1
848,845,1093,0,0,1
854,851,1094,0,0,1
869,866,1095,0,0,1
872,1095,1096,0,0,1
875,1096,1097,0,0,1
880,1097,1098,0,0,1
883,1098,1099,0,0,1
886,1099,1100,0,0,1
889,1100,1101,0,0,1
892,1101,1102,0,0,1
895,1102,1103,0,0,1
898,1103,1104,0,0,1
901,1104,1105,0,0,1
913,910,1106,0,0,1
916,1106,1107,0,0,1
919,1107,1108,0,0,1
1109,1108,1110,1,0,1
922,1110,1111,0,0,1
925,1111,1112,0,0,1
928,1112,1113,0,0,1
937,1113,1114,0,0,1
940,1114,1115,0,0,1
943,1115,1116,0,0,1
946,1116,1117,0,0,1
957,1118,1119,0,1,1
1120,1119,1121,1,0,1
960,1121,1122,0,0,1
971,1122,1123,0,0,1
974,1123,1124,0,0,1
977,1124,1125,0,0,1
982,1125,1126,0,0,1
991,1127,1128,0,1,1
996,1128,1129,0,0,1
999,1129,1130,0,0,1
1131,1130,1132,1,0,1
1009,1002,1133,0,0,1
1014,1133,1134,0,0,1
1135,1134,1136,1,0,1
1028,1137,1138,0,1,1
1033,1138,1139,0,0,1
1047,1036,1140,0,0,1
1050,1140,1141,0,0,1
1058,1142,1143,0,1,1
1066,1063,1144,0,0,1
1085,1145,1146,0,1,1
1088,1146,1147,0,0,1
1148,1147,1149,1,0,1
1091,1149,1150,0,0,1
1092,1150,1151,0,0,1
1094,1093,1152,0,0,1
1105,863,1153,0,0,1
1117,1153,1154,0,0,1
1155,1154,1156,1,0,1
1157,1156,1158,1,0,1
949,1158,1159,0,0,1
1126,952,1160,0,0,1
1132,1160,1161,0,0,1
1136,1161,1162,0,0,1
1139,1017,1163,0,0,1
1141,1163,1164,0,0,1
1053,1164,1165,0,0,1
1151,1074,1166,0,0,1
1159,860,1167,0,0,1
1162,1167,1168,0,0,1
1165,1168,1169,0,0,1
1143,1169,1170,0,0,1
1144,1170,1171,0,0,1
1071,1171,1172,0,0,1
1166,1173,1174,0,1,1
833,1174,1175,0,0,1
836,1175,1176,0,0,1
839,1176,1177,0,0,1
842,1177,1178,0,0,1
1152,1178,1179,0,0,1
857,1179,1172,0,0,0
1180,1181,1182,1,1,1,1274
1183,1182,1184,1,0,1
1185,1184,1186,1,0,1
1187,1186,1188,1,0,1
1189,1188,1190,1,0,1
1191,1190,1192,1,0,1
1193,1192,1194,1,0,1
1195,1194,1196,1,0,1
1197,1196,1198,1,0,1
1199,1198,1200,1,0,1
1201,1200,1202,1,0,1
1203,1202,1204,1,0,1
1205,1204,1206,1,0,1
1207,1206,1208,1,0,1
1209,1208,1210,1,0,1
1211,1210,1212,1,0,1
1213,1212,1214,1,0,1
1215,1214,1216,1,0,1
1217,1216,1218,1,0,1
1219,1218,1220,1,0,1
1221,1220,1222,1,0,1
1223,1224,1225,1,1,1
1226,1227,1228,1,1,1
902,1228,1229,0,0,1
899,903,1230,0,0,1
896,900,1231,0,0,1
893,897,1232,0,0,1
890,894,1233,0,0,1
887,891,1234,0,0,1
884,888,1235,0,0,1
881,885,1236,0,0,1
879,882,1237,0,0,1
873,877,1238,0,0,1
870,874,1239,0,0,1
867,871,1240,0,0,1
864,868,1241,0,0,1
861,865,1242,0,0,1
862,1242,1243,0,0,1
858,1243,1244,0,0,1
859,1244,1245,0,0,1
855,1245,1246,0,0,1
852,856,1247,0,0,1
849,853,1248,0,0,1
846,850,1249,0,0,1
843,847,1250,0,0,1
840,844,1251,0,0,1
837,841,1252,0,0,1
834,838,1253,0,0,1
831,835,1254,0,0,1
1222,1254,1255,0,0,1
1229,1225,1256,0,0,1
1230,1256,1257,0,0,1
1231,1257,1258,0,0,1
1232,1258,1259,0,0,1
1233,1259,1260,0,0,1
1234,1260,1261,0,0,1
1235,1261,1262,0,0,1
1236,1262,1263,0,0,1
1237,1263,1264,0,0,1
876,1264,1265,0,0,1
1238,1265,1266,0,0,1
1239,1266,1267,0,0,1
1240,1267,1268,0,0,1
1247,1246,1269,0,0,1
1248,1269,1270,0,0,1
1249,1270,1271,0,0,1
1250,1271,1272,0,0,1
1251,1272,1273,0,0,1
1252,1273,1274,0,0,1
1253,1274,1275,0,0,1
1268,1255,1276,0,0,1
1241,1276,1275,0,0,0
1277,1278,1279,1,1,1,1273
1227,1280,1281,0,1,1
1223,1281,1282,0,0,1
1224,1282,1283,0,0,1
1221,1283,1284,0,0,1
1219,1284,1285,0,0,1
1217,1285,1286,0,0,1
1215,1286,1287,0,0,1
1213,1287,1288,0,0,1
1211,1288,1289,0,0,1
1209,1289,1290,0,0,1
1207,1290,1291,0,0,1
1205,1291,1292,0,0,1
1203,1292,1293,0,0,1
1201,1293,1294,0,0,1
1199,1294,1295,0,0,1
1197,1295,1296,0,0,1
1195,1296,1297,0,0,1
1193,1297,1298,0,0,1
1191,1298,1299,0,0,1
1189,1299,1300,0,0,1
1187,1300,1301,0,0,1
1185,1301,1302,0,0,1
1183,1302,1303,0,0,1
1180,1303,1279,0,0,0
1070,1173,1304,0,0,1,1272
1067,1304,1305,0,0,1
1064,1068,1306,0,0,1
1062,1065,1307,0,0,1
1057,1060,1308,0,0,1
1309,1308,1310,1,0,1
1311,1312,1313,1,1,1
1314,1313,1315,1,0,1
1316,1315,1317,1,0,1
1318,1317,1319,1,0,1
1320,1319,1321,1,0,1
1322,1321,1323,1,0,1
1075,1324,1325,0,1,1
1145,1076,1326,0,0,1
1072,1326,1327,0,0,1
1073,1327,1328,0,0,1
1305,1328,1329,0,0,1
1306,1329,1330,0,0,1
1307,1330,1331,0,0,1
1059,1331,1332,0,0,1
1310,1332,1333,0,0,1
1323,1333,1325,0,0,0
748,744,1334,0,0,1,9459
82,742,1335,0,0,1
80,1335,1336,0,0,1
76,78,1337,0,0,1
1334,1337,1336,0,0,0
784,732,1338,0,0,1,9462
781,1338,1339,0,0,1
779,782,1340,0,0,1
777,1340,1341,0,0,1
775,1341,1342,0,0,1
88,1343,1344,0,1,1
739,1344,1345,0,0,1
734,737,1346,0,0,1
1339,1346,1347,0,0,1
1345,1348,1349,0,1,1
1347,736,1350,0,0,1
1342,1350,1349,0,0,0
1086,1148,1351,0,0,1,9465
1084,1087,1352,0,0,1
1353,1352,1354,1,0,1
817,1354,1355,0,0,1
1089,1355,1351,0,0,0
828,807,1356,0,0,1,46320
1357,826,1358,1,0,1
1359,1360,1361,1,1,1
1362,1361,1363,1,0,1
1364,1363,1365,1,0,1
1366,1365,1367,1,0,1
1368,1367,1369,1,0,1
1370,1369,1371,1,0,1
1372,1371,1373,1,0,1
1374,1373,1375,1,0,1
759,1375,1376,0,0,1
756,1376,1377,0,0,1
800,1377,1378,0,0,1
798,1378,1379,0,0,1
795,1379,1380,0,0,1
809,796,1381,0,0,1
1356,1381,1382,0,0,1
1358,1382,1380,0,0,0
1082,1353,1383,0,0,1,9464
1080,1383,1384,0,0,1
1385,1384,1386,1,0,1
1320,1387,1388,0,1,1
1389,1388,1390,1,0,1
1391,1390,1392,1,0,1
820,1392,1386,0,0,0
1324,1078,1393,0,0,1,9465
1322,1393,1394,0,0,1
1387,1394,1385,0,0,0
1395,824,1396,1,0,1,13559
1359,1397,1398,0,1,1
1357,1360,1399,0,0,1
1396,1399,1398,0,0,0
1391,822,1400,0,0,1,1271
1389,1400,1401,0,0,1
1318,1401,1402,0,0,1
1403,1316,1404,1,0,1
1405,1404,1406,1,0,1
1407,1408,1409,1,1,1
1410,1409,1411,1,0,1
1412,1413,1414,1,1,1
1415,1414,1416,1,0,1
1417,1416,1418,1,0,1
1419,1418,1420,1,0,1
1421,1420,1422,1,0,1
1423,1422,1424,1,0,1
1425,1424,1426,1,0,1
1427,1428,1429,1,1,1
1430,1429,1431,1,0,1
1432,1431,1433,1,0,1
1434,1433,1435,1,0,1
1436,1435,1437,1,0,1
1438,1437,1439,1,0,1
1440,1441,1442,1,1,1
1366,1443,1444,0,1,1
1364,1444,1445,0,0,1
1362,1445,1446,0,0,1
1397,1446,1447,0,0,1
1395,1447,1448,0,0,1
1402,1448,1449,0,0,1
1406,1449,1450,0,0,1
1411,1450,1451,0,0,1
1439,1426,1452,0,0,1
1442,1452,1451,0,0,0
1348,1343,1453,0,0,1,9459
773,1453,1454,0,0,1
1455,1454,1456,1,0,1
1457,1456,1458,1,0,1
1459,1460,1461,1,1,1
1462,1463,1464,1,1,1
90,1464,1465,0,0,1
1461,1458,1466,0,0,1
1467,1466,1465,1,0,0
1374,761,1468,0,0,1,9464
1469,1470,1471,1,1,1
767,1471,1472,0,0,1
765,1472,1473,0,0,1
763,1473,1468,0,0,0
769,771,1474,0,0,1,9462
1469,1474,1475,0,0,1
1476,1475,1477,1,0,1
1478,1477,1479,1,0,1
1480,1481,1482,1,1,1
1460,1483,1484,0,1,1
1457,1484,1485,0,0,1
1455,1485,1486,0,0,1
1479,1486,1482,0,0,0
1459,1467,1487,0,0,1,9461
1483,1487,1488,0,0,1
1480,1488,1489,0,0,1
92,1490,1491,0,1,1
1462,1491,1492,0,0,1
1463,1492,1489,0,0,0
1054,1309,1493,0,0,1,9465
1494,1493,1312,1,0,0
1372,1470,1495,0,0,1,9462
1496,1370,1497,1,0,1
1434,1497,1498,0,0,1
1499,1498,1500,1,0,1
1501,1500,1502,1,0,1
1476,1502,1495,0,0,0
1501,1478,1503,0,0,1,9461
1504,1505,1506,1,1,1
1507,1506,1508,1,0,1
94,1509,1510,0,1,1
1490,1510,1511,0,0,1
1481,1511,1512,0,0,1
1508,1513,1514,0,1,1
1512,1515,1516,0,1,1
1503,1516,1514,0,0,0
1440,1443,1517,0,0,1,1270
1441,1517,1518,0,0,1
1438,1518,1519,0,0,1
1436,1519,1520,0,0,1
1496,1520,1368,0,0,0
1055,1494,1521,0,0,1,9464
1522,1523,1524,1,1,1
1525,1526,1527,1,1,1
1528,1527,1529,1,0,1
1530,1529,1531,1,0,1
1532,1531,1533,1,0,1
1403,1533,1534,0,0,1
1314,1534,1535,0,0,1
1521,1311,1536,0,0,1
1537,1536,1538,1,0,1
1524,1538,1535,0,0,0
1515,1509,1539,0,0,1,9460
1540,1504,1541,1,0,1
104,1541,1542,0,0,1
1543,1542,1544,1,0,1
1545,1544,1546,1,0,1
1547,1548,1549,1,1,1
96,99,1550,0,0,1
1546,1507,1551,0,0,1
1550,1549,1552,0,0,1
1539,1552,1551,0,0,0
1545,1548,1553,0,0,1,1267
1543,1553,1554,0,0,1
101,1554,1555,0,0,1
98,1555,1547,0,0,0
1142,1537,1556,0,0,1,1272
1051,1556,1557,0,0,1
1052,1557,1558,0,0,1
1046,1049,1559,0,0,1
1560,1561,1562,1,1,1
1525,1563,1564,0,1,1
1522,1526,1565,0,0,1
1558,1523,1566,0,0,1
1048,1566,1567,0,0,1
1559,1567,1568,0,0,1
1562,1568,1569,0,0,1
1564,1569,1565,0,0,0
1532,1405,1570,0,0,1,9463
1530,1570,1571,0,0,1
1528,1571,1572,0,0,1
1560,1563,1573,0,0,1
1574,1573,1575,1,0,1
1576,1575,1577,1,0,1
1578,1577,1579,1,0,1
1410,1413,1580,0,0,1
1407,1580,1581,0,0,1
1572,1408,1582,0,0,1
1579,1582,1581,0,0,0
1583,1505,1584,1,0,1,17654
1585,1584,1586,1,0,1
108,111,1587,0,0,1
106,1587,1588,0,0,1
103,1588,1589,0,0,1
1540,1589,1586,0,0,0
1499,1513,1590,0,0,1,9463
1432,1590,1591,0,0,1
1430,1591,1592,0,0,1
1593,1427,1594,1,0,1
1595,1594,1596,1,0,1
1597,1596,1598,1,0,1
114,1598,1599,0,0,1
110,1599,1600,0,0,1
1585,1600,1601,0,0,1
1583,1601,1592,0,0,0
1602,1597,1603,1,0,1,9460
1604,1603,1605,1,0,1
1606,1607,1608,1,1,1
1609,1608,1610,1,0,1
116,1611,1612,0,1,1
113,1612,1613,0,0,1
1605,1613,1614,0,0,1
1615,1614,1610,1,0,0
1425,1428,1616,0,0,1,9464
1617,1616,1618,1,0,1
1619,1618,1620,1,0,1
1621,1622,1623,1,1,1
1624,1623,1625,1,0,1
1626,1625,1627,1,0,1
1628,1627,1629,1,0,1
1593,1629,1620,0,0,0
1421,1423,1630,0,0,1,9464
1631,1419,1632,1,0,1
1633,1632,1634,1,0,1
1635,1636,1637,1,1,1
1638,1637,1639,1,0,1
1621,1639,1640,0,0,1
1619,1622,1641,0,0,1
1630,1617,1642,0,0,1
1634,1642,1643,0,0,1
1640,1643,1641,0,0,0
1578,1412,1644,0,0,1,13559
1645,1576,1646,1,0,1
1040,1647,1648,0,1,1
1037,1648,1649,0,0,1
1650,1649,1651,1,0,1
1652,1651,1653,1,0,1
1654,1653,1655,1,0,1
1631,1655,1656,0,0,1
1417,1656,1657,0,0,1
1415,1657,1658,0,0,1
1644,1658,1646,0,0,0
1561,1574,1659,0,0,1,9464
1044,1659,1660,0,0,1
1042,1660,1661,0,0,1
1647,1661,1645,0,0,0
1609,1611,1662,0,0,1,9459
1663,1606,1664,1,0,1
1665,1664,1666,1,0,1
399,1666,1662,0,0,0
1628,1595,1667,0,0,1,17654
1668,1667,1669,1,0,1
1670,1669,1671,1,0,1
1672,1671,1673,1,0,1
1674,1673,1675,1,0,1
1676,1675,1677,1,0,1
1678,1677,1679,1,0,1
1680,1679,1681,1,0,1
1604,1681,1602,0,0,0
1626,1668,1682,0,0,1,17655
1683,1682,1684,1,0,1
1685,1684,1670,1,0,0
1680,1615,1686,0,0,1,9460
1687,1686,1688,1,0,1
1689,1690,1691,1,1,1
1692,1691,1693,1,0,1
1694,1693,1695,1,0,1
1696,1695,1697,1,0,1
1698,1697,1699,1,0,1
1700,1701,1702,1,1,1
1663,1702,1703,0,0,1
1607,1703,1704,0,0,1
1688,1704,1699,0,0,0
1654,1633,1705,0,0,1,46320
1652,1705,1706,0,0,1
1707,1706,1708,1,0,1
1709,1708,1710,1,0,1
1711,1710,1712,1,0,1
1713,1712,1714,1,0,1
1715,1714,1716,1,0,1
1717,1716,1718,1,0,1
1719,1720,1721,1,1,1
1722,1723,1724,1,1,1
1725,1724,1726,1,0,1
1718,1636,1727,0,0,1
1721,1727,1726,0,0,0
485,479,1728,0,0,1,1266
266,1728,1729,0,0,1
260,264,1730,0,0,1
257,261,1731,0,0,1
254,258,1732,0,0,1
251,255,1733,0,0,1
249,252,1734,0,0,1
422,247,1735,0,0,1
420,1735,1736,0,0,1
243,1736,1737,0,0,1
417,244,1738,0,0,1
241,1738,1739,0,0,1
238,1739,1740,0,0,1
235,239,1741,0,0,1
233,236,1742,0,0,1
231,1742,1743,0,0,1
226,229,1744,0,0,1
459,227,1745,0,0,1
413,1745,1746,0,0,1
224,1746,1747,0,0,1
219,222,1748,0,0,1
411,220,1749,0,0,1
457,1749,1750,0,0,1
216,1750,1751,0,0,1
217,1751,1752,0,0,1
213,1752,1753,0,0,1
214,1753,1754,0,0,1
211,1754,1755,0,0,1
207,209,1756,0,0,1
203,205,1757,0,0,1
197,199,1758,0,0,1
193,195,1759,0,0,1
1760,1759,1761,1,0,1
315,1761,1762,0,0,1
312,1762,1763,0,0,1
309,1763,1764,0,0,1
310,1764,1765,0,0,1
307,1765,1766,0,0,1
305,1766,1767,0,0,1
302,1767,1768,0,0,1
438,303,1769,0,0,1
299,1769,1770,0,0,1
300,1770,1771,0,0,1
297,1771,1772,0,0,1
295,1772,1773,0,0,1
435,293,1774,0,0,1
289,1774,1775,0,0,1
1776,1775,1777,1,0,1
287,1777,1778,0,0,1
284,1778,1779,0,0,1
281,1779,1780,0,0,1
278,282,1781,0,0,1
429,279,1782,0,0,1
275,1782,1783,0,0,1
273,276,1784,0,0,1
271,1784,1785,0,0,1
1729,269,1786,0,0,1
263,1786,1787,0,0,1
1730,1787,1788,0,0,1
1731,1788,1789,0,0,1
1733,1732,1790,0,0,1
1734,1790,1791,0,0,1
1737,246,1792,0,0,1
1740,1792,1793,0,0,1
1748,1747,1794,0,0,1
1755,1794,1795,0,0,1
1756,1795,1796,0,0,1
1757,1796,1797,0,0,1
201,1797,1798,0,0,1
1758,1798,1799,0,0,1
1768,1799,1800,0,0,1
1773,1800,1801,0,0,1
292,1801,1802,0,0,1
1785,1783,1803,0,0,1
268,1803,1804,0,0,1
1789,1804,1805,0,0,1
1791,1805,1806,0,0,1
1793,1806,1807,0,0,1
1802,1744,1808,0,0,1
1807,1781,1809,0,0,1
1808,1743,1810,0,0,1
1809,1780,1811,0,0,1
1741,1811,1810,0,0,0
1700,1665,1812,0,0,1,1267
1698,1701,1813,0,0,1
1814,1813,1815,1,0,1
1816,1815,1817,1,0,1
125,1817,1818,0,0,1
121,1818,1819,0,0,1
122,1819,1820,0,0,1
118,1820,1821,0,0,1
119,1821,1812,0,0,0
1638,1624,1822,0,0,1,17656
1725,1635,1823,0,0,1
1722,1823,1824,0,0,1
1825,1824,1826,1,0,1
1827,1826,1828,1,0,1
1683,1828,1822,0,0,0
1038,1650,1829,0,0,1,13559
1830,1829,1831,1,0,1
1832,1831,1833,1,0,1
1834,1833,1835,1,0,1
1836,1835,1707,1,0,0
1034,1830,1837,0,0,1,9465
1032,1035,1838,0,0,1
1839,1838,1840,1,0,1
1715,1841,1842,0,1,1
1843,1842,1844,1,0,1
1845,1844,1846,1,0,1
1847,1846,1848,1,0,1
1849,1848,1850,1,0,1
1834,1850,1851,0,0,1
1837,1832,1852,0,0,1
1840,1852,1851,0,0,0
1827,1685,1853,0,0,1,9463
1723,1825,1854,0,0,1
1855,1854,1856,1,0,1
1857,1856,1858,1,0,1
1859,1860,1861,1,1,1
1862,1861,1863,1,0,1
1864,1863,1865,1,0,1
1866,1865,1867,1,0,1
1672,1867,1868,0,0,1
1853,1868,1858,0,0,0
1866,1674,1869,0,0,1,9462
1870,1859,1871,1,0,1
1872,1871,1873,1,0,1
1874,1873,1875,1,0,1
1876,1875,1877,1,0,1
1878,1877,1879,1,0,1
1690,1879,1880,0,0,1
1687,1880,1881,0,0,1
1869,1676,1882,0,0,1
1864,1882,1883,0,0,1
1881,1862,1884,0,0,1
1678,1884,1883,0,0,0
1696,1814,1885,0,0,1,9459
1692,1694,1886,0,0,1
1887,1886,1888,1,0,1
1889,1890,1891,1,1,1
124,1892,1893,0,1,1
1816,1893,1894,0,0,1
1885,1894,1895,0,0,1
1888,1895,1891,0,0,0
1849,1836,1896,0,0,1,13560
1847,1896,1897,0,0,1
1843,1845,1898,0,0,1
1713,1898,1899,0,0,1
1711,1899,1900,0,0,1
1709,1900,1897,0,0,0
1719,1855,1901,0,0,1,17656
1902,1901,1903,1,0,1
1904,1905,1906,1,1,1
1857,1907,1908,0,1,1
1903,1908,1906,0,0,0
1904,1907,1909,0,0,1,17655
1910,1905,1911,1,0,1
1912,1911,1913,1,0,1
1914,1915,1916,1,1,1
1874,1917,1918,0,1,1
1872,1918,1919,0,0,1
1870,1919,1920,0,0,1
1860,1920,1921,0,0,1
1909,1921,1922,0,0,1
1916,1913,1923,0,0,1
1924,1923,1922,1,0,0
1029,1839,1925,0,0,1,9466
1926,1925,1927,1,0,1
1928,1927,1929,1,0,1
1930,1929,1931,1,0,1
1932,1931,1933,1,0,1
1717,1933,1841,0,0,0
1023,1025,1934,0,0,1,1274
1935,1934,1936,1,0,1
1937,1936,1938,1,0,1
1939,1940,1941,1,1,1
1932,1941,1942,0,0,1
1930,1942,1943,0,0,1
1928,1943,1944,0,0,1
1030,1926,1945,0,0,1
1027,1945,1946,0,0,1
1938,1946,1944,0,0,0
1720,1902,1947,0,0,1,21754
1939,1947,1948,0,0,1
1949,1948,1950,1,0,1
1951,1952,1953,1,1,1
1954,1953,1955,1,0,1
1956,1955,1957,1,0,1
1958,1957,1959,1,0,1
1960,1961,1962,1,1,1
1912,1962,1963,0,0,1
1910,1963,1964,0,0,1
1950,1964,1959,0,0,0
1878,1689,1965,0,0,1,9460
1966,1965,1967,1,0,1
1968,1969,1970,1,1,1
1971,1970,1972,1,0,1
1973,1972,1974,1,0,1
1975,1974,1976,1,0,1
1977,1976,1978,1,0,1
1979,1978,1980,1,0,1
1981,1980,1982,1,0,1
1983,1982,1984,1,0,1
1985,1984,1986,1,0,1
1987,1986,1988,1,0,1
1989,1988,1990,1,0,1
1991,1992,1993,1,1,1
1994,1993,1995,1,0,1
1887,1996,1997,0,1,1
1967,1997,1998,0,0,1
1990,1998,1995,0,0,0
1924,1917,1999,0,0,1,9462
1914,1999,2000,0,0,1
1915,2000,2001,0,0,1
1960,2001,2002,0,0,1
2003,2002,2004,1,0,1
1969,2004,2005,0,0,1
1966,2005,1876,0,0,0
1889,1892,2006,0,0,1,1267
1996,1890,2007,0,0,1
1994,2007,2008,0,0,1
1991,2008,2009,0,0,1
1989,1992,2010,0,0,1
2011,2010,2012,1,0,1
2013,2012,2014,1,0,1
2015,2014,2016,1,0,1
135,2017,2018,0,1,1
132,2018,2019,0,0,1
129,133,2020,0,0,1
127,130,2021,0,0,1
2006,2021,2022,0,0,1
2009,2022,2023,0,0,1
2016,2023,2024,0,0,1
2019,2024,2020,0,0,0
1015,1137,2025,0,0,1,1274
1135,1016,2026,0,0,1
2027,1013,2028,1,0,1
1018,2028,2029,0,0,1
1019,2029,2030,0,0,1
2025,2030,2026,0,0,0
2031,1937,2032,1,0,1,9466
2033,2032,2034,1,0,1
2035,2034,2036,1,0,1
2037,2036,2038,1,0,1
2039,2038,2040,1,0,1
1952,2040,2041,0,0,1
1949,2041,1940,0,0,0
1021,1935,2042,0,0,1,46320
2027,2042,2043,0,0,1
1010,2043,2044,0,0,1
1008,1011,2045,0,0,1
1006,2045,2046,0,0,1
2047,2046,2048,1,0,1
2049,2050,2051,1,1,1
2031,2052,2053,0,1,1
2044,2053,2054,0,0,1
2048,2054,2051,0,0,0
1961,2003,2055,0,0,1,21752
1958,2055,2056,0,0,1
2057,1956,2058,1,0,1
2059,2058,2060,1,0,1
2061,2060,2062,1,0,1
1973,2062,2063,0,0,1
1971,2063,2064,0,0,1
1968,2064,2056,0,0,0
2037,2039,2065,0,0,1,46320
2066,2065,2067,1,0,1
2068,2069,2070,1,1,1
2071,2072,2073,1,1,1
2074,2073,2075,1,0,1
2076,2075,2077,1,0,1
2078,2077,2079,1,0,1
2080,2079,2081,1,0,1
2082,2081,2083,1,0,1
2084,2083,2085,1,0,1
2067,1951,2086,0,0,1
2085,2070,2087,0,0,1
2088,2087,2086,1,0,0
2088,1954,2089,0,0,1,9464
2084,2089,2090,0,0,1
2091,2092,2093,1,1,1
2057,2093,2090,0,0,0
2049,2052,2094,0,0,1,9465
2047,2050,2095,0,0,1
1003,2095,2096,0,0,1
2097,2096,2098,1,0,1
2099,2098,2100,1,0,1
2068,2100,2101,0,0,1
2069,2101,2102,0,0,1
2066,2102,2103,0,0,1
2035,2103,2104,0,0,1
2033,2104,2094,0,0,0
2061,1975,2105,0,0,1,9463
2091,2059,2106,0,0,1
2082,2092,2107,0,0,1
2108,2107,2109,1,0,1
2110,2109,2111,1,0,1
2112,2111,2113,1,0,1
2114,2113,2115,1,0,1
2116,2115,2117,1,0,1
2118,2117,2119,1,0,1
2120,2119,2121,1,0,1
2122,2121,2123,1,0,1
1979,2123,2124,0,0,1
1977,2124,2125,0,0,1
2105,2125,2106,0,0,0
2120,2122,2126,0,0,1,17654
2118,2126,2127,0,0,1
2128,2129,2130,1,1,1
2131,2132,2133,1,1,1
1981,2133,2134,0,0,1
2127,2134,2130,0,0,0
1000,1004,2135,0,0,1,9464
2136,2135,2137,1,0,1
2138,2139,2140,1,1,1
2141,2140,2142,1,0,1
2143,2142,2144,1,0,1
2145,2144,2146,1,0,1
2071,2146,2147,0,0,1
2099,2072,2148,0,0,1
2097,2148,2149,0,0,1
2137,2149,2147,0,0,0
1985,1987,2150,0,0,1,9459
2131,1983,2151,0,0,1
2152,2151,2153,1,0,1
2154,2153,2155,1,0,1
138,2156,2157,0,1,1
2017,2157,2158,0,0,1
2015,2158,2159,0,0,1
2013,2159,2160,0,0,1
2150,2011,2161,0,0,1
2155,2161,2160,0,0,0
1131,1001,2162,0,0,1,9465
995,998,2163,0,0,1
2164,2163,2165,1,0,1
2138,2165,2166,0,0,1
2136,2139,2167,0,0,1
2162,2167,2168,0,0,1
997,2168,2166,0,0,0
2169,2170,2171,1,1,1,1266
2172,2173,2174,1,1,1
2175,2176,2177,1,1,1
2178,2177,2179,1,0,1
2180,2179,2181,1,0,1
2182,2181,2183,1,0,1
2184,2183,2185,1,0,1
2186,2185,2187,1,0,1
2188,2189,2190,1,1,1
2171,2190,2191,0,0,1
2174,2191,2187,0,0,0
2132,2152,2192,0,0,1,9460
2128,2192,2193,0,0,1
2194,2195,2196,1,1,1
2197,2196,2198,1,0,1
2199,2198,2200,1,0,1
2201,2200,2202,1,0,1
2203,2202,2204,1,0,1
2205,2204,2206,1,0,1
2207,2206,2193,1,0,0
2114,2116,2208,0,0,1,9462
2209,2208,2210,1,0,1
2211,2212,2213,1,1,1
2214,2213,2215,1,0,1
2216,2215,2217,1,0,1
2194,2217,2218,0,0,1
2195,2218,2219,0,0,1
2129,2219,2210,0,0,0
2080,2108,2220,0,0,1,1270
2221,2220,2222,1,0,1
2223,2222,2224,1,0,1
2225,2224,2226,1,0,1
2209,2212,2227,0,0,1
2112,2227,2228,0,0,1
2110,2228,2226,0,0,0
2154,2156,2229,0,0,1,1266
2207,2229,2230,0,0,1
2231,2230,2232,1,0,1
2233,2234,2235,1,1,1
2236,2237,2238,1,1,1
2239,2240,2241,1,1,1
140,2241,2242,0,0,1
137,141,2243,0,0,1
2232,2243,2244,0,0,1
2235,2244,2245,0,0,1
2238,2245,2242,0,0,0
2078,2221,2246,0,0,1,9462
2247,2246,2248,1,0,1
2249,2248,2250,1,0,1
2251,2250,2252,1,0,1
2253,2254,2255,1,1,1
2256,2255,2257,1,0,1
2258,2257,2259,1,0,1
2260,2259,2261,1,0,1
2262,2261,2263,1,0,1
2264,2263,2265,1,0,1
2266,2265,2267,1,0,1
2268,2269,2270,1,1,1
149,2270,2271,0,0,1
147,2271,2272,0,0,1
2273,2272,2274,1,0,1
2275,2274,2276,1,0,1
2277,2276,2278,1,0,1
2279,2280,2281,1,1,1
2282,2283,2284,1,1,1
2285,2286,2287,1,1,1
2288,2287,2289,1,0,1
2290,2289,2291,1,0,1
2223,2292,2293,0,1,1
2252,2293,2294,0,0,1
2278,2267,2295,0,0,1
2281,2295,2296,0,0,1
2297,2296,2298,1,0,1
2291,2284,2299,0,0,1
2294,2299,2298,0,0,0
2143,2145,2300,0,0,1,9463
2164,2141,2301,0,0,1
992,2301,2302,0,0,1
2303,2302,2304,1,0,1
2247,2304,2305,0,0,1
2076,2305,2306,0,0,1
2074,2306,2300,0,0,0
2203,2205,2307,0,0,1,9459
2199,2201,2308,0,0,1
2216,2197,2309,0,0,1
2310,2309,2311,1,0,1
2312,2311,2313,1,0,1
2314,2313,2315,1,0,1
2316,2315,2317,1,0,1
2236,2317,2318,0,0,1
2237,2318,2319,0,0,1
2233,2319,2320,0,0,1
2231,2234,2321,0,0,1
2307,2321,2322,0,0,1
2308,2322,2320,0,0,0
2290,2292,2323,0,0,1,13557
2282,2286,2324,0,0,1
2325,2324,2326,1,0,1
2327,2326,2328,1,0,1
2323,2225,2329,0,0,1
2288,2329,2330,0,0,1
2328,2285,2331,0,0,1
2211,2331,2330,0,0,0
1155,1157,2332,0,0,1,1272
944,2332,2333,0,0,1
941,945,2334,0,0,1
938,942,2335,0,0,1
936,939,2336,0,0,1
934,2336,2337,0,0,1
932,2337,2338,0,0,1
929,2338,2339,0,0,1
926,930,2340,0,0,1
923,927,2341,0,0,1
920,924,2342,0,0,1
1109,921,2343,0,0,1
917,2343,2344,0,0,1
914,918,2345,0,0,1
911,915,2346,0,0,1
2347,2346,2348,1,0,1
2349,2348,2350,1,0,1
2351,2350,2352,1,0,1
2353,2354,2355,1,1,1
2356,2357,2358,1,1,1
2359,2360,2361,1,1,1
2362,2361,2363,1,0,1
2364,2365,2366,1,1,1
2367,2366,2368,1,0,1
2369,2368,2370,1,0,1
2371,2372,2373,1,1,1
2374,2373,2375,1,0,1
2376,2375,2377,1,0,1
2378,2377,2379,1,0,1
2380,2379,2381,1,0,1
2382,2381,2383,1,0,1
2384,2385,2386,1,1,1
2387,2386,2388,1,0,1
2389,2390,2391,1,1,1
953,2391,2392,0,0,1
1118,954,2393,0,0,1
950,2393,2394,0,0,1
951,2394,2395,0,0,1
947,2395,2396,0,0,1
948,2396,2397,0,0,1
2333,2397,2398,0,0,1
2334,2398,2399,0,0,1
2335,2399,2400,0,0,1
2339,2400,2401,0,0,1
2340,2401,2402,0,0,1
2342,2341,2403,0,0,1
2344,2403,2404,0,0,1
2345,2404,2405,0,0,1
2352,2405,2406,0,0,1
2355,2406,2407,0,0,1
2358,2407,2408,0,0,1
2363,2408,2409,0,0,1
2370,2409,2410,0,0,1
2383,2410,2411,0,0,1
2388,2411,2412,0,0,1
2413,2412,2414,1,0,1
2392,2414,2402,0,0,0
993,2303,2415,0,0,1,17656
990,2415,2416,0,0,1
2417,2416,2418,1,0,1
2419,2418,2420,1,0,1
2251,2254,2421,0,0,1
2249,2421,2420,0,0,0
2297,2283,2422,0,0,1,9461
2279,2422,2423,0,0,1
2280,2423,2424,0,0,1
2277,2424,2425,0,0,1
2426,2427,2428,1,1,1
2310,2429,2430,0,1,1
2214,2430,2431,0,0,1
2327,2431,2432,0,0,1
2425,2325,2433,0,0,1
2428,2433,2432,0,0,0
981,1127,2434,0,0,1,1274
2435,2434,2436,1,0,1
2437,2438,2439,1,1,1
2440,2439,2441,1,0,1
2442,2441,2443,1,0,1
2444,2445,2446,1,1,1
984,2446,2447,0,0,1
2436,2447,2443,0,0,0
2429,2312,2448,0,0,1,9460
2426,2448,2449,0,0,1
2275,2427,2450,0,0,1
145,2273,2451,0,0,1
2452,2451,2453,1,0,1
2454,2453,2455,1,0,1
2456,2455,2457,1,0,1
2449,2458,2459,0,1,1
2450,2459,2457,0,0,0
2314,2316,2460,0,0,1,1267
2458,2460,2461,0,0,1
2454,2456,2462,0,0,1
143,2452,2463,0,0,1
2239,2463,2464,0,0,1
2461,2240,2465,0,0,1
2462,2465,2464,0,0,0
988,2417,2466,0,0,1,9466
2467,986,2468,1,0,1
2469,2470,2471,1,1,1
2472,2471,2473,1,0,1
2474,2473,2475,1,0,1
2253,2475,2476,0,0,1
2419,2476,2477,0,0,1
2466,2477,2468,0,0,0
2444,983,2478,0,0,1,13561
2479,2478,2480,1,0,1
2481,2482,2483,1,1,1
2484,2483,2485,1,0,1
2486,2485,2487,1,0,1
2469,2487,2488,0,0,1
2467,2470,2489,0,0,1
2480,2489,2488,0,0,0
2442,2445,2490,0,0,1,9466
2440,2490,2491,0,0,1
2492,2437,2493,1,0,1
2494,2495,2496,1,1,1
2497,2496,2498,1,0,1
2499,2498,2500,1,0,1
2501,2500,2502,1,0,1
2503,2504,2505,1,1,1
2484,2505,2506,0,0,1
2479,2482,2507,0,0,1
2491,2507,2508,0,0,1
2502,2493,2509,0,0,1
2510,2509,2511,1,0,1
2506,2511,2512,0,0,1
2481,2512,2508,0,0,0
2474,2256,2513,0,0,1,9463
2514,2513,2515,1,0,1
2516,2515,2517,1,0,1
2518,2517,2519,1,0,1
2520,2519,2521,1,0,1
2522,2521,2523,1,0,1
2524,2523,2525,1,0,1
2526,2527,2528,1,1,1
2529,2530,2531,1,1,1
2532,2531,2533,1,0,1
2534,2533,2535,1,0,1
2536,2537,2538,1,1,1
2539,2538,2540,1,0,1
2541,2542,2543,1,1,1
2262,2543,2544,0,0,1
2525,2258,2545,0,0,1
2528,2545,2546,0,0,1
2535,2547,2548,0,1,1
2540,2548,2549,0,0,1
2544,2549,2550,0,0,1
2260,2550,2546,0,0,0
2486,2472,2551,0,0,1,17656
2503,2551,2552,0,0,1
2553,2552,2554,1,0,1
2555,2554,2556,1,0,1
2516,2556,2514,0,0,0
978,2435,2557,0,0,1,9465
975,979,2558,0,0,1
2559,2558,2560,1,0,1
2494,2560,2561,0,0,1
2492,2495,2562,0,0,1
2438,2562,2563,0,0,1
2557,2563,2561,0,0,0
2564,2268,2565,1,0,1,9458
155,2566,2567,0,1,1
153,2567,2568,0,0,1
151,2568,2565,0,0,0
1776,286,2569,0,0,1,1264
290,2569,433,0,0,0
972,976,2570,0,0,1,46320
2571,2570,2572,1,0,1
2573,2572,2574,1,0,1
2575,2574,2576,1,0,1
2577,2576,2578,1,0,1
2579,2580,2581,1,1,1
2582,2581,2583,1,0,1
2584,2583,2585,1,0,1
2586,2585,2587,1,0,1
2588,2587,2589,1,0,1
2590,2589,2591,1,0,1
2497,2591,2592,0,0,1
2578,2559,2593,0,0,1
2594,2593,2592,1,0,0
2595,2555,2596,1,0,1,17656
2597,2596,2598,1,0,1
2599,2598,2600,1,0,1
2601,2602,2603,1,1,1
2604,2605,2606,1,1,1
2607,2606,2608,1,0,1
2609,2608,2610,1,0,1
2611,2610,2612,1,0,1
2600,2518,2613,0,0,1
2603,2613,2612,0,0,0
2266,2269,2614,0,0,1,21749
2541,2264,2615,0,0,1
2616,2615,2617,1,0,1
2618,2617,2619,1,0,1
2620,2619,2621,1,0,1
2622,2621,2623,1,0,1
157,2623,2624,0,0,1
2566,2624,2625,0,0,1
2564,2625,2614,0,0,0
2510,2504,2626,0,0,1,17656
2627,2626,2628,1,0,1
2629,2628,2630,1,0,1
2631,2630,2632,1,0,1
2633,2632,2634,1,0,1
2635,2634,2636,1,0,1
2605,2637,2638,0,1,1
2599,2602,2639,0,0,1
2597,2639,2640,0,0,1
2553,2595,2641,0,0,1
2638,2636,2642,0,0,1
2601,2642,2643,0,0,1
2640,2643,2641,0,0,0
2522,2524,2644,0,0,1,1271
2611,2520,2645,0,0,1
2646,2645,2647,1,0,1
2648,2647,2649,1,0,1
2650,2649,2651,1,0,1
2652,2651,2653,1,0,1
2547,2653,2654,0,0,1
2526,2654,2655,0,0,1
2527,2655,2644,0,0,0
968,970,2656,0,0,1,9465
2657,2656,2658,1,0,1
2659,2658,2660,1,0,1
2573,2575,2661,0,0,1
973,2571,2662,0,0,1
2660,2662,2661,0,0,0
2590,2499,2663,0,0,1,9466
2664,2663,2665,1,0,1
2666,2665,2667,1,0,1
2667,2501,2668,0,0,1,46320
2669,2668,2670,1,0,1
2671,2672,2673,1,1,1
2674,2673,2675,1,0,1
2676,2675,2677,1,0,1
2678,2677,2679,1,0,1
2631,2679,2680,0,0,1
2629,2680,2681,0,0,1
2670,2627,2682,0,0,1
2683,2682,2681,1,0,0
2684,2622,2685,1,0,1,1267
2686,2685,2687,1,0,1
2688,2689,2690,1,1,1
2691,2692,2693,1,1,1
2694,2695,2696,1,1,1
2697,2698,2699,1,1,1
2700,2699,2701,1,0,1
2702,2701,2703,1,0,1
2704,2703,2705,1,0,1
2706,2707,2708,1,1,1
2709,2708,2710,1,0,1
2711,2712,2713,1,1,1
2714,2713,2715,1,0,1
2716,2715,2717,1,0,1
2718,2719,2720,1,1,1
2721,2720,2722,1,0,1
2723,2724,2725,1,1,1
2726,2725,2727,1,0,1
2728,2727,2729,1,0,1
161,2729,2730,0,0,1
159,162,2731,0,0,1
2687,2731,2732,0,0,1
2690,2732,2733,0,0,1
2693,2733,2734,0,0,1
2696,2734,2735,0,0,1
2705,2735,2736,0,0,1
2717,2710,2737,0,0,1
2722,2737,2738,0,0,1
2730,2738,2736,0,0,0
2607,2609,2739,0,0,1,9463
2604,2739,2740,0,0,1
2741,2635,2742,1,0,1
2743,2742,2744,1,0,1
2745,2746,2747,1,1,1
2748,2747,2749,1,0,1
2750,2749,2751,1,0,1
2752,2751,2753,1,0,1
2754,2755,2756,1,1,1
2757,2758,2759,1,1,1
2760,2761,2762,1,1,1
2648,2762,2763,0,0,1
2646,2763,2764,0,0,1
2740,2764,2765,0,0,1
2637,2765,2766,0,0,1
2744,2766,2767,0,0,1
2768,2767,2769,1,0,1
2756,2753,2770,0,0,1
2759,2770,2771,0,0,1
2772,2771,2769,1,0,0
2539,2542,2773,0,0,1,21750
2536,2773,2774,0,0,1
2534,2537,2775,0,0,1
2532,2775,2776,0,0,1
2777,2778,2779,1,1,1
2780,2779,2781,1,0,1
2782,2783,2784,1,1,1
2618,2784,2785,0,0,1
2774,2616,2786,0,0,1
2776,2786,2787,0,0,1
2781,2787,2785,0,0,0
2782,2620,2788,0,0,1,9459
2780,2783,2789,0,0,1
2777,2789,2790,0,0,1
2791,2529,2792,1,0,1
2793,2792,2794,1,0,1
2795,2794,2796,1,0,1
2695,2797,2798,0,1,1
2691,2798,2799,0,0,1
2692,2799,2800,0,0,1
2688,2800,2801,0,0,1
2686,2689,2802,0,0,1
2684,2802,2803,0,0,1
2788,2803,2804,0,0,1
2790,2804,2805,0,0,1
2796,2778,2806,0,0,1
2801,2806,2805,0,0,0
2657,2659,2807,0,0,1,9466
966,2807,2808,0,0,1
2809,2808,2810,1,0,1
2811,2812,2813,1,1,1
2814,2815,2816,1,1,1
2817,2816,2818,1,0,1
2819,2818,2820,1,0,1
2821,2822,2823,1,1,1
2824,2823,2825,1,0,1
2826,2825,2827,1,0,1
2828,2827,2829,1,0,1
2830,2829,2831,1,0,1
2832,2831,2833,1,0,1
2834,2835,2836,1,1,1
2837,2836,2838,1,0,1
2839,2838,2840,1,0,1
2580,2840,2841,0,0,1
2594,2841,2842,0,0,1
2577,2842,2843,0,0,1
2810,2843,2844,0,0,1
2813,2844,2845,0,0,1
2846,2845,2847,1,0,1
2833,2848,2849,0,1,1
2850,2849,2851,1,0,1
2847,2852,2853,0,1,1
2820,2853,2854,0,0,1
2855,2854,2851,1,0,0
2389,956,2856,0,0,1,9465
2857,2856,2858,1,0,1
2859,2858,2860,1,0,1
2861,2860,2862,1,0,1
2863,2862,2864,1,0,1
2865,2814,2866,1,0,1
961,2866,2867,0,0,1
962,2867,2868,0,0,1
958,2868,2869,0,0,1
1120,959,2870,0,0,1
2864,2870,2871,0,0,1
2872,2871,2869,1,0,0
2760,2650,2873,0,0,1,1270
2874,2873,2875,1,0,1
2876,2875,2877,1,0,1
2878,2877,2879,1,0,1
2880,2879,2881,1,0,1
2791,2881,2882,0,0,1
2530,2882,2652,0,0,0
2588,2664,2883,0,0,1,21752
2584,2586,2884,0,0,1
2885,2884,2886,1,0,1
2887,2888,2889,1,1,1
2890,2891,2892,1,1,1
2893,2892,2894,1,0,1
2895,2894,2896,1,0,1
2897,2898,2899,1,1,1
2671,2900,2901,0,1,1
2672,2901,2902,0,0,1
2683,2902,2903,0,0,1
2666,2669,2904,0,0,1
2883,2904,2905,0,0,1
2886,2905,2906,0,0,1
2889,2906,2907,0,0,1
2899,2896,2908,0,0,1
2903,2908,2907,0,0,0
2678,2633,2909,0,0,1,17654
2910,2909,2911,1,0,1
2768,2746,2912,0,0,1
2743,2912,2913,0,0,1
2741,2913,2911,0,0,0
2865,964,2914,0,0,1,1274
2815,2914,2915,0,0,1
2811,2846,2916,0,0,1
2809,2812,2917,0,0,1
2915,2917,2916,0,0,0
2772,2761,2918,0,0,1,9462
2757,2918,2919,0,0,1
2758,2919,2920,0,0,1
2921,2754,2922,1,0,1
2923,2922,2924,1,0,1
2793,2925,2926,0,1,1
2880,2926,2927,0,0,1
2876,2878,2928,0,0,1
2920,2874,2929,0,0,1
2927,2924,2930,0,0,1
2928,2930,2929,0,0,0
2390,2857,2931,0,0,1,46320
2932,2933,2934,1,1,1
2935,2934,2936,1,0,1
2819,2855,2937,0,0,1
2872,2817,2938,0,0,1
2861,2863,2939,0,0,1
2931,2859,2940,0,0,1
2941,2940,2942,1,0,1
2936,2942,2943,0,0,1
2938,2937,2944,0,0,1
2939,2944,2943,0,0,0
2676,2910,2945,0,0,1,13558
2900,2674,2946,0,0,1
2897,2946,2947,0,0,1
2948,2947,2949,1,0,1
2950,2949,2951,1,0,1
2745,2951,2945,0,0,0
2923,2925,2952,0,0,1,9460
2953,2952,2954,1,0,1
2955,2956,2957,1,1,1
2958,2959,2960,1,1,1
2961,2962,2963,1,1,1
2964,2963,2965,1,0,1
2966,2967,2968,1,1,1
2969,2968,2970,1,0,1
2971,2972,2973,1,1,1
2711,2973,2974,0,0,1
2975,2974,2976,1,0,1
2977,2978,2979,1,1,1
2980,2979,2981,1,0,1
2700,2981,2982,0,0,1
2697,2982,2983,0,0,1
2694,2698,2984,0,0,1
2797,2984,2985,0,0,1
2954,2795,2986,0,0,1
2957,2986,2987,0,0,1
2960,2987,2988,0,0,1
2970,2965,2989,0,0,1
2976,2989,2990,0,0,1
2983,2990,2991,0,0,1
2988,2985,2992,0,0,1
2993,2992,2991,1,0,0
2921,2953,2994,0,0,1,9461
2755,2994,2995,0,0,1
2996,2995,2997,1,0,1
2998,2997,2999,1,0,1
3000,2999,3001,1,0,1
3002,3001,3003,1,0,1
2962,3003,3004,0,0,1
2958,2993,3005,0,0,1
2955,2959,3006,0,0,1
3004,2956,3007,0,0,1
3005,3007,3006,0,0,0
2582,2885,3008,0,0,1,17655
2839,2579,3009,0,0,1
3010,3009,3011,1,0,1
3012,3011,3013,1,0,1
2891,3013,3014,0,0,1
2887,3014,3015,0,0,1
2888,3015,3008,0,0,0
2413,2941,3016,0,0,1,9464
2387,3016,3017,0,0,1
2384,3017,3018,0,0,1
2382,2385,3019,0,0,1
2380,3019,3020,0,0,1
2378,3020,3021,0,0,1
2376,3021,3022,0,0,1
3023,3022,3024,1,0,1
3025,3024,3026,1,0,1
2933,3026,3018,0,0,0
2850,2852,3027,0,0,1,1274
2830,2832,3028,0,0,1
3029,2828,3030,1,0,1
2834,3030,3031,0,0,1
3027,2835,3032,0,0,1
3028,3032,3031,0,0,0
2950,2748,3033,0,0,1,9462
2898,2948,3034,0,0,1
3035,3034,3036,1,0,1
3037,3036,3038,1,0,1
3039,3038,3040,1,0,1
2996,2998,3041,0,0,1
2752,3041,3042,0,0,1
3033,2750,3043,0,0,1
3040,3043,3042,0,0,0
2895,3035,3044,0,0,1,13557
2893,3044,3045,0,0,1
3046,3045,3047,1,0,1
3048,3047,3049,1,0,1
3050,3049,3051,1,0,1
3052,3051,3053,1,0,1
3054,3053,3055,1,0,1
3056,3057,3058,1,1,1
3037,3058,3055,0,0,0
2837,3010,3059,0,0,1,21754
3029,3059,3060,0,0,1
2826,3060,3061,0,0,1
2824,3061,3062,0,0,1
3063,3064,3065,1,1,1
3066,3065,3062,1,0,0
3012,2890,3067,0,0,1,17655
3066,3067,3068,0,0,1
3063,3068,3069,0,0,1
3070,3069,3046,1,0,0
360,639,3071,0,0,1,1266
0,361,3072,0,0,1
1,3072,3073,0,0,1
62,3073,3074,0,0,1
710,3074,3071,0,0,0
3075,3048,3076,1,0,1,17654
3077,3076,3078,1,0,1
3079,3080,3081,1,1,1
3050,3081,3078,0,0,0
3064,3070,3082,0,0,1,13558
2821,3082,3083,0,0,1
3084,3083,3085,1,0,1
3086,3087,3088,1,1,1
3089,3088,3090,1,0,1
3091,3090,3092,1,0,1
3093,3092,3094,1,0,1
3077,3094,3095,0,0,1
3075,3095,3085,0,0,0
3079,3052,3096,0,0,1,9461
3093,3080,3097,0,0,1
3098,3091,3099,1,0,1
3100,3099,3101,1,0,1
3102,3101,3103,1,0,1
3104,3103,3105,1,0,1
3106,3105,3107,1,0,1
3108,3109,3110,1,1,1
2964,3111,3112,0,1,1
3002,2961,3113,0,0,1
3000,3113,3114,0,0,1
3056,3039,3115,0,0,1
3057,3115,3116,0,0,1
3096,3054,3117,0,0,1
3097,3117,3118,0,0,1
3110,3107,3119,0,0,1
3112,3119,3120,0,0,1
3114,3120,3121,0,0,1
3116,3121,3118,0,0,0
3122,3123,3124,1,1,1,1266
3125,3126,3127,1,1,1
3128,3129,3130,1,1,1
3131,3132,3133,1,1,1
3134,3133,3135,1,0,1
3136,3135,3137,1,0,1
3138,3139,3140,1,1,1
3141,3142,3143,1,1,1
3144,3143,3145,1,0,1
3146,3147,3148,1,1,1
3149,3148,3150,1,0,1
3151,3152,3153,1,1,1
3154,3153,3155,1,0,1
3156,3155,3157,1,0,1
3158,3157,3159,1,0,1
3124,3159,3160,0,0,1
3127,3160,3161,0,0,1
3130,3161,3162,0,0,1
3137,3162,3163,0,0,1
3140,3163,3164,0,0,1
3145,3164,3150,0,0,0
2723,2726,3165,0,0,1,1266
2721,2724,3166,0,0,1
2718,3166,3167,0,0,1
3168,3167,3169,1,0,1
3170,3169,3171,1,0,1
3172,3171,3173,1,0,1
3174,3173,3175,1,0,1
3176,3175,3177,1,0,1
3178,3177,3179,1,0,1
3180,3181,3182,1,1,1
3183,3182,3184,1,0,1
189,3184,3185,0,0,1
187,3185,3186,0,0,1
184,3186,3187,0,0,1
181,185,3188,0,0,1
178,182,3189,0,0,1
175,179,3190,0,0,1
172,176,3191,0,0,1
169,173,3192,0,0,1
166,170,3193,0,0,1
164,167,3194,0,0,1
2728,3194,3195,0,0,1
3165,3195,3196,0,0,1
3179,3196,3197,0,0,1
3187,3197,3198,0,0,1
3188,3198,3199,0,0,1
3190,3189,3200,0,0,1
3192,3191,3201,0,0,1
3193,3201,3202,0,0,1
3199,3202,3200,0,0,0
2980,2702,3203,0,0,1,1268
2977,3203,3204,0,0,1
2975,2978,3205,0,0,1
2712,3205,3206,0,0,1
2709,3206,3207,0,0,1
2706,3207,3208,0,0,1
2704,2707,3209,0,0,1
3204,3209,3208,0,0,0
2848,2822,3210,0,0,1,9464
2935,3210,3211,0,0,1
3212,3211,3213,1,0,1
3214,3213,3215,1,0,1
3216,3215,3217,1,0,1
3218,3217,3219,1,0,1
3220,3221,3222,1,1,1
3223,3222,3224,1,0,1
3225,3224,3226,1,0,1
3227,3228,3229,1,1,1
3086,3230,3231,0,1,1
3084,3087,3232,0,0,1
3226,3219,3233,0,0,1
3229,3233,3234,0,0,1
3231,3234,3232,0,0,0
3235,3236,3237,1,1,1,1266
3238,3239,3240,1,1,1
3241,3242,3243,1,1,1
3244,3243,3245,1,0,1
3246,3245,3247,1,0,1
3248,3247,3249,1,0,1
3250,3251,3252,1,1,1
3237,3253,3254,0,1,1
3240,3254,3255,0,0,1
3249,3255,3252,0,0,0
2932,3212,3256,0,0,1,9465
3025,3256,3257,0,0,1
3258,3257,3259,1,0,1
3260,3259,3261,1,0,1
3262,3261,3263,1,0,1
3264,3263,3265,1,0,1
3216,3265,3214,0,0,0
2969,2972,3266,0,0,1,1268
3111,2967,3267,0,0,1
3108,3267,3268,0,0,1
3269,3268,3270,1,0,1
3271,3270,3272,1,0,1
3273,3272,3274,1,0,1
3275,3276,3277,1,1,1
3278,3277,3279,1,0,1
3280,3279,3281,1,0,1
3168,3281,3282,0,0,1
2714,2716,3283,0,0,1
2971,3283,3284,0,0,1
3266,3284,3285,0,0,1
3274,2966,3286,0,0,1
3282,3286,3287,0,0,1
2719,3287,3285,0,0,0
3230,3089,3288,0,0,1,9463
3227,3288,3289,0,0,1
3225,3228,3290,0,0,1
3291,3290,3292,1,0,1
3293,3292,3294,1,0,1
3098,3294,3289,0,0,0
3023,3258,3295,0,0,1,1273
2374,3295,3296,0,0,1
3297,2371,3298,1,0,1
3299,3298,3300,1,0,1
3301,3300,3302,1,0,1
3303,3302,3304,1,0,1
3305,3304,3306,1,0,1
3307,3306,3308,1,0,1
3309,3308,3310,1,0,1
3260,3310,3296,0,0,0
3291,3293,3311,0,0,1,9462
3223,3311,3312,0,0,1
3313,3312,3314,1,0,1
3315,3314,3316,1,0,1
3317,3316,3318,1,0,1
3319,3318,3320,1,0,1
3321,3320,3100,1,0,0
3322,3323,3324,1,1,1,1269
3325,3324,3326,1,0,1
3327,3328,3329,1,1,1
3330,3331,3332,1,1,1
3333,3332,3334,1,0,1
3335,3334,3336,1,0,1
3337,3336,3338,1,0,1
3339,3338,3340,1,0,1
3341,3342,3343,1,1,1
3344,3343,3345,1,0,1
3326,3345,3346,0,0,1
3329,3346,3340,0,0,0
3307,3309,3347,0,0,1,9464
3301,3303,3348,0,0,1
3349,3348,3350,1,0,1
3351,3352,3353,1,1,1
3354,3353,3355,1,0,1
3356,3355,3357,1,0,1
3218,3358,3359,0,1,1
3264,3359,3360,0,0,1
3347,3262,3361,0,0,1
3350,3305,3362,0,0,1
3357,3362,3363,0,0,1
3360,3363,3361,0,0,0
2372,3297,3364,0,0,1,46320
2369,3364,3365,0,0,1
3366,3367,3368,1,1,1
3369,3370,3371,1,1,1
3372,3373,3374,1,1,1
3375,3374,3376,1,0,1
3377,3376,3378,1,0,1
3379,3378,3380,1,0,1
3381,3382,3383,1,1,1
3354,3383,3384,0,0,1
3349,3352,3385,0,0,1
3299,3385,3386,0,0,1
3365,3386,3387,0,0,1
3388,3387,3389,1,0,1
3380,3371,3390,0,0,1
3384,3390,3391,0,0,1
3389,3351,3392,0,0,1
3368,3392,3391,0,0,0
3220,3313,3393,0,0,1,9463
3358,3221,3394,0,0,1
3356,3394,3395,0,0,1
3381,3395,3396,0,0,1
3397,3396,3398,1,0,1
3399,3398,3400,1,0,1
3401,3400,3402,1,0,1
3315,3402,3393,0,0,0
3382,3397,3403,0,0,1,17655
3379,3403,3404,0,0,1
3405,3377,3406,1,0,1
3407,3406,3408,1,0,1
3409,3410,3411,1,1,1
3412,3411,3413,1,0,1
3399,3413,3414,0,0,1
3404,3414,3408,0,0,0
3109,3269,3415,0,0,1,9460
3416,3415,3417,1,0,1
3418,3419,3420,1,1,1
3421,3422,3423,1,1,1
3424,3425,3426,1,1,1
3427,3426,3428,1,0,1
3429,3428,3430,1,0,1
3431,3430,3432,1,0,1
3433,3434,3435,1,1,1
3436,3435,3437,1,0,1
3438,3437,3439,1,0,1
3440,3439,3441,1,0,1
3442,3441,3443,1,0,1
3444,3445,3446,1,1,1
3447,3448,3449,1,1,1
3275,3449,3450,0,0,1
3273,3276,3451,0,0,1
3417,3271,3452,0,0,1
3420,3452,3453,0,0,1
3432,3423,3454,0,0,1
3443,3454,3455,0,0,1
3446,3455,3456,0,0,1
3450,3456,3457,0,0,1
3451,3457,3453,0,0,0
3412,3401,3458,0,0,1,1271
3459,3409,3460,1,0,1
3461,3460,3462,1,0,1
3463,3462,3464,1,0,1
3465,3464,3466,1,0,1
3467,3468,3469,1,1,1
3470,3469,3471,1,0,1
3319,3471,3472,0,0,1
3317,3472,3473,0,0,1
3458,3473,3466,0,0,0
2367,3388,3474,0,0,1,13559
3475,2364,3476,1,0,1
3477,3476,3478,1,0,1
3479,3480,3481,1,1,1
3370,3481,3482,0,0,1
3366,3482,3483,0,0,1
3367,3483,3484,0,0,1
3474,3484,3478,0,0,0
3321,3102,3485,0,0,1,9463
3470,3485,3486,0,0,1
3487,3467,3488,1,0,1
3489,3488,3490,1,0,1
3491,3490,3492,1,0,1
3104,3492,3486,0,0,0
3463,3465,3493,0,0,1,46320
3494,3493,3495,1,0,1
3496,3495,3497,1,0,1
3498,3499,3500,1,1,1
3501,3500,3502,1,0,1
3503,3502,3504,1,0,1
3489,3504,3505,0,0,1
3487,3505,3506,0,0,1
3468,3506,3497,0,0,0
3278,3280,3507,0,0,1,1267
3447,3507,3508,0,0,1
3444,3448,3509,0,0,1
3510,3509,3511,1,0,1
3438,3512,3513,0,1,1
3514,3515,3516,1,1,1
3517,3516,3518,1,0,1
3178,3181,3519,0,0,1
3176,3519,3520,0,0,1
3174,3520,3521,0,0,1
3172,3521,3522,0,0,1
3508,3170,3523,0,0,1
3511,3523,3524,0,0,1
3513,3524,3525,0,0,1
3518,3436,3526,0,0,1
3180,3526,3527,0,0,1
3522,3527,3525,0,0,0
3491,3106,3528,0,0,1,17654
3503,3528,3529,0,0,1
3501,3529,3530,0,0,1
3531,3530,3532,1,0,1
3533,3534,3535,1,1,1
3416,3419,3536,0,0,1
3535,3532,3537,0,0,1
3538,3537,3536,1,0,0
3407,3410,3539,0,0,1,13558
3540,3539,3541,1,0,1
3542,3541,3543,1,0,1
3494,3544,3545,0,1,1
3461,3545,3546,0,0,1
3459,3546,3543,0,0,0
2362,2365,3547,0,0,1,9464
2359,3547,3548,0,0,1
3549,3548,3550,1,0,1
3551,3550,3552,1,0,1
3553,3552,3554,1,0,1
3555,3556,3557,1,1,1
3558,3557,3559,1,0,1
3480,3560,3561,0,1,1
3477,3561,3562,0,0,1
3475,3562,3563,0,0,1
3554,3563,3559,0,0,0
3533,3538,3564,0,0,1,9461
3498,3531,3565,0,0,1
3566,3565,3567,1,0,1
3568,3567,3569,1,0,1
3570,3569,3571,1,0,1
3572,3571,3573,1,0,1
3574,3573,3575,1,0,1
3576,3575,3577,1,0,1
3578,3579,3580,1,1,1
3581,3582,3583,1,1,1
3584,3585,3586,1,1,1
3587,3586,3588,1,0,1
3431,3434,3589,0,0,1
3427,3429,3590,0,0,1
3421,3425,3591,0,0,1
3418,3422,3592,0,0,1
3564,3592,3593,0,0,1
3577,3534,3594,0,0,1
3583,3580,3595,0,0,1
3589,3588,3596,0,0,1
3590,3596,3597,0,0,1
3424,3597,3598,0,0,1
3593,3591,3599,0,0,1
3594,3599,3600,0,0,1
3595,3600,3598,0,0,0
3405,3540,3601,0,0,1,9463
3375,3601,3602,0,0,1
3603,3602,3604,1,0,1
3605,3606,3607,1,1,1
3608,3607,3609,1,0,1
3610,3609,3611,1,0,1
3542,3611,3604,0,0,0
3479,3369,3612,0,0,1,9463
3560,3612,3613,0,0,1
3614,3558,3615,1,0,1
3616,3615,3617,1,0,1
3618,3617,3619,1,0,1
3620,3619,3621,1,0,1
3622,3621,3623,1,0,1
3606,3623,3624,0,0,1
3372,3603,3625,0,0,1
3613,3373,3626,0,0,1
3624,3626,3625,0,0,0
3610,3544,3627,0,0,1,1270
3622,3605,3628,0,0,1
3620,3628,3629,0,0,1
3618,3629,3630,0,0,1
3631,3630,3632,1,0,1
3633,3632,3634,1,0,1
3635,3634,3636,1,0,1
3637,3636,3638,1,0,1
3639,3638,3640,1,0,1
3641,3640,3642,1,0,1
3643,3644,3645,1,1,1
3566,3646,3647,0,1,1
3499,3647,3648,0,0,1
3627,3496,3649,0,0,1
3645,3642,3650,0,0,1
3651,3650,3652,1,0,1
3649,3648,3653,0,0,1
3608,3653,3652,0,0,0
30,32,3654,0,0,1,1266
350,28,3655,0,0,1
448,3655,3656,0,0,1
347,3656,3657,0,0,1
345,348,3658,0,0,1
3654,3658,3657,0,0,0
2356,2360,3659,0,0,1,46320
2353,2357,3660,0,0,1
3661,3660,3662,1,0,1
3663,3662,3664,1,0,1
3665,3664,3666,1,0,1
3667,3666,3668,1,0,1
3549,3668,3659,0,0,0
3651,3646,3669,0,0,1,1269
3670,3671,3672,1,1,1
3673,3674,3675,1,1,1
3676,3675,3677,1,0,1
3582,3677,3678,0,0,1
3578,3678,3679,0,0,1
3576,3579,3680,0,0,1
3574,3680,3681,0,0,1
3570,3572,3682,0,0,1
3669,3568,3683,0,0,1
3643,3683,3684,0,0,1
3679,3672,3685,0,0,1
3681,3685,3686,0,0,1
3684,3682,3687,0,0,1
3644,3687,3688,0,0,1
3689,3688,3686,1,0,0
3442,3445,3690,0,0,1,1268
3440,3690,3691,0,0,1
3512,3691,3510,0,0,0
3635,3637,3692,0,0,1,9462
3631,3633,3693,0,0,1
3616,3693,3694,0,0,1
3555,3614,3695,0,0,1
3696,3695,3697,1,0,1
3698,3697,3699,1,0,1
3700,3701,3702,1,1,1
3703,3702,3704,1,0,1
3705,3706,3707,1,1,1
3708,3707,3709,1,0,1
3710,3711,3712,1,1,1
3585,3712,3713,0,0,1
3581,3713,3714,0,0,1
3676,3714,3715,0,0,1
3716,3717,3718,1,1,1
3692,3718,3719,0,0,1
3694,3719,3720,0,0,1
3699,3720,3721,0,0,1
3704,3721,3722,0,0,1
3709,3722,3723,0,0,1
3715,3724,3725,0,1,1
3726,3725,3723,1,0,0
3639,3641,3727,0,0,1,9461
3726,3717,3728,0,0,1
3673,3728,3729,0,0,1
3674,3729,3730,0,0,1
3670,3730,3731,0,0,1
3689,3671,3732,0,0,1
3727,3732,3733,0,0,1
3716,3733,3731,0,0,0
3667,3551,3734,0,0,1,9466
3661,3663,3735,0,0,1
2354,3735,3736,0,0,1
3737,3736,3738,1,0,1
3739,3738,3740,1,0,1
3741,3740,3742,1,0,1
3743,3742,3744,1,0,1
3745,3744,3746,1,0,1
3747,3746,3748,1,0,1
3749,3750,3751,1,1,1
3752,3751,3753,1,0,1
3754,3755,3756,1,1,1
3553,3756,3757,0,0,1
3734,3757,3758,0,0,1
3665,3758,3759,0,0,1
3748,3759,3760,0,0,1
3761,3760,3753,1,0,0
2347,2349,3762,0,0,1,46320
912,3762,3763,0,0,1
3764,3763,3765,1,0,1
3766,3767,3768,1,1,1
3769,3768,3770,1,0,1
3771,3770,3772,1,0,1
3773,3774,3775,1,1,1
3737,3776,3777,0,1,1
2351,3777,3778,0,0,1
3772,3765,3779,0,0,1
3775,3779,3778,0,0,0
3754,3556,3780,0,0,1,9464
3755,3780,3781,0,0,1
3782,3781,3783,1,0,1
3784,3783,3785,1,0,1
3786,3787,3788,1,1,1
3789,3790,3791,1,1,1
3696,3791,3792,0,0,1
3785,3792,3788,0,0,0
3776,3739,3793,0,0,1,9466
3773,3793,3794,0,0,1
3771,3774,3795,0,0,1
3769,3795,3796,0,0,1
3766,3796,3797,0,0,1
3798,3799,3800,1,1,1
3801,3800,3802,1,0,1
3803,3802,3804,1,0,1
3741,3804,3805,0,0,1
3794,3805,3797,0,0,0
3803,3743,3806,0,0,1,1274
3807,3801,3808,1,0,1
3809,3810,3811,1,1,1
3761,3811,3812,0,0,1
3747,3812,3813,0,0,1
3745,3813,3814,0,0,1
3806,3814,3808,0,0,0
3789,3698,3815,0,0,1,17656
3786,3790,3816,0,0,1
3817,3784,3818,1,0,1
3819,3818,3820,1,0,1
3821,3820,3822,1,0,1
3823,3824,3825,1,1,1
3826,3825,3827,1,0,1
3828,3827,3829,1,0,1
3830,3829,3831,1,0,1
3701,3832,3833,0,1,1
3815,3833,3834,0,0,1
3816,3834,3835,0,0,1
3822,3787,3836,0,0,1
3831,3836,3837,0,0,1
3838,3837,3835,1,0,0
3832,3700,3839,0,0,1,9463
3840,3838,3841,1,0,1
3842,3843,3844,1,1,1
3845,3844,3846,1,0,1
3847,3846,3848,1,0,1
3841,3839,3849,0,0,1
3850,3849,3848,1,0,0
3847,3703,3851,0,0,1,9463
3852,3845,3853,1,0,1
3854,3853,3855,1,0,1
3856,3857,3858,1,1,1
3859,3860,3861,1,1,1
3706,3861,3862,0,0,1
3851,3862,3863,0,0,1
3855,3863,3858,0,0,0
3749,3752,3864,0,0,1,21754
3821,3865,3866,0,1,1
3819,3866,3867,0,0,1
3782,3817,3868,0,0,1
3864,3868,3867,0,0,0
907,909,3869,0,0,1,9465
3870,3869,3764,1,0,0
3840,3850,3871,0,0,1,13559
3830,3871,3872,0,0,1
3823,3826,3873,0,0,1
3874,3873,3875,1,0,1
3876,3875,3877,1,0,1
3842,3852,3878,0,0,1
3843,3878,3879,0,0,1
3872,3879,3880,0,0,1
3877,3828,3881,0,0,1
3854,3881,3880,0,0,0
651,653,3882,0,0,1,1267
323,3882,3883,0,0,1
321,324,3884,0,0,1
317,319,3885,0,0,1
3886,3885,3887,1,0,1
3888,3887,3889,1,0,1
3890,3891,3892,1,1,1
3893,3894,3895,1,1,1
662,665,3896,0,0,1
660,3896,3897,0,0,1
3898,3897,3899,1,0,1
3900,3899,3901,1,0,1
3902,3901,3903,1,0,1
3904,3903,3905,1,0,1
3906,3907,3908,1,1,1
656,3909,3910,0,1,1
3883,3910,3911,0,0,1
3889,3884,3912,0,0,1
3892,3912,3913,0,0,1
3914,3913,3915,1,0,1
3905,3895,3916,0,0,1
3908,3916,3917,0,0,1
3915,3911,3918,0,0,1
3919,3918,3920,1,0,1
3917,3921,3922,0,1,1
3923,3922,3920,1,0,0
3859,3705,3924,0,0,1,13558
3856,3860,3925,0,0,1
3926,3925,3927,1,0,1
3928,3927,3929,1,0,1
3724,3930,3931,0,1,1
3708,3931,3932,0,0,1
3924,3932,3929,0,0,0
655,658,3933,0,0,1,1266
3923,3909,3934,0,0,1
3906,3934,3935,0,0,1
3907,3935,3936,0,0,1
3904,3936,3937,0,0,1
3902,3937,3938,0,0,1
3900,3938,3939,0,0,1
3898,3939,3933,0,0,0
3890,3914,3940,0,0,1,1268
3888,3891,3941,0,0,1
3942,3941,3943,1,0,1
3894,3943,3944,0,0,1
3921,3944,3945,0,0,1
3919,3945,3940,0,0,0
3928,3930,3946,0,0,1,46320
3947,3948,3949,1,1,1
3950,3951,3952,1,1,1
3584,3952,3953,0,0,1
3710,3953,3954,0,0,1
3946,3711,3955,0,0,1
3949,3955,3954,0,0,0
3750,3865,3956,0,0,1,9467
3809,3956,3957,0,0,1
3807,3810,3958,0,0,1
3798,3958,3959,0,0,1
3960,3959,3961,1,0,1
3874,3961,3962,0,0,1
3824,3962,3957,0,0,0
3950,3587,3963,0,0,1,9463
3947,3951,3964,0,0,1
3965,3964,3966,1,0,1
3514,3966,3967,0,0,1
3515,3967,3968,0,0,1
3433,3968,3963,0,0,0