112.36538,67.366057,0,1,1490,1511,1519,1520,1521,1522,1524
111.801534,67.000103,0,1512,1513,1514,1520
111.433016,66.433022,0,1,2,3,4,5,6,7,8,13,14,1491,1492,1493,1494,1495,1496,1497,1512
112.799316,67.234441,1,2,1489,1490
112.968897,67.233283,2,3,1488,1489
113.096157,67.231851,3,4,1488,1600,1601,1630,1631
113.29946,67.167638,4,5,1630,1649
113.435369,67.096725,5,6,1649,1654
113.633254,67.103117,6,7,1653,1654
114.067084,66.998873,7,8,1652,1653,1679
114.063371,66.967172,8,14,15,1679,1684
114.600539,66.668098,9,10,1671,1672,1681,1682
114.697541,66.765828,9,1682,1683
114.600723,66.764858,9,10,15,1683,1684
113.964717,66.700724,10,11,12,13,14,15,1584,1671
112.100464,66.199941,11,12,1491,1492,1577,1583
113.400516,66.269265,11,1583,1584,1585,1586,1587
112.098826,66.234855,12,13,1491
91.464422,51.263457,16,17,166,167
90.0,50.5,16,84,85,86,87,88,89,90,167,168
90.0,45.0,16,17,18,52,53
91.700495,51.265464,17,18,165,166
92.364338,51.767133,18,19,53,54,165
92.567366,51.800623,19,54,55,163,164
92.366599,51.798762,19,164,165,166,167,168,169,170,171,172,173,174,175,176,177,212
93.969306,52.435355,20,56,57,161,162
93.730933,52.434569,20,162,163,164,211,212
93.033074,51.968838,20,55,56,163
95.064302,52.90032,21,22,58,59,160
94.732565,52.899311,21,160,161,162,210,211
94.734567,52.83439,21,57,58,161
96.233864,53.300599,22,59,60,158,159
95.967438,53.299971,22,159,160,209,210
97.365095,53.769697,23,24,156,157
96.832058,53.600829,23,157,158,159,208,209
96.833843,53.532808,23,24,60,61,158
98.065697,54.070063,24,25,61,62,156
98.767598,54.431376,25,26,62,63,155
98.067981,54.13193,25,155,156,157,207,208
99.699047,54.831951,26,27,63,64,154
98.768208,54.465876,26,154,155,206,207
100.76869,55.133067,27,28,29,30,64,65,153
99.701883,54.866047,27,153,154,205,206
102.366671,55.567764,28,29,151,152
101.399849,55.400902,28,152,153,204,205
103.030952,55.600055,29,30,150,151
103.564559,55.699451,30,31,65,66,150
105.297349,56.168618,31,32,66,67,149
104.269163,55.931041,31,149,150,151,152,203,204
105.699594,56.229417,32,67,68,147,148
105.301127,56.198914,32,148,149,202,203
107.235023,56.46612,33,34,35,36,69,70,145,146
106.5327,56.469124,33,146,147,148,201,202
106.53159,56.400653,33,68,69,147
107.60108,56.46952,34,35,1409,1459,1460
107.533526,56.536509,34,144,145,1409
107.598512,56.297818,35,36,1458,1459
107.930579,55.834916,36,37,70,71,1457,1458
108.001935,55.665092,37,71,72,1455,1456
107.999427,55.836505,37,1456,1457
108.867401,53.736137,38,39,73,74,1452,1453
108.569663,54.664112,38,1453,1454
108.532744,54.667849,38,72,73,1454,1455
108.929229,53.267866,39,40,74,75,1450,1451
108.931513,53.733959,39,1451,1452
109.465256,51.565739,40,41,75,76,1448,1449
109.165264,52.567074,40,1449,1450
110.633302,50.431887,41,76,77,1446,1447
110.633406,50.499014,41,1447,1448
111.032003,50.067589,42,43,78,79,1443,1444
111.032007,50.168066,42,1444,1445
110.9687,50.168363,42,77,78,1445,1446
111.265433,49.635885,43,44,45,46,47,48,79,80,81,82,83,1441,1442
111.264075,49.7347,43,1442,1443
112.335808,47.633882,44,45,1388,1389,1439,1440,1591
111.96512,48.768662,44,1440,1441
111.299864,47.199723,45,46,1387,1388
110.135206,46.83354,46,47,1386,1387
110.066721,46.830743,47,48,1385,1386
109.199614,46.336947,48,49,80,1385
108.996946,46.299835,49,80,81,1383,1384
109.200359,46.297752,49,1384,1385,1386,1387,1388,1389,1390,1391,1392,1395
108.000836,46.066662,50,82,83,1381,1382
108.563856,46.067885,50,1382,1383,1384,1394,1395
108.56952,46.100945,50,81,82,1383
103.966667,45.0,51,52,1393
107.033832,45.800081,51,1381,1382,1393,1394
107.034856,45.832231,51,52,53,54,55,56,57,58,59,60,61,62,63,64,65,66,67,68,69,70,71,72,73,74,75,76,77,78,79,83,1381
92.998423,63.566211,84,85,215,216,285,286
90.0,63.566667,84,213,216
93.070148,63.566158,85,86,284,285,1057
93.532324,63.232998,86,87,1057,1068
93.768101,63.231988,87,88,1067,1068,1069,1070,1071
94.466534,62.934717,88,89,1066,1067
94.466781,62.897903,89,90,1065,1066
97.797914,62.801846,90,91,92,168,169,1065
99.035945,62.833163,91,92,1063,1064
97.799418,62.83561,91,1064,1065,1066,1067,1071
99.03444,62.798944,92,169,170,1062,1063
104.535299,63.337138,93,94,95,172,173,1060
103.598361,63.164352,93,1060,1061,1062,1063,1064,1070,1071
102.597583,62.865178,93,171,172,1061
105.567747,63.49991,94,95,1058,1059
104.532936,63.3644,94,1059,1060,1069,1070
105.736116,63.499125,95,96,97,98,99,173,174,1058
105.932017,63.566115,96,97,283,1407,1408
105.868596,63.567744,96,283,284,1057,1058,1059,1068,1069
108.398119,63.567467,97,98,281,282,1408
108.60009,63.564108,98,99,280,281,1537
109.333121,63.199993,99,100,174,175,1537,1538,1539,1540,1542
110.399478,63.06609,100,175,176,1541
110.200778,63.131798,100,1541,1542
114.167458,63.567392,101,102,279,280,1537,1538
113.802685,63.465829,101,1538,1539
112.830225,63.13221,101,102,103,104,105,106,107,108,177,178,179,180,181,182,183,184,185,186,187,188,189,190,191,192,193,194,195,196,197,198,199,200,201,202,203,204,205,206,207,208,209,210,211,212,1539,1540
114.198847,63.567617,102,103,279,1685,1686,1697
122.598939,63.566371,103,104,272,1696,1697
122.700464,63.567407,104,105,271,272,273,309,310,1886
122.699547,63.534222,105,106,1886,1887,1889
123.902075,63.400264,106,107,1888,1889
123.901353,63.366018,107,108,1888
124.66568,63.369406,108,109,110,111,112,113,114,178,1887,1888,1889
125.868528,63.566193,109,110,270,1939,1940,1941,1942,1943
125.834446,63.569552,109,270,271,1886,1887
128.067708,63.570171,110,111,265,266,1943
128.099823,63.565605,111,112,264,265,2124
128.164485,63.49668,112,113,2124,2132,2133
128.830498,63.433718,113,114,2131,2132
129.166732,63.365913,114,115,178,179,2131
129.631097,63.334715,115,116,179,180,2130
129.631727,63.368441,115,2130,2131,2132,2133,2136
130.667177,63.301348,116,117,118,180,181,2129
130.666147,63.335712,116,2129,2130,2135,2136
133.166221,62.933465,117,118,2127,2128
132.102013,63.299145,117,2128,2129,2134,2135
133.165583,62.898759,118,181,182,2126,2127
135.0,62.9,119,120,2125
134.43332,62.867422,119,2125,2126,2127,2128,2134
134.435593,62.831287,119,120,121,122,182,183,2126
135.0,60.2,120,121,2309,2310
134.500853,60.098983,121,122,2308,2309
134.269285,60.098001,122,123,124,183,184,2307,2308
133.199285,59.7993,123,124,2177,2178
134.265863,60.032984,123,2178,2179,2307
133.10134,59.79903,124,184,185,2176,2177
131.800343,59.332159,125,126,127,128,186,187,2175
132.434265,59.465859,125,2175,2176,2177,2178,2179,2180,2181,2190,2191
132.432224,59.499981,125,185,186,2176
131.331585,58.97108,126,127,2173,2174
131.801997,59.264966,126,2174,2175,2189,2190
130.867226,58.866594,127,128,2172,2173
130.632092,58.865518,128,129,187,188,2171,2172
129.767005,58.495503,129,188,189,2002,2003
130.032787,58.500506,129,2003,2004,2171
127.86934,57.565591,130,131,2000,2001
128.598568,57.901876,130,2001,2002,2003,2004,2005,2027,2028
128.599971,57.935322,130,131,189,190,2002
127.765597,57.5666,131,190,191,1999,2000
126.433573,56.798914,132,133,1837,1838,1998
127.433597,57.231497,132,1998,1999,2000,2001,2026,2027
127.432233,57.301358,132,133,134,135,136,137,138,139,140,191,192,1999
125.238536,56.99853,133,134,1836,1837
124.033442,57.000952,134,135,1835,1836
124.0337,57.031477,135,136,1834,1835
123.397744,57.03187,136,137,1421,1422,1833,1834
122.034854,57.232733,137,138,1420,1421
122.031476,57.298939,138,139,1419,1420
120.169524,57.367504,139,140,1418,1419
118.564303,57.531462,140,192,193,1417,1418
113.101702,57.402096,141,195,196,1414,1415
114.001367,57.39914,141,1415,1416,1417,1418,1419,1420,1421,1422,1423,1424,1425,1426,1427,1428,1429,1430,1431,1432,1433,1434,1435,1436,1437,1438,1439,1440,1441,1442,1443,1444,1445,1446,1447,1448,1449,1450,1451,1452,1453,1454,1455,1456,1457,1458,1459,1460,1462
114.00374,57.434378,141,194,195,1416
109.764995,56.998425,142,197,198,1412,1413
110.735899,56.998858,142,1413,1414,1415,1461,1462
111.930695,57.299277,142,196,197,1414
108.53537,56.900797,143,199,200,1410,1411
109.332685,56.90048,143,1411,1412,1413,1461
109.334268,56.931351,143,198,199,1412
107.899946,56.600787,144,1409,1410,1411,1460,1461,1462
107.901112,56.66661,144,145,146,200,201,1410
101.936296,62.800528,170,171,1061,1062
112.331994,63.0674,176,177,1540,1541,1542
115.500926,57.533869,193,194,1416,1417
91.79963,64.035005,213,214,215,216,288
90.0,63.9,213,217,288,289
92.70187,63.766291,214,215,286,287
91.804421,64.066066,214,287,288,289,290,291,292,293,294,295,315,316
91.132256,66.535282,217,218,219,220,289,290,329
90.0,66.533333,217,327,328,329
92.596352,66.669122,218,219,334,335,342,343
91.134026,66.599713,218,328,329,335,336
92.765875,66.666874,219,220,342,1033,1034,1040,1041
93.104227,66.564477,220,221,222,223,224,290,291,1039,1040
93.702353,66.30244,221,222,1101,1102,1103,1124,1125
93.39858,66.600803,221,1039,1101
93.696561,66.268407,222,223,1123,1124
94.633076,65.733077,223,224,1122,1123
94.631271,65.699365,224,291,292,1121,1122
100.400022,65.465786,225,226,1119,1324,1325,1326
98.368022,65.665927,225,1119,1120,1121,1122,1123,1124,1125,1126,1127,1128,1129
98.132957,65.468168,225,226,293,294,1120
101.069725,65.399675,226,227,294,295,1326
102.432767,65.465593,227,295,296,297,298,299,300,316,317,1115,1116
101.197508,65.465582,227,1116,1117,1325,1326
103.202966,65.933413,228,229,1299,1375,1379,1380
103.100466,65.936876,228,1114,1299,1300
102.963764,65.734283,228,229,296,1114,1115
103.833702,65.934178,229,230,296,297,1379
104.599719,65.96629,230,231,232,233,297,298,1377,1378
103.832347,65.965753,230,1378,1379,1380
105.464369,66.264646,231,232,1296,1355
105.298865,66.232682,231,1296,1297,1376,1377
106.331254,66.464523,232,233,1354,1355,1356,1357,1370
107.800614,66.565575,233,234,235,236,298,299,1353,1354
108.597109,66.733731,234,235,1533,1534,1536
108.266724,66.731279,234,1353,1525,1526,1533
109.233486,66.095635,235,236,1532,1535,1536
110.030114,65.803754,236,299,300,1531,1532
113.967873,66.100189,237,238,1569,1570
112.731243,65.833444,237,1529,1530,1570,1572,1573
112.634427,65.73576,237,238,300,301,302,303,317,318,1530,1531
114.097202,66.101625,238,239,301,1568,1569
115.331376,66.26765,239,240,241,242,243,244,245,246,247,248,249,301,302,1703
114.366996,66.264758,239,1567,1568,1698,1699,1700,1701,1702,1703
115.601242,66.633265,240,241,1701,1702,1706,1707,1708,1711
115.332695,66.331526,240,1702,1703
115.665221,66.668213,241,242,1627,1706
117.068076,67.000901,242,243,1626,1627,1628,1636
117.332127,66.798994,243,244,1626
118.40198,67.000857,244,245,1626,1636,1639,1640,1641,1642
120.6991,66.999392,245,246,1635,1638,1639
122.065913,66.702126,246,247,1625,1634,1635
122.967473,66.266647,247,248,1624,1625
123.498164,66.064129,248,249,1623,1624
123.497777,66.002632,249,302,303,1622,1623
126.301669,66.564488,250,251,1798,1799,1944,1945,1948,1949
125.63249,66.400106,250,1619,1620,1799,1800
125.533572,66.266076,250,251,252,304,1620,1621
126.433474,66.433733,251,252,1947,1948
126.766902,66.466524,252,253,304,305,306,319,1947
127.033802,67.069056,253,254,255,305,1946,1953
126.630091,66.863794,253,1946,1947,1948,1949
127.13449,67.166359,254,255,1750,2044
127.066063,67.165585,254,1750,1751,1952,1953,1954
127.200753,67.000505,255,256,305,306,2044,2045,2053,2054
128.899739,65.998741,256,257,306,319,320,2074
127.334443,67.001375,256,2052,2053,2074,2075
129.999331,65.966261,257,258,307,320,321,2073
129.997152,66.000629,257,2073,2074,2075,2076,2077,2078,2079,2080,2083,2084
131.668724,65.93284,258,259,307,2072
131.666129,65.966795,258,2072,2073,2083
133.599387,65.464697,259,260,261,262,307,308,321,322,2071
133.296818,65.937122,259,2071,2072,2082,2083,2084,2085
134.000276,65.503097,260,261,2069,2070
133.834455,65.935136,260,2070,2071,2081,2082
133.996798,65.468066,261,262,2068,2069
134.399022,65.469148,262,263,264,265,266,267,268,269,308,2067,2068
135.0,63.566667,263,264,2124,2125,2133,2134,2135,2136
135.0,66.0,263,2066,2067
128.065788,63.63142,266,267,1942,1943
127.664625,63.768722,267,268,1941,1942
127.06591,64.094204,268,269,1940,1941
126.96396,64.098272,269,308,309,310,311,312,322,323,1939,1940
125.866954,63.599736,270,271,309,1939
122.601757,63.601136,272,273,1695,1696
121.800919,64.000919,273,274,310,311,1694,1695
121.032006,64.201564,274,275,276,311,312,1692,1693
121.033261,64.166692,274,1693,1694
120.19856,64.298355,275,276,1690,1691
120.664093,64.201984,275,1691,1692
120.20096,64.333239,276,312,323,324,1689,1690
114.634167,63.633517,277,278,1685,1686
116.000085,63.733296,277,1686,1687,1688,1689,1690,1691,1692,1693,1694,1695,1696,1697
115.996673,63.767461,277,278,313,1687
114.330278,63.633379,278,279,280,281,282,313,314,1685
107.531463,64.03514,282,314,315,316,317,318,326,1407,1408
106.464991,63.800282,283,284,285,286,287,315,1407
94.969124,65.569653,292,293,1120,1121
124.999213,66.001529,303,304,318,319,320,321,322,323,324,325,326,1621,1622
116.734335,64.132794,313,314,325,326,1687,1688
118.803313,64.334281,324,325,1688,1689
91.034789,66.597412,327,328,336,337,338
90.0,66.8,327,330,331,332,333,337
90.533276,66.833782,330,331,346
90.0,66.9,330,339,340,346,347
90.666365,66.835788,331,332,346,347,351
91.104397,66.730296,332,333,345,350,351,352
91.099218,66.699169,333,337,338,344,345
92.600536,66.734946,334,343,344,345,349,350
92.267418,66.665801,334,335,336,338,344
91.064172,66.832773,339,340,375,376
90.0,67.0,339,353,354,355,356,357,376,377
91.632051,66.765752,340,347,348,351,352,374,375
93.332843,66.765171,341,348,349,350,352,1033,1034,1050,1054,1055,1087,1088
92.800807,66.832133,341,373,1050
92.303179,66.766646,341,348,373,374
92.766991,66.701135,342,343,349,1033
90.798452,67.266184,353,354,477
90.0,67.366667,353,383,384,385,386,387,388,389,390,477,478
90.965143,67.300288,354,355,476,477,478,479,505,506
91.901148,67.134221,355,356,475,476
91.900058,67.10193,356,357,474,475
92.504188,67.068157,357,377,378,473,474
93.96571,67.267842,358,359,505,506,509
93.165996,67.200019,358,473,474,475,476,505
93.169063,67.165341,358,359,360,361,378,379,380,381,382,473
96.430219,67.099597,359,360,472,504,509,513
96.433139,67.067095,360,361,471,472
97.229764,66.96576,361,362,363,364,365,366,367,368,379,471
98.599746,67.163983,362,363,469,470
97.231591,66.999324,362,470,471,472,504
98.700951,67.133794,363,364,468,469,1131
98.499514,66.966225,364,365,1130,1131,1132,1133,1137,1138
98.102641,66.931837,365,366,1130
98.068053,66.765538,366,367,1097,1098,1100,1130,1137
96.833134,66.766649,367,368,1076,1096,1099,1100
95.764172,66.966871,368,369,370,379,380,1076
94.299537,66.933965,369,370,1074,1075
94.998802,66.898566,369,1075,1076,1092,1095,1096
94.297627,66.967971,370,371,372,380,381,1073,1074
93.801973,66.965745,371,372,1051,1052,1053,1056
93.932518,66.965413,371,1052,1073
93.800293,67.002423,372,381,382,1051
93.530813,67.002071,373,374,375,376,377,378,382,1050,1051,1055,1056
90.798419,68.001211,383,384,626,627
90.0,68.1,383,528,529,530,531,532,533,534,535,536,627,628
90.799423,67.967075,384,385,625,626
91.599626,67.868657,385,386,624,625
91.600815,67.832722,386,387,623,624
92.300038,67.766641,387,388,622,623
92.302877,67.732976,388,389,621,622
94.369523,67.733696,389,390,620,621
96.200894,67.498424,390,391,392,393,478,479,619,620
97.035041,67.504244,391,392,617,618
97.035443,67.533266,391,618,619
98.034706,67.499611,392,393,616,617
98.502107,67.43104,393,394,395,396,479,506,509,513,514,616
99.734463,67.868666,394,395,615
98.400903,68.033494,394,615,616,617,618,619,620,621,622,623,624,625,626,627,628,629,630,631,632,657,658
99.965273,67.866068,395,396,614,615,656,657
100.665811,67.600519,396,397,398,514,515,614
101.633125,67.634621,397,398,612,613
100.668327,67.63521,397,613,614,655,656
103.801993,66.998118,398,515,519,520,611,612
107.566571,67.73612,399,400,401,480,610
106.966723,67.632372,399,610,611,612,613,655
104.433992,66.998759,399,480,520,521,611
109.434368,68.035639,400,401,608,609
108.801232,68.03247,400,609,610,654,655,656,657,658,659,663
110.4988,68.09778,401,402,480,481,482,483,484,485,486,521,524,525,526,527,608
111.131363,68.266862,402,403,404,481,607
110.499897,68.135275,402,607,608,609,654
112.266408,68.53625,403,404,605,606
111.465719,68.464073,403,606,607,654,662,663
112.667081,68.532312,404,405,481,482,605
113.072216,68.569698,405,406,407,408,482,483,604
112.867328,68.634151,405,604,605,606,653,661,662
113.234193,68.600856,406,407,603
113.231388,68.632362,406,603,604,653
114.165489,68.696925,407,408,602,603,652,653,660,661
115.033877,68.634989,408,409,483,484,602
116.034872,68.630742,409,410,484,485,601
115.033037,68.668149,409,601,602,651,652
118.768052,68.598343,410,411,412,413,414,415,416,485,486,600
116.39803,68.699034,410,600,601,650,651
119.101233,68.636137,411,412,599,648,649
118.765066,68.634009,411,600,649,650
119.700719,68.537416,412,413,598,599
119.700236,68.498035,413,414,597,598
121.199005,68.330886,414,415,596,597
121.567797,68.265528,415,416,595,596
121.867493,68.165074,416,417,486,487,522,523,525,594,595
122.83243,67.999655,417,418,419,487,592,593
122.833935,68.03235,417,593,594
123.965361,67.80135,418,419,590,591
123.201743,67.999023,418,591,592
123.964822,67.766567,419,420,487,516,517,518,522,589,590
125.933755,67.934505,420,421,422,423,424,425,426,510,511,512,516,588
125.668205,67.931891,420,588,589
127.301748,68.135449,421,422,587,646,647
126.402258,68.033059,421,588,589,590,591,592,593,594,595,596,597,598,599,647,648
127.633956,68.067868,422,423,586,587
128.3665,68.032118,423,424,585,586
130.16735,68.099129,424,425,584,585
131.13332,67.999716,425,426,583,584
132.033998,67.599731,426,507,510,582,583
134.266894,67.436761,427,428,429,430,431,432,488,579,580
133.83176,67.435245,427,580,581
132.636102,67.39821,427,488,489,490,491,492,507,581,582
135.0,67.433333,428,429,577,578
134.267551,67.466628,428,578,579
135.0,66.9,429,430,1177
134.266437,67.03058,430,431,1176,1177,1229,1230,1231,1232,1247
133.634442,67.033063,431,432,1175,1176
132.899732,66.700214,432,433,434,488,489,1175
132.702428,66.668499,433,434,1174,1253,1254,1256
132.900263,66.666899,433,1175,1176,1247,1248,1253
131.662522,66.999342,434,435,436,489,490,1174
130.031743,67.468039,435,436,1173,1260,1261,1263
131.098791,67.032582,435,1174,1256,1260
130.035669,67.501065,436,490,491,1172,1173
127.334915,67.532983,437,438,1168,1169
127.834301,67.530581,437,1169,1170,1171,1172,1173,1263,1264,1265,1267
127.833791,67.566381,437,438,493,1170
126.998892,67.598754,438,439,493,511,512,1167,1168
125.735306,67.433348,439,494,495,496,497,498,512,516,517,1165,1166
125.899244,67.436145,439,1166,1167
124.401898,67.200593,440,441,442,494,495,1164
125.267323,67.200146,440,1164,1165,1166,1167,1168,1169,1267,1272
125.268226,67.233933,440,494,1165
123.704437,67.167557,441,442,1163,1228,1275,1276,1278
124.399439,67.164035,441,1164,1272,1275
122.200761,67.599808,442,443,444,495,496,1163
121.102895,67.733423,443,444,1161,1162
121.898695,67.600345,443,1162,1163,1227,1228
121.098177,67.767889,444,445,496,497,1161
120.064433,67.899328,445,446,447,497,498,1160
120.833615,67.764383,445,1160,1161,1162,1226,1227
119.466011,68.002054,446,447,1158,1159
119.899212,67.898901,446,1159,1160,1226
119.470156,68.035459,447,498,517,518,1157,1158
118.134359,68.098681,448,449,1155,1156
118.732396,68.066073,448,1156,1157,1158,1159,1225,1226,1227,1228,1274,1277,1278,1279
118.73191,68.100647,448,449,499,500,501,518,522,523,1157
117.067189,68.100046,449,450,499,1155
115.966758,68.100082,450,451,499,500,1154
116.466272,68.035341,450,1154,1155,1156,1224,1225
114.398145,68.101944,451,452,500,501,1153
115.269208,68.065074,451,1153,1154,1223,1224
113.467553,68.102421,452,501,508,523,525,526,1151,1152
114.40181,68.064226,452,1152,1153,1222,1223
112.233019,67.9019,453,454,455,456,457,502,1150
112.467271,67.900771,453,1150,1151,1152,1222
112.96561,68.030796,453,502,508,1151
110.899439,67.664502,454,455,1149
111.097316,67.665507,454,1149,1150,1222,1223,1224,1225,1271,1273,1274
110.000868,67.532653,455,456,1149,1270,1271
108.799881,67.530218,456,457,1148,1269,1270
108.701039,67.602573,457,502,508,526,527,1147,1148
106.932179,67.101698,458,459,460,503,1145
107.068102,67.098967,458,1145,1146
107.70135,67.365303,458,503,524,527,1146,1147
105.829675,66.767758,459,460,1143,1144
106.566221,66.831379,459,1144,1145,1146,1147,1148,1259,1262,1266,1268,1269
104.803597,66.632201,460,461,462,463,464,465,466,503,519,520,521,524,1143
102.865767,66.434285,461,462,1142,1252,1255,1257,1258
104.801122,66.600994,461,1143,1144,1258,1259
101.90093,66.700002,462,463,1142
101.7998,66.703099,463,464,1142,1251,1252
100.635204,67.063105,464,465,1141,1246,1250,1251
99.934549,67.366495,465,466,1140,1141
99.701255,67.50166,466,467,468,469,470,504,513,514,515,519,1140
98.834209,67.131179,467,468,1131,1132,1139
99.131788,67.132315,467,1139,1140,1141,1221,1245,1246
129.365424,67.665681,491,492,1171,1172
128.701444,67.734204,492,493,507,510,511,1170,1171
90.801655,69.000125,528,529,745
90.0,69.1,528,664,665,666,667,668,669,670,671,745,746
91.032076,69.032153,529,530,744,745,746,747,748,749,750,767,768
93.398373,68.701,530,531,743,744
94.232848,68.699957,531,532,742,743
94.600635,68.632279,532,533,741,742
95.400249,68.568255,533,534,740,741
96.663585,68.301283,534,535,739,740
96.667336,68.269048,535,536,738,739
97.301313,68.231975,536,628,629,737,738
98.565908,68.963859,537,538,736,767,768,774
97.932824,68.767927,537,737,738,739,740,741,742,743,744,767
97.936196,68.734394,537,538,539,540,541,542,543,544,545,629,630,737
98.730312,68.967008,538,539,736
99.7,69.197733,539,540,736,774,775,778,781,782
100.497539,69.197455,540,541,735,766,773,777,778
100.501669,69.163346,541,542,734,735
101.668148,68.96551,542,543,734
101.832451,68.96653,543,544,733,734,735,765,766
102.835213,68.60128,544,545,732,733
102.831586,68.566537,545,546,547,630,631,731,732
103.962632,68.331465,546,547,729,730
103.068365,68.569277,546,730,731
103.96485,68.3022,547,631,632,728,729
106.096767,68.86689,548,549,765,766,773
105.498468,68.602575,548,727,728,729,730,731,732,733,765
105.49845,68.566641,548,549,550,551,552,633,727
106.598673,68.998626,549,550,726,764,773,777
107.932769,69.000858,550,551,725,726
108.866448,69.133674,551,552,724,725
109.035087,69.13262,552,633,634,723,724
110.931681,69.49904,553,554,721,722
109.931224,69.333693,553,722,723,724,725,726,764
109.935237,69.302162,553,554,634,635,723
111.099814,69.498785,554,555,635,636,637,638,639,640,641,642,659,660,661,662,663,721
111.665605,69.699931,555,556,636,720
111.170298,69.698793,555,720,721,722,764,777,778,781
112.902654,69.798487,556,557,558,559,636,637,719
111.832202,69.799927,556,719,720,781,782,785
114.735227,69.931699,557,558,717,718
113.230472,69.900437,557,718,719,784,785
115.832443,69.902231,558,559,716,717
116.135969,69.833386,559,560,561,562,637,638,716
116.235551,69.899281,560,561,715
116.234031,70.004581,560,715,716,717,718,763,772,780,783,784
117.89741,69.832492,561,562,714,715,763
118.937522,69.732762,562,563,564,565,638,639,714
120.566075,69.632343,563,564,713,761,762
119.567903,69.735747,563,714,762,763,772
121.465786,69.463426,564,565,712,713
121.465178,69.433954,565,566,567,639,640,712
122.668033,69.300686,566,567,710,711
121.965867,69.430409,566,711,712,713,760,761
122.668051,69.268139,567,568,569,640,641,710
123.867341,69.100569,568,569,708,709
123.135854,69.235471,568,709,710,711,759,760
123.867985,69.067644,569,641,642,707,708
127.267174,69.135259,570,571,706,759,760,761,762,771,772,776,779,780
125.167999,69.001068,570,707,708,709,759
125.167874,68.968581,570,571,642,643,644,645,646,647,648,649,650,651,652,660,707
128.465483,69.134611,571,572,573,643,706
130.165034,69.134783,572,573,704,705
129.337369,69.231949,572,705,706,770,771
131.3335,69.034221,573,574,575,576,643,644,704
132.166176,68.868244,574,575,757,758
131.59937,69.030861,574,704,705,758,769,770
132.6006,68.701677,575,576,703,756,757
132.800186,68.565607,576,644,645,702,703
135.0,68.4,577,700,701
133.833187,68.401372,577,578,579,580,581,582,583,584,585,586,587,645,646,701,702
104.766266,68.235084,632,633,634,635,658,659,727,728
90.564607,70.897559,664,665,897,947,948
90.0,70.9,664,786,787,788,789,898,899,900,901,902,903,904,905,906,948,949
91.467427,70.733563,665,666,897
91.632043,70.734523,666,667,896,897,946,947
92.867045,70.467101,667,668,895,896
92.866461,70.43177,668,669,894,895
94.234127,70.36416,669,670,893,894
94.503776,70.368643,670,671,892,893
95.700671,70.63294,671,672,673,674,746,747,892
97.166185,70.866401,672,673,944,945
95.700101,70.666346,672,892,893,894,895,896,945,946
98.163646,70.968393,673,674,891,943,944
100.266774,71.134998,674,675,747,748,891
102.235924,71.229881,675,676,748,749,890
100.268492,71.16297,675,890,891,942,943
103.469424,71.26862,676,749,750,888,889
102.234421,71.264915,676,889,890,941,942
107.200549,72.765946,677,678,887,940,941,942,943,944,945,946,947,948,949,950,951,952,954
105.832848,72.334141,677,888,889,941
105.497298,71.568307,677,678,750,751,752,753,754,755,768,774,775,888
108.467587,72.767877,678,679,751,887
110.304595,72.600451,679,680,751,752,886
108.468664,72.800365,679,886,887,939,940
112.533182,72.403601,680,681,682,752,753,884,885
111.332212,72.632909,680,885,886,938,939
113.501709,72.235731,681,682,882,883
112.732158,72.402028,681,883,884
113.500283,72.19909,682,683,684,685,686,687,688,689,690,691,692,693,753,754,882
115.167412,72.434485,683,684,881,936,937
114.299642,72.433959,683,882,883,884,885,937,938
116.266961,72.337993,684,685,880,881
118.300148,72.267507,685,686,879,880
120.602361,72.068065,686,687,878,879
121.367032,71.868115,687,688,877,878
122.23442,71.701427,688,689,876,877
123.400342,71.5324,689,690,875,876
124.200431,71.366022,690,691,874,875
124.332746,71.265514,691,692,873,874
124.868474,71.203163,692,693,872,873
125.868813,71.033977,693,694,754,755,871,872
127.798682,70.966088,694,695,696,755,775,782,783,784,785,869,870
126.53442,71.035131,694,870,871
130.63116,71.234763,695,696,867,868
128.267112,71.031202,695,868,869
132.133463,71.295627,696,697,779,780,783,866,867
133.003657,71.563943,697,698,776,779,864,865
132.864178,71.564644,697,865,866
133.535264,71.76576,698,699,769,770,771,776,863
133.46499,71.766833,698,863,864
134.431562,72.60231,699,756,757,758,769,861,862
133.73304,72.062329,699,862,863,864,865,866,867,868,869,870,871,872,873,874,875,876,877,878,879,880,881,936
135.0,73.7,700,859,860
134.903011,73.434535,700,701,702,703,756,860,861
90.767925,77.301416,786,787,986,987
90.0,77.166667,786,958,987,988
90.799202,77.300056,787,788,986
90.968196,77.633211,788,789,986,987,988,989,990,991,992,993,994,995,996,997,998,999,1000,1001,1002,1006
91.201111,77.57035,789,790,898,1005,1006
91.132141,76.865872,790,898,899,984,985
91.369648,77.033716,790,985,1004,1005
91.631313,76.298448,791,792,982,983
91.435552,76.568496,791,983,984,985,1003,1004
91.133822,76.600673,791,792,899,900,984
91.466725,76.097502,792,793,794,900,901,981,982
92.667575,75.134047,793,794,979,980
92.231349,75.603357,793,980,981
92.667694,75.102217,794,901,902,978,979
95.635289,75.332631,795,796,975,976
95.401857,75.333321,795,976,977,978,979,980,981,982,983,1003
94.899273,75.033003,795,796,903,904,977
97.364968,75.800423,796,797,904,905,974,975
98.433935,76.469543,797,798,905,906,973
97.832178,76.198028,797,973,974
98.63072,76.594091,798,906,907,949,950,971,972
98.268706,76.600323,798,972,973,974,975,976,1002,1003,1004,1005,1006
100.064331,77.667193,799,907,950,951,969,970
98.498389,76.834012,799,970,971,972,1001,1002
98.699243,76.699573,799,907,971
99.597552,78.564491,800,801,908,968
99.798381,78.202607,800,968,969,970,1000,1001
100.301334,77.900989,800,908,951,952,969
99.499583,78.834611,801,802,908,952,954,955,967
99.36667,78.566357,801,967,968,999,1000
98.232427,79.798959,802,955,956,965,966
99.065071,78.899256,802,966,967,998,999
95.833941,80.300362,803,804,996,997
96.730642,80.166392,803,965,966,997,998
97.364354,80.201831,803,804,805,806,956,957,965
95.333218,80.498549,804,805,964,995,996
95.09831,80.765247,805,806,963,964
95.097887,81.0653,806,807,808,953,957,963
93.766267,81.166747,807,808,962,993,994
94.701686,81.06635,807,963,964,994,995
92.964643,81.503363,808,809,909,910,911,912,913,914,915,916,917,918,919,920,921,922,923,924,925,926,927,928,929,930,931,932,933,934,935,953,962
92.060813,81.66767,809,810,811,812,909,961
92.663987,81.50146,809,961,962,992,993
91.563404,81.768192,810,811,960
91.366457,81.76652,810,960,961,991,992
90.0,82.233333,811,812,959,960,990,991
90.0,89.333333,812,813,909,910,1009,1022
91.229736,89.299144,813,910,911,1020,1021
91.230806,89.333561,813,1021,1022,1023,1024,1025,1026,1027,1028,1029,1030,1031,1032
116.533585,89.331446,814,815,912,913,1019
110.696495,89.333019,814,1019,1020,1021,1032
110.700195,89.301422,814,911,912,1020
119.798776,89.367673,815,816,913,914,1018
116.534934,89.364786,815,1018,1019,1031,1032
121.767296,89.398632,816,817,914,915,1017
119.797474,89.399721,816,1017,1018,1030,1031
123.401948,89.43068,817,818,915,916,1016
121.766176,89.43122,817,1016,1017,1029,1030
124.59758,89.470374,818,819,916,917,1015
123.398434,89.467169,818,1015,1016,1028,1029
125.999481,89.500214,819,820,917,918,1014
124.598951,89.499276,819,1014,1015,1027,1028
127.03707,89.53293,820,821,918,919,1013
125.998868,89.534216,820,1013,1014,1026,1027
128.469637,89.59987,821,822,919,920,1012
127.030561,89.566751,821,1012,1013,1025,1026
130.633287,89.632795,822,823,824,825,826,827,828,829,830,831,832,833,834,920,921,1011
128.465529,89.632625,822,1011,1012,1024,1025
135.0,89.666667,823,824,1010
130.633257,89.666753,823,1010,1011,1023,1024
135.0,85.733333,824,825,1904
134.035488,85.434238,825,826,1903,1904,1905,1906,1907,1908,1909,1910,1911,1912,1913,1914,1915,1916,1917,1918,1919,1930,1931,1932,1933
133.531429,85.49805,826,827,1902,1903
132.527588,85.332022,827,828,1902
132.168117,85.234168,828,829,1901,1902,1903,1929,1930
131.73388,85.236008,829,830,1900,1901
131.167101,85.167352,830,831,1900
131.167019,85.131352,831,832,1899,1900,1901,1928,1929
130.531247,85.137228,832,833,1899
130.102666,84.965979,833,834,1898,1899,1927,1928
128.30178,84.897882,834,835,836,921,922,1898
127.433748,84.733254,835,836,1896,1897
128.299527,84.833597,835,1897,1898,1926,1927
127.199009,84.734085,836,837,922,923,1895,1896
124.865969,84.333049,837,838,839,840,841,842,923,924,1894
126.000413,84.50276,837,1894,1895
126.43302,83.468319,838,839,1893,1925,1926,1927,1928,1929,1930,1933
126.365507,83.60133,838,1894,1895,1896,1897,1926
125.19986,83.132034,839,840,1892,1893
125.06486,83.132161,840,841,1891,1892
124.067517,82.731372,841,842,1890,1891
123.899813,82.734174,842,924,925,1890
124.367058,81.664952,843,844,926,927,1923
124.367487,81.701193,843,1923,1924
123.602469,82.099227,843,925,926,1890,1891,1892,1893,1924,1925
124.603641,81.362943,844,845,846,847,927,928,1922
124.567969,81.667634,844,1922,1923,1924,1925,1932,1933
125.036296,80.599436,845,846,1920,1921
125.362878,81.033965,845,1921,1922,1931,1932
124.864466,80.601244,846,847,1920
124.900142,80.166479,847,848,849,928,929,1919,1920,1921,1931
126.301426,79.830742,848,849,1917,1918
125.099815,80.166937,848,1918,1919
127.267312,79.467387,849,850,929,930,1916,1917
127.832768,79.064868,850,851,930,931,1914,1915
127.668395,79.567128,850,1915,1916
129.132232,78.396549,851,852,931,932,1912,1913
129.034171,78.664654,851,1913,1914
130.73073,77.533112,852,853,932,933,1910,1911
130.13235,78.002198,852,1911,1912
133.099389,75.968165,853,854,855,933,934,1908,1909
132.600738,76.564309,853,1909,1910
133.833073,75.433256,854,855,1906,1907
133.367932,75.832543,854,1907,1908
133.834904,75.39804,855,856,857,858,934,935,1905,1906
135.0,74.0,856,857,2326,2327
135.0,75.033333,856,1904,1905
134.965066,74.000518,857,858,2326
134.966986,73.866631,858,859,860,861,862,935,936,937,938,939,940,953,954,955,956,957,2326,2327
135.0,73.866667,859,2327
93.399263,74.967411,902,903,977,978
90.031071,77.332529,958,988,989,1008
90.0,77.333333,958,1007,1008
90.0,77.366667,959,1007
90.034215,77.368377,959,989,990,1007,1008
135.0,90.0,1009,1010,1022,1023
90.0,90.0,1009
93.400878,66.76772,1034,1035,1041,1042,1087
93.631966,66.833058,1035,1036,1042,1045,1046,1086,1091,1092,1095
93.401728,66.799472,1035,1087,1088,1089,1091
94.499063,66.665861,1036,1046,1048,1049,1084,1085
94.499717,66.698857,1036,1085,1086
96.632405,66.6331,1037,1038,1043,1082,1105,1106
96.628632,66.701468,1037,1082,1083
95.633478,66.837489,1037,1043,1044,1047,1083,1084,1085,1086,1095,1096,1099
95.935,66.698079,1038,1043,1044,1104
96.099742,66.6002,1038,1104,1105
93.698745,66.763779,1039,1040,1041,1042,1045,1101,1102
95.269059,66.534021,1044,1047,1048,1049,1103,1104,1105,1106,1107,1125,1126
94.233681,66.701545,1045,1046,1048,1102,1103
94.867007,66.665848,1047,1049,1084
93.700382,66.90159,1052,1053,1072,1073,1074,1075,1089,1091,1092
93.599411,66.964972,1053,1054,1055,1056,1072
93.600352,66.903573,1054,1072,1088,1089
99.534811,66.767416,1077,1078,1079,1080,1090,1284
99.399351,67.101522,1077,1134,1135,1245,1246,1250,1280,1281,1282,1283,1284
99.398848,67.03033,1077,1090,1093,1135,1136
99.565767,66.700384,1078,1079,1109,1110,1285,1286,1302,1303
99.5658,66.767812,1078,1283,1284,1285
98.931875,66.798573,1079,1080,1108,1109
98.802519,66.935015,1080,1081,1090,1093,1094,1108
98.232157,66.467731,1081,1094,1097,1098,1107,1126,1127
98.669734,66.600514,1081,1108,1109,1110,1111,1112,1113,1127,1128
97.635725,66.701677,1082,1083,1098,1099,1100,1106,1107
98.598819,66.932474,1093,1094,1097,1136,1137,1138
100.067595,66.536542,1110,1111,1301,1302
100.063307,66.499086,1111,1112,1301
100.866762,66.432399,1112,1113,1301,1302,1303,1304,1305,1309
101.365998,65.998121,1113,1114,1115,1116,1117,1118,1128,1129,1300,1308,1309,1310,1311
100.532706,65.698384,1117,1118,1324,1325
100.332715,65.633874,1118,1119,1129,1324
98.831301,67.098135,1132,1133,1139,1220,1221
99.368013,67.067865,1133,1134,1135,1136,1138,1220
99.366157,67.102326,1134,1220,1221,1245
135.0,66.633333,1177,1178,1229,2314
134.936803,66.664632,1178,1179,1229,1230,2313,2317,2318
134.929153,66.631593,1178,2314,2315,2316,2318
134.765538,66.698434,1179,1180,1230,1231,2311,2312
134.767775,66.668489,1179,2312,2313
134.332101,66.832088,1180,1231,1232,2292,2293,2297,2298
134.699744,66.699694,1180,2293,2311
132.266155,66.465404,1181,1182,2205,2206
133.465875,66.365423,1181,2206,2207,2280,2281,2282,2283
133.466237,66.500511,1181,1182,1233,2280
132.268827,66.50244,1182,1183,1184,1233,1234,1248,1253,1254,2204,2205
131.631126,66.499981,1183,1184,2149,2150,2151,2152,2153,2156
131.900489,66.498494,1183,2150,2204
130.801052,66.66759,1184,1185,1234,2149
129.56784,67.367232,1185,1186,1234,1254,1256,1260,1261,1746,1747,1767,2148
130.664436,66.666691,1185,2148,2149,2155,2156
128.867316,67.499952,1186,1187,1235,1261,1263,1264,2146
129.366258,67.399515,1186,1746,2146,2147
128.503407,67.465081,1187,1188,1235,2144,2145
128.863744,67.466518,1187,2145,2146,2147
127.235009,67.368006,1188,1189,1235,1264,1265,1744,1745,1773,1774,1775,1777
128.499044,67.434941,1188,1745,2144
125.064727,66.96693,1189,1190,1191,1192,1236,1265,1267,1272,1275,1276,1742,1934
126.331097,67.199799,1189,1743,1744,1934,1935
122.904431,67.070426,1190,1191,1740,1741
122.899775,67.035789,1190,1741,1742,1772,1776,1779,1782,1783
122.037613,67.232516,1191,1192,1739,1740
121.132069,67.431106,1192,1193,1194,1195,1236,1739
120.228841,67.534663,1193,1194,1474,1475,1738,1765,1766
120.43331,67.465293,1193,1739,1740,1741,1766,1771,1772
119.23542,67.667411,1194,1195,1473,1474
118.731623,67.768171,1195,1236,1276,1278,1279,1472,1473
117.433209,67.698215,1196,1197,1198,1237,1471
118.235195,67.766634,1196,1471,1472,1473,1474,1475,1476,1477,1478,1479,1480,1508
118.233412,67.801706,1196,1237,1238,1277,1279,1472
116.93352,67.665374,1197,1198,1470,1507,1517,1518,1523
117.431959,67.668993,1197,1471,1508,1509,1510,1517
115.634925,67.767651,1198,1199,1200,1237,1238,1470
114.133466,67.766196,1199,1200,1469,1507,1522,1523,1524
115.63304,67.73002,1199,1470,1507
114.133524,67.799652,1200,1238,1239,1249,1273,1274,1277,1468,1469
111.599602,67.432322,1201,1202,1466,1467
112.001679,67.39912,1201,1467,1468,1469,1506,1516,1521,1522
111.99801,67.433697,1201,1202,1239,1468
111.167484,67.433369,1202,1239,1240,1249,1465,1466
108.269499,67.134649,1203,1204,1463,1464
110.26837,67.266576,1203,1464,1465,1466,1467,1505,1506
110.26394,67.303747,1203,1204,1240,1465
107.932885,67.133673,1204,1205,1240,1241,1242,1249,1268,1269,1270,1271,1273,1463
107.565851,66.964729,1205,1206,1207,1208,1209,1241,1343,1503,1504
107.936119,67.065576,1205,1463,1464,1504,1505
106.831749,66.698263,1206,1207,1398,1399
107.164787,66.699854,1206,1343,1344,1366,1399,1400
106.834068,66.735621,1207,1208,1398
106.337335,66.668328,1208,1209,1398,1399,1400,1401,1405,1406
106.268892,66.699462,1209,1210,1241,1242,1397,1404,1405
105.599753,66.533768,1210,1211,1242,1266,1268,1396
105.700568,66.532631,1210,1396,1397
105.002802,66.500965,1211,1243,1262,1266,1338,1339
105.600689,66.499793,1211,1339,1340,1396,1397,1403,1404
103.902376,66.335572,1212,1213,1214,1215,1216,1217,1243,1257,1258,1259,1262,1337
104.199809,66.333843,1212,1337,1338,1339,1340,1363,1364
104.197245,66.368911,1212,1243,1338
102.296788,66.166538,1213,1214,1336,1361,1362
103.031053,66.132367,1213,1337,1362,1363
102.030648,66.235179,1214,1215,1328,1329,1335,1336
102.033887,66.267123,1215,1216,1328
101.334279,66.498681,1216,1217,1328,1329,1332,1333,1334
101.13073,66.598139,1217,1244,1255,1257,1327,1331,1332
100.36969,66.800642,1218,1219,1280,1281,1313
100.833854,66.600728,1218,1313,1314,1322,1323
100.965421,66.599752,1218,1219,1244,1314,1327
99.899669,67.065532,1219,1244,1250,1251,1252,1255,1280
133.767882,66.735039,1232,1233,1247,1248,2280,2281,2292
100.367244,66.767685,1281,1282,1312,1313,1321,1322
99.769374,66.734479,1282,1283,1285,1286,1312
99.802038,66.667995,1286,1287,1288,1303,1304,1312,1321
100.833143,66.501183,1287,1288,1319,1320
100.433446,66.668239,1287,1320,1321,1322,1323
100.834816,66.465986,1288,1289,1290,1291,1304,1305,1318,1319
101.198126,66.40136,1289,1290,1316,1317,1330
101.033147,66.467699,1289,1317,1318
101.202004,66.36696,1290,1291,1329,1330,1333,1335
101.201484,66.301724,1291,1292,1305,1309,1310,1335,1336,1360,1361
101.898019,66.099002,1292,1293,1310,1311,1359
101.901417,66.135768,1292,1359,1360
102.567566,66.001689,1293,1294,1295,1306,1307,1308,1311,1358
102.564992,66.0296,1293,1358,1359,1360,1361,1362,1363,1364,1371,1372,1373,1374
105.429596,66.299173,1294,1295,1356,1357
104.167207,66.200727,1294,1357,1358,1370,1371
105.466153,66.302337,1295,1296,1297,1306,1355,1356
105.097236,66.235207,1297,1298,1306,1307,1376
103.198842,65.965619,1298,1299,1300,1307,1308,1375
105.100371,66.203983,1298,1375,1376,1377,1378,1380
100.965059,66.566912,1314,1315,1316,1317,1318,1319,1320,1323,1327,1331
101.267541,66.433002,1315,1316,1330,1333,1334
101.099953,66.568112,1315,1331,1332,1334
105.73357,66.496571,1340,1341,1364,1365,1372,1403
106.169001,66.566184,1341,1342,1365,1402
105.732743,66.534436,1341,1402,1403,1404,1405,1406
106.931602,66.635221,1342,1365,1366,1367,1372,1373,1400,1401
106.165944,66.601173,1342,1401,1402,1406
108.536095,67.001114,1343,1344,1502,1503
108.631677,67.000119,1344,1345,1346,1366,1367,1502
109.065321,67.068446,1345,1346,1500,1501
109.067759,67.103503,1345,1501,1502,1503,1504,1505,1506,1515,1516
109.798314,67.031262,1346,1347,1367,1368,1369,1373,1374,1500
110.498415,67.231472,1347,1348,1349,1368,1499,1514,1515,1516,1520,1521
110.231631,67.20057,1347,1500,1501,1515
110.333704,67.132627,1348,1349,1549,1550
110.562751,67.132105,1348,1499,1550,1551
109.966949,66.997965,1349,1350,1351,1352,1368,1369,1548,1549
109.834617,66.900148,1350,1351,1526,1527,1528,1533,1534,1543,1547
109.968195,66.966711,1350,1543,1548
108.435932,66.80048,1351,1352,1525,1526
108.269337,66.80069,1352,1353,1354,1369,1370,1371,1374,1525
112.733133,47.165305,1389,1390,1591,1592,1593,1594,1595,1596,1597,1599
112.967017,46.065964,1390,1391,1598,1599
112.8662,45.601744,1391,1392,1598
113.3,45.0,1392,1393,1394,1395,1597,1598,1599
123.09942,56.667196,1422,1423,1833
123.167132,56.30221,1423,1424,1832,1833,1834,1835,1836,1837,1838,1839,1840,1841,1842,1843,1844,1845,1846,1847,1848,1849,1850,1851,1852,1853,1865,1866
123.098642,56.301482,1424,1425,1832
123.100398,56.033697,1425,1426,1832,1865
122.79812,54.432702,1426,1427,1831,1864,1865,1866,1867,1868,1869,1870,1871
122.198374,53.599521,1427,1428,1830,1831
122.16546,53.599004,1428,1429,1830
122.165969,53.10316,1429,1430,1830,1831,1863,1864
121.266813,50.202057,1430,1431,1829,1862,1863
120.7983,49.466646,1431,1432,1828,1829
120.763092,49.464595,1432,1433,1828
120.768005,49.300105,1433,1434,1827,1828,1829,1861,1862
120.532209,48.766787,1434,1435,1826,1827
120.33512,48.466202,1435,1436,1826
119.936753,47.398585,1436,1437,1817,1818,1826,1827,1861
119.867594,47.396745,1437,1438,1592,1593,1816,1817
117.466204,47.630106,1438,1439,1591,1592
118.764232,67.638198,1475,1476,1738
118.398473,67.600861,1476,1477,1730,1731,1738,1764,1765
117.364538,67.365292,1477,1478,1730
117.132563,67.299203,1478,1479,1729,1730,1731,1732,1733,1734,1735,1736,1737
116.335818,67.431501,1479,1480,1716,1717,1729
116.232577,67.432541,1480,1481,1508,1509,1715,1716,1726,1727
115.265873,67.599694,1481,1482,1509,1510,1666
115.499845,67.536593,1481,1666,1667,1725,1726
114.701245,67.633012,1482,1483,1510,1517,1518,1656,1662
114.664592,67.563216,1482,1656,1665,1666,1667,1668,1669,1670
114.001821,67.732481,1483,1484,1485,1518,1519,1523,1524,1655
114.461998,67.632432,1483,1655,1661,1662,1663
113.668394,67.565994,1484,1485,1643,1644,1659,1660
114.001544,67.700093,1484,1655,1660,1661
113.366774,67.565004,1485,1486,1487,1511,1519,1643
113.300965,67.298893,1486,1487,1600,1601,1648
113.365133,67.498112,1486,1643,1644,1645,1646,1647,1648
113.098897,67.301968,1487,1488,1489,1490,1511,1600
111.73523,66.133667,1492,1493,1576,1577,1582
111.169944,66.198871,1493,1494,1561,1562,1576
111.166198,66.233497,1494,1495,1561
111.034961,66.23267,1495,1496,1554,1560,1561,1562,1571
111.203363,66.699755,1496,1497,1554,1555,1556,1557,1559
111.398204,66.966898,1497,1498,1512,1513,1553,1558,1559
111.001319,67.132301,1498,1499,1513,1514,1551,1552
111.001225,67.098409,1498,1552,1553
110.763665,66.498577,1527,1528,1545,1546,1555,1556
110.369347,66.733087,1527,1546,1547
110.898381,66.098029,1528,1534,1535,1536,1554,1555,1560
112.100987,65.965537,1529,1573,1574,1575
111.632527,65.934534,1529,1530,1531,1532,1535,1560,1571,1574
110.203442,66.894713,1543,1544,1545,1546,1547,1548,1549,1550,1551,1552,1553,1558
111.066737,66.766052,1544,1545,1556,1557
110.999084,66.901536,1544,1557,1558,1559
111.466255,66.102995,1562,1563,1571,1574,1575,1576,1581,1582
112.832039,65.964621,1563,1564,1572,1573,1575,1579,1580
112.43487,66.034959,1563,1580,1581
113.931398,66.264972,1564,1565,1566,1567,1568,1569,1570,1572,1578,1586,1587
112.832214,66.001505,1564,1578,1579
114.232477,66.368596,1565,1566,1676,1677
114.23046,66.40083,1565,1585,1586,1677,1678
114.268723,66.364639,1566,1567,1676,1698
112.099923,66.132101,1577,1578,1579,1580,1581,1582,1583,1587
113.966934,66.633378,1584,1585,1671,1672,1673,1674,1675,1678
113.432341,66.897298,1588,1589
112.566825,67.001871,1588
112.266993,66.597144,1588,1589,1590
113.434651,66.866721,1589,1590
112.935997,66.434903,1590
119.434285,46.365065,1593,1594,1816
119.533384,45.832339,1594,1595,1815,1816,1817,1818,1819,1820,1821,1822,1823,1824,1825
119.2971,45.500615,1595,1596,1815
119.233333,45.0,1596,1597,1815,1825
113.829488,67.266106,1601,1602,1603,1604,1605,1606,1607,1608,1609,1631,1632,1647,1648
113.731331,67.531591,1602,1603,1645,1646,1657,1658
113.600441,67.499677,1602,1646,1647
113.868304,67.535708,1603,1604,1657,1664,1665,1670
114.600545,67.400907,1604,1605,1669,1670
114.799785,67.43389,1605,1606,1668,1669,1712
114.798894,67.402262,1606,1607,1712,1713,1714,1724
115.268141,67.29964,1607,1608,1723,1724
115.462693,67.229881,1608,1609,1722,1723
116.768791,67.031993,1609,1610,1632,1633,1637,1640,1641,1721,1722
117.566743,67.13201,1610,1611,1612,1633,1719,1720
117.001409,67.202958,1610,1720,1721
117.900375,67.163909,1611,1612,1735,1736
117.665175,67.197549,1611,1718,1719,1736,1737
118.229662,67.164602,1612,1633,1641,1642,1734,1735
119.965024,67.304268,1613,1614,1805,1806,1808
118.871013,67.432745,1613,1732,1733,1787,1788,1789,1790,1791,1792,1805
118.730754,67.232459,1613,1614,1615,1616,1617,1638,1639,1642,1733,1734
121.697965,67.100299,1614,1615,1804,1808,1809,1812
122.467879,66.869257,1615,1616,1803,1804
122.469371,66.833109,1616,1617,1803
123.765924,66.665782,1617,1634,1635,1638,1802,1803,1804,1811,1812,1813,1814
125.298449,66.531891,1618,1619,1800,1801
124.364965,66.766595,1618,1801,1802,1807,1810,1811
124.266728,66.634228,1618,1619,1620,1621,1622,1623,1624,1625,1634,1802
115.328604,66.969386,1627,1628,1705,1706,1710,1711
115.334508,67.001055,1628,1629,1636,1637,1640,1704,1705
113.932197,67.232793,1629,1630,1631,1632,1637,1649,1650,1651,1652,1653,1654
114.763767,67.000086,1629,1650,1704
113.73189,67.565435,1644,1645,1658,1659
114.766935,66.965557,1650,1651,1704,1705,1709,1710
115.169528,66.832383,1651,1652,1679,1680,1681,1682,1683,1684,1709
114.603425,67.603177,1656,1662,1663,1664,1665
114.332778,67.632851,1657,1658,1659,1660,1661,1663,1664
115.066161,67.432927,1667,1668,1712,1713,1725
115.300104,66.700748,1672,1673,1680,1681,1707,1708
115.266237,66.567422,1673,1674,1700,1701,1707
114.566652,66.498561,1674,1675,1699,1700
114.29949,66.53063,1675,1676,1677,1678,1698,1699
115.368146,66.834039,1680,1708,1709,1710,1711
115.065831,67.401686,1713,1714,1725,1726,1727,1728
115.732305,67.36507,1714,1715,1716,1717,1718,1719,1720,1721,1722,1723,1724,1728
115.732724,67.39923,1715,1727,1728
116.435176,67.331962,1717,1718,1729,1737
118.730484,67.567251,1731,1732,1764,1787
125.064992,66.89938,1742,1783,1784,1934,1935,1936,1937,1938
126.204479,67.101056,1743,1935,1936
126.233449,67.00149,1743,1744,1777,1778,1780,1936,1937
128.534025,67.333318,1745,1746,1767,1768,1769,1773,2144,2145,2147
128.900332,67.297857,1747,1748,1767,1768,2047
129.533002,67.133312,1747,2047,2048,2049,2050,2056,2148,2154,2155
128.367518,67.265792,1748,1749,1768,1769,2046
128.893686,67.267186,1748,2046,2047,2055,2056
127.135988,67.201467,1749,1750,1751,1752,1769,1773,1774,2044,2045
128.09816,67.197627,1749,2045,2046,2054,2055
126.633176,67.066769,1751,1752,1951,1952
126.469869,67.06712,1752,1774,1775,1950,1951
126.26713,66.665993,1753,1778,1780,1781,1798,1944
126.331284,66.866419,1753,1944,1945,1950,1951,1952,1954
126.301503,67.001504,1753,1775,1777,1778,1950
123.800982,66.767085,1754,1755,1813,1814
124.203808,66.766987,1754,1797,1810,1811,1814
124.197574,66.80326,1754,1755,1756,1757,1770,1779,1782,1797
123.002501,66.864603,1755,1756,1796,1809,1812,1813
121.698069,67.135561,1756,1757,1795,1796
121.699961,67.166837,1757,1758,1759,1770,1795
121.099907,67.26908,1758,1759,1793,1794
121.501617,67.168018,1758,1794,1795,1796,1806,1808,1809
121.100598,67.299952,1759,1760,1761,1770,1776,1779,1793
120.266277,67.39947,1760,1761,1791,1792
120.866649,67.297759,1760,1792,1793,1794,1805,1806
120.266287,67.431871,1761,1762,1763,1771,1772,1776,1790,1791
118.933207,67.533982,1762,1763,1788,1789
119.866631,67.436473,1762,1789,1790
118.935825,67.5685,1763,1764,1765,1766,1771,1787,1788
126.033582,66.666555,1780,1781,1785,1937,1938
125.835077,66.535392,1781,1785,1786,1798,1799,1800,1801,1807
124.536186,66.863612,1782,1783,1784,1786,1797,1807,1810
125.566193,66.666167,1784,1785,1786,1938
120.498081,47.39998,1818,1819,1860,1861,1862,1863,1864,1871
120.500612,47.364896,1819,1820,1860
121.499568,47.368726,1820,1821,1859,1860,1870,1871
122.667385,47.064637,1821,1822,1859,1872
122.667566,46.432307,1822,1823,1872,1873,1883,1884
123.132786,45.332107,1823,1824,1882,1883
122.933333,45.0,1824,1825,1881,1882
126.497816,56.5359,1838,1839,1955,1998,2026
126.431919,55.898832,1839,1840,1955,1956,1987,1988
126.59865,54.998172,1840,1841,1987
126.701039,54.833632,1841,1842,1987,1988,1989,1990,1991,1992,1993,1994,1995,1997
126.600965,54.200216,1842,1843,1986,1996,1997
127.065747,53.233681,1843,1844,1985,1986
127.067259,53.034884,1844,1845,1984,1985
127.233547,52.633133,1845,1846,1983,1984
127.068189,51.865721,1846,1847,1982,1983
126.9006,51.56394,1847,1848,1981,1982
127.301945,50.633654,1848,1849,1980,1981
127.502313,49.364958,1849,1850,1979,1980
127.500246,48.867891,1850,1851,1978,1979
127.867319,48.134103,1851,1852,1977,1978
128.101726,47.231938,1852,1853,1976,1977
128.099282,47.06486,1853,1854,1855,1856,1866,1867,1975,1976
128.102216,46.63199,1854,1855,1876,1877,1878,1879,1880,1881,1882,1883,1884,1885
128.364929,46.635778,1854,1877,1974,1975
127.301847,46.899253,1855,1856,1875,1876
126.597883,47.366755,1856,1857,1867,1868,1875
123.468079,47.165866,1857,1858,1868,1869,1874
125.498786,47.167328,1857,1874,1875,1876,1885
122.701244,47.132374,1858,1859,1869,1870,1872,1873
123.469319,47.133281,1858,1873,1874,1884,1885
128.39889,46.632247,1877,1878,1973,1974,2137
128.568253,46.304489,1878,1879,2137,2141,2142,2143
128.564405,45.199384,1879,1880,2140,2141
128.466667,45.0,1880,1881,2139,2140
126.801226,67.036037,1945,1946,1949,1953,1954
127.003337,56.13617,1955,1956,2025,2026,2027,2028,2029,2030,2031,2032,2043
127.463928,55.668741,1956,1957,1958,1988,1989,2025
127.96692,54.899591,1957,1958,2023,2024,2086
127.529642,55.666829,1957,2024,2025,2042,2043
127.966834,54.665122,1958,1989,1990,2086,2115,2116
128.432699,53.601454,1959,1991,1992,2113,2114
128.434548,53.832483,1959,2114,2115,2116,2117,2118,2119,2120,2121,2122,2123
128.403008,53.832763,1959,1990,1991,2115
130.333526,50.699924,1960,1961,2109,2110
129.733449,51.634838,1960,2110,2111,2112,2113,2114,2123
129.699465,51.628879,1960,1961,1994,1995,2111
130.333196,50.63316,1961,1995,1996,1997,2108,2109
131.468936,49.401408,1962,1963,2106,2107
130.97026,50.000479,1962,2107,2108,2109,2110,2122,2123
130.934556,49.999103,1962,1963,1964,1965,1966,1967,1968,1969,1970,1971,1972,1973,1974,1975,1976,1977,1978,1979,1980,1981,1982,1983,1984,1985,1986,1996,2108
131.46751,49.331898,1963,1964,2105,2106
132.034282,48.567402,1964,1965,2105,2216
132.030755,48.466321,1965,1966,2216,2217,2218,2219,2220,2221
132.467586,47.432581,1966,1967,2221,2240
132.466229,47.398865,1967,1968,2236,2237,2240,2241,2242,2243,2244,2245,2246,2248,2249
132.368813,47.199634,1968,1969,2222,2223,2236
132.067815,47.069215,1969,1970,2164,2165,2222
130.697935,46.699468,1970,1971,2163,2164
130.135247,46.599484,1971,1972,2162,2163
129.700837,46.36883,1972,1973,2137,2138,2142,2162
128.703238,52.966065,1992,1993,2112,2113
129.065556,52.329162,1993,1994,2111,2112
130.601415,57.835033,2004,2005,2171,2172,2173,2174,2188,2189
131.232636,56.701832,2005,2006,2028,2029,2188
131.563139,55.83329,2006,2007,2029,2030,2187
131.266092,56.699393,2006,2187,2188,2189,2190,2191,2192,2193,2194
132.401455,55.030386,2007,2008,2009,2030,2031,2186
131.597305,55.834661,2007,2186,2187,2194
134.000025,53.432476,2008,2009,2184,2185
133.201774,54.298302,2008,2185,2186,2193,2194
133.999501,53.401268,2009,2010,2011,2031,2032,2184
134.899565,52.532858,2010,2011,2182,2183
134.035007,53.400264,2010,2183,2184,2185,2192,2193
134.899743,52.49937,2011,2012,2013,2032,2033,2034,2035,2036,2037,2038,2039,2040,2041,2042,2043,2182
135.0,48.066667,2012,2013,2321,2322
135.0,52.433333,2012,2181,2182,2183,2191,2192
134.962869,48.068145,2013,2014,2033,2321
134.931188,48.000399,2014,2015,2016,2033,2034,2319,2320
134.96634,47.998859,2014,2320,2321,2322,2323,2324,2325
134.898905,47.963984,2015,2016,2097,2098,2266
134.931054,47.966755,2015,2266,2267,2319
134.032183,48.86725,2016,2017,2018,2034,2035,2097
133.266073,49.634143,2017,2018,2095,2096
133.332658,49.400845,2017,2096,2097,2098,2099,2100,2119,2120
132.967522,50.102283,2018,2019,2035,2036,2094,2095
132.170484,50.968101,2019,2036,2037,2092,2093
132.16631,50.930882,2019,2093,2094
131.568074,51.399573,2020,2021,2090,2091
131.563586,51.329828,2020,2091,2092,2093,2094,2095,2096,2118,2119
131.670397,51.333415,2020,2021,2037,2038,2092
131.235423,51.831579,2021,2038,2039,2089,2090
129.334602,53.731189,2022,2040,2041,2087,2088
130.233184,52.732942,2022,2088,2089,2090,2091,2117,2118
130.569801,52.56756,2022,2039,2040,2089
128.165535,54.568265,2023,2086,2087,2088,2116,2117
128.199778,54.5675,2023,2024,2041,2042,2087
129.600163,66.867292,2048,2049,2157,2158,2159,2160
129.598472,66.901196,2048,2154,2158
129.531182,66.865921,2049,2050,2057,2058,2157
129.035491,67.199538,2050,2051,2052,2053,2054,2055,2056,2057
128.033172,67.031624,2051,2052,2075,2076
128.767898,67.063973,2051,2057,2058,2059,2076,2077
129.566177,66.634683,2058,2059,2157,2160
130.165788,66.299377,2059,2077,2078,2159,2160,2195,2196,2197,2202,2203
131.535886,66.26983,2060,2061,2200,2201
130.83333,66.233652,2060,2201,2202,2203
130.836503,66.19991,2060,2061,2078,2079,2202
132.496964,66.196647,2061,2062,2063,2079,2080,2199,2200
132.997271,66.16871,2062,2063,2210,2211
132.80214,66.231119,2062,2198,2199,2211,2212
133.565677,66.101476,2063,2080,2084,2085,2209,2210
134.365363,66.565552,2064,2065,2302,2303
134.10172,66.534834,2064,2303,2304,2305,2306
134.266207,66.399367,2064,2065,2066,2067,2068,2069,2070,2081,2304
135.0,66.4,2065,2066,2301,2302
134.066909,66.269655,2081,2082,2085,2208,2209,2304,2305
134.899881,47.898431,2098,2099,2266,2267,2268,2269,2278,2279
134.1003,47.697319,2099,2100,2265,2277,2278
133.400082,47.701832,2100,2101,2102,2103,2104,2120,2121,2265
132.732249,47.635636,2101,2102,2219,2220,2241,2242,2264
133.402284,47.666281,2101,2264,2265,2276,2277
132.731432,47.863835,2102,2103,2218,2219
132.337274,48.334195,2103,2104,2217,2218
132.33412,48.39668,2104,2105,2106,2107,2121,2122,2216,2217
129.670777,46.267464,2138,2142,2143,2161
129.699439,46.265906,2138,2161,2162,2163,2164,2165,2166,2170
129.9,45.0,2139,2168,2169
129.668008,45.336085,2139,2140,2141,2143,2161,2169,2170
131.49808,66.431323,2150,2151,2204,2205,2206,2207,2214,2215
130.836674,66.434009,2151,2152,2196,2197,2213,2214
130.498235,66.467979,2152,2153,2195,2196
130.199418,66.467706,2153,2154,2155,2156,2158,2159,2195
132.067954,46.968722,2165,2166,2222,2223,2224,2225,2226,2227,2228,2232,2233
132.73307,46.298881,2166,2167,2168,2169,2170,2232
132.866667,45.0,2167,2168,2230,2231
132.797684,46.301144,2167,2231,2232,2233,2234,2235
134.565893,59.398566,2179,2180,2307,2308,2309,2310
135.0,59.0,2180,2181,2310
131.500691,66.333712,2197,2198,2199,2200,2201,2203,2213
132.33493,66.365187,2198,2212,2213,2214,2215
133.600141,66.297708,2207,2208,2209,2210,2211,2212,2215,2283
133.970869,66.369928,2208,2282,2283,2300,2305,2306
132.630229,47.634622,2220,2221,2240,2241
132.367558,47.166947,2223,2224,2236,2237,2238,2239
132.632035,47.136557,2224,2225,2239,2247,2250
132.632592,47.067782,2225,2226,2250,2251,2252,2261,2262
132.86644,46.535996,2226,2227,2260,2261
133.033173,46.300444,2227,2228,2259,2260
132.965077,46.298242,2228,2233,2234,2258,2259
133.266134,45.264413,2229,2230,2231,2235,2255,2256
133.264124,45.533055,2229,2256,2257
132.964611,46.064309,2229,2234,2235,2257,2258
133.433333,45.0,2230,2254,2255
132.567824,47.232475,2237,2238,2248
132.633464,47.232052,2238,2239,2247,2248,2249
132.901325,47.532798,2242,2243,2264,2276
132.96612,47.333919,2243,2244,2275,2276,2277,2278,2279
133.432606,46.803804,2244,2245,2274,2275
133.53342,46.600355,2245,2246,2251,2252,2273,2274,2284
132.764027,47.132565,2246,2247,2249,2250,2251
133.765446,45.834506,2252,2262,2263,2284,2285,2286,2290,2291
134.132381,45.367212,2253,2254,2255,2256,2257,2258,2259,2260,2261,2262,2263,2288,2289
134.129273,45.602953,2253,2289,2290,2291
134.067403,45.600422,2253,2263,2290
134.5,45.0,2254,2287,2288
134.933547,47.931783,2267,2268,2319,2320,2325
134.965926,47.932654,2268,2269,2324,2325
134.965864,47.867164,2269,2270,2271,2272,2273,2274,2275,2279,2323,2324
135.0,45.433333,2270,2271,2286,2287,2288,2289,2291
135.0,47.866667,2270,2322,2323
133.967582,46.198861,2271,2272,2285,2286
133.933057,46.199619,2272,2273,2284,2285
133.900919,66.59752,2281,2282,2292,2297,2300
135.0,45.0,2287
134.735685,66.631421,2293,2294,2298,2299,2311,2312,2313,2317
134.869635,66.602557,2294,2295,2296,2299,2315,2316
134.867926,66.632897,2294,2316,2317,2318
135.0,66.466667,2295,2296,2301
135.0,66.6,2295,2314,2315
134.166449,66.665228,2296,2297,2298,2299,2300,2301,2302,2303,2306