0,1,2,1,1,1,1270
3,4,5,1,1,1
6,7,8,1,1,1
9,8,10,1,0,1
11,10,12,1,0,1
13,12,14,1,0,1
15,14,16,1,0,1
17,16,18,1,0,1
19,18,20,1,0,1
21,20,22,1,0,1
23,22,24,1,0,1
25,24,26,1,0,1
27,26,28,1,0,1
29,28,30,1,0,1
31,30,32,1,0,1
33,32,34,1,0,1
2,34,5,0,0,0
35,36,37,1,1,1,28672
38,37,39,1,0,1
40,39,41,1,0,1
42,43,44,1,1,1
45,46,47,1,1,1
48,49,50,1,1,1
51,52,53,1,1,1
54,53,55,1,0,1
56,57,58,1,1,1
59,58,60,1,0,1
61,62,63,1,1,1
64,65,66,1,1,1
67,66,68,1,0,1
69,68,70,1,0,1
71,72,73,1,1,1
74,73,75,1,0,1
76,75,77,1,0,1
78,77,79,1,0,1
80,81,82,1,1,1
83,82,84,1,0,1
85,84,86,1,0,1
87,86,88,1,0,1
89,90,91,1,1,1
92,93,94,1,1,1
95,96,97,1,1,1
98,97,99,1,0,1
100,101,102,1,1,1
103,104,105,1,1,1
106,107,108,1,1,1
109,110,111,1,1,1
112,113,114,1,1,1
115,114,116,1,0,1
117,116,118,1,0,1
119,120,121,1,1,1
122,123,124,1,1,1
41,124,125,0,0,1
44,125,126,0,0,1
127,126,128,1,0,1
47,128,129,0,0,1
130,129,131,1,0,1
50,131,132,0,0,1
133,132,134,1,0,1
135,134,136,1,0,1
55,136,137,0,0,1
60,137,138,0,0,1
63,138,139,0,0,1
70,139,140,0,0,1
141,140,142,1,0,1
79,142,143,0,0,1
88,143,144,0,0,1
145,144,146,1,0,1
91,146,147,0,0,1
94,147,148,0,0,1
149,148,150,1,0,1
99,150,151,0,0,1
105,102,152,0,0,1
108,152,153,0,0,1
111,153,154,0,0,1
118,154,155,0,0,1
156,155,157,1,0,1
158,157,159,1,0,1
121,159,160,0,0,1
161,160,151,1,0,0
162,163,164,1,1,1,29696
165,164,166,1,0,1
167,166,168,1,0,1
169,168,170,1,0,1
171,170,172,1,0,1
173,172,174,1,0,1
175,174,176,1,0,1
177,176,178,1,0,1
179,178,180,1,0,1
181,182,183,1,1,1
184,183,185,1,0,1
186,187,188,1,1,1
189,190,191,1,1,1
192,193,194,1,1,1
195,196,197,1,1,1
198,197,199,1,0,1
200,199,201,1,0,1
202,201,203,1,0,1
204,203,205,1,0,1
206,205,207,1,0,1
208,207,209,1,0,1
210,209,211,1,0,1
212,213,214,1,1,1
215,216,217,1,1,1
218,219,220,1,1,1
221,220,222,1,0,1
223,222,224,1,0,1
225,224,226,1,0,1
227,226,228,1,0,1
229,228,230,1,0,1
231,230,232,1,0,1
233,234,235,1,1,1
236,237,238,1,1,1
239,240,241,1,1,1
242,241,243,1,0,1
244,243,245,1,0,1
246,245,247,1,0,1
248,247,249,1,0,1
250,251,252,1,1,1
253,254,255,1,1,1
256,255,257,1,0,1
258,259,260,1,1,1
261,260,262,1,0,1
263,262,264,1,0,1
265,266,267,1,1,1
268,269,270,1,1,1
271,270,272,1,0,1
273,274,275,1,1,1
276,277,278,1,1,1
279,280,281,1,1,1
282,281,283,1,0,1
284,283,285,1,0,1
286,285,287,1,0,1
288,287,289,1,0,1
290,289,291,1,0,1
292,291,293,1,0,1
294,295,296,1,1,1
297,298,299,1,1,1
300,301,302,1,1,1
303,304,305,1,1,1
306,307,308,1,1,1
81,308,309,0,0,1
78,309,310,0,0,1
74,76,311,0,0,1
141,72,312,0,0,1
69,312,313,0,0,1
67,313,314,0,0,1
61,65,315,0,0,1
59,62,316,0,0,1
56,316,317,0,0,1
54,57,318,0,0,1
51,318,319,0,0,1
135,52,320,0,0,1
133,320,321,0,0,1
48,321,322,0,0,1
130,49,323,0,0,1
45,323,324,0,0,1
127,46,325,0,0,1
42,325,326,0,0,1
40,43,327,0,0,1
38,327,328,0,0,1
35,328,329,0,0,1
180,329,330,0,0,1
185,330,331,0,0,1
188,331,332,0,0,1
333,332,334,1,0,1
191,334,335,0,0,1
194,335,336,0,0,1
211,336,337,0,0,1
214,337,338,0,0,1
217,338,339,0,0,1
235,232,340,0,0,1
249,238,341,0,0,1
252,341,342,0,0,1
257,342,343,0,0,1
344,343,345,1,0,1
264,345,346,0,0,1
267,346,347,0,0,1
272,347,348,0,0,1
275,348,349,0,0,1
350,349,351,1,0,1
352,351,353,1,0,1
354,353,355,1,0,1
278,355,356,0,0,1
293,356,357,0,0,1
296,357,358,0,0,1
359,358,360,1,0,1
361,360,362,1,0,1
299,362,363,0,0,1
364,363,365,1,0,1
302,365,366,0,0,1
367,366,368,1,0,1
305,368,369,0,0,1
370,369,371,1,0,1
310,371,372,0,0,1
311,372,373,0,0,1
71,373,374,0,0,1
314,374,375,0,0,1
64,375,376,0,0,1
319,317,377,0,0,1
322,377,378,0,0,1
326,324,379,0,0,1
339,379,380,0,0,1
376,340,381,0,0,1
315,381,382,0,0,1
378,382,380,0,0,0
383,384,385,1,1,1,29936
386,385,387,1,0,1
388,387,162,1,0,0
389,390,391,1,1,1,50416
392,391,393,1,0,1
394,393,395,1,0,1
396,395,397,1,0,1
398,397,399,1,0,1
400,399,401,1,0,1
402,401,403,1,0,1
404,403,405,1,0,1
406,405,407,1,0,1
408,407,409,1,0,1
410,409,411,1,0,1
412,413,414,1,1,1
415,416,417,1,1,1
418,417,419,1,0,1
420,421,422,1,1,1
423,422,424,1,0,1
425,426,427,1,1,1
428,429,430,1,1,1
431,432,433,1,1,1
434,435,436,1,1,1
437,438,439,1,1,1
440,439,441,1,0,1
442,443,444,1,1,1
445,444,446,1,0,1
447,448,449,1,1,1
13,15,450,0,0,1
451,450,452,1,0,1
453,454,455,1,1,1
456,457,458,1,1,1
459,458,460,1,0,1
461,460,462,1,0,1
463,462,464,1,0,1
465,466,467,1,1,1
468,467,469,1,0,1
470,471,472,1,1,1
473,472,474,1,0,1
475,474,476,1,0,1
477,476,478,1,0,1
479,480,481,1,1,1
482,483,484,1,1,1
485,486,487,1,1,1
488,489,490,1,1,1
491,490,492,1,0,1
493,494,495,1,1,1
496,495,497,1,0,1
244,497,498,0,0,1
499,498,500,1,0,1
501,500,502,1,0,1
503,502,504,1,0,1
505,506,507,1,1,1
239,508,509,0,1,1
510,509,511,1,0,1
225,511,512,0,0,1
513,512,514,1,0,1
515,514,516,1,0,1
517,516,518,1,0,1
519,518,520,1,0,1
521,522,523,1,1,1
524,525,526,1,1,1
527,528,529,1,1,1
221,529,530,0,0,1
531,530,532,1,0,1
200,532,533,0,0,1
534,533,535,1,0,1
536,535,537,1,0,1
538,537,539,1,0,1
540,541,542,1,1,1
195,542,543,0,0,1
544,543,545,1,0,1
165,545,546,0,0,1
388,546,547,0,0,1
383,386,548,0,0,1
411,548,549,0,0,1
414,549,550,0,0,1
419,550,551,0,0,1
424,552,553,0,1,1
427,553,554,0,0,1
430,555,556,0,1,1
433,556,557,0,0,1
441,436,558,0,0,1
559,558,560,1,0,1
449,446,561,0,0,1
452,562,563,0,1,1
455,563,564,0,0,1
464,564,565,0,0,1
469,566,567,0,1,1
478,568,569,0,1,1
487,484,570,0,0,1
504,571,572,0,1,1
507,573,574,0,1,1
520,574,575,0,0,1
523,575,576,0,0,1
526,577,578,0,1,1
579,578,580,1,0,1
539,580,581,0,0,1
547,582,583,0,1,1
551,583,584,0,0,1
554,584,585,0,0,1
557,585,586,0,0,1
560,586,587,0,0,1
588,587,589,1,0,1
561,589,590,0,0,1
565,590,591,0,0,1
592,591,593,1,0,1
569,567,594,0,0,1
481,594,595,0,0,1
570,595,596,0,0,1
572,492,597,0,0,1
576,597,598,0,0,1
599,598,600,1,0,1
581,601,602,0,1,1
593,602,603,0,0,1
596,603,600,0,0,0
604,605,606,1,1,1,46320
607,606,608,1,0,1
392,608,389,0,0,0
609,610,611,1,1,1,9461
612,611,613,1,0,1
614,615,616,1,1,1
617,616,618,1,0,1
619,618,620,1,0,1
621,620,622,1,0,1
623,622,624,1,0,1
396,624,625,0,0,1
394,625,626,0,0,1
607,626,627,0,0,1
613,604,628,0,0,1
629,628,627,1,0,0
630,631,632,1,1,1,1270
633,632,634,1,0,1
635,634,636,1,0,1
637,636,638,1,0,1
639,638,640,1,0,1
641,642,643,1,1,1
644,645,646,1,1,1
647,646,648,1,0,1
649,648,650,1,0,1
651,650,652,1,0,1
653,652,654,1,0,1
655,654,656,1,0,1
657,656,658,1,0,1
659,658,660,1,0,1
661,662,663,1,1,1
614,664,665,0,1,1
615,665,666,0,0,1
629,666,667,0,0,1
612,667,668,0,0,1
609,668,669,0,0,1
640,669,670,0,0,1
660,643,671,0,0,1
663,671,670,0,0,0
672,673,674,1,1,1,1271
675,674,676,1,0,1
677,676,678,1,0,1
679,678,680,1,0,1
681,680,682,1,0,1
683,682,684,1,0,1
685,684,686,1,0,1
687,686,688,1,0,1
689,688,690,1,0,1
691,692,693,1,1,1
694,693,695,1,0,1
696,695,697,1,0,1
698,697,699,1,0,1
700,701,702,1,1,1
703,702,704,1,0,1
705,704,706,1,0,1
707,706,708,1,0,1
709,710,711,1,1,1
712,711,713,1,0,1
714,715,716,1,1,1
717,716,718,1,0,1
719,720,721,1,1,1
722,721,723,1,0,1
724,725,726,1,1,1
727,726,728,1,0,1
729,730,731,1,1,1
732,731,733,1,0,1
734,735,736,1,1,1
737,738,739,1,1,1
740,741,742,1,1,1
743,742,744,1,0,1
745,744,746,1,0,1
747,748,749,1,1,1
750,751,752,1,1,1
753,754,755,1,1,1
756,757,758,1,1,1
759,760,761,1,1,1
762,761,763,1,0,1
764,765,766,1,1,1
767,766,768,1,0,1
769,768,770,1,0,1
771,772,773,1,1,1
774,773,775,1,0,1
776,777,778,1,1,1
779,778,780,1,0,1
781,782,783,1,1,1
784,783,785,1,0,1
786,787,788,1,1,1
789,788,790,1,0,1
791,790,792,1,0,1
793,792,794,1,0,1
795,796,797,1,1,1
798,797,799,1,0,1
800,799,801,1,0,1
802,801,803,1,0,1
804,803,805,1,0,1
806,807,808,1,1,1
809,808,810,1,0,1
811,812,813,1,1,1
814,815,816,1,1,1
817,816,818,1,0,1
819,820,821,1,1,1
822,823,824,1,1,1
825,824,826,1,0,1
827,828,829,1,1,1
830,829,831,1,0,1
832,833,834,1,1,1
835,836,837,1,1,1
838,839,840,1,1,1
841,842,843,1,1,1
844,845,846,1,1,1
847,848,849,1,1,1
850,849,851,1,0,1
852,853,854,1,1,1
855,854,856,1,0,1
857,858,859,1,1,1
860,861,862,1,1,1
863,864,865,1,1,1
866,865,867,1,0,1
868,869,870,1,1,1
871,872,873,1,1,1
874,875,876,1,1,1
877,876,878,1,0,1
879,880,881,1,1,1
882,883,884,1,1,1
885,886,887,1,1,1
888,887,889,1,0,1
644,889,890,0,0,1
641,645,891,0,0,1
639,642,892,0,0,1
637,892,893,0,0,1
635,893,894,0,0,1
630,633,895,0,0,1
690,895,896,0,0,1
699,896,897,0,0,1
708,898,899,0,1,1
713,900,901,0,1,1
718,902,903,0,1,1
723,903,904,0,0,1
728,904,905,0,0,1
736,733,906,0,0,1
739,906,907,0,0,1
746,907,908,0,0,1
749,908,909,0,0,1
752,909,910,0,0,1
755,910,911,0,0,1
758,911,912,0,0,1
763,912,913,0,0,1
775,914,915,0,1,1
780,915,916,0,0,1
794,785,917,0,0,1
805,917,918,0,0,1
919,918,920,1,0,1
810,921,922,0,1,1
813,923,924,0,1,1
818,924,925,0,0,1
821,925,926,0,0,1
826,926,927,0,0,1
928,927,929,1,0,1
840,837,930,0,0,1
931,930,932,1,0,1
846,933,934,0,1,1
851,934,935,0,0,1
859,936,937,0,1,1
862,937,938,0,0,1
867,938,939,0,0,1
870,939,940,0,0,1
878,873,941,0,0,1
884,942,943,0,1,1
890,943,944,0,0,1
897,894,945,0,0,1
899,946,947,0,1,1
920,916,948,0,0,1
922,948,949,0,0,1
929,949,950,0,0,1
831,950,951,0,0,1
935,843,952,0,0,1
945,891,953,0,0,1
951,770,954,0,0,1
955,954,956,1,0,1
834,956,957,0,0,1
932,957,958,0,0,1
953,944,959,0,0,1
947,959,960,0,0,1
961,960,962,1,0,1
901,962,963,0,0,1
958,913,964,0,0,1
952,964,965,0,0,1
856,965,966,0,0,1
963,881,967,0,0,1
966,905,968,0,0,1
940,968,969,0,0,1
967,941,970,0,0,1
971,970,969,1,0,0
972,973,974,1,1,1,1272
975,974,976,1,0,1
977,976,978,1,0,1
979,978,980,1,0,1
981,980,982,1,0,1
983,982,984,1,0,1
985,984,986,1,0,1
987,986,988,1,0,1
989,990,991,1,1,1
992,993,994,1,1,1
995,994,996,1,0,1
997,998,999,1,1,1
1000,999,1001,1,0,1
1002,1003,1004,1,1,1
1005,1004,1006,1,0,1
1007,1008,1009,1,1,1
1010,1011,1012,1,1,1
1013,1012,1014,1,0,1
1015,1014,1016,1,0,1
1017,1018,1019,1,1,1
1020,1019,1021,1,0,1
1022,1021,1023,1,0,1
1024,1023,1025,1,0,1
1026,1025,1027,1,0,1
1028,1027,1029,1,0,1
1030,1031,1032,1,1,1
1033,1032,1034,1,0,1
1035,1034,1036,1,0,1
1037,1036,1038,1,0,1
1039,1038,1040,1,0,1
1041,1040,1042,1,0,1
1043,1042,1044,1,0,1
1045,1044,1046,1,0,1
1047,1048,1049,1,1,1
1050,1049,1051,1,0,1
1052,1053,1054,1,1,1
1055,1054,1056,1,0,1
1057,1058,1059,1,1,1
1060,1059,1061,1,0,1
1062,1063,1064,1,1,1
1065,1064,1066,1,0,1
1067,1068,1069,1,1,1
1070,1071,1072,1,1,1
1073,1074,1075,1,1,1
787,1075,1076,0,0,1
784,1076,1077,0,0,1
781,1077,1078,0,0,1
779,782,1079,0,0,1
776,1079,1080,0,0,1
774,777,1081,0,0,1
914,772,1082,0,0,1
769,1082,1083,0,0,1
767,1083,1084,0,0,1
764,1084,1085,0,0,1
762,765,1086,0,0,1
759,1086,1087,0,0,1
756,760,1088,0,0,1
757,1088,1089,0,0,1
753,1089,1090,0,0,1
750,754,1091,0,0,1
747,751,1092,0,0,1
745,748,1093,0,0,1
740,743,1094,0,0,1
737,741,1095,0,0,1
734,738,1096,0,0,1
732,735,1097,0,0,1
729,1097,1098,0,0,1
727,730,1099,0,0,1
724,1099,1100,0,0,1
722,725,1101,0,0,1
717,720,1102,0,0,1
902,715,1103,0,0,1
971,1103,1104,0,0,1
712,1104,1105,0,0,1
709,1105,1106,0,0,1
900,710,1107,0,0,1
961,1107,1108,0,0,1
707,1108,1109,0,0,1
703,705,1110,0,0,1
898,701,1111,0,0,1
946,1111,1112,0,0,1
698,1112,1113,0,0,1
696,1113,1114,0,0,1
694,1114,1115,0,0,1
691,1115,1116,0,0,1
689,692,1117,0,0,1
687,1117,1118,0,0,1
683,685,1119,0,0,1
681,1119,1120,0,0,1
679,1120,1121,0,0,1
677,1121,1122,0,0,1
675,1122,1123,0,0,1
672,1123,1124,0,0,1
988,1124,1125,0,0,1
991,1126,1127,0,1,1
996,1127,1128,0,0,1
1001,1128,1129,0,0,1
1006,1129,1130,0,0,1
1131,1130,1132,1,0,1
1009,1133,1134,0,1,1
1135,1134,1136,1,0,1
1016,1136,1137,0,0,1
1138,1137,1139,1,0,1
1029,1139,1140,0,0,1
1046,1140,1141,0,0,1
1051,1141,1142,0,0,1
1066,1061,1143,0,0,1
1069,1143,1144,0,0,1
1072,1144,1145,0,0,1
1146,1145,1147,1,0,1
1078,1147,1148,0,0,1
1080,1148,1149,0,0,1
1081,1149,1150,0,0,1
771,1150,1151,0,0,1
1085,1151,1152,0,0,1
1087,1152,1153,0,0,1
1090,1153,1154,0,0,1
1091,1154,1155,0,0,1
1092,1155,1156,0,0,1
1093,1156,1157,0,0,1
1094,1157,1158,0,0,1
1095,1158,1159,0,0,1
1096,1159,1160,0,0,1
1101,1100,1161,0,0,1
1102,719,1162,0,0,1
1106,714,1163,0,0,1
1109,1163,1164,0,0,1
1110,1164,1165,0,0,1
1116,700,1166,0,0,1
1118,1166,1167,0,0,1
1125,1167,1168,0,0,1
1132,1168,1169,0,0,1
1160,1170,1171,0,1,1
1165,1162,1172,0,0,1
1169,1172,1173,0,0,1
1171,1056,1174,0,0,1
1173,1161,1175,0,0,1
1174,1142,1176,0,0,1
1098,1176,1175,0,0,0
1177,1178,1179,1,1,1,1273
1180,1179,1181,1,0,1
1182,1181,1183,1,0,1
1184,1183,1185,1,0,1
1186,1185,1187,1,0,1
1188,1187,1189,1,0,1
1190,1191,1192,1,1,1
1193,1194,1195,1,1,1
1196,1195,1197,1,0,1
1198,1199,1200,1,1,1
1201,1200,1202,1,0,1
1203,1204,1205,1,1,1
1206,1205,1207,1,0,1
1208,1207,1209,1,0,1
1210,1211,1212,1,1,1
1213,1212,1214,1,0,1
1215,1216,1217,1,1,1
1218,1217,1219,1,0,1
1220,1219,1221,1,0,1
1222,1221,1223,1,0,1
1224,1223,1225,1,0,1
1226,1225,1227,1,0,1
1228,1229,1230,1,1,1
1231,1232,1233,1,1,1
1234,1235,1236,1,1,1
1237,1236,1238,1,0,1
1239,1238,1240,1,0,1
1241,1240,1242,1,0,1
1243,1244,1245,1,1,1
1246,1245,1247,1,0,1
1248,1247,1249,1,0,1
1250,1251,1252,1,1,1
1253,1254,1255,1,1,1
1256,1255,1257,1,0,1
1258,1259,1260,1,1,1
1261,1262,1263,1,1,1
1264,1265,1266,1,1,1
1267,1268,1269,1,1,1
1074,1269,1270,0,0,1
1146,1270,1271,0,0,1
1070,1271,1272,0,0,1
1071,1272,1273,0,0,1
1065,1068,1274,0,0,1
1062,1274,1275,0,0,1
1060,1063,1276,0,0,1
1170,1058,1277,0,0,1
1055,1277,1278,0,0,1
1052,1278,1279,0,0,1
1050,1053,1280,0,0,1
1047,1280,1281,0,0,1
1045,1048,1282,0,0,1
1043,1282,1283,0,0,1
1037,1039,1284,0,0,1
1035,1284,1285,0,0,1
1030,1033,1286,0,0,1
1028,1031,1287,0,0,1
1026,1287,1288,0,0,1
1020,1022,1289,0,0,1
1138,1018,1290,0,0,1
1015,1290,1291,0,0,1
1013,1291,1292,0,0,1
1010,1292,1293,0,0,1
1135,1011,1294,0,0,1
1007,1294,1295,0,0,1
1133,1008,1296,0,0,1
1131,1296,1297,0,0,1
1005,1297,1298,0,0,1
1002,1298,1299,0,0,1
1003,1299,1300,0,0,1
1000,1300,1301,0,0,1
997,1301,1302,0,0,1
995,998,1303,0,0,1
989,993,1304,0,0,1
1126,990,1305,0,0,1
987,1305,1306,0,0,1
985,1306,1307,0,0,1
983,1307,1308,0,0,1
981,1308,1309,0,0,1
979,1309,1310,0,0,1
977,1310,1311,0,0,1
975,1311,1312,0,0,1
972,1312,1313,0,0,1
1189,1313,1314,0,0,1
1192,1314,1315,0,0,1
1197,1315,1316,0,0,1
1202,1316,1317,0,0,1
1318,1317,1319,1,0,1
1214,1209,1320,0,0,1
1227,1320,1321,0,0,1
1322,1321,1323,1,0,1
1230,1324,1325,0,1,1
1233,1325,1326,0,0,1
1242,1326,1327,0,0,1
1249,1327,1328,0,0,1
1329,1328,1330,1,0,1
1273,1331,1332,0,1,1
1067,1332,1333,0,0,1
1279,1057,1334,0,0,1
1281,1334,1335,0,0,1
1283,1335,1336,0,0,1
1041,1336,1337,0,0,1
1285,1337,1338,0,0,1
1293,1017,1339,0,0,1
1302,1295,1340,0,0,1
1303,1340,1341,0,0,1
1319,1304,1342,0,0,1
1323,1342,1343,0,0,1
1330,1343,1344,0,0,1
1252,1344,1345,0,0,1
1333,1266,1346,0,0,1
1275,1346,1347,0,0,1
1276,1347,1348,0,0,1
1341,1339,1349,0,0,1
992,1349,1350,0,0,1
1345,1350,1351,0,0,1
1257,1351,1352,0,0,1
1348,1263,1353,0,0,1
1352,1289,1354,0,0,1
1353,1260,1355,0,0,1
1338,1355,1356,0,0,1
1286,1356,1357,0,0,1
1288,1357,1358,0,0,1
1024,1358,1354,0,0,0
1359,1360,1361,1,1,1,1274
1362,1363,1364,1,1,1
1365,1366,1367,1,1,1
1368,1369,1370,1,1,1
1371,1372,1373,1,1,1
1374,1373,1375,1,0,1
1376,1377,1378,1,1,1
1379,1380,1381,1,1,1
1382,1383,1384,1,1,1
1385,1386,1387,1,1,1
1388,1389,1390,1,1,1
1391,1390,1392,1,0,1
1393,1392,1394,1,0,1
1395,1396,1397,1,1,1
1398,1397,1399,1,0,1
1400,1401,1402,1,1,1
1403,1404,1405,1,1,1
1406,1407,1408,1,1,1
1409,1408,1410,1,0,1
1411,1410,1412,1,0,1
1413,1412,1414,1,0,1
1415,1416,1417,1,1,1
1418,1417,1419,1,0,1
1420,1421,1422,1,1,1
1423,1422,1424,1,0,1
1425,1426,1427,1,1,1
1428,1427,1429,1,0,1
1430,1431,1432,1,1,1
1433,1432,1434,1,0,1
1435,1434,1436,1,0,1
1437,1436,1438,1,0,1
1439,1438,1440,1,0,1
1441,1442,1443,1,1,1
1444,1445,1446,1,1,1
1447,1448,1449,1,1,1
1450,1451,1452,1,1,1
1453,1454,1455,1,1,1
1456,1457,1458,1,1,1
1459,1460,1461,1,1,1
1462,1463,1464,1,1,1
1465,1466,1467,1,1,1
1468,1469,1470,1,1,1
1471,1470,1472,1,0,1
1473,1472,1474,1,0,1
1475,1474,1476,1,0,1
1477,1476,1478,1,0,1
1479,1478,1480,1,0,1
1481,1480,1482,1,0,1
1483,1482,1484,1,0,1
1485,1484,1486,1,0,1
1487,1486,1488,1,0,1
1489,1488,1490,1,0,1
1491,1492,1493,1,1,1
1494,1493,1495,1,0,1
1496,1497,1498,1,1,1
1499,1498,1500,1,0,1
1501,1502,1503,1,1,1
1504,1503,1505,1,0,1
1506,1505,1507,1,0,1
1508,1507,1509,1,0,1
1510,1509,1511,1,0,1
1512,1513,1514,1,1,1
1515,1516,1517,1,1,1
1518,1519,1520,1,1,1
1521,1520,1522,1,0,1
1523,1522,1524,1,0,1
1525,1524,1526,1,0,1
1527,1528,1529,1,1,1
1530,1529,1531,1,0,1
1532,1533,1534,1,1,1
1535,1536,1537,1,1,1
1538,1539,1540,1,1,1
1541,1542,1543,1,1,1
1544,1545,1546,1,1,1
1547,1546,1548,1,0,1
1549,1550,1551,1,1,1
1268,1551,1552,0,0,1
1331,1552,1553,0,0,1
1264,1553,1554,0,0,1
1265,1554,1555,0,0,1
1261,1555,1556,0,0,1
1262,1556,1557,0,0,1
1258,1557,1558,0,0,1
1259,1558,1559,0,0,1
1256,1559,1560,0,0,1
1253,1560,1561,0,0,1
1250,1254,1562,0,0,1
1251,1562,1563,0,0,1
1329,1563,1564,0,0,1
1248,1564,1565,0,0,1
1246,1565,1566,0,0,1
1241,1244,1567,0,0,1
1239,1567,1568,0,0,1
1237,1568,1569,0,0,1
1231,1235,1570,0,0,1
1228,1232,1571,0,0,1
1324,1229,1572,0,0,1
1322,1572,1573,0,0,1
1226,1573,1574,0,0,1
1224,1574,1575,0,0,1
1222,1575,1576,0,0,1
1220,1576,1577,0,0,1
1218,1577,1578,0,0,1
1215,1578,1579,0,0,1
1213,1216,1580,0,0,1
1210,1580,1581,0,0,1
1208,1211,1582,0,0,1
1203,1206,1583,0,0,1
1318,1204,1584,0,0,1
1201,1584,1585,0,0,1
1198,1585,1586,0,0,1
1196,1199,1587,0,0,1
1190,1194,1588,0,0,1
1188,1191,1589,0,0,1
1186,1589,1590,0,0,1
1184,1590,1591,0,0,1
1182,1591,1592,0,0,1
1180,1592,1593,0,0,1
1361,1177,1594,0,0,1
1364,1594,1595,0,0,1
1367,1595,1596,0,0,1
1370,1596,1597,0,0,1
1375,1597,1598,0,0,1
1599,1598,1600,1,0,1
1378,1600,1601,0,0,1
1602,1601,1603,1,0,1
1381,1603,1604,0,0,1
1605,1604,1606,1,0,1
1384,1606,1607,0,0,1
1387,1607,1608,0,0,1
1394,1609,1610,0,1,1
1424,1419,1611,0,0,1
1429,1611,1612,0,0,1
1440,1613,1614,0,1,1
1443,1614,1615,0,0,1
1446,1615,1616,0,0,1
1449,1616,1617,0,0,1
1452,1617,1618,0,0,1
1455,1618,1619,0,0,1
1458,1619,1620,0,0,1
1461,1620,1621,0,0,1
1464,1621,1622,0,0,1
1467,1622,1623,0,0,1
1490,1623,1624,0,0,1
1495,1624,1625,0,0,1
1500,1625,1626,0,0,1
1627,1626,1628,1,0,1
1511,1628,1629,0,0,1
1514,1629,1630,0,0,1
1517,1630,1631,0,0,1
1632,1631,1633,1,0,1
1634,1633,1635,1,0,1
1526,1635,1636,0,0,1
1531,1636,1637,0,0,1
1534,1637,1638,0,0,1
1537,1638,1639,0,0,1
1540,1639,1640,0,0,1
1543,1640,1641,0,0,1
1548,1641,1642,0,0,1
1566,1561,1643,0,0,1
1243,1643,1644,0,0,1
1569,1644,1645,0,0,1
1234,1645,1646,0,0,1
1570,1646,1647,0,0,1
1571,1647,1648,0,0,1
1579,1648,1649,0,0,1
1581,1649,1650,0,0,1
1582,1650,1651,0,0,1
1586,1583,1652,0,0,1
1587,1652,1653,0,0,1
1193,1653,1654,0,0,1
1593,1588,1655,0,0,1
1608,1655,1656,0,0,1
1610,1656,1657,0,0,1
1642,1612,1658,0,0,1
1657,1654,1659,0,0,1
1399,1659,1660,0,0,1
1658,1414,1661,0,0,1
1660,1651,1662,0,0,1
1402,1662,1663,0,0,1
1405,1663,1661,0,0,0
1430,1664,1665,0,1,1,1275
1431,1665,1666,0,0,1
1613,1666,1667,0,0,1
1428,1667,1668,0,0,1
1425,1668,1669,0,0,1
1426,1669,1670,0,0,1
1423,1670,1671,0,0,1
1420,1671,1672,0,0,1
1421,1672,1673,0,0,1
1418,1673,1674,0,0,1
1415,1674,1675,0,0,1
1416,1675,1676,0,0,1
1413,1676,1677,0,0,1
1411,1677,1678,0,0,1
1409,1678,1679,0,0,1
1406,1679,1680,0,0,1
1403,1407,1681,0,0,1
1404,1681,1682,0,0,1
1400,1682,1683,0,0,1
1398,1401,1684,0,0,1
1395,1684,1685,0,0,1
1393,1396,1686,0,0,1
1391,1686,1687,0,0,1
1609,1389,1688,0,0,1
1385,1688,1689,0,0,1
1382,1386,1690,0,0,1
1383,1690,1691,0,0,1
1605,1691,1692,0,0,1
1379,1692,1693,0,0,1
1602,1380,1694,0,0,1
1376,1694,1695,0,0,1
1377,1695,1696,0,0,1
1599,1696,1697,0,0,1
1374,1697,1698,0,0,1
1371,1698,1699,0,0,1
1372,1699,1700,0,0,1
1368,1700,1701,0,0,1
1369,1701,1702,0,0,1
1365,1702,1703,0,0,1
1366,1703,1704,0,0,1
1362,1704,1705,0,0,1
1363,1705,1706,0,0,1
1680,1359,1707,0,0,1
1683,1707,1708,0,0,1
1685,1708,1709,0,0,1
1687,1709,1710,0,0,1
1388,1710,1711,0,0,1
1689,1711,1712,0,0,1
1693,1712,1706,0,0,0
1713,1714,1715,1,1,1,1273
1468,1716,1717,0,1,1
1465,1469,1718,0,0,1
1462,1466,1719,0,0,1
1459,1463,1720,0,0,1
1456,1460,1721,0,0,1
1453,1457,1722,0,0,1
1450,1454,1723,0,0,1
1447,1451,1724,0,0,1
1444,1448,1725,0,0,1
1441,1445,1726,0,0,1
1439,1442,1727,0,0,1
1437,1727,1728,0,0,1
1715,1435,1729,0,0,1
1717,1729,1730,0,0,1
1718,1730,1731,0,0,1
1719,1731,1732,0,0,1
1720,1732,1733,0,0,1
1721,1733,1734,0,0,1
1722,1734,1735,0,0,1
1723,1735,1736,0,0,1
1724,1736,1737,0,0,1
1725,1737,1738,0,0,1
1726,1738,1728,0,0,0
621,623,1739,0,0,1,9460
1740,1741,1742,1,1,1
1743,1744,1745,1,1,1
1746,1745,1747,1,0,1
1748,1747,1749,1,0,1
1750,1749,1751,1,0,1
1752,1751,1753,1,0,1
1754,1753,1755,1,0,1
400,1756,1757,0,1,1
398,1757,1758,0,0,1
1739,1758,1759,0,0,1
1760,1759,1761,1,0,1
1742,1761,1762,0,0,1
1755,1763,1764,0,1,1
1765,1764,1762,1,0,0
544,167,1766,0,0,1,50176
196,1766,1767,0,0,1
192,1767,1768,0,0,1
193,1768,1769,0,0,1
189,1769,1770,0,0,1
190,1770,1771,0,0,1
333,1771,1772,0,0,1
186,1772,1773,0,0,1
184,187,1774,0,0,1
179,182,1775,0,0,1
177,1775,1776,0,0,1
175,1776,1777,0,0,1
173,1777,1778,0,0,1
171,1778,1779,0,0,1
169,1779,1780,0,0,1
1774,1773,1781,0,0,1
181,1781,1780,0,0,0
661,664,1782,0,0,1,9461
662,1782,1783,0,0,1
655,657,1784,0,0,1
649,651,1785,0,0,1
888,647,1786,0,0,1
1787,1786,1788,1,0,1
1789,1788,1790,1,0,1
1791,1790,1792,1,0,1
1793,1792,1794,1,0,1
1746,1794,1795,0,0,1
1763,1744,1796,0,0,1
1740,1796,1797,0,0,1
619,1760,1798,0,0,1
1783,617,1799,0,0,1
659,1799,1800,0,0,1
1795,1785,1801,0,0,1
1743,1801,1802,0,0,1
1800,1798,1803,0,0,1
1802,653,1804,0,0,1
1797,1804,1805,0,0,1
1803,1741,1806,0,0,1
1784,1806,1805,0,0,0
1756,402,1807,0,0,1,46320
1765,1807,1808,0,0,1
1752,1754,1809,0,0,1
1748,1750,1810,0,0,1
1793,1810,1811,0,0,1
1789,1791,1812,0,0,1
885,1787,1813,0,0,1
1814,1813,1815,1,0,1
1816,1815,1817,1,0,1
1818,1817,1819,1,0,1
1820,1819,1821,1,0,1
1822,1821,1823,1,0,1
1824,1823,1825,1,0,1
421,1826,1827,0,1,1
552,1827,1828,0,0,1
418,1828,1829,0,0,1
415,1829,1830,0,0,1
416,1830,1831,0,0,1
412,1831,1832,0,0,1
410,413,1833,0,0,1
408,1833,1834,0,0,1
406,1834,1835,0,0,1
404,1835,1836,0,0,1
1808,1836,1837,0,0,1
1809,1837,1838,0,0,1
1811,1838,1839,0,0,1
1812,1839,1840,0,0,1
1825,1840,1832,0,0,0
882,886,1841,0,0,1,1270
942,883,1842,0,0,1
879,1842,1843,0,0,1
877,880,1844,0,0,1
874,1844,1845,0,0,1
871,875,1846,0,0,1
868,872,1847,0,0,1
866,869,1848,0,0,1
860,864,1849,0,0,1
857,861,1850,0,0,1
936,858,1851,0,0,1
855,1851,1852,0,0,1
852,1852,1853,0,0,1
850,853,1854,0,0,1
844,848,1855,0,0,1
933,845,1856,0,0,1
841,1856,1857,0,0,1
931,842,1858,0,0,1
838,1858,1859,0,0,1
835,839,1860,0,0,1
832,836,1861,0,0,1
955,833,1862,0,0,1
830,1862,1863,0,0,1
827,1863,1864,0,0,1
928,828,1865,0,0,1
825,1865,1866,0,0,1
822,1866,1867,0,0,1
819,823,1868,0,0,1
817,820,1869,0,0,1
811,815,1870,0,0,1
923,812,1871,0,0,1
809,1871,1872,0,0,1
806,1872,1873,0,0,1
921,807,1874,0,0,1
919,1874,1875,0,0,1
804,1875,1876,0,0,1
800,802,1877,0,0,1
795,798,1878,0,0,1
791,793,1879,0,0,1
1880,789,1881,1,0,1
1882,1881,1883,1,0,1
1884,1883,1885,1,0,1
1886,1885,1887,1,0,1
1888,1887,1889,1,0,1
1890,1891,1892,1,1,1
1893,1894,1895,1,1,1
1896,1897,1898,1,1,1
1899,1900,1901,1,1,1
1902,1903,1904,1,1,1
1905,1906,1907,1,1,1
1908,1907,1909,1,0,1
1910,1911,1912,1,1,1
1913,1912,1914,1,0,1
1915,1914,1916,1,0,1
1917,1916,1918,1,0,1
1919,1920,1921,1,1,1
1922,1921,1923,1,0,1
1924,1923,1925,1,0,1
1926,1927,1928,1,1,1
1929,1928,1930,1,0,1
1931,1932,1933,1,1,1
1934,1935,1936,1,1,1
1937,1936,1938,1,0,1
1939,1938,1940,1,0,1
1941,1940,1942,1,0,1
1943,1944,1945,1,1,1
1946,1947,1948,1,1,1
1949,1948,1950,1,0,1
1951,1952,1953,1,1,1
1954,1953,1955,1,0,1
1956,1957,1958,1,1,1
1959,1958,1960,1,0,1
1961,1962,1963,1,1,1
1816,1963,1964,0,0,1
1814,1964,1965,0,0,1
1841,1965,1966,0,0,1
1843,1966,1967,0,0,1
1845,1967,1968,0,0,1
1846,1968,1969,0,0,1
1847,1969,1970,0,0,1
1850,1849,1971,0,0,1
1854,1853,1972,0,0,1
847,1972,1973,0,0,1
1855,1973,1974,0,0,1
1859,1857,1975,0,0,1
1860,1975,1976,0,0,1
1861,1976,1977,0,0,1
1867,1864,1978,0,0,1
1868,1978,1979,0,0,1
1869,1979,1980,0,0,1
1876,1873,1981,0,0,1
1889,1879,1982,0,0,1
1983,1982,1984,1,0,1
1895,1892,1985,0,0,1
1898,1985,1986,0,0,1
1909,1904,1987,0,0,1
1933,1930,1988,0,0,1
1945,1942,1989,0,0,1
1950,1990,1991,0,1,1
1970,1960,1992,0,0,1
1984,796,1993,0,0,1
1986,1993,1994,0,0,1
1991,1995,1996,0,1,1
1992,1955,1997,0,0,1
1848,1997,1998,0,0,1
863,1998,1999,0,0,1
1971,1999,2000,0,0,1
1994,1878,2001,0,0,1
1996,2002,2003,0,1,1
2000,2003,2004,0,0,1
1974,2004,2005,0,0,1
2001,1877,2006,0,0,1
2007,2006,2008,1,0,1
1901,2008,2009,0,0,1
2005,1989,2010,0,0,1
1977,2010,2011,0,0,1
2009,1981,2012,0,0,1
1987,2012,2013,0,0,1
2011,1988,2014,0,0,1
2013,1870,2015,0,0,1
2014,2016,2017,0,1,1
1980,2017,2018,0,0,1
2015,814,2019,0,0,1
1918,2019,2020,0,0,1
1925,2020,2018,0,0,0
1961,1818,2021,0,0,1,1269
1959,1962,2022,0,0,1
2023,2022,2024,1,0,1
2025,2024,2026,1,0,1
2027,2026,2021,1,0,0
2025,2027,2028,0,0,1,9460
2023,2028,2029,0,0,1
1956,2029,2030,0,0,1
1957,2030,2031,0,0,1
2032,2033,2034,1,1,1
2035,2034,2036,1,0,1
420,2036,2037,0,0,1
1826,2037,2038,0,0,1
1820,1822,2039,0,0,1
2031,2039,2040,0,0,1
2041,2040,2042,1,0,1
2038,2043,2044,0,1,1
1824,2044,2042,0,0,0
1954,2041,2045,0,0,1,9461
1951,2045,2046,0,0,1
1949,1952,2047,0,0,1
1946,2047,2048,0,0,1
1990,1947,2049,0,0,1
1995,2049,2050,0,0,1
2051,2052,2053,1,1,1
2054,2055,2056,1,1,1
2057,2056,2058,1,0,1
2059,2060,2061,1,1,1
2062,2063,2064,1,1,1
2065,2064,2066,1,0,1
2067,2068,2069,1,1,1
2070,2069,2071,1,0,1
2072,2073,2074,1,1,1
434,438,2075,0,0,1
428,432,2076,0,0,1
2077,429,2078,1,0,1
2032,2079,2080,0,1,1
2033,2080,2081,0,0,1
2046,2043,2082,0,0,1
2048,2082,2083,0,0,1
2066,2061,2084,0,0,1
2071,2084,2085,0,0,1
2074,2085,2086,0,0,1
2075,2087,2088,0,1,1
2078,2076,2089,0,0,1
2081,2089,2090,0,0,1
2083,2090,2091,0,0,1
2086,2058,2092,0,0,1
2088,2092,2093,0,0,1
2091,431,2094,0,0,1
2050,2094,2095,0,0,1
2093,2053,2096,0,0,1
435,2096,2095,0,0,0
2079,2035,2097,0,0,1,46320
2077,2097,2098,0,0,1
425,555,2099,0,0,1
423,426,2100,0,0,1
2098,2100,2099,0,0,0
161,123,2101,0,0,1,28752
119,2101,2102,0,0,1
158,120,2103,0,0,1
156,2103,2104,0,0,1
117,2104,2105,0,0,1
115,2105,2106,0,0,1
112,2106,2107,0,0,1
109,113,2108,0,0,1
106,110,2109,0,0,1
2110,2109,2111,1,0,1
2112,2111,2113,1,0,1
2114,2113,2115,1,0,1
2116,2117,2118,1,1,1
2102,2118,2119,0,0,1
2107,2119,2120,0,0,1
2108,2120,2115,0,0,0
582,541,2121,0,0,1,29936
538,2121,2122,0,0,1
536,2122,2123,0,0,1
534,2123,2124,0,0,1
198,2124,540,0,0,0
306,80,2125,0,0,1,30976
370,307,2126,0,0,1
303,2126,2127,0,0,1
367,304,2128,0,0,1
300,2128,2129,0,0,1
364,301,2130,0,0,1
297,2130,2131,0,0,1
361,298,2132,0,0,1
359,2132,2133,0,0,1
294,2133,2134,0,0,1
292,295,2135,0,0,1
290,2135,2136,0,0,1
2137,2136,2138,1,0,1
2139,2138,2140,1,0,1
2141,2140,2142,1,0,1
2143,2142,2144,1,0,1
2145,2144,2146,1,0,1
2147,2146,2148,1,0,1
2149,2148,2150,1,0,1
2151,2150,2152,1,0,1
2153,2152,2154,1,0,1
2155,2154,2156,1,0,1
2157,2156,2158,1,0,1
2159,2158,2160,1,0,1
2161,2160,2162,1,0,1
2163,2162,2164,1,0,1
2165,2164,2166,1,0,1
2167,2166,2168,1,0,1
2169,2168,2170,1,0,1
2171,2170,2172,1,0,1
2173,2172,2174,1,0,1
2175,2174,2176,1,0,1
2177,2176,2178,1,0,1
2179,2178,2180,1,0,1
2181,2180,2182,1,0,1
2183,2182,2184,1,0,1
2185,2186,2187,1,1,1
107,2187,2188,0,0,1
103,2188,2189,0,0,1
100,104,2190,0,0,1
98,101,2191,0,0,1
95,2191,2192,0,0,1
149,96,2193,0,0,1
92,2193,2194,0,0,1
93,2194,2195,0,0,1
89,2195,2196,0,0,1
145,90,2197,0,0,1
87,2197,2198,0,0,1
85,2198,2199,0,0,1
2125,83,2200,0,0,1
2127,2200,2201,0,0,1
2129,2201,2202,0,0,1
2131,2202,2203,0,0,1
2134,2203,2204,0,0,1
2184,2204,2205,0,0,1
2190,2189,2206,0,0,1
2192,2206,2207,0,0,1
2196,2207,2208,0,0,1
2199,2208,2205,0,0,0
1943,2002,2209,0,0,1,1269
1941,1944,2210,0,0,1
1939,2210,2211,0,0,1
1937,2211,2212,0,0,1
1931,1935,2213,0,0,1
1932,2213,2214,0,0,1
1929,2214,2215,0,0,1
2016,1927,2216,0,0,1
1924,2216,2217,0,0,1
2218,1922,2219,1,0,1
2220,2221,2222,1,1,1
2223,2224,2225,1,1,1
2226,2225,2227,1,0,1
2228,2229,2230,1,1,1
2231,2232,2233,1,1,1
0,4,2234,0,0,1
31,33,2235,0,0,1
2236,2235,2237,1,0,1
2238,2237,2239,1,0,1
2240,2239,2241,1,0,1
2242,2241,2243,1,0,1
2244,2243,2245,1,0,1
2246,2245,2247,1,0,1
2248,2247,2249,1,0,1
2063,2250,2251,0,1,1
2057,2060,2252,0,0,1
2054,2252,2253,0,0,1
2051,2055,2254,0,0,1
2052,2254,2255,0,0,1
2209,2255,2256,0,0,1
2212,2256,2257,0,0,1
2215,1934,2258,0,0,1
2219,2217,2259,0,0,1
2260,2259,2261,1,0,1
2222,2261,2262,0,0,1
2227,2262,2263,0,0,1
2234,2264,2265,0,1,1
2249,1,2266,0,0,1
2251,2266,2267,0,0,1
2253,2059,2268,0,0,1
2257,2268,2269,0,0,1
2263,1926,2270,0,0,1
2230,2270,2271,0,0,1
2265,2233,2272,0,0,1
2267,2272,2273,0,0,1
2269,2273,2274,0,0,1
2258,2274,2271,0,0,0
2072,2087,2275,0,0,1,46320
2070,2073,2276,0,0,1
2277,2276,2278,1,0,1
2279,2278,2280,1,0,1
2244,2280,2281,0,0,1
2242,2281,2282,0,0,1
2283,2282,2284,1,0,1
2285,2286,2287,1,1,1
443,2287,2288,0,0,1
588,2288,2289,0,0,1
559,2289,2290,0,0,1
440,2290,2291,0,0,1
2275,437,2292,0,0,1
2284,2292,2291,0,0,0
531,202,2293,0,0,1,50176
218,2293,2294,0,0,1
219,2294,2295,0,0,1
215,2295,2296,0,0,1
212,216,2297,0,0,1
213,2297,2298,0,0,1
210,2298,2299,0,0,1
208,2299,2300,0,0,1
204,206,2301,0,0,1
2296,2301,2300,0,0,0
2065,2068,2302,0,0,1,1268
2062,2302,2303,0,0,1
2250,2303,2304,0,0,1
2248,2304,2305,0,0,1
2279,2246,2306,0,0,1
2277,2306,2307,0,0,1
2067,2307,2305,0,0,0
2240,2283,2308,0,0,1,9460
2309,2308,2310,1,0,1
2311,2310,2312,1,0,1
2313,2312,2314,1,0,1
2315,2316,2317,1,1,1
23,2318,2319,0,1,1
21,2319,2320,0,0,1
2321,2320,2322,1,0,1
2323,2322,2324,1,0,1
448,2324,2325,0,0,1
445,2325,2326,0,0,1
442,2326,2327,0,0,1
2285,2327,2328,0,0,1
2314,2286,2329,0,0,1
2317,2329,2328,0,0,0
2238,2309,2330,0,0,1,9461
29,2236,2331,0,0,1
27,2331,2332,0,0,1
2315,2318,2333,0,0,1
2316,2333,2334,0,0,1
2330,2311,2335,0,0,1
2332,2335,2336,0,0,1
2334,25,2337,0,0,1
2313,2337,2336,0,0,0
2338,2339,2340,1,1,1,1271
2341,2340,2342,1,0,1
2343,2342,2344,1,0,1
2185,2110,2345,0,0,1,31056
2183,2186,2346,0,0,1
2181,2346,2347,0,0,1
2179,2347,2348,0,0,1
2177,2348,2349,0,0,1
2175,2349,2350,0,0,1
2173,2350,2351,0,0,1
2171,2351,2352,0,0,1
2169,2352,2353,0,0,1
2354,2353,2355,1,0,1
2356,2355,2357,1,0,1
2358,2357,2359,1,0,1
2360,2359,2361,1,0,1
2362,2361,2363,1,0,1
2117,2363,2364,0,0,1
2114,2364,2365,0,0,1
2112,2365,2345,0,0,0
2231,2264,2366,0,0,1,46320
2367,2232,2368,1,0,1
2369,2368,2370,1,0,1
2371,2370,2372,1,0,1
2373,2372,2374,1,0,1
2375,2376,2377,1,1,1
2378,2377,2379,1,0,1
2380,2381,2382,1,1,1
2383,2384,2385,1,1,1
2386,2385,2387,1,0,1
2388,2389,2390,1,1,1
2391,2390,2392,1,0,1
2393,2392,2394,1,0,1
2395,2394,2396,1,0,1
2397,2396,2398,1,0,1
2399,2400,2401,1,1,1
2402,2403,2404,1,1,1
2405,2404,2406,1,0,1
2407,2406,2408,1,0,1
2409,2408,2410,1,0,1
2411,2410,2412,1,0,1
466,2412,2413,0,0,1
566,2413,2414,0,0,1
592,2414,2415,0,0,1
463,2415,2416,0,0,1
461,2416,2417,0,0,1
459,2417,2418,0,0,1
456,2418,2419,0,0,1
453,457,2420,0,0,1
451,454,2421,0,0,1
11,2421,2422,0,0,1
9,2422,2423,0,0,1
6,2423,2424,0,0,1
7,2424,2425,0,0,1
3,2425,2426,0,0,1
2366,2426,2427,0,0,1
2379,2374,2428,0,0,1
2387,2382,2429,0,0,1
2401,2398,2430,0,0,1
2419,2430,2431,0,0,1
2420,2431,2432,0,0,1
2428,2427,2433,0,0,1
2429,2433,2434,0,0,1
2435,2434,2432,1,0,0
2226,2229,2436,0,0,1,9460
2223,2436,2437,0,0,1
2438,2437,2439,1,0,1
2371,2439,2440,0,0,1
2369,2440,2441,0,0,1
2367,2441,2228,0,0,0
579,528,2442,0,0,1,29936
524,2442,2443,0,0,1
577,525,2444,0,0,1
601,2444,2445,0,0,1
599,2445,2446,0,0,1
521,2446,2447,0,0,1
522,2447,2448,0,0,1
519,2448,2449,0,0,1
517,2449,2450,0,0,1
515,2450,2451,0,0,1
513,2451,2452,0,0,1
527,223,2453,0,0,1
2443,2453,2452,0,0,0
19,2321,2454,0,0,1,46320
17,2454,2455,0,0,1
562,2455,2456,0,0,1
447,2456,2323,0,0,0
2438,2373,2457,0,0,1,1267
2224,2457,2458,0,0,1
2459,2458,2460,1,0,1
2384,2461,2462,0,1,1
2380,2462,2463,0,0,1
2381,2463,2464,0,0,1
2378,2464,2465,0,0,1
2375,2465,2466,0,0,1
2376,2466,2460,0,0,0
2220,2459,2467,0,0,1,1268
2468,2221,2469,1,0,1
2470,2469,2471,1,0,1
2389,2471,2472,0,0,1
2435,2472,2473,0,0,1
2386,2473,2474,0,0,1
2383,2474,2475,0,0,1
2461,2475,2467,0,0,0
2218,2260,2476,0,0,1,9461
1917,1920,2477,0,0,1
1915,2477,2478,0,0,1
1913,2478,2479,0,0,1
1908,1911,2480,0,0,1
2481,1906,2482,1,0,1
471,2482,2483,0,0,1
2484,2485,2486,1,1,1
2487,2488,2489,1,1,1
2490,2491,2492,1,1,1
2493,2494,2495,1,1,1
2496,2495,2497,1,0,1
2498,2499,2500,1,1,1
2501,2500,2502,1,0,1
2468,2503,2504,0,1,1
2476,2504,2505,0,0,1
1919,2505,2506,0,0,1
2486,2483,2507,0,0,1
2489,2507,2508,0,0,1
2492,2508,2509,0,0,1
2506,2510,2511,0,1,1
2479,2511,2512,0,0,1
2509,1905,2513,0,0,1
2514,2513,2515,1,0,1
2512,2502,2516,0,0,1
1910,2516,2517,0,0,1
2515,2480,2518,0,0,1
2497,2518,2519,0,0,1
2520,2519,2517,1,0,0
2503,2470,2521,0,0,1,9460
2510,2521,2522,0,0,1
2501,2522,2523,0,0,1
2520,2499,2524,0,0,1
2496,2524,2525,0,0,1
2526,2525,2527,1,0,1
2395,2527,2528,0,0,1
2393,2528,2529,0,0,1
2388,2391,2530,0,0,1
2523,2530,2531,0,0,1
2498,2531,2529,0,0,0
2358,2360,2532,0,0,1,28752
2354,2356,2533,0,0,1
2534,2533,2535,1,0,1
2536,2535,2537,1,0,1
2538,2537,2539,1,0,1
2540,2539,2541,1,0,1
2542,2541,2543,1,0,1
2544,2543,2545,1,0,1
2546,2545,2547,1,0,1
2548,2547,2549,1,0,1
2550,2549,2551,1,0,1
2552,2553,2554,1,1,1
2555,2556,2557,1,1,1
2532,2557,2558,0,0,1
2554,2551,2559,0,0,1
2560,2559,2558,1,0,0
2165,2167,2561,0,0,1,28672
2161,2163,2562,0,0,1
2159,2562,2563,0,0,1
2153,2155,2564,0,0,1
2149,2151,2565,0,0,1
2147,2565,2566,0,0,1
2141,2143,2567,0,0,1
2137,2139,2568,0,0,1
288,2568,2569,0,0,1
286,2569,2570,0,0,1
284,2570,2571,0,0,1
282,2571,2572,0,0,1
2573,2572,2574,1,0,1
2575,2574,2576,1,0,1
2577,2576,2578,1,0,1
2579,2578,2580,1,0,1
2581,2580,2582,1,0,1
2583,2582,2584,1,0,1
2585,2586,2587,1,1,1
2588,2589,2590,1,1,1
2591,2590,2592,1,0,1
2593,2594,2595,1,1,1
2596,2597,2598,1,1,1
2599,2600,2601,1,1,1
2548,2601,2602,0,0,1
2546,2602,2603,0,0,1
2544,2603,2604,0,0,1
2540,2542,2605,0,0,1
2536,2538,2606,0,0,1
2561,2534,2607,0,0,1
2563,2607,2608,0,0,1
2157,2608,2609,0,0,1
2564,2609,2610,0,0,1
2566,2610,2611,0,0,1
2145,2611,2612,0,0,1
2567,2612,2613,0,0,1
2584,2613,2614,0,0,1
2587,2614,2615,0,0,1
2592,2615,2616,0,0,1
2595,2616,2617,0,0,1
2618,2617,2619,1,0,1
2604,2598,2620,0,0,1
2605,2620,2621,0,0,1
2606,2621,2619,0,0,0
2514,2494,2622,0,0,1,9460
2490,2622,2623,0,0,1
2484,2488,2624,0,0,1
2485,2624,2625,0,0,1
468,568,2626,0,0,1
2411,465,2627,0,0,1
2407,2409,2628,0,0,1
2399,2403,2629,0,0,1
2397,2400,2630,0,0,1
2526,2630,2631,0,0,1
2493,2631,2632,0,0,1
2626,2625,2633,0,0,1
2627,2633,2634,0,0,1
2632,2629,2635,0,0,1
2623,2635,2636,0,0,1
2634,2487,2637,0,0,1
2628,2637,2638,0,0,1
2636,2402,2639,0,0,1
2638,2491,2640,0,0,1
2405,2640,2639,0,0,0
510,227,2641,0,0,1,50176
240,2641,2642,0,0,1
236,2642,2643,0,0,1
233,237,2644,0,0,1
231,234,2645,0,0,1
2643,229,2646,0,0,1
2644,2646,2645,0,0,0
1515,1632,2647,0,0,1,1273
1512,1516,2648,0,0,1
1510,1513,2649,0,0,1
1508,2649,2650,0,0,1
1506,2650,2651,0,0,1
1627,1502,2652,0,0,1
1499,2652,2653,0,0,1
1496,2653,2654,0,0,1
1497,2654,2655,0,0,1
1494,2655,2656,0,0,1
1491,2656,2657,0,0,1
1489,1492,2658,0,0,1
1487,2658,2659,0,0,1
1483,1485,2660,0,0,1
1479,1481,2661,0,0,1
1475,1477,2662,0,0,1
2663,1473,2664,1,0,1
1550,2664,2665,0,0,1
1547,2665,2666,0,0,1
1544,2666,2667,0,0,1
1545,2667,2668,0,0,1
1541,2668,2669,0,0,1
1542,2669,2670,0,0,1
1538,2670,2671,0,0,1
1539,2671,2672,0,0,1
1535,2672,2673,0,0,1
1536,2673,2674,0,0,1
1532,2674,2675,0,0,1
1533,2675,2676,0,0,1
1530,2676,2677,0,0,1
1527,2677,2678,0,0,1
1528,2678,2679,0,0,1
1525,2679,2680,0,0,1
1521,1523,2681,0,0,1
1634,1519,2682,0,0,1
2647,2682,2683,0,0,1
2648,2683,2684,0,0,1
2651,2684,2685,0,0,1
2657,1501,2686,0,0,1
2659,2686,2687,0,0,1
2660,2687,2688,0,0,1
2661,2688,2689,0,0,1
2662,2689,2690,0,0,1
2681,2680,2691,0,0,1
1518,2691,2692,0,0,1
2685,2692,2693,0,0,1
1504,2693,2690,0,0,0
2560,2556,2694,0,0,1,28832
2552,2694,2695,0,0,1
2553,2695,2696,0,0,1
2599,2550,2697,0,0,1
2698,2697,2699,1,0,1
2700,2699,2701,1,0,1
2702,2701,2703,1,0,1
2704,2703,2705,1,0,1
2706,2705,2707,1,0,1
2708,2707,2696,1,0,0
505,508,2709,0,0,1,29936
573,506,2710,0,0,1
503,2710,2711,0,0,1
501,2711,2712,0,0,1
499,2712,2713,0,0,1
242,2713,2709,0,0,0
1899,1903,2714,0,0,1,9461
2007,1900,2715,0,0,1
2716,2715,2717,1,0,1
2718,2717,2719,1,0,1
2720,2719,2721,1,0,1
2722,2721,2723,1,0,1
2724,2723,2725,1,0,1
2726,2725,2727,1,0,1
470,2728,2729,0,1,1
2481,2729,2730,0,0,1
1902,2730,2731,0,0,1
2714,2731,2727,0,0,0
2732,2575,2733,1,0,1,29440
2734,2733,2735,1,0,1
2736,2737,2738,1,1,1
2739,2738,2740,1,0,1
2741,2742,2743,1,1,1
2744,2745,2746,1,1,1
2747,2748,2749,1,1,1
2750,2751,2752,1,1,1
2753,2754,2755,1,1,1
2756,2755,2757,1,0,1
2758,2757,2759,1,0,1
2760,2761,2762,1,1,1
2763,2764,2765,1,1,1
2706,2765,2766,0,0,1
2704,2766,2767,0,0,1
2702,2767,2768,0,0,1
2700,2768,2769,0,0,1
2698,2769,2770,0,0,1
2600,2770,2771,0,0,1
2596,2771,2772,0,0,1
2597,2772,2773,0,0,1
2618,2773,2774,0,0,1
2593,2774,2775,0,0,1
2594,2775,2776,0,0,1
2591,2776,2777,0,0,1
2588,2777,2778,0,0,1
2589,2778,2779,0,0,1
2585,2779,2780,0,0,1
2583,2586,2781,0,0,1
2581,2781,2782,0,0,1
2577,2579,2783,0,0,1
2735,2783,2784,0,0,1
2740,2784,2785,0,0,1
2786,2785,2787,1,0,1
2743,2787,2788,0,0,1
2789,2788,2790,1,0,1
2791,2790,2792,1,0,1
2746,2793,2794,0,1,1
2795,2794,2796,1,0,1
2749,2797,2798,0,1,1
2752,2799,2800,0,1,1
2759,2800,2801,0,0,1
2762,2801,2802,0,0,1
2780,2802,2803,0,0,1
2792,2782,2804,0,0,1
2796,2804,2805,0,0,1
2798,2805,2803,0,0,0
279,2573,2806,0,0,1,31232
276,280,2807,0,0,1
354,277,2808,0,0,1
352,2808,2809,0,0,1
350,2809,2810,0,0,1
273,2810,2811,0,0,1
2812,2811,2813,1,0,1
2814,2813,2815,1,0,1
2816,2815,2817,1,0,1
2818,2817,2819,1,0,1
2820,2819,2821,1,0,1
2822,2821,2823,1,0,1
2824,2823,2825,1,0,1
2826,2827,2828,1,1,1
2829,2828,2830,1,0,1
2831,2832,2833,1,1,1
2834,2833,2835,1,0,1
2836,2835,2837,1,0,1
2838,2837,2839,1,0,1
2840,2839,2841,1,0,1
2842,2841,2843,1,0,1
2844,2843,2845,1,0,1
2846,2845,2847,1,0,1
2848,2847,2849,1,0,1
2850,2849,2851,1,0,1
2852,2851,2853,1,0,1
2854,2853,2855,1,0,1
2856,2855,2857,1,0,1
2858,2857,2859,1,0,1
2860,2859,2861,1,0,1
2736,2861,2862,0,0,1
2734,2737,2863,0,0,1
2806,2732,2864,0,0,1
2807,2864,2865,0,0,1
2825,2865,2866,0,0,1
2830,2866,2867,0,0,1
2862,2867,2863,0,0,0
2728,473,2868,0,0,1,9460
2722,2724,2869,0,0,1
2718,2720,2870,0,0,1
2871,2872,2873,1,1,1
2874,2873,2875,1,0,1
2876,2877,2878,1,1,1
2879,2878,2880,1,0,1
475,2881,2882,0,1,1
2868,2882,2883,0,0,1
2726,2883,2884,0,0,1
2869,2884,2885,0,0,1
2875,2870,2886,0,0,1
2880,2886,2885,0,0,0
2879,2881,2887,0,0,1,46320
2876,2887,2888,0,0,1
2874,2877,2889,0,0,1
2890,2889,2891,1,0,1
2892,2893,2894,1,1,1
2895,2896,2897,1,1,1
2898,2897,2899,1,0,1
2900,2899,2901,1,0,1
2902,2901,2903,1,0,1
494,2903,2904,0,0,1
571,2904,2905,0,0,1
491,2905,2906,0,0,1
488,2906,2907,0,0,1
485,489,2908,0,0,1
482,486,2909,0,0,1
479,483,2910,0,0,1
477,480,2911,0,0,1
2888,2911,2912,0,0,1
2891,2912,2913,0,0,1
2914,2913,2915,1,0,1
2916,2915,2917,1,0,1
2894,2917,2918,0,0,1
2907,2919,2920,0,1,1
2908,2920,2921,0,0,1
2909,2921,2922,0,0,1
2910,2922,2918,0,0,0
2860,2739,2923,0,0,1,31488
2856,2858,2924,0,0,1
2852,2854,2925,0,0,1
2850,2925,2926,0,0,1
2846,2848,2927,0,0,1
2844,2927,2928,0,0,1
2842,2928,2929,0,0,1
2840,2929,2930,0,0,1
2836,2838,2931,0,0,1
2932,2931,2933,1,0,1
2934,2933,2935,1,0,1
2936,2935,2937,1,0,1
2754,2937,2938,0,0,1
2750,2938,2939,0,0,1
2751,2939,2940,0,0,1
2799,2940,2941,0,0,1
2747,2941,2942,0,0,1
2797,2748,2943,0,0,1
2795,2943,2944,0,0,1
2744,2944,2945,0,0,1
2793,2745,2946,0,0,1
2791,2946,2947,0,0,1
2789,2947,2948,0,0,1
2741,2948,2949,0,0,1
2786,2742,2950,0,0,1
2923,2950,2951,0,0,1
2924,2951,2952,0,0,1
2926,2952,2953,0,0,1
2930,2953,2954,0,0,1
2942,2954,2955,0,0,1
2945,2955,2949,0,0,0
496,246,2956,0,0,1,50176
259,2957,2958,0,1,1
344,2958,2959,0,0,1
256,2959,2960,0,0,1
253,2960,2961,0,0,1
254,2961,2962,0,0,1
250,2962,2963,0,0,1
251,2963,2964,0,0,1
248,2964,2956,0,0,0
1896,2716,2965,0,0,1,1269
1893,1897,2966,0,0,1
1890,1894,2967,0,0,1
2968,1891,2969,1,0,1
2970,2969,2971,1,0,1
2972,2971,2973,1,0,1
2974,2975,2976,1,1,1
2914,2976,2977,0,0,1
2890,2977,2978,0,0,1
2871,2978,2979,0,0,1
2872,2979,2980,0,0,1
2966,2965,2981,0,0,1
2973,2967,2982,0,0,1
2980,2982,2981,0,0,0
274,2812,2983,0,0,1,30208
271,2983,2984,0,0,1
268,2984,2985,0,0,1
265,269,2986,0,0,1
2987,2986,2988,1,0,1
2989,2988,2990,1,0,1
2991,2990,2992,1,0,1
2829,2832,2993,0,0,1
2826,2993,2994,0,0,1
2824,2827,2995,0,0,1
2822,2995,2996,0,0,1
2820,2996,2997,0,0,1
2818,2997,2998,0,0,1
2816,2998,2999,0,0,1
2814,2999,3000,0,0,1
2985,3000,3001,0,0,1
2992,3001,2994,0,0,0
2760,2764,3002,0,0,1,29600
2761,3002,3003,0,0,1
2758,3003,3004,0,0,1
2756,3004,3005,0,0,1
3006,3005,3007,1,0,1
3008,3007,3009,1,0,1
3010,3009,3011,1,0,1
3012,3011,3013,1,0,1
3014,3013,3015,1,0,1
3016,3015,3017,1,0,1
3018,3017,3019,1,0,1
3020,3019,3021,1,0,1
3022,3021,3023,1,0,1
2972,2975,3024,0,0,1,9461
1983,2968,3025,0,0,1
3026,1888,3027,1,0,1
2896,3028,3029,0,1,1
2919,3029,3030,0,0,1
2892,3030,3031,0,0,1
2893,3031,3032,0,0,1
2974,2916,3033,0,0,1
3024,3033,3034,0,0,1
2970,3034,3035,0,0,1
3025,3035,3036,0,0,1
3027,3036,3032,0,0,0
2936,2753,3037,0,0,1,31648
2934,3037,3038,0,0,1
2834,2932,3039,0,0,1
3040,3039,3041,1,0,1
3042,3041,3043,1,0,1
3022,3043,3044,0,0,1
3018,3020,3045,0,0,1
3016,3045,3046,0,0,1
3010,3012,3047,0,0,1
3008,3047,3048,0,0,1
3006,3048,3049,0,0,1
3038,3049,3050,0,0,1
3046,3044,3051,0,0,1
3014,3051,3050,0,0,0
1886,3026,3052,0,0,1,9461
1884,3052,3053,0,0,1
3054,1882,3055,1,0,1
2900,3055,3056,0,0,1
2898,3056,3057,0,0,1
2895,3057,3058,0,0,1
3028,3058,3053,0,0,0
266,2987,3059,0,0,1,28672
263,3059,3060,0,0,1
261,3060,3061,0,0,1
3062,3061,2989,1,0,0