0,1,0,97
1,2,0,-1
2,0,0,1
3,0,1,97
2,3,1,2
4,3,2,96
2,4,2,3
5,4,3,95
2,5,3,4
6,5,4,94
2,6,4,5
7,6,5,93
2,7,5,6
8,7,6,93
2,8,6,7
9,8,7,92
2,9,7,8
10,9,8,91
2,10,8,9
11,10,9,91
2,11,9,10
12,11,10,90
2,12,10,11
13,12,11,89
2,13,11,12
14,13,12,89
2,14,12,13
15,14,13,88
2,15,13,14
16,15,14,88
2,16,14,15
17,16,15,87
2,17,15,16
18,17,16,87
2,18,16,17
19,18,17,86
2,19,17,18
20,19,18,85
2,20,18,19
21,20,19,84
2,21,19,20
22,21,20,83
2,22,20,-1
23,24,21,220
24,1,21,-1
1,23,21,98
25,26,22,219
26,23,22,220
23,25,22,99
27,28,23,255
28,25,23,219
25,27,23,24
29,27,24,218
25,29,24,25
30,29,25,217
25,30,25,100
31,32,26,215
32,33,26,216
33,31,26,27
34,31,27,214
33,34,27,102
35,36,28,212
36,34,28,213
34,35,28,103
37,38,29,210
38,35,29,211
35,37,29,104
39,40,30,209
40,37,30,210
37,39,30,31
41,39,31,208
37,41,31,32
42,41,32,207
37,42,32,105
43,44,33,206
44,42,33,207
42,43,33,34
45,43,34,205
42,45,34,106
46,47,35,247
47,45,35,205
45,46,35,36
48,46,36,204
45,48,36,107
49,50,37,202
50,48,37,203
48,49,37,108
51,52,38,200
52,53,38,201
53,51,38,39
54,51,39,200
53,54,39,40
55,54,40,199
53,55,40,110
56,57,41,198
57,55,41,199
55,56,41,42
58,56,42,197
55,58,42,111
59,60,43,196
60,58,43,197
58,59,43,112
61,62,44,194
62,59,44,195
59,61,44,113
63,64,45,192
64,65,45,193
65,63,45,46
66,63,46,191
65,66,46,115
67,68,47,189
68,69,47,190
69,67,47,48
70,67,48,188
69,70,48,117
71,72,49,186
72,73,49,187
73,71,49,118
74,75,50,184
75,76,50,185
76,74,50,120
77,78,51,182
78,79,51,183
79,77,51,52
80,77,52,181
79,80,52,147
81,82,53,179
82,83,53,180
83,81,53,122
84,85,54,177
85,81,54,178
81,84,54,123
86,87,55,316
87,84,55,176
84,86,55,56
88,86,56,380
84,88,56,57
89,88,57,379
84,89,57,58
90,89,58,378
84,90,58,124
91,92,59,377
92,90,59,378
90,91,59,125
93,94,60,376
94,91,60,377
91,93,60,61
95,93,61,375
91,95,61,126
96,97,62,408
97,98,62,374
98,96,62,63
99,96,63,373
98,99,63,128
100,101,64,372
101,99,64,373
99,100,64,129
102,103,65,417
103,104,65,371
104,102,65,66
105,102,66,370
104,105,66,67
106,105,67,369
104,106,67,131
107,108,68,367
108,109,68,368
109,107,68,69
110,107,69,366
109,110,69,132
111,112,70,364
112,113,70,365
113,111,70,133
114,115,71,363
115,111,71,364
111,114,71,72
116,114,72,362
111,116,72,134
117,118,73,404
118,116,73,362
116,117,73,74
119,117,74,361
116,119,74,135
120,121,75,360
121,119,75,361
119,120,75,76
122,120,76,359
119,122,76,77
123,122,77,358
119,123,77,135
124,125,78,401
125,126,78,357
126,124,78,79
127,124,79,356
126,127,79,136
128,129,80,354
129,130,80,355
130,128,80,137
131,132,81,353
132,128,81,354
128,131,81,138
22,133,82,-1
133,131,82,353
131,22,82,83
131,21,83,84
131,20,84,85
131,19,85,86
131,18,86,139
18,16,87,140
16,14,88,141
14,12,89,90
14,11,90,142
11,9,91,92
11,8,92,143
8,6,93,94
8,5,94,95
8,4,95,96
8,3,96,144
3,1,97,98
3,23,98,99
3,25,99,100
3,30,100,101
33,30,101,216
3,33,101,102
3,34,102,103
3,35,103,104
3,37,104,105
3,42,105,106
3,45,106,107
3,48,107,108
3,49,108,109
53,49,109,201
3,53,109,110
3,55,110,111
3,58,111,112
3,59,112,113
3,61,113,114
65,61,114,193
3,65,114,115
3,66,115,116
69,66,116,190
3,69,116,117
3,70,117,145
73,70,118,187
70,71,118,119
76,71,119,185
70,76,119,120
70,74,120,121
79,74,121,183
70,79,121,146
83,80,122,180
80,81,122,123
80,84,123,124
80,90,124,125
80,91,125,126
80,95,126,127
98,95,127,374
80,98,127,128
80,99,128,129
80,100,129,130
104,100,130,371
80,104,130,131
80,106,131,148
109,106,132,368
106,110,132,149
113,110,133,365
110,111,133,134
110,116,134,149
116,123,135,150
126,123,136,357
123,127,136,151
130,127,137,355
127,128,137,138
127,131,138,139
127,18,139,140
127,16,140,141
127,14,141,142
127,11,142,143
127,8,143,144
127,3,144,145
127,70,145,146
127,79,146,147
127,80,147,148
127,106,148,151
106,116,149,150
106,123,150,151
134,135,152,301
135,24,152,-1
24,134,152,221
136,137,153,300
137,134,153,301
134,136,153,222
138,139,154,298
139,136,154,299
136,138,154,223
140,141,155,297
141,138,155,298
138,140,155,224
142,143,156,296
143,140,156,297
140,142,156,225
144,145,157,294
145,146,157,295
146,144,157,158
147,144,158,293
146,147,158,227
148,149,159,291
149,150,159,292
150,148,159,160
151,148,160,290
150,151,160,229
152,153,161,288
153,154,161,289
154,152,161,230
155,156,162,287
156,152,162,288
152,155,162,163
157,155,163,286
152,157,163,231
158,159,164,285
159,157,164,286
157,158,164,165
160,158,165,284
157,160,165,231
161,162,166,283
162,160,166,284
160,161,166,167
163,161,167,282
160,163,167,168
164,163,168,281
160,164,168,232
165,166,169,280
166,164,169,281
164,165,169,233
167,168,170,313
168,169,170,279
169,167,170,171
170,167,171,278
169,170,171,172
171,170,172,277
169,171,172,234
172,173,173,275
173,171,173,276
171,172,173,174
174,172,174,274
171,174,174,235
87,175,175,316
175,174,175,273
174,87,175,176
174,84,176,177
174,85,177,178
174,81,178,179
174,82,179,236
82,80,180,181
82,77,181,182
82,78,182,237
78,74,183,184
78,75,184,238
75,71,185,186
75,72,186,239
72,70,187,188
72,67,188,189
72,68,189,240
68,66,190,191
68,63,191,192
68,64,192,241
64,61,193,194
64,62,194,195
64,59,195,196
64,60,196,242
60,56,197,198
60,57,198,243
57,54,199,244
54,52,200,245
52,49,201,202
52,50,202,203
52,48,203,204
52,46,204,246
47,43,205,206
47,44,206,248
44,41,207,208
44,39,208,209
44,40,209,249
40,38,210,211
40,35,211,212
40,36,212,213
40,34,213,214
40,31,214,215
40,32,215,250
32,30,216,217
32,29,217,218
32,27,218,254
28,26,219,251
26,24,220,221
26,134,221,222
26,136,222,223
26,138,223,224
26,140,224,225
26,142,225,226
146,142,226,295
26,146,226,227
26,147,227,228
150,147,228,292
26,150,228,229
26,151,229,251
154,151,230,289
151,152,230,252
152,160,231,232
152,164,232,233
152,165,233,252
169,165,234,279
165,171,234,235
165,174,235,236
165,82,236,237
165,78,237,238
165,75,238,239
165,72,239,240
165,68,240,241
165,64,241,242
165,60,242,243
165,57,243,244
165,54,244,245
165,52,245,246
165,46,246,247
165,47,247,248
165,44,248,249
165,40,249,250
165,32,250,253
28,151,251,255
151,165,252,253
151,32,253,254
151,27,254,255
176,177,256,436
177,178,256,-1
178,176,256,257
179,176,257,435
178,179,257,258
180,179,258,435
178,180,258,259
181,180,259,434
178,181,259,260
182,181,260,433
178,182,260,261
183,182,261,433
178,183,261,262
184,183,262,432
178,184,262,263
185,184,263,432
178,185,263,264
186,185,264,431
178,186,264,265
187,186,265,430
178,187,265,266
188,187,266,429
178,188,266,267
189,188,267,428
178,189,267,312
190,191,268,427
191,189,268,428
189,190,268,269
192,190,269,426
189,192,269,303
193,194,270,513
194,192,270,426
192,193,270,271
195,193,271,318
192,195,271,272
175,195,272,317
192,175,272,273
192,174,273,274
192,172,274,275
192,173,275,276
192,171,276,277
192,170,277,278
192,167,278,303
168,165,279,280
168,166,280,304
166,163,281,282
166,161,282,283
166,162,283,304
162,158,284,285
162,159,285,305
159,155,286,287
159,156,287,305
156,153,288,306
153,151,289,290
153,148,290,291
153,149,291,306
149,147,292,293
149,144,293,294
149,145,294,307
145,142,295,296
145,143,296,308
143,141,297,309
141,139,298,299
141,136,299,300
141,137,300,310
137,135,301,302
178,135,302,-1
137,178,302,311
189,167,303,312
168,162,304,314
162,156,305,315
156,149,306,307
156,145,307,308
156,143,308,309
156,141,309,310
156,137,310,311
156,178,311,315
178,167,312,313
178,168,313,314
178,162,314,315
86,175,316,317
86,195,317,318
86,193,318,319
196,193,319,513
86,196,319,320
197,196,320,512
86,197,320,321
198,197,321,511
86,198,321,322
199,198,322,511
86,199,322,323
200,199,323,510
86,200,323,324
201,200,324,509
86,201,324,325
202,201,325,508
86,202,325,380
203,204,326,507
204,202,326,508
202,203,326,381
205,206,327,505
206,207,327,506
207,205,327,383
208,209,328,503
209,205,328,504
205,208,328,329
210,208,329,502
205,210,329,384
211,212,330,500
212,210,330,501
210,211,330,385
213,214,331,497
214,215,331,498
215,213,331,387
216,217,332,494
217,218,332,495
218,216,332,333
219,216,333,493
218,219,333,411
220,221,334,489
221,222,334,490
222,220,334,389
223,224,335,486
224,225,335,487
225,223,335,390
226,227,336,483
227,228,336,484
228,226,336,337
229,226,337,482
228,229,337,391
230,231,338,480
231,229,338,481
229,230,338,392
232,233,339,476
233,234,339,477
234,232,339,340
235,232,340,475
234,235,340,393
236,237,341,472
237,238,341,473
238,236,341,394
239,240,342,470
240,236,342,471
236,239,342,414
241,242,343,467
242,243,343,468
243,241,343,344
244,241,344,466
243,244,344,395
245,246,345,464
246,244,345,465
244,245,345,346
247,245,346,463
244,247,346,396
248,249,347,461
249,247,347,462
247,248,347,397
250,251,348,459
251,248,348,460
248,250,348,349
252,250,349,458
248,252,349,350
253,252,350,457
248,253,350,351
254,253,351,-1
248,254,351,352
133,254,352,-1
248,133,352,398
133,132,353,398
132,129,354,399
129,127,355,356
129,124,356,400
125,123,357,358
125,122,358,359
125,120,359,360
125,121,360,402
121,117,361,403
118,114,362,363
118,115,363,405
115,112,364,406
112,110,365,366
112,107,366,367
112,108,367,407
108,106,368,369
108,105,369,370
108,102,370,407
103,100,371,372
103,101,372,425
101,96,373,421
97,95,374,375
97,93,375,376
97,94,376,408
94,92,377,409
92,89,378,379
92,88,379,409
88,202,380,381
88,203,381,382
207,203,382,506
88,207,382,383
88,205,383,384
88,210,384,385
88,211,385,386
215,211,386,499
88,215,386,387
88,213,387,388
218,213,388,496
88,218,388,410
222,255,389,491
255,220,389,412
225,220,390,488
220,223,390,412
228,223,391,485
223,229,391,392
223,230,392,419
234,256,393,478
256,235,393,413
238,235,394,474
235,236,394,420
243,239,395,469
239,244,395,396
239,247,396,397
239,248,397,414
248,132,398,399
248,129,399,400
248,124,400,401
248,125,401,402
248,121,402,403
248,117,403,404
248,118,404,405
248,115,405,406
248,112,406,415
112,102,407,416
96,94,408,418
94,88,409,410
94,218,410,411
94,219,411,418
255,223,412,423
256,230,413,479
230,235,413,419
236,248,414,415
236,112,415,416
236,102,416,417
236,103,417,420
96,219,418,421
223,235,419,423
235,103,420,424
101,219,421,422
255,219,422,492
101,255,422,425
255,235,423,424
255,103,424,425
194,190,426,427
194,191,427,514
191,188,428,429
191,187,429,430
191,186,430,431
191,185,431,514
185,183,432,533
183,181,433,434
183,180,434,515
180,176,435,515
257,177,436,-1
176,257,436,437
258,257,437,534
176,258,437,438
259,258,438,560
176,259,438,439
260,259,439,559
176,260,439,440
261,260,440,558
176,261,440,441
262,261,441,557
176,262,441,442
263,262,442,556
176,263,442,443
264,263,443,555
176,264,443,516
265,266,444,553
266,264,444,554
264,265,444,445
267,265,445,552
264,267,445,517
268,269,446,550
269,267,446,551
267,268,446,518
270,271,447,547
271,272,447,548
272,270,447,520
273,274,448,543
274,275,448,544
275,273,448,523
276,277,449,540
277,278,449,541
278,276,449,450
279,276,450,561
278,279,450,451
280,279,451,569
278,280,451,525
281,282,452,568
282,280,452,569
280,281,452,526
283,284,453,567
284,281,453,568
281,283,453,454
285,283,454,566
281,285,454,527
286,287,455,565
287,285,455,566
285,286,455,456
253,286,456,-1
285,253,456,457
285,252,457,458
285,250,458,459
285,251,459,460
285,248,460,461
285,249,461,462
285,247,462,463
285,245,463,464
285,246,464,465
285,244,465,466
285,241,466,467
285,242,467,468
285,243,468,469
285,239,469,470
285,240,470,471
285,236,471,472
285,237,472,473
285,238,473,474
285,235,474,475
285,232,475,476
285,233,476,477
285,234,477,478
285,256,478,479
285,230,479,480
285,231,480,481
285,229,481,482
285,226,482,483
285,227,483,484
285,228,484,485
285,223,485,486
285,224,486,487
285,225,487,488
285,220,488,489
285,221,489,490
285,222,490,491
285,255,491,492
285,219,492,493
285,216,493,494
285,217,494,495
285,218,495,496
285,213,496,497
285,214,497,498
285,215,498,499
285,211,499,500
285,212,500,501
285,210,501,502
285,208,502,503
285,209,503,504
285,205,504,505
285,206,505,528
206,203,506,507
206,204,507,529
204,201,508,509
204,200,509,510
204,199,510,530
199,197,511,512
199,196,512,531
196,194,513,532
194,185,514,532
183,176,515,516
183,264,516,517
183,267,517,518
183,268,518,519
272,268,519,549
183,272,519,520
183,270,520,521
288,270,521,546
183,288,521,522
275,288,522,545
183,275,522,523
183,273,523,524
278,273,524,542
183,278,524,525
183,280,525,526
183,281,526,527
183,285,527,528
183,206,528,529
183,204,529,530
183,199,530,531
183,196,531,533
196,185,532,533
289,257,534,-1
258,289,534,560
290,291,535,564
291,289,535,-1
289,290,535,536
292,290,536,563
289,292,536,537
293,292,537,562
289,293,537,538
294,293,538,562
289,294,538,539
276,294,539,561
289,276,539,540
289,277,540,541
289,278,541,542
289,273,542,543
289,274,543,544
289,275,544,545
289,288,545,546
289,270,546,547
289,271,547,548
289,272,548,549
289,268,549,550
289,269,550,551
289,267,551,552
289,265,552,553
289,266,553,554
289,264,554,555
289,263,555,556
289,262,556,557
289,261,557,558
289,260,558,559
289,259,559,560
279,294,561,570
294,292,562,563
294,290,563,571
286,291,564,-1
290,286,564,565
290,287,565,572
287,283,566,567
287,284,567,572
284,282,568,573
282,279,569,570
282,294,570,571
282,290,571,573
290,284,572,573