67.867142,4.498044,0,1,97
67.5,4.9,0,21,97,98
67.5,0.0,0,1,2,3,4,5,6,7,8,9,10,11,12,13,14,15,16,17,18,19,20
68.299497,4.366431,1,2,96,97,98,99,100,101,102,103,104,105,106,107,108,109,110,111,112,113,114,115,116,117,144,145
68.634095,4.066194,2,3,95,96
68.966358,3.73289,3,4,94,95
68.967589,3.665747,4,5,93,94
69.467541,3.466674,5,6,93
69.5009,3.466442,6,7,92,93,94,95,96,143,144
70.033165,2.8671,7,8,91,92
70.333201,2.800553,8,9,91
70.434363,2.800594,9,10,90,91,92,142,143
71.099765,2.133782,10,11,89,90
71.100047,2.067636,11,12,89
71.1686,2.066507,12,13,88,89,90,141,142
71.798922,1.398636,13,14,88
71.966397,1.266208,14,15,87,88,140,141
72.266117,0.9332,15,16,87
72.301251,0.933916,16,17,86,87,139,140
72.631976,0.600193,17,18,85,86
72.632203,0.266735,18,19,84,85
72.666191,0.266531,19,20,83,84
72.666667,0.0,20,82,83
68.167256,7.700229,21,22,98,99,220
67.5,7.166667,21,152,220,221
68.533924,8.067027,22,23,24,25,99,100,219
68.167279,7.733722,22,219,220,221,222,223,224,225,226,227,228,229,251
68.799455,8.299217,23,24,218,254,255
68.532111,8.10071,23,219,251,255
68.96746,8.302245,24,25,217,218
69.299831,8.468239,25,100,101,216,217
70.066351,8.932106,26,27,214,215
69.533894,8.699646,26,215,216,217,218,250,253,254
69.534857,8.632382,26,27,101,102,216
70.166709,8.933115,27,28,102,103,213,214
70.699214,9.300391,28,29,103,104,211,212
70.665985,9.299897,28,212,213
70.901583,9.468658,29,30,31,32,104,105,210
70.832677,9.466731,29,210,211
71.300078,9.866675,30,31,208,209
70.899539,9.600197,30,209,210,211,212,213,214,215,249,250
71.332244,9.866203,31,32,207,208
71.633513,10.099493,32,33,34,105,106,207
72.066185,10.767083,33,34,205,206
71.698139,10.333035,33,206,207,208,209,248,249
72.099227,10.766518,34,35,36,106,107,205
72.398625,11.166586,35,36,204,246,247
72.300294,11.067486,35,205,206,247,248
72.565304,11.167529,36,37,107,108,203,204
72.834441,11.401655,37,108,109,201,202
72.766096,11.399632,37,202,203
73.065825,11.699963,38,39,200
73.001082,11.700249,38,200,201,202,203,204,245,246
72.999183,11.599867,38,39,40,109,110,201
73.400353,12.099561,39,40,199,200,244,245
73.86648,12.566836,40,41,42,110,111,199
74.167366,12.799481,41,42,197,198
73.865874,12.600131,41,198,199,243,244
74.232597,12.800367,42,43,111,112,197
74.567178,13.032959,43,44,112,113,195,196
74.399496,13.035482,43,196,197,198,242,243
75.033724,13.399846,44,113,114,193,194
74.999752,13.399306,44,194,195
75.865563,14.200926,45,46,191,192
75.565903,13.966783,45,192,193,194,195,196,241,242
75.566747,13.932638,45,46,114,115,193
76.100046,14.266512,46,115,116,190,191
76.599521,14.832451,47,48,188,189
76.433371,14.666019,47,189,190,191,192,240,241
76.232801,14.366113,47,48,116,117,190
76.667962,14.832254,48,117,118,119,120,121,145,146,187,188
76.966599,15.134699,49,118,119,185,186
76.865711,15.134537,49,186,187,188,189,239,240
76.866242,15.100007,49,118,187
77.332114,15.432561,50,120,121,183,184
77.200044,15.433133,50,184,185,186,238,239
77.1996,15.366203,50,119,120,185
78.033734,16.134384,51,52,181,182
77.599194,15.700698,51,182,183,184,237,238
77.599248,15.66485,51,52,121,146,147,183
78.067377,16.133956,52,122,123,124,125,126,127,128,129,130,131,147,148,180,181
78.500216,16.666365,53,54,122,123,178,179
78.433732,16.667514,53,179,180,181,182,236,237
78.43268,16.600544,53,122,180
78.899657,17.065763,54,55,56,57,58,123,124,176,177
78.835087,17.066667,54,177,178
79.399842,17.432521,55,56,316,317,318,319,320,321,322,323,324,325,380
79.367043,17.668443,55,175,176,316
80.133584,16.734808,56,57,379,380,381,382,383,384,385,386,387,388,409,410
80.399244,16.168528,57,58,378,379
80.599132,15.666715,58,59,124,125,378
81.166507,15.1326,59,60,61,125,126,377
80.667542,15.666922,59,377,378,379,409
81.29929,14.600482,60,61,375,376
81.199599,15.132828,60,376,377,408,409,410,411,418
81.300029,14.431255,61,126,127,374,375
82.301228,13.232293,62,63,373,408,418,421
81.800346,13.934189,62,374,375,376,408
81.765898,13.932991,62,63,127,128,374
82.833159,12.23333,63,64,128,129,373
82.866432,12.000071,64,129,130,371,372
82.866852,12.233643,64,372,373,421,422,425
83.899407,9.466928,65,66,370,407,416,417
83.700783,10.031623,65,371,372,417,420,424,425
83.667476,10.034644,65,66,67,130,131,371
83.700024,7.833247,66,67,369,370
83.699994,7.467992,67,131,132,148,149,150,151,368,369
84.23307,6.700717,68,69,366,367
83.898804,7.334853,68,367,368,369,370,407
83.832496,7.333393,68,69,132,368
84.233214,6.666208,69,132,133,134,149,365,366
84.467864,6.165913,70,71,72,133,134,364
84.466782,6.399496,70,364,365,366,367,406,407,415,416
84.433709,6.400838,70,133,365
84.901417,5.232887,71,72,362,363
84.699913,5.734759,71,363,364,405,406
84.89814,5.19925,72,73,74,134,135,149,150,362
85.267048,4.899833,73,74,361,403,404
84.966664,5.201626,73,362,363,404,405
85.265933,4.397988,74,75,76,77,135,361
85.501131,3.866349,75,76,359,360
85.298662,4.399741,75,360,361,402,403
85.60106,3.500813,76,77,358,359
85.599457,3.433128,77,135,136,150,151,357,358
86.268191,2.533339,78,79,356,400,401
86.066968,3.032584,78,357,358,359,360,401,402
86.000911,3.034081,78,79,136,357
86.365955,1.7673,79,136,137,138,139,140,141,142,143,144,145,146,147,148,151,355,356
86.834385,0.866869,80,81,137,138,354
86.599248,1.39992,80,354,355,356,399,400
86.566968,1.399797,80,137,355
86.668252,0.599833,81,82,83,84,85,86,138,139,353
86.867217,0.86633,81,353,354,398,399
86.666667,0.0,82,352,353,398
68.166953,9.4654,152,153,221,222,301
67.5,8.8,152,301,302
68.366808,9.499483,153,154,222,223,299,300
68.166152,9.50118,153,300,301,302,310,311
68.765377,9.766494,154,155,223,224,298
68.700475,9.767034,154,298,299
69.400861,10.399356,155,156,224,225,297
69.365564,10.399152,155,297,298,299,300,309,310
69.968203,10.965961,156,225,226,295,296
69.931006,10.966065,156,296,297,308,309
72.134809,13.166621,157,158,293,294
71.100761,12.167366,157,294,295,296,307,308
70.366793,11.366875,157,158,226,227,295
72.166087,13.165706,158,227,228,292,293
72.867588,13.901002,159,160,290,291
72.431877,13.499603,159,291,292,293,294,306,307
72.432047,13.433849,159,160,228,229,292
72.898945,13.901264,160,229,230,251,252,253,254,255,289,290
73.733858,15.266971,161,162,163,230,231,232,233,252,288
72.967008,14.465638,161,288,289,290,291,306
72.967476,14.201771,161,230,289
74.300763,16.665224,162,163,286,287
73.93219,16.297861,162,287,288,305,306,307,308,309,310,311,315
74.334371,16.668155,163,164,165,231,286
74.766974,17.133374,164,165,284,285
74.334036,16.73419,164,285,286,287,305
74.801844,17.132592,165,166,167,168,231,232,284
75.532309,18.165471,166,167,282,283
75.133036,17.800849,166,283,284,285,304,305,314,315
75.568009,18.166595,167,168,281,282
76.198833,18.800409,168,169,232,233,281
77.198652,19.800664,169,233,234,235,236,237,238,239,240,241,242,243,244,245,246,247,248,249,250,252,253,279,280
76.19974,18.865795,169,280,281,282,283,304
78.00013,20.499381,170,171,278,303,312,313
77.566902,20.499747,170,279,280,304,313,314
77.566893,20.467419,170,171,172,234,279
78.265859,19.967295,171,172,277,278
78.500529,19.401081,172,173,174,234,235,276,277
78.600559,18.799349,173,174,274,275
78.533604,19.400255,173,275,276
78.598549,18.498653,174,175,176,177,178,179,235,236,273,274
79.366612,17.697509,175,272,273,316,317
82.066783,22.335351,256,257,435,436,437,438,439,440,441,442,443,515,516
82.066667,22.5,256,436
67.5,22.5,256,257,258,259,260,261,262,263,264,265,266,267,302,311,312,313,314,315
81.999047,22.33387,257,258,435
81.932809,21.934197,258,259,434,435,515
81.766686,21.633207,259,260,433,434
81.700812,21.633701,260,261,433
81.700002,21.234109,261,262,432,433,434,515,516,517,518,519,520,521,522,523,524,525,526,527,528,529,530,531,533
81.466411,20.899199,262,263,432
81.46742,20.798977,263,264,431,432,514,532,533
81.399838,20.799463,264,265,430,431
81.199981,20.46617,265,266,429,430
80.933452,20.09935,266,267,428,429
80.900731,20.100223,267,268,269,303,312,428
80.735205,19.600775,268,269,426,427
80.900631,19.933463,268,427,428,429,430,431,514
80.698878,19.599003,269,270,271,272,273,274,275,276,277,278,303,426
80.333942,18.63269,270,271,318,319,513
80.699505,19.399417,270,426,427,513,514,532
80.30051,18.63393,271,272,317,318
80.365163,18.634417,319,320,512,513,531,532,533
80.534737,18.201514,320,321,511,512
80.533291,18.133771,321,322,511
80.665856,17.999985,322,323,510,511,512,530,531
80.867048,17.433011,323,324,509,510
80.898573,17.233208,324,325,508,509
81.133254,16.766842,325,326,380,381,508
81.233181,16.500556,326,381,382,506,507
81.167176,16.766654,326,507,508,509,510,529,530
81.466399,16.099812,327,328,329,383,384,504,505
81.466743,16.267296,327,505,506,507,528,529
81.400337,16.265875,327,382,383,506
82.202069,15.101489,328,329,502,503
81.834436,15.666723,328,503,504
82.233135,14.731219,329,330,384,385,501,502
82.299542,14.500813,330,385,386,499,500
82.300007,14.733682,330,500,501
82.533993,13.566524,331,387,388,496,497
82.635007,14.03295,331,497,498
82.400064,14.266738,331,386,387,498,499
83.100186,12.000072,332,333,493,494
83.098951,12.466454,332,494,495
82.766501,12.866572,332,333,388,410,411,495,496
83.165851,11.765077,333,411,418,421,422,492,493
83.800595,10.600762,334,389,390,412,488,489
83.800722,10.698743,334,489,490
83.764513,10.700718,334,389,490,491
84.033712,10.065829,335,390,391,392,412,419,423,485,486
84.032755,10.36773,335,486,487
83.999572,10.367436,335,390,487,488
84.267044,9.734092,336,337,482,483
84.266948,9.833477,336,483,484
84.199345,9.832918,336,337,391,484,485
84.500662,9.367519,337,338,391,392,481,482
84.567029,9.133654,338,392,413,419,479,480
84.566466,9.365941,338,480,481
85.500451,7.499634,339,340,475,476
85.399303,8.167406,339,476,477
85.365855,8.167558,339,340,393,477,478
85.498912,7.368529,340,393,394,413,419,420,423,424,474,475
86.199583,6.100058,341,342,394,414,415,416,417,420,471,472
85.867939,6.832625,341,472,473
85.800798,6.83456,341,394,473,474
86.666248,6.099971,342,395,396,397,414,469,470
86.667195,6.132007,342,470,471
87.900635,5.965176,343,344,466,467
87.532269,6.199454,343,467,468
87.068043,6.100452,343,344,395,468,469
87.900696,5.901161,344,345,346,395,396,465,466
88.833352,5.599991,345,346,463,464
88.466427,5.865675,345,464,465
88.834168,5.568327,346,347,396,397,462,463
89.000053,5.49882,347,348,349,350,351,352,397,398,399,400,401,402,403,404,405,406,414,415,460,461
89.001876,5.56815,347,461,462
89.433944,5.433313,348,349,458,459
89.233387,5.499673,348,459,460
89.799446,5.267815,349,350,457,458
90.0,5.1,350,351,456,457
90.0,0.0,351,352
83.499676,11.032483,389,412,422,423,424,425,491,492
84.934805,8.666228,393,413,478,479
84.1,22.5,436,437,534
84.265486,22.167986,437,438,534,560
84.801115,21.699773,438,439,559,560
84.800712,21.633513,439,440,558,559
85.631739,21.033694,440,441,557,558
86.033404,20.565521,441,442,556,557
86.366889,20.232136,442,443,555,556
86.365992,20.198482,443,444,445,516,517,554,555
86.898829,19.832878,444,445,552,553
86.565234,20.100442,444,553,554
87.366104,19.365966,445,446,517,518,551,552
87.498391,19.166472,446,518,519,549,550
87.399792,19.366307,446,550,551
87.733729,18.833403,447,520,521,546,547
87.73233,19.00028,447,547,548
87.665529,18.999323,447,519,520,548,549
88.499022,17.767252,448,523,524,542,543
88.433385,17.999195,448,543,544
88.399736,18.000524,448,522,523,544,545
89.13376,17.00069,449,450,539,540,561
88.832963,17.500558,449,540,541
88.766017,17.501612,449,450,451,524,525,541,542
89.13322,16.834665,450,451,561,569,570
89.233119,16.367824,451,452,525,526,569
89.531878,15.834269,452,453,454,526,527,568
89.300041,16.365593,452,568,569,570,571,573
89.766765,15.3673,453,454,566,567
89.566663,15.834399,453,567,568,572,573
89.766177,15.299423,454,455,456,457,458,459,460,461,462,463,464,465,466,467,468,469,470,471,472,473,474,475,476,477,478,479,480,481,482,483,484,485,486,487,488,489,490,491,492,493,494,495,496,497,498,499,500,501,502,503,504,505,527,528,566
90.0,15.0,455,456,564,565
89.800433,15.298886,455,565,566,567,572
88.067628,18.333136,521,522,545,546
90.0,22.5,534,535,536,537,538,539,540,541,542,543,544,545,546,547,548,549,550,551,552,553,554,555,556,557,558,559,560
89.698866,16.431949,535,536,563,564,565,571,572,573
90.0,16.366667,535,564
89.699689,16.499051,536,537,562,563
89.534257,16.666952,537,538,562
89.466824,16.667323,538,539,561,562,563,570,571