0,1,2,1,1,1,31440
3,2,4,1,0,1
5,6,7,1,1,1
8,7,9,1,0,1
10,11,12,1,1,1
13,12,14,1,0,1
15,16,17,1,1,1
18,17,19,1,0,1
20,19,21,1,0,1
22,21,23,1,0,1
24,25,26,1,1,1
27,28,29,1,1,1
30,29,31,1,0,1
32,33,34,1,1,1
35,36,37,1,1,1
38,39,40,1,1,1
41,42,43,1,1,1
44,43,45,1,0,1
46,45,47,1,0,1
48,49,50,1,1,1
51,52,53,1,1,1
9,4,54,0,0,1
14,54,55,0,0,1
23,55,56,0,0,1
26,56,57,0,0,1
31,57,58,0,0,1
34,58,59,0,0,1
37,59,60,0,0,1
40,60,61,0,0,1
47,61,62,0,0,1
63,62,64,1,0,1
50,64,53,0,0,0
65,66,67,1,1,1,30416
68,67,69,1,0,1
8,11,70,0,0,1
5,70,71,0,0,1
3,6,72,0,0,1
0,72,73,0,0,1
69,73,71,0,0,0
74,75,76,1,1,1,30432
77,76,78,1,0,1
79,78,80,1,0,1
81,80,82,1,0,1
83,82,84,1,0,1
85,84,86,1,0,1
87,86,88,1,0,1
89,88,90,1,0,1
91,90,92,1,0,1
93,92,94,1,0,1
95,94,96,1,0,1
97,96,98,1,0,1
99,100,101,1,1,1
102,101,103,1,0,1
104,103,105,1,0,1
106,105,107,1,0,1
108,107,109,1,0,1
110,109,111,1,0,1
112,111,113,1,0,1
114,113,115,1,0,1
116,117,118,1,1,1
119,120,121,1,1,1
122,123,124,1,1,1
125,126,127,1,1,1
128,127,129,1,0,1
130,131,132,1,1,1
133,132,134,1,0,1
135,136,137,1,1,1
138,137,139,1,0,1
140,141,142,1,1,1
143,144,145,1,1,1
146,147,148,1,1,1
149,150,151,1,1,1
152,153,154,1,1,1
155,156,157,1,1,1
158,157,159,1,0,1
160,161,162,1,1,1
163,162,164,1,0,1
165,166,167,1,1,1
168,167,169,1,0,1
170,171,172,1,1,1
173,174,175,1,1,1
65,176,177,0,1,1
178,177,179,1,0,1
115,180,181,0,1,1
124,121,182,0,0,1
129,182,183,0,0,1
134,184,185,0,1,1
186,185,187,1,0,1
139,187,188,0,0,1
142,188,189,0,0,1
190,189,191,1,0,1
145,191,192,0,0,1
154,151,193,0,0,1
159,194,195,0,1,1
164,195,196,0,0,1
169,196,197,0,0,1
172,197,198,0,0,1
179,175,199,0,0,1
181,98,200,0,0,1
118,200,201,0,0,1
183,201,202,0,0,1
192,202,203,0,0,1
148,203,204,0,0,1
193,204,205,0,0,1
198,205,199,0,0,0
173,176,206,0,0,1,30400
170,174,207,0,0,1
168,171,208,0,0,1
165,208,209,0,0,1
163,166,210,0,0,1
158,161,211,0,0,1
194,156,212,0,0,1
152,212,213,0,0,1
149,153,214,0,0,1
146,150,215,0,0,1
143,147,216,0,0,1
144,216,217,0,0,1
190,217,218,0,0,1
140,218,219,0,0,1
138,141,220,0,0,1
135,220,221,0,0,1
186,136,222,0,0,1
133,222,223,0,0,1
184,131,224,0,0,1
128,224,225,0,0,1
125,225,226,0,0,1
122,126,227,0,0,1
119,123,228,0,0,1
116,120,229,0,0,1
117,229,230,0,0,1
114,230,231,0,0,1
112,231,232,0,0,1
110,232,233,0,0,1
108,233,234,0,0,1
106,234,235,0,0,1
236,235,237,1,0,1
238,237,239,1,0,1
240,239,241,1,0,1
242,241,243,1,0,1
244,243,245,1,0,1
246,245,247,1,0,1
248,247,249,1,0,1
250,249,251,1,0,1
252,251,253,1,0,1
254,253,255,1,0,1
256,255,257,1,0,1
258,257,259,1,0,1
260,259,261,1,0,1
262,261,263,1,0,1
264,263,265,1,0,1
266,267,268,1,1,1
269,270,271,1,1,1
272,273,274,1,1,1
275,276,277,1,1,1
278,277,279,1,0,1
280,281,282,1,1,1
283,284,285,1,1,1
286,285,287,1,0,1
288,289,290,1,1,1
291,292,293,1,1,1
294,293,295,1,0,1
296,295,297,1,0,1
298,299,300,1,1,1
301,302,303,1,1,1
304,305,306,1,1,1
307,306,308,1,0,1
309,310,311,1,1,1
312,313,314,1,1,1
315,316,317,1,1,1
10,318,319,0,1,1
68,319,320,0,0,1
206,320,321,0,0,1
207,321,322,0,0,1
209,322,323,0,0,1
210,323,324,0,0,1
160,324,325,0,0,1
211,325,326,0,0,1
155,326,327,0,0,1
213,327,328,0,0,1
219,215,329,0,0,1
221,329,330,0,0,1
223,330,331,0,0,1
130,331,332,0,0,1
227,226,333,0,0,1
265,228,334,0,0,1
268,334,335,0,0,1
271,335,336,0,0,1
274,336,337,0,0,1
279,337,338,0,0,1
282,338,339,0,0,1
287,339,340,0,0,1
290,340,341,0,0,1
297,341,342,0,0,1
300,342,343,0,0,1
303,343,344,0,0,1
308,344,345,0,0,1
346,345,347,1,0,1
311,347,348,0,0,1
314,348,349,0,0,1
317,349,350,0,0,1
351,350,352,1,0,1
332,214,353,0,0,1
352,333,354,0,0,1
328,354,353,0,0,0
318,13,355,0,0,1,31424
351,355,356,0,0,1
315,356,357,0,0,1
316,357,358,0,0,1
312,358,359,0,0,1
313,359,360,0,0,1
309,360,361,0,0,1
346,310,362,0,0,1
307,362,363,0,0,1
304,363,364,0,0,1
301,305,365,0,0,1
298,302,366,0,0,1
296,299,367,0,0,1
294,367,368,0,0,1
288,292,369,0,0,1
286,289,370,0,0,1
283,370,371,0,0,1
280,284,372,0,0,1
281,372,373,0,0,1
278,373,374,0,0,1
275,374,375,0,0,1
272,276,376,0,0,1
269,273,377,0,0,1
270,377,378,0,0,1
266,378,379,0,0,1
264,267,380,0,0,1
260,262,381,0,0,1
256,258,382,0,0,1
252,254,383,0,0,1
248,250,384,0,0,1
244,246,385,0,0,1
240,242,386,0,0,1
238,386,387,0,0,1
388,387,389,1,0,1
390,389,391,1,0,1
392,391,393,1,0,1
394,393,395,1,0,1
396,395,397,1,0,1
398,399,400,1,1,1
401,402,403,1,1,1
404,405,406,1,1,1
407,408,409,1,1,1
410,411,412,1,1,1
413,414,415,1,1,1
416,417,418,1,1,1
419,418,420,1,0,1
421,422,423,1,1,1
424,425,426,1,1,1
427,428,429,1,1,1
430,431,432,1,1,1
433,434,435,1,1,1
436,437,438,1,1,1
439,438,440,1,0,1
441,442,443,1,1,1
444,443,445,1,0,1
446,445,447,1,0,1
448,449,450,1,1,1
451,452,453,1,1,1
454,455,456,1,1,1
457,458,459,1,1,1
52,459,460,0,0,1
48,460,461,0,0,1
49,461,462,0,0,1
63,462,463,0,0,1
46,463,464,0,0,1
44,464,465,0,0,1
41,465,466,0,0,1
42,466,467,0,0,1
38,467,468,0,0,1
39,468,469,0,0,1
35,469,470,0,0,1
36,470,471,0,0,1
32,471,472,0,0,1
30,33,473,0,0,1
24,28,474,0,0,1
22,25,475,0,0,1
20,475,476,0,0,1
18,476,477,0,0,1
361,16,478,0,0,1
368,366,479,0,0,1
371,369,480,0,0,1
375,480,481,0,0,1
379,376,482,0,0,1
381,380,483,0,0,1
382,483,484,0,0,1
384,383,485,0,0,1
385,485,486,0,0,1
397,486,487,0,0,1
400,487,488,0,0,1
403,488,489,0,0,1
406,489,490,0,0,1
409,491,492,0,1,1
415,493,494,0,1,1
420,494,495,0,0,1
423,496,497,0,1,1
426,498,499,0,1,1
429,499,500,0,0,1
432,500,501,0,0,1
435,502,503,0,1,1
440,503,504,0,0,1
447,504,505,0,0,1
450,506,507,0,1,1
453,507,508,0,0,1
456,508,509,0,0,1
472,509,510,0,0,1
473,510,511,0,0,1
27,511,512,0,0,1
474,512,513,0,0,1
477,513,514,0,0,1
15,514,515,0,0,1
478,515,516,0,0,1
364,516,517,0,0,1
365,517,518,0,0,1
479,518,519,0,0,1
291,519,520,0,0,1
481,520,521,0,0,1
482,521,522,0,0,1
484,522,523,0,0,1
490,523,524,0,0,1
492,524,525,0,0,1
412,525,526,0,0,1
495,526,527,0,0,1
497,527,528,0,0,1
501,528,505,0,0,0
104,236,529,0,0,1,31456
102,529,530,0,0,1
531,530,532,1,0,1
533,532,534,1,0,1
535,534,536,1,0,1
537,536,538,1,0,1
539,540,541,1,1,1
542,543,544,1,1,1
545,546,547,1,1,1
548,549,550,1,1,1
551,552,553,1,1,1
554,555,556,1,1,1
557,556,558,1,0,1
559,560,561,1,1,1
562,561,563,1,0,1
564,565,566,1,1,1
567,568,569,1,1,1
570,571,572,1,1,1
573,574,575,1,1,1
576,577,578,1,1,1
579,580,581,1,1,1
582,583,584,1,1,1
585,584,586,1,0,1
587,588,589,1,1,1
590,589,591,1,0,1
592,593,594,1,1,1
595,594,596,1,0,1
597,598,599,1,1,1
600,601,602,1,1,1
603,602,604,1,0,1
605,604,606,1,0,1
607,606,608,1,0,1
609,608,610,1,0,1
458,610,611,0,0,1
454,611,612,0,0,1
455,612,613,0,0,1
451,613,614,0,0,1
452,614,615,0,0,1
448,615,616,0,0,1
449,616,617,0,0,1
506,617,618,0,0,1
446,618,619,0,0,1
444,619,620,0,0,1
441,620,621,0,0,1
442,621,622,0,0,1
439,622,623,0,0,1
436,623,624,0,0,1
437,624,625,0,0,1
433,625,626,0,0,1
502,434,627,0,0,1
430,627,628,0,0,1
431,628,629,0,0,1
427,629,630,0,0,1
424,428,631,0,0,1
498,425,632,0,0,1
421,632,633,0,0,1
496,422,634,0,0,1
419,634,635,0,0,1
416,635,636,0,0,1
413,417,637,0,0,1
493,414,638,0,0,1
410,638,639,0,0,1
411,639,640,0,0,1
407,640,641,0,0,1
491,408,642,0,0,1
404,642,643,0,0,1
405,643,644,0,0,1
401,644,645,0,0,1
398,402,646,0,0,1
396,399,647,0,0,1
392,394,648,0,0,1
390,648,649,0,0,1
388,649,650,0,0,1
538,650,651,0,0,1
541,651,652,0,0,1
653,652,654,1,0,1
544,654,655,0,0,1
656,655,657,1,0,1
658,657,659,1,0,1
547,659,660,0,0,1
550,660,661,0,0,1
662,661,663,1,0,1
553,663,664,0,0,1
558,664,665,0,0,1
563,665,666,0,0,1
667,666,668,1,0,1
566,669,670,0,1,1
569,671,672,0,1,1
572,673,674,0,1,1
575,674,675,0,0,1
676,675,677,1,0,1
578,677,678,0,0,1
591,586,679,0,0,1
596,679,680,0,0,1
599,680,681,0,0,1
626,681,682,0,0,1
630,682,683,0,0,1
631,683,684,0,0,1
633,684,685,0,0,1
636,685,686,0,0,1
637,686,687,0,0,1
641,687,688,0,0,1
645,688,689,0,0,1
647,646,690,0,0,1
668,690,691,0,0,1
670,691,692,0,0,1
672,692,693,0,0,1
694,693,695,1,0,1
678,695,696,0,0,1
581,696,689,0,0,0
180,100,697,0,0,1,28896
95,97,698,0,0,1
93,698,699,0,0,1
91,699,700,0,0,1
89,700,701,0,0,1
85,87,702,0,0,1
81,83,703,0,0,1
79,703,704,0,0,1
705,74,706,1,0,1
707,706,708,1,0,1
709,708,710,1,0,1
711,710,712,1,0,1
713,712,714,1,0,1
715,714,716,1,0,1
717,716,718,1,0,1
719,718,720,1,0,1
721,722,723,1,1,1
724,723,725,1,0,1
726,727,728,1,1,1
729,730,731,1,1,1
732,733,734,1,1,1
735,736,737,1,1,1
738,737,739,1,0,1
740,739,741,1,0,1
742,743,744,1,1,1
745,746,747,1,1,1
748,747,749,1,0,1
750,751,752,1,1,1
753,752,754,1,0,1
605,754,755,0,0,1
603,755,756,0,0,1
600,756,757,0,0,1
601,757,758,0,0,1
597,758,759,0,0,1
598,759,760,0,0,1
595,760,761,0,0,1
592,761,762,0,0,1
593,762,763,0,0,1
590,763,764,0,0,1
587,764,765,0,0,1
588,765,766,0,0,1
585,766,767,0,0,1
582,767,768,0,0,1
583,768,769,0,0,1
579,769,770,0,0,1
580,770,771,0,0,1
576,771,772,0,0,1
577,772,773,0,0,1
676,773,774,0,0,1
573,774,775,0,0,1
574,775,776,0,0,1
570,776,777,0,0,1
571,777,778,0,0,1
673,778,779,0,0,1
694,779,780,0,0,1
567,780,781,0,0,1
568,781,782,0,0,1
671,782,783,0,0,1
564,783,784,0,0,1
565,784,785,0,0,1
669,785,786,0,0,1
667,786,787,0,0,1
562,787,788,0,0,1
559,788,789,0,0,1
560,789,790,0,0,1
557,790,791,0,0,1
554,791,792,0,0,1
555,792,793,0,0,1
551,793,794,0,0,1
552,794,795,0,0,1
662,795,796,0,0,1
548,796,797,0,0,1
549,797,798,0,0,1
545,798,799,0,0,1
546,799,800,0,0,1
658,800,801,0,0,1
656,801,802,0,0,1
542,802,803,0,0,1
653,543,804,0,0,1
539,804,805,0,0,1
537,540,806,0,0,1
535,806,807,0,0,1
533,807,808,0,0,1
99,531,809,0,0,1
697,809,810,0,0,1
701,810,811,0,0,1
702,811,812,0,0,1
704,812,813,0,0,1
77,813,814,0,0,1
720,814,815,0,0,1
725,815,816,0,0,1
728,816,817,0,0,1
818,817,819,1,0,1
731,819,820,0,0,1
821,820,822,1,0,1
823,822,824,1,0,1
734,824,825,0,0,1
826,825,827,1,0,1
741,827,828,0,0,1
744,828,829,0,0,1
749,829,830,0,0,1
803,830,831,0,0,1
805,831,808,0,0,0
832,707,833,1,0,1,31456
834,835,836,1,1,1
837,836,838,1,0,1
839,838,840,1,0,1
841,840,842,1,0,1
843,842,844,1,0,1
735,844,845,0,0,1
736,845,846,0,0,1
826,846,847,0,0,1
732,847,848,0,0,1
733,848,849,0,0,1
823,849,850,0,0,1
821,850,851,0,0,1
729,851,852,0,0,1
730,852,853,0,0,1
818,853,854,0,0,1
726,854,855,0,0,1
727,855,856,0,0,1
724,856,857,0,0,1
721,857,858,0,0,1
722,858,859,0,0,1
719,859,860,0,0,1
717,860,861,0,0,1
715,861,862,0,0,1
713,862,863,0,0,1
711,863,864,0,0,1
709,864,833,0,0,0
843,738,865,0,0,1,30432
839,841,866,0,0,1
837,866,867,0,0,1
868,834,869,1,0,1
750,869,870,0,0,1
748,751,871,0,0,1
745,871,872,0,0,1
742,746,873,0,0,1
740,743,874,0,0,1
865,874,875,0,0,1
867,875,876,0,0,1
872,870,877,0,0,1
873,877,876,0,0,0