-22.465925,-75.499138,0,1,755,756,975,976,977,982
-22.5,-75.5,0,756
-22.5,-75.566667,0,1,2,206,207,750
-22.132646,-75.500109,1,2,981,982
-21.565785,-75.433052,2,3,207,208,980,981,1409
-20.932884,-75.299156,3,208,284,285,1407,1408
-21.067504,-75.301866,3,1408,1409,1410
-21.366396,-75.099637,4,286,287,316,317,1306,1403,1404
-21.000562,-75.166877,4,1404,1405
-20.566992,-75.166804,4,315,316,1405,1406
-22.467853,-75.165947,5,6,209,760,761,762,763
-22.266481,-75.164675,5,761,1031,1032
-22.034058,-75.131508,5,209,210,211,286,1032,1033,1306,1307,1308
-22.333205,-75.132269,6,7,209,210,758,759
-22.466099,-75.131395,6,759,760
-22.132391,-75.100054,7,8,9,10,11,12,13,210,211,767,768
-22.333221,-75.098273,7,757,758,768,769
-21.600773,-74.966617,8,9,778,779
-21.900112,-74.966265,8,767,779,780
-21.533572,-74.96748,9,10,778,1445,1452
-21.433673,-74.968543,10,11,1451,1452
-21.200083,-75.033346,11,12,1450,1451,1564
-21.199451,-75.066064,12,13,1564,1566,1567
-20.899469,-75.066271,13,14,211,286,287,1566
-20.668686,-75.067213,14,15,287,288,317,318,1565
-20.900558,-75.034036,14,1565,1566,1567
-20.631898,-74.734554,15,16,17,212,213,214,215,288,1448,1449
-20.767012,-74.867566,15,1449,1450,1564,1565,1567
-21.099604,-74.632315,16,17,775,776,1446,1447
-21.099272,-74.700497,16,1447,1448
-20.999143,-74.632814,17,18,212,775,1599,1600,1603
-20.633313,-74.666281,18,212,213,1601,1602
-20.632762,-74.635378,18,1602,1603
-19.501194,-74.666339,19,20,1840
-19.932265,-74.601124,19,1744,1745,1836,1837,1838,1839,1840
-20.101558,-74.666442,19,20,214,215,1745
-19.367144,-74.666861,20,21,215,288,318,319,1839,1840
-19.1001,-74.433596,21,22,23,319,332,335,336,337,341,342,1844,1845
-19.366684,-74.533214,21,1838,1839,1845,1846
-19.400493,-74.300371,22,23,1842,1843
-19.20145,-74.433014,22,1843,1844
-19.399407,-74.265533,23,24,25,333,336,1841,1842
-19.700175,-74.266946,24,25,1832,1833
-19.566293,-74.267794,24,1833,1834,1841
-19.899482,-74.266234,25,320,321,322,333,1740,1741,1831,1832
-21.032304,-74.466166,26,27,774,775,776,784,785,1599
-20.400055,-74.433744,26,1599,1600,1738,1739
-20.200842,-74.268358,26,27,216,217,289,320,1739,1740
-21.934433,-74.599413,27,28,29,216,774
-22.034457,-74.533798,28,29,772,773,793,799,800
-22.067718,-74.634558,28,773,774,783,784
-21.832896,-74.400166,29,216,217,792,793
-22.46553,-74.299653,30,31,218,791,809,810
-22.466437,-74.33326,30,791,792,793,798,799
-21.833956,-74.365497,30,217,218,219,220,221,222,223,224,225,289,792
-22.267203,-74.300376,31,218,219,807,808
-22.266958,-74.267044,31,808,809
-22.267184,-74.100657,32,33,34,35,36,220,221,806
-22.23353,-74.200749,32,806,807,808,809,810,811
-22.100218,-74.30061,32,219,220,807
-22.5,-74.1,33,34,805
-22.266423,-74.167888,33,805,806,811
-22.5,-74.066667,34,35,812,813,814,815
-22.265957,-74.031826,35,36,815,999
-21.999387,-73.999457,36,37,38,39,221,222,998,999,1001
-21.866729,-73.900025,37,38,996,997,1345
-22.001219,-73.932988,37,997,998
-21.866952,-74.001281,38,39,1345,1346,1347,1348,1349,1350,1380
-21.866659,-74.032829,39,222,223,1380,1386
-21.301276,-73.998588,40,41,42,224,225,1383,1384
-21.500783,-74.000405,40,1384,1385
-21.500598,-74.034891,40,223,224,1385,1386
-20.934779,-73.933414,41,42,1483,1604,1605,1606,1607
-21.300457,-73.965437,41,1382,1383,1479,1480,1481,1482,1483
-20.266543,-73.867079,42,43,225,289,320,321,1607
-20.46616,-73.467308,43,226,227,228,229,230,231,290,291,292,293,294,321,322,1495,1496
-20.467414,-73.763643,43,1496,1497,1606,1607
-22.034416,-73.334234,44,45,46,47,48,49,50,226,227,821,825,826,1114,1115
-21.533861,-73.500528,44,1115,1116,1433,1434
-21.266421,-73.467117,44,226,1434,1435,1495
-22.5,-72.966667,45,46,827,828,830
-22.5,-73.3,45,821
-22.43327,-72.966924,46,47,829,830
-22.399634,-72.967736,47,48,829,1002,1003,1008,1009,1010
-22.232962,-72.965143,48,49,1008
-22.232873,-72.933627,49,50,1007,1008,1010
-21.967045,-72.933529,50,227,228,1006,1007
-22.100685,-72.799296,51,52,1004,1005
-22.198883,-72.799494,51,1005,1006,1007,1009,1010
-21.966419,-72.867695,51,52,228,229,1006
-22.100041,-72.734023,52,53,229,230,1004
-22.167064,-72.701223,53,54,55,56,230,231,831,832,835
-22.166686,-72.733288,53,832,1003,1004,1005,1009
-22.5,-72.6,54,55,836,839
-22.5,-72.7,54,831
-22.300497,-72.566926,55,56,838,839
-22.234978,-72.466561,56,231,232,233,290,837,838
-22.5,-72.433333,57,58,836
-22.36872,-72.468476,57,836,837,838,839
-22.365775,-72.433106,57,58,59,232,837
-22.5,-72.3,58,59,842,843
-22.300001,-72.300781,59,60,232,233,842
-22.134269,-72.267733,60,233,290,291,840,841
-22.299776,-72.232772,60,841,842,843,844
-22.5,-72.166667,61,62,843,844
-22.200269,-72.233729,61,840,841,844
-22.133683,-72.23235,61,62,63,64,291,292,840
-22.5,-71.633333,62,63,845,846,847,848
-22.433914,-71.633732,63,64,848
-22.432818,-71.599702,64,65,234,235,236,237,238,239,240,292,293,847,848
-22.467633,-71.567441,65,66,67,68,69,70,71,72,234,845,846
-22.467072,-71.599765,65,846,847
-22.5,-71.333333,66,67,849,850,854
-22.5,-71.566667,66,845
-22.46741,-71.331765,67,68,853,854
-22.465496,-71.23298,68,69,852,853
-22.432095,-71.233749,69,70,851,852,864,865
-22.334433,-71.400004,70,71,863,864
-22.201233,-71.466381,71,72,862,863,1049,1050
-21.900136,-71.63312,72,73,74,234,235,1049,1236
-21.533558,-71.765763,73,74,1234,1235
-21.799099,-71.634745,73,1235,1236,1237,1284
-21.533149,-71.800148,74,235,236,1233,1234
-21.100866,-72.065723,75,76,237,238,1232
-21.099166,-71.967066,75,1232,1233,1234,1235,1284,1292
-21.166727,-71.966725,75,236,237,1233
-20.767635,-72.400677,76,77,78,238,239,1231
-20.967809,-72.066485,76,1231,1232,1283,1292,1293,1294,1295,1296,1297,1298,1299,1300,1301,1304
-20.365086,-72.799662,77,78,1229,1230
-20.464636,-72.600318,77,1230,1231,1283
-19.999903,-73.299298,78,239,240,1228,1229
-18.667087,-74.099475,79,80,1225,1226
-18.934207,-73.867442,79,1226,1227,1228,1229,1230,1282,1283,1303,1304,1305
-19.266525,-73.734351,79,80,81,82,83,84,85,294,322,333,336,337,1227
-18.498665,-74.366322,80,81,1224,1225
-18.267147,-74.767933,81,82,1223,1224,1964
-18.301255,-74.834859,82,83,1964,1968
-18.200351,-75.033502,83,84,1911,1912,1967,1968
-18.898907,-75.032576,84,85,1911
-18.833901,-75.299256,85,241,242,243,337,342,343,1911,1912,1913,1919,1920,1921
-18.098078,-75.26603,86,87,1971,1972
-18.232477,-75.265673,86,1918,1969,1970,1972
-18.399637,-75.300638,86,87,88,241,1918,1919
-18.099686,-75.300728,87,88,1220,1221,1971
-18.06473,-75.733022,88,89,90,91,241,242,1220
-17.999685,-76.10026,89,90,1219,1277,1278
-18.033035,-75.733876,89,1220,1221,1222,1278,1279
-18.03448,-76.100967,90,91,1218,1219
-18.198859,-76.93355,91,242,243,1217,1218
-17.533178,-77.232249,92,93,244,1216
-17.933974,-77.100189,92,1216,1217,1218,1219,1276,1277
-18.199214,-77.067239,92,243,244,245,246,343,344,345,1217
-17.000299,-77.501418,93,94,244,245,1215
-17.399284,-77.233546,93,1215,1216,1275,1276
-16.600025,-77.699281,94,95,245,246,1213,1214
-16.867229,-77.500398,94,1214,1215,1274,1275
-15.733859,-78.067256,95,96,246,247,248,249,338,339,340,344,1212
-15.733517,-77.999932,95,1212,1213
-14.833981,-78.232638,96,97,247,1211
-15.201457,-78.133473,96,1211,1212,1213,1214,1273,1274
-14.367102,-78.333356,97,247,248,1209,1210
-14.368023,-78.300413,97,1210,1211,1272,1273
-13.567328,-78.600704,98,99,1207,1208
-13.79879,-78.433475,98,1208,1209,1210,1271,1272
-13.900061,-78.433267,98,99,248,249,1209
-13.568306,-78.632468,99,100,249,295,334,338,1207
-13.266329,-78.667371,100,101,250,295,1206
-13.267286,-78.633419,100,1206,1207,1208,1270,1271
-12.8329,-78.698625,101,102,103,104,250,1205
-12.83276,-78.666825,101,1205,1206,1269,1270
-11.830885,-78.833445,102,103,1203,1204
-12.333492,-78.700364,102,1204,1205,1268,1269
-11.266181,-79.065984,103,104,1202,1203
-11.267041,-79.100616,104,105,250,295,296,323,324,325,326,327,328,334,1201,1202
-9.999719,-78.999027,105,106,251,296,1200
-10.232392,-78.999367,105,1200,1201
-9.365878,-78.932971,106,107,251,1199
-10.001198,-78.965844,106,1199,1200,1201,1202,1203,1204,1267,1268
-8.09852,-78.899693,107,108,251,296,297,298,299,300,301,302,303,323,1198
-9.368085,-78.900732,107,1198,1199,1266,1267
-7.733642,-78.86642,108,252,253,254,297,1196,1197
-8.099011,-78.867452,108,1197,1198,1265,1266
-6.833351,-78.66642,109,110,1194,1195
-7.464838,-78.766755,109,1195,1196,1197,1264,1265
-7.46714,-78.798978,109,110,111,112,113,114,252,1196
-6.234396,-78.633033,110,111,1193,1194
0.0,-78.633333,111,112,1192,1193
0.0,-81.3,112,113,444,445
-7.033346,-81.29948,113,114,443,444
-7.865443,-81.500224,114,115,252,253,443
-8.56581,-81.534044,115,116,253,254,442
-7.866732,-81.533495,115,442,443,444,445,446,467,468
-9.99943,-81.566396,116,117,254,255,256,257,297,298,441
-8.566019,-81.566569,116,441,442,466,467
-10.13261,-81.733123,117,118,119,120,255,440
-10.00143,-81.600697,117,440,441,466
-12.266932,-81.632162,118,119,438,439,2168,2169
-10.132418,-81.766668,118,439,440,465,466,467,468,469,472,473
-12.166939,-81.630846,119,120,2167,2168,2200
-11.565748,-81.401003,120,121,255,256,2199,2200,2201,2203
-13.332213,-81.033865,121,122,123,256,257,2176,2177,2178,2179,2180
-12.501013,-81.267059,121,2177,2198,2199
-14.565264,-80.965465,122,123,2090,2091,2092,2098,2099
-13.500338,-81.03252,122,2091,2175,2176
-14.200578,-80.833283,123,257,298,299,2089,2090
-15.399261,-80.667171,124,125,258,259,260,300,301,2001,2002,2003,2004,2005
-15.399913,-80.700674,124,2002,2052,2053
-15.365919,-80.698604,124,258,2053,2054
-16.232564,-80.632926,125,126,127,128,259,1999,2000
-16.234758,-80.666931,125,2000,2001
-16.832776,-80.56738,126,127,1510,1979,1980
-16.767108,-80.66621,126,1510,1511,1998,1999
-16.466081,-80.466454,127,128,1978,1979
-16.168373,-80.43442,128,259,260,1977,1978
-18.033583,-80.200744,129,130,1631,1632,1973,1974
-17.267658,-80.267394,129,1974,1975,1976,1977,1978,1979,1980,1981
-17.266306,-80.234587,129,130,131,261,1975
-18.09963,-80.033411,130,131,1631,1927
-17.331386,-79.966957,131,132,261,262,1926,1927,1928,1929,1930,1931
-17.866091,-79.731115,132,262,263,264,303,323,324,1924,1925
-17.866127,-79.765836,132,1925,1926
-18.566773,-79.700655,133,134,1628,1629,1645,1646,1923
-18.500172,-79.734506,133,1923,1924,1925,1926,1931
-18.165125,-79.699515,133,134,135,263,1924
-19.232253,-79.665446,134,135,602,603,1628
-19.433221,-79.499698,135,136,137,138,139,263,264,602
-19.666881,-79.166411,136,137,601,614,615,620,621
-19.49964,-79.500494,136,602,603,604,615
-19.434118,-79.26588,137,138,600,601
-19.299319,-79.268121,138,139,599,600
-18.999955,-79.16754,139,140,141,142,264,304,324,325,599
-19.59952,-79.13247,140,141,598,614,620,1357,1358
-19.199044,-79.200935,140,599,600,601,614
-19.801388,-79.099089,141,142,1356,1357,1681
-19.833546,-78.866657,142,143,144,265,304,1680,1681,1682
-20.665952,-78.633346,143,144,1545,1546
-20.299886,-78.833649,143,1546,1547,1548,1549,1679,1680
-20.666815,-78.600449,144,145,146,147,148,149,265,1544,1545
-21.134217,-78.500434,145,146,1312,1416,1417
-20.900783,-78.601197,145,1312,1313,1543,1544
-21.133097,-78.432463,146,147,1415,1416
-21.333007,-78.268116,147,148,1414,1415
-21.400787,-78.165504,148,149,1333,1334,1413,1414
-21.466362,-78.033558,149,265,304,325,326,1332,1333
-21.599842,-78.300376,150,151,1413,1414,1415,1416,1417,1418,1419,1420
-21.666993,-78.200621,150,1334,1413
-21.933682,-78.065087,150,151,152,153,154,266,1331,1332,1333,1334
-21.600193,-78.400862,151,152,670,1420
-22.065871,-78.032841,152,153,669,670,679,680
-22.132294,-77.532729,153,154,668,669,695,696
-21.968194,-77.500333,154,155,266,305,306,694,695,1321
-21.400352,-77.765144,155,306,307,1465,1466
-21.26597,-77.666452,155,1321,1322,1323,1326,1459,1460,1461,1462,1463,1466
-19.766752,-77.766654,156,267,309,328,334,338,339,1685
-20.299933,-77.833106,156,1685,1686
-20.533536,-77.900279,156,267,1583,1584,1683,1684,1686
-20.533268,-77.667029,157,158,1582,1583,1683
-19.866542,-77.666502,157,1683,1684
-19.733939,-77.666217,157,158,268,269,270,309,1684,1685,1686
-20.699384,-77.666835,158,159,160,161,162,163,164,268,1464,1582
-20.932465,-77.567037,159,160,1462,1463
-20.831623,-77.667374,159,1463,1464,1465,1466
-20.934508,-77.466147,160,161,1461,1462,1597,1598
-20.732155,-77.432173,161,162,1596,1597
-20.499844,-77.333433,162,163,1595,1596
-19.933066,-77.332406,163,164,1595,1828,1829
-19.76594,-77.333231,164,165,166,167,268,269,1828
-19.233743,-77.133033,165,166,1826,1827
-19.765565,-77.298813,165,1827,1828,1829,1830
-19.032895,-77.233287,166,167,1825,1826
-18.966659,-77.300426,167,168,269,270,1824,1825
-18.499283,-77.265897,168,169,270,309,339,340,1822,1823
-18.966924,-77.267178,168,1823,1824
-18.267045,-77.066033,169,340,344,345,1820,1821
-18.302017,-77.065791,169,1821,1822
-19.135286,-76.832756,170,171,1817,1818
-19.13248,-76.867957,170,1818,1819,1820,1821,1822,1823,1824,1825,1826,1827,1830
-18.733351,-76.733949,170,171,271,272,273,274,275,310,311,329,1819
-19.63321,-76.864762,171,172,173,271,1816,1817
-20.167675,-76.967212,172,173,1746,1747,1748,1749,1750
-19.832702,-76.934297,172,1747,1816
-20.3661,-76.932738,173,174,175,271,272,1746
-20.398965,-76.966749,174,175,1364,1365,1590,1591
-20.366334,-76.965955,174,1591,1592,1746,1750
-20.96632,-76.899598,175,176,272,273,1364
-21.399817,-76.900132,176,177,273,274,1362,1363
-20.967366,-76.934214,176,1363,1364,1365,1366,1367,1375,1377,1378,1379
-21.331752,-76.832583,177,274,275,705,706
-21.667001,-76.933031,177,706,707,1362
-22.200578,-76.534069,178,179,719,720,721,722,723,724,725
-22.134549,-76.833833,178,703,720
-21.701606,-76.700064,178,179,180,181,182,276,703,704
-22.033499,-76.5339,179,180,718,719
-22.134389,-76.399312,180,181,717,718,1091,1092
-21.667065,-76.400531,181,182,1090,1091,1411,1412
-21.101268,-76.266391,182,183,184,276,277,1393,1412
-20.865076,-76.167473,183,184,1555,1556
-21.032654,-76.199081,183,1392,1393,1394,1395,1556,1557
-20.699964,-76.165643,184,185,186,277,278,1555
-20.565665,-76.099843,185,186,1553,1554
-20.699682,-76.099124,185,1554,1555,1556,1557,1558,1559
-20.367348,-76.200316,186,278,279,1553,1751,1752,1753
-20.567917,-76.000485,187,188,189,190,191,192,193,280,281,1550,1551
-20.567213,-76.033255,187,1551,1552
-20.36604,-76.032939,187,280,1552,1553,1554,1559,1751
-21.534258,-76.000175,188,189,1087,1088,1387,1388
-21.20021,-76.035245,188,1388,1389,1550
-20.899227,-75.966592,189,190,1086,1087
-20.899597,-75.932694,190,191,1085,1086
-20.268072,-75.899381,191,192,1084,1085,1777
-20.265806,-75.9342,192,193,1777,1782
-20.200959,-75.933985,193,194,281,282,1781,1782
-19.767013,-75.867271,194,282,312,313,1770,1771,1779,1780
-20.200566,-75.901431,194,1780,1781
-19.432506,-75.232574,195,196,331,335,341,1768,1769
-19.433135,-75.266229,195,1769,1770,1771,1774,1775,1776
-19.399379,-75.567417,195,313,330,331,1770
-19.800431,-75.132864,196,332,335,1766,1767
-19.79952,-75.167101,196,1767,1768
-20.299478,-75.368729,197,198,1754,1755,1773
-20.032347,-75.298177,197,1766,1767,1768,1769,1773,1774
-19.900575,-75.133176,197,198,199,200,314,315,316,317,318,319,332,1766
-20.332888,-75.366719,198,199,1664,1665,1754
-20.334346,-75.333753,199,200,1663,1664
-20.634461,-75.299714,200,201,283,284,285,314,1560,1561,1663
-21.433506,-75.534693,201,202,203,204,205,283,1439
-21.200261,-75.467043,201,1439,1440,1560
-21.866934,-75.634733,202,203,1076,1077,1343
-21.434181,-75.567824,202,1343,1344,1439,1440,1441,1442,1443,1444
-21.967132,-75.632266,203,204,744,1076
-22.29858,-75.666774,204,205,743,744,745,746,747,748,749
-22.000124,-75.532756,205,206,207,208,283,284,742,743
-22.46534,-75.566752,206,742,750,751
-20.434408,-74.668856,213,214,1601,1738,1739,1740,1741,1742,1743,1744,1745
-19.665562,-73.534081,240,293,294,1227,1228
-14.967221,-80.7335,258,299,300,2054,2055,2062,2063,2066,2068,2069,2089
-16.166541,-80.36627,260,301,302,1976,1977
-16.700142,-80.234711,261,262,302,303,1975,1976
-21.933936,-78.033831,266,305,1331
-20.833185,-77.966284,267,308,327,328,1584
-21.532715,-76.699714,275,276,277,278,279,310,704,705
-19.733334,-76.099327,279,310,311,1753
-20.201,-76.032979,280,281,282,312,1751,1752
-20.566835,-75.200332,285,314,315,1406,1407
-21.767013,-77.900141,305,306,307,308,326,327,1331,1332
-21.133209,-77.866004,307,308,1464,1465,1582,1583,1584
-19.732717,-76.067665,311,312,313,329,330,1752,1753
-18.433876,-76.800211,329,330,331,341,342,343,345,1819,1820
-1.266667,-67.5,346,347,2296
-13.333333,-67.5,346,2181,2193,2194
-13.299392,-67.699812,346,347,348,349,350,351,352,353,354,355,387,388,2194,2195
-1.399872,-67.765547,347,348,2295,2296,2297,2298,2299,2300,2317,2318
-1.666208,-68.099187,348,349,2294,2295
-1.700501,-68.10042,349,350,2294
-1.800252,-68.468134,350,351,2293,2294,2295,2316,2317
-2.06673,-68.732337,351,352,2292,2293
-2.133342,-68.734366,352,353,2292
-2.199598,-68.965152,353,354,2291,2292,2293,2315,2316
-2.433765,-69.333747,354,355,2290,2291
-2.532604,-69.733147,355,356,357,358,359,388,389,2290
-2.500868,-70.097797,356,357,2289,2313,2314
-2.500767,-69.733972,356,2290,2291,2314,2315
-2.599993,-70.266531,357,358,2288,2289
-2.765282,-70.435185,358,359,2287,2288
-2.797705,-70.433211,359,360,389,390,2286,2287
-2.966705,-70.732924,360,361,362,390,391,2285
-2.900386,-70.732884,360,2285,2286
-3.201473,-71.599588,361,362,2283,2284
-2.96545,-71.333061,361,2284,2285,2286,2287,2288,2289,2312,2313
-3.231785,-71.599897,362,363,391,392,2283
-3.999348,-72.132935,363,364,392,393,2247
-3.233545,-72.099632,363,2247,2248,2283,2284,2311,2312
-5.432937,-72.168095,364,393,394,2245,2246
-3.998672,-72.166114,364,2246,2247,2248,2249,2250,2251,2273,2274
-6.101017,-72.633711,365,366,2244,2271,2272
-5.766958,-72.433331,365,2245,2246,2272,2273
-5.767144,-72.399503,365,366,367,368,369,370,371,372,373,374,394,395,396,397,398,399,400,401,402,2245
-6.401745,-72.634294,366,367,2243,2244
-6.698466,-72.699582,367,368,2243
-7.435265,-72.900206,368,369,2242,2243,2244,2270,2271
-8.333936,-72.899386,369,370,2212,2242
-8.366043,-72.900515,370,371,2121,2122,2212,2213,2214,2215,2228
-8.431103,-72.768003,371,372,2121
-8.566021,-72.665731,372,373,2120,2121,2122,2123,2150,2151
-8.665886,-72.433811,373,374,2119,2120
-8.900816,-72.10159,374,375,395,2119
-9.266832,-71.600095,375,376,395,396,2118
-8.932484,-72.100262,375,2118,2119,2120,2149,2150
-9.59924,-71.332538,376,377,378,379,396,397,2117
-9.333196,-71.601656,376,2117,2118,2148,2149
-10.133153,-70.935571,377,378,2115,2116
-10.134027,-70.966376,377,2116,2117,2147,2148
-10.433724,-70.667818,378,379,2114,2115
-10.433355,-70.600996,379,380,397,398,2114
-11.266662,-70.198374,380,381,382,398,399,2113
-10.6663,-70.599985,380,2113,2114,2115,2116,2147
-11.499439,-70.133088,381,382,2111,2112
-11.499408,-70.199702,381,2112,2113,2146,2147,2148,2149,2150,2151,2152,2153,2154,2155,2156,2157,2158,2161
-11.666539,-69.966774,382,383,384,385,399,400,2111
-12.06634,-69.633295,383,384,2185,2186,2187,2188,2189,2190,2191,2192,2197
-11.73148,-69.967195,383,2111,2112,2146,2186
-12.132378,-69.1646,384,385,2184,2185
-12.43352,-68.566495,385,400,401,2183,2184
-12.933844,-68.000797,386,387,388,389,390,391,392,393,394,402,2182
-12.665437,-68.332724,386,2182,2183,2184,2185,2196,2197
-12.601521,-68.333859,386,401,402,2183
-13.000292,-67.999412,387,2182,2195,2196
-21.465289,-82.633794,403,404,482
-22.5,-82.733333,403,480,481,482
-22.5,-90.0,403,404,446,468,469
-21.434845,-82.56603,404,405,447,448,449,450,451,469,473,474,481,482
-22.333981,-82.367816,405,406,447,483,484
-22.333407,-82.466781,405,480,481,484
-22.5,-82.0,406,407,447,448,485,488
-22.5,-82.366667,406,483
-22.433813,-82.034184,407,408,448,449,486,487
-22.433365,-82.000025,407,487,488
-21.631293,-82.067214,408,449,450,499,500
-22.298427,-82.001504,408,486,500,501
-21.200771,-81.565757,409,452,453,476,479,495,496
-21.166523,-81.667248,409,496,497,505,506
-21.133816,-81.666225,409,452,497,1397,1398
-21.800678,-81.366004,410,411,518,519,985
-21.632324,-81.433303,410,985,986
-21.300417,-81.533456,410,411,453,495,986,987
-21.897935,-81.298795,411,453,470,476,518
-22.400465,-81.167149,412,413,414,454,515,516
-22.399995,-81.232966,412,516,517
-22.132741,-81.231947,412,454,455,456,457,458,470,517,518,519,520,521,523
-22.5,-80.933333,413,414,524,528
-22.5,-81.166667,413,515
-22.399339,-80.933814,414,415,416,417,454,455,527,528
-22.301686,-80.933359,415,416,525,526,549
-22.399266,-80.900281,415,526,527
-21.90049,-81.00078,416,417,548,549,560,561
-21.900585,-81.067257,417,418,419,455,456,548
-21.265831,-81.165903,418,419,546,547
-21.700023,-81.065637,418,547,548,559,560
-21.265751,-81.200878,419,420,421,456,457,546
-21.066483,-81.234131,420,421,544,545
-21.067329,-81.168108,420,545,546,547,558,559
-20.700193,-81.333765,421,422,423,424,457,458,543,544
-20.367023,-81.365868,422,423,1661,1662
-20.633021,-81.331907,422,543,1652,1653,1662
-20.366804,-81.432669,423,424,1660,1661
-19.833139,-81.665848,424,458,470,476,477,478,479,1659,1660
-19.034107,-81.399581,425,426,1692,1693,1872,1873,1874,1875,1888,1889
-19.498617,-81.334238,425,1655,1656,1693,1694
-19.299283,-81.498478,425,426,459,1656,1657
-18.766582,-81.467365,426,427,459,460,1888
-18.399164,-81.466829,427,428,429,460,461,1887
-18.768331,-81.433039,427,1887,1888,1889,1893,1894
-17.899914,-81.366398,428,429,1886,1892,1893,1894,1896
-18.400096,-81.433166,428,1887,1893
-17.73312,-81.433941,429,430,431,432,461,462,1886
-17.199995,-81.366515,430,431,1885,1891,1892,1895,1896
-17.433358,-81.367732,430,1886,1892
-17.199761,-81.399895,431,432,1884,1885
-16.867594,-81.600177,432,433,434,462,463,1884
-16.534349,-81.600932,433,434,2037,2038,2048,2049,2051
-16.53321,-81.565933,433,1883,1884,1885,1890,1891,2037
-16.199327,-81.732734,434,463,464,2047,2048
-13.698958,-81.766591,435,436,437,465,472,2044,2045
-13.799916,-81.766108,435,2045,2046
-15.566854,-81.831962,435,464,471,472,473,474,475,477,478,2046,2047
-13.333664,-81.699655,436,437,2171,2172
-13.700189,-81.731296,436,2044,2172,2173
-12.733988,-81.701331,437,438,439,465,2170,2171
-12.732788,-81.665807,438,2169,2170
0.0,-90.0,445,446
-21.233686,-82.000593,450,451,499,1400,1402
-21.100331,-81.733056,451,474,475,1399,1401,1402
-21.100666,-81.666416,452,475,478,479,1398,1399
-19.298387,-81.600766,459,460,461,462,463,464,471,1657,1658
-19.666582,-81.668393,471,477,1658,1659
-22.5,-82.466667,480,483,484
-22.298708,-81.965017,485,486,487,488,501,502
-22.5,-81.933333,485,489,502,503
-22.366922,-81.832536,489,503,504,514
-22.5,-81.833333,489,510,511,512,513,514
-22.366181,-81.666025,490,491,511,512,991,992
-22.36668,-81.733186,490,512,513
-22.266491,-81.734282,490,491,492,493,494,504,505,506,507,508,509,513,514
-22.200505,-81.666689,491,492,990,991
-21.865702,-81.599925,492,493,989,990
-21.701583,-81.632901,493,494,988,989
-21.399707,-81.633906,494,495,496,505,987,988
-21.700677,-81.733354,497,506,507,1396,1397
-21.465003,-81.934788,498,499,500,501,502,503,504,509,1400
-21.167436,-81.800217,498,1400,1401,1402
-21.499055,-81.833155,498,508,509,1396,1397,1398,1399,1401
-21.700884,-81.766536,507,508,1396
-22.400175,-81.665411,510,511,522,983,984,992
-22.5,-81.666667,510,515,516,517,522,523
-21.802319,-81.46615,519,520,984,985,986,987,988,989,990,991,992
-21.966744,-81.465766,520,521,983,984
-22.400113,-81.598771,521,522,523,983
-22.399483,-80.867633,524,525,526,527,528,550
-22.5,-80.8,524,529,530,531,532,550,551
-22.301013,-80.868044,525,549,550,551,552,553,561
-22.200647,-80.700954,529,530,565,1019
-22.5,-80.7,529,562,565,567,568
-22.164971,-80.698078,530,531,1018,1019,1020,1107,1108
-22.233446,-80.800452,531,532,1107
-22.233226,-80.833241,532,533,551,552,1107,1108,1109,1113
-21.600981,-80.934921,533,534,552,553,1111,1112
-21.599977,-80.866898,533,1112,1113
-21.199455,-81.033105,534,535,553,554,555,556,557,558,559,560,561,1110
-21.366438,-80.933042,534,1110,1111
-20.931608,-80.766277,535,536,554,1015,1016
-21.498933,-80.767262,535,1016,1017,1109,1110,1111,1112,1113
-20.600002,-80.631267,536,537,538,539,540,554,555,1521
-20.933666,-80.63285,536,1014,1015,1521,1522
-20.532084,-80.566528,537,538,1520,1531,1532,1533,1536
-20.833973,-80.567125,537,1521,1522,1523,1524,1525,1532
-20.532693,-80.600507,538,539,1520
-20.167416,-80.598539,539,540,1520,1531,1801
-20.199876,-80.833092,540,541,555,556,1801,1802,1803,1804,1805,1806,1812,1813
-20.333815,-81.200534,541,542,556,557,1688
-20.099309,-80.866617,541,1688,1689,1812
-20.499556,-81.233513,542,543,544,545,557,558,1652,1687
-20.334622,-81.234684,542,1687,1688,1689,1690,1698
-22.266809,-80.333416,562,566,568,575,576
-22.5,-80.3,562,569,576,577
-22.365655,-80.499501,563,564,566,567,568,1021
-22.00071,-80.367382,563,573,574,1021,1022
-22.267195,-80.366651,563,566,574,575
-22.367572,-80.633532,564,565,567,1011,1012,1019,1020
-22.364743,-80.601861,564,1011,1021,1022,1023,1027
-21.966305,-80.23383,569,570,571,577,578,591
-22.5,-80.266667,569,579,580,581,582,583,584,585,586,591,592
-21.566054,-80.232566,570,571,590,1427,1428,1429,1430,1431,1432
-21.967218,-80.200378,570,590,591,592,593,594,595
-21.066647,-80.233472,571,572,578,1432
-21.133051,-80.298857,572,573,574,575,576,577,578,1574,1575
-20.932818,-80.23326,572,1431,1432,1575,1576
-21.132705,-80.334816,573,1022,1023,1574
-22.101123,-79.534272,579,580,611,612,613,617,618
-22.5,-79.766667,579,596,597,612
-22.100602,-79.566102,580,581,611
-21.867509,-79.566482,581,582,610,611,616,617
-21.866468,-79.633863,582,583,609,610
-21.434227,-79.698588,583,584,609
-21.132393,-79.632498,584,585,608,609,610,616
-21.068954,-79.766891,585,586,607,608
-20.96761,-79.765771,586,587,592,593,606,607,1468
-21.366664,-80.000542,587,593,594,1467
-20.966869,-79.967967,587,1467,1468,1469,1470,1478
-21.133804,-80.067029,588,589,1427,1428,1475,1476
-21.133178,-80.032328,588,1476,1477
-21.366064,-80.032247,588,589,594,595,1467,1477,1478
-21.566505,-80.166039,589,590,595,1427
-22.300014,-79.434226,596,597,626,627
-22.5,-79.433333,596,622,627
-21.866457,-79.298753,597,612,613,625,626,1351,1352,1353,1354,1355,1361
-19.698923,-79.133128,598,1358,1359
-20.499796,-79.466896,598,619,620,621,1359,1360
-19.5312,-79.765637,603,604,1627,1628,1644,1645
-20.001115,-79.666655,604,605,606,607,608,615,616,617,618,619,621,1627
-20.667951,-79.800191,605,606,1468,1469,1626
-20.166905,-79.799901,605,1626,1627,1643,1644
-21.033243,-79.50187,613,618,619,1360,1361
-22.3,-79.232554,622,623,624,625,626,627,629
-22.5,-79.233333,622,628,629
-21.933927,-79.167149,623,624,644,645
-22.2999,-79.199193,623,628,629,645,646
-21.799283,-79.200733,624,625,643,644,1351
-22.5,-79.2,628,630,646,647
-22.466279,-79.167982,630,631,647,648,653
-22.5,-79.166667,630,651,653,654
-22.431414,-79.13215,631,648,649,652
-22.465724,-79.133224,631,652,653,654
-22.5,-79.0,632,633,655,656,663,664
-22.5,-79.1,632,651
-22.432854,-79.100308,632,633,634,635,649,650,651,652,654
-22.433116,-78.999296,633,634,662,663
-22.36669,-78.933626,634,635,661,662
-22.266184,-78.935192,635,636,637,638,639,640,650,661
-22.200961,-78.632054,636,637,659,660,674,675
-22.365888,-78.699497,636,660,661,662,663,664,665
-22.000935,-78.665191,637,638,673,674
-21.633731,-78.667697,638,639,672,673,1309,1310
-22.000924,-78.900317,639,640,1309
-21.999221,-78.96715,640,641,642,643,644,645,646,647,648,649,650,1309,1310,1318,1319
-21.532658,-79.199163,641,642,1316,1317,1352,1353
-21.666208,-78.999251,641,1317,1318
-21.767387,-79.198971,642,643,1351,1352
-22.366167,-78.100753,655,656,678,679,680,681,682
-22.5,-78.1,655,666,667,668,669,679
-22.201834,-78.299519,656,657,664,665,678
-21.966679,-78.400687,657,658,659,660,665,677
-22.199906,-78.231856,657,677,678,682
-21.866108,-78.498862,658,659,675,676
-21.866448,-78.40011,658,676,677,681,682
-22.366574,-77.500646,666,667,685
-22.5,-77.5,666,683,684,685
-22.300239,-77.499789,667,668,684,685,696,697
-21.566414,-78.567493,670,671,672,673,674,675,676,680,681,1419,1420
-21.465453,-78.632561,671,672,1310,1311,1319,1320
-21.468254,-78.566983,671,1311,1418,1419
-22.231917,-77.332676,683,684,697,698
-22.5,-77.3,683,686,698,699
-22.434235,-77.132446,686,687,688,699,701
-22.5,-77.133333,686,700,701
-22.134016,-77.000239,687,688,709,710
-22.400132,-76.998678,687,700,701,710,711
-21.866851,-77.100257,688,689,690,691,692,693,694,695,696,697,698,699,708,709
-21.433496,-77.199714,689,690,1374,1453
-21.866386,-77.067158,689,707,708,1362,1363,1374,1375
-21.431654,-77.299756,690,691,1369,1370,1453,1454,1455,1456,1457,1458
-21.433054,-77.332789,691,692,1323,1324,1325,1326,1369
-21.697999,-77.399169,692,693,1322,1323
-21.699178,-77.499857,693,694,1321,1322
-22.5,-76.966667,700,702,711
-22.299551,-76.900548,702,703,704,705,706,707,708,709,710,711,720,721
-22.5,-76.8,702,712,721,722
-22.433505,-76.565909,712,713,722,723,730
-22.5,-76.566667,712,726,727,728,730,731
-22.399908,-76.533032,713,723,724,729
-22.4335,-76.533129,713,729,730,731
-22.433384,-76.467446,714,715,716,717,718,719,725,726,727
-22.431776,-76.499801,714,727,728
-22.400029,-76.499836,714,724,725,728,729,731
-22.5,-76.433333,715,716,732,733,734
-22.5,-76.466667,715,726
-22.300921,-76.399807,716,717,734,1072,1092,1093
-22.266908,-76.26606,732,733,739,740
-22.5,-76.233333,732,735,736,737,738,740
-22.266156,-76.332934,733,734,739,1072
-22.430925,-75.668313,735,736,747,748
-22.5,-75.666667,735,741,748,749
-22.233663,-75.799772,736,737,746,747,1073,1074
-22.232385,-75.900839,737,738,1073
-21.966032,-76.065465,738,739,740,1072,1073,1074,1075,1093,1094
-22.467952,-75.59893,741,742,743,749,751
-22.5,-75.6,741,750,751
-21.96661,-75.699214,744,745,1075,1076,1077,1094,1097,1098
-22.132069,-75.701355,745,746,1074,1075
-22.265997,-75.266436,752,753,1030,1031,1032,1033,1034,1035
-22.266365,-75.23284,752,761,762,1031
-22.5,-75.233333,752,753,754,755,756,762,763
-22.367822,-75.366112,753,754,975,976,1030
-22.466487,-75.365644,754,755,975
-22.3339,-75.032365,757,769,770
-22.5,-75.066667,757,758,759,760,763,764,765,766,770
-22.166397,-74.800958,764,765,781,782,783,784,785,786,787
-22.5,-74.866667,764,771,782
-22.16983,-74.867577,765,766,781
-21.868297,-74.831988,766,767,768,769,770,780,781,787
-22.333698,-74.599091,771,772,773,782,783,794
-22.5,-74.6,771,788,794,795
-22.333563,-74.565749,772,794,795,796,800
-21.232091,-74.634249,776,777,785,786,1446
-21.533408,-74.865936,777,778,779,780,786,787,1445
-21.433704,-74.867367,777,1445,1446,1447,1448,1449,1450,1451,1452
-22.367118,-74.534224,788,795,796,804
-22.5,-74.533333,788,801,802,803,804
-22.432528,-74.467152,789,790,797,801,802
-22.434547,-74.500029,789,802,803
-22.365347,-74.500025,789,796,797,798,799,800,803,804
-22.5,-74.3,790,791,797,798,805,810,811
-22.5,-74.466667,790,801
-22.40108,-73.73322,812,813,820,993
-22.5,-73.766667,812,816,817,818,819,820
-22.401084,-73.799927,813,814,993,1000
-22.267915,-73.799604,814,815,999,1000,1001
-22.400039,-73.597896,816,817,824,825,826
-22.5,-73.6,816,821,825
-22.399633,-73.633917,817,818,823,824
-22.332889,-73.633507,818,819,822,823,994
-22.33429,-73.664722,819,820,993,994,995,996,997,998,1000,1001
-22.200587,-73.632573,822,994,995,1114,1115,1116,1117,1118
-22.198931,-73.599749,822,823,824,826,1114
-22.399708,-72.832873,827,828,833,834
-22.5,-72.833333,827,831,834,835
-22.399896,-72.867514,828,829,830,833,1002
-22.234297,-72.733762,832,833,834,835,1002,1003
-22.467381,-71.165618,849,850,866,867,868,869,870
-22.5,-71.166667,849,855,856,867
-22.466435,-71.200427,850,851,852,853,854,866
-22.432153,-71.198886,851,865,866,870
-22.366434,-70.467366,855,856,885,886,887,888,889,890,891,1036
-22.5,-70.866667,855,871,886
-22.366136,-70.499805,856,857,858,859,867,868,1036,1037,1044,1045
-22.333548,-70.733732,857,858,1062
-22.168335,-70.533268,857,1044,1062,1063,1064,1065,1070,1071
-22.331851,-71.033922,858,859,1047,1062,1069,1070
-22.333431,-71.067934,859,860,868,869,1047,1054
-22.300734,-71.198344,860,861,862,863,864,865,869,870,1099,1100,1101,1102,1103,1106
-22.265213,-71.066437,860,1054,1058,1099
-21.966507,-71.266493,861,862,1050,1051,1104,1105
-22.168035,-71.201446,861,1105,1106
-22.432509,-70.066615,871,886,887,893
-22.5,-70.066667,871,892,893
-22.5,-68.433333,872,873,896
-22.5,-70.033333,872,892
-22.434024,-70.03322,872,873,887,888,892,893
-22.232671,-68.43303,873,874,875,876,888,889,895,896
-22.066281,-68.397918,874,875,894,951,952
-22.234184,-68.400711,874,894,895
-22.067343,-68.434416,875,876,951,1139
-22.067492,-68.465762,876,877,878,889,890,1139,1140,1245
-21.934612,-68.699499,877,878,1244,1288,1297,1298
-22.033549,-68.467678,877,1245,1246,1247,1248,1249,1250,1251,1288
-21.933751,-68.899056,878,879,890,891,1244
-21.799277,-69.500837,879,880,881,882,883,884,885,891,1243
-21.833595,-69.133225,879,1243,1244,1296,1297
-21.766228,-69.934179,880,881,1241,1242
-21.765326,-69.500123,880,1242,1243,1287,1295,1296
-21.832914,-70.43412,881,882,1038,1039,1241
-21.96537,-70.43251,882,883,1038
-22.168168,-70.500712,883,884,1037,1038,1039,1040,1041,1042,1045,1046
-22.166172,-70.465577,884,885,1036,1037
-22.5,-67.866667,894,895,896,897,898,899,900,901,902,903,952,953
-21.3,-67.5,897,898,1493
-22.5,-67.5,897
-21.299222,-67.534788,898,899,1493,1494
-21.165469,-67.533395,899,900,1494,1568,1573
-21.132279,-67.533601,900,901,1572,1573
-21.133922,-67.567256,901,902,1571,1572,1585
-21.13276,-67.833252,902,903,1585,1586,1587,1588
-20.898434,-68.301169,903,904,905,906,907,908,909,910,911,912,953,954,1588
-20.533541,-67.767491,904,905,1569,1570,1586,1587
-20.700361,-67.933762,904,1587,1588
-20.499174,-67.767372,905,906,1569,1699
-20.501029,-67.798521,906,907,1699,1700,1701,1724,1725
-20.165799,-67.86799,907,908,1724
-19.835679,-67.866484,908,909,1724,1725,1726,1727,1733
-17.899729,-68.433284,909,910,1723,1732,1733
-17.468006,-68.867548,910,911,1722,1723
-17.467557,-68.900337,911,912,1721,1722
-16.834085,-69.300602,912,913,914,954,955,1721
-16.233961,-69.86724,913,914,1719,1720
-16.800759,-69.298446,913,1720,1721,1722,1723,1731,1732
-16.231967,-69.899653,914,915,955,973,974,1718,1719
-15.36634,-70.501214,915,916,956,957,958,959,960,961,962,963,964,965,966,967,968,969,970,971,972,974,1717
-15.633945,-70.233831,915,1717,1718
-14.934188,-70.533147,916,917,956,1716
-14.934005,-70.49986,916,1716,1717,1718,1719,1720,1730,1731
-14.499369,-70.567365,917,918,919,920,921,956,957,1715
-14.500318,-70.534211,917,1715,1716,1729,1730
-13.567029,-70.798775,918,919,1713,1714
-14.166929,-70.567022,918,1714,1715,1728,1729
-13.300153,-70.93221,919,920,1712,1713
-13.168237,-71.067652,920,921,1711,1712,2132,2133
-13.165656,-71.099496,921,922,957,958,2132
-13.167393,-71.267603,922,923,924,958,959,2204,2223
-13.133735,-71.100491,922,2131,2132,2133,2154,2155,2204
-12.000663,-73.032307,923,924,2221,2222
-12.199243,-72.531672,923,2222,2223,2224,2225,2226,2227,2232
-11.900401,-73.367838,924,925,926,927,928,959,960,2220,2221
-11.831417,-73.600626,925,926,1164,1165,1166,1255,1289,1300,1301
-11.665188,-73.599425,925,1165,2220
-12.066901,-73.433906,926,927,1163,1164
-12.066872,-73.365169,927,928,1162,1163
-12.833286,-72.999558,928,929,930,960,961,1162
-13.633486,-72.532587,929,930,1160,1161
-12.933044,-73.000271,929,1161,1162,1163,1164,1254,1255
-13.631444,-72.50087,930,961,962,1159,1160
-14.298821,-72.233474,931,932,1158,1252,1253
-14.067207,-72.36821,931,1159,1160,1161,1253,1254
-13.965849,-72.364751,931,932,933,962,963,1159
-14.700064,-71.800029,932,933,1157,1158
-14.700765,-71.764827,933,963,964,1156,1157
-15.632229,-71.500579,934,935,1154,1155
-15.333868,-71.601624,934,1155,1156,1157,1158,1252
-14.933098,-71.666517,934,935,936,964,965,1156
-16.03361,-71.298873,935,936,1153,1154
-16.033653,-71.266852,936,937,938,939,965,966,1153
-16.700523,-71.133413,937,938,1152,1289,1299,1300
-16.33458,-71.267382,937,1153,1154,1155,1252,1253,1254,1255,1289
-17.066211,-70.865947,938,939,1151,1152
-17.066705,-70.83395,939,966,967,1150,1151
-17.732317,-70.632978,940,941,1148,1149
-17.667591,-70.767204,940,1149,1150,1151,1152,1251,1288,1298,1299
-17.434025,-70.766313,940,941,942,943,967,968,1150
-17.965304,-70.335278,941,942,1147,1148
-18.334019,-70.00055,942,943,1146,1147
-18.332686,-69.967454,943,968,969,1145,1146
-19.334735,-69.300591,944,945,1143,1144
-19.001138,-69.633834,944,1144,1145,1146,1147,1148,1149,1250,1251
-18.966505,-69.631611,944,945,969,970,1145
-19.333745,-69.267163,945,946,947,970,971,1143
-19.733101,-69.099643,946,947,1141,1142
-19.567018,-69.199326,946,1142,1143,1144,1249,1250
-19.733788,-69.03356,947,948,949,950,971,972,1141
-20.500558,-68.732459,948,949,1247,1248
-19.899126,-69.032348,948,1141,1142,1248,1249
-20.733107,-68.565902,949,950,1246,1247
-20.732635,-68.499153,950,972,973,974,1140,1245,1246
-20.999904,-68.400335,951,952,953,954,955,973,1139,1140
-22.366561,-75.400634,976,977,1030,1035
-22.066402,-75.400097,977,978,979,980,981,982,1034,1035
-21.732111,-75.231871,978,979,1307,1308,1403,1404,1405,1406,1407,1408,1410
-21.900406,-75.234,978,1033,1034,1308
-21.566655,-75.400135,979,980,1409,1410
-21.834153,-73.732971,995,996,1118,1345,1346
-21.667325,-80.532464,1011,1012,1026,1027,1028,1029
-21.067163,-80.701351,1012,1013,1014,1015,1016,1017,1018,1020,1025,1026
-20.933388,-80.599543,1013,1014,1522,1523
-20.967156,-80.600286,1013,1025,1523,1524
-21.800281,-80.767309,1017,1018,1108,1109
-21.033735,-80.464034,1023,1024,1027,1028,1574,1575,1576,1577,1578,1579,1580,1581
-21.20078,-80.532697,1024,1028,1029,1501
-21.034071,-80.533022,1024,1501,1502,1581
-21.198785,-80.566674,1025,1026,1029,1501,1502,1503,1524,1525
-21.633915,-70.433596,1039,1040,1240,1241,1242,1287
-21.632107,-70.533288,1040,1041,1240,1337,1338
-21.798951,-70.566021,1041,1042,1121,1122,1123,1124,1125,1336,1337
-21.865735,-70.566063,1042,1043,1046,1120,1121
-22.100517,-70.533411,1043,1044,1045,1046,1063
-22.100002,-70.566732,1043,1063,1064,1119,1120
-22.098548,-71.032238,1047,1054,1058,1059,1068,1069,1133,1134
-21.700646,-71.199936,1048,1055,1056,1057,1060,1237,1284,1285,1292,1293
-21.899702,-71.002359,1048,1132,1238,1285
-21.900244,-71.066869,1048,1059,1060,1061,1132,1133
-21.865026,-71.533677,1049,1050,1051,1055,1236,1237
-21.766362,-71.266293,1051,1055,1056,1104
-21.866642,-71.099916,1052,1053,1057,1060,1061,1101,1102
-21.865901,-71.165906,1052,1102,1103
-21.767668,-71.200871,1052,1056,1057,1103,1104,1105,1106
-22.199112,-71.066487,1053,1058,1059,1061,1099,1100
-22.199181,-71.098813,1053,1100,1101
-22.133263,-70.56624,1064,1065,1119
-22.132127,-70.599338,1065,1066,1067,1071,1119,1120,1121,1125
-21.96582,-70.733202,1066,1067,1123,1124,1126,1127
-22.000302,-70.601291,1066,1124,1125
-22.068654,-70.801726,1067,1068,1069,1070,1071,1126
-22.033236,-70.800618,1068,1126,1127,1134,1135,1136,1137,1138
-21.899296,-75.731854,1077,1095,1096,1098,1343,1344
-21.066574,-75.867915,1078,1079,1080,1081,1082,1083,1084,1085,1086,1087,1088,1095,1096,1442,1443
-21.235169,-75.767699,1078,1443,1444
-21.533146,-75.768045,1078,1095,1344,1444
-20.567045,-75.566834,1079,1080,1562,1563,1668,1669
-21.066249,-75.802153,1079,1441,1442,1563
-20.467374,-75.56749,1080,1081,1667,1668
-20.46736,-75.600095,1081,1082,1667,1734
-20.233092,-75.832651,1082,1083,1734,1735,1736,1737,1778
-20.233957,-75.899419,1083,1084,1777,1778,1779,1780,1781,1782
-21.833004,-75.999247,1088,1089,1096,1097,1098,1387
-21.766148,-76.234091,1089,1090,1091,1092,1093,1094,1097,1391,1392,1395
-21.734576,-76.13342,1089,1387,1388,1389,1390,1391
-21.701,-76.23211,1090,1394,1395,1411
-21.565662,-73.599556,1116,1117,1347,1348,1433
-21.699898,-73.699628,1117,1118,1346,1347
-21.900979,-70.734895,1122,1123,1127,1128,1135
-21.900956,-70.76637,1122,1128,1335,1336
-21.933377,-70.767324,1128,1135,1136,1335
-21.766148,-70.900868,1129,1130,1131,1137,1138,1340,1341
-21.766538,-70.833572,1129,1341,1342
-21.932796,-70.833198,1129,1136,1137,1335,1336,1337,1338,1339,1342
-21.666816,-70.93366,1130,1131,1238,1285,1286,1293,1294
-21.66599,-70.899945,1130,1239,1286,1340
-22.000315,-71.000262,1131,1132,1133,1134,1138,1238
-11.500339,-73.601055,1165,1166,2219,2220,2221,2222,2231,2232
-11.066893,-73.833045,1166,1301,1304,1305,2218,2219
-9.932893,-73.767891,1167,1168,1256,2217
-10.432957,-73.766094,1167,2217,2218,2219,2230,2231
-10.433384,-73.834623,1167,1256,1257,1258,1302,1303,1305,2218
-9.201067,-73.701362,1168,1169,1256,1257,2216
-9.598634,-73.699526,1168,2216,2217,2229,2230
-8.632139,-73.766682,1169,1170,1171,1172,1257,1258,2214,2215
-9.198886,-73.667022,1169,2215,2216,2228,2229
-7.932457,-73.699039,1170,1171,2267,2268
-8.034123,-73.700224,1170,2213,2214,2268,2269
-7.932948,-73.76608,1171,1172,2266,2267
-7.399299,-73.766045,1172,1173,1174,1258,1259,1260,1290,1291,1302,2266
-6.300353,-73.533324,1173,1174,2264,2265
-6.900022,-73.53256,1173,2265,2266,2267,2268,2269,2270,2271,2272,2273,2274,2282
-5.933737,-73.468237,1174,1175,1176,1259,2264
-5.700251,-73.432791,1175,1176,2263,2280,2281
-5.933765,-73.434032,1175,2264,2265,2281,2282
-5.467855,-73.532498,1176,1177,1178,1259,1260,2263
-4.900215,-73.466289,1177,1178,2262,2278,2279
-5.466652,-73.466137,1177,2263,2279,2280
-4.700635,-73.533997,1178,1179,1180,1260,1261,1262,1263,1290,2262
-4.467747,-73.466111,1179,1180,2260,2261
-4.699289,-73.467704,1179,2261,2262,2277,2278
-4.065965,-73.401389,1180,1181,1182,1183,1184,1261,2260
-3.699436,-73.366593,1181,1182,2259,2275,2276
-4.068387,-73.366784,1181,2260,2261,2276,2277
-3.699779,-73.43286,1182,1183,2258,2259
-3.400255,-73.568019,1183,1184,2257,2258
-3.399575,-73.599627,1184,1185,1186,1187,1188,1261,1262,2256,2257
-2.832497,-73.766818,1185,1186,2254,2255,2340
-3.168132,-73.599477,1185,2255,2256
-2.566439,-73.900412,1186,1187,2339,2340,2341,2342,2343,2349,2350
-2.199139,-74.234039,1187,1188,2338,2339
-2.200956,-74.299722,1188,1189,1190,1262,1263,2337,2338
-1.56719,-74.732258,1189,1190,2335,2336
-1.832695,-74.466965,1189,2336,2337
-1.566884,-74.765939,1190,1263,1290,1291,2334,2335
-0.265679,-74.967266,1191,1192,1193,1194,1195,1264,2331,2332
-0.268308,-74.900501,1191,2332,2333
-1.067579,-74.899568,1191,1264,1265,1266,1267,1268,1269,1270,1271,1272,1273,1274,1275,1276,1277,1278,1279,1280,1281,1282,1291,1302,1303,2333,2334
0.0,-74.966667,1192,2330,2331
-17.498018,-75.133651,1221,1222,1916,1917,1970,1971,1972
-17.399379,-75.098939,1222,1279,1280,1915,1916
-17.733503,-74.966354,1223,1964,1965,1966,1967,1968
-17.600465,-74.968177,1223,1224,1225,1226,1281,1282,1914,1965
-21.567451,-70.634786,1239,1240,1286,1287,1294,1295,1338,1339
-21.668092,-70.833041,1239,1339,1340,1341,1342
-17.399973,-75.034117,1280,1281,1914,1915
-21.733523,-75.198944,1306,1307,1403
-21.266991,-78.566246,1311,1312,1313,1314,1315,1320,1417,1418
-21.199386,-78.599349,1313,1314,1543
-21.201904,-78.66643,1314,1315,1537,1543,1544,1545,1546,1549
-21.19999,-78.801144,1315,1316,1317,1318,1319,1320,1537,1538,1539,1540,1541,1542
-21.035635,-79.099074,1316,1353,1354,1542
-21.134118,-77.467514,1324,1325,1368,1459,1460
-21.266568,-77.334053,1324,1368,1369,1370,1371,1372,1376
-21.266386,-77.633798,1325,1326,1459
-21.732938,-74.20026,1327,1328
-21.933994,-74.201311,1327
-21.96785,-74.266967,1327,1328,1329,1330
-21.533256,-74.166196,1328,1329,1421,1422
-21.598979,-74.333261,1329,1330,1421
-21.599899,-74.36727,1330,1421,1422,1423,1425,1426
-21.565416,-73.667699,1348,1349,1433,1434,1435,1436,1437,1438
-21.465863,-73.865943,1349,1350,1381,1438
-21.632155,-74.000286,1350,1380,1381,1382,1383,1384,1385,1386
-20.465421,-79.099083,1354,1355,1541,1542
-20.435386,-79.100486,1355,1356,1357,1358,1359,1360,1361,1540,1541,1679,1680,1682
-20.16624,-79.00057,1356,1681,1682
-20.801082,-77.166781,1365,1366,1589,1590
-20.833759,-77.165256,1366,1367,1589
-20.999826,-77.466988,1367,1368,1376,1378,1460,1461,1589,1590,1591,1592,1593,1594,1598
-21.267007,-77.29948,1370,1371,1458
-21.265795,-77.23389,1371,1372,1457,1458
-20.999745,-77.06625,1372,1376,1378,1379,1456,1457
-21.398853,-77.132262,1373,1374,1375,1377,1453,1454
-21.3013,-77.133093,1373,1454,1455
-21.166515,-77.067086,1373,1377,1379,1455,1456
-21.366964,-73.865625,1381,1382,1437,1438,1479
-21.198937,-76.066212,1389,1390,1550,1551,1552,1558,1559
-21.06758,-76.133407,1390,1391,1392,1557,1558
-21.29975,-76.266758,1393,1394,1411,1412
-21.36611,-74.098965,1422,1423
-21.267333,-74.098596,1423,1424,1426,1485
-21.29975,-74.266485,1424,1425,1426,1484
-21.265706,-74.265477,1424,1484,1485,1486,1487,1491,1492
-21.299091,-74.432885,1425,1484,1490,1491
-20.700477,-80.064659,1428,1429,1474,1475,1609
-20.699604,-80.132525,1429,1430,1608,1609,1616,1617
-20.799971,-80.232543,1430,1431,1576,1577,1608
-21.165909,-73.567428,1435,1436,1495,1496,1497,1498,1499,1500
-21.167176,-73.666643,1436,1437,1479,1480,1500
-21.199846,-75.601692,1440,1441,1560,1561,1562,1563
-20.667681,-79.833209,1469,1470,1626,1642,1643
-20.399785,-79.89973,1470,1471,1472,1473,1474,1475,1476,1477,1478,1642
-20.365523,-79.867109,1471,1472,1641,1650,1651
-20.40062,-79.866677,1471,1642,1643,1644,1645,1646,1647,1651
-20.332231,-79.932952,1472,1473,1610,1640,1641
-20.333628,-80.001237,1473,1474,1609,1610,1611,1612,1613,1617,1618
-20.934425,-73.698717,1480,1481,1499,1500
-20.898985,-73.700802,1481,1482,1498,1499,1604,1605
-20.932561,-73.799521,1482,1483,1604
-20.933036,-74.101623,1485,1486
-20.933616,-74.132141,1486,1487
-20.73354,-74.132352,1487,1488,1492,1620
-20.768287,-74.199197,1488,1489,1490,1491,1492,1619
-20.733544,-74.201708,1488,1619,1620,1621,1622,1623,1624,1625
-20.865486,-74.400105,1489,1490
-20.766184,-74.399892,1489,1619,1625
-21.166667,-67.5,1493,1494,1568
-20.633793,-73.766493,1497,1498,1605,1606
-20.568347,-80.533806,1502,1503,1580,1581,1614
-20.465725,-80.532305,1503,1504,1505,1506,1525,1532,1533,1613,1614,1615,1618
-20.299883,-80.467075,1504,1505,1760,1761,1762,1763,1764,1765
-20.300532,-80.433118,1504,1612,1613,1760
-19.899027,-80.533173,1505,1506,1765,1792,1793
-19.599941,-80.599351,1506,1526,1533,1534,1535,1536,1791,1792
-18.232557,-80.500593,1507,1508,1509,1526,1527,1528,1529,1530,1534,1788,1789
-18.432177,-80.467521,1507,1789,1790
-18.966508,-80.534827,1507,1526,1790,1791
-17.800593,-80.467035,1508,1509,1962,1963,1973,1974,1981
-18.233406,-80.465733,1508,1787,1788,1963
-16.93275,-80.567425,1509,1510,1511,1512,1513,1514,1515,1516,1527,1980,1981
-17.1664,-80.733071,1511,1512,1997,1998
-17.199312,-80.733049,1512,1513,1991,1992,1997
-17.53286,-80.666639,1513,1514,1852,1853,1990,1991
-17.834202,-80.632111,1514,1515,1851,1852
-17.998892,-80.634005,1515,1516,1850,1851
-18.0984,-80.567448,1516,1527,1528,1849,1850
-19.132621,-80.634054,1517,1518,1529,1530,1848
-18.967334,-80.666274,1517,1848,1849,1850,1851,1852,1853,1854,1855,1856,1857,1863,1864
-18.966935,-80.632052,1517,1528,1529,1849
-19.63371,-80.667406,1518,1519,1530,1534,1535,1847
-19.134549,-80.666016,1518,1847,1848,1862,1863
-20.065918,-80.59998,1519,1531,1535,1536,1801,1802
-19.632082,-80.699716,1519,1802,1803,1847,1861,1862
-20.898674,-78.733359,1537,1538,1548,1549
-20.867069,-78.799544,1538,1539,1547,1548
-20.533621,-78.865187,1539,1540,1547,1679
-20.634987,-75.399344,1561,1562,1663,1664,1665,1666,1669
-20.4,-67.5,1568,1569,1570,1571,1572,1573,1699,1700
-20.632332,-67.633242,1570,1571,1585,1586
-20.80095,-80.333219,1577,1578,1608,1616
-20.533941,-80.466425,1578,1579,1615,1616,1617,1618
-20.567251,-80.466464,1579,1580,1614,1615
-20.33289,-76.966645,1592,1593,1749,1750
-20.331827,-77.133034,1593,1594,1748,1749
-20.199617,-77.100927,1594,1595,1596,1597,1598,1747,1748,1816,1817,1818,1829,1830
-20.432856,-74.600347,1600,1601,1602,1603,1738
-20.232038,-80.034412,1610,1611,1639,1640,1783
-20.233743,-80.23209,1611,1612,1760,1761,1783,1784,1795
-20.467886,-74.134106,1620,1621
-20.468509,-74.166148,1621,1622
-20.233466,-74.165321,1622,1623
-20.232596,-74.234844,1623,1624
-20.53414,-74.399302,1624,1625
-18.83328,-79.734661,1629,1630,1646,1647,1922
-18.568312,-79.733819,1629,1922,1923,1930,1931
-19.233285,-79.866505,1630,1647,1648,1649,1650,1651,1865,1866
-18.834747,-79.767166,1630,1865,1922,1929,1930
-18.133504,-80.03341,1631,1632,1633,1634,1635,1636,1648,1866,1927,1928
-18.10026,-80.200315,1632,1633,1961,1962,1973
-18.366824,-80.234146,1633,1634,1960,1961
-18.399605,-80.231331,1634,1635,1786,1960
-18.765729,-80.26784,1635,1636,1785,1786,1787,1788,1789,1790,1791,1792,1793,1797
-19.132639,-80.266428,1636,1637,1638,1648,1649,1785
-19.49946,-80.300136,1637,1638,1796,1798,1799,1800
-19.133211,-80.301961,1637,1785,1797,1799
-19.799173,-80.167377,1638,1639,1640,1641,1649,1650,1784,1795,1796
-20.166834,-80.167343,1639,1783,1784
-20.501576,-81.267692,1652,1653,1687,1697,1698
-20.067264,-81.299807,1653,1654,1655,1656,1657,1658,1659,1660,1661,1662,1696,1697
-19.799501,-81.30156,1654,1655,1694,1695
-19.800756,-81.231472,1654,1695,1696
-20.333288,-75.43288,1665,1666,1754,1755,1756,1759
-20.166447,-75.565867,1666,1667,1668,1669,1734,1735,1758,1759
-20.533182,-74.800224,1670,1671
-20.633801,-74.797932,1670
-20.567124,-74.868005,1670,1671,1674,1675
-20.299175,-74.699198,1671,1672,1673,1674
-20.199361,-74.899607,1672,1673,1676,1677
-19.900799,-74.898589,1672
-20.366282,-74.866642,1673,1674,1675,1676
-20.501491,-74.999168,1675,1676,1677,1678
-20.167734,-75.032841,1677,1678
-20.499346,-75.033122,1678
-19.498803,-80.96742,1689,1690,1811,1812,1813,1814,1815
-19.300596,-81.099324,1690,1691,1692,1693,1694,1695,1696,1697,1698,1811
-18.866719,-81.26559,1691,1692,1809,1810,1872
-19.100251,-81.065964,1691,1810,1811,1815
-15.4,-67.5,1700,1701,2078
-15.299856,-67.70172,1701,1702,1703,1725,1726,2078,2079,2080,2085
-14.933589,-68.002023,1702,1703,2083,2084
-15.232273,-67.699187,1702,2084,2085,2086,2087
-14.934196,-68.066996,1703,1704,1705,1706,1707,1726,1727,2082,2083
-14.634703,-68.465979,1704,1705,2138
-14.833139,-68.067048,1704,2081,2082,2138,2139
-14.166366,-69.100203,1705,1706,2137,2138,2139,2158,2159,2160,2161
-14.167418,-69.20008,1706,1707,2136,2137
-14.000664,-69.499507,1707,1708,1709,1710,1727,1728,1729,1730,1731,1732,1733,2136
-13.532701,-70.099712,1708,1709,2135,2156,2157
-13.865615,-69.633131,1708,2136,2137,2157,2158
-13.533134,-70.200738,1709,1710,2134,2135
-13.199896,-70.932648,1710,1711,1712,1713,1714,1728,2134
-13.167068,-70.931835,1711,2133,2134,2135,2155,2156
-20.134699,-75.566694,1735,1736,1757,1758
-20.132554,-75.601275,1736,1737,1757,1772
-20.099443,-75.733839,1737,1771,1772,1775,1778,1779
-19.967935,-74.400388,1741,1742,1831
-19.966342,-74.498406,1742,1743,1831,1832,1833,1834,1835
-19.900039,-74.502385,1743,1744,1835,1836
-19.732493,-75.366236,1755,1756,1773,1774,1776
-19.76777,-75.500848,1756,1757,1758,1759,1772,1775,1776
-20.197938,-80.232995,1761,1762,1794,1795,1796,1798
-20.201176,-80.266787,1762,1763,1794
-20.000083,-80.266314,1763,1764,1794,1798,1800
-19.899096,-80.432731,1764,1765,1793,1797,1799,1800
-18.333892,-80.400291,1786,1787,1960,1961,1962,1963
-19.63387,-80.800641,1803,1804,1860,1861
-19.400606,-80.832536,1804,1805,1859,1860
-18.99911,-80.966768,1805,1806,1859,1897,1898,1907,1908
-18.666205,-81.032595,1806,1807,1808,1813,1814,1907
-18.565468,-81.099996,1807,1808,1933,1934
-18.466146,-81.033594,1807,1906,1907,1908,1909,1910,1934,1935
-18.667773,-81.100741,1808,1809,1810,1814,1815,1932,1933
-18.666968,-81.166631,1809,1872,1873,1932
-19.867478,-74.50094,1834,1835,1836,1837,1841,1842,1843,1844,1845,1846
-19.433309,-74.533483,1837,1838,1846
-17.59987,-80.768101,1853,1854,1990
-17.600992,-80.833651,1854,1855,1982,1988,1989,1990,1991,1992,1993,1996
-17.834173,-80.832433,1855,1856,1899,1900,1982
-18.266978,-80.83409,1856,1857,1899
-18.26649,-80.865776,1857,1858,1864,1898,1899,1900,1908,1909
-18.867721,-80.865705,1858,1859,1860,1861,1862,1863,1864,1897
-18.867081,-80.900819,1858,1897,1898
-18.134168,-79.965293,1865,1866,1928,1929
-18.833531,-76.13319,1867,1868
-19.032812,-76.435039,1867
-19.100758,-76.565421,1867,1868,1869,1870,1871
-18.566793,-75.93289,1868,1869
-18.633598,-76.200338,1869,1870
-18.731622,-76.333772,1870,1871
-18.733281,-76.565238,1871
-18.532764,-81.300516,1873,1874,1932,1933,1934,1935,1952,1953
-18.1995,-81.266807,1874,1875,1951,1952
-17.933939,-81.266965,1875,1876,1877,1878,1879,1889,1894,1895,1896,1951
-17.765323,-81.199912,1876,1877,1950,1956,1958
-17.933165,-81.199692,1876,1951,1952,1953,1956
-17.767674,-81.234287,1877,1878,1950
-17.301465,-81.233011,1878,1879,1950,1955,1957,1958,1959
-16.366796,-81.466302,1879,1880,1890,1891,1895,1949,1954,1955
-15.433094,-81.500182,1880,1881,1882,1883,1890,1947,1948
-15.433427,-81.46679,1880,1948,1949
-15.865955,-81.565943,1881,1882,2038,2039,2040,2049
-15.331819,-81.498537,1881,1946,1947,2039
-15.86665,-81.532521,1882,1883,2037,2038
-17.799373,-80.966986,1900,1901,1902,1909,1910,1982,1988
-17.401378,-81.032653,1901,1902,1986,1987
-17.666771,-80.966655,1901,1987,1988,1989
-17.400641,-81.067369,1902,1903,1904,1905,1906,1910,1985,1986
-16.566833,-81.1665,1903,1904,2006,2007,2008,2009,2023,2024,2025,2026,2027
-17.033434,-81.065587,1903,1984,1985,2006
-16.56668,-81.233085,1904,1905,1936,2022,2023
-17.566165,-81.099036,1905,1906,1935,1936,1953,1956,1958,1959
-17.700422,-75.000981,1912,1913,1966,1967
-17.598971,-74.999511,1913,1914,1915,1916,1917,1920,1965,1966
-17.865875,-75.065596,1917,1920,1921,1969,1970
-18.234523,-75.198891,1918,1919,1921,1969
-16.566585,-81.299687,1936,1937,1957,1959,2021,2022
-16.200285,-81.366315,1937,1954,1955,1957,2019,2020
-16.201573,-81.333809,1937,2020,2021
-14.067191,-81.365803,1938,1939,2093,2094
-14.133862,-81.367213,1938,2017,2018,2094,2095
-14.73329,-81.434533,1938,1939,1940,1941,1942,1943,1944,1945,1946,1947,1948,1949,1954,2018,2019
-14.065588,-81.400231,1939,1940,2093,2163
-14.066505,-81.567133,1940,1941,2162,2163,2164,2165,2166,2167,2168,2169,2170,2171,2172,2173,2174
-14.301154,-81.566973,1941,1942,2041,2042,2162
-14.399934,-81.567836,1942,1943,2041,2103,2104
-14.533638,-81.534115,1943,1944,2102,2103
-15.066007,-81.500346,1944,1945,2101,2102
-15.26551,-81.499846,1945,1946,2039,2040,2101
-17.001461,-81.066218,1983,1984,2006,2007
-17.000304,-81.000259,1983,1994,1995,2007,2008
-17.265756,-80.999902,1983,1984,1985,1986,1987,1989,1995,1996
-17.001031,-80.833105,1992,1993,1997,1998,1999,2000,2001,2005,2028
-16.999965,-80.900182,1993,1994,1995,1996,2028,2029,2030,2031,2032,2035,2036
-16.500802,-80.900654,1994,2008,2009,2034,2035
-15.631446,-80.699569,2002,2003,2052
-16.300377,-80.766296,2003,2004,2029,2030,2052,2053,2054,2062
-16.966398,-80.832957,2004,2005,2028,2029
-16.100378,-80.901117,2009,2010,2011,2012,2024,2034
-15.767172,-80.901477,2010,2011,2033,2060
-16.098839,-80.866669,2010,2033,2034,2035,2036
-15.599835,-81.000551,2011,2012,2059,2060,2065,2067,2068,2069
-15.900929,-81.132352,2012,2013,2024,2025,2059
-15.533896,-81.232419,2013,2014,2025,2026,2058
-15.531673,-81.200144,2013,2058,2059,2064,2065
-15.066523,-81.267078,2014,2015,2026,2027,2073
-15.367005,-81.232556,2014,2057,2058,2064,2073,2074
-14.701071,-81.299141,2015,2016,2017,2018,2019,2020,2021,2022,2023,2027,2072
-14.700977,-81.265907,2015,2072,2073,2074,2077
-14.232263,-81.267141,2016,2017,2095,2096,2100
-14.300748,-81.265817,2016,2071,2072,2076,2077,2096
-16.233215,-80.766985,2030,2031,2061,2062,2066
-16.232799,-80.802491,2031,2032,2061
-15.766531,-80.798676,2032,2033,2036,2060,2061,2066,2068
-15.066987,-81.66666,2040,2049,2050,2051,2101,2102,2103,2104
-14.431945,-81.66758,2041,2042,2043,2050,2104
-14.299455,-81.600031,2042,2043,2162,2174
-14.098172,-81.733841,2043,2044,2045,2046,2047,2048,2050,2051,2173,2174
-15.300149,-81.034001,2055,2056,2063,2088
-14.96728,-80.900084,2055,2088,2089,2090,2097,2098
-15.533649,-81.134077,2056,2063,2067,2069,2070
-15.300924,-81.133081,2056,2070,2071,2075,2076,2088,2097
-15.500658,-81.165525,2057,2074,2075,2076,2077
-15.533503,-81.166328,2057,2064,2065,2067,2070,2075
-14.332813,-81.165806,2071,2096,2097,2098,2099,2100
-14.966667,-67.5,2078,2079,2105
-14.9679,-67.532999,2079,2080,2105,2106,2107,2142
-14.933749,-67.533483,2080,2085,2086,2141,2142,2143,2144,2145,2159,2160
-14.799251,-67.900555,2081,2139,2140,2141,2159
-14.834287,-67.900131,2081,2082,2083,2084,2087,2140
-14.933393,-67.734118,2086,2087,2140,2141
-13.934123,-81.267312,2091,2092,2175
-13.933755,-81.335424,2092,2093,2094,2095,2099,2100,2163,2164,2175,2176,2180
-13.766667,-67.5,2105,2106,2181
-13.768246,-67.531726,2106,2107,2181,2193
-13.700646,-67.532032,2107,2108,2142,2143,2192,2193,2194,2195,2196,2197
-13.466866,-68.099358,2108,2109,2143,2144,2190,2191
-13.467595,-68.032804,2108,2191,2192
-13.20023,-68.633462,2109,2110,2144,2145,2188,2189
-13.200121,-68.567218,2109,2189,2190
-12.366053,-69.733467,2110,2145,2146,2160,2161,2186,2187
-12.367585,-69.700752,2110,2187,2188
-10.267646,-72.90052,2122,2123,2211,2227,2228,2229,2230,2231,2232
-10.699816,-72.43443,2123,2124,2125,2126,2127,2128,2151,2152,2211
-11.733137,-72.266285,2124,2125,2210,2225,2226
-11.16771,-72.433289,2124,2211,2226,2227
-11.733812,-72.199844,2125,2126,2209,2210
-12.032852,-71.933304,2126,2127,2208,2209
-12.033715,-71.901932,2127,2128,2207,2208
-12.565492,-71.634875,2128,2129,2130,2152,2153,2207
-12.632945,-71.600937,2129,2130,2205,2206
-12.634429,-71.632925,2129,2206,2207,2208,2209,2210,2224,2225
-12.966954,-71.266147,2130,2131,2153,2154,2205
-13.00088,-71.266553,2131,2204,2205,2206,2223,2224
-13.700425,-81.3659,2164,2165,2179,2180,2202
-12.266695,-81.366058,2165,2166,2201,2202,2203
-12.098967,-81.467153,2166,2167,2200,2201
-12.999837,-81.232892,2177,2178,2198
-12.999139,-81.267095,2178,2179,2198,2199,2202,2203
-8.198651,-73.034057,2212,2213,2242,2269,2270
-8.331935,-71.032594,2233,2239,2240
-8.533628,-70.965804,2233
-8.533568,-70.998004,2233,2238,2239
-7.99941,-71.132472,2234,2235
-8.165595,-70.99918,2234
-8.168003,-71.032529,2234,2235,2240,2241
-8.000936,-71.165482,2235,2236,2241
-8.133627,-71.133688,2236,2237,2238,2239,2240,2241
-8.134141,-71.166597,2236
-8.365406,-71.098787,2237,2238
-8.36676,-71.133319,2237
-3.200288,-72.099634,2248,2249,2311,2324
-3.066298,-72.199789,2249,2250,2324,2325,2345,2346
-2.966925,-72.833321,2250,2251,2344,2345
-2.966725,-73.067019,2251,2252,2253,2274,2275,2276,2277,2278,2279,2280,2281,2282,2344
-2.898736,-73.367448,2252,2253,2342,2343
-2.898524,-73.06593,2252,2343,2344,2345,2346,2347,2348,2350
-2.964871,-73.368224,2253,2254,2255,2256,2257,2258,2259,2275,2341,2342
-2.832303,-73.666437,2254,2340,2341
-1.133333,-67.5,2296,2297,2351
-1.133644,-67.534282,2297,2298,2351,2360
-1.066253,-67.533101,2298,2299,2359,2360
-1.065725,-67.566803,2299,2300,2358,2359
-0.700372,-67.934007,2300,2301,2318,2319,2357,2358
-0.632286,-68.034167,2301,2302,2319,2320,2355,2356
-0.666975,-67.9328,2301,2356,2357
-0.301674,-68.367258,2302,2303,2304,2305,2306,2307,2320,2321,2353,2354
-0.301003,-68.333427,2302,2354,2355
0.0,-68.6,2303,2304,2352
-0.232746,-68.366608,2303,2352,2353
0.0,-71.1,2304,2305,2330
-0.266152,-71.365733,2305,2306,2329,2330,2331,2332,2333,2334,2335,2336,2337,2338,2339,2349
-0.332388,-71.366679,2306,2307,2328,2329
-0.732234,-71.799315,2307,2308,2321,2322,2328
-1.166573,-71.832834,2308,2309,2322,2323,2327
-0.734333,-71.832439,2308,2327,2328,2329,2348,2349,2350
-1.799622,-71.86683,2309,2310,2323,2326
-1.166577,-71.867219,2309,2326,2327,2347,2348
-2.466814,-71.89949,2310,2311,2312,2313,2314,2315,2316,2317,2318,2319,2320,2321,2322,2323,2324,2325
-1.800888,-71.90005,2310,2325,2326,2346,2347
0.0,-67.5,2351,2352,2353,2354,2355,2356,2357,2358,2359,2360