-21.901115,30.466456,0,1,2,32,33,74
-22.5,29.9,0,49,50,51,52,53,54,55,56,74,75
-22.5,22.5,0,31,32
-21.466587,30.865971,1,2,73,80,81
-21.900891,30.500357,1,74,75,81
-21.133547,31.034603,2,3,33,34,73
-20.634415,31.200273,3,34,35,71,72
-20.966958,31.199107,3,72,73,79,80
-19.865486,31.898891,4,5,69,70
-19.967254,31.900369,4,70,71,72,78,79
-20.30066,31.500209,4,5,6,35,36,71
-19.567067,32.099536,5,6,68,69
-19.499956,32.0998,6,36,37,67,68
-19.033961,32.500897,7,8,9,10,38,39,65,66
-19.133038,32.499193,7,66,67,68,69,70,77,78
-19.133891,32.466939,7,37,38,67
-18.367249,32.966523,8,9,63,64
-18.733498,32.798574,8,64,65
-18.100236,32.968003,9,10,62,63
-17.501646,33.032848,10,11,12,39,40,61,62
-17.266088,33.167072,11,12,241,242,280,281
-17.297988,33.166256,11,60,61,242,243
-16.500778,32.866933,12,13,14,15,16,17,18,40,41,42,47,280
-14.632835,31.49844,13,14,279,399,400
-16.333173,32.867425,13,279,280,281,282,283,284,285,286,287,288,289,290,291
-14.666657,30.833358,14,15,398,399
-14.800868,30.700049,15,16,397,398
-14.865791,30.700256,16,17,397
-14.664225,28.800704,17,18,397,398,399,400,401,423,424
-14.667928,28.398824,18,19,41,423
-14.633393,27.532612,19,20,41,42,422
-14.632619,28.399834,19,422,423,424,425,426,427,428,429
-14.601297,27.067703,20,42,47,48,420,421
-14.600033,27.532572,20,421,422,429
-13.665597,24.833814,21,22,417,418,471,472
-13.835176,25.234303,21,418,419,420,421,428,429
-13.866992,25.233421,21,22,43,419
-13.532509,24.367468,22,23,24,43,44,471
-13.500722,24.265506,23,24,500,501,504
-13.499839,24.36567,23,470,471,472,490,491,501
-13.534264,24.26621,24,44,45,500
-13.432695,23.733727,25,26,468,494,495,496,499
-13.434132,23.768078,25,468,469,502,503
-13.534178,23.898164,25,26,27,45,46,500,503,504
-13.532028,23.700298,26,27,494
-13.532105,23.032293,27,28,29,30,31,32,33,34,35,36,37,38,39,40,46,47,48,494,498,499
-13.333985,22.667007,28,29,463,464,505,506
-13.332237,22.698866,28,464,465,497,498
-13.366183,22.66589,29,30,505
-13.366667,22.5,30,31,505,506
-14.100165,25.733361,43,44,45,46,48,419,420
-22.466759,31.099029,49,50,92
-22.5,31.1,49,82,83,84,92,93
-22.133049,31.500292,50,51,91,92,93,95
-22.034066,31.533484,51,52,91
-21.866865,31.767709,52,53,90,91,94,95
-21.300486,31.865577,53,54,89,90
-21.167196,31.864344,54,55,88,89
-20.033225,32.999723,55,56,87,88,111,112
-19.532917,32.966446,56,75,76,77,78,79,80,81,110,111
-18.699328,33.733254,57,58,107,108,246,247
-18.866719,33.701077,57,108,109
-18.865863,33.667667,57,58,59,76,109,110
-18.101634,33.467327,58,59,245,246
-18.099699,33.431903,59,60,61,62,63,64,65,66,76,77,244,245
-17.831675,33.432221,60,243,244
-22.234169,32.999572,82,83,116,117
-22.5,32.9,82,96,97,117,118
-22.201474,32.998517,83,84,115,116
-21.799861,33.398193,84,85,86,93,94,95,115
-20.367274,33.43353,85,86,114,124,125,126
-21.800635,33.432648,85,115,116,117,118,119,120,121,125
-20.066822,33.099944,86,87,88,89,90,94,113,114
-20.032507,33.098954,87,112,113
-22.366348,33.032071,96,97,146,147
-22.5,33.033333,96,127,128,129,130,131,132,133,134,147,148
-22.000522,33.331995,97,98,118,119,146
-21.833117,33.500046,98,99,119,120,145
-22.000038,33.400006,98,145,146,147,148,153
-21.600841,33.56669,99,100,120,121,144
-21.834269,33.567813,99,144,145,152,153
-21.033367,33.567233,100,121,122,123,125,126,142,143
-21.598865,33.634037,100,143,144,151,152
-20.099525,33.967034,101,122,123,140,141
-20.599464,33.899828,101,141,142,143,150,151
-20.599643,33.867538,101,122,142
-19.665986,34.265774,102,103,104,105,106,107,108,109,110,111,112,113,114,124,138,139
-19.899746,34.101638,102,139,140,141,149,150
-19.900102,34.033688,102,123,124,126,140
-19.399251,34.567269,103,104,136,137,212,250,251
-19.667038,34.331699,103,137,138
-19.100291,34.266228,104,105,249,250
-19.100762,34.232448,105,106,248,249
-18.733712,33.934407,106,107,247,248
-22.332614,36.133019,127,128,190,191,192,193,194,195,196,197,198,199,200,201,202,203,204,209
-22.5,36.133333,127,154,155,191
-22.333991,36.100543,128,129,190
-21.966958,36.097751,129,130,189,190,209,211
-21.499932,35.866185,130,131,188,189
-21.501002,35.832054,131,132,188
-21.166684,35.833159,132,133,187,188,189,208,210,211
-20.766482,35.399978,133,134,186,187
-20.766409,35.366998,134,148,149,150,151,152,153,185,186
-19.399904,34.600459,135,136,183,184,212
-19.800151,35.000236,135,184,185,186,187,207,208
-19.834173,35.001,135,136,137,138,139,149,185
-14.9,45.0,154,155,292
-22.5,45.0,154
-14.867382,44.767504,155,156,157,191,192,292,293,294,295,296,297,298,299,360
-14.834123,44.666092,156,157,358,359
-14.76794,44.666583,156,359,360,361,362,363,364,365,366,367,368,369,370,371,372,373,374,375,376,377,378,379,380,381,394,395,396
-14.834117,43.567943,157,158,159,160,192,193,358
-14.666059,42.667084,158,159,356,357
-14.666071,43.133397,158,357,358,359,393,394
-14.700737,42.664913,159,160,355,356
-14.700956,41.732736,160,161,193,194,354,355
-14.532211,41.09863,161,162,163,194,195,353
-14.533938,41.200518,161,353,354
-14.467232,40.933555,162,163,351,352
-14.466439,41.099922,162,352,353,354,355,356,357,392,393
-14.366844,40.366939,163,164,195,196,351
-14.166307,39.565653,164,165,196,197,350
-14.231991,39.933262,164,350,351,352,392
-14.136271,38.899846,165,166,197,198,349
-14.131507,39.567461,165,349,350,391,392,393,394,396
-14.133826,38.466677,166,167,168,169,170,171,172,198,199,348
-14.067523,38.600664,166,348,349,390,391
-14.066807,38.400949,167,168,347,388,389
-14.065408,38.467613,167,348,389,390
-14.134787,38.400878,168,169,346,347
-14.168275,38.234949,169,170,226,227,346
-14.36612,38.234978,170,171,226
-14.767163,37.899815,171,172,225,226,227,228,229,259,260
-14.933497,37.900344,172,173,199,200,225
-15.333486,37.467001,173,174,200,201,224
-14.932951,37.833465,173,224,225,258,259
-15.466986,37.433711,174,175,201,202,223
-15.333428,37.433373,174,223,224,257,258
-15.86757,37.19936,175,176,202,203,222
-15.766588,37.200082,175,222,223,256,257
-16.333986,36.73321,176,177,178,203,204,221
-15.866858,37.132731,176,221,222,255,256
-16.801017,36.267335,177,178,219,220
-16.332461,36.667199,177,220,221,254,255
-16.834187,36.266369,178,179,204,205,206,209,210,211,218,219
-17.634233,35.366999,179,180,205,217
-17.466182,35.53209,179,217,218
-17.700862,35.300473,180,181,182,205,206,216
-17.63432,35.297736,180,216,217,218,219,220,253,254
-18.535147,34.966114,181,182,214,215
-18.031062,34.898239,181,215,216,252,253
-18.866668,34.899688,182,206,207,208,210,213,214
-19.233388,34.597509,183,212,213,214,215,251,252
-19.233506,34.633211,183,184,207,213
-14.100242,38.234475,227,228,345,346,347,388
-14.099524,38.133119,228,229,344,345
-13.933474,37.766679,229,230,260,261,344
-13.865591,37.133856,230,261,262,342,343
-13.866345,37.765633,230,343,344,345,387,388,389,390,391,395,396
-13.833382,35.700183,231,232,268,269,340,341
-13.700542,36.199399,231,341,342,343,386,387
-13.7651,36.43378,231,232,233,234,235,236,237,262,342
-14.200901,35.433115,232,233,267,268
-14.533587,35.135343,233,234,266,267
-14.56617,35.132997,234,235,266
-14.867476,34.733185,235,236,265,266,267,268,269,284,285
-15.467009,34.365526,236,237,264,265
-15.533424,34.367344,237,238,239,240,241,242,243,244,245,246,247,248,249,250,251,252,253,254,255,256,257,258,259,260,261,262,264
-16.001354,33.833912,238,239,263,282,283
-15.530941,34.298793,238,264,265,283,284
-16.166968,33.833553,239,240,263
-16.834557,33.36748,240,241,263,281,282
-13.834832,34.434389,269,270,285,286,340
-13.766231,34.03506,270,271,286,287,339
-13.766693,34.433353,270,339,340,341,385,386
-13.732164,33.434418,271,272,287,288,338
-13.733326,34.034193,271,338,339,384,385
-13.699949,32.865698,272,273,274,288,289,337
-13.69926,33.433367,272,337,338,383,384
-13.666023,32.432529,273,274,335,336
-13.598828,32.699204,273,336,337,382,383
-13.665899,32.333534,274,275,289,290,335
-13.600514,32.166601,275,276,277,278,290,291,333,334
-13.599148,32.334077,275,334,335,336,382
-13.533195,31.965379,276,277,402,438,439
-13.499516,32.066967,276,332,333,439,440
-14.432955,31.599951,277,278,401,402,403,404,405,406,407,408,409,410,411,412,413,414,415,424,425
-14.499971,31.599475,278,279,291,400,401
-6.8,45.0,292,293,556
-6.666649,44.832677,293,294,556,575
-6.165774,44.66745,294,295,574,575,581
-5.765589,44.433859,295,296,573,574
-5.766554,44.398925,296,297,573
-5.598683,44.367681,297,298,572,573,574,580,581
-5.399965,44.166485,298,299,571,572
-5.399125,44.134575,299,300,301,302,303,304,305,360,361,571
-4.666885,43.964915,300,301,569,570
-5.067188,44.134143,300,570,571,572,579,580
-4.666713,43.932687,301,302,569
-3.700479,43.599109,302,303,568,569,570,578,579
-3.43372,43.368172,303,304,568
-3.068106,43.200398,304,305,567,568,577,578
-2.432948,42.799711,305,361,362,566,567
-1.432619,42.133987,306,307,308,309,363,364,565
-1.867518,42.601452,306,565,566,567,576,577
-1.900475,42.601095,306,362,363,566
-1.265878,42.200255,307,308,563,564
-1.433836,42.1996,307,564,565,576
-0.900269,42.066893,308,309,562,563
-0.899204,42.032019,309,310,311,364,365,561,562
-0.334043,41.831753,310,311,559,560
-0.700364,42.033171,310,560,561
-0.332996,41.800378,311,312,313,314,315,316,317,318,365,366,558,559
0.0,41.733333,312,313,557
-0.100323,41.800775,312,557,558
0.0,40.433333,313,314,520,521
-0.600158,40.099845,314,315,520
-0.932751,39.865022,315,316,519,520,521,522,523,551,554,555
-1.134381,39.867519,316,317,518,519
-1.600954,39.599695,317,318,517,518
-2.134249,39.132454,318,319,366,367,517
-3.067919,38.733498,319,367,368,515,516
-2.132657,39.100437,319,516,517,518,519,550,551
-4.166965,38.132265,320,321,322,369,370,514
-3.699962,38.332582,320,514,515,516,549,550
-3.434096,38.534153,320,368,369,515
-4.566836,37.767005,321,322,512,513
-4.500315,37.765923,321,513,514,548,549
-4.899348,37.499374,322,323,370,371,512
-5.265563,37.300534,323,324,371,372,511
-4.898666,37.465667,323,511,512,513,547,548
-5.966656,36.63296,324,325,372,373,510
-5.89907,36.633593,324,510,511,546,547
-6.400373,36.16705,325,326,373,374,509
-5.966516,36.598659,325,509,510,545,546
-7.367561,35.599236,326,374,375,507,508
-6.634211,35.898152,326,508,509,544,545
-8.400009,34.999023,327,376,377,447,448
-7.967181,34.999818,327,448,449,507,508,543,544
-7.898805,35.13457,327,375,376,507
-9.567996,34.333099,328,329,444,445
-9.233239,34.499086,328,445,446,447,448,449,450,451,452,480,481
-9.23388,34.532089,328,329,378,379,446
-9.601465,34.333543,329,330,331,379,380,444
-12.299588,32.700329,330,331,442,443
-10.699668,33.46682,330,443,444,445,479,480
-12.799408,32.466965,331,380,381,441,442
-13.100171,32.132795,332,440,441,442,443,478,479
-13.098647,32.166899,332,333,334,381,382,383,384,385,386,387,395,441
-8.867122,34.767545,377,378,446,447
-13.667763,31.600408,402,403,437,438
-13.666278,31.16573,403,404,437
-13.532645,31.000561,404,405,436,437,438,439,440,477,478
-13.599426,30.531919,405,406,435,436
-13.63428,30.533687,406,407,434,435
-13.666958,29.467186,407,408,433,434
-13.734214,28.933447,408,409,433
-13.700387,28.134717,409,410,433,434,435,436,477
-13.701803,27.899259,410,411,432,476,477,478,479,480,481,482,483,484,485,486,487,493
-13.798728,27.565958,411,412,431,432
-13.833865,27.566315,412,413,431
-13.833309,27.133586,413,414,430,431,432,475,476
-13.900001,26.867102,414,415,430
-13.901376,26.434259,415,416,425,426,430,475
-13.833103,25.56726,416,426,427,473,474
-13.832036,26.433816,416,474,475,476,492,493
-13.666536,25.066771,417,472,473,474,491,492
-13.699661,25.066413,417,418,427,428,473
-7.800728,34.800787,449,450,542,543
-7.800289,34.76677,450,451,541,542
-6.801049,33.797568,451,452,540,541
-6.800714,33.768385,452,481,482,539,540
-4.834283,33.43303,453,454,537,538
-5.299638,33.933404,453,538,539,540,541,542,543,544,545,546,547,548,549,550,551,553,554
-5.866687,33.732778,453,454,482,483,539
-4.834992,33.400587,454,455,483,484,537
-4.134126,32.699549,455,484,485,535,536
-4.766771,33.399529,455,536,537,538,553
-2.133015,31.833845,456,457,533,534
-2.531949,32.231482,456,534,535,536,552,553,554,555
-3.134201,32.402203,456,457,458,459,485,486,535
-2.000005,31.40109,457,458,532,533
-1.667597,31.099898,458,459,531,532
-1.401259,30.79895,459,486,487,530,531
0.0,29.7,460,461,527,528
-0.766872,30.467455,460,528,529
-0.800835,30.466698,460,461,462,463,464,465,487,488,489,490,491,492,493,529,530
0.0,22.5,461,462
-13.333333,22.5,462,463,506
-13.266228,23.098469,465,466,467,488,497
-13.365552,23.499773,466,467,495,496
-13.433931,23.500044,466,496,497,498,499
-13.365955,23.600179,467,468,469,488,489,495
-13.332666,24.232682,469,470,489,490,502
-13.367534,24.233264,470,501,502,503,504
0.0,31.0,521,522,582,583,584,585,586,587
-0.566911,30.966537,522,523,582
-0.566724,30.865995,523,524,525,552,555,582,587
-0.333215,30.699281,524,525,585,586
-0.501454,30.868397,524,586,587
-0.333944,30.633919,525,526,527,528,529,530,531,532,533,534,552,584,585
0.0,30.433333,526,527,583
-0.233289,30.63245,526,583,584
0.0,45.0,556,557,558,559,560,561,562,563,564,575,576,577,578,579,580,581