0,1,2,1,1,1,29504
3,2,4,1,0,1
5,6,7,1,1,1
8,7,9,1,0,1
10,9,11,1,0,1
12,13,14,1,1,1
15,14,16,1,0,1
17,18,19,1,1,1
20,19,21,1,0,1
22,23,24,1,1,1
25,24,26,1,0,1
27,26,28,1,0,1
29,28,30,1,0,1
31,30,32,1,0,1
33,32,34,1,0,1
35,34,36,1,0,1
37,36,38,1,0,1
39,38,40,1,0,1
41,40,42,1,0,1
43,42,44,1,0,1
45,44,46,1,0,1
47,46,48,1,0,1
49,48,50,1,0,1
51,50,52,1,0,1
53,52,54,1,0,1
55,54,56,1,0,1
57,56,58,1,0,1
59,58,60,1,0,1
61,60,62,1,0,1
63,62,64,1,0,1
65,64,66,1,0,1
67,66,68,1,0,1
69,68,70,1,0,1
71,70,72,1,0,1
73,72,74,1,0,1
75,74,76,1,0,1
77,76,78,1,0,1
79,78,80,1,0,1
81,80,82,1,0,1
83,82,84,1,0,1
85,84,86,1,0,1
87,86,88,1,0,1
89,88,90,1,0,1
91,90,92,1,0,1
93,92,94,1,0,1
95,96,97,1,1,1
98,97,99,1,0,1
100,99,101,1,0,1
102,101,103,1,0,1
104,103,105,1,0,1
106,105,107,1,0,1
4,107,108,0,0,1
11,108,109,0,0,1
16,109,110,0,0,1
21,110,111,0,0,1
112,111,94,1,0,0
113,114,115,1,1,1,30272
116,115,117,1,0,1
10,13,118,0,0,1
8,118,119,0,0,1
3,6,120,0,0,1
117,0,121,0,0,1
119,121,122,0,0,1
5,122,120,0,0,0
123,124,125,1,1,1,28992
126,125,127,1,0,1
128,127,129,1,0,1
130,129,131,1,0,1
132,131,133,1,0,1
134,133,135,1,0,1
27,135,136,0,0,1
25,136,137,0,0,1
22,137,138,0,0,1
23,138,139,0,0,1
20,112,140,0,0,1
17,140,141,0,0,1
15,18,142,0,0,1
12,142,143,0,0,1
116,143,144,0,0,1
113,144,145,0,0,1
139,145,141,0,0,0
146,147,148,1,1,1,29152
149,148,150,1,0,1
151,150,152,1,0,1
153,152,154,1,0,1
155,154,156,1,0,1
157,156,158,1,0,1
159,158,160,1,0,1
161,160,162,1,0,1
163,162,164,1,0,1
165,164,166,1,0,1
167,166,168,1,0,1
169,168,170,1,0,1
171,170,172,1,0,1
173,172,174,1,0,1
175,174,176,1,0,1
177,176,178,1,0,1
179,178,180,1,0,1
181,180,182,1,0,1
183,182,184,1,0,1
185,184,186,1,0,1
187,186,188,1,0,1
189,188,190,1,0,1
132,134,191,0,0,1
130,191,192,0,0,1
128,192,193,0,0,1
126,193,194,0,0,1
195,123,196,1,0,1
190,196,194,0,0,0
187,189,197,0,0,1,29664
183,185,198,0,0,1
177,179,199,0,0,1
175,199,200,0,0,1
171,173,201,0,0,1
169,201,202,0,0,1
163,165,203,0,0,1
159,161,204,0,0,1
157,204,205,0,0,1
153,155,206,0,0,1
149,151,207,0,0,1
146,207,208,0,0,1
209,208,210,1,0,1
211,210,212,1,0,1
213,212,214,1,0,1
215,214,216,1,0,1
217,216,218,1,0,1
219,218,220,1,0,1
221,220,222,1,0,1
223,222,224,1,0,1
225,226,227,1,1,1
228,229,230,1,1,1
231,232,233,1,1,1
234,235,236,1,1,1
237,236,238,1,0,1
239,240,241,1,1,1
242,243,244,1,1,1
245,244,246,1,0,1
247,248,249,1,1,1
250,249,251,1,0,1
252,253,254,1,1,1
255,256,257,1,1,1
258,259,260,1,1,1
261,262,263,1,1,1
264,263,265,1,0,1
266,265,267,1,0,1
268,269,270,1,1,1
271,272,273,1,1,1
274,275,276,1,1,1
49,277,278,0,1,1
47,278,279,0,0,1
45,279,280,0,0,1
43,280,281,0,0,1
41,281,282,0,0,1
37,39,283,0,0,1
35,283,284,0,0,1
31,33,285,0,0,1
197,29,286,0,0,1
198,286,287,0,0,1
181,287,288,0,0,1
200,288,289,0,0,1
202,289,290,0,0,1
205,203,291,0,0,1
206,291,292,0,0,1
224,292,293,0,0,1
227,293,294,0,0,1
295,294,296,1,0,1
230,296,297,0,0,1
233,297,298,0,0,1
238,298,299,0,0,1
241,299,300,0,0,1
246,300,301,0,0,1
251,301,302,0,0,1
254,302,303,0,0,1
304,303,305,1,0,1
257,305,306,0,0,1
307,306,308,1,0,1
260,308,309,0,0,1
267,309,310,0,0,1
270,310,311,0,0,1
273,311,312,0,0,1
276,312,313,0,0,1
314,313,315,1,0,1
282,315,316,0,0,1
284,316,317,0,0,1
290,285,318,0,0,1
167,318,317,0,0,0
102,104,319,0,0,1,29520
98,100,320,0,0,1
321,320,322,1,0,1
323,322,324,1,0,1
325,324,326,1,0,1
327,326,328,1,0,1
329,328,330,1,0,1
331,330,332,1,0,1
333,332,334,1,0,1
335,334,336,1,0,1
337,336,338,1,0,1
339,340,341,1,1,1
342,341,343,1,0,1
344,343,345,1,0,1
338,319,346,0,0,1
347,346,345,1,0,0
91,93,348,0,0,1,29520
349,89,350,1,0,1
351,350,352,1,0,1
353,354,355,1,1,1
96,355,356,0,0,1
348,356,352,0,0,0
85,87,357,0,0,1,29568
83,357,358,0,0,1
79,81,359,0,0,1
77,359,360,0,0,1
73,75,361,0,0,1
69,71,362,0,0,1
65,67,363,0,0,1
63,363,364,0,0,1
59,61,365,0,0,1
57,365,366,0,0,1
55,366,367,0,0,1
53,367,368,0,0,1
277,51,369,0,0,1
314,369,370,0,0,1
274,370,371,0,0,1
372,371,373,1,0,1
374,373,375,1,0,1
376,375,377,1,0,1
378,377,379,1,0,1
380,379,381,1,0,1
382,381,383,1,0,1
384,383,385,1,0,1
386,385,387,1,0,1
388,387,389,1,0,1
390,389,391,1,0,1
392,391,393,1,0,1
394,393,395,1,0,1
396,395,397,1,0,1
398,397,399,1,0,1
400,399,401,1,0,1
402,403,404,1,1,1
405,406,407,1,1,1
408,409,410,1,1,1
411,412,413,1,1,1
414,415,416,1,1,1
417,418,419,1,1,1
420,421,422,1,1,1
423,424,425,1,1,1
426,427,428,1,1,1
429,428,430,1,0,1
431,432,433,1,1,1
434,433,435,1,0,1
436,437,438,1,1,1
439,438,440,1,0,1
441,442,443,1,1,1
444,445,446,1,1,1
447,448,449,1,1,1
450,451,452,1,1,1
453,454,455,1,1,1
456,457,458,1,1,1
459,460,461,1,1,1
462,461,463,1,0,1
464,465,466,1,1,1
342,466,467,0,0,1
339,467,468,0,0,1
347,340,469,0,0,1
337,469,470,0,0,1
335,470,471,0,0,1
333,471,472,0,0,1
329,331,473,0,0,1
325,327,474,0,0,1
323,474,475,0,0,1
95,321,476,0,0,1
353,476,477,0,0,1
351,354,478,0,0,1
358,349,479,0,0,1
360,479,480,0,0,1
364,362,481,0,0,1
368,481,482,0,0,1
401,482,483,0,0,1
404,483,484,0,0,1
407,484,485,0,0,1
486,485,487,1,0,1
410,487,488,0,0,1
489,488,490,1,0,1
413,490,491,0,0,1
416,491,492,0,0,1
419,492,493,0,0,1
422,493,494,0,0,1
425,494,495,0,0,1
430,495,496,0,0,1
435,496,497,0,0,1
440,497,498,0,0,1
443,498,499,0,0,1
446,499,500,0,0,1
449,500,501,0,0,1
452,501,502,0,0,1
503,502,504,1,0,1
455,504,505,0,0,1
506,505,507,1,0,1
458,507,508,0,0,1
463,508,509,0,0,1
468,509,510,0,0,1
472,510,511,0,0,1
473,511,512,0,0,1
477,475,513,0,0,1
480,478,514,0,0,1
512,361,515,0,0,1
513,515,514,0,0,0
275,372,516,0,0,1,29648
271,516,517,0,0,1
268,272,518,0,0,1
266,269,519,0,0,1
264,519,520,0,0,1
261,520,521,0,0,1
258,262,522,0,0,1
259,522,523,0,0,1
307,523,524,0,0,1
255,524,525,0,0,1
304,256,526,0,0,1
252,526,527,0,0,1
250,253,528,0,0,1
247,528,529,0,0,1
245,248,530,0,0,1
242,530,531,0,0,1
239,243,532,0,0,1
237,240,533,0,0,1
534,533,535,1,0,1
536,535,537,1,0,1
538,537,539,1,0,1
540,539,541,1,0,1
542,541,543,1,0,1
544,545,546,1,1,1
547,548,549,1,1,1
550,549,551,1,0,1
552,551,553,1,0,1
554,555,556,1,1,1
557,558,559,1,1,1
560,559,561,1,0,1
562,563,564,1,1,1
565,564,566,1,0,1
567,568,569,1,1,1
570,571,572,1,1,1
573,574,575,1,1,1
576,575,577,1,0,1
578,579,580,1,1,1
581,582,583,1,1,1
584,583,585,1,0,1
586,587,588,1,1,1
589,590,591,1,1,1
592,591,593,1,0,1
594,595,596,1,1,1
597,596,598,1,0,1
599,600,601,1,1,1
602,601,603,1,0,1
604,605,606,1,1,1
607,608,609,1,1,1
610,611,612,1,1,1
613,612,614,1,0,1
615,616,617,1,1,1
618,617,619,1,0,1
620,621,622,1,1,1
623,624,625,1,1,1
626,625,627,1,0,1
628,629,630,1,1,1
631,632,633,1,1,1
634,633,635,1,0,1
636,637,638,1,1,1
639,638,640,1,0,1
465,640,641,0,0,1
462,641,642,0,0,1
459,642,643,0,0,1
460,643,644,0,0,1
456,644,645,0,0,1
457,645,646,0,0,1
506,646,647,0,0,1
453,647,648,0,0,1
454,648,649,0,0,1
503,649,650,0,0,1
450,650,651,0,0,1
451,651,652,0,0,1
447,652,653,0,0,1
448,653,654,0,0,1
444,654,655,0,0,1
445,655,656,0,0,1
441,656,657,0,0,1
442,657,658,0,0,1
439,658,659,0,0,1
436,659,660,0,0,1
437,660,661,0,0,1
434,661,662,0,0,1
431,662,663,0,0,1
429,432,664,0,0,1
426,664,665,0,0,1
423,427,666,0,0,1
420,424,667,0,0,1
417,421,668,0,0,1
414,418,669,0,0,1
411,415,670,0,0,1
489,412,671,0,0,1
408,671,672,0,0,1
486,409,673,0,0,1
405,673,674,0,0,1
402,406,675,0,0,1
400,403,676,0,0,1
398,676,677,0,0,1
392,394,678,0,0,1
390,678,679,0,0,1
388,679,680,0,0,1
386,680,681,0,0,1
384,681,682,0,0,1
382,682,683,0,0,1
380,683,684,0,0,1
376,378,685,0,0,1
374,685,686,0,0,1
517,686,687,0,0,1
518,687,688,0,0,1
521,688,689,0,0,1
525,689,690,0,0,1
527,690,691,0,0,1
529,691,692,0,0,1
531,692,693,0,0,1
532,693,694,0,0,1
543,694,695,0,0,1
546,695,696,0,0,1
553,696,697,0,0,1
556,697,698,0,0,1
561,698,699,0,0,1
566,699,700,0,0,1
569,700,701,0,0,1
572,701,702,0,0,1
703,702,704,1,0,1
577,704,705,0,0,1
580,705,706,0,0,1
707,706,708,1,0,1
585,708,709,0,0,1
588,709,710,0,0,1
593,710,711,0,0,1
598,711,712,0,0,1
603,712,713,0,0,1
606,713,714,0,0,1
609,714,715,0,0,1
614,715,716,0,0,1
619,716,717,0,0,1
622,717,718,0,0,1
627,718,719,0,0,1
720,719,721,1,0,1
630,721,722,0,0,1
635,722,723,0,0,1
724,723,725,1,0,1
726,725,727,1,0,1
665,663,728,0,0,1
666,728,729,0,0,1
667,729,730,0,0,1
668,730,731,0,0,1
669,731,732,0,0,1
670,732,733,0,0,1
672,733,734,0,0,1
674,734,735,0,0,1
675,735,736,0,0,1
677,736,737,0,0,1
396,737,738,0,0,1
684,738,727,0,0,0
739,211,740,1,0,1,31712
741,740,742,1,0,1
743,742,744,1,0,1
745,746,747,1,1,1
748,747,749,1,0,1
750,751,752,1,1,1
534,752,753,0,0,1
234,753,754,0,0,1
235,754,755,0,0,1
231,755,756,0,0,1
232,756,757,0,0,1
228,757,758,0,0,1
295,229,759,0,0,1
225,759,760,0,0,1
223,226,761,0,0,1
219,221,762,0,0,1
215,217,763,0,0,1
744,213,764,0,0,1
765,764,766,1,0,1
749,766,767,0,0,1
768,767,769,1,0,1
760,758,770,0,0,1
761,770,771,0,0,1
762,771,772,0,0,1
763,772,769,0,0,0
750,536,773,0,0,1,31696
768,751,774,0,0,1
748,774,775,0,0,1
745,775,776,0,0,1
765,746,777,0,0,1
741,743,778,0,0,1
779,778,780,1,0,1
781,780,782,1,0,1
783,782,784,1,0,1
785,784,786,1,0,1
787,786,788,1,0,1
789,788,790,1,0,1
791,790,792,1,0,1
793,792,794,1,0,1
795,794,796,1,0,1
797,798,799,1,1,1
800,801,802,1,1,1
803,802,804,1,0,1
805,806,807,1,1,1
808,809,810,1,1,1
811,810,812,1,0,1
813,814,815,1,1,1
816,815,817,1,0,1
818,819,820,1,1,1
821,822,823,1,1,1
824,823,825,1,0,1
826,827,828,1,1,1
829,830,831,1,1,1
832,831,833,1,0,1
834,835,836,1,1,1
837,838,839,1,1,1
840,841,842,1,1,1
843,842,844,1,0,1
845,844,846,1,0,1
847,846,848,1,0,1
849,848,850,1,0,1
615,850,851,0,0,1
616,851,852,0,0,1
613,852,853,0,0,1
610,853,854,0,0,1
611,854,855,0,0,1
607,855,856,0,0,1
608,856,857,0,0,1
604,857,858,0,0,1
605,858,859,0,0,1
602,859,860,0,0,1
599,860,861,0,0,1
600,861,862,0,0,1
597,862,863,0,0,1
594,863,864,0,0,1
595,864,865,0,0,1
592,865,866,0,0,1
589,866,867,0,0,1
590,867,868,0,0,1
586,868,869,0,0,1
587,869,870,0,0,1
584,870,871,0,0,1
581,871,872,0,0,1
582,872,873,0,0,1
707,873,874,0,0,1
578,874,875,0,0,1
579,875,876,0,0,1
576,876,877,0,0,1
573,877,878,0,0,1
574,878,879,0,0,1
703,879,880,0,0,1
570,880,881,0,0,1
571,881,882,0,0,1
567,882,883,0,0,1
568,883,884,0,0,1
565,884,885,0,0,1
562,885,886,0,0,1
563,886,887,0,0,1
560,887,888,0,0,1
557,888,889,0,0,1
558,889,890,0,0,1
554,890,891,0,0,1
552,555,892,0,0,1
550,892,893,0,0,1
544,548,894,0,0,1
542,545,895,0,0,1
540,895,896,0,0,1
773,538,897,0,0,1
796,777,898,0,0,1
799,898,899,0,0,1
804,899,900,0,0,1
807,900,901,0,0,1
812,901,902,0,0,1
817,902,903,0,0,1
820,903,904,0,0,1
905,904,906,1,0,1
825,906,907,0,0,1
908,907,909,1,0,1
828,909,910,0,0,1
911,910,912,1,0,1
833,912,913,0,0,1
836,913,914,0,0,1
839,914,915,0,0,1
891,915,916,0,0,1
893,916,917,0,0,1
547,917,918,0,0,1
894,918,919,0,0,1
897,896,920,0,0,1
776,920,919,0,0,0
921,781,922,1,0,1,28880
840,923,924,0,1,1
841,924,925,0,0,1
837,925,926,0,0,1
838,926,927,0,0,1
834,927,928,0,0,1
835,928,929,0,0,1
832,929,930,0,0,1
829,930,931,0,0,1
830,931,932,0,0,1
911,932,933,0,0,1
826,933,934,0,0,1
827,934,935,0,0,1
908,935,936,0,0,1
824,936,937,0,0,1
821,937,938,0,0,1
822,938,939,0,0,1
905,939,940,0,0,1
818,940,941,0,0,1
819,941,942,0,0,1
816,942,943,0,0,1
813,943,944,0,0,1
814,944,945,0,0,1
811,945,946,0,0,1
808,946,947,0,0,1
809,947,948,0,0,1
805,948,949,0,0,1
806,949,950,0,0,1
803,950,951,0,0,1
800,951,952,0,0,1
801,952,953,0,0,1
797,953,954,0,0,1
798,954,955,0,0,1
795,955,956,0,0,1
793,956,957,0,0,1
791,957,958,0,0,1
789,958,959,0,0,1
787,959,960,0,0,1
785,960,961,0,0,1
783,961,922,0,0,0
849,618,962,0,0,1,29392
845,847,963,0,0,1
964,963,965,1,0,1
632,965,966,0,0,1
628,966,967,0,0,1
629,967,968,0,0,1
626,720,969,0,0,1
623,969,970,0,0,1
620,624,971,0,0,1
962,621,972,0,0,1
970,968,973,0,0,1
971,973,972,0,0,0
634,724,974,0,0,1,33744
975,974,976,1,0,1
637,976,726,0,0,0