0,1,0,167
1,2,0,-1
2,0,0,1
3,0,1,167
2,3,1,2
4,3,2,166
2,4,2,3
5,4,3,165
2,5,3,4
6,5,4,164
2,6,4,5
7,6,5,163
2,7,5,6
8,7,6,163
2,8,6,7
9,8,7,162
2,9,7,8
10,9,8,161
2,10,8,9
11,10,9,160
2,11,9,10
12,11,10,159
2,12,10,11
13,12,11,158
2,13,11,12
14,13,12,157
2,14,12,13
15,14,13,157
2,15,13,14
16,15,14,156
2,16,14,15
17,16,15,155
2,17,15,16
18,17,16,154
2,18,16,17
19,18,17,154
2,19,17,18
20,19,18,184
2,20,18,19
21,20,19,153
2,21,19,20
22,21,20,153
2,22,20,21
23,22,21,152
2,23,21,22
24,23,22,151
2,24,22,23
25,24,23,151
2,25,23,24
26,25,24,150
2,26,24,25
27,26,25,149
2,27,25,26
28,27,26,148
2,28,26,27
29,28,27,147
2,29,27,28
30,29,28,146
2,30,28,29
31,30,29,145
2,31,29,30
32,31,30,144
2,32,30,31
33,32,31,143
2,33,31,32
34,33,32,142
2,34,32,33
35,34,33,141
2,35,33,34
36,35,34,140
2,36,34,35
37,36,35,139
2,37,35,36
38,37,36,138
2,38,36,37
39,38,37,137
2,39,37,38
40,39,38,136
2,40,38,39
41,40,39,135
2,41,39,40
42,41,40,134
2,42,40,66
43,44,41,132
44,45,41,133
45,43,41,68
46,47,42,131
47,43,42,132
43,46,42,69
48,49,43,130
49,46,43,131
46,48,43,44
50,48,44,129
46,50,44,45
51,50,45,128
46,51,45,70
52,53,46,126
53,54,46,127
54,52,46,72
55,56,47,124
56,52,47,125
52,55,47,73
57,58,48,122
58,59,48,123
59,57,48,49
60,57,49,378
59,60,49,50
61,60,50,412
59,61,50,51
62,61,51,411
59,62,51,52
63,62,52,410
59,63,52,53
64,63,53,260
59,64,53,54
65,64,54,259
59,65,54,55
66,65,55,258
59,66,55,56
67,66,56,257
59,67,56,57
68,67,57,256
59,68,57,58
69,68,58,255
59,69,58,75
70,71,59,253
71,69,59,254
69,70,59,76
72,73,60,252
73,70,60,253
70,72,60,77
74,75,61,285
75,72,61,252
72,74,61,62
76,74,62,251
72,76,62,78
77,78,63,239
78,76,63,251
76,77,63,79
79,80,64,237
80,81,64,238
81,79,64,80
2,82,65,-1
82,79,65,237
79,2,65,66
79,42,66,67
45,42,67,133
79,45,67,68
79,43,68,69
79,46,69,70
79,51,70,71
54,51,71,127
79,54,71,72
79,52,72,73
79,55,73,74
59,55,74,123
79,59,74,75
79,69,75,76
79,70,76,77
79,72,77,78
79,76,78,79
79,77,79,80
81,77,80,238
83,84,81,-1
84,1,81,-1
1,83,81,82
85,83,82,188
1,85,82,83
86,85,83,221
1,86,83,84
87,86,84,220
1,87,84,85
88,87,85,219
1,88,85,86
89,88,86,219
1,89,86,87
90,89,87,218
1,90,87,88
91,90,88,218
1,91,88,89
92,91,89,217
1,92,89,90
93,92,90,216
1,93,90,91
94,93,91,216
1,94,91,92
95,94,92,215
1,95,92,93
96,95,93,214
1,96,93,94
97,96,94,214
1,97,94,95
98,97,95,213
1,98,95,96
99,98,96,213
1,99,96,97
100,99,97,212
1,100,97,98
101,100,98,211
1,101,98,99
102,101,99,210
1,102,99,100
103,102,100,210
1,103,100,101
104,103,101,209
1,104,101,102
105,104,102,208
1,105,102,103
106,105,103,208
1,106,103,104
107,106,104,207
1,107,104,105
108,107,105,207
1,108,105,168
109,110,106,205
110,108,106,206
108,109,106,169
111,112,107,203
112,113,107,204
113,111,107,171
114,115,108,292
115,111,108,203
111,114,108,172
116,117,109,328
117,114,109,329
114,116,109,173
118,119,110,327
119,116,110,328
116,118,110,111
120,118,111,326
116,120,111,112
121,120,112,339
116,121,112,113
122,121,113,338
116,122,113,114
123,122,114,338
116,123,114,174
124,125,115,377
125,123,115,365
123,124,115,116
126,124,116,364
123,126,116,117
127,126,117,363
123,127,117,175
128,129,118,362
129,127,118,363
127,128,118,119
130,128,119,361
127,130,119,176
131,132,120,360
132,130,120,361
130,131,120,121
57,131,121,359
130,57,121,122
130,58,122,177
58,55,123,124
58,56,124,125
58,52,125,126
58,53,126,178
53,51,127,128
53,50,128,129
53,48,129,130
53,49,130,179
49,47,131,180
47,44,132,181
44,42,133,134
44,41,134,135
44,40,135,136
44,39,136,137
44,38,137,138
44,37,138,139
44,36,139,140
44,35,140,141
44,34,141,142
44,33,142,143
44,32,143,144
44,31,144,145
44,30,145,146
44,29,146,147
44,28,147,148
44,27,148,149
44,26,149,150
44,25,150,182
25,23,151,152
25,22,152,182
22,20,153,183
19,17,154,155
19,16,155,156
19,15,156,185
15,13,157,158
15,12,158,159
15,11,159,160
15,10,160,161
15,9,161,162
15,8,162,185
8,6,163,164
8,5,164,165
8,4,165,166
8,3,166,186
3,1,167,168
3,108,168,169
3,109,169,170
113,109,170,204
3,113,170,171
3,111,171,172
3,114,172,173
3,116,173,174
3,123,174,175
3,127,175,176
3,130,176,177
3,58,177,178
3,53,178,179
3,49,179,180
3,47,180,181
3,44,181,187
44,22,182,183
44,20,183,184
44,19,184,187
19,8,185,186
19,3,186,187
133,83,188,-1
85,133,188,189
134,133,189,-1
85,134,189,222
135,136,190,301
136,134,190,302
134,135,190,223
137,138,191,300
138,135,191,301
135,137,191,192
139,137,192,299
135,139,192,224
140,141,193,297
141,142,193,298
142,140,193,194
143,140,194,296
142,143,194,226
144,145,195,337
145,146,195,295
146,144,195,196
147,144,196,294
146,147,196,197
148,147,197,294
146,148,197,198
149,148,198,332
146,149,198,199
150,149,199,331
146,150,199,200
151,150,200,330
146,151,200,201
152,151,201,293
146,152,201,202
115,152,202,292
146,115,202,228
115,112,203,228
112,109,204,205
112,110,205,206
112,108,206,229
108,106,207,230
106,104,208,209
106,103,209,231
103,101,210,211
103,100,211,212
103,99,212,232
99,97,213,233
97,95,214,215
97,94,215,234
94,92,216,217
94,91,217,235
91,89,218,236
89,87,219,220
89,86,220,221
89,85,221,222
89,134,222,223
89,135,223,224
89,139,224,225
142,139,225,298
89,142,225,226
89,143,226,227
146,143,227,295
89,146,227,236
146,112,228,229
146,108,229,230
146,106,230,231
146,103,231,232
146,99,232,233
146,97,233,234
146,94,234,235
146,91,235,236
82,80,237,249
80,77,238,239
80,78,239,240
153,78,240,283
80,153,240,241
154,153,241,282
80,154,241,242
155,154,242,281
80,155,242,243
156,155,243,280
80,156,243,244
157,156,244,279
80,157,244,245
158,157,245,278
80,158,245,246
159,158,246,277
80,159,246,250
160,161,247,275
161,159,247,276
159,160,247,250
82,162,248,-1
162,160,248,274
160,82,248,249
160,80,249,250
78,74,251,284
75,73,252,286
73,71,253,254
73,69,254,255
73,68,255,256
73,67,256,257
73,66,257,258
73,65,258,259
73,64,259,287
163,63,260,409
64,163,260,287
164,165,261,408
165,163,261,409
163,164,261,288
166,167,262,407
167,164,262,408
164,166,262,263
168,166,263,406
164,168,263,289
169,170,264,405
170,168,264,406
168,169,264,265
171,169,265,404
168,171,265,266
172,171,266,403
168,172,266,267
173,172,267,402
168,173,267,268
174,173,268,401
168,174,268,290
175,176,269,399
176,174,269,400
174,175,269,270
177,175,270,398
174,177,270,291
178,179,271,396
179,177,271,397
177,178,271,272
180,178,272,-1
177,180,272,273
162,180,273,-1
177,162,273,274
177,160,274,275
177,161,275,276
177,159,276,277
177,158,277,278
177,157,278,279
177,156,279,280
177,155,280,281
177,154,281,282
177,153,282,283
177,78,283,284
177,74,284,285
177,75,285,286
177,73,286,291
73,163,287,288
73,164,288,289
73,168,289,290
73,174,290,291
114,152,292,293
114,151,293,329
148,144,294,332
145,143,295,296
145,140,296,297
145,141,297,333
141,139,298,299
141,137,299,300
141,138,300,333
138,136,301,302
138,134,302,303
181,134,303,-1
138,181,303,304
182,181,304,487
138,182,304,305
183,182,305,486
138,183,305,306
184,183,306,486
138,184,306,307
185,184,307,485
138,185,307,308
186,185,308,484
138,186,308,309
187,186,309,483
138,187,309,310
188,187,310,482
138,188,310,311
189,188,311,470
138,189,311,312
190,189,312,349
138,190,312,313
191,190,313,348
138,191,313,314
192,191,314,347
138,192,314,315
193,192,315,347
138,193,315,316
194,193,316,346
138,194,316,317
195,194,317,345
138,195,317,318
196,195,318,345
138,196,318,319
197,196,319,344
138,197,319,320
198,197,320,343
138,198,320,321
199,198,321,343
138,199,321,322
200,199,322,342
138,200,322,323
201,200,323,341
138,201,323,324
202,201,324,340
138,202,324,325
120,202,325,339
138,120,325,326
138,118,326,327
138,119,327,334
119,117,328,335
117,151,329,330
117,150,330,331
117,149,331,335
149,144,332,336
145,138,333,334
145,119,334,337
119,149,335,336
119,144,336,337
123,121,338,365
121,202,339,340
121,201,340,341
121,200,341,342
121,199,342,366
199,197,343,344
199,196,344,367
196,194,345,346
196,193,346,368
193,191,347,348
193,190,348,369
203,189,349,469
190,203,349,350
204,203,350,468
190,204,350,351
205,204,351,467
190,205,351,352
206,205,352,466
190,206,352,353
207,206,353,429
190,207,353,354
208,207,354,428
190,208,354,370
209,210,355,427
210,208,355,428
208,209,355,371
211,212,356,425
212,213,356,426
213,211,356,357
214,211,357,424
213,214,357,373
215,216,358,379
216,214,358,423
214,215,358,374
57,215,359,378
215,131,359,360
215,132,360,374
132,128,361,362
132,129,362,375
129,126,363,364
129,124,364,376
125,121,365,366
125,199,366,367
125,196,367,368
125,193,368,369
125,190,369,370
125,208,370,371
125,209,371,372
213,209,372,426
125,213,372,373
125,214,373,377
214,132,374,375
214,129,375,376
214,124,376,377
60,215,378,379
60,216,379,380
217,216,380,423
60,217,380,381
218,217,381,453
60,218,381,382
219,218,382,453
60,219,382,383
220,219,383,452
60,220,383,384
221,220,384,451
60,221,384,413
222,223,385,450
223,221,385,451
221,222,385,414
224,225,386,448
225,226,386,449
226,224,386,387
227,224,387,447
226,227,387,416
228,229,388,445
229,230,388,446
230,228,388,417
231,232,389,461
232,228,389,445
228,231,389,390
233,231,390,444
228,233,390,391
234,233,391,443
228,234,391,392
235,234,392,442
228,235,392,418
236,237,393,441
237,235,393,442
235,236,393,394
238,236,394,440
235,238,394,419
178,239,395,-1
239,238,395,440
238,178,395,396
238,179,396,397
238,177,397,398
238,175,398,399
238,176,399,400
238,174,400,401
238,173,401,402
238,172,402,403
238,171,403,404
238,169,404,405
238,170,405,420
170,166,406,407
170,167,407,421
167,165,408,422
165,63,409,410
165,62,410,411
165,61,411,412
165,60,412,413
165,221,413,414
165,222,414,415
226,222,415,449
165,226,415,416
165,227,416,422
230,227,417,446
227,228,417,418
227,235,418,419
227,238,419,420
227,170,420,421
227,167,421,422
217,214,423,424
217,211,424,425
217,212,425,454
212,209,426,427
212,210,427,455
210,207,428,429
210,206,429,430
240,206,430,466
210,240,430,431
241,240,431,480
210,241,431,432
242,241,432,479
210,242,432,456
243,244,433,478
244,242,433,479
242,243,433,457
245,246,434,503
246,243,434,477
243,245,434,435
247,245,435,502
243,247,435,436
248,247,436,501
243,248,436,437
249,248,437,500
243,249,437,458
250,251,438,498
251,249,438,499
249,250,438,439
239,250,439,-1
249,239,439,459
239,236,440,441
239,237,441,459
237,234,442,443
237,233,443,444
237,231,444,460
232,229,445,462
229,227,446,447
229,224,447,448
229,225,448,463
225,222,449,450
225,223,450,464
223,220,451,452
223,219,452,465
219,217,453,454
219,212,454,455
219,210,455,456
219,242,456,457
219,243,457,458
219,249,458,465
249,237,459,460
249,231,460,461
249,232,461,462
249,229,462,463
249,225,463,464
249,223,464,465
240,205,466,467
240,204,467,468
240,203,468,469
240,189,469,470
240,188,470,471
252,188,471,482
240,252,471,472
253,252,472,495
240,253,472,473
254,253,473,494
240,254,473,474
255,254,474,493
240,255,474,475
256,255,475,492
240,256,475,480
246,257,476,496
257,256,476,491
256,246,476,477
256,243,477,478
256,244,478,481
244,241,479,481
241,256,480,481
252,187,482,483
252,186,483,484
252,185,484,485
252,184,485,495
184,182,486,487
184,181,487,488
258,181,488,-1
184,258,488,489
259,258,489,497
184,259,489,490
257,259,490,496
184,257,490,491
184,256,491,492
184,255,492,493
184,254,493,494
184,253,494,495
246,259,496,497
246,258,497,503
250,258,498,-1
258,251,498,499
258,249,499,500
258,248,500,501
258,247,501,502
258,245,502,503