0,1,2,1,1,1,50416
3,2,4,1,0,1
5,4,6,1,0,1
7,6,8,1,0,1
9,10,11,1,1,1,46320
12,13,14,1,1,1
15,14,16,1,0,1
17,18,19,1,1,1
20,19,21,1,0,1
22,21,23,1,0,1
24,25,26,1,1,1
27,26,28,1,0,1
29,30,31,1,1,1
7,31,32,0,0,1
5,32,33,0,0,1
3,33,34,0,0,1
11,0,35,0,0,1
16,35,36,0,0,1
23,36,37,0,0,1
28,37,34,0,0,0
38,39,40,1,1,1,9460
41,42,43,1,1,1
22,44,45,0,1,1
20,45,46,0,0,1
15,18,47,0,0,1
9,13,48,0,0,1
40,48,49,0,0,1
50,49,51,1,0,1
46,43,52,0,0,1
17,52,53,0,0,1
47,53,54,0,0,1
51,12,55,0,0,1
56,55,54,1,0,0
57,58,59,1,1,1,9461
60,61,62,1,1,1
63,64,65,1,1,1
66,65,67,1,0,1
68,67,69,1,0,1
70,71,72,1,1,1
73,74,75,1,1,1
76,77,78,1,1,1
79,78,80,1,0,1
81,80,82,1,0,1
83,82,84,1,0,1
85,84,86,1,0,1
87,86,88,1,0,1
24,88,89,0,0,1
25,89,90,0,0,1
38,50,91,0,0,1
59,91,92,0,0,1
62,92,93,0,0,1
69,93,94,0,0,1
95,94,96,1,0,1
90,75,97,0,0,1
96,56,98,0,0,1
72,98,99,0,0,1
97,100,101,0,1,1
44,101,102,0,0,1
41,102,103,0,0,1
99,42,104,0,0,1
105,104,103,1,0,0
106,107,108,1,1,1,1269
109,110,111,1,1,1
112,113,114,1,1,1
115,114,116,1,0,1
64,116,117,0,0,1
60,117,118,0,0,1
61,118,119,0,0,1
57,119,120,0,0,1
108,120,111,0,0,0
121,122,123,1,1,1,9461
124,123,125,1,0,1
126,125,127,1,0,1
128,127,129,1,0,1
109,113,130,0,0,1
106,110,131,0,0,1
129,131,130,0,0,0
132,133,134,1,1,1,9462
135,134,136,1,0,1
137,136,138,1,0,1
139,140,141,1,1,1
128,112,142,0,0,1
124,126,143,0,0,1
138,121,144,0,0,1
142,141,145,0,0,1
143,145,144,0,0,0
146,147,148,1,1,1,1270
149,150,151,1,1,1
152,151,153,1,0,1
154,155,156,1,1,1
157,158,159,1,1,1
160,159,161,1,0,1
162,161,163,1,0,1
164,163,165,1,0,1
166,165,167,1,0,1
168,169,170,1,1,1
171,170,172,1,0,1
173,172,174,1,0,1
175,176,177,1,1,1
178,177,179,1,0,1
180,181,182,1,1,1
74,183,184,0,1,1
185,184,186,1,0,1
187,186,188,1,0,1
189,190,191,1,1,1
68,191,192,0,0,1
66,192,193,0,0,1
115,63,194,0,0,1
139,194,195,0,0,1
137,140,196,0,0,1
135,196,197,0,0,1
148,132,198,0,0,1
174,167,199,0,0,1
200,199,201,1,0,1
179,201,202,0,0,1
182,203,204,0,1,1
188,204,205,0,0,1
195,193,206,0,0,1
197,206,207,0,0,1
198,207,208,0,0,1
153,208,209,0,0,1
210,209,211,1,0,1
156,211,212,0,0,1
202,212,205,0,0,0
213,214,215,1,1,1,1271
216,215,217,1,0,1
218,217,219,1,0,1
220,219,221,1,0,1
222,221,223,1,0,1
224,225,226,1,1,1
227,228,229,1,1,1
230,229,231,1,0,1
232,233,234,1,1,1
235,234,236,1,0,1
237,236,238,1,0,1
239,240,241,1,1,1
242,241,243,1,0,1
244,245,246,1,1,1
247,248,249,1,1,1
250,249,251,1,0,1
252,251,253,1,0,1
254,255,256,1,1,1
257,256,258,1,0,1
259,258,260,1,0,1
261,262,263,1,1,1
264,265,266,1,1,1
267,266,268,1,0,1
269,268,270,1,0,1
271,272,273,1,1,1
274,275,276,1,1,1
277,278,279,1,1,1
280,279,281,1,0,1
282,281,283,1,0,1
284,283,285,1,0,1
286,287,288,1,1,1
289,290,291,1,1,1
292,291,293,1,0,1
294,293,295,1,0,1
296,297,298,1,1,1
299,300,301,1,1,1
302,303,304,1,1,1
305,306,307,1,1,1
308,309,310,1,1,1
311,312,313,1,1,1
314,313,315,1,0,1
316,315,317,1,0,1
318,319,320,1,1,1
321,322,323,1,1,1
324,323,325,1,0,1
326,325,327,1,0,1
328,329,330,1,1,1
331,332,333,1,1,1
334,333,335,1,0,1
336,337,338,1,1,1
339,338,340,1,0,1
341,342,343,1,1,1
344,343,345,1,0,1
346,345,347,1,0,1
348,349,350,1,1,1
351,350,352,1,0,1
353,352,354,1,0,1
355,356,357,1,1,1
358,357,359,1,0,1
360,359,361,1,0,1
362,361,363,1,0,1
364,363,365,1,0,1
366,365,367,1,0,1
368,367,369,1,0,1
370,371,372,1,1,1
373,372,374,1,0,1
375,376,377,1,1,1
378,379,380,1,1,1
381,382,383,1,1,1
384,385,386,1,1,1
387,388,389,1,1,1
390,391,392,1,1,1
393,394,395,1,1,1
396,395,397,1,0,1
398,399,400,1,1,1
401,402,403,1,1,1
404,403,405,1,0,1
406,407,408,1,1,1
409,410,411,1,1,1
412,413,414,1,1,1
415,414,416,1,0,1
417,416,418,1,0,1
419,418,420,1,0,1
421,420,422,1,0,1
423,422,424,1,0,1
425,426,427,1,1,1
428,429,430,1,1,1
431,430,432,1,0,1
433,434,435,1,1,1
436,437,438,1,1,1
439,440,441,1,1,1
442,441,443,1,0,1
444,445,446,1,1,1
447,446,448,1,0,1
449,448,450,1,0,1
451,452,453,1,1,1
454,455,456,1,1,1
457,458,459,1,1,1
460,461,462,1,1,1
463,462,464,1,0,1
465,466,467,1,1,1
468,467,469,1,0,1
470,469,471,1,0,1
472,473,474,1,1,1
475,476,477,1,1,1
478,477,479,1,0,1
480,481,482,1,1,1
483,482,484,1,0,1
485,486,487,1,1,1
488,487,489,1,0,1
490,491,492,1,1,1
493,492,494,1,0,1
495,494,496,1,0,1
497,496,498,1,0,1
499,500,501,1,1,1
502,503,504,1,1,1
505,504,506,1,0,1
507,506,508,1,0,1
509,510,511,1,1,1
512,511,513,1,0,1
514,515,516,1,1,1
517,516,518,1,0,1
519,520,521,1,1,1
522,521,523,1,0,1
164,524,525,0,1,1
160,162,526,0,0,1
154,158,527,0,0,1
210,155,528,0,0,1
152,528,529,0,0,1
149,529,530,0,0,1
146,150,531,0,0,1
223,531,532,0,0,1
226,532,533,0,0,1
231,533,534,0,0,1
243,238,535,0,0,1
536,535,537,1,0,1
246,537,538,0,0,1
253,539,540,0,1,1
260,541,542,0,1,1
263,543,544,0,1,1
270,544,545,0,0,1
273,545,546,0,0,1
276,547,548,0,1,1
285,548,549,0,0,1
288,549,550,0,0,1
295,550,551,0,0,1
301,298,552,0,0,1
304,552,553,0,0,1
554,553,555,1,0,1
307,555,556,0,0,1
317,310,557,0,0,1
327,558,559,0,1,1
335,330,560,0,0,1
340,560,561,0,0,1
347,561,562,0,0,1
374,369,563,0,0,1
564,563,565,1,0,1
377,565,566,0,0,1
380,566,567,0,0,1
383,567,568,0,0,1
569,568,570,1,0,1
386,571,572,0,1,1
389,572,573,0,0,1
574,573,575,1,0,1
397,392,576,0,0,1
405,400,577,0,0,1
578,577,579,1,0,1
580,579,581,1,0,1
582,581,583,1,0,1
424,411,584,0,0,1
427,584,585,0,0,1
432,585,586,0,0,1
435,586,587,0,0,1
438,587,588,0,0,1
589,588,590,1,0,1
453,450,591,0,0,1
456,591,592,0,0,1
464,459,593,0,0,1
471,593,594,0,0,1
474,594,595,0,0,1
479,595,596,0,0,1
489,484,597,0,0,1
498,597,598,0,0,1
513,508,599,0,0,1
518,599,600,0,0,1
523,600,601,0,0,1
602,601,603,1,0,1
525,603,604,0,0,1
530,527,605,0,0,1
534,605,606,0,0,1
546,542,607,0,0,1
559,320,608,0,0,1
562,608,609,0,0,1
570,354,610,0,0,1
576,575,611,0,0,1
583,612,613,0,1,1
592,614,615,0,1,1
596,616,617,0,1,1
604,501,618,0,0,1
606,157,619,0,0,1
610,609,620,0,0,1
611,620,621,0,0,1
613,621,622,0,0,1
615,443,623,0,0,1
617,623,624,0,0,1
619,526,625,0,0,1
538,625,626,0,0,1
622,627,628,0,1,1
626,618,629,0,0,1
540,629,630,0,0,1
631,630,632,1,0,1
607,632,633,0,0,1
628,557,634,0,0,1
408,634,635,0,0,1
633,598,636,0,0,1
635,637,638,0,1,1
590,638,639,0,0,1
636,624,640,0,0,1
551,640,641,0,0,1
556,641,639,0,0,0
642,643,644,1,1,1,1272
645,644,646,1,0,1
647,646,648,1,0,1
649,648,650,1,0,1
651,650,652,1,0,1
653,654,655,1,1,1
656,655,657,1,0,1
658,657,659,1,0,1
660,661,662,1,1,1
663,664,665,1,1,1
666,667,668,1,1,1
669,668,670,1,0,1
671,672,673,1,1,1
674,673,675,1,0,1
676,675,677,1,0,1
678,677,679,1,0,1
680,679,681,1,0,1
682,683,684,1,1,1
685,684,686,1,0,1
687,688,689,1,1,1
690,689,691,1,0,1
692,691,693,1,0,1
694,693,695,1,0,1
696,695,697,1,0,1
698,699,700,1,1,1
701,700,702,1,0,1
703,702,704,1,0,1
705,704,706,1,0,1
707,706,708,1,0,1
709,710,711,1,1,1
712,713,714,1,1,1
715,714,716,1,0,1
717,718,719,1,1,1
720,721,722,1,1,1
723,724,725,1,1,1
726,727,728,1,1,1
729,730,731,1,1,1
732,731,733,1,0,1
734,735,736,1,1,1
737,736,738,1,0,1
739,738,740,1,0,1
741,742,743,1,1,1
744,743,745,1,0,1
746,747,748,1,1,1
749,750,751,1,1,1
752,753,754,1,1,1
755,756,757,1,1,1
758,757,759,1,0,1
760,759,761,1,0,1
762,763,764,1,1,1
765,764,766,1,0,1
767,766,768,1,0,1
769,770,771,1,1,1
772,771,773,1,0,1
774,775,776,1,1,1
777,778,779,1,1,1
780,779,781,1,0,1
782,781,783,1,0,1
784,783,785,1,0,1
786,787,788,1,1,1
789,788,790,1,0,1
791,790,792,1,0,1
793,792,794,1,0,1
795,796,797,1,1,1
798,799,800,1,1,1
801,800,802,1,0,1
803,802,804,1,0,1
805,806,807,1,1,1
808,807,809,1,0,1
810,809,811,1,0,1
812,813,814,1,1,1
815,814,816,1,0,1
817,818,819,1,1,1
820,821,822,1,1,1
823,822,824,1,0,1
825,824,826,1,0,1
827,828,829,1,1,1
830,831,832,1,1,1
833,832,834,1,0,1
364,834,835,0,0,1
362,835,836,0,0,1
360,836,837,0,0,1
358,837,838,0,0,1
355,838,839,0,0,1
353,356,840,0,0,1
351,840,841,0,0,1
348,841,842,0,0,1
346,349,843,0,0,1
341,344,844,0,0,1
339,342,845,0,0,1
336,845,846,0,0,1
334,337,847,0,0,1
331,847,848,0,0,1
328,332,849,0,0,1
326,329,850,0,0,1
324,850,851,0,0,1
558,322,852,0,0,1
318,852,853,0,0,1
319,853,854,0,0,1
627,854,855,0,0,1
316,855,856,0,0,1
314,856,857,0,0,1
311,857,858,0,0,1
312,858,859,0,0,1
308,859,860,0,0,1
637,309,861,0,0,1
305,861,862,0,0,1
554,306,863,0,0,1
302,863,864,0,0,1
299,303,865,0,0,1
296,300,866,0,0,1
294,297,867,0,0,1
292,867,868,0,0,1
289,868,869,0,0,1
286,290,870,0,0,1
284,287,871,0,0,1
282,871,872,0,0,1
274,278,873,0,0,1
547,275,874,0,0,1
271,874,875,0,0,1
272,875,876,0,0,1
269,876,877,0,0,1
267,877,878,0,0,1
264,878,879,0,0,1
261,265,880,0,0,1
543,262,881,0,0,1
259,881,882,0,0,1
257,882,883,0,0,1
254,883,884,0,0,1
541,255,885,0,0,1
631,885,886,0,0,1
252,886,887,0,0,1
250,887,888,0,0,1
247,888,889,0,0,1
539,248,890,0,0,1
244,890,891,0,0,1
245,891,892,0,0,1
536,892,893,0,0,1
242,893,894,0,0,1
239,894,895,0,0,1
237,240,896,0,0,1
235,896,897,0,0,1
230,233,898,0,0,1
227,898,899,0,0,1
224,228,900,0,0,1
222,225,901,0,0,1
220,901,902,0,0,1
218,902,903,0,0,1
213,216,904,0,0,1
652,904,905,0,0,1
659,905,906,0,0,1
907,906,908,1,0,1
665,662,909,0,0,1
670,909,910,0,0,1
681,910,911,0,0,1
686,911,912,0,0,1
697,913,914,0,1,1
708,914,915,0,0,1
916,915,917,1,0,1
716,711,918,0,0,1
719,919,920,0,1,1
722,920,921,0,0,1
922,921,923,1,0,1
725,923,924,0,0,1
728,925,926,0,1,1
748,927,928,0,1,1
929,928,930,1,0,1
754,751,931,0,0,1
761,931,932,0,0,1
768,932,933,0,0,1
773,933,934,0,0,1
776,934,935,0,0,1
785,935,936,0,0,1
937,936,938,1,0,1
794,938,939,0,0,1
797,939,940,0,0,1
941,940,942,1,0,1
811,804,943,0,0,1
816,943,944,0,0,1
819,945,946,0,1,1
826,946,947,0,0,1
829,948,949,0,1,1
839,949,950,0,0,1
842,950,951,0,0,1
851,849,952,0,0,1
321,952,953,0,0,1
860,953,954,0,0,1
862,954,955,0,0,1
869,866,956,0,0,1
870,956,957,0,0,1
872,957,958,0,0,1
280,958,959,0,0,1
879,873,960,0,0,1
884,880,961,0,0,1
889,961,962,0,0,1
897,895,963,0,0,1
900,899,964,0,0,1
903,964,965,0,0,1
908,965,966,0,0,1
912,966,967,0,0,1
924,918,968,0,0,1
926,968,969,0,0,1
942,930,970,0,0,1
947,944,971,0,0,1
951,971,972,0,0,1
843,972,973,0,0,1
844,973,974,0,0,1
846,974,975,0,0,1
955,848,976,0,0,1
959,865,977,0,0,1
960,277,978,0,0,1
967,232,979,0,0,1
970,745,980,0,0,1
975,980,981,0,0,1
976,981,982,0,0,1
864,982,983,0,0,1
978,977,984,0,0,1
979,963,985,0,0,1
986,985,987,1,0,1
988,987,989,1,0,1
917,989,990,0,0,1
983,991,992,0,1,1
990,962,993,0,0,1
992,740,994,0,0,1
993,984,995,0,0,1
969,995,996,0,0,1
733,996,994,0,0,0
997,998,999,1,1,1,1273
1000,999,1001,1,0,1
1002,1001,1003,1,0,1
1004,1003,1005,1,0,1
1006,1005,1007,1,0,1
1008,1007,1009,1,0,1
1010,1009,1011,1,0,1
1012,1011,1013,1,0,1
1014,1013,1015,1,0,1
1016,1015,1017,1,0,1
1018,1017,1019,1,0,1
1020,1019,1021,1,0,1
1022,1021,1023,1,0,1
1024,1023,1025,1,0,1
1026,1025,1027,1,0,1
1028,1027,1029,1,0,1
1030,1029,1031,1,0,1
1032,1031,1033,1,0,1
1034,1033,1035,1,0,1
1036,1035,1037,1,0,1
1038,1037,1039,1,0,1
1040,1039,1041,1,0,1
1042,1041,1043,1,0,1
1044,1043,1045,1,0,1
1046,1045,1047,1,0,1
1048,1047,1049,1,0,1
1050,1049,1051,1,0,1
1052,1051,1053,1,0,1
1054,1053,1055,1,0,1
1056,1055,1057,1,0,1
1058,1057,1059,1,0,1
1060,1059,1061,1,0,1
1062,1061,1063,1,0,1
1064,1063,1065,1,0,1
1066,1065,1067,1,0,1
1068,1067,1069,1,0,1
1070,1069,1071,1,0,1
1072,1071,1073,1,0,1
1074,1075,1076,1,1,1
1077,1078,1079,1,1,1
1080,1081,1082,1,1,1
1083,1084,1085,1,1,1
1086,1087,1088,1,1,1
1089,1090,1091,1,1,1
1092,1091,1093,1,0,1
1094,1095,1096,1,1,1
1097,1096,1098,1,0,1
1099,1100,1101,1,1,1
1102,1103,1104,1,1,1
1105,1104,1106,1,0,1
1107,1106,1108,1,0,1
1109,1108,1110,1,0,1
1111,1110,1112,1,0,1
1113,1114,1115,1,1,1
1116,1115,1117,1,0,1
1118,1119,1120,1,1,1
1121,1122,1123,1,1,1
1124,1123,1125,1,0,1
1126,1127,1128,1,1,1
1129,1128,1130,1,0,1
1131,1132,1133,1,1,1
1134,1133,1135,1,0,1
1136,1137,1138,1,1,1
1139,1140,1141,1,1,1
1142,1141,1143,1,0,1
1144,1145,1146,1,1,1
1147,1148,1149,1,1,1
1150,1149,1151,1,0,1
1152,1153,1154,1,1,1
1155,1154,1156,1,0,1
1157,1158,1159,1,1,1
1160,1159,1161,1,0,1
1162,1161,1163,1,0,1
1164,1165,1166,1,1,1
1167,1168,1169,1,1,1
1170,1169,1171,1,0,1
830,1171,1172,0,0,1
831,1172,1173,0,0,1
827,1173,1174,0,0,1
948,828,1175,0,0,1
825,1175,1176,0,0,1
820,823,1177,0,0,1
817,821,1178,0,0,1
945,818,1179,0,0,1
815,1179,1180,0,0,1
812,1180,1181,0,0,1
810,813,1182,0,0,1
808,1182,1183,0,0,1
803,806,1184,0,0,1
801,1184,1185,0,0,1
798,1185,1186,0,0,1
941,799,1187,0,0,1
795,1187,1188,0,0,1
793,796,1189,0,0,1
791,1189,1190,0,0,1
789,1190,1191,0,0,1
937,787,1192,0,0,1
784,1192,1193,0,0,1
782,1193,1194,0,0,1
780,1194,1195,0,0,1
777,1195,1196,0,0,1
774,778,1197,0,0,1
772,775,1198,0,0,1
769,1198,1199,0,0,1
767,770,1200,0,0,1
765,1200,1201,0,0,1
762,1201,1202,0,0,1
760,763,1203,0,0,1
758,1203,1204,0,0,1
755,1204,1205,0,0,1
752,756,1206,0,0,1
749,753,1207,0,0,1
929,750,1208,0,0,1
746,1208,1209,0,0,1
927,747,1210,0,0,1
744,1210,1211,0,0,1
741,1211,1212,0,0,1
991,742,1213,0,0,1
739,1213,1214,0,0,1
737,1214,1215,0,0,1
734,1215,1216,0,0,1
732,735,1217,0,0,1
729,1217,1218,0,0,1
726,730,1219,0,0,1
925,727,1220,0,0,1
723,1220,1221,0,0,1
922,724,1222,0,0,1
720,1222,1223,0,0,1
717,721,1224,0,0,1
919,718,1225,0,0,1
715,1225,1226,0,0,1
712,1226,1227,0,0,1
709,713,1228,0,0,1
916,710,1229,0,0,1
707,1229,1230,0,0,1
705,1230,1231,0,0,1
703,1231,1232,0,0,1
698,701,1233,0,0,1
696,699,1234,0,0,1
692,694,1235,0,0,1
690,1235,1236,0,0,1
913,688,1237,0,0,1
988,1237,1238,0,0,1
986,1238,1239,0,0,1
685,1239,1240,0,0,1
682,1240,1241,0,0,1
680,683,1242,0,0,1
676,678,1243,0,0,1
669,672,1244,0,0,1
663,667,1245,0,0,1
660,664,1246,0,0,1
907,661,1247,0,0,1
658,1247,1248,0,0,1
656,1248,1249,0,0,1
653,1249,1250,0,0,1
651,654,1251,0,0,1
649,1251,1252,0,0,1
647,1252,1253,0,0,1
645,1253,1254,0,0,1
642,1254,1255,0,0,1
1085,1082,1256,0,0,1
1093,1088,1257,0,0,1
1098,1258,1259,0,1,1
1101,1259,1260,0,0,1
1261,1260,1262,1,0,1
1112,1262,1263,0,0,1
1117,1263,1264,0,0,1
1120,1264,1265,0,0,1
1266,1265,1267,1,0,1
1125,1267,1268,0,0,1
1130,1268,1269,0,0,1
1270,1269,1271,1,0,1
1138,1135,1272,0,0,1
1143,1272,1273,0,0,1
1274,1273,1275,1,0,1
1146,1275,1276,0,0,1
1151,1276,1277,0,0,1
1278,1277,1279,1,0,1
1156,1279,1280,0,0,1
1163,1280,1281,0,0,1
1282,1281,1283,1,0,1
1166,1283,1284,0,0,1
1174,1284,1285,0,0,1
1176,1285,1286,0,0,1
1177,1286,1287,0,0,1
1178,1287,1288,0,0,1
1181,1288,1289,0,0,1
1183,1289,1290,0,0,1
805,1290,1291,0,0,1
1186,1291,1292,0,0,1
1188,1292,1293,0,0,1
1191,1293,1294,0,0,1
1197,1196,1295,0,0,1
1199,1295,1296,0,0,1
1209,1207,1297,0,0,1
1212,1297,1298,0,0,1
1216,1298,1299,0,0,1
1218,1299,1300,0,0,1
1219,1300,1301,0,0,1
1221,1301,1302,0,0,1
1223,1302,1303,0,0,1
1224,1303,1304,0,0,1
1227,1304,1305,0,0,1
1228,1305,1306,0,0,1
1232,1306,1307,0,0,1
1233,1307,1308,0,0,1
1234,1308,1309,0,0,1
1236,1309,1310,0,0,1
687,1310,1311,0,0,1
1242,1241,1312,0,0,1
1243,1312,1313,0,0,1
1250,1246,1314,0,0,1
1255,1314,1315,0,0,1
1073,1315,1316,0,0,1
1271,1257,1317,0,0,1
1294,1317,1318,0,0,1
786,1318,1319,0,0,1
1296,1319,1320,0,0,1
1202,1320,1321,0,0,1
1205,1321,1322,0,0,1
1206,1322,1323,0,0,1
1316,1245,1324,0,0,1
1323,1256,1325,0,0,1
1324,666,1326,0,0,1
1325,1327,1328,0,1,1
1326,1244,1329,0,0,1
1328,1079,1330,0,0,1
1329,671,1331,0,0,1
1330,1332,1333,0,1,1
1331,674,1334,0,0,1
1333,1076,1335,0,0,1
1311,1335,1336,0,0,1
1313,1336,1334,0,0,0
1337,1338,1339,1,1,1,1274
1340,1339,1341,1,0,1
1342,1341,1343,1,0,1
1344,1343,1345,1,0,1
1346,1347,1348,1,1,1
1349,1350,1351,1,1,1
1352,1353,1354,1,1,1
1355,1356,1357,1,1,1
1358,1359,1360,1,1,1
1361,1362,1363,1,1,1
1364,1365,1366,1,1,1
1367,1368,1369,1,1,1
1370,1371,1372,1,1,1
1373,1374,1375,1,1,1
1376,1377,1378,1,1,1
1379,1378,1380,1,0,1
1381,1380,1382,1,0,1
1383,1384,1385,1,1,1
1386,1385,1387,1,0,1
1388,1389,1390,1,1,1
1391,1392,1393,1,1,1
1394,1395,1396,1,1,1
1397,1396,1398,1,0,1
1399,1400,1401,1,1,1
1402,1403,1404,1,1,1
1405,1404,1406,1,0,1
1407,1406,1408,1,0,1
1409,1408,1410,1,0,1
1411,1410,1412,1,0,1
1413,1412,1414,1,0,1
1415,1414,1416,1,0,1
1417,1416,1418,1,0,1
1419,1420,1421,1,1,1
1422,1421,1423,1,0,1
1424,1425,1426,1,1,1
1427,1426,1428,1,0,1
1429,1428,1430,1,0,1
1431,1432,1433,1,1,1
1434,1435,1436,1,1,1
1437,1436,1438,1,0,1
1167,1438,1439,0,0,1
1164,1168,1440,0,0,1
1282,1165,1441,0,0,1
1162,1441,1442,0,0,1
1157,1160,1443,0,0,1
1155,1158,1444,0,0,1
1152,1444,1445,0,0,1
1278,1153,1446,0,0,1
1150,1446,1447,0,0,1
1147,1447,1448,0,0,1
1144,1148,1449,0,0,1
1274,1145,1450,0,0,1
1142,1450,1451,0,0,1
1139,1451,1452,0,0,1
1136,1140,1453,0,0,1
1134,1137,1454,0,0,1
1270,1132,1455,0,0,1
1129,1455,1456,0,0,1
1126,1456,1457,0,0,1
1124,1127,1458,0,0,1
1266,1122,1459,0,0,1
1118,1459,1460,0,0,1
1116,1119,1461,0,0,1
1113,1461,1462,0,0,1
1111,1114,1463,0,0,1
1109,1463,1464,0,0,1
1105,1107,1465,0,0,1
1261,1103,1466,0,0,1
1099,1466,1467,0,0,1
1097,1100,1468,0,0,1
1094,1468,1469,0,0,1
1258,1095,1470,0,0,1
1092,1470,1471,0,0,1
1086,1090,1472,0,0,1
1083,1087,1473,0,0,1
1080,1084,1474,0,0,1
1327,1081,1475,0,0,1
1077,1475,1476,0,0,1
1332,1078,1477,0,0,1
1074,1477,1478,0,0,1
1075,1478,1479,0,0,1
1072,1479,1480,0,0,1
1070,1480,1481,0,0,1
1068,1481,1482,0,0,1
1066,1482,1483,0,0,1
1064,1483,1484,0,0,1
1062,1484,1485,0,0,1
1060,1485,1486,0,0,1
1058,1486,1487,0,0,1
1056,1487,1488,0,0,1
1054,1488,1489,0,0,1
1052,1489,1490,0,0,1
1050,1490,1491,0,0,1
1046,1048,1492,0,0,1
1042,1044,1493,0,0,1
1040,1493,1494,0,0,1
1036,1038,1495,0,0,1
1034,1495,1496,0,0,1
1030,1032,1497,0,0,1
1028,1497,1498,0,0,1
1024,1026,1499,0,0,1
1022,1499,1500,0,0,1
1020,1500,1501,0,0,1
1018,1501,1502,0,0,1
1014,1016,1503,0,0,1
1012,1503,1504,0,0,1
1008,1010,1505,0,0,1
1004,1006,1506,0,0,1
1000,1002,1507,0,0,1
997,1507,1508,0,0,1
1345,1508,1509,0,0,1
1348,1509,1510,0,0,1
1351,1510,1511,0,0,1
1354,1511,1512,0,0,1
1513,1512,1514,1,0,1
1357,1514,1515,0,0,1
1360,1515,1516,0,0,1
1363,1516,1517,0,0,1
1518,1517,1519,1,0,1
1366,1519,1520,0,0,1
1369,1520,1521,0,0,1
1522,1521,1523,1,0,1
1372,1523,1524,0,0,1
1375,1524,1525,0,0,1
1382,1525,1526,0,0,1
1387,1526,1527,0,0,1
1390,1527,1528,0,0,1
1393,1528,1529,0,0,1
1398,1529,1530,0,0,1
1401,1530,1531,0,0,1
1418,1532,1533,0,1,1
1423,1534,1535,0,1,1
1433,1430,1536,0,0,1
1439,1536,1537,0,0,1
1440,1537,1538,0,0,1
1442,1538,1539,0,0,1
1443,1539,1540,0,0,1
1445,1540,1541,0,0,1
1448,1541,1542,0,0,1
1449,1542,1543,0,0,1
1452,1543,1544,0,0,1
1453,1544,1545,0,0,1
1454,1545,1546,0,0,1
1457,1131,1547,0,0,1
1458,1547,1548,0,0,1
1121,1548,1549,0,0,1
1460,1549,1550,0,0,1
1462,1550,1551,0,0,1
1467,1102,1552,0,0,1
1472,1089,1553,0,0,1
1473,1553,1554,0,0,1
1476,1474,1555,0,0,1
1491,1555,1556,0,0,1
1492,1556,1557,0,0,1
1494,1557,1558,0,0,1
1496,1558,1559,0,0,1
1498,1559,1560,0,0,1
1502,1560,1561,0,0,1
1504,1561,1562,0,0,1
1505,1562,1563,0,0,1
1506,1563,1564,0,0,1
1533,1531,1565,0,0,1
1535,1565,1566,0,0,1
1546,1566,1567,0,0,1
1551,1567,1568,0,0,1
1464,1568,1569,0,0,1
1465,1569,1570,0,0,1
1552,1570,1571,0,0,1
1469,1571,1572,0,0,1
1471,1572,1573,0,0,1
1554,1573,1564,0,0,0
1574,1575,1576,1,1,1,1275
1577,1578,1579,1,1,1
1580,1581,1582,1,1,1
1583,1584,1585,1,1,1
1586,1585,1587,1,0,1
1588,1589,1590,1,1,1
1591,1592,1593,1,1,1
1594,1595,1596,1,1,1
1597,1596,1598,1,0,1
1599,1598,1600,1,0,1
1601,1602,1603,1,1,1
1604,1605,1606,1,1,1
1607,1606,1608,1,0,1
1609,1608,1610,1,0,1
1611,1612,1613,1,1,1
1614,1615,1616,1,1,1
1617,1616,1618,1,0,1
1619,1620,1621,1,1,1
1622,1623,1624,1,1,1
1625,1626,1627,1,1,1
1628,1629,1630,1,1,1
1631,1632,1633,1,1,1
1634,1635,1636,1,1,1
1637,1638,1639,1,1,1
1640,1639,1641,1,0,1
1642,1641,1643,1,0,1
1644,1645,1646,1,1,1
1647,1646,1648,1,0,1
1649,1650,1651,1,1,1
1652,1653,1654,1,1,1
1655,1654,1656,1,0,1
1657,1656,1658,1,0,1
1659,1658,1660,1,0,1
1661,1662,1663,1,1,1
1664,1663,1665,1,0,1
1666,1667,1668,1,1,1
1669,1670,1671,1,1,1
1672,1671,1673,1,0,1
1434,1673,1674,0,0,1
1435,1674,1675,0,0,1
1431,1675,1676,0,0,1
1429,1432,1677,0,0,1
1427,1677,1678,0,0,1
1424,1678,1679,0,0,1
1422,1425,1680,0,0,1
1534,1420,1681,0,0,1
1417,1681,1682,0,0,1
1415,1682,1683,0,0,1
1409,1411,1684,0,0,1
1405,1407,1685,0,0,1
1399,1532,1686,0,0,1
1400,1686,1687,0,0,1
1391,1395,1688,0,0,1
1388,1392,1689,0,0,1
1386,1389,1690,0,0,1
1381,1384,1691,0,0,1
1379,1691,1692,0,0,1
1373,1377,1693,0,0,1
1370,1374,1694,0,0,1
1522,1371,1695,0,0,1
1367,1695,1696,0,0,1
1364,1368,1697,0,0,1
1518,1365,1698,0,0,1
1361,1698,1699,0,0,1
1358,1362,1700,0,0,1
1355,1359,1701,0,0,1
1513,1356,1702,0,0,1
1352,1702,1703,0,0,1
1349,1353,1704,0,0,1
1346,1350,1705,0,0,1
1344,1347,1706,0,0,1
1337,1340,1707,0,0,1
1576,1707,1708,0,0,1
1579,1708,1709,0,0,1
1582,1709,1710,0,0,1
1587,1710,1711,0,0,1
1590,1711,1712,0,0,1
1713,1712,1714,1,0,1
1593,1714,1715,0,0,1
1600,1715,1716,0,0,1
1603,1716,1717,0,0,1
1610,1718,1719,0,1,1
1613,1719,1720,0,0,1
1621,1618,1721,0,0,1
1627,1624,1722,0,0,1
1723,1722,1724,1,0,1
1630,1724,1725,0,0,1
1726,1725,1727,1,0,1
1633,1727,1728,0,0,1
1729,1728,1730,1,0,1
1636,1730,1731,0,0,1
1643,1731,1732,0,0,1
1648,1732,1733,0,0,1
1651,1733,1734,0,0,1
1660,1734,1735,0,0,1
1665,1735,1736,0,0,1
1668,1736,1737,0,0,1
1676,1737,1738,0,0,1
1679,1738,1739,0,0,1
1680,1739,1740,0,0,1
1419,1740,1741,0,0,1
1683,1741,1742,0,0,1
1413,1742,1743,0,0,1
1684,1743,1744,0,0,1
1685,1744,1745,0,0,1
1687,1403,1746,0,0,1
1397,1746,1747,0,0,1
1394,1747,1748,0,0,1
1689,1688,1749,0,0,1
1690,1749,1750,0,0,1
1693,1376,1751,0,0,1
1697,1696,1752,0,0,1
1700,1699,1753,0,0,1
1703,1701,1754,0,0,1
1704,1754,1755,0,0,1
1706,1705,1756,0,0,1
1342,1756,1757,0,0,1
1717,1757,1758,0,0,1
1720,1758,1759,0,0,1
1760,1759,1761,1,0,1
1721,1761,1762,0,0,1
1748,1402,1763,0,0,1
1750,1763,1764,0,0,1
1762,1755,1765,0,0,1
1764,1745,1766,0,0,1
1383,1766,1767,0,0,1
1692,1767,1768,0,0,1
1751,1768,1769,0,0,1
1694,1769,1770,0,0,1
1752,1770,1771,0,0,1
1753,1771,1765,0,0,0
1772,1773,1774,1,1,1,1274
1775,1774,1776,1,0,1
1777,1778,1779,1,1,1
1780,1781,1782,1,1,1
1783,1784,1785,1,1,1
1786,1787,1788,1,1,1
1789,1788,1790,1,0,1
1669,1790,1791,0,0,1
1670,1791,1792,0,0,1
1666,1792,1793,0,0,1
1667,1793,1794,0,0,1
1664,1794,1795,0,0,1
1661,1795,1796,0,0,1
1659,1662,1797,0,0,1
1655,1657,1798,0,0,1
1649,1653,1799,0,0,1
1647,1650,1800,0,0,1
1642,1645,1801,0,0,1
1640,1801,1802,0,0,1
1634,1638,1803,0,0,1
1729,1635,1804,0,0,1
1631,1804,1805,0,0,1
1726,1632,1806,0,0,1
1628,1806,1807,0,0,1
1723,1629,1808,0,0,1
1625,1808,1809,0,0,1
1622,1626,1810,0,0,1
1619,1623,1811,0,0,1
1617,1620,1812,0,0,1
1760,1615,1813,0,0,1
1611,1813,1814,0,0,1
1609,1612,1815,0,0,1
1607,1815,1816,0,0,1
1718,1605,1817,0,0,1
1601,1817,1818,0,0,1
1599,1602,1819,0,0,1
1597,1819,1820,0,0,1
1591,1595,1821,0,0,1
1713,1592,1822,0,0,1
1588,1822,1823,0,0,1
1586,1589,1824,0,0,1
1583,1824,1825,0,0,1
1580,1584,1826,0,0,1
1577,1581,1827,0,0,1
1574,1578,1828,0,0,1
1776,1828,1829,0,0,1
1779,1829,1830,0,0,1
1782,1830,1831,0,0,1
1785,1831,1832,0,0,1
1797,1796,1833,0,0,1
1798,1833,1834,0,0,1
1652,1834,1835,0,0,1
1799,1835,1836,0,0,1
1800,1836,1837,0,0,1
1644,1837,1838,0,0,1
1802,1838,1839,0,0,1
1637,1839,1840,0,0,1
1803,1840,1841,0,0,1
1805,1841,1842,0,0,1
1807,1842,1843,0,0,1
1809,1843,1844,0,0,1
1810,1844,1845,0,0,1
1811,1845,1846,0,0,1
1812,1846,1847,0,0,1
1614,1847,1848,0,0,1
1814,1848,1849,0,0,1
1816,1849,1850,0,0,1
1604,1850,1851,0,0,1
1818,1851,1852,0,0,1
1820,1852,1853,0,0,1
1594,1853,1854,0,0,1
1821,1854,1855,0,0,1
1823,1855,1856,0,0,1
1825,1856,1857,0,0,1
1826,1857,1858,0,0,1
1827,1858,1832,0,0,0
1859,1860,1861,1,1,1,1273
1786,1861,1862,0,0,1
1787,1862,1863,0,0,1
1783,1863,1864,0,0,1
1784,1864,1865,0,0,1
1780,1865,1866,0,0,1
1781,1866,1867,0,0,1
1777,1867,1868,0,0,1
1778,1868,1869,0,0,1
1775,1869,1870,0,0,1
1772,1870,1871,0,0,1
189,95,1872,0,0,1,1269
190,1872,1873,0,0,1
187,1873,1874,0,0,1
100,185,1875,0,0,1
105,1875,1876,0,0,1
70,1876,1877,0,0,1
71,1877,1874,0,0,0
27,30,1878,0,0,1,1268
87,1878,1879,0,0,1
85,1879,1880,0,0,1
1881,1880,1882,1,0,1
1883,1882,1884,1,0,1
83,1881,1885,0,0,1,46320
79,81,1886,0,0,1
1887,1886,1888,1,0,1
1889,1888,1890,1,0,1
1891,1890,1892,1,0,1
1893,1894,1895,1,1,1
1896,1895,1897,1,0,1
1898,1897,1899,1,0,1
1900,1899,1901,1,0,1
1902,1901,1903,1,0,1
1904,1903,1905,1,0,1
1906,1905,1907,1,0,1
1908,1909,1910,1,1,1
1885,1910,1911,0,0,1
1892,1911,1907,0,0,0
1908,1883,1912,0,0,1,50416
1906,1909,1913,0,0,1
1904,1913,1914,0,0,1
1915,1914,1912,1,0,0
180,183,1916,0,0,1,9462
1917,1916,1918,1,0,1
175,1919,1920,0,1,1
1921,1920,1922,1,0,1
1923,1922,1924,1,0,1
1925,1926,1927,1,1,1
1928,1927,1929,1,0,1
1887,1930,1931,0,1,1
76,1931,1932,0,0,1
73,77,1933,0,0,1
1918,1933,1934,0,0,1
1924,1934,1935,0,0,1
1929,1935,1932,0,0,0
178,203,1936,0,0,1,1271
1919,1936,1937,0,0,1
1917,1937,181,0,0,0
1928,1930,1938,0,0,1,9461
1923,1926,1939,0,0,1
1921,1939,1940,0,0,1
176,1940,1941,0,0,1
1942,1943,1944,1,1,1
1894,1945,1946,0,1,1
1891,1946,1947,0,0,1
1938,1889,1948,0,0,1
1925,1948,1949,0,0,1
1944,1941,1950,0,0,1
1947,1950,1949,0,0,0
173,200,1951,0,0,1,1269
171,1951,1952,0,0,1
1953,169,1954,1,0,1
1955,1954,1956,1,0,1
1957,1956,1958,1,0,1
1959,1958,1960,1,0,1
1961,1962,1963,1,1,1
1964,1963,1965,1,0,1
1966,1965,1967,1,0,1
1943,1968,1969,0,1,1
1952,1969,1970,0,0,1
1960,168,1971,0,0,1
1972,1971,1973,1,0,1
1967,1973,1970,0,0,0
1942,1945,1974,0,0,1,9460
1966,1968,1975,0,0,1
1976,1975,1977,1,0,1
1896,1977,1978,0,0,1
1893,1978,1974,0,0,0
1979,1900,1980,1,0,1,9460
1981,1982,1983,1,1,1
1984,1983,1985,1,0,1
1986,1987,1988,1,1,1
1989,1988,1990,1,0,1
1985,1980,1991,0,0,1
1992,1991,1990,1,0,0
1976,1898,1993,0,0,1,9461
1964,1993,1994,0,0,1
1961,1994,1995,0,0,1
1996,1997,1998,1,1,1
1999,1998,2000,1,0,1
1982,2001,2002,0,1,1
1995,1979,2003,0,0,1
2000,2003,2002,0,0,0
1984,1992,2004,0,0,1,9461
2005,2006,2007,1,1,1
2008,2007,2009,1,0,1
1986,2009,2010,0,0,1
2004,1987,2011,0,0,1
2012,2011,2010,1,0,0
1981,2012,2013,0,0,1,1269
2001,2013,2014,0,0,1
1999,2014,2015,0,0,1
2016,2015,2017,1,0,1
2018,2019,2020,1,1,1
2021,2022,2023,1,1,1
2005,2023,2024,0,0,1
2006,2024,2025,0,0,1
2017,2025,2020,0,0,0
1959,1972,2026,0,0,1,1270
2027,1957,2028,1,0,1
602,2028,2029,0,0,1
522,2029,2030,0,0,1
519,2030,2031,0,0,1
517,520,2032,0,0,1
514,2032,2033,0,0,1
2034,2033,2035,1,0,1
2036,2037,2038,1,1,1
2039,2040,2041,1,1,1
2042,2041,2043,1,0,1
2019,2044,2045,0,1,1
2016,2045,2046,0,0,1
1996,2046,2047,0,0,1
1997,2047,2048,0,0,1
2026,1962,2049,0,0,1
2031,2049,2050,0,0,1
2038,2035,2051,0,0,1
2052,2051,2053,1,0,1
2043,2053,2054,0,0,1
2048,2054,2050,0,0,0
524,166,2055,0,0,1,9462
1955,2027,2056,0,0,1
1953,2056,2055,0,0,0
2018,2022,2057,0,0,1,9461
2044,2057,2058,0,0,1
2042,2058,2059,0,0,1
2052,2040,2060,0,0,1,9462
2036,2060,2061,0,0,1
515,2034,2062,0,0,1,9462
512,2062,2063,0,0,1
507,510,2064,0,0,1,9462
505,2064,2065,0,0,1
499,503,2066,0,0,1,1270
500,2066,2067,0,0,1
497,2067,2068,0,0,1
495,2068,2069,0,0,1
493,2069,2070,0,0,1
488,491,2071,0,0,1,1270
483,486,2072,0,0,1
480,2072,2073,0,0,1
478,481,2074,0,0,1
472,476,2075,0,0,1
470,473,2076,0,0,1
468,2076,2077,0,0,1
463,466,2078,0,0,1
460,2078,2079,0,0,1
457,461,2080,0,0,1
616,458,2081,0,0,1
454,2081,2082,0,0,1
455,2082,2083,0,0,1
449,452,2084,0,0,1
447,2084,2085,0,0,1
2086,2087,2088,1,1,1
2089,2090,2091,1,1,1
2092,2091,2093,1,0,1
2094,2093,2095,1,0,1
2096,2097,2098,1,1,1
2099,2100,2101,1,1,1
2102,2101,2103,1,0,1
2104,2105,2106,1,1,1
2107,2106,2108,1,0,1
2109,2110,2111,1,1,1
2112,2111,2113,1,0,1
2114,2115,2116,1,1,1
2117,2118,2119,1,1,1
2120,2121,2122,1,1,1
2123,2122,2124,1,0,1
2125,2124,2126,1,0,1
2127,2126,2128,1,0,1
2129,2130,2131,1,1,1
2071,2131,2132,0,0,1
485,2132,2133,0,0,1
2073,2133,2134,0,0,1
2074,2134,2135,0,0,1
475,2135,2136,0,0,1
2075,2136,2137,0,0,1
2083,2080,2138,0,0,1
2088,2085,2139,0,0,1
2095,2139,2140,0,0,1
2141,2140,2142,1,0,1
2098,2142,2143,0,0,1
2108,2103,2144,0,0,1
2137,2128,2145,0,0,1
2138,2079,2146,0,0,1
2143,451,2147,0,0,1
2148,2147,2149,1,0,1
2145,2150,2151,0,1,1
2077,2151,2152,0,0,1
2149,2146,2153,0,0,1
2144,2153,2154,0,0,1
2113,2154,2155,0,0,1
2116,2155,2156,0,0,1
2152,2119,2157,0,0,1
465,2157,2156,0,0,0
2127,2130,2158,0,0,1,9462
2125,2158,2159,0,0,1
2150,2121,2160,0,0,1,9461
2117,2160,2161,0,0,1
2118,2161,2162,0,0,1
2163,2162,2120,1,0,0
2112,2115,2164,0,0,1,9461
2165,2164,2166,1,0,1
2167,2168,2169,1,1,1
2170,2171,2172,1,1,1
2099,2173,2174,0,1,1
2175,2174,2176,1,0,1
2097,2177,2178,0,1,1
2141,2178,2179,0,0,1
2092,2094,2180,0,0,1
2181,2180,2182,1,0,1
2183,2184,2185,1,1,1
2186,2187,2188,1,1,1
2189,2188,2190,1,0,1
2191,2192,2193,1,1,1
2194,2195,2196,1,1,1
2197,2196,2198,1,0,1
2199,2198,2200,1,0,1
2201,2200,2202,1,0,1
2203,2204,2205,1,1,1
2206,2207,2208,1,1,1
2209,2208,2210,1,0,1
2211,2210,2212,1,0,1
2213,2214,2215,1,1,1
2216,2215,2217,1,0,1
2218,2217,2219,1,0,1
2220,2221,2222,1,1,1
2223,2224,2225,1,1,1
2226,2227,2228,1,1,1
2229,2230,2231,1,1,1
2232,2233,2234,1,1,1
2235,2236,2237,1,1,1
2238,2237,2239,1,0,1
2240,2239,2241,1,0,1
2242,2243,2244,1,1,1
2245,2246,2247,1,1,1
2248,2247,2249,1,0,1
2250,2251,2252,1,1,1
2253,2252,2254,1,0,1
2255,2256,2257,1,1,1
2258,2257,2259,1,0,1
2260,2259,2261,1,0,1
2262,2261,2263,1,0,1
2264,2265,2266,1,1,1
2166,2266,2267,0,0,1
2268,2267,2269,1,0,1
2169,2269,2270,0,0,1
2172,2270,2271,0,0,1
2182,2179,2272,0,0,1
2185,2273,2274,0,1,1
2190,2274,2275,0,0,1
2276,2275,2277,1,0,1
2202,2278,2279,0,1,1
2212,2205,2280,0,0,1
2219,2280,2281,0,0,1
2222,2281,2282,0,0,1
2225,2282,2283,0,0,1
2228,2283,2284,0,0,1
2231,2284,2285,0,0,1
2286,2285,2287,1,0,1
2241,2288,2289,0,1,1
2244,2289,2290,0,0,1
2271,2263,2291,0,0,1
2176,2291,2292,0,0,1
2287,2293,2294,0,1,1
2234,2294,2295,0,0,1
2292,2254,2296,0,0,1
2272,2296,2297,0,0,1
2295,2298,2299,0,1,1
2300,2299,2301,1,0,1
2297,2249,2302,0,0,1
2303,2302,2304,1,0,1
2301,2279,2305,0,0,1
2304,2306,2307,0,1,1
2277,2307,2308,0,0,1
2305,2193,2309,0,0,1
2290,2309,2308,0,0,0
2107,2110,2310,0,0,1,9462
2102,2105,2311,0,0,1
2173,2311,2312,0,0,1
2170,2312,2313,0,0,1
2167,2171,2314,0,0,1
2268,2168,2315,0,0,1
2165,2315,2316,0,0,1
2109,2316,2317,0,0,1
2310,2317,2318,0,0,1
2104,2318,2319,0,0,1
2313,2319,2314,0,0,0
2262,2265,2320,0,0,1,46320
2260,2320,2321,0,0,1
2322,2255,2323,1,0,1,46320
2324,2323,2325,1,0,1
2253,2256,2326,0,0,1,9460
2250,2326,2327,0,0,1
2248,2251,2328,0,0,1
2306,2246,2329,0,0,1
2242,2329,2330,0,0,1
2243,2330,2331,0,0,1
2240,2331,2332,0,0,1
2238,2332,2333,0,0,1
2334,2335,2336,1,1,1
2337,2336,2338,1,0,1
2339,2338,2340,1,0,1
2341,2342,2343,1,1,1
2344,2345,2346,1,1,1
2324,2346,2347,0,0,1
2322,2347,2348,0,0,1
2327,2348,2349,0,0,1
2340,2333,2350,0,0,1
2343,2350,2351,0,0,1
2349,2352,2353,0,1,1
2328,2353,2354,0,0,1
2351,2245,2355,0,0,1
2356,2355,2354,1,0,0
2352,2345,2357,0,0,1,46320
2356,2357,2358,0,0,1
2148,2100,2359,0,0,1,9462
2096,2359,2360,0,0,1
2177,2360,2175,0,0,0
2089,2181,2361,0,0,1,9462
2086,2090,2362,0,0,1
444,2087,2363,0,0,1
2364,2363,2365,1,0,1
2186,2365,2366,0,0,1
2187,2366,2367,0,0,1
2183,2367,2368,0,0,1
2273,2184,2369,0,0,1
2303,2369,2370,0,0,1
2361,2370,2371,0,0,1
2362,2371,2368,0,0,0
2339,2342,2372,0,0,1,46320
2337,2372,2373,0,0,1
2235,2335,2374,0,0,1,46320
2375,2376,2377,1,1,1
2378,2379,2380,1,1,1
2381,2380,2382,1,0,1
2383,2382,2384,1,0,1
2385,2386,2387,1,1,1
2374,2387,2388,0,0,1
2377,2388,2389,0,0,1
2390,2389,2384,1,0,0
614,445,2391,0,0,1,1270
442,2391,2392,0,0,1
439,2392,2393,0,0,1
589,440,2394,0,0,1
436,2394,2395,0,0,1
433,437,2396,0,0,1
431,434,2397,0,0,1
428,2397,2398,0,0,1
425,429,2399,0,0,1
423,426,2400,0,0,1
419,421,2401,0,0,1
409,413,2402,0,0,1
410,2402,2403,0,0,1
406,2403,2404,0,0,1
407,2404,2405,0,0,1
582,2405,2406,0,0,1
580,2406,2407,0,0,1
404,578,2408,0,0,1
398,402,2409,0,0,1
612,399,2410,0,0,1
396,2410,2411,0,0,1
393,2411,2412,0,0,1
390,394,2413,0,0,1
574,391,2414,0,0,1
387,2414,2415,0,0,1
384,388,2416,0,0,1
571,385,2417,0,0,1
569,2417,2418,0,0,1
381,2418,2419,0,0,1
382,2419,2420,0,0,1
378,2420,2421,0,0,1
379,2421,2422,0,0,1
564,376,2423,0,0,1
373,2423,2424,0,0,1
370,2424,2425,0,0,1
368,371,2426,0,0,1
2427,2426,2428,1,0,1
2429,2430,2431,1,1,1
2432,2433,2434,1,1,1
2435,2434,2436,1,0,1
2437,2436,2438,1,0,1
2439,2440,2441,1,1,1
2442,2443,2444,1,1,1
2445,2444,2446,1,0,1
2447,2446,2448,1,0,1
2449,2450,2451,1,1,1
2452,2453,2454,1,1,1
2455,2456,2457,1,1,1
2458,2457,2459,1,0,1
2460,2461,2462,1,1,1
2463,2462,2464,1,0,1
2465,2464,2466,1,0,1
2467,2468,2469,1,1,1
2470,2471,2472,1,1,1
2473,2472,2474,1,0,1
2475,2474,2476,1,0,1
2477,2476,2478,1,0,1
2479,2480,2481,1,1,1
2482,2483,2484,1,1,1
2485,2486,2487,1,1,1
2488,2487,2489,1,0,1
2490,2489,2491,1,0,1
2492,2493,2494,1,1,1
2495,2496,2497,1,1,1
2498,2499,2500,1,1,1
2501,2500,2502,1,0,1
2503,2504,2505,1,1,1
2506,2507,2508,1,1,1
2509,2508,2510,1,0,1
2199,2510,2511,0,0,1
2197,2511,2512,0,0,1
2513,2512,2514,1,0,1
2515,2514,2516,1,0,1
2517,2518,2519,1,1,1
2520,2519,2521,1,0,1
2364,2521,2522,0,0,1
2393,2522,2523,0,0,1
2395,2523,2524,0,0,1
2396,2524,2525,0,0,1
2398,2525,2526,0,0,1
2399,2526,2527,0,0,1
2407,412,2528,0,0,1
2416,2415,2529,0,0,1
2428,2425,2530,0,0,1
2438,2431,2531,0,0,1
2451,2532,2533,0,1,1
2454,2533,2534,0,0,1
2535,2534,2536,1,0,1
2459,2537,2538,0,1,1
2466,2539,2540,0,1,1
2497,2494,2541,0,0,1
2502,2541,2542,0,0,1
2505,2542,2543,0,0,1
2516,2543,2544,0,0,1
2527,2544,2545,0,0,1
2400,2545,2546,0,0,1
2401,2546,2547,0,0,1
417,2547,2548,0,0,1
415,2548,2549,0,0,1
2531,2530,2550,0,0,1
2551,2550,2552,1,0,1
2441,2552,2553,0,0,1
2536,2448,2554,0,0,1
2540,2538,2555,0,0,1
2549,2491,2556,0,0,1
2553,375,2557,0,0,1
2555,2554,2558,0,0,1
2556,2484,2559,0,0,1
2528,2559,2560,0,0,1
2557,2422,2561,0,0,1
2562,2561,2563,1,0,1
2560,2481,2564,0,0,1
2408,2564,2565,0,0,1
2563,2529,2566,0,0,1
2565,2567,2568,0,1,1
401,2568,2569,0,0,1
2566,2413,2570,0,0,1
2558,2570,2571,0,0,1
2569,2478,2572,0,0,1
2571,2412,2573,0,0,1
2469,2573,2574,0,0,1
2572,2575,2576,0,1,1
2409,2576,2574,0,0,0
2520,2189,2577,0,0,1,9462
2517,2577,2578,0,0,1
2515,2518,2579,0,0,1
2513,2579,2580,0,0,1
2194,2580,2581,0,0,1
2195,2581,2582,0,0,1
2278,2582,2583,0,0,1
2191,2583,2584,0,0,1
2276,2192,2585,0,0,1
2578,2585,2584,0,0,0
2288,2236,2586,0,0,1,9460
2232,2300,2587,0,0,1
2233,2587,2588,0,0,1
2229,2286,2589,0,0,1
2226,2230,2590,0,0,1
2223,2227,2591,0,0,1
2220,2224,2592,0,0,1
2218,2221,2593,0,0,1
2594,2593,2595,1,0,1
2596,2597,2598,1,1,1
2599,2598,2600,1,0,1
2601,2600,2602,1,0,1
2603,2604,2605,1,1,1
2606,2605,2607,1,0,1
2608,2607,2609,1,0,1
2610,2611,2612,1,1,1
2613,2614,2615,1,1,1
2616,2615,2617,1,0,1
2618,2619,2620,1,1,1
2621,2620,2622,1,0,1
2378,2623,2624,0,1,1
2390,2379,2625,0,0,1
2375,2625,2626,0,0,1
2586,2376,2627,0,0,1
2590,2589,2628,0,0,1
2592,2591,2629,0,0,1
2602,2595,2630,0,0,1
2609,2630,2631,0,0,1
2612,2631,2632,0,0,1
2622,2617,2633,0,0,1
2627,2626,2634,0,0,1
2588,2634,2635,0,0,1
2629,2628,2636,0,0,1
2632,2636,2637,0,0,1
2633,2637,2638,0,0,1
2624,2638,2635,0,0,0
2383,2386,2639,0,0,1,50416
2640,2639,2641,1,0,1
2618,2642,2643,0,1,1
2644,2643,2645,1,0,1
2646,2645,2647,1,0,1
2648,2647,2641,1,0,0
2623,2381,2649,0,0,1,46323
2621,2649,2650,0,0,1
2642,2650,2640,0,0,0
2509,2201,2651,0,0,1,1269
2506,2651,2652,0,0,1
2503,2507,2653,0,0,1
2501,2504,2654,0,0,1
2495,2499,2655,0,0,1
2492,2496,2656,0,0,1
2490,2493,2657,0,0,1
2658,2657,2659,1,0,1
2213,2659,2660,0,0,1
2214,2660,2661,0,0,1
2211,2661,2662,0,0,1
2209,2662,2663,0,0,1
2203,2207,2664,0,0,1
2293,2204,2665,0,0,1
2298,2665,2666,0,0,1
2652,2666,2667,0,0,1
2653,2667,2668,0,0,1
2654,2668,2669,0,0,1
2498,2669,2670,0,0,1
2655,2670,2671,0,0,1
2663,2656,2672,0,0,1
2206,2672,2673,0,0,1
2664,2673,2671,0,0,0
2616,2619,2674,0,0,1,46320
2610,2614,2675,0,0,1
2608,2611,2676,0,0,1
2606,2676,2677,0,0,1
2603,2677,2678,0,0,1
2601,2604,2679,0,0,1
2599,2679,2680,0,0,1
2596,2680,2681,0,0,1
2682,2597,2683,1,0,1
2684,2683,2685,1,0,1
2686,2687,2688,1,1,1
2689,2690,2691,1,1,1
2692,2693,2694,1,1,1
2646,2694,2695,0,0,1
2644,2695,2696,0,0,1
2674,2696,2697,0,0,1
2613,2697,2698,0,0,1
2675,2698,2699,0,0,1
2678,2699,2700,0,0,1
2681,2700,2701,0,0,1
2688,2685,2702,0,0,1
2691,2702,2701,0,0,0
2439,2562,2703,0,0,1,46320
2704,2703,2705,1,0,1
2706,2707,2708,1,1,1
2443,2708,2705,0,0,0
2551,2440,2709,0,0,1,1269
2437,2709,2710,0,0,1
2435,2710,2711,0,0,1
2712,2713,2714,1,1,1
2715,2714,2716,1,0,1
2717,2718,2719,1,1,1
2720,2719,2721,1,0,1
2722,2723,2724,1,1,1
2725,2724,2726,1,0,1
2727,2726,2728,1,0,1
2729,2730,2731,1,1,1
2732,2731,2733,1,0,1
2734,2733,2735,1,0,1
2736,2735,2737,1,0,1
2738,2739,2740,1,1,1
2741,2740,2742,1,0,1
2460,2742,2743,0,0,1
2539,2461,2744,0,0,1
2458,2744,2745,0,0,1
2537,2456,2746,0,0,1
2535,2746,2747,0,0,1
2452,2747,2748,0,0,1
2453,2748,2749,0,0,1
2449,2749,2750,0,0,1
2532,2450,2751,0,0,1
2447,2751,2752,0,0,1
2445,2752,2753,0,0,1
2442,2753,2754,0,0,1
2706,2754,2755,0,0,1
2711,2704,2756,0,0,1
2757,2756,2758,1,0,1
2716,2758,2759,0,0,1
2721,2759,2760,0,0,1
2728,2761,2762,0,1,1
2737,2762,2763,0,0,1
2743,2763,2764,0,0,1
2745,2764,2765,0,0,1
2455,2765,2766,0,0,1
2750,2766,2767,0,0,1
2755,2767,2768,0,0,1
2707,2768,2760,0,0,0
2689,2693,2769,0,0,1,50416
2686,2690,2770,0,0,1
2684,2687,2771,0,0,1
2772,2771,2773,1,0,1
2774,2773,2775,1,0,1
2769,2775,2770,0,0,0
2757,2713,2776,0,0,1,1268
2432,2776,2777,0,0,1
2778,2777,2779,1,0,1
2780,2779,2781,1,0,1
2782,2783,2784,1,1,1
2785,2784,2786,1,0,1
2712,2786,2781,0,0,0
2787,2717,2788,1,0,1,1268
2789,2788,2790,1,0,1
2791,2790,2792,1,0,1
2793,2792,2794,1,0,1
2795,2796,2797,1,1,1
2798,2799,2800,1,1,1
2801,2800,2802,1,0,1
2732,2803,2804,0,1,1
2805,2804,2806,1,0,1
2807,2808,2809,1,1,1
2810,2809,2811,1,0,1
2725,2812,2813,0,1,1
2722,2813,2814,0,0,1
2761,2723,2815,0,0,1
2720,2815,2816,0,0,1
2794,2816,2817,0,0,1
2818,2817,2819,1,0,1
2797,2819,2820,0,0,1
2806,2802,2821,0,0,1
2811,2821,2822,0,0,1
2820,2814,2823,0,0,1
2824,2823,2822,1,0,0
2785,2715,2825,0,0,1,46320
2782,2825,2826,0,0,1
2827,2783,2828,1,0,1
2829,2828,2830,1,0,1
2798,2831,2832,0,1,1
2799,2832,2833,0,0,1
2834,2833,2835,1,0,1
2836,2835,2837,1,0,1
2838,2837,2839,1,0,1
2840,2839,2841,1,0,1
2842,2841,2843,1,0,1
2787,2843,2844,0,0,1
2718,2844,2845,0,0,1
2826,2845,2830,0,0,0
2846,2567,2847,1,0,1,1269
2848,2847,2849,1,0,1
2850,2849,2851,1,0,1
2852,2851,2853,1,0,1
2854,2855,2856,1,1,1
2857,2856,2858,1,0,1
2859,2858,2860,1,0,1
2861,2860,2862,1,0,1
2482,2862,2863,0,0,1
2483,2863,2864,0,0,1
2479,2864,2865,0,0,1
2480,2865,2853,0,0,0
2842,2789,2866,0,0,1,1267
2840,2866,2867,0,0,1
2838,2867,2868,0,0,1
2836,2868,2869,0,0,1
2824,2834,2870,0,0,1
2795,2870,2871,0,0,1
2796,2871,2872,0,0,1
2818,2872,2873,0,0,1
2793,2873,2874,0,0,1
2791,2874,2869,0,0,0
2429,2433,2875,0,0,1,1269
2430,2875,2876,0,0,1
2877,2876,2878,1,0,1
2879,2880,2881,1,1,1
2778,2881,2878,0,0,0
2882,2850,2883,1,0,1,1268
2884,2885,2886,1,1,1
2887,2888,2889,1,1,1
2890,2889,2891,1,0,1
2892,2893,2894,1,1,1
2895,2894,2896,1,0,1
2897,2896,2898,1,0,1
2899,2898,2900,1,0,1
2901,2900,2902,1,0,1
2855,2903,2904,0,1,1
2852,2904,2905,0,0,1
2886,2883,2906,0,0,1
2891,2906,2907,0,0,1
2908,2907,2909,1,0,1
2902,2909,2905,0,0,0
2812,2727,2910,0,0,1,9460
2810,2910,2911,0,0,1
2805,2808,2912,0,0,1
2729,2912,2913,0,0,1
2911,2730,2914,0,0,1
2807,2914,2913,0,0,0
2915,2477,2916,1,0,1,9462
2917,2916,2918,1,0,1
2919,2918,2920,1,0,1
2921,2920,2846,1,0,0
2879,2780,2922,0,0,1,9460
2880,2922,2923,0,0,1
2924,2923,2925,1,0,1
2829,2925,2827,0,0,0
2463,2465,2926,0,0,1,9462
2741,2926,2927,0,0,1
2928,2927,2929,1,0,1
2470,2929,2930,0,0,1
2471,2930,2931,0,0,1
2467,2575,2932,0,0,1
2468,2932,2931,0,0,0
2921,2848,2933,0,0,1,9460
2917,2919,2934,0,0,1
2935,2934,2936,1,0,1
2937,2936,2938,1,0,1
2939,2938,2940,1,0,1
2941,2940,2942,1,0,1
2882,2942,2933,0,0,0
2901,2903,2943,0,0,1,9460
2944,2943,2945,1,0,1
2946,2947,2948,1,1,1
2949,2948,2950,1,0,1
2854,2950,2945,0,0,0
2890,2908,2951,0,0,1,46320
2952,2951,2953,1,0,1
2954,2953,2955,1,0,1
2956,2955,2893,1,0,0
2734,2736,2957,0,0,1,9461
2803,2957,2958,0,0,1
2959,2958,2739,1,0,0
2859,2861,2960,0,0,1,9461
2857,2960,2961,0,0,1
2949,2961,2962,0,0,1
2485,2963,2964,0,1,1
2486,2964,2962,0,0,0
2899,2944,2965,0,0,1,1267
2895,2897,2966,0,0,1
2967,2966,2968,1,0,1
2947,2968,2965,0,0,0
2887,2952,2969,0,0,1,1267
2884,2888,2970,0,0,1
2971,2970,2972,1,0,1
2954,2972,2969,0,0,0
2475,2915,2973,0,0,1,9461
2939,2974,2975,0,1,1
2937,2975,2976,0,0,1
2935,2976,2973,0,0,0