106.76645,3.033315,0,1,2,22,23,1812
106.632711,2.966838,0,1812,1813,1814,1823,1824
106.701152,2.698437,0,21,22,1813,2026,2027
107.267562,3.834125,1,2,1799,1800
106.666315,3.10007,1,1800,1801,1811,1812,1822,1823
107.633904,4.199861,2,3,4,5,6,23,24,1798,1799
107.732986,4.266091,3,4,1917,1918
107.633204,4.267074,3,1797,1798,1918,1919
109.232996,4.331919,4,5,1916,1917,2397
109.233968,4.100055,5,6,2397,2429,2430
109.399343,3.734737,6,7,8,9,10,11,24,25,2429
109.466995,3.400012,7,8,2427,2428
109.433292,3.732766,7,2428,2429,2430,2431,2432,2433,2434,2435,2436,2437,2438
109.433382,3.400685,8,9,2426,2427
109.433864,2.40108,9,10,2015,2016,2425,2426
108.999571,2.000772,10,11,2016,2017
108.833244,2.000047,11,12,13,14,25,26,2017,2018
108.433002,1.699883,12,13,2019,2020
108.83168,1.967446,12,2018,2019
108.165276,1.567536,13,14,2020,2021
108.068135,1.567664,14,15,16,17,18,19,20,26,2021,2022
107.833192,1.266478,15,16,2023,2031,2032
108.067403,1.499746,15,2022,2023
107.59943,1.3996,16,17,2024,2032,2038,2039
107.568041,1.534906,17,18,2024
106.99876,1.999951,18,19,2024,2033,2034,2035,2039
106.832886,2.333479,19,20,2025,2026,2027,2028,2033
106.831317,2.6337,20,21,22,23,24,25,26,2025
106.767629,2.63394,21,2025,2026
90.167563,5.033937,27,28,160,161,162,163,164,165,166,167,168,169,182
90.0,5.033333,27,72,73,74,75,76,77,78,79,80,81,82,83,84,85,86,87,88,89,90,91,92,93,94,95,96,97,98,99,100,101,102,103,104,105,106,107,108,109,110,111,112,161
90.0,0.0,27,28,29,30,31,32,33,34,35,36,37,38,39,40,41,42,43,44,45,46,47,48,49,50,51,52,53,54,55,56,57,58,59,60,61,62,63,64,65,66,67,68,71
90.46635,4.865096,28,29,159,160
90.466683,4.800233,29,30,159
91.165408,4.733796,30,31,158,159,160,181,182,183,184
91.633027,4.400963,31,32,157,158
91.632902,4.332333,32,33,157
91.800256,4.332544,33,34,156,157,158,180,181
92.100321,4.099646,34,35,156
92.167105,4.100186,35,36,155,156,179,180
92.399481,3.866791,36,37,154,155
92.399395,3.799985,37,38,154
92.532393,3.801122,38,39,153,154,155,178,179
92.699628,3.465904,39,40,152,153
93.0675,3.099964,40,41,152
93.23294,3.034223,41,42,151,152,153,177,178
93.567032,2.765824,42,43,150,151
93.565997,2.698964,43,44,149,150
93.965807,2.468118,44,45,149
94.033709,2.467481,45,46,148,149,150,151,176,177
94.033275,2.400124,46,47,147,148
94.266034,2.167327,47,48,147
94.332376,2.165809,48,49,146,147,148,175,176
94.333165,2.06707,49,50,145,146
94.564916,1.866968,50,51,144,145
94.566127,1.798374,51,52,143,144
94.966012,1.465801,52,53,142,143
95.267543,1.266412,53,54,141,142
95.26456,1.233495,54,55,141
95.433393,1.233481,55,56,140,141,142,143,144,145,146,174,175
95.433285,1.166353,56,57,140
95.73201,1.166212,57,58,139,140,173,174
95.967388,1.001619,58,59,139
96.066717,1.000281,59,60,138,139,172,173
96.265797,0.799963,60,61,137,138
96.266656,0.767131,61,62,137
96.531738,0.766866,62,63,136,137,138,171,172
96.96699,0.632549,63,64,135,136
97.332788,0.433041,64,65,134,135
97.734759,0.434122,65,66,133,134
98.001541,0.367301,66,67,132,133
98.233296,0.367476,67,68,131,132
98.234575,0.299909,68,69,70,71,130,131
98.401121,0.034111,69,70,855
98.465079,0.367022,69,130,855,856,870,871
98.4,0.0,70,71,855,869,870
90.398419,14.633007,72,73,266
90.0,14.966667,72,185,186,187,188,189,190,191,192,193,266,267
90.43396,14.633069,73,74,265,266,267,268,269,270,271,272,273,297,298
90.76687,14.300079,74,75,264,265
90.766134,14.266619,75,76,264
91.000463,14.101816,76,77,263,264,265,297
91.3326,13.800092,77,78,263
91.400922,13.80013,78,79,262,263,296,297,298,299,300,301,302,303,304,305
91.499438,13.565656,79,80,262
91.566582,13.566701,80,81,261,262,295,296
91.732844,13.165355,81,82,261
92.334227,12.734321,82,83,260,261,294,295
92.33396,12.633967,83,84,259,260
92.767045,12.200931,84,85,259
92.798432,12.199685,85,86,258,259,260,293,294
92.801374,12.067088,86,87,257,258
93.16717,11.699096,87,88,256,257
93.165972,11.664811,88,89,256
93.567429,11.332016,89,90,255,256,257,258,292,293
93.566509,11.268298,90,91,255
94.266328,10.631572,91,92,254,255,291,292
94.833388,9.833113,92,93,254
94.901293,9.831739,93,94,253,254,290,291
94.900874,9.666985,94,95,252,253
95.200669,9.400157,95,96,251,252
95.200421,9.334463,96,97,250,251
95.53364,9.066121,97,98,250
95.600772,9.067239,98,99,249,250,251,252,253,289,290
95.665951,8.833444,99,100,248,249
95.832246,8.599774,100,101,248
95.901631,8.598167,101,102,247,248,249,288,289
96.367536,7.899851,102,103,246,247
96.899257,7.40163,103,104,245,246
97.19812,7.066165,104,105,245
97.300466,7.066346,105,106,245,246,247,287,288
97.533411,6.833452,106,107,244,286,287
97.534075,6.634195,107,108,243,244
97.734976,6.234334,108,109,242,243,819
97.83285,5.967866,109,110,819,820,821,822,840,841
97.999267,5.765813,110,111,840
98.199955,5.598645,111,112,840,841,842,849
98.53273,5.199497,112,161,162,839,848,849
98.766216,4.566363,113,114,836,837
98.767657,4.633762,113,837,838,839,847,848
98.666781,4.633179,113,114,163,164,838
99.033157,4.19926,114,115,164,165,836
99.06629,4.101063,115,165,166,834,835
99.066423,4.201601,115,835,836,837,846,847
99.33267,3.633217,116,117,118,167,168,880,881,882,893
99.333669,3.732568,116,833,880
99.232338,3.79989,116,166,167,833,834
99.466956,3.501557,117,118,891,892
99.398837,3.633974,117,892,893,894,895,896
99.46707,3.433323,118,168,169,890,891
99.933526,2.933545,119,120,888,889
99.765749,3.232065,119,889,890,891,892,896
99.732792,3.232829,119,120,121,122,123,124,125,126,169,182,183,890
99.933321,2.899484,120,121,887,888,1135
99.934363,2.83192,121,122,1015,1016,1135,1144
99.799193,2.567583,122,123,1015
99.80011,2.399576,123,124,1015,1016,1017,1018,1019,1020,1027
99.767203,2.332167,124,125,861,862,1026,1027
99.266474,1.933236,125,126,860,861
98.86575,1.533704,126,127,170,183,184,860
98.733154,1.267087,127,128,170,858,859
98.932009,1.267452,127,859,860,861,862,863,864,865,866,867,868,869,870,871
98.600564,1.066088,128,129,170,171,172,173,174,175,176,177,178,179,180,181,184,857
98.633745,1.066738,128,857,858
98.433293,0.500056,129,130,131,132,133,134,135,136,171,856
98.601336,0.933855,129,856,857,858,859,871
98.533861,4.866975,162,163,838,839
90.232838,15.865619,185,186,411
90.0,16.333333,185,306,307,308,309,310,311,312,313,314,315,316,317,318,319,320,321,322,323,324,325,326,327,328,329,330,331,332,411,412
90.26696,15.866464,186,187,410,411,412,413,414,415,416,417,418,419,420,421,422,423,424,425,426,447
90.466127,15.66459,187,188,410
90.532311,15.666953,188,189,409,410,446,447,448,449,450,451
90.532908,15.599,189,190,408,409
90.900186,15.199516,190,191,408
91.33355,14.866365,191,192,407,408,409,445,446
91.332323,14.799514,192,193,406,407
91.932795,14.232634,193,194,267,268,406
92.333506,13.799219,194,195,268,269,405
91.966467,14.234029,194,405,406,407,444,445
92.365816,13.733336,195,269,270,403,404
92.367108,13.801024,195,404,405,443,444
92.633688,13.400839,196,271,272,401,402
92.632387,13.497969,196,402,403,404,442,443
92.600326,13.501073,196,270,271,403
93.532225,12.598448,197,198,399,400
93.133005,12.934094,197,400,401,402,441,442
92.766665,13.199848,197,198,272,273,401
93.533709,12.566234,198,199,273,274,298,299,399
93.633565,12.500361,199,200,201,202,203,204,274,398
93.63378,12.568513,199,398,399,400,441
94.298642,12.031784,200,201,396,397
94.032726,12.333949,200,397,398,440,441,442,443,444,445,446,451
94.733276,11.599052,201,202,395,396
94.967977,11.400658,202,203,394,395
94.96683,11.300404,203,204,393,394
95.200448,11.067391,204,205,206,207,274,275,276,299,300,393
95.431927,11.000222,205,206,391,392
95.432918,11.066293,205,392,393,394,395,396,397,439,440
95.799826,10.701149,206,207,390,391
95.799033,10.633662,207,208,275,389,390
95.9665,10.4656,208,209,210,211,212,275,276,388
95.966829,10.533901,208,388,389
96.098387,10.400909,209,210,387
96.101123,10.467098,209,387,388,389,390,391,392,438,439
96.434026,9.999179,210,211,386,387,437,438
96.566637,9.700248,211,212,385,386
96.566976,9.399123,212,276,277,300,301,384,385
96.90049,9.066394,213,214,382,383
96.80115,9.232921,213,383,384,385,386,436,437
96.733209,9.231656,213,214,277,384
96.900389,9.001614,214,215,277,301,302,381,382
97.199074,8.701399,215,278,279,302,303,379,380
97.200587,8.766944,215,380,381
97.833102,8.364836,216,217,377,378
97.834675,8.433749,216,378,379,380,381,382,383,435,436
97.732737,8.434646,216,217,278,379
98.499336,7.53281,217,218,219,278,279,377
98.899675,7.001016,218,219,375,376
98.533354,7.534172,218,376,377,378,434,435
98.899684,6.967261,219,279,280,303,304,374,375
99.532086,6.332025,220,221,222,280,281,282,283,284,304,305,373
99.53309,6.433112,220,373,374,375,376,433,434
99.46809,6.431405,220,280,374
99.832379,6.133545,221,222,371,372
99.833339,6.20077,221,372,373,432,433
99.99888,5.966738,222,223,281,371
100.06651,5.866056,223,281,282,369,370
100.066008,5.96682,223,370,371,372,431,432
100.298793,5.50027,224,225,283,284,367,368
100.30069,5.666129,224,368,369,370,430,431
100.234738,5.666267,224,282,283,369
100.466251,5.267279,225,284,285,286,287,288,289,290,291,292,293,294,295,296,305,365,366
100.467859,5.33315,225,366,367
101.56548,4.367319,226,227,362,363,1319,1320
101.467832,4.499754,226,363,364
100.999505,4.66725,226,227,228,229,230,231,232,233,234,235,236,237,238,285,364,365
101.568432,4.235279,227,228,1318,1319
101.532849,4.232312,228,229,1271,1272,1318
101.267976,3.966073,229,230,1271
101.266796,3.899261,230,231,1270,1271,1272,1273,1274,1279
100.765775,3.501212,231,232,828,829,1269,1270
100.299257,3.967425,232,233,828
100.235375,3.966418,233,234,827,828,829,830,842,843,844,845,846,847,848,849
100.167567,4.133967,234,235,826,827
100.000787,4.367141,235,236,825,826
99.634772,4.733155,236,237,824,825
99.466795,4.967583,237,238,823,824
99.099975,5.265686,238,239,240,241,242,243,244,285,286,823
98.53407,5.500158,239,240,821,822
98.833441,5.299291,239,822,823,824,825,826,827,841,842
98.100687,5.933139,240,241,820,821
98.099724,5.96756,241,242,819,820
90.333333,22.5,306,307,452
90.0,22.5,306
90.333884,22.300491,307,308,452,453,454,455,456,457,458,459,460,542,543
90.53441,21.933214,308,309,541,542
90.932873,21.266765,309,310,541
90.966091,21.266967,310,311,540,541,542,543,544,545,546,547,548,589,590
91.033407,20.634247,311,312,539,540
91.766697,19.865422,312,313,539
91.801092,19.865819,313,314,538,539,540,589
92.16617,19.465518,314,315,538
92.201042,19.466127,315,316,537,538,588,589,590,591,592,593,598,599
92.333515,18.76556,316,317,536,537
92.3323,18.667508,317,318,536
92.366284,18.666776,318,319,535,536,537,587,588
92.399866,18.300107,319,320,534,535
92.567073,18.066741,320,321,533,534
92.567042,17.967365,321,322,532,533
92.932296,17.599472,322,323,532
93.033361,17.5997,323,324,531,532,533,534,535,586,587
93.166967,17.16587,324,325,530,531
93.399205,16.767353,325,326,529,530
93.96689,16.101372,326,327,529
93.999265,16.099216,327,328,528,529,530,531,585,586
94.033677,15.898049,328,329,527,528
94.199446,15.666044,329,330,527
94.500569,15.434181,330,331,526,527,528,584,585
94.500935,15.066096,331,332,525,526
94.834113,14.733633,332,333,412,413,525
95.20006,14.366943,333,334,413,414,524
94.900328,14.733406,333,524,525,526,583,584
95.365838,14.032357,334,414,415,522,523
95.265846,14.366307,334,523,524,582,583
96.065399,13.567248,335,336,521,581,582,583,584,585,586,587,588,597,598
95.834449,13.733157,335,522,523,582
95.734514,13.733967,335,336,337,415,416,522
96.434326,13.033347,336,337,520,521
96.434076,12.966662,337,338,339,340,341,416,417,520
96.532622,12.933657,338,339,519
96.534,12.967849,338,519,520,521,580,581
97.266756,12.233744,339,340,518,519,579,580
97.366774,12.033852,340,341,517,518
97.600019,11.733413,341,342,343,417,418,517
98.066331,11.432388,342,343,516,577,578
97.666843,11.73254,342,517,518,578,579
98.399755,10.901358,343,344,345,418,419,516
98.832585,10.499738,344,345,514,515
98.432726,10.900729,344,515,516,576,577
98.831713,10.467916,345,346,347,348,419,420,514
99.133082,10.300611,346,347,513,574,575
98.933077,10.466559,346,514,515,575,576
99.333955,10.065788,347,348,512,513
99.331504,10.000546,348,349,420,421,512
99.633117,9.73407,349,421,422,510,511
99.600065,9.865458,349,511,512,513,573,574
99.933602,9.466535,350,351,423,424,509
99.933895,9.532537,350,509,510,511,572,573
99.867132,9.53189,350,422,423,510
100.33339,8.999245,351,352,424,425,508
100.33226,9.100009,351,508,509,571,572
100.667004,8.699864,352,353,425,426,507
100.400808,9.00159,352,507,508,570,571
101.033427,8.033511,353,354,355,356,426,447,448,505,506
100.700571,8.699462,353,506,507,569,570
101.632483,7.366086,354,355,503,504,1328
101.300229,7.800623,354,504,505
101.633217,7.198898,355,356,1328,1329,1330,1331,1332,1338,1339
101.799972,6.932893,356,427,428,448,449,1337,1338
102.10157,6.499288,357,427,428,1335,1336
102.100961,6.666649,357,1336,1337,1338,1339,1340
102.065248,6.666651,357,427,1337
102.632642,5.499705,358,359,1333,1365,1471
102.567372,5.799125,358,1333,1334,1335,1336,1340
102.500897,5.799719,358,359,360,429,1334
102.200068,5.367536,359,360,1365,1374,1375,1376
102.13309,5.366069,360,429,430,431,432,433,434,435,436,437,438,439,440,450,451,1373,1374
101.665529,4.400512,361,362,1320,1321,1341
102.167748,5.299469,361,1341,1342,1372,1377,1387,1388,1389
102.134492,5.299371,361,362,363,364,365,366,367,368,430,1372,1373
102.300388,6.033973,428,429,449,450,1334,1335
91.166667,22.5,452,453,600
91.300515,22.366143,453,454,600,601,602,603,604,691,692
91.299057,22.166132,454,455,690,691
91.401767,21.933393,455,456,689,690
91.402336,21.866564,456,457,688,689
91.733724,21.497945,457,458,688
92.066792,21.166419,458,459,687,688,689,690,691,692,693,694,695,696,697,698,699,700,701,702,703,704,705,706,707,708,709,710,711,712,713,714,715,716,717,718,719,720,721,722,723,724,745,746
92.23182,20.867384,459,460,686,687
92.299405,20.566626,460,461,543,544,685,686
92.865101,19.999779,461,462,544,545,684
92.466963,20.433069,461,684,685
93.800368,19.234448,462,463,545,546,683
93.400294,19.698677,462,683,684,685,686,687,744,745
93.868324,19.066372,463,464,546,547,681,682
93.866037,19.232344,463,682,683,743,744
94.232376,18.700454,464,465,547,548,679,680
94.233569,18.733471,464,680,681
94.566966,18.36663,465,466,548,549,550,551,552,590,591,678
94.566694,18.400955,465,678,679
95.365862,17.801251,466,467,549,677
94.733147,18.299624,466,677,678,679,680,681,682,743
96.09965,16.999801,467,468,549,550,676
95.400592,17.800372,467,676,677,743,744,745,746,748
96.266105,16.734476,468,469,550,551,675
96.132887,16.999685,468,675,676,742,747,748
96.567016,15.966877,469,551,552,673,674
96.600159,16.367048,469,674,675,741,742
97.099168,15.267082,470,553,554,555,556,592,593,670,671
97.099496,15.334259,470,671,672,673,674,740,741
97.068241,15.332953,470,553,672
97.498673,14.800709,471,554,555,668,669
97.434881,14.967117,471,669,670,671,739,740
97.366927,14.965873,471,554,670
98.067696,14.098846,472,473,666,667
97.866197,14.398768,472,667,668,669,738,739
97.833707,14.4009,472,473,555,556,668
98.067005,14.034363,473,474,556,593,594,595,596,599,666
98.433894,13.700512,474,475,557,558,594,665
98.133503,14.033848,474,665,666,667,738
98.833366,13.499919,475,476,477,478,557,664
98.63341,13.699923,475,664,665,737,738,739,740,741,742,747
99.000907,13.399551,476,477,663,735,736
98.899517,13.500415,476,664,736,737
98.999739,13.332802,477,478,662,663
99.23277,13.033277,478,479,557,558,662
99.533564,12.532487,479,558,559,560,594,595,660,661
99.299775,13.034707,479,661,662,663,734,735
100.234558,11.80025,480,481,659,732,733
99.899262,12.200428,480,660,661,733,734
99.866991,12.199009,480,481,559,660
100.232512,11.700411,481,482,559,560,659
100.831088,10.700419,482,560,561,562,563,595,596,657,658
100.701124,11.167469,482,658,659,731,732
101.400198,10.066334,483,561,562,655,656
101.400473,10.165012,483,656,657,658,730,731
101.367046,10.166403,483,561,657
102.401187,9.000635,484,485,653,728,729
102.166413,9.166872,484,654,655,656,729,730
101.766635,9.300619,484,485,486,563,564,565,566,567,568,596,597,598,599,654
102.400684,8.933495,485,486,652,653
102.867497,8.59904,486,487,564,652
102.89843,8.56529,487,564,565,650,651
102.900661,8.599216,487,651,652,653,727,728
103.467518,7.832674,488,566,567,648,649
103.468861,8.065922,488,649,650,651,726,727
103.399063,8.066939,488,565,566,650
103.966856,7.13355,489,490,646,647
103.633732,7.600999,489,647,648,649,725,726
103.567348,7.601342,489,490,567,568,648
103.966564,7.099218,490,491,568,569,570,571,572,573,574,575,576,577,578,579,580,581,597,645,646
104.401236,6.666344,491,492,493,494,495,496,497,498,499,500,501,502,503,504,505,506,569,643,644
104.400345,6.699841,491,644,645
104.600383,6.466608,492,493,1576,1736,1737,1750,1751
104.600286,6.499568,492,642,643,1736
104.468065,6.200352,493,494,1575,1576,1577,1578,1579,1580,1581
104.09849,5.96753,494,495,1574,1575
103.932917,5.933237,495,496,1573,1574
103.566599,5.765161,496,497,1565,1566,1573
103.532918,5.76901,497,498,1468,1469,1564,1565
102.966221,6.265984,498,499,1467,1468
102.966626,6.299311,499,500,1466,1467
102.501009,6.599776,500,501,1330,1331,1466
101.999757,7.06707,501,502,1329,1330
101.999925,7.101101,502,503,1328,1329
96.665891,15.799793,552,553,591,592,672,673
101.532565,9.76616,562,563,654,655
94.9,22.5,600,601,749
94.931302,22.432984,601,602,749,750,751,755
95.666257,22.099771,602,603,754,755,756
95.832227,21.932588,603,604,753,754,783,799
95.833349,21.865942,604,605,692,693,799,800,801,814
96.299637,21.633486,605,606,607,693,694,813
95.999774,21.867084,605,813,814,815,816,818
96.732198,21.333917,606,607,811,812
96.368427,21.633116,606,812,813,817,818
96.733161,21.267037,607,694,695,810,811
97.366726,21.031968,608,609,808,809
97.166889,21.099907,608,809,810,811,812,817
96.966379,21.10034,608,609,695,696,810
97.36692,20.966375,609,610,611,696,697,807,808
97.933767,20.700274,610,611,773,774,850
97.732229,20.86713,610,774,775,806,807
97.999726,20.600162,611,612,697,698,850,851,854
98.167007,20.566667,612,613,614,698,699,852,853
98.167062,20.599333,612,853,854
98.500632,20.53388,613,614,769,770,872
98.43365,20.566545,613,770,771,852
98.733398,20.266746,614,615,616,699,700,872,877
99.467476,19.933062,615,616,875,876
98.833097,20.266402,615,876,877,878,879
99.468151,19.868585,616,617,700,701,875
99.600093,19.533452,617,701,702,897,898,899,900,901,902,903,972,973
99.599074,19.866988,617,874,875,876,879,897
101.06558,16.867787,618,619,967,968
100.667034,17.899721,618,968,969,970,971,972,973,974,975,976,977,978,1002,1003
100.632999,17.899978,618,619,705,706,969
101.065722,16.833709,619,620,706,707,967
101.501602,16.399619,620,621,707,708,966
101.166311,16.833112,620,966,967,968,1002
101.53243,16.133187,621,622,623,708,709,965
101.534379,16.399343,621,965,966,1001,1002,1003,1004,1005
101.600405,15.966053,622,623,963,964
101.632557,15.966977,622,964,965,1000,1001
101.600671,15.334081,623,624,625,709,710,963
101.933787,14.334071,624,625,961,962
101.899778,14.866697,624,962,963,964,999,1000
102.09894,13.766933,625,710,711,960,961
102.699883,12.565265,626,712,713,958,959
102.633749,12.899305,626,959,960,961,962,998,999
102.499191,13.032841,626,711,712,960
103.100308,11.799678,627,714,715,955,956
103.101701,11.867881,627,956,957
102.801788,12.332603,627,713,714,957,958
103.333514,11.532193,628,716,717,953,954
103.333145,11.634156,628,954,955,956,957,958,959,997,998
103.267567,11.633506,628,715,716,955
103.798027,10.933988,629,630,631,718,719,952
103.799678,11.099411,629,952,953,954,996,997
103.766197,11.099499,629,717,718,953
104.001491,10.666858,630,631,951,994,995
103.933254,10.932439,630,952,995,996
103.99982,10.466018,631,632,633,719,720,951
104.432839,10.067544,632,633,949,950
104.033769,10.467896,632,950,951,993,994
104.433557,10.033432,633,720,721,948,949
104.966089,9.532059,634,722,723,945,946
104.968594,9.600563,634,946,947
104.899246,9.600295,634,721,722,947,948
105.499245,8.701093,635,636,637,638,639,724,725,726,727,728,729,730,731,732,733,734,735,736,737,746,747,748,942,943
105.200419,9.367012,635,943,944
105.132385,9.366716,635,723,724,944,945
105.666699,8.466454,636,637,940,941,1851
105.567244,8.70027,636,941,942
105.665655,8.432164,637,638,1739,1851,1852,1866,1867
105.532805,7.900443,638,639,1738,1739,1740,1753,1754,1755,1756,1757
105.133653,7.10094,639,640,641,642,643,644,645,646,647,725,1738
104.867595,6.633327,640,641,1737,1751,1752
105.134097,7.033817,640,1738,1752,1753
104.767645,6.632982,641,642,1736,1737
99.666249,19.399081,702,703,971,972
100.00107,18.768009,703,704,970,971
100.333344,18.234506,704,705,969,970
95.333333,22.5,749,750,757
95.567558,22.266874,750,751,757,785,786
95.568148,22.199718,751,752,755,756,785
95.799606,21.999446,752,753,754,756,784
95.632233,22.200622,752,784,785,786,787,788,789,790,791,792,793,794,795,796,797,798
95.832884,22.000137,753,783,784,798
106.0,22.5,757,758,786,787,1040
105.03319,22.331705,758,787,788,1038,1039
105.332232,22.167098,758,1039,1040,1041,1042,1043,1079,1080,1081,1082,1083,1084,1085,1086,1087,1088,1089,1090,1091,1092,1093,1094
103.532169,21.833348,759,760,1036,1037
103.799709,21.866932,759,1037,1038,1039,1078,1079
104.432749,22.199866,759,760,788,789,1038
103.000294,21.699868,760,789,790,1035,1036
102.500453,21.400401,761,762,791,792,1033,1034
102.666116,21.398274,761,1034,1035,1036,1037,1077,1078
102.665897,21.432232,761,790,791,1035
101.931851,21.332548,762,763,764,792,793,1032
102.233822,21.333633,762,1032,1033
101.333494,21.032951,763,764,1030,1031
101.466175,21.034432,763,1031,1032,1033,1034,1076,1077
100.8649,20.831421,764,765,793,794,1030
100.631469,20.798654,765,766,767,768,769,770,771,772,773,774,775,776,777,778,779,780,794,795,1028,1029
100.868009,20.800296,765,1029,1030,1031,1075,1076
99.699634,19.966666,766,767,873,1006
99.734515,19.966443,766,1006,1007,1028
99.166378,20.231982,767,768,873,874,878,879
99.166975,20.267772,768,769,872,877,878
98.167949,20.666532,771,772,851,852,853,854
98.166243,20.700649,772,773,850,851
97.733998,20.899479,775,776,806
97.666197,20.932104,776,777,805,806,807,808,809,816,817,818
97.233044,21.366418,777,778,804,805
97.232595,21.401295,778,779,803,804
96.765566,21.832183,779,780,802,803
96.765443,21.866397,780,781,795,796,802
96.567371,21.899932,781,782,796,797,801,814,815
96.566709,21.866647,781,802,803,804,805,815,816
96.232876,21.933541,782,783,797,798,799,800
96.233497,21.89848,782,800,801
100.767008,3.466012,829,830,1181,1182,1269
100.533344,3.334263,830,831,843,884,1180,1181
100.399707,3.466591,831,832,843,844,883
100.399802,3.400662,831,883,884,885,894,895
100.133351,3.73271,832,844,845,881,882
100.132992,3.700056,832,882,883,893,894
99.467895,3.800491,833,834,835,845,846,880,881
100.067084,1.933217,862,863,1025,1026,1147
99.99759,1.09884,863,864,1147,1148,1149,1150,1151
100.100014,0.566987,864,865,1112,1113,1151
100.000409,0.43325,865,866,1113,1114
100.098869,0.332931,866,867,1114,1130,1131
99.998852,0.165818,867,868,1115,1116,1117,1131,1132,1133,1134
99.833333,0.0,868,869,1115
99.633729,19.865505,873,874,897,898,1006,1007,1008,1009,1012,1013
100.53296,3.234149,884,885,1153,1154,1180
100.40024,3.133936,885,886,887,888,889,895,896,1153
100.267498,2.966417,886,887,1135,1144,1145,1152
100.465515,2.998366,886,1152,1153,1154,1155,1156,1157,1158,1159
99.899441,19.633534,898,899,1012
100.233458,19.632413,899,900,1011,1012,1013,1014
100.234421,19.566979,900,901,1011
100.367347,19.566315,901,902,1010,1011,1014,1071,1072
100.667451,19.533676,902,903,1071,1185
100.664781,19.499366,903,904,905,906,973,974,1185,1235
101.199853,19.231924,904,905,1233,1234
100.76703,19.500206,904,1234,1235,1236,1237,1238,1239,1240,1241,1242,1259,1260
101.46561,18.967379,905,906,1232,1233
101.466311,18.934656,906,907,908,974,975,1232
102.100186,18.767781,907,908,1231,1258,1259,1260,1261,1265
101.665475,18.999813,907,1232,1233,1234,1259
102.567875,18.399854,908,909,910,911,912,975,976,1231
103.033617,18.234105,909,910,1230,1257,1258,1264,1265
102.633982,18.400771,909,1231,1258
103.033879,18.168078,910,911,1229,1230
103.766609,17.734326,911,912,1228,1229
103.765558,17.700428,912,976,977,1227,1228
105.068006,16.933938,913,914,1225,1226
104.266531,17.532989,913,1226,1227,1228,1229,1230,1257
104.167489,17.533109,913,914,977,978,1227
105.068154,16.901017,914,978,979,980,981,982,983,984,985,986,987,988,989,1003,1004,1224,1225
105.866374,16.665933,915,916,1222,1223
105.599042,16.833369,915,1223,1224,1225,1226,1256,1257,1263,1264
105.501074,16.834226,915,916,979,1224
105.866242,16.63551,916,917,918,979,980,1222
106.199579,16.533287,917,918,1220,1221
105.96564,16.634391,917,1221,1222,1223,1255,1256
106.201024,16.466872,918,919,920,921,922,923,980,981,1220
106.532204,16.366912,919,920,1219,2093
106.432811,16.467413,919,1219,1220,1221,1254,1255
106.50081,16.033329,920,921,2093,2094,2095,2096,2097,2140,2141
106.598971,15.564688,921,922,2139,2140
106.566903,15.56636,922,923,2138,2139
106.568118,15.098406,923,981,982,2137,2138
106.83343,14.165638,924,925,983,984,2135,2136
106.767288,14.867392,924,2136,2137,2138,2139,2140,2141,2142,2143,2144,2145,2146,2147,2148,2149,2150,2151,2152,2153,2161,2163,2164
106.734203,14.865076,924,982,983,2137
106.765997,13.767749,925,984,985,2052,2053
106.900694,14.033683,925,2053,2054,2135
106.933879,13.000029,926,927,928,929,986,987,2051
106.899217,13.49901,926,2051,2052,2053,2054,2055,2056,2057,2058,2059,2060,2061,2086
106.832701,13.498012,926,985,986,2052
106.932152,12.334927,927,928,2049,2050
107.166344,12.567001,927,2050,2051,2085,2086,2087,2088,2089,2092
106.898489,12.334502,928,929,2048,2049
106.833432,11.932673,929,930,931,987,988,2048
106.466835,10.600848,930,931,2046,2047
106.865897,11.666003,930,2047,2048,2049,2050,2084,2085
106.432613,10.59905,931,988,989,2046
106.700503,9.533055,932,933,934,935,936,937,990,991,2081,2082
106.699282,10.000065,932,2082,2083,2084,2085,2091,2092
106.667387,9.998252,932,990,2083
106.700702,8.800432,933,934,1858,2079,2080
106.833594,9.298906,933,2080,2081
106.200225,9.26905,934,935,1857,1858,1859,1860,1869
106.06746,9.500273,935,936,1856,1857
105.800137,9.76533,936,937,1855,1856
105.800415,9.832984,937,991,992,1854,1855
105.79999,9.198984,938,939,1852,1867,1868
105.799616,9.700476,938,1853,1854,1855,1856,1857,1868,1869,1870,1871
105.768466,9.700063,938,939,940,941,942,943,944,945,946,947,948,949,950,993,1853
105.766245,9.199247,939,940,1851,1852
106.434408,10.300898,989,990,991,992,1004,1005,2046,2047,2083,2084
105.766814,9.83269,992,993,994,995,996,997,998,999,1000,1001,1005,1853,1854
99.733662,19.932471,1007,1008,1028,1029,1074,1075
100.09897,19.765205,1008,1009,1073,1074
100.099602,19.733645,1009,1010,1013,1014,1073
100.265565,19.733664,1010,1072,1073,1074,1075,1076,1077,1078,1079,1094
100.035173,2.833052,1016,1017,1143,1144,1145,1146
99.99952,2.732687,1017,1018,1142,1143
100.033613,2.499498,1018,1019,1141,1142
100.633009,2.034094,1019,1020,1140,1141
100.6325,1.999544,1020,1021,1022,1023,1024,1025,1026,1027,1140
100.932884,1.866859,1021,1022,1138,1139,1163,1164,1165,1166,1178,1179
100.700648,1.999732,1021,1139,1140,1141,1142,1143,1146
100.932826,1.76721,1022,1023,1162,1177,1178
100.866951,1.766477,1023,1024,1161,1162
100.6668,1.60026,1024,1025,1147,1148,1160,1161
112.5,22.5,1040,1041
112.5,17.8,1041,1042,2841,2842
112.46596,17.799311,1042,1043,2841
112.466451,15.532504,1043,1044,1045,1046,1047,1048,1049,1050,1080,2841,2842
112.5,14.966667,1044,1045,2787,2788,2789
112.5,15.533333,1044,2842
111.500064,14.966823,1045,1046,2467,2787
111.400171,14.966559,1046,1047,1207,1208,2467,2496
110.735374,15.432129,1047,1048,1207
110.332911,15.566319,1048,1049,1206,1207,1208,1245,1246
109.932967,15.932972,1049,1050,1205,1206
109.934347,15.967564,1050,1051,1080,1081,1205
109.466709,16.034365,1051,1052,1081,1082,1204
109.733441,15.968458,1051,1204,1205,1206,1245
108.599285,16.501201,1052,1053,1082,1083,1203
109.266988,16.030989,1052,1203,1204,1244,1245,1246,1247,1248,1249,1250,1251,1252,1253,1254,1255,1256,1262,1263
108.232475,16.534369,1053,1054,1083,1084,1202
108.234056,16.500238,1053,1202,1203,1244
107.499352,16.565517,1054,1055,1056,1084,1085,1201
107.499926,16.533219,1054,1201,1202,1244,1262
106.734711,16.966659,1055,1056,1199,1200
107.133302,16.566641,1055,1200,1201,1243,1261,1262,1263,1264,1265
106.434589,17.299132,1056,1057,1085,1086,1199
106.065991,17.366261,1057,1058,1059,1086,1087,1198
106.300847,17.299486,1057,1198,1199,1200,1243
105.433926,17.601386,1058,1059,1196,1197
105.799215,17.367772,1058,1197,1198,1242,1243,1260,1261
105.433338,17.6337,1059,1060,1061,1087,1088,1196
104.966015,17.83392,1060,1061,1194,1195
105.266202,17.632851,1060,1195,1196,1197,1241,1242
104.966177,17.865887,1061,1062,1063,1064,1088,1089,1194
104.234249,18.099122,1062,1063,1193,1239,1240
104.732748,17.866076,1062,1194,1195,1240,1241
104.232424,18.131536,1063,1064,1192,1193
103.500347,18.63286,1064,1065,1066,1067,1089,1090,1192
102.631957,18.966845,1065,1066,1190,1191
103.099824,18.700133,1065,1191,1192,1193,1238,1239
102.199022,19.365439,1066,1067,1189,1190
102.199551,19.40005,1067,1068,1090,1091,1188,1189
101.934717,19.465762,1068,1069,1091,1092,1187
101.933951,19.434022,1068,1187,1188
101.300524,19.498738,1069,1070,1092,1093,1186
101.299045,19.465607,1069,1186,1187,1188,1189,1190,1191,1237,1238
100.867741,19.533199,1070,1071,1072,1093,1094,1185,1235,1236
100.867592,19.500772,1070,1186,1236,1237
101.477083,0.660416,1095,1096,1097,1098,1121,1122,2950
101.449459,0.630819,1095,1300,2929,2950
101.398987,0.602621,1095,1119,1120,1121,1301,2929
101.632564,0.733116,1096,1097,2930,2931,2942,2943
101.485116,0.65074,1096,1300,1311,2930,2950
101.894201,1.124693,1097,1098,1099,2941,2942,2948,2949
101.885416,1.122916,1098,1099,1122,1123,1124,1125,1126,1127,1128,1129,1130,1131,1134
101.899938,1.133278,1099,1100,1101,1102,1103,1123,2947,2948
102.56706,1.765633,1100,1101,1415,1416,1417,1418,1419,1420,1421,1430
102.367631,1.400075,1100,1416,2947
102.800739,2.065739,1101,1102,1414,1415,1479,1484
103.033922,2.433528,1102,1103,1410,1411,1479
103.134186,2.765864,1103,1104,1105,1123,1124,1409,1410
102.865935,3.033877,1104,1105,1352,1353,1459,1460
103.232323,2.866999,1104,1408,1409,1458,1459
102.667891,2.699776,1105,1106,1124,1125,1353,1354
102.19968,2.33345,1106,1107,1108,1125,1126,1355,1356
102.633268,2.699838,1106,1354,1355
101.899345,2.132002,1107,1108,1170,1171
102.066977,2.332496,1107,1169,1170,1356,1357,1358,1359
101.900548,2.032744,1108,1109,1126,1127,1171,1172
101.701223,1.834134,1109,1110,1111,1127,1128,1173,1174
101.866116,2.033128,1109,1172,1173
100.966755,1.566196,1110,1111,1175,1176,1177,1178,1179
101.634214,1.83345,1110,1174,1175
100.733079,1.034497,1111,1128,1129,1176
100.332744,0.866739,1112,1150,1151
100.36679,0.8674,1112,1113,1114,1129,1130,1149,1150,1160,1161,1162,1176,1177
100.966667,0.0,1115,1116,1304
101.132219,0.234764,1116,1117,1303,1304,1305,1306,1314,1315,1316,1317
101.16658,0.499793,1117,1118,1132,1303
101.267188,0.568883,1118,1119,1120,1132,1133,1302
101.268385,0.500024,1118,1302,1303,1313,1314
101.333599,0.56609,1119,1301,1302,1312,1313
101.24375,0.639583,1120,1121,1122,1133,1134
100.93232,2.298623,1136,1137,1280,1292,1293
100.933851,2.332367,1136,1158,1159,1280
100.232795,2.767235,1136,1137,1138,1139,1145,1146,1152,1159
100.898582,2.098769,1137,1138,1163,1292
100.367255,0.966722,1148,1149,1160
100.70167,3.133272,1154,1155,1180,1181,1182,1183,1184,1266
100.764357,2.932978,1155,1156,1266,1267,1268
101.132499,2.600908,1156,1157,1268,1281
101.134327,2.5662,1157,1158,1280,1281,1282,1283,1293,1294
101.132427,2.501601,1163,1164,1291,1292,1293,1294,1299
101.367147,2.400864,1164,1165,1290,1291
101.56534,2.566882,1165,1166,1289,1290
101.666392,2.566477,1166,1167,1168,1169,1170,1171,1172,1173,1174,1175,1179,1289
101.899266,2.732891,1167,1168,1287,1288,1348
101.733378,2.765793,1167,1288,1289,1290,1291,1298,1299
101.900107,2.59963,1168,1169,1348,1349,1357
100.86654,3.332778,1182,1183,1269,1270,1278,1279
101.267707,3.333365,1183,1184,1277,1278
101.400146,3.20009,1184,1266,1267,1276,1277
110.932702,14.967342,1208,1209,1246,1247,2495,2496,2497,2498,2499,2500,2501,2502,2503
110.467318,15.132443,1209,1210,1211,1247,1248,2466
110.468059,15.066121,1209,2466,2494,2495
109.865765,15.267554,1210,1211,2464,2465
110.298632,15.133547,1210,2465,2466,2493,2494
109.533149,15.433077,1211,1212,1248,1249,2101,2464
109.001679,15.66691,1212,1213,1214,1249,1250,2100
109.233614,15.432842,1212,2100,2101,2102,2103,2104,2105,2145,2146
108.597906,15.598717,1213,1214,2099,2143,2144
109.000279,15.600545,1213,2100,2144,2145
108.234446,15.733064,1214,1215,1250,1251,2099
107.599237,15.999713,1215,1216,1251,1252,2098
108.132556,15.733316,1215,2098,2099,2142,2143
107.434735,16.067149,1216,1217,1218,1252,1253,2096,2097
107.433022,15.999849,1216,2097,2098,2141,2142
106.835094,16.232671,1217,1218,2094,2095
107.066049,16.066892,1217,2095,2096
106.831956,16.301122,1218,1219,1253,1254,2093,2094
101.566702,3.133127,1267,1268,1275,1276,1281,1282
101.600549,4.033936,1272,1273,1318,1319,1320,1321,1322,1323,1324,1325,1327
101.866281,3.700543,1273,1274,1326,1327
101.868102,3.632113,1274,1275,1276,1277,1278,1279,1326
102.06682,3.567941,1275,1282,1283,1325,1326,1327
102.266641,3.700438,1283,1294,1295,1296,1297,1298,1299,1324,1325,1345,1346
102.465506,4.066761,1284,1285,1384,1385,1441
102.399937,4.033308,1284,1343,1344,1385,1386
102.398904,3.998688,1284,1285,1295,1344,1345
102.432736,3.831775,1285,1286,1295,1296,1441,1442,1443,1444,1445,1446,1450,1451
102.132123,3.267199,1286,1296,1297,1360,1361
102.600119,3.63369,1286,1361,1362,1449,1450
101.967678,2.767236,1287,1348,1349,1360,1361,1362,1363,1364
101.966139,2.932805,1287,1288,1297,1298,1360
101.41875,0.597916,1300,1301,1311,1312,2929
103.666667,0.0,1304,1305,1518,1519
103.465742,0.198916,1305,1306,1517,1518
103.299525,0.265985,1306,1307,1308,1315,1517
103.41026,0.349898,1307,1308,1542,1543,1544,2933,2934
103.400499,0.266159,1307,1517,1518,1519,1520,1521,1522,1523,1524,1525,1526,1527,1544,1545
103.202083,0.310416,1308,1309,1315,1316,2933
102.422916,0.31875,1309,1310,1316,1317,2932
102.85625,0.539583,1309,2932,2933,2934,2944,2945
101.660416,0.439583,1310,1311,1312,1313,1314,1317,2930,2931
102.052083,0.552083,1310,2931,2932,2943,2944
101.767431,4.300022,1321,1322,1341,1342,1343,1344,1345,1346,1347
101.765775,4.20034,1322,1323,1347
101.933038,4.000652,1323,1324,1346,1347
102.500479,6.565896,1331,1332,1466,1467,1468,1469,1470
103.299978,5.6994,1332,1333,1339,1340,1470,1471,1472
102.500073,4.665551,1342,1343,1386,1387
102.232543,2.766106,1349,1350,1351,1357,1358,1364
102.500454,2.900484,1350,1351,1452,1453,1454,1455,1456,1462,1463
102.501053,2.933483,1350,1363,1364,1452
102.568021,2.899988,1351,1358,1359,1461,1462
102.733066,3.101761,1352,1460,1461,1462,1463,1464,1465
102.733403,3.066998,1352,1353,1354,1355,1356,1359,1461
102.732282,3.665563,1362,1363,1448,1449,1452,1453
102.633532,5.434379,1365,1366,1367,1368,1369,1370,1375,1471,1472,1473,1474,1475,1476,1478
102.999869,4.96599,1366,1367,1379,1380,1477
102.868259,5.200471,1366,1477,1478
102.766806,5.067361,1367,1368,1379
102.633107,5.067379,1368,1369,1379,1380,1381,1382,1383,1384,1385,1386,1387,1389
102.399743,5.19989,1369,1370,1378,1388,1389
102.232723,5.366926,1370,1371,1375,1376,1378
102.165514,5.331932,1371,1372,1373,1374,1376,1377
102.233912,5.332458,1371,1377,1378,1388
103.332793,4.79911,1380,1381,1476,1477,1478,1497
103.33245,4.73355,1381,1382,1496,1497,1498,1499,1500,1501,1502,1503,1504
103.166069,4.599703,1382,1383,1486,1487,1496
103.100983,4.534402,1383,1384,1441,1442,1486
104.000717,1.800771,1390,1391,1424,1425,1625
104.066665,1.499303,1390,1625,1626,1627,1637
103.970967,1.386683,1390,1423,1424,1626,1629,1630,2918,2919
104.43327,2.367754,1391,1392,1393,1394,1395,1425,1426,1623,1624
104.433823,2.099282,1391,1624,1625,1636,1637,1638
104.6991,2.59943,1392,1393,1535,1536,1663,1672,1673,1674,1675
104.732042,2.534807,1392,1536,1537,1623
104.266734,2.633483,1393,1394,1664,1665,1666,1673
104.265658,2.499455,1394,1395,1664
103.900536,2.533645,1395,1396,1426,1438,1439,1440,1664,1665
104.100124,2.768571,1396,1436,1439,1649
104.1001,2.700211,1396,1649,1650,1665,1666
104.834373,3.100741,1397,1398,1667,1668,1669,1674,1675
104.734762,2.868085,1397,1650,1666,1673,1674
104.397921,3.000736,1397,1398,1399,1400,1401,1402,1403,1404,1431,1432,1433,1436,1649,1650
104.733158,3.567515,1398,1399,1651,1652,1667
104.50053,3.867,1399,1400,1588,1651
104.300381,3.999996,1400,1401,1588,1589,1598,1599
104.266979,3.667682,1401,1402,1589
104.232924,3.666967,1402,1403,1589,1590,1591,1592,1599
103.899705,3.601454,1403,1404,1560,1561,1590
103.73406,3.566769,1404,1427,1431,1506,1507,1515,1561,1562
103.964989,3.365987,1405,1427,1431,1432,1508
103.701178,3.434494,1405,1507,1508,1509,1510,1511,1515,1516
103.799129,3.43364,1405,1427,1507
103.899904,3.132892,1406,1407,1428,1429,1433,1436,1439,1440,1510,1511
103.801209,3.299379,1406
103.998964,3.233831,1406,1432,1433,1508,1509
103.634517,2.9008,1407,1408,1409,1410,1411,1412,1428,1512
103.63469,2.99959,1407,1511,1512,1513,1514,1516
103.30067,2.932278,1408,1457,1458,1512,1513
103.433201,2.39962,1411,1412,1479,1480,1484,1485
103.433338,2.199157,1412,1413,1428,1429,1480
103.533333,1.799144,1413,1429,1437,1438,1440,1481
103.234404,1.965298,1413,1480,1481,1482,1483,1485
102.966224,2.133834,1414,1483,1484,1485
103.066064,1.799502,1414,1415,1430,1434,1482,1483
102.384126,1.39251,1416,1417,2915,2927,2940,2947,2948,2949
102.447916,1.489583,1417,1418,2926,2927,2928
102.63125,1.48125,1418,1419,2925,2926
102.760416,1.66875,1419,1420,2924,2925
103.160416,1.660416,1420,1421,2923,2924
103.19375,1.722916,1421,1422,1430,1434,1435,2922,2923
103.610416,1.589583,1422,1423,1424,1425,1426,1435,1437,1438,2920,2921
103.464583,1.477083,1422,2921,2922
103.747916,1.40625,1423,2919,2920
103.367609,1.668013,1434,1435,1437,1481,1482
103.100301,4.500683,1442,1443,1486,1487,1488,1494
103.132333,4.499986,1443,1444,1493,1494,1495
103.20042,4.165564,1444,1445,1492,1493
103.36713,4.166426,1445,1446,1491,1492
103.366071,4.000438,1446,1447,1451,1490,1491,1555
103.300653,3.967036,1447,1448,1449,1450,1451,1454,1455,1554
103.365807,3.967975,1447,1554,1555,1556,1557,1558,1559,1560,1561,1562,1563
103.000307,3.733509,1448,1453,1454
103.300184,3.633997,1455,1456,1554,1563
103.333073,3.632957,1456,1463,1464,1505,1506,1562,1563
103.367198,3.100636,1457,1513,1514
103.20162,3.368033,1457,1458,1459,1460,1465,1505,1506,1514,1515,1516
103.201268,3.432566,1464,1465,1505
103.334576,5.699084,1469,1470,1472,1473,1564
103.466712,5.56615,1473,1474,1564,1565,1566,1567,1568,1569,1570,1571,1572
103.500803,5.167407,1474,1475,1572
103.566728,4.900099,1475,1476,1497,1498,1571,1572
103.166827,4.56684,1487,1488,1496,1504
103.398546,4.566164,1488,1489,1494,1495,1503,1504
103.666791,4.233236,1489,1490,1491,1492,1493,1495,1582,1594,1595
103.66534,4.433915,1489,1502,1503,1582,1611,1612
103.800089,4.167267,1490,1555,1556,1593,1594
103.666981,4.934373,1498,1499,1570,1571,1600
103.799956,4.933727,1499,1500,1600,1601,1602,1613
103.90027,4.766532,1500,1501,1613,1614,1615,1617
103.899662,4.532434,1501,1502,1612,1616,1617,1618
103.801209,3.299378,1509,1510
104.333333,0.0,1519,1520,1684,1685,1695,1696
104.5003,0.234629,1520,1521,1684
104.867264,0.300342,1521,1522,1684,1685
105.46722,0.367765,1522,1523,1685,1696,1697
105.401311,0.667984,1523,1524,1686,1687,1697,1698
105.366927,0.666676,1524,1525,1686
105.131763,0.999015,1525,1526,1686,1687
105.131801,1.399901,1526,1527,1687,1688,1689,1690,1691,1698,1699
105.0671,1.399595,1527,1545,1546,1552,1553
105.366976,1.834093,1528,1529,1690,1691,1818,1819
105.201195,1.634366,1528,1689,1690
105.134211,1.632981,1528,1529,1530,1531,1546,1688,1689
105.167263,1.933233,1529,1530,1809,1810,1819,1820
105.134017,2.034085,1530,1531,1786,1787,1788,1789,1804,1809
104.966349,2.132455,1531,1532,1533,1534,1546,1547,1548,1549,1553,1786
105.133851,2.365607,1532,1533,1767,1768,1769,1770,1771,1787,1788
105.133398,2.267532,1532,1786,1787
104.932877,2.300276,1533,1534,1768
104.767403,2.533597,1534,1535,1536,1537,1538,1547,1758,1768,1769
104.765855,2.600168,1535,1662,1663,1758
104.666517,2.333864,1537,1538,1622,1623,1624,1635,1636
104.899372,2.166093,1538,1547,1548,1621,1622
104.399248,1.032731,1539,1540,1549,1550,1551,1552,1553,1620
104.533369,1.666359,1539,1620,1621,1622,1634,1635
104.867597,2.032653,1539,1548,1549,1621
104.032951,1.000259,1540,1541,1550,1619
104.233148,1.066431,1540,1619,1620,1633,1634
103.566028,0.832798,1541,1542,1543,1550,1551,2935
103.834914,1.067004,1541,1619,1632,1633,2935,2936
103.466644,0.833597,1542,2934,2935,2936,2937,2938,2945,2946
103.44375,0.35625,1543,1544,1545,1551,1552
104.134536,4.068201,1556,1557,1593
104.165836,4.06636,1557,1558,1592,1593,1594,1595,1596,1597,1598,1599
104.167219,3.799824,1558,1559,1591,1592
104.100768,3.800813,1559,1560,1590,1591
103.768143,5.532938,1566,1567,1573,1574,1575,1581
104.033554,5.36691,1567,1568,1580,1581,1676
104.033249,5.299237,1568,1569,1601,1602,1676,1677,1678,1679,1680,1682,1683
103.667055,4.966952,1569,1570,1600,1601
104.73435,6.067022,1576,1577,1749,1750
104.667997,5.967511,1577,1578,1711,1749
104.665195,5.932205,1578,1579,1677,1678,1710,1711,1712,1713,1714,1715,1716
104.600165,5.93383,1579,1580,1676,1677
103.766354,4.433478,1582,1583,1584,1585,1586,1595,1596,1611
103.866151,4.466471,1583,1584,1610,1639,1647,1648
103.768776,4.46647,1583,1610,1611,1612,1616
104.600435,4.333749,1584,1585,1646,1647,1717
104.601289,4.302107,1585,1586,1717,1733,1734
104.733566,4.267024,1586,1587,1596,1597,1732,1733
104.633639,4.100674,1587,1588,1597,1598,1651,1652
104.968146,4.298726,1587,1652,1653,1654,1667,1668,1732
104.232352,5.302395,1602,1603,1604,1605,1606,1607,1608,1609,1613,1614,1682
104.432484,5.331607,1603,1604,1681,1701
104.232466,5.333791,1603,1681,1682,1683
104.434148,5.267799,1604,1605,1701,1702,1703,1704,1705,1706,1709
104.532197,5.132713,1605,1606,1642,1643,1708,1709
104.400583,4.733458,1606,1607,1642
104.399376,4.700227,1607,1608,1641,1642,1643,1644,1645,1646,1647,1648
104.266149,4.70099,1608,1609,1640,1641
103.965996,4.63315,1609,1614,1615,1640
103.866899,4.500208,1610,1616,1618,1639
103.966597,4.566224,1615,1617,1618,1639,1640,1641,1648
103.985416,1.385416,1626,1627,1628,1629
104.139583,1.26875,1627,1628,1637,1638
104.189583,1.097916,1628,1629,1630,1631,1632,1633,1634,1635,1636,1638
103.867989,1.265497,1630,1631,2917,2918
103.833291,1.266936,1631,1632,2917,2936,2937
104.833919,5.00129,1643,1644,1707,1708
104.833365,4.966852,1644,1645,1707,1718
104.90119,4.701743,1645,1646,1717,1718,1719,1720,1721,1722,1723,1724,1725,1726,1727,1728,1729,1734,1735
105.300545,4.332238,1653,1654,1730,1731
104.967009,4.332711,1653,1731,1732,1733,1734,1735
105.366088,4.267851,1654,1668,1669,1730
105.901295,4.633967,1655,1656,1727,1728,1926,1927
105.665206,4.566693,1655,1728,1729
105.666534,4.500155,1655,1656,1657,1669,1670,1671,1672,1675,1729,1730,1731,1735
105.900632,4.433791,1656,1657,1925,1926
105.83367,4.101927,1657,1658,1670,1924,1925
105.466114,3.967798,1658,1659,1670,1671,1760,1761
105.899892,3.966945,1658,1761,1762,1792,1923,1924
105.200759,3.566731,1659,1660,1661,1662,1663,1671,1672,1759
105.234383,3.566344,1659,1759,1760
105.101041,2.999672,1660,1661,1770,1771
105.198013,3.431607,1660,1759,1760,1761,1762,1763,1764,1765,1766,1767,1771
104.932204,2.69937,1661,1662,1758,1769,1770
104.532996,5.600566,1678,1679,1710
104.533549,5.498176,1679,1680,1710,1716
104.633575,5.500683,1680,1681,1683,1701,1702,1715,1716
105.0671,1.399594,1688
105.633364,1.533781,1691,1692,1693,1699,1700,1818
105.734194,1.532797,1692,1693,1816,1817,1879,1880
105.833542,1.800765,1692,1817,1818,1819,1820,1821,1822,1823,1824,1825
105.733743,1.233094,1693,1694,1700,1880,1881
106.032766,0.301249,1694,1695,1696,1697,1698,1699,1700,1882,1883
106.000769,0.599054,1694,1881,1882
106.266667,0.0,1695,1883,1884,1888,1889,1890,1891
104.69884,5.501818,1702,1703,1714,1715
104.96571,5.700296,1703,1704,1713,1714,1784,1785
105.266109,5.434293,1704,1705,1720,1721,1783,1784
105.100294,5.133417,1705,1706,1719,1720
105.033018,5.133071,1706,1707,1708,1709,1718,1719
104.800651,6.067054,1711,1712,1748,1749,1750,1751,1752,1753,1757,1772
104.933118,5.999046,1712,1713,1772,1785
105.465349,5.599855,1721,1722,1782,1783,1849
105.53328,5.599048,1722,1723,1848,1849,1850
105.56883,5.168023,1723,1724,1847,1848
105.867352,4.998835,1724,1725,1846,1847,1947,1948,1949,1950,1952
105.866923,4.866083,1725,1726,1951,1952
105.865945,4.766051,1726,1727,1927,1928,1951
105.998717,8.10192,1739,1740,1865,1866
106.432249,7.667482,1740,1741,1742,1743,1754,1864,1865
106.666693,7.432641,1741,1742,1862,1863,2040,2041
106.466949,7.666915,1741,1863,1864
106.40044,7.265443,1742,1743,1892,1893,2040
106.034448,6.999644,1743,1744,1745,1754,1755,1892
105.764704,6.866408,1744,1745,1826,1900
106.033053,6.966236,1744,1892,1893,1894,1895,1896,1897,1898,1899,1900
105.367002,6.831791,1745,1746,1747,1755,1756,1826,1827,1837,1838
105.332734,6.700378,1746,1747,1773,1774,1836
105.366414,6.799797,1746,1836,1837
104.967263,6.099819,1747,1748,1756,1757,1773
104.964937,6.065939,1748,1772,1773,1774,1775,1776,1777,1778,1779,1780,1781,1782,1783,1784,1785
106.100951,3.23351,1762,1763,1791,1792,1793,1794,1805,1806,1808
105.800644,2.900499,1763,1764,1790,1791
105.633495,2.635063,1764,1765,1790
105.634872,2.3995,1765,1766,1789,1790,1791,1804,1807,1808
105.333741,2.366033,1766,1767,1788,1789
105.498966,6.833114,1774,1775,1835,1836,1837,1838,1839,1842
105.632893,6.533804,1775,1776,1835
105.799433,6.533688,1776,1777,1834,1835,1841,1842
105.899449,6.133551,1777,1778,1834,1953
105.900556,6.066724,1778,1779,1953,1954,1955,1967,1968
105.99986,5.966571,1779,1780,1901,1902,1967
105.800033,5.799979,1780,1781,1843,1901
105.599174,5.66601,1781,1782,1843,1844,1845,1849,1850
106.001052,3.966883,1792,1793,1922,1923
106.268229,4.132969,1793,1794,1921,1922
106.366446,4.134018,1794,1795,1805,1921
106.832609,4.432472,1795,1796,1797,1798,1799,1800,1801,1802,1803,1805,1806,1920
106.366202,4.198489,1795,1920,1921,1922,1923,1924,1925,1926,1927,1928,1929,1942
107.167093,4.533925,1796,1797,1919,1940,1941
106.83331,4.500699,1796,1920,1941,1942,1945
106.133097,2.8672,1801,1802,1811
105.866689,2.367208,1802,1803,1811,1821,1822
105.532704,2.066115,1803,1806,1807,1808,1810,1820,1821
105.299073,2.13366,1804,1807,1809,1810
106.700348,2.566888,1813,1814,2027,2028
106.36642,2.46685,1814,1815,1824,1825,1976,1977,2028,2029,2033,2034
106.16689,2.067221,1815,1816,1817,1825,1975
106.19956,2.066732,1815,1975,1976
106.036043,1.634423,1816,1879,1975,1976,1977,1978,1979,1980,1981,1982,1990,1991
106.100482,6.866357,1826,1827,1899,1900
106.133647,6.86582,1827,1828,1838,1839,1898,1899
106.501042,6.633854,1828,1839,1840,1841,1842,1993,1998
106.265888,6.933044,1828,1897,1898,1993
107.032885,6.699833,1829,1830,2198,2199
106.933677,6.700947,1829,1996,1997,2199,2200
106.833124,6.634607,1829,1830,1831,1832,1833,1840,1997,1998
107.132571,6.566476,1830,1831,1956,2197,2198
107.132915,6.400413,1831,1832,1955,1956,1968,1969,1970,1971,1972,1973,1974
106.532305,6.333343,1832,1833,1954,1955
106.166725,6.400745,1833,1834,1840,1841,1953,1954
105.800686,5.700905,1843,1844,1901,1902,1903,1904,1932
105.832518,5.70208,1844,1845,1931,1932,1943,1944
105.833822,5.334678,1845,1846,1847,1848,1850,1930,1931
105.867982,5.333504,1846,1930,1947
106.699361,8.766985,1858,1859,2078,2079,2172,2173
106.598644,8.599544,1859,1860,2172
106.599928,8.39984,1860,1869,1870,2172,2173,2174,2175,2189,2190
106.932733,7.731623,1861,1862,1863,1864,1865,1866,1867,1868,1871,2187,2188
106.900697,7.933197,1861,2188,2189,2190,2191,2192,2193
106.767768,8.066934,1861,1870,1871,2189
107.101178,7.466381,1862,2041,2042,2186,2187
108.100214,0.398914,1872,1873,2004,2005
108.699829,0.333688,1872,2005,2006
109.20896,0.182807,1872,1873,1874,1885,1886,1887,2006,2030,2036,2912,2913,2914
107.666768,0.333867,1873,1874,1984,2003,2004
107.565349,0.332971,1874,1875,1876,1877,1887,1890,1891,1984,1985
107.166241,0.70141,1875,1876,1986,1987,1988,1989,1990,1991,1992
107.567842,0.36628,1875,1985,1986
107.065585,0.699885,1876,1877,1987
106.632411,0.899667,1877,1878,1888,1891,1987,1988
106.265581,1.299769,1878,1879,1880,1881,1882,1883,1888
106.634033,0.931909,1878,1988,1989
109.332672,0.032273,1884,1885,1886,1889,2906,2907
109.333333,0.0,1884,2907,2908,2910,2911
109.265578,0.166028,1885,2905,2906,2912
109.189583,0.139583,1886,1887,1889,1890
106.399636,7.20058,1893,1894,2040,2041,2042,2043,2044,2045
106.53377,7.099806,1894,1895,2045,2165
106.566793,7.032875,1895,1896,1994,2165,2171
106.567402,6.966789,1896,1897,1993,1994,1995,1996,1997,1998
106.201271,6.033477,1902,1903,1967,1968,1974
106.798028,6.133102,1903,1904,1966,1973,1974
107.03095,5.9328,1904,1905,1932,1933,1934,1935,1936,1937,1938,1939,1940,1941,1944,1945,1946,1966
107.934886,6.232985,1905,1906,1933,1965
107.43385,6.101008,1905,1965,1966,1972,1973
108.367135,6.266822,1906,1907,1908,1909,1910,1933,1934,1963,1964
108.166619,6.333972,1906,1964,1965,1971,1972
108.468977,6.434182,1907,1908,2249,2250,2298,2304
108.366888,6.333522,1907,1962,1963,2250,2251
108.53368,6.432563,1908,1909,2303,2304,2305,2306
108.832498,6.134404,1909,1910,2302,2303,2320,2321
109.166415,5.734629,1910,1911,1934,1935,2320
109.433529,5.366241,1911,1912,1913,1935,1936,2318,2319
109.198244,5.732512,1911,2319,2320,2321,2322,2327
109.466553,5.200735,1912,1913,2317,2449
109.466782,5.366174,1912,2317,2318
109.467182,5.034835,1913,1936,1937,2449,2450,2451,2452,2453,2460,2461
109.599721,4.731201,1914,1915,1938,1939,2458,2459
109.600396,4.900808,1914,2459,2460,2461,2463
109.532857,4.902008,1914,1937,1938,2460
109.5991,4.368602,1915,1916,1917,1918,1919,1939,1940,2398
109.767892,4.467504,1915,2398,2399,2457,2458
109.599079,4.334331,1916,2397,2398,2399,2430,2431
106.59902,4.733044,1928,1929,1950,1951,1952
106.769031,4.966606,1929,1942,1945,1946,1949,1950
105.932301,5.366658,1930,1931,1943,1947,1948
106.365928,5.299365,1943,1944,1946,1948,1949
107.365666,6.56565,1956,1957,1958,1969,2196,2197
107.767884,6.664783,1957,1958,2211,2212
107.367788,6.600392,1957,2196,2212,2213
107.866103,6.633431,1958,1959,1960,1961,1969,1970,2211
108.134137,6.63415,1959,1960,2254,2255
107.90126,6.70072,1959,2210,2211,2212,2213,2240,2255,2256
108.135626,6.566008,1960,1961,2253,2254
108.333412,6.399556,1961,1962,1963,1964,1970,1971,2252,2253
108.366441,6.400691,1962,2251,2252
106.366363,2.400341,1977,1978,2029
106.434208,2.400007,1978,1979,1999,2000,2001,2002,2029,2034,2035
106.500811,2.066882,1979,1980,1999
106.633354,2.000266,1980,1981,1999,2000
107.166534,1.533886,1981,1982,2000,2001
107.532982,1.1677,1982,1983,1991,1992
107.600635,0.533986,1983,1984,1985,1986,1992,2003
107.566443,1.168597,1983,2002,2003,2004,2005,2006,2035,2036,2037,2038,2039
106.265581,1.299768,1989,1990
106.967191,7.03344,1994,1995,2170,2171
107.165736,7.032593,1995,1996,2169,2170,2194,2195,2200
107.532983,1.1677,2001,2002
109.133627,0.267486,2007,2030,2036,2037,2355,2373,2374
109.256645,0.26728,2007,2355,2904,2913,2914
109.24375,0.260416,2007,2030,2914
109.266429,0.699559,2008,2009,2010,2011,2012,2013,2014,2015,2016,2017,2018,2019,2020,2021,2022,2023,2031,2371
109.399075,0.699878,2008,2371,2372
109.133318,0.466066,2008,2031,2032,2037,2038,2372,2373
109.766082,1.000202,2009,2010,2369,2370,2420,2421
109.765857,0.8661,2009,2370,2371,2372,2373,2374,2375,2376,2377,2378,2379
109.667378,1.20079,2010,2011,2421,2422
109.766089,1.865871,2011,2012,2422,2423
109.699514,1.866933,2012,2013,2423,2424
109.70018,2.06616,2013,2014,2424,2425,2426,2427,2428,2438
109.634166,2.066734,2014,2015,2425
107.134129,7.466544,2042,2043,2185,2186
107.133416,7.433191,2043,2044,2166,2184,2185
106.734566,7.1,2044,2045,2165,2166,2167,2168,2169,2170,2171
106.96668,14.03297,2054,2055,2135,2136,2161
107.299139,13.733453,2055,2056,2134,2161,2163
107.433484,13.500419,2056,2057,2134
107.500335,13.500171,2057,2058,2133,2134,2160,2162,2163,2164
107.600862,12.866389,2058,2059,2132,2133
107.599624,12.701276,2059,2060,2132
107.83473,12.399609,2060,2061,2131,2132,2133,2159,2160
107.834489,12.298898,2061,2062,2086,2087,2131
108.199052,11.799695,2062,2087,2088,2129,2130
108.200579,11.900405,2062,2130,2131,2159
108.533665,11.032556,2063,2064,2128,2157,2158
108.533728,11.533423,2063,2129,2130,2158,2159,2160,2162
108.466555,11.532606,2063,2064,2065,2088,2089,2129
108.467038,11.032,2064,2065,2127,2128
108.199671,10.700509,2065,2089,2090,2091,2092,2126,2127
108.499102,9.834008,2066,2067,2124,2125
108.433176,10.399187,2066,2125,2126,2127,2128,2156,2157
108.365889,10.400387,2066,2067,2090,2126
108.501384,9.532162,2067,2068,2069,2070,2071,2072,2073,2074,2075,2076,2077,2078,2079,2080,2081,2082,2090,2091,2123,2124
108.66607,8.000776,2068,2069,2121,2122,2277,2278,2279,2280,2281
108.766719,8.99924,2068,2122,2123
108.265575,8.166629,2069,2070,2276,2277
108.198849,8.166974,2070,2071,2258,2259,2276
107.967098,8.20052,2071,2072,2177,2178,2257,2258
107.966583,8.233705,2072,2073,2177
107.566917,8.234808,2073,2074,2176,2177,2178,2179,2191,2192
107.266056,8.332516,2074,2075,2176
107.166385,8.333103,2075,2076,2175,2176,2190,2191
107.166338,8.398638,2076,2077,2174,2175
106.966069,8.633527,2077,2078,2173,2174
109.466472,15.299962,2101,2102,2464,2465,2493
109.700342,15.000742,2102,2103,2492,2493,2494,2495,2503
109.700384,14.500025,2103,2104,2491,2492
109.632876,14.498662,2104,2105,2490,2491
109.633497,13.933801,2105,2146,2147,2489,2490
109.800484,13.232557,2106,2148,2149,2487,2488
109.768548,13.734648,2106,2488,2489,2490,2491,2492,2502,2503
109.70038,13.731503,2106,2147,2148,2489
109.96732,12.466878,2107,2108,2485,2486
109.9656,12.800492,2107,2486,2487,2488,2501,2502
109.932672,12.801108,2107,2108,2149,2150,2487
109.931843,12.467499,2108,2109,2110,2150,2151,2484,2485
109.867124,11.099852,2109,2110,2482,2483
109.933746,11.699744,2109,2483,2484
109.799825,11.099997,2110,2151,2152,2481,2482
110.266181,9.365577,2111,2112,2113,2114,2115,2153,2154,2155,2156,2157,2158,2162,2164,2478,2479
110.231927,9.931909,2111,2479,2480
109.800185,10.766977,2111,2152,2153,2480,2481
110.500751,8.667791,2112,2113,2646,2647,2648,2649,2651,2652
110.500918,8.999765,2112,2477,2478,2646
110.564898,8.466793,2113,2114,2615,2651
110.366657,8.066298,2114,2115,2615,2616,2617
110.367352,8.032943,2115,2116,2154,2537,2538,2617,2618,2629,2630
110.332741,8.066928,2116,2117,2154,2155,2522,2523
110.333616,8.033932,2116,2523,2524,2537
109.633384,7.997848,2117,2118,2119,2120,2121,2122,2123,2124,2125,2155,2156,2521
109.86572,8.000736,2117,2521,2522
108.999994,7.967992,2118,2119,2330,2331
109.63183,7.899324,2118,2331,2332,2334,2335,2521,2522,2523,2524,2525
108.99883,7.998363,2119,2120,2329,2330
108.700621,7.999141,2120,2121,2278,2328,2329
107.200272,7.467767,2166,2167,2184,2201
107.268862,7.465491,2167,2168,2201,2202,2203,2204,2205,2206
107.166395,7.065991,2168,2169,2194,2206
107.899464,7.999197,2178,2179,2257
107.898612,7.833021,2179,2180,2181,2182,2183,2192,2193,2257,2258,2259,2260,2261,2262
107.999462,7.731798,2180,2181,2233,2234,2235,2236,2237,2239
107.999396,7.76653,2180,2234,2262
107.732547,7.665903,2181,2182,2214,2215,2233
107.49977,7.501388,2182,2183,2202,2203,2214
107.199939,7.499776,2183,2184,2185,2186,2187,2188,2193,2201,2202
107.298587,6.86654,2194,2195,2205,2206,2207
107.266441,6.73237,2195,2196,2197,2198,2199,2200,2207,2208,2209,2210,2213
107.631561,7.334414,2203,2204,2214,2215,2216,2217,2218
107.600581,6.932941,2204,2205,2207,2208,2218
107.698819,6.933042,2208,2209,2217,2218,2227
107.899525,6.801724,2209,2210,2227,2228,2229,2230,2231,2232,2240
107.999735,7.398772,2215,2216,2233,2238,2239
107.999263,7.267859,2216,2217,2227,2228,2238
107.631208,3.23347,2219,2220
107.565793,2.932303,2219
107.567775,2.901726,2219,2220,2226
107.833167,3.068299,2220,2221,2222,2223,2224,2225,2226
108.30046,2.800579,2221,2222
108.000303,3.233,2221
108.268517,2.799531,2222,2223
108.001251,2.566434,2223,2224
107.867927,2.568553,2224,2225
107.634035,2.767014,2225,2226
108.067488,7.267765,2228,2229,2237,2238,2239,2268,2269,2270,2271,2275
108.199247,7.16668,2229,2230,2263,2264,2274,2275
107.999394,6.867464,2230,2231,2263
108.000748,6.832658,2231,2232,2241,2263,2264,2265,2266,2267
108.000763,6.798558,2232,2240,2241,2256
108.133383,7.766644,2234,2235,2261,2262,2282,2283
108.099211,7.566092,2235,2236,2282
108.135178,7.332592,2236,2237,2268,2282,2283,2284,2285,2286,2287
108.434088,6.834211,2241,2242,2243,2244,2245,2246,2247,2248,2249,2250,2251,2252,2253,2254,2255,2256,2267
108.732993,7.066787,2242,2243,2271,2272,2273,2274,2275,2336
108.500929,6.932729,2242,2266,2267,2272
108.867085,7.001083,2243,2244,2336,2337,2338,2339,2340,2341,2342,2343
108.832841,6.933344,2244,2245,2342
108.834592,6.800946,2245,2246,2308,2309,2342,2343,2344,2348
108.732791,6.801504,2246,2247,2299,2307,2308
108.599329,6.666459,2247,2248,2298,2299,2300,2304,2305
108.565929,6.66715,2248,2249,2298
108.199954,8.034838,2259,2260,2276,2277,2281
108.13396,7.800638,2260,2261,2280,2281,2283,2284
108.433172,7.033196,2264,2265,2273,2274
108.499658,7.033364,2265,2266,2272,2273
108.399192,7.333962,2268,2269,2287,2296,2297
108.767394,7.098527,2269,2270,2295,2296,2337,2338
108.766691,7.066517,2270,2271,2336,2337
108.699955,7.699648,2278,2279,2289,2290,2328
108.499946,7.764176,2279,2280,2284,2285,2288,2289
108.466417,7.667301,2285,2286,2288
108.567504,7.666798,2286,2287,2288,2289,2290,2297
108.799902,7.63448,2290,2291,2292,2293,2294,2295,2296,2297,2328,2329,2330,2331,2334
109.199949,7.500834,2291,2292,2380,2381,2386,2394,2395
109.133759,7.698974,2291,2333,2334,2335,2386
109.167118,7.500411,2292,2293,2340,2341,2380
109.032898,7.501466,2293,2294,2339,2340
108.831435,7.334072,2294,2295,2338,2339
108.666307,6.733603,2299,2300,2307
108.664445,6.568018,2300,2305,2306,2307,2308,2309,2310,2311,2312,2313,2323,2324
108.900118,6.167126,2301,2302,2321,2322
108.899933,6.365688,2301,2322,2323,2324,2325,2326,2327
108.832758,6.366958,2301,2302,2303,2306,2323
108.866715,6.800873,2309,2310,2347,2348,2349
108.868509,6.732944,2310,2311,2349,2354
108.933104,6.732488,2311,2312,2353,2354
109.166859,6.500817,2312,2313,2352,2353
109.165578,6.433764,2313,2314,2324,2325,2351,2352
109.231593,6.1332,2314,2315,2316,2325,2326,2439,2445,2446
109.234248,6.43464,2314,2350,2351,2439
109.567236,5.799484,2315,2316,2504,2505,2506,2507,2510
109.534264,5.966842,2315,2445,2504
109.698826,5.665051,2316,2317,2318,2319,2326,2327,2449,2450,2509,2510
109.3999,7.733769,2332,2333,2335,2387
109.699859,7.800012,2332,2387,2388,2525
109.398357,7.700544,2333,2386,2387,2388,2389,2390,2395,2396
109.166424,7.1653,2341,2343,2344,2380,2381,2382,2383,2384,2385
109.666175,7.167818,2344,2345,2346,2347,2348,2385,2516,2517
109.466889,6.833594,2345,2346,2440,2441,2447,2448
110.03365,6.967064,2345,2441,2515,2516
109.233976,6.865859,2346,2347,2349,2350,2351,2352,2353,2354,2440
109.333224,6.568799,2350,2439,2440,2446,2447
109.502083,0.397916,2355,2374,2375,2903,2904,2905,2906,2907,2910
110.168971,0.071003,2356,2357,2574,2575,2882,2883,2909
110.022916,0.05625,2356,2903,2909,2910,2911
109.939583,0.23125,2356,2357,2358,2375,2376,2903
110.434087,0.398977,2357,2358,2881,2882
110.267414,0.532849,2358,2376,2377,2880,2881
110.734044,1.233322,2359,2360,2361,2362,2363,2364,2365,2366,2367,2368,2378,2379,2878,2879
110.733352,0.766541,2359,2879,2880,2881,2882,2883,2884,2885,2886,2887,2893,2894
110.534146,0.767034,2359,2377,2378,2880
110.934343,1.901212,2360,2361,2584,2585,2593,2594
111.133415,1.700313,2360,2584,2877,2878
110.865734,1.899677,2361,2362,2585
110.867652,2.100257,2362,2363,2585,2586,2587,2588,2589,2590,2591,2594
110.831859,2.100725,2363,2364,2586
110.16685,2.399231,2364,2365,2415,2416,2586,2587
109.933819,1.866264,2365,2366,2416,2417,2418,2419,2420,2421,2422,2423,2424,2437,2438
110.099738,1.466979,2366,2367,2417
109.967423,1.267904,2367,2368,2417,2418
109.965879,1.101161,2368,2369,2370,2379,2418,2419
109.867977,1.100169,2369,2419,2420
109.467297,7.400129,2381,2382,2393,2394
109.600973,7.499266,2382,2383,2392,2393,2511
109.599833,7.4673,2383,2384,2511,2518
109.699619,7.466645,2384,2385,2517,2518,2519,2520
109.764819,7.801162,2388,2389,2524,2525,2537,2538,2542
109.800609,7.799357,2389,2390,2541,2542,2543
109.80051,7.767263,2390,2391,2396,2530,2540,2541
109.766899,7.733277,2391,2392,2393,2394,2395,2396,2529
109.799842,7.73344,2391,2529,2530,2531,2532,2533,2534,2535,2536
109.765901,7.533138,2392,2511,2518,2519,2529,2536
110.099608,4.467108,2399,2400,2431,2432,2457
111.132425,4.56814,2400,2401,2402,2403,2432,2433,2455,2456
110.400768,4.566868,2400,2456,2457,2458,2459,2462,2463
111.699697,4.767848,2401,2402,2666,2667
111.132136,4.632536,2401,2454,2455,2667,2668
111.733435,4.766916,2402,2403,2665,2666,2782,2783
112.065655,4.766718,2403,2404,2405,2406,2407,2408,2409,2410,2411,2412,2413,2433,2434,2781,2782
112.5,4.933333,2404,2405,2803
112.06693,4.801298,2404,2781,2803,2804,2807
112.5,3.4,2405,2406,2829,2830,2831
112.266756,3.300347,2406,2407,2829
111.799553,2.899999,2407,2408,2737,2738,2829,2831
111.533331,3.00024,2408,2409,2736,2737
111.467737,2.932226,2409,2410,2580,2735,2736
111.266799,2.933033,2410,2411,2579,2580,2590,2591
110.933735,3.067455,2411,2412,2579
110.800296,2.965494,2412,2413,2578,2579,2589,2590
110.665933,3.067595,2413,2414,2434,2435,2578
110.232764,2.933591,2414,2435,2436,2576,2577
110.666596,2.933049,2414,2577,2578,2588,2589
110.298679,2.567034,2415,2576,2577,2587,2588
110.199415,2.565921,2415,2416,2436,2437,2576
110.166547,6.900994,2441,2442,2443,2444,2448,2514,2515,2544,2545
109.933718,6.500192,2442,2443,2526,2527
110.033869,6.501215,2442,2527,2528,2544
109.734388,6.732941,2443,2444,2505,2506,2526
109.532932,6.732939,2444,2445,2446,2447,2448,2504,2505
109.999512,6.033979,2450,2451,2508,2509
110.033141,6.033407,2451,2452,2508,2552
110.068683,6.03396,2452,2453,2551,2552,2553
110.09869,4.733136,2453,2461,2462,2463,2553,2554,2564,2565
111.033671,4.733711,2454,2668,2669
110.965957,4.731753,2454,2455,2456,2462,2564,2669,2670
111.635161,14.799492,2467,2468,2469,2470,2471,2472,2473,2496,2497,2787,2789
112.5,14.666667,2468,2469,2788
111.732854,14.798038,2468,2788,2789
112.5,11.333333,2469,2470,2688,2689
111.934228,10.500517,2470,2471,2687,2688
111.899452,10.500828,2471,2472,2687
111.899385,10.431958,2472,2473,2686,2687,2688,2689,2690,2691,2692,2693,2694,2695,2696
111.500733,9.83252,2473,2474,2497,2498,2686
111.465867,9.799542,2474,2498,2499,2684,2685
111.500828,9.80045,2474,2685,2686,2696
110.932108,8.434747,2475,2476,2647,2648,2682
111.100034,8.767495,2475,2682,2683,2684,2685,2695,2696
111.099326,9.234172,2475,2476,2477,2478,2479,2480,2481,2482,2483,2484,2485,2486,2500,2501,2683
110.6321,9.000334,2476,2477,2646,2647
111.166696,9.467029,2499,2500,2683,2684
109.699991,6.299023,2506,2507,2526,2527,2528
110.033931,6.10022,2507,2508,2509,2510,2528,2544,2545,2546,2547,2548,2549,2550,2551,2552
110.200073,7.266433,2512,2513,2568,2604
110.232597,7.366166,2512,2534,2535,2595,2604,2605
110.198963,7.365567,2512,2513,2519,2520,2535,2536
110.132172,7.199121,2513,2514,2515,2516,2517,2520,2568,2569,2570,2571,2572
110.266468,6.967309,2514,2545,2546,2572
110.366566,7.698663,2530,2531,2539,2540,2596
110.367769,7.533389,2531,2532,2596,2606,2607
110.366414,7.468465,2532,2533,2595,2605,2606
110.231854,7.465979,2533,2534,2595
110.465947,8.032237,2538,2542,2543,2628,2629
110.400739,7.699907,2539,2596,2597,2598,2599,2600,2601,2602,2603,2607
110.400526,7.733269,2539,2540,2541,2543,2597,2627,2628
110.499974,6.965622,2546,2547,2571,2572,2631
110.633519,6.800072,2547,2548,2631,2644,2645
110.632867,6.733562,2548,2549,2608,2609,2644
110.398479,6.433816,2549,2550,2608
110.300781,6.132856,2550,2551,2553,2554,2608,2609,2612,2613
110.468224,6.200269,2554,2555,2565,2566,2567,2612
110.632656,6.368576,2555,2556,2557,2558,2559,2560,2561,2562,2566,2611
110.466554,6.266025,2555,2611,2612,2613,2614
110.733312,6.46704,2556,2557,2610,2642,2643
110.633417,6.431635,2556,2610,2611,2614
110.967696,6.434047,2557,2558,2641,2642,2659
110.967015,6.367147,2558,2559,2658,2659,2660,2661,2662,2663,2674
110.73229,6.066711,2559,2560,2658
110.733103,5.49839,2560,2561,2657,2658,2673,2674
110.699345,5.499585,2561,2562,2657
110.700282,5.36681,2562,2563,2566,2567,2657,2672,2673
110.79856,4.93381,2563,2564,2565,2567,2670,2671
110.73371,5.367425,2563,2671,2672
110.400707,7.266714,2568,2569,2603,2604,2605,2606,2607
110.633327,7.199396,2569,2570,2602,2603,2632
110.634486,7.066369,2570,2571,2631,2632,2633,2634,2635,2636,2637,2638,2639,2640,2641,2642,2643,2645
110.435416,0.097916,2573,2574,2883,2884
110.505794,0.0,2573,2884,2885
110.166667,0.0,2573,2574,2575,2908
110.166254,0.067641,2575,2908,2909,2911
111.26682,2.667831,2580,2581,2582,2591,2592,2593,2594,2735
111.368441,1.800942,2581,2582,2743,2769
111.366628,2.200511,2581,2735,2736,2737,2738,2739,2740,2741,2742,2743
111.366086,1.734577,2582,2583,2592,2769,2770,2774
111.332354,1.833072,2583,2584,2592,2593,2877
111.333672,1.73308,2583,2770,2876,2877,2878,2879,2892,2893
110.53353,7.73457,2597,2598,2626,2627,2653
110.533768,7.700074,2598,2599,2653,2654,2655,2656
110.800163,7.433775,2599,2600,2656,2676
110.800861,7.332905,2600,2601,2675,2676,2677,2678,2679,2680,2681
110.733778,7.232032,2601,2602,2632,2633,2675
110.667896,6.733943,2609,2610,2613,2614,2643,2644,2645
110.633532,8.466426,2615,2616,2650,2651,2652
110.699571,8.166518,2616,2617,2618,2650
110.932984,8.199305,2618,2619,2630,2649,2650,2652
111.132635,8.200817,2619,2620,2621,2622,2623,2624,2625,2626,2627,2628,2629,2630,2693,2694
110.933694,8.232737,2619,2648,2649,2682,2694,2695
111.29902,8.199013,2620,2621,2744,2745
111.301002,8.235391,2620,2692,2693,2745,2753,2754
111.26719,8.199352,2621,2622,2744
111.29895,8.10135,2622,2623,2744,2745,2752,2753,2755
111.300707,8.00007,2623,2624,2697,2698,2755,2760
110.967409,7.799944,2624,2625,2654,2655,2697
110.668261,7.73278,2625,2626,2653,2654
110.733511,7.198503,2633,2634,2675,2681
111.066455,7.165414,2634,2635,2680,2681
111.002133,7.068026,2635,2636,2702,2703
111.000835,6.965486,2636,2637,2703,2704
111.233017,6.798723,2637,2638,2704,2705,2728
111.231836,6.700081,2638,2639,2712,2713,2728,2729,2730,2731,2732,2733,2734
111.133704,6.69928,2639,2640,2711,2712
111.034172,6.434154,2640,2641,2659,2660,2711
111.00093,7.56455,2655,2656,2676,2677,2697,2698,2699,2700
111.03256,6.399952,2660,2661,2711,2712,2713,2715
111.066236,6.399933,2661,2662,2714,2715
111.401217,6.033606,2662,2663,2714,2775,2776,2777,2778,2779,2780,2786
111.399851,5.665996,2663,2664,2665,2666,2667,2668,2669,2670,2671,2672,2673,2674,2785,2786
111.633534,5.132653,2664,2665,2783,2784
111.633122,5.367035,2664,2784,2785
111.166592,7.533205,2677,2678,2700,2726,2727
111.133904,7.399971,2678,2679,2716,2717,2727
111.266068,7.265879,2679,2680,2701,2716
112.5,8.4,2689,2690,2746,2747
112.165427,8.333749,2690,2691,2746
112.00007,8.265521,2691,2692,2746,2747,2748,2749,2750,2751,2754
111.334489,8.000237,2698,2699,2759,2760
111.466529,7.731983,2699,2700,2725,2726,2758,2759
111.066454,7.165414,2701,2702
111.451059,7.293189,2701,2702,2703,2704,2705,2710,2716,2717,2718,2864,2865
111.299536,6.866166,2705,2706,2707,2708,2709,2710,2728,2729
111.798975,7.100823,2706,2707,2852,2853,2854,2855,2857
111.798767,6.999397,2706,2729,2730,2852
111.59997,7.100533,2707,2708,2856,2857
111.591179,7.152231,2708,2709,2794,2795,2856,2863,2864,2865
111.452083,7.260416,2709,2710,2865
111.466975,6.66725,2713,2714,2715,2734,2775
111.447916,7.39375,2717,2718,2719,2720,2721,2722,2723,2724,2725,2726,2727
111.501271,7.300602,2718,2719,2863,2864
111.566051,7.300001,2719,2720,2793,2794,2863
111.733931,7.399258,2720,2721,2792,2793,2809
111.766813,7.501221,2721,2722,2809,2810,2823,2824,2826,2827,2828
111.76725,7.534349,2722,2723,2822,2823
111.833651,7.633004,2723,2724,2816,2817,2821,2822
111.73309,7.666535,2724,2725,2757,2758,2815,2816
111.899064,7.031421,2730,2731,2834,2835,2852,2853
112.09967,6.932864,2731,2732,2799,2800,2835,2836
111.89975,6.800846,2732,2733,2798,2799
111.599686,6.667133,2733,2734,2775,2776,2798
112.265408,2.866706,2738,2739,2830,2831
112.5,2.766667,2739,2740,2830
112.5,2.066667,2740,2741,2766,2767
111.76533,1.934138,2741,2742,2767,2768
111.667738,1.934153,2742,2743,2768,2769,2773,2774
112.5,7.833333,2747,2748,2812,2813
112.266609,7.965995,2748,2749,2813,2814
111.966366,8.03399,2749,2750,2814,2815,2816,2817,2819,2820
111.798647,7.932735,2750,2751,2756,2757,2815
111.401796,8.165109,2751,2752,2753,2754,2756
111.399932,8.100454,2752,2755,2756,2757,2758,2759,2760
111.699465,0.533251,2761,2762,2873,2874
111.567363,0.901161,2761,2874,2875,2876,2891,2892
111.701641,1.033816,2761,2762,2771,2875
111.76707,0.533179,2762,2763,2764,2765,2771,2772,2872,2873
111.79375,0.364583,2763,2764,2861,2862
111.76693,0.348145,2763,2858,2862,2871,2872,2898,2901
111.90625,0.31875,2764,2765,2860,2861
112.21875,0.422916,2765,2766,2767,2768,2772,2773,2859,2860
112.5,0.304663,2766,2859
111.701983,1.400936,2770,2771,2772,2773,2774,2875,2876
111.733544,6.565354,2776,2777,2798,2799,2800,2801,2802,2805,2806
111.867243,6.166937,2777,2778,2805
112.232337,5.700412,2778,2779,2805,2806,2808
112.234144,5.499788,2779,2780,2804,2807,2808
112.00045,4.899105,2780,2781,2782,2783,2784,2785,2786,2804
112.5,7.133333,2790,2791,2843
112.164793,7.132775,2790,2843,2844,2845,2846,2847,2848
112.099226,7.200138,2790,2791,2792,2793,2794,2795,2796,2797,2844
112.5,7.266667,2791,2792,2809,2810,2811
111.602083,7.14375,2795,2796,2855,2856,2857
111.935416,7.160416,2796,2797,2854,2855
112.000984,7.117329,2797,2834,2844,2845,2853,2854
112.167221,6.932779,2800,2801,2836,2837,2838,2839
112.166437,6.767128,2801,2802,2839,2840
112.5,6.3,2802,2803,2806,2807,2808,2840
112.200054,7.399511,2810,2811,2824
112.5,7.4,2811,2824,2825,2827
112.5,7.6,2812,2851
112.105399,7.622407,2812,2813,2814,2818,2819,2821,2822,2823,2826,2849,2850,2851
111.900561,7.634038,2817,2818,2820,2821
112.102083,7.63125,2818,2819,2820
112.285416,7.435416,2825,2827,2828,2849,2850
112.5,7.481398,2825,2850,2851
112.152083,7.497916,2826,2828,2849
112.302083,6.964583,2832,2833,2837,2838,2847,2848
112.5,7.023958,2832,2843,2848
112.5,6.9,2832,2837,2839,2840
112.08125,7.064583,2833,2834,2835,2836,2838,2845,2846
112.15625,7.110416,2833,2846,2847
112.5,0.0,2858,2859,2860,2861,2862
111.766667,0.0,2858,2900,2901,2902
111.628571,0.0,2866,2867,2900
110.80972,0.0,2866,2897
110.797916,0.002083,2866,2867,2868,2869,2870,2871,2872,2873,2874,2890,2891,2897
111.639583,0.00625,2867,2868,2899,2900,2902
111.610416,0.09375,2868,2869,2899
111.722916,0.21875,2869,2870,2898,2899,2901,2902
111.664583,0.285416,2870,2871,2898
110.563125,0.0,2885,2886,2895
110.56875,0.00625,2886,2887,2895
110.570259,0.0,2887,2888,2894,2895
110.65625,0.010416,2888,2889,2890,2891,2892,2893,2894,2896
110.658991,0.0,2888,2896
110.797035,0.0,2889,2890,2897
110.664806,0.0,2889,2896
109.266767,0.267263,2904,2905,2912,2913
103.10035,1.433284,2915,2916,2927,2928,2939
102.801461,1.201093,2915,2939,2940,2941,2942,2943,2944,2945,2946
103.43364,1.433763,2916,2917,2918,2919,2920,2921,2922,2923,2924,2925,2926,2928,2937,2938
103.09925,1.367182,2916,2938,2939,2946
102.25625,1.197916,2940,2941,2949