0,1,0,50
1,2,0,-1
2,0,0,1
3,0,1,49
2,3,1,2
4,3,2,49
2,4,2,3
5,4,3,48
2,5,3,4
6,5,4,47
2,6,4,5
7,6,5,47
2,7,5,6
8,7,6,46
2,8,6,7
9,8,7,46
2,9,7,8
10,9,8,45
2,10,8,9
11,10,9,44
2,11,9,10
12,11,10,43
2,12,10,11
13,12,11,42
2,13,11,12
14,13,12,41
2,14,12,13
15,14,13,40
2,15,13,18
16,17,14,39
17,15,14,40
15,16,14,18
18,19,15,38
19,16,15,39
16,18,15,16
20,18,16,-1
16,20,16,17
2,20,17,-1
16,2,17,18
21,22,19,152
22,1,19,-1
1,21,19,20
23,21,20,151
1,23,20,21
24,23,21,151
1,24,21,22
25,24,22,150
1,25,22,23
26,25,23,149
1,26,23,51
27,28,24,148
28,26,24,149
26,27,24,52
29,30,25,147
30,27,25,148
27,29,25,53
31,32,26,146
32,29,26,147
29,31,26,54
33,34,27,145
34,31,27,146
31,33,27,28
35,33,28,144
31,35,28,55
36,37,29,142
37,35,29,143
35,36,29,56
38,39,30,140
39,40,30,141
40,38,30,58
41,42,31,139
42,38,31,140
38,41,31,59
43,44,32,137
44,41,32,138
41,43,32,60
45,46,33,135
46,47,33,136
47,45,33,62
48,49,34,134
49,45,34,135
45,48,34,63
50,51,35,133
51,48,35,134
48,50,35,64
52,53,36,132
53,50,36,133
50,52,36,37
18,52,37,-1
50,18,37,38
50,19,38,65
19,17,39,66
17,14,40,41
17,13,41,42
17,12,42,43
17,11,43,44
17,10,44,45
17,9,45,67
9,7,46,68
7,5,47,48
7,4,48,68
4,0,49,50
4,1,50,51
4,26,51,52
4,27,52,53
4,29,53,54
4,31,54,55
4,35,55,56
4,36,56,57
40,36,57,141
4,40,57,58
4,38,58,59
4,41,59,60
4,43,60,61
47,43,61,136
4,47,61,62
4,45,62,63
4,48,63,64
4,50,64,65
4,19,65,66
4,17,66,67
4,9,67,68
54,55,69,211
55,22,69,-1
22,54,69,70
56,54,70,210
22,56,70,152
57,58,71,209
58,56,71,210
56,57,71,153
59,60,72,208
60,57,72,209
57,59,72,154
61,62,73,205
62,63,73,206
63,61,73,156
64,65,74,448
65,66,74,444
66,64,74,157
67,68,75,446
68,64,75,447
64,67,75,158
69,70,76,403
70,67,76,432
67,69,76,77
71,69,77,393
67,71,77,158
72,73,78,329
73,71,78,392
71,72,78,79
74,72,79,226
71,74,79,80
75,74,80,-1
71,75,80,81
76,75,81,232
71,76,81,82
77,76,82,314
71,77,82,83
78,77,83,313
71,78,83,84
79,78,84,369
71,79,84,85
80,79,85,368
71,80,85,86
81,80,86,439
71,81,86,159
82,83,87,438
83,81,87,439
81,82,87,160
84,85,88,436
85,82,88,437
82,84,88,161
86,87,89,365
87,84,89,366
84,86,89,162
88,89,90,364
89,86,90,365
86,88,90,163
90,91,91,509
91,88,91,510
88,90,91,164
92,93,92,361
93,90,92,508
90,92,92,165
94,95,93,356
95,92,93,516
92,94,93,94
96,94,94,355
92,96,94,95
97,96,95,524
92,97,95,166
98,99,96,522
99,97,96,523
97,98,96,167
100,101,97,-1
101,98,97,521
98,100,97,98
102,100,98,525
98,102,98,99
103,102,99,525
98,103,99,168
104,105,100,-1
105,106,100,527
106,104,100,101
107,104,101,627
106,107,101,102
108,107,102,570
106,108,102,103
109,108,103,535
106,109,103,104
110,109,104,529
106,110,104,105
111,110,105,529
106,111,105,106
112,111,106,534
106,112,106,170
113,114,107,532
114,112,107,533
112,113,107,108
115,113,108,599
112,115,108,109
116,115,109,543
112,116,109,171
117,118,110,550
118,119,110,551
119,117,110,111
120,117,111,549
119,120,111,172
121,122,112,547
122,120,112,548
120,121,112,173
123,124,113,594
124,121,113,595
121,123,113,173
125,126,114,686
126,123,114,593
123,125,114,115
127,125,115,746
123,127,115,116
128,127,116,815
123,128,116,117
129,128,117,853
123,129,117,174
130,131,118,852
131,129,118,853
129,130,118,175
132,133,119,849
133,134,119,850
134,132,119,197
135,136,120,872
136,132,120,849
132,135,120,121
137,135,121,848
132,137,121,122
138,137,122,847
132,138,122,123
139,138,123,1316
132,139,123,124
140,139,124,842
132,140,124,198
141,142,125,867
142,143,125,841
143,141,125,126
144,141,126,840
143,144,126,127
145,144,127,839
143,145,127,178
146,147,128,838
147,145,128,839
145,146,128,129
148,146,129,837
145,148,129,178
149,150,130,835
150,148,130,836
148,149,130,131
52,149,131,-1
148,52,131,132
148,53,132,179
53,51,133,180
51,49,134,181
49,46,135,182
46,43,136,137
46,44,137,138
46,41,138,139
46,42,139,183
42,39,140,184
39,36,141,142
39,37,142,143
39,35,143,144
39,33,144,145
39,34,145,185
34,32,146,186
32,30,147,187
30,28,148,188
28,25,149,150
28,24,150,189
24,21,151,190
21,56,152,153
21,57,153,154
21,59,154,155
63,59,155,207
21,63,155,156
21,61,156,191
66,61,157,204
61,64,157,192
64,71,158,159
64,81,159,160
64,82,160,161
64,84,161,162
64,86,162,163
64,88,163,164
64,90,164,165
64,92,165,166
64,97,166,167
64,98,167,168
64,103,168,169
151,103,169,528
64,151,169,193
106,151,170,528
151,112,170,171
151,116,171,193
119,152,172,626
152,120,172,195
120,123,173,174
120,129,174,175
120,130,175,176
153,130,176,851
120,153,176,177
134,153,177,850
120,134,177,196
143,148,178,179
143,53,179,180
143,51,180,181
143,49,181,182
143,46,182,183
143,42,183,184
143,39,184,185
143,34,185,186
143,32,186,187
143,30,187,188
143,28,188,189
143,24,189,190
143,21,190,191
143,61,191,192
143,64,192,199
64,116,193,194
152,116,194,557
64,152,194,195
64,120,195,196
64,134,196,197
64,132,197,198
64,140,198,199
143,140,199,841
154,155,200,224
155,55,200,-1
55,154,200,201
156,154,201,223
55,156,201,202
157,156,202,223
55,157,202,211
158,159,203,445
159,157,203,222
157,158,203,212
66,158,204,445
158,61,204,205
158,62,205,206
158,63,206,207
158,59,207,208
158,60,208,213
60,58,209,214
58,54,210,214
54,157,211,212
54,158,212,213
54,60,213,214
160,161,215,229
161,155,215,-1
155,160,215,224
162,163,216,332
163,160,216,229
160,162,216,217
164,162,217,395
160,164,217,218
165,164,218,402
160,165,218,219
166,165,219,405
160,166,219,220
167,166,220,434
160,167,220,221
159,167,221,442
160,159,221,222
160,157,222,225
157,154,223,225
154,160,224,225
74,161,226,-1
161,72,226,227
168,72,227,329
161,168,227,228
163,168,228,332
161,163,228,229
169,170,230,258
170,75,230,-1
75,169,230,231
171,169,231,298
75,171,231,232
76,171,232,298
172,173,233,272
173,170,233,-1
170,172,233,259
174,175,234,269
175,176,234,270
176,174,234,266
177,178,235,277
178,174,235,269
174,177,235,236
179,177,236,291
174,179,236,237
180,179,237,290
174,180,237,267
181,182,238,-1
182,183,238,398
183,181,238,239
184,181,239,427
183,184,239,240
185,184,240,426
183,185,240,241
186,185,241,415
183,186,241,261
187,188,242,425
188,186,242,423
186,187,242,262
189,190,243,456
190,187,243,422
187,189,243,244
191,189,244,465
187,191,244,245
192,191,245,465
187,192,245,246
193,192,246,306
187,193,246,247
194,193,247,305
187,194,247,263
195,196,248,408
196,197,248,409
197,195,248,249
198,195,249,411
197,198,249,250
199,198,250,410
197,199,250,251
200,199,251,410
197,200,251,252
201,200,252,302
197,201,252,253
202,201,253,301
197,202,253,254
203,202,254,326
197,203,254,255
204,203,255,325
197,204,255,256
205,204,256,324
197,205,256,265
169,206,257,299
206,205,257,324
205,169,257,258
205,170,258,259
205,172,259,260
176,172,260,271
205,176,260,265
183,180,261,289
180,186,261,262
180,187,262,263
180,194,263,264
197,194,264,406
180,197,264,267
197,176,265,266
197,174,266,267
178,207,268,278
207,173,268,-1
173,178,268,272
178,175,269,270
178,176,270,271
178,172,271,272
208,209,273,284
209,207,273,-1
207,208,273,274
210,208,274,283
207,210,274,275
211,210,275,282
207,211,275,278
177,212,276,292
212,211,276,281
211,177,276,277
211,178,277,278
213,214,279,286
214,215,279,-1
215,213,279,285
212,216,280,293
216,213,280,294
213,212,280,281
213,211,281,282
213,210,282,283
213,208,283,284
213,209,284,285
215,209,285,-1
217,214,286,-1
213,217,286,294
218,219,287,396
219,217,287,397
217,218,287,295
183,220,288,399
220,221,288,400
221,183,288,289
221,180,289,290
221,179,290,291
221,177,291,292
221,212,292,293
221,216,293,297
216,217,294,295
216,218,295,296
222,218,296,396
216,222,296,297
221,222,297,401
76,169,298,299
76,206,299,300
223,206,300,328
76,223,300,315
202,224,301,327
224,201,301,316
225,200,302,414
201,225,302,303
226,225,303,413
201,226,303,322
227,228,304,407
228,226,304,412
226,227,304,317
194,227,305,406
227,193,305,306
227,192,306,307
229,192,307,471
227,229,307,308
230,229,308,470
227,230,308,309
231,230,309,337
227,231,309,317
232,233,310,372
233,231,310,337
231,232,310,311
234,232,311,336
231,234,311,318
235,236,312,333
236,237,312,334
237,235,312,319
78,235,313,333
235,77,313,314
235,76,314,315
235,223,315,320
224,223,316,328
223,201,316,321
226,231,317,318
226,234,318,322
237,238,319,334
238,235,319,320
238,223,320,321
238,201,321,323
201,234,322,323
238,234,323,335
206,204,324,325
206,203,325,326
206,202,326,327
206,224,327,328
168,73,329,330
239,73,330,392
168,239,330,331
162,239,331,395
168,162,331,332
78,236,333,370
236,238,334,335
236,234,335,336
236,232,336,371
233,230,337,372
240,241,338,469
241,230,338,470
230,240,338,339
242,240,339,492
230,242,339,340
243,242,340,491
230,243,340,373
244,245,341,490
245,243,341,491
243,244,341,342
246,244,342,489
243,246,342,343
247,246,343,488
243,247,343,374
248,249,344,504
249,247,344,505
247,248,344,374
250,251,345,502
251,252,345,503
252,250,345,385
253,247,346,487
247,250,346,502
250,253,346,375
254,255,347,498
255,253,347,487
253,254,347,348
256,254,348,486
253,256,348,349
257,256,349,485
253,257,349,375
258,259,350,-1
259,257,350,484
257,258,350,351
260,258,351,512
257,260,351,376
261,262,352,511
262,260,352,512
260,261,352,353
263,261,353,-1
260,263,353,386
264,265,354,519
265,263,354,520
263,264,354,377
96,264,355,519
264,94,355,356
264,95,356,357
266,95,357,516
264,266,357,358
267,266,358,515
264,267,358,359
268,267,359,514
264,268,359,377
92,269,360,517
269,270,360,518
270,92,360,361
270,93,361,362
271,93,362,507
270,271,362,378
272,273,363,506
273,271,363,507
271,272,363,379
88,272,364,506
272,89,364,379
89,87,365,380
274,84,366,435
87,274,366,381
275,276,367,441
276,274,367,435
274,275,367,381
80,275,368,440
275,79,368,369
275,78,369,370
275,236,370,371
275,232,371,382
232,230,372,373
232,243,373,383
243,248,374,384
250,257,375,376
250,260,376,385
263,268,377,386
270,277,378,513
277,271,378,388
271,89,379,380
271,87,380,389
87,275,381,382
87,232,382,383
87,243,383,384
87,248,384,389
252,260,385,390
260,268,386,387
277,268,387,513
260,277,387,388
260,271,388,391
271,248,389,391
252,248,390,504
248,260,390,391
239,71,392,393
239,69,393,394
164,69,394,402
239,164,394,395
222,219,396,401
182,217,397,-1
219,182,397,398
219,183,398,399
219,220,399,400
219,221,400,401
165,69,402,403
165,70,403,404
278,70,404,432
165,278,404,405
166,278,405,434
197,227,406,407
197,228,407,409
195,228,408,411
228,196,408,409
200,198,410,414
198,228,411,412
198,226,412,413
198,225,413,414
279,185,415,426
186,279,415,416
280,279,416,429
186,280,416,423
281,282,417,428
282,280,417,429
280,281,417,424
283,284,418,-1
284,281,418,428
281,283,418,419
285,283,419,450
281,285,419,420
286,285,420,457
281,286,420,421
190,286,421,464
281,190,421,422
281,187,422,424
188,280,423,425
280,187,424,425
279,184,426,430
284,181,427,-1
184,284,427,431
284,282,428,431
282,279,429,430
282,184,430,431
278,67,432,433
167,67,433,446
278,167,433,434
276,84,435,436
276,85,436,437
276,82,437,438
276,83,438,441
83,80,439,440
83,275,440,441
287,167,442,449
159,287,442,443
65,287,443,449
159,65,443,444
159,66,444,445
167,68,446,447
167,64,447,448
167,65,448,449
288,283,450,-1
285,288,450,457
289,290,451,474
290,291,451,475
291,289,451,452
292,289,452,-1
291,292,452,453
293,292,453,480
291,293,453,460
294,295,454,479
295,293,454,496
293,294,454,461
189,296,455,466
296,297,455,477
297,189,455,456
297,190,456,463
286,288,457,458
298,288,458,473
286,298,458,459
299,298,459,476
286,299,459,464
291,299,460,476
299,293,460,461
299,294,461,462
297,294,462,478
299,297,462,463
299,190,463,464
192,189,465,466
192,296,466,467
300,296,467,477
192,300,467,471
240,301,468,493
301,300,468,494
300,240,468,469
300,241,469,472
241,229,470,472
229,300,471,472
289,288,473,-1
298,289,473,474
298,290,474,475
298,291,475,476
300,297,477,478
300,294,478,479
300,295,479,495
302,292,480,-1
293,302,480,481
303,302,481,500
293,303,481,482
304,303,482,501
293,304,482,497
259,305,483,-1
305,304,483,501
304,259,483,484
304,257,484,485
304,256,485,486
304,254,486,497
255,247,487,488
255,246,488,489
255,244,489,490
255,245,490,499
245,242,491,492
245,240,492,493
245,301,493,494
245,300,494,495
245,295,495,496
245,293,496,499
293,254,497,498
293,255,498,499
305,302,500,-1
303,305,500,501
247,251,502,503
247,252,503,505
252,249,504,505
88,273,506,510
273,93,507,508
273,90,508,509
273,91,509,510
261,258,511,-1
258,262,511,512
270,268,513,514
270,267,514,515
270,266,515,518
266,92,516,517
266,269,517,518
96,265,519,524
101,263,520,-1
265,101,520,521
265,98,521,522
265,99,522,523
265,97,523,524
103,100,525,526
105,100,526,-1
103,105,526,527
103,106,527,528
111,109,529,530
306,109,530,541
111,306,530,531
307,306,531,540
111,307,531,534
113,307,532,566
307,114,532,533
307,112,533,534
308,108,535,570
109,308,535,536
309,308,536,569
109,309,536,537
310,309,537,569
109,310,537,538
311,310,538,568
109,311,538,539
312,311,539,568
109,312,539,541
307,313,540,566
313,306,540,542
306,312,541,542
313,312,542,567
314,115,543,598
116,314,543,558
315,316,544,608
316,317,544,597
317,315,544,560
318,319,545,618
319,315,545,615
315,318,545,564
121,320,546,607
320,321,546,596
321,121,546,547
321,122,547,548
321,120,548,549
321,117,549,550
321,118,550,551
321,119,551,552
322,119,552,625
321,322,552,553
323,322,553,624
321,323,553,554
324,323,554,623
321,324,554,561
325,326,555,621
326,324,555,622
324,325,555,562
327,328,556,620
328,325,556,621
325,327,556,563
152,327,557,620
327,116,557,558
327,314,558,559
317,314,559,597
327,317,559,560
327,315,560,563
321,329,561,596
329,324,561,562
329,325,562,565
325,315,563,564
325,318,564,565
329,318,565,617
113,313,566,567
113,312,567,600
312,310,568,601
310,308,569,609
308,107,570,571
330,107,571,629
308,330,571,572
331,330,572,738
308,331,572,602
332,333,573,737
333,331,573,738
331,332,573,574
334,332,574,-1
331,334,574,575
335,334,575,813
331,335,575,576
336,335,576,801
331,336,576,577
337,336,577,811
331,337,577,578
338,337,578,810
331,338,578,579
339,338,579,809
331,339,579,580
340,339,580,808
331,340,580,602
341,342,581,881
342,340,581,882
340,341,581,603
343,344,582,891
344,341,582,881
341,343,582,604
345,346,583,754
346,343,583,755
343,345,583,584
347,345,584,753
343,347,584,585
348,347,585,634
343,348,585,604
349,350,586,632
350,348,586,633
348,349,586,605
351,352,587,631
352,349,587,632
349,351,587,588
353,351,588,630
349,353,588,611
354,355,589,690
355,356,589,691
356,354,589,616
357,358,590,688
358,354,590,689
354,357,590,613
359,360,591,709
360,361,591,687
361,359,591,592
126,359,592,717
361,126,592,593
361,123,593,594
361,124,594,595
361,121,595,606
320,329,596,614
316,314,597,598
316,115,598,599
316,113,599,600
316,312,600,601
316,310,601,608
308,340,602,603
308,341,603,610
341,348,604,605
341,349,605,610
361,357,606,687
357,121,606,607
357,320,607,613
315,310,608,609
315,308,609,615
308,349,610,611
308,353,611,612
356,353,612,630
308,356,612,619
354,320,613,614
354,329,614,616
319,308,615,618
356,329,616,617
356,318,617,619
318,308,618,619
152,328,620,626
328,326,621,622
328,324,622,623
328,323,623,624
328,322,624,625
328,119,625,626
362,104,627,-1
107,362,627,628
363,362,628,735
107,363,628,629
330,363,629,735
356,351,630,631
356,352,631,691
352,350,632,633
352,348,633,634
352,347,634,635
364,347,635,753
352,364,635,636
365,364,636,752
352,365,636,692
366,367,637,739
367,365,637,740
365,366,637,692
368,369,638,743
369,366,638,739
366,368,638,693
370,371,639,745
371,368,639,743
368,370,639,711
372,373,640,785
373,374,640,778
374,372,640,641
375,372,641,777
374,375,641,694
376,377,642,1013
377,375,642,776
375,376,642,643
378,376,643,1012
375,378,643,644
379,378,644,1012
375,379,644,695
380,381,645,1018
381,379,645,1019
379,380,645,695
382,383,646,774
383,384,646,1016
384,382,646,696
385,386,647,1089
386,382,647,773
382,385,647,648
387,385,648,1089
382,387,648,649
388,387,649,1130
382,388,649,650
389,388,650,1137
382,389,650,651
390,389,651,1136
382,390,651,696
391,392,652,1145
392,390,652,1135
390,391,652,697
393,394,653,1257
394,395,653,1143
395,393,653,654
396,393,654,1256
395,396,654,655
397,396,655,1255
395,397,655,656
398,397,656,1254
395,398,656,698
399,400,657,1369
400,398,657,1253
398,399,657,658
401,399,658,1370
398,401,658,659
402,401,659,1370
398,402,659,699
403,404,660,1372
404,402,660,1371
402,403,660,720
405,406,661,-1
406,407,661,1374
407,405,661,700
408,409,662,967
409,405,662,968
405,408,662,700
410,411,663,966
411,408,663,967
408,410,663,664
412,410,664,965
408,412,664,701
413,414,665,964
414,412,665,965
412,413,665,702
415,416,666,963
416,413,666,964
413,415,666,702
417,418,667,961
418,419,667,962
419,417,667,704
420,421,668,960
421,417,668,961
417,420,668,669
422,420,669,959
417,422,669,704
423,424,670,957
424,425,670,958
425,423,670,671
426,423,671,956
425,426,671,705
427,428,672,955
428,426,672,956
426,427,672,726
429,430,673,954
430,431,673,989
431,429,673,674
432,429,674,953
431,432,674,706
433,434,675,950
434,435,675,951
435,433,675,676
436,433,676,750
435,436,676,677
437,436,677,749
435,437,677,678
438,437,678,794
435,438,678,679
439,438,679,793
435,439,679,733
440,441,680,792
441,439,680,793
439,440,680,734
442,443,681,791
443,440,681,792
440,442,681,727
444,445,682,790
445,442,682,791
442,444,682,723
446,447,683,796
447,448,683,797
448,446,683,684
449,446,684,747
448,449,684,685
125,449,685,746
448,125,685,686
448,126,686,708
360,357,687,688
360,358,688,689
360,354,689,690
360,355,690,709
355,352,691,710
352,366,692,693
352,368,693,710
374,450,694,778
450,375,694,719
375,380,695,729
384,390,696,697
384,391,697,713
395,451,698,1144
451,398,698,699
451,402,699,714
407,408,700,701
407,412,701,715
412,415,702,703
419,415,703,962
412,419,703,721
419,422,704,722
425,422,705,958
422,426,705,725
431,427,706,955
427,432,706,707
452,432,707,952
427,452,707,731
448,453,708,798
453,126,708,716
359,355,709,718
355,368,710,711
355,370,711,712
450,370,712,742
355,450,712,718
384,380,713,1017
380,391,713,730
451,391,714,1144
391,402,714,724
407,403,715,1373
403,412,715,720
453,444,716,790
444,126,716,717
444,359,717,723
359,450,718,719
359,375,719,728
402,412,720,721
402,419,721,722
402,422,722,724
442,359,723,727
391,422,724,725
391,426,725,726
391,427,726,730
440,359,727,728
440,375,728,729
440,380,729,734
380,427,730,731
380,452,731,732
435,452,732,951
380,435,732,733
380,439,733,734
330,362,735,736
332,362,736,-1
330,332,736,737
330,333,737,738
369,367,739,744
454,365,740,751
367,454,740,741
450,454,741,751
367,450,741,742
367,370,742,744
371,369,743,745
369,370,744,745
127,449,746,747
127,446,747,748
437,446,748,795
127,437,748,749
127,436,749,750
127,433,750,815
450,365,751,752
450,364,752,779
364,345,753,754
364,346,754,755
364,343,755,756
455,343,756,891
364,455,756,757
456,455,757,904
364,456,757,758
457,456,758,1028
364,457,758,759
458,457,759,1020
364,458,759,760
459,458,760,919
364,459,760,761
460,459,761,942
364,460,761,762
461,460,762,941
364,461,762,780
462,463,763,1047
463,464,763,940
464,462,763,764
465,462,764,1047
464,465,764,789
466,467,765,1044
467,468,765,1045
468,466,765,781
469,470,766,1042
470,466,766,1043
466,469,766,767
471,469,767,939
466,471,767,768
472,471,768,938
466,472,768,769
473,472,769,1072
466,473,769,781
474,475,770,1077
475,473,770,1078
473,474,770,782
476,477,771,1076
477,474,771,1077
474,476,771,772
386,476,772,1084
474,386,772,773
474,382,773,783
478,383,774,1015
382,478,774,775
479,478,775,1014
382,479,775,784
377,479,776,1013
479,375,776,777
479,372,777,787
373,450,778,779
373,364,779,780
373,461,780,785
468,473,781,782
468,474,782,783
468,382,783,784
468,479,784,786
372,461,785,787
468,465,786,1046
465,479,786,789
479,461,787,788
464,461,788,940
479,464,788,789
453,445,790,799
445,443,791,800
443,441,792,800
441,438,793,794
441,437,794,795
441,446,795,796
441,447,796,797
441,448,797,798
441,453,798,799
441,445,799,800
480,335,801,814
336,480,801,812
481,482,802,-1
482,480,802,814
480,481,802,803
483,481,803,892
480,483,803,804
484,483,804,895
480,484,804,805
485,484,805,894
480,485,805,812
486,487,806,884
487,485,806,893
485,486,806,807
340,486,807,883
485,340,807,808
485,339,808,809
485,338,809,810
485,337,810,811
485,336,811,812
482,334,813,-1
335,482,813,814
128,433,815,816
488,433,816,950
128,488,816,854
489,490,817,986
490,488,817,987
488,489,817,855
491,492,818,985
492,489,818,986
489,491,818,856
493,494,819,984
494,491,819,985
491,493,819,857
495,496,820,1002
496,493,820,984
493,495,820,858
497,498,821,982
498,495,821,983
495,497,821,858
499,500,822,980
500,497,822,981
497,499,822,859
501,502,823,979
502,503,823,1001
503,501,823,860
504,505,824,978
505,501,824,979
501,504,824,860
506,507,825,977
507,504,825,978
504,506,825,826
508,506,826,976
504,508,826,861
509,510,827,975
510,508,827,976
508,509,827,862
511,512,828,997
512,509,828,975
509,511,828,829
513,511,829,974
509,513,829,863
514,515,830,973
515,513,830,974
513,514,830,831
516,514,831,972
513,516,831,863
517,518,832,970
518,519,832,971
519,517,832,864
520,521,833,969
521,517,833,970
517,520,833,834
149,520,834,-1
517,149,834,835
517,150,835,836
517,148,836,837
517,146,837,838
517,147,838,865
147,144,839,840
147,141,840,866
142,140,841,842
142,139,842,843
522,139,843,1322
142,522,843,844
523,522,844,1321
142,523,844,868
524,525,845,1319
525,526,845,1320
526,524,845,870
138,527,846,1316
527,528,846,1317
528,138,846,847
528,137,847,848
528,135,848,871
136,133,849,872
133,153,850,851
133,130,851,852
133,131,852,873
131,128,853,854
131,488,854,855
131,489,855,856
131,491,856,857
131,493,857,873
493,497,858,859
493,499,859,874
503,504,860,861
503,508,861,862
503,509,862,875
509,516,863,875
519,516,864,971
516,517,864,865
516,147,865,866
516,141,866,867
516,142,867,868
516,523,868,869
526,523,869,1320
516,526,869,870
516,524,870,876
528,529,871,1317
529,135,871,878
135,133,872,879
133,493,873,874
133,499,874,879
503,516,875,876
503,524,876,877
529,524,877,1318
503,529,877,878
503,135,878,880
135,499,879,880
503,499,880,980
344,342,881,882
344,340,882,883
344,486,883,884
344,487,884,885
530,487,885,893
344,530,885,886
531,530,886,-1
344,531,886,887
532,531,887,901
344,532,887,888
533,532,888,902
344,533,888,889
534,533,889,903
344,534,889,890
455,534,890,904
344,455,890,891
530,481,892,-1
483,530,892,895
530,485,893,894
530,484,894,895
535,536,896,1637
536,537,896,1639,213
537,535,896,912
538,539,897,1638,213
539,535,897,1637
535,538,897,913
540,541,898,918
541,538,898,1638,213
538,540,898,899
542,540,899,917
538,542,899,914
531,543,900,-1
543,542,900,917
542,531,900,901
542,532,901,902
542,533,902,903
542,534,903,915
534,456,904,905
544,456,905,1028
534,544,905,915
545,546,906,-9221
546,544,906,1029
544,545,906,907
547,545,907,-13317
544,547,907,908
548,547,908,1039
544,548,908,909
549,548,909,1034
544,549,909,910
550,549,910,1126
544,550,910,911
537,550,911,1639,213
544,537,911,912
544,535,912,913
544,538,913,914
544,542,914,915
543,551,916,-1
551,541,916,1634,213
541,543,916,918
543,540,917,918
552,458,919,1020
459,552,919,943
553,554,920,1025
554,552,920,1026
552,553,920,921
555,553,921,1024
552,555,921,922
556,555,922,1033
552,556,922,923
557,556,923,1050
552,557,923,944
558,559,924,1037
559,557,924,1050
557,558,924,925
560,558,925,1103
557,560,925,926
561,560,926,1118
557,561,926,949
562,563,927,1189
563,564,927,1188
564,562,927,928
565,562,928,1265
564,565,928,945
566,567,929,1260
567,565,929,1272
565,566,929,930
568,566,930,1249
565,568,930,931
569,568,931,1140
565,569,931,932
570,569,932,1140
565,570,932,933
571,570,933,1139
565,571,933,934
572,571,934,1074
565,572,934,935
573,572,935,1074
565,573,935,936
574,573,936,1073
565,574,936,946
472,575,937,1072
575,574,937,1073
574,472,937,938
574,471,938,939
574,469,939,947
463,461,940,941
463,460,941,942
463,459,942,943
463,552,943,944
463,557,944,948
564,561,945,1187
561,565,945,946
561,574,946,947
561,469,947,949
463,469,948,1042
469,557,948,949
488,434,950,987
434,452,951,952
434,432,952,953
434,429,953,954
434,430,954,988
431,428,955,990
428,423,956,957
428,424,957,991
424,422,958,959
424,420,959,960
424,421,960,991
421,418,961,992
418,415,962,963
418,416,963,992
416,414,964,1011
414,410,965,966
414,411,966,1006
411,409,967,993
520,405,968,-1
409,520,968,969
409,521,969,993
521,518,970,994
518,516,971,972
518,514,972,973
518,515,973,995
515,511,974,996
512,510,975,998
510,506,976,977
510,507,977,999
507,505,978,1000
505,502,979,1007
503,500,980,981
503,497,981,982
503,498,982,983
503,495,983,1001
496,494,984,1002
494,492,985,1003
492,490,986,1003
490,434,987,988
490,430,988,989
490,431,989,990
490,428,990,1004
428,421,991,1005
421,416,992,1010
411,521,993,994
411,518,994,995
411,515,995,996
411,511,996,997
411,512,997,998
411,510,998,999
411,507,999,1000
411,505,1000,1006
502,495,1001,1007
495,494,1002,1008
494,490,1003,1004
494,428,1004,1005
494,421,1005,1009
414,505,1006,1011
505,495,1007,1008
505,494,1008,1009
505,421,1009,1010
505,416,1010,1011
379,376,1012,1019
376,479,1013,1014
376,478,1014,1015
376,383,1015,1016
376,384,1016,1017
376,380,1017,1018
376,381,1018,1019
552,457,1020,1021
576,457,1021,1032
552,576,1021,1022
577,576,1022,1031
552,577,1022,1026
547,578,1023,-1028
578,577,1023,1030
577,547,1023,1027
555,547,1024,1033
547,553,1024,1025
547,554,1025,1027
554,577,1026,1027
457,544,1028,1029
457,546,1029,1032
578,546,1030,-1028
546,577,1030,1031
546,576,1031,1032
556,547,1033,1038
579,549,1034,1127
548,579,1034,1035
580,579,1035,1100
548,580,1035,1036
558,580,1036,1100
548,558,1036,1040
581,559,1037,1049
558,581,1037,1040
556,582,1038,1048
582,547,1038,1039
582,548,1039,1041
548,581,1040,1041
582,581,1041,1048
463,470,1042,1043
463,466,1043,1044
463,467,1044,1045
463,468,1045,1046
463,465,1046,1047
556,581,1048,1049
556,559,1049,1050
583,584,1051,-1
584,585,1051,1644
585,583,1051,1055
586,587,1052,1064
587,583,1052,1082
583,586,1052,1055
588,589,1053,1066
589,586,1053,1065
586,588,1053,1054
585,588,1054,1643
586,585,1054,1055
590,591,1056,1114
591,592,1056,1632,213
592,590,1056,1057
593,590,1057,1113
592,593,1057,1069
594,595,1058,1096
595,593,1058,1112
593,594,1058,1070
596,597,1059,1091
597,598,1059,1090
598,596,1059,1060
599,596,1060,1091
598,599,1060,1061
600,599,1061,-1
598,600,1061,1062
601,600,1062,1083
598,601,1062,1063
587,601,1063,1083
598,587,1063,1064
598,586,1064,1065
598,589,1065,1066
598,588,1066,1067
602,588,1067,1642
598,602,1067,1071
592,603,1068,1628
603,602,1068,1641
602,592,1068,1069
602,593,1069,1070
602,594,1070,1071
598,594,1071,1090
473,575,1072,1078
575,573,1073,1079
573,571,1074,1075
604,571,1075,1138
573,604,1075,1080
476,604,1076,1084
604,477,1076,1080
477,475,1077,1081
475,575,1078,1079
475,573,1079,1081
573,477,1080,1081
600,583,1082,-1
587,600,1082,1083
386,604,1084,1085
605,604,1085,1138
386,605,1085,1086
606,605,1086,1150
386,606,1086,1087
607,606,1087,1149
386,607,1087,1088
387,607,1088,1130
386,387,1088,1089
594,597,1090,1097
597,599,1091,1098
608,609,1092,1230
609,599,1092,-1
599,608,1092,1093
610,608,1093,1108
599,610,1093,1098
611,612,1094,1110
612,610,1094,1109
610,611,1094,1099
595,613,1095,1112
613,611,1095,1111
611,595,1095,1096
611,594,1096,1097
611,597,1097,1099
597,610,1098,1099
558,579,1100,1101
614,579,1101,1128
558,614,1101,1102
615,614,1102,1129
558,615,1102,1103
560,615,1103,1118
616,617,1104,1162
617,618,1104,1630
618,616,1104,1105
619,616,1105,1243
618,619,1105,1116
620,621,1106,-13318
621,619,1106,-13318
619,620,1106,1107
622,620,1107,1239
619,622,1107,1117
608,622,1108,1240
622,610,1108,1109
622,612,1109,1110
622,611,1110,1111
622,613,1111,1117
613,593,1112,1113
613,590,1113,1114
613,591,1114,1115
618,591,1115,1631,213
613,618,1115,1116
613,619,1116,1117
615,561,1118,1119
623,561,1119,1186
615,623,1119,1120
624,623,1120,1185
615,624,1120,1129
625,626,1121,1615
626,624,1121,1184
624,625,1121,1122
618,625,1122,1630,213
624,618,1122,1123
627,618,1123,1631
624,627,1123,1124
592,627,1124,1632
624,592,1124,1125
550,592,1125,1628,213
624,550,1125,1126
624,549,1126,1127
624,579,1127,1128
624,614,1128,1129
388,607,1130,1131
628,607,1131,1149
388,628,1131,1132
629,628,1132,1152
388,629,1132,1133
630,629,1133,1148
388,630,1133,1137
392,631,1134,1146
631,630,1134,1147
630,392,1134,1135
630,390,1135,1136
630,389,1136,1137
605,571,1138,1139
605,570,1139,1150
570,568,1140,1141
632,568,1141,1249
570,632,1141,1142
394,632,1142,1258
570,394,1142,1143
570,395,1143,1151
395,391,1144,1145
395,392,1145,1146
395,631,1146,1147
395,630,1147,1148
395,629,1148,1151
628,606,1149,1153
606,570,1150,1153
570,629,1151,1152
570,628,1152,1153
633,634,1154,1625,213
634,635,1154,1580
635,633,1154,1175
636,637,1155,1623,213
637,638,1155,1624,213
638,636,1155,1167
639,640,1156,1606
640,636,1156,1599
636,639,1156,1167
641,642,1157,1597
642,639,1157,1598
639,641,1157,1168
643,644,1158,1301
644,641,1158,1300
641,643,1158,1169
645,646,1159,1236
646,643,1159,1235
643,645,1159,1169
647,648,1160,1247
648,645,1160,1236
645,647,1160,1161
616,647,1161,1248
645,616,1161,1162
645,617,1162,1163
649,617,1163,1629
645,649,1163,1164
625,649,1164,1629
645,625,1164,1170
650,651,1165,1614,213
651,625,1165,1615,213
625,650,1165,1170
635,652,1166,1580
652,653,1166,1613,213
653,635,1166,1172
638,639,1167,1168
638,641,1168,1173
641,645,1169,1174
645,650,1170,1171
653,650,1171,1613,213
645,653,1171,1172
645,635,1172,1174
638,633,1173,1627,213
633,641,1173,1175
641,635,1174,1175
654,655,1176,1334
655,656,1176,1581,213
656,654,1176,1212
657,658,1177,1333
658,654,1177,1334
654,657,1177,1178
659,657,1178,1333
654,659,1178,1228
660,661,1179,1620
661,659,1179,1339
659,660,1179,1213
634,662,1180,1625
662,660,1180,1626
660,634,1180,1181
652,634,1181,1580,213
660,652,1181,1182
663,652,1182,1619
660,663,1182,1183
664,663,1183,1618
660,664,1183,1213
626,665,1184,1616
665,624,1184,1185
665,623,1185,1186
665,561,1186,1187
665,564,1187,1188
665,563,1188,1214
666,562,1189,1265
563,666,1189,1190
667,666,1190,1284
563,667,1190,1191
668,667,1191,1285
563,668,1191,1215
669,670,1192,1311
670,671,1192,1310
671,669,1192,1217
672,673,1193,1269
673,669,1193,1291
669,672,1193,1194
674,672,1194,1324
669,674,1194,1217
675,676,1195,1403
676,674,1195,1325
674,675,1195,1218
677,678,1196,1404
678,675,1196,1403
675,677,1196,1218
679,680,1197,1407
680,681,1197,-9223
681,679,1197,1225
682,683,1198,1409
683,679,1198,1408
679,682,1198,1219
684,676,1199,1326
676,682,1199,1409
682,684,1199,1200
685,684,1200,1327
682,685,1200,1201
686,685,1201,1328
682,686,1201,1202
687,686,1202,1443
682,687,1202,1203
688,687,1203,1444
682,688,1203,1219
689,690,1204,1485
690,688,1204,1474
688,689,1204,1205
691,689,1205,1485
688,691,1205,1220
692,693,1206,1487
693,691,1206,1486
691,692,1206,1207
694,692,1207,-1
691,694,1207,1208
695,694,1208,1508
691,695,1208,1209
696,695,1209,1507
691,696,1209,1220
697,698,1210,1515
698,696,1210,1507
696,697,1210,1211
699,697,1211,1572
696,699,1211,1221
656,699,1212,1572
699,654,1212,1227
659,664,1213,1222
665,664,1214,1617
664,563,1214,1215
664,668,1215,1216
671,668,1216,1286
664,671,1216,1222
671,674,1217,1223
674,677,1218,1224
679,688,1219,1225
688,696,1220,1221
688,699,1221,1226
659,671,1222,1223
659,674,1223,1224
659,677,1224,1228
681,688,1225,1226
681,699,1226,1227
681,654,1227,1229
654,677,1228,1229
681,677,1229,-9223
700,609,1230,-1
608,700,1230,1231
701,700,1231,1282
608,701,1231,1232
702,701,1232,1273
608,702,1232,1240
703,704,1233,1278
704,702,1233,1279
702,703,1233,1234
643,703,1234,1301
702,643,1234,1235
702,646,1235,1241
646,648,1236,1237
705,648,1237,1247
646,705,1237,1238
706,705,1238,1246
646,706,1238,1241
620,706,1239,1245
706,622,1239,1242
622,702,1240,1242
702,706,1241,1242
707,619,1243,-9223
616,707,1243,1244
620,707,1244,-9223
616,620,1244,1245
616,706,1245,1246
616,705,1246,1248
705,647,1247,1248
632,566,1249,1250
708,566,1250,1264
632,708,1250,1258
709,710,1251,1367
710,708,1251,1264
708,709,1251,1259
400,711,1252,1369
711,709,1252,1368
709,400,1252,1253
709,398,1253,1254
709,397,1254,1255
709,396,1255,1256
709,393,1256,1257
709,394,1257,1259
394,708,1258,1259
712,567,1260,1271
566,712,1260,1261
713,712,1261,1332
566,713,1261,1262
714,713,1262,1366
566,714,1262,1263
710,714,1263,1367
566,710,1263,1264
565,666,1265,1266
715,666,1266,1284
565,715,1266,1267
716,715,1267,1293
565,716,1267,1272
673,717,1268,1292
717,716,1268,1293
716,673,1268,1269
716,672,1269,1270
712,672,1270,1324
716,712,1270,1271
716,567,1271,1272
718,701,1273,1283
702,718,1273,1280
719,720,1274,-1
720,718,1274,1283
718,719,1274,1275
721,719,1275,1298
718,721,1275,1281
722,723,1276,1303
723,721,1276,1304
721,722,1276,1281
703,724,1277,1302
724,722,1277,1303
722,703,1277,1278
722,704,1278,1279
722,702,1279,1280
722,718,1280,1281
720,700,1282,-1
701,720,1282,1283
715,667,1284,1285
715,668,1285,1294
725,671,1286,1309
668,725,1286,1287
726,725,1287,1309
668,726,1287,1288
727,726,1288,1308
668,727,1288,1289
728,727,1289,1308
668,728,1289,1294
729,730,1290,1313
730,728,1290,1314
728,729,1290,1295
669,731,1291,1312
731,673,1291,1292
731,717,1292,1297
717,715,1293,1297
715,728,1294,1295
715,729,1295,1296
731,729,1296,1313
715,731,1296,1297
732,719,1298,-1
721,732,1298,1304
641,733,1299,1597
733,734,1299,1596
734,641,1299,1300
734,644,1300,1306
644,703,1301,1302
644,724,1302,1306
724,723,1303,1307
723,732,1304,1305
734,732,1305,1595
723,734,1305,1307
734,724,1306,1307
728,726,1308,1314
726,671,1309,1310
726,670,1310,1311
726,669,1311,1312
726,731,1312,1315
731,730,1313,1315
730,726,1314,1315
139,527,1316,1322
527,529,1317,1318
527,524,1318,1319
527,525,1319,1323
525,523,1320,1321
525,522,1321,1323
522,527,1322,1323
712,674,1324,1325
712,676,1325,1326
712,684,1326,1327
712,685,1327,1328
712,686,1328,1329
735,686,1329,1443
712,735,1329,1330
736,735,1330,1413
712,736,1330,1331
737,736,1331,1413
712,737,1331,1332
713,737,1332,1365
659,658,1333,1340
658,655,1334,1335
738,655,1335,1579,213
658,738,1335,1336
739,738,1336,1612
658,739,1336,1337
740,739,1337,1611
658,740,1337,1338
741,740,1338,1621
658,741,1338,1340
661,741,1339,1620
741,659,1339,1340
742,743,1341,1589
743,744,1341,1603
744,742,1341,1347
745,746,1342,1400
746,742,1342,1589
742,745,1342,1343
747,745,1343,1399
742,747,1343,1348
748,749,1344,1397
749,747,1344,1398
747,748,1344,1348
750,751,1345,1587
751,748,1345,1396
748,750,1345,1346
744,750,1346,1588
748,744,1346,1347
748,742,1347,1348
752,753,1349,-1
753,754,1349,1594
754,752,1349,1354
755,756,1350,1608
756,752,1350,1591
752,755,1350,1351
757,755,1351,1592
752,757,1351,1352
758,757,1352,1592
752,758,1352,1353
759,758,1353,1593
752,759,1353,1354
754,759,1354,1593
760,761,1355,1560
761,762,1355,-1
762,760,1355,1356
763,760,1356,1423
762,763,1356,1357
764,763,1357,1424
762,764,1357,1358
765,764,1358,1425
762,765,1358,1359
766,765,1359,1426
762,766,1359,1360
767,766,1360,1426
762,767,1360,1377
768,769,1361,1428
769,767,1361,1427
767,768,1361,1378
770,771,1362,1429
771,768,1362,1428
768,770,1362,1363
772,770,1363,1430
768,772,1363,1379
737,773,1364,1432
773,774,1364,1431
774,737,1364,1365
774,713,1365,1366
774,714,1366,1381
714,709,1367,1368
714,711,1368,1382
711,399,1369,1383
399,402,1370,1371
399,404,1371,1372
399,403,1372,1373
399,407,1373,1374
399,406,1374,1375
762,406,1375,-1
399,762,1375,1376
775,762,1376,1377,48
399,775,1376,1383
775,767,1377,1378
775,768,1378,1379
775,772,1379,1380
774,772,1380,1430
775,774,1380,1381
775,714,1381,1382
775,711,1382,1383
776,777,1384,-1
777,746,1384,1590
746,776,1384,1385
778,776,1385,1410
746,778,1385,1386
779,778,1386,1412
746,779,1386,1401
780,781,1387,-1
781,782,1387,1411
782,780,1387,1388
783,780,1388,1451
782,783,1388,1389
784,783,1389,1452
782,784,1389,1402
785,786,1390,-1
786,784,1390,1452
784,785,1390,1391
787,785,1391,1464
784,787,1391,1392
788,787,1392,1458
784,788,1392,1393
789,788,1393,1459
784,789,1393,1394
790,789,1394,1585
784,790,1394,1395
751,790,1395,1586
784,751,1395,1396
784,748,1396,1397
784,749,1397,1398
784,747,1398,1399
784,745,1399,1400
784,746,1400,1401
784,779,1401,1402
782,779,1402,1412
676,678,1403,1404
676,677,1404,1405
791,677,1405,-9222
676,791,1405,1406
680,791,1406,-9222
676,680,1406,1407
676,679,1407,1408
676,683,1408,1409
781,776,1410,-1
778,781,1410,1411
778,782,1411,1412
737,735,1413,1414
792,735,1414,1448
737,792,1414,1433
793,794,1415,1450
794,792,1415,1448
792,793,1415,1416
795,793,1416,1447
792,795,1416,1417
796,795,1417,1498
792,796,1417,1418
797,796,1418,1497
792,797,1418,1437
798,799,1419,-1
799,800,1419,1496
800,798,1419,1420
801,798,1420,1558
800,801,1420,1421
802,801,1421,1558
800,802,1421,1422
760,802,1422,1560
800,760,1422,1423
800,763,1423,1424
800,764,1424,1425
800,765,1425,1434
765,767,1426,1427
765,769,1427,1435
769,771,1428,1429
769,770,1429,1436
770,774,1430,1431
770,773,1431,1432
770,737,1432,1433
770,792,1433,1436
800,797,1434,1497
797,765,1434,1435
797,769,1435,1437
769,792,1436,1437
803,804,1438,1584
804,805,1438,1460
805,803,1438,1439
806,803,1439,1583
805,806,1439,1440
656,806,1440,1582
805,656,1440,1441
807,656,1441,1577,213
805,807,1441,1442
808,807,1442,1576,213
805,808,1442,1461
735,687,1443,1444
735,688,1444,1445
809,688,1445,1474
735,809,1445,1446
810,809,1446,1476
735,810,1446,1449
795,810,1447,1484
810,793,1447,1449
794,735,1448,1450
735,793,1449,1450
786,780,1451,-1
783,786,1451,1452
811,812,1453,1578
812,813,1453,1571,213
813,811,1453,1454
814,811,1454,1519
813,814,1454,1455
815,814,1455,1531
813,815,1455,1463
816,817,1456,1472
817,815,1456,1531
815,816,1456,1457
787,816,1457,1473
815,787,1457,1458
815,788,1458,1463
804,789,1459,1584
788,804,1459,1460
788,805,1460,1461
788,808,1461,1462
813,808,1462,1571,213
788,813,1462,1463
818,785,1464,-1
787,818,1464,1465
819,818,1465,1477
787,819,1465,1466
820,819,1466,1483
787,820,1466,1467
821,820,1467,1482
787,821,1467,1473
822,823,1468,-1
823,821,1468,1481
821,822,1468,1469
824,822,1469,1533
821,824,1469,1470
825,824,1470,1533
821,825,1470,1471
817,825,1471,1532
821,817,1471,1472
821,816,1472,1473
809,690,1474,1476
810,826,1475,1484
826,690,1475,1499
690,810,1475,1476
827,818,1477,-1
819,827,1477,1478
828,827,1478,1517
819,828,1478,1479
829,828,1479,1518
819,829,1479,1483
823,830,1480,-1
830,829,1480,1518
829,823,1480,1481
829,821,1481,1482
829,820,1482,1483
795,826,1484,1498
690,691,1485,1486
690,693,1486,1487
690,692,1487,1500
831,832,1488,1541
832,692,1488,-1
692,831,1488,1489
833,831,1489,1540
692,833,1489,1500
834,835,1490,1539
835,833,1490,1540
833,834,1490,1501
836,837,1491,1546
837,838,1491,1547
838,836,1491,1492
839,836,1492,1545
838,839,1492,1493
840,839,1493,1544
838,840,1493,1494
841,840,1494,1543
838,841,1494,1504
799,842,1495,-1
842,841,1495,1542
841,799,1495,1496
841,800,1496,1505
800,796,1497,1506
796,826,1498,1499
796,690,1499,1506
690,833,1500,1501
690,834,1501,1502
843,834,1502,1539
690,843,1502,1503
838,843,1503,1547
690,838,1503,1504
690,841,1504,1505
690,800,1505,1506
698,695,1507,1508
698,694,1508,1516
844,845,1509,1526
845,694,1509,-1
694,844,1509,1510
811,844,1510,1527
694,811,1510,1511
846,811,1511,1578
694,846,1511,1512
847,846,1512,1513,213
694,847,1512,1516
848,846,1513,1573
847,848,1513,1514
697,848,1514,1573
847,697,1514,1515
847,698,1515,1516
830,827,1517,-1
828,830,1517,1518
849,814,1519,1538
811,849,1519,1520
850,849,1520,1537
811,850,1520,1528
851,852,1521,1550
852,850,1521,1536
850,851,1521,1528
853,854,1522,1567
854,851,1522,1555
851,853,1522,1523
855,853,1523,1566
851,855,1523,1529
856,857,1524,1569
857,855,1524,1566
855,856,1524,1530
845,858,1525,-1
858,856,1525,1570
856,845,1525,1526
856,844,1526,1527
856,811,1527,1530
811,851,1528,1529
811,855,1529,1530
814,817,1531,1532
814,825,1532,1538
825,822,1533,1534
859,822,1534,-1
825,859,1534,1535
852,859,1535,1550
825,852,1535,1536
825,850,1536,1537
825,849,1537,1538
843,835,1539,1548
835,831,1540,1541
835,832,1541,1549
842,832,1542,-1
832,841,1542,1543
832,840,1543,1544
832,839,1544,1545
832,836,1545,1546
832,837,1546,1549
837,843,1547,1548
837,835,1548,1549
851,859,1550,1551
860,859,1551,-1
851,860,1551,1556
861,862,1552,1563
862,860,1552,-1
860,861,1552,1553
863,861,1553,1562
860,863,1553,1556
864,865,1554,1561
865,863,1554,1562
863,864,1554,1557
854,864,1555,1561
864,851,1555,1557
851,863,1556,1557
802,798,1558,1559
761,798,1559,-1
802,761,1559,1560
854,865,1561,1567
865,861,1562,1563
865,862,1563,1564
866,862,1564,-1
865,866,1564,1565
857,866,1565,1569
865,857,1565,1568
857,853,1566,1568
853,865,1567,1568
856,866,1569,1570
858,866,1570,-1
812,808,1571,1575
656,697,1572,1577
697,846,1573,1574
812,846,1574,1578,213
697,812,1574,1575
697,808,1575,1576
697,807,1576,1577
738,867,1579,1600
867,655,1579,1581
867,656,1581,1582
867,806,1582,1583
867,803,1583,1601
803,789,1584,1585
803,790,1585,1586
803,751,1586,1587
803,750,1587,1588
803,744,1588,1602
743,746,1589,1590
743,777,1590,1607
752,777,1591,-1
777,756,1591,1610
755,758,1592,1604
758,754,1593,1604
732,753,1594,-1
754,732,1594,1595
754,734,1595,1596
754,733,1596,1605
733,642,1597,1598
733,639,1598,1609
738,636,1599,1612,213
640,738,1599,1600
640,867,1600,1601
640,803,1601,1602
640,744,1602,1603
640,743,1603,1606
755,754,1604,1605
755,733,1605,1608
639,743,1606,1607
639,777,1607,1609
756,733,1608,1610
733,777,1609,1610
740,636,1611,1622
636,739,1611,1612
652,650,1613,1614
652,651,1614,1619
651,626,1615,1616
651,665,1616,1617
651,664,1617,1618
651,663,1618,1619
660,741,1620,1621
660,740,1621,1622
660,636,1622,1623
660,637,1623,1624
660,638,1624,1626
633,662,1625,1627
662,638,1626,1627
550,603,1628,1640
625,617,1629,1630
627,591,1631,1632
551,868,1633,-1
868,869,1633,1646
869,551,1633,1634
869,541,1634,1635
539,541,1635,1638
869,539,1635,1636
536,539,1636,1637,213
869,536,1636,1646
536,550,1639,1640
536,603,1640,1641
536,602,1641,1642
536,588,1642,1643
536,585,1643,1644
536,584,1644,1645
868,584,1645,-1
536,868,1645,1646