-179.1338,-77.000207,0,1,49,50
-180.0,-77.0,0,19,20,21,22,23,50,51
-180.0,-90.0,0,1,2,3,4,5,6,7,8,9,10,11,12,13,17,18
-178.600284,-77.20031,1,2,49
-172.700708,-76.999802,2,3,48,49,50,51,52,53,54,55,56,57,58,59,60,61,62,63,64,65,66,67,68
-172.532733,-77.166399,3,4,47,48
-172.534351,-77.19985,4,5,47
-170.298693,-77.200171,5,6,46,47,48,68
-170.299299,-77.232853,6,7,46
-168.066876,-77.233044,7,8,45,46,67,68
-168.06727,-77.267268,8,9,44,45
-164.666182,-77.266778,9,10,43,44
-164.667716,-77.298463,10,11,42,43
-163.399263,-77.467411,11,12,41,42
-162.468114,-77.465776,12,13,40,41
-161.566446,-77.29959,13,14,18,40
-159.299609,-77.267067,14,15,16,17,18,39
-161.567109,-77.265352,14,39,40,41,42,43,44,45,66,67
-157.5,-77.2,15,16,37,38
-159.299549,-77.232558,15,38,39,65,66
-157.5,-90.0,16,17
-179.632076,-74.33384,19,20,151,152,153,154,155,156,190,191
-180.0,-74.333333,19,69,70,152
-179.632316,-74.366654,20,21,151
-179.234153,-74.367153,21,22,150,151,189,190
-179.233976,-74.400131,22,23,149,150
-178.434294,-74.433487,23,24,51,52,149
-177.967038,-74.400442,24,25,52,53,148
-178.432891,-74.401926,24,148,149,150,188,189
-177.566962,-74.365688,25,26,53,54,147
-177.967128,-74.366773,25,147,148,187,188
-173.399791,-74.365902,26,27,28,54,55,146
-177.566636,-74.332886,26,146,147,186,187
-172.699239,-74.399957,27,28,144,145
-172.70144,-74.365343,27,145,146,185,186
-172.09959,-74.500239,28,29,55,56,143,144
-171.09967,-74.566704,29,56,57,141,142
-171.098534,-74.531693,29,142,143
-165.065662,-74.632889,30,31,58,59,140
-165.067442,-74.600721,30,140,141,142,143,144,145,184,185
-168.533547,-74.598225,30,57,58,141
-163.966818,-74.666957,31,32,59,60,138,139
-163.965776,-74.632752,31,139,140,183,184
-162.901379,-74.766578,32,60,61,136,137
-163.599231,-74.667613,32,137,138
-161.865644,-74.667741,33,34,62,63,135
-162.433828,-74.668284,33,135,136,137,138,139,182,183
-162.43257,-74.700532,33,61,62,136
-161.234211,-74.631669,34,35,63,64,134
-161.868416,-74.634046,34,134,135,181,182
-158.631426,-74.600337,35,36,37,38,64,65,133
-161.232962,-74.600486,35,133,134,180,181
-157.5,-74.566667,36,37,131,132
-158.632891,-74.565608,36,132,133,179,180
-179.26778,-71.5328,69,70,210,211,212,213,214
-180.0,-71.533333,69,200,201,202,211
-179.066191,-71.600578,70,71,152,153,210
-178.69999,-71.566368,71,72,153,154,209
-179.067772,-71.566158,71,209,210,214
-178.366306,-71.533632,72,154,155,207,208
-178.698846,-71.532151,72,208,209,213,214
-177.500091,-71.26594,73,156,157,191,192,204,205
-177.665183,-71.265708,73,205,206
-178.067089,-71.466108,73,155,156,206,207
-177.899413,-71.032806,74,75,157,158,159,160,161,162,163,164,165,166,167,168,169,192,193,194,195,196,197,198,199,447,448
-177.902365,-71.065307,74,443,444,448,449
-177.864928,-71.06623,74,157,204,444,445
-178.334564,-71.000396,75,76,77,158,432,433,446
-178.234302,-71.066179,75,446,447
-179.133806,-70.930745,76,77,393,394,402,403
-178.900744,-70.967291,76,403,404,432
-179.465498,-70.899204,77,78,79,80,81,82,83,84,85,86,158,159,392,393
-179.69877,-70.966654,78,79,226,227,329
-179.567593,-70.934268,78,329,330,392
-180.0,-71.0,79,80,226
-180.0,-68.966667,80,81,230,231,232
-179.864705,-68.933733,81,82,232,298,299,300,314,315
-179.466577,-68.932453,82,83,313,314
-179.465457,-68.899229,83,84,313,333,369,370
-178.932882,-68.766025,84,85,368,369
-178.733665,-68.633034,85,86,368,439,440
-178.599268,-68.599112,86,87,159,160,439
-178.434651,-68.566812,87,88,160,161,437,438
-178.599177,-68.567746,87,438,439,440,441
-178.300337,-68.467164,88,89,161,162,366,435,436
-178.433387,-68.534286,88,436,437
-177.66641,-68.333917,89,90,162,163,365
-178.067607,-68.233566,89,365,366,380,381,382,383,384,389
-176.766919,-68.067638,90,91,163,164,364,506,510
-177.766191,-68.233043,90,364,365,379,380
-176.533447,-68.000241,91,92,164,165,508,509
-176.60065,-67.998537,91,509,510
-176.099549,-67.866941,92,93,94,95,165,166,360,361,516,517
-176.2653,-67.86756,92,361,362,507,508
-175.299688,-67.56605,93,94,355,356
-175.868381,-67.765153,93,356,357,516
-175.267228,-67.566425,94,95,355,519,524
-175.200469,-67.565798,95,96,166,167,523,524
-175.132048,-67.533174,96,97,98,99,167,168,521,522
-175.198981,-67.534137,96,522,523
-169.366667,-67.5,97,98,525,526
-175.133333,-67.5,97,520,521
-169.43326,-67.866711,98,99,525
-169.432701,-67.968078,99,168,169,525,526,527,528
-165.166667,-67.5,100,101,627
-168.233333,-67.5,100,526,527
-168.23287,-67.534295,100,101,102,103,104,105,106,170,527,528
-165.700868,-68.100186,101,102,570,571,627,628,629
-166.133991,-68.265922,102,103,535,570
-166.534019,-68.366779,103,104,529,530,535,536,537,538,539,541
-166.664954,-68.365078,104,105,529
-166.667751,-68.399185,105,106,529,530,531,534
-166.401232,-68.566898,106,107,108,109,170,171,533,534
-166.199866,-68.765855,107,108,532,566,567,599,600
-166.366271,-68.567071,107,532,533
-166.197868,-68.799535,108,109,543,598,599
-166.232957,-68.866094,109,171,193,194,543,557,558
-165.50036,-68.865677,110,111,549,550
-165.500803,-68.833512,110,550,551
-165.865746,-68.866401,110,111,172,551,552,625,626
-165.300818,-68.867353,111,112,172,173,174,175,176,177,195,196,548,549
-165.233613,-68.867097,112,113,173,546,547,595,606,607
-165.298634,-68.832859,112,547,548
-164.933275,-68.900537,113,114,115,116,117,173,174,593,594
-164.933188,-68.865733,113,594,595
-164.00079,-68.966891,114,115,685,686,746
-164.232767,-68.932772,114,592,593,686,708,716,717
-163.700321,-69.065566,115,116,746,747,748,749,750,815
-163.70013,-69.100538,116,117,815,816,853,854
-163.233584,-69.332791,117,118,174,175,853
-163.099403,-69.600181,118,175,176,851,852
-163.16487,-69.334097,118,852,853,854,855,856,857,873
-161.699164,-70.233485,119,120,121,122,123,124,197,198,849
-162.533622,-69.931817,119,849,850,851,852,872,873,874,879
-162.634413,-69.932778,119,177,196,197,850
-160.966933,-70.265961,120,121,848,871,872,878,879,880
-161.300066,-70.232668,120,849,872
-160.966203,-70.332148,121,122,847,848
-160.165806,-70.567372,122,123,846,847,1316
-160.000451,-70.632855,123,124,842,843,1316,1322
-159.533065,-70.834398,124,198,199,841,842
-159.267053,-70.733717,125,126,840,866,867
-159.466553,-70.768888,125,841,842,843,844,867,868
-159.266307,-70.833837,125,126,127,178,179,180,181,182,183,184,185,186,187,188,189,190,191,192,199,841
-159.266464,-70.767825,126,127,839,840
-158.868308,-70.800501,127,128,129,178,839
-158.333782,-70.800135,128,129,837,838
-158.865679,-70.767266,128,838,839,840,865,866
-158.3324,-70.834452,129,130,131,132,178,179,836,837
-157.5,-70.966667,130,131,834,835
-157.899356,-70.832834,130,835,836
-169.000946,-67.835542,169,170,171,193,528
-165.966226,-68.867891,172,194,195,557,620,626
-162.999165,-69.765566,176,177,850,851
-179.565075,-71.367543,200,201,223,224,225
-180.0,-71.366667,200,215,224
-179.567149,-71.40059,201,202,223
-179.032777,-71.399943,202,203,211,212,222,223,225
-177.899825,-71.200029,203,204,205,206,207,208,212,213,445
-178.634744,-71.300531,203,221,222,442,443,444,445
-179.666364,-71.333471,215,216,217,218,219,220,221,222,224,225,229
-180.0,-71.166667,215,226,227,228,229
-179.334263,-71.099753,216,217,331,332,395
-179.433879,-71.165632,216,228,229,332
-179.201598,-71.100422,217,218,394,395,402
-179.200389,-71.198676,218,219,402,403,404,405
-178.833195,-71.133675,219,220,405,434
-178.698948,-71.199783,220,221,433,434,442,446,447,448,449
-179.700023,-71.099301,227,228,329,330,331,332
-179.799639,-68.700718,230,231,257,258,298,299
-180.0,-68.733333,230,233,258,259
-179.865678,-68.833627,231,232,298
-179.83306,-68.267737,233,259,260,271,272
-180.0,-68.533333,233,268,272
-179.432289,-68.199916,234,235,236,237,266,267,269
-179.497909,-68.199405,234,269,270
-179.499819,-68.334165,234,260,265,266,270,271
-179.56621,-67.80065,235,236,276,277,291,292
-179.800625,-68.032911,235,268,269,270,271,272,277,278
-179.298666,-67.666976,236,237,290,291
-179.267393,-67.66707,237,261,262,263,264,267,289,290
-178.966667,-67.5,238,239,427
-179.266667,-67.5,238,397,398
-179.266216,-67.565917,238,239,240,241,261,288,289,398,399
-178.966412,-67.599628,239,240,426,427,430,431
-179.034483,-67.598132,240,241,415,426
-179.099173,-67.66553,241,242,261,262,415,416,423
-178.799793,-67.734001,242,243,244,245,246,247,262,263,422,424,425
-178.933435,-67.665509,242,423,425
-178.566812,-67.801198,243,244,455,456,465,466
-178.633883,-67.734931,243,421,422,456,463,464
-178.633227,-67.966817,244,245,465
-178.633272,-67.998394,245,246,306,307,465,466,467,471
-178.933417,-67.93391,246,247,305,306
-179.032512,-67.934461,247,263,264,305,406
-179.034447,-68.166537,248,249,408,411
-179.03352,-68.133078,248,408,409
-179.20069,-68.13257,248,249,250,251,252,253,254,255,256,264,265,266,267,406,407,409
-179.03426,-68.26608,249,250,410,411,412,413,414
-179.133122,-68.266565,250,251,410
-179.133032,-68.333377,251,252,302,410,414
-179.13437,-68.431385,252,253,301,302,303,316,321,322,323
-179.633908,-68.566736,253,254,301,326,327
-179.634471,-68.533279,254,255,325,326
-179.733415,-68.565824,255,256,324,325
-179.733281,-68.500159,256,257,258,259,260,265,324
-179.768092,-68.699708,257,299,300,324,325,326,327,328
-180.0,-68.066667,268,273,274,275,278
-179.93311,-67.866112,273,274,283,284
-180.0,-67.966667,273,284,285
-179.933421,-67.901182,274,275,282,283
-179.767699,-67.899223,275,276,277,278,281,282
-179.699448,-67.799189,276,280,281,292,293
-179.90077,-67.600802,279,280,281,282,283,284,285,286,294
-179.8,-67.5,279,286
-180.0,-67.5,279,285
-179.833042,-67.600545,280,293,294,295,296,297
-179.366667,-67.5,286,287,294,295,397
-179.399284,-67.566359,287,295,296,396
-179.364176,-67.567461,287,396,397,398,399,400,401
-179.299173,-67.567618,288,399,400
-179.299959,-67.600728,288,289,290,291,292,293,297,400,401
-179.400135,-67.60008,296,297,396,401
-179.533543,-68.698727,300,315,316,320,321,328
-179.534096,-68.634286,301,316,327,328
-178.966557,-68.332977,302,303,413,414
-178.799719,-68.400465,303,304,317,318,322,412,413
-178.967348,-67.99936,304,305,306,307,308,309,317,406,407
-178.964427,-68.099472,304,407,408,409,411,412
-178.567238,-67.999334,307,308,470,471,472
-178.466565,-68.233937,308,309,337,338,339,340,372,373,470
-178.667108,-68.367285,309,310,311,317,318,337
-178.634517,-68.433633,310,311,336,371,372,373,382,383
-178.633964,-68.366309,310,337,372
-178.900541,-68.433975,311,318,322,323,335,336
-179.566178,-68.798656,312,313,314,315,319,320,333
-179.366295,-68.733723,312,333,334,335,336,370,371
-179.366177,-68.667117,312,319,334
-179.167605,-68.534158,319,320,321,323,334,335
-179.399844,-71.000021,330,331,392,393,394,395
-178.365566,-68.199733,338,339,468,469,492,493
-178.466319,-68.200076,338,469,470,472
-177.865769,-68.033642,339,340,491,492
-177.566181,-67.966363,340,341,342,343,373,374,383,384,491
-177.467021,-67.866533,341,342,489,490
-177.766425,-67.866759,341,490,491,492,493,494,495,496,499
-177.301037,-67.900583,342,343,488,489
-176.900134,-67.866964,343,344,346,374,487,488,502,503,505
-176.566061,-67.833142,344,374,384,389,390,391,504
-176.6992,-67.833191,344,504,505
-176.798933,-67.733813,345,346,375,376,385,502
-176.798919,-67.765138,345,502,503
-176.5666,-67.766216,345,385,390,503,504,505
-177.19968,-67.732598,346,347,348,349,375,487
-177.531856,-67.599552,347,348,486,497,498
-177.333629,-67.734591,347,487,488,489,490,498,499
-177.06555,-67.634793,348,349,485,486
-176.898032,-67.632035,349,350,351,375,376,484,485
-176.666667,-67.5,350,351,511,512
-176.933333,-67.5,350,483,484
-176.366305,-67.599821,351,352,353,376,385,386,387,388,390,391,512
-176.3,-67.5,352,353,511
-176.366196,-67.534229,352,511,512
-175.233333,-67.5,353,354,377,386,520
-175.266757,-67.534956,354,355,356,357,358,359,377,519
-175.233534,-67.533167,354,519,520,521,522,523,524
-175.799611,-67.63268,357,358,515,516,517,518
-175.699237,-67.567073,358,359,514,515
-175.932534,-67.567094,359,377,386,387,513,514
-176.133674,-67.732814,360,517,518
-176.333529,-67.73478,360,361,362,378,513,514,515,518
-176.566412,-67.86625,362,363,378,379,380,388,389,391,507
-176.76552,-67.965596,363,364,379,506
-176.566515,-67.90042,363,506,507,508,509,510
-178.433635,-68.465803,366,367,381,435
-178.732378,-68.531587,367,368,369,370,371,381,382,440,441
-178.43261,-68.499917,367,435,436,437,438,441
-176.333814,-67.667274,378,387,388,513
-178.899716,-71.032588,404,405,432,433,434
-179.033954,-67.631879,415,416,426,429,430
-178.798556,-67.633904,416,417,423,424,425,429
-178.76841,-67.567665,417,418,419,420,421,422,424,428
-178.800549,-67.566897,417,428,429,430,431
-178.7,-67.5,418,419,450
-178.766667,-67.5,418,427,428,431
-178.699295,-67.53347,419,420,450,457
-178.667119,-67.534101,420,421,457,458,459,464
-178.501248,-71.199491,442,443,449
-178.533333,-67.5,450,457,458,473
-178.166667,-67.5,451,452,473,474
-178.36609,-67.567118,451,474,475
-178.366711,-67.633869,451,452,453,460,475,476
-177.733333,-67.5,452,453,480
-177.667181,-67.700221,453,454,460,461,480,481,482,496,497,498,499
-177.899795,-67.699648,454,461,462,478,479
-177.900937,-67.766754,454,479,495,496
-178.401439,-67.767447,455,466,467,477
-178.39893,-67.699729,455,456,462,463,477,478
-178.599489,-67.599569,458,459,473,474,475,476
-178.533792,-67.668827,459,460,461,462,463,464,476
-178.299416,-67.834966,467,468,469,471,472,477,478,479,494,495
-178.267473,-68.033094,468,493,494
-177.633333,-67.5,480,481,500
-177.633559,-67.532643,481,482,500,501
-177.600026,-67.53474,482,483,484,485,486,497,501
-177.6,-67.5,483,500,501
-166.333621,-68.431854,530,531,540,541,542
-166.234264,-68.567407,531,532,533,534,540,566
-166.100155,-68.267003,535,536,569,570,571,572,602,603,609,610,611,612,615,618,619
-166.133326,-68.399199,536,537,569
-165.934314,-68.431875,537,538,568,569,601,608,609
-166.165883,-68.432434,538,539,568
-166.165825,-68.465984,539,541,542,567,568,600,601
-166.23406,-68.465925,540,542,566,567
-166.065984,-68.701624,543,558,559,597,598
-165.798484,-68.432959,544,545,560,563,564,608,609,615
-166.100004,-68.499725,544,597,598,599,600,601,608
-166.033483,-68.499569,544,559,560,597
-165.766268,-68.366943,545,564,565,617,618,619
-165.80045,-68.36696,545,615,618
-165.000218,-68.732802,546,596,607,613,614
-165.433475,-68.733522,546,547,548,549,550,551,552,553,554,561,596
-165.768112,-68.700194,552,553,624,625
-165.765506,-68.600254,553,554,623,624
-165.566235,-68.534091,554,555,561,562,622,623
-165.633717,-68.432913,555,556,562,563,564,565,621
-165.633979,-68.534756,555,621,622
-165.933153,-68.634243,556,557,558,559,560,563,620
-165.801089,-68.56713,556,620,621,622,623,624,625,626
-165.231959,-68.53176,561,562,565,596,614,616,617
-164.70028,-67.833948,571,572,629,735,736,737,738
-163.999525,-67.798632,572,573,574,575,576,577,578,579,580,602,738
-163.866667,-67.5,573,574,736,737
-164.00103,-67.599509,573,737,738
-163.8,-67.5,574,575,813
-163.800594,-67.534031,575,576,801,813,814
-163.799159,-67.600775,576,577,801,811,812
-163.734178,-67.598932,577,578,810,811
-163.599864,-67.667062,578,579,809,810
-163.600392,-67.698458,579,580,808,809
-163.532378,-67.700705,580,581,602,603,807,808,882,883
-163.666675,-67.732777,581,582,603,604,605,610,881
-163.533903,-67.732306,581,881,882
-163.266646,-68.065831,582,583,584,585,604,755,756,891
-163.134337,-67.933762,582,881,882,883,884,885,886,887,888,889,890,891
-163.532527,-68.100123,583,584,753,754
-163.533417,-68.132297,583,754,755
-163.832045,-68.101439,584,585,634,635,753
-164.533961,-68.000542,585,586,604,605,633,634
-165.166707,-68.065804,586,587,588,605,610,611,632
-164.999617,-68.067594,586,632,633
-165.034448,-68.266877,587,588,630,631
-164.733557,-68.200719,587,631,632,633,634,635,636,691,692,693,710
-165.199817,-68.134439,588,611,612,630
-165.133625,-68.600893,589,590,613,614,616,689,690
-164.899466,-68.533177,589,690,691,709,710,711,712,718
-165.266182,-68.432974,589,612,616,617,619,630,631,691
-164.665729,-68.801839,590,606,607,613,687,688
-164.566468,-68.73501,590,688,689
-163.733455,-68.667911,591,592,709,717,718,719,723,727,728
-164.333296,-68.700648,591,687,688,689,690,709
-164.367534,-68.799981,591,592,593,594,595,606,687
-164.0,-67.5,627,628,735,736
-164.70082,-67.800748,628,629,735
-163.831122,-68.266632,635,636,752,753,754,755,756,757,758,759,760,761,762,779,780
-163.933182,-68.333557,636,637,692,740,751,752
-164.200799,-68.331922,637,638,692,693,739
-164.100454,-68.400428,637,739,740,741,742,744
-164.497734,-68.433,638,639,693,710,711,743
-164.365362,-68.433035,638,739,743,744,745
-164.133426,-68.567638,639,711,712,742,744,745
-164.399889,-68.433326,639,743,745
-162.999716,-68.666374,640,641,777,785,787
-163.300596,-68.565234,640,778,779,780,785
-163.399346,-68.633122,640,641,694,778
-162.800214,-68.867515,641,642,643,644,694,695,719,728,729,776,777
-162.468073,-68.968091,642,643,1012,1013,1014,1015,1016,1017,1018,1019
-162.468092,-68.9338,642,776,1013
-162.666553,-68.968352,643,644,1012
-162.666523,-68.999287,644,645,695,1012,1019
-162.566078,-69.165796,645,695,713,729,730,731,732,733,734,1017,1018
-162.533819,-69.001089,645,1018,1019
-162.099249,-69.098875,646,647,648,649,650,651,696,773,774,775,783,784
-162.299082,-69.100235,646,774,1015,1016
-162.433407,-69.167136,646,696,697,713,1016,1017
-161.832551,-69.035043,647,648,1089
-161.832524,-68.998689,647,772,773,1084,1085,1086,1087,1088,1089
-161.699718,-69.033954,648,649,1088,1089,1130
-161.698557,-69.099409,649,650,1130,1131,1132,1133,1137
-161.600771,-69.0996,650,651,1136,1137
-161.300009,-69.233702,651,652,696,697,1135,1136
-160.965612,-69.333793,652,697,713,714,724,725,726,730,1144,1145
-160.965818,-69.233779,652,1134,1135,1145,1146
-160.432712,-69.134192,653,654,1256,1257
-160.667837,-69.134971,653,1142,1143,1257,1258,1259
-160.434837,-69.267343,653,654,655,656,698,1143,1144,1145,1146,1147,1148,1151
-160.233479,-69.200349,654,655,1255,1256
-159.667016,-69.234217,655,656,1254,1255
-159.166035,-69.23346,656,657,658,659,698,699,1253,1254
-158.700465,-69.166377,657,658,1369,1370,1371,1372,1373,1374,1375,1376,1383
-159.032917,-69.166887,657,1252,1253,1369
-158.901178,-69.299379,658,659,1370
-158.899852,-69.399315,659,660,699,714,720,721,722,724,1370,1371
-158.26701,-69.367278,660,715,720,1372,1373
-158.53342,-69.298574,660,1371,1372
-157.5,-69.466667,661,662,700,968
-157.5,-69.4,661,1374,1375
-158.065249,-69.400446,661,700,701,715,1373,1374
-157.833769,-69.432327,662,663,664,700,701,967
-157.699303,-69.499327,662,967,968,969,993
-158.101338,-69.466925,663,664,965,966
-158.100734,-69.535346,663,966,967,993,994,995,996,997,998,999,1000,1006
-158.565606,-69.399187,664,665,701,702,703,715,720,721,965
-158.966784,-69.433765,665,666,702,964
-158.534662,-69.567229,665,964,965,966,1006,1011
-159.300417,-69.433803,666,702,703,962,963
-159.065467,-69.600113,666,963,964,992,1010,1011
-159.766366,-69.46687,667,668,669,704,961
-159.500891,-69.534205,667,961,962,963,992
-159.633448,-69.434056,667,703,704,721,722,962
-159.800143,-69.565925,668,669,959,960
-159.799637,-69.600374,668,960,961,991,992,1005,1009,1010
-160.000015,-69.367073,669,704,705,722,724,725,958,959
-160.233068,-69.500099,670,671,956,957
-160.233427,-69.533533,670,957,958,959,960,991
-160.132281,-69.399797,670,671,705,958
-161.133263,-69.434408,671,672,705,725,726,956
-161.63283,-69.26666,672,706,707,726,730,731,955
-161.300379,-69.466893,672,955,956,957,990,991,1004,1005
-162.034065,-69.333177,673,674,953,954
-162.26625,-69.334246,673,954,988,989
-161.767152,-69.399723,673,674,706,955,989,990
-162.034341,-69.298282,674,706,707,952,953
-163.000604,-69.23347,675,676,750,815,816,950
-162.867203,-69.234136,675,950,951,952,953,954,987,988
-162.732853,-69.101283,675,676,677,678,679,732,733,951
-163.267661,-69.100874,676,677,749,750
-163.266946,-69.066556,677,678,748,749,794,795
-163.09967,-69.00053,678,679,793,794
-163.100627,-68.901095,679,680,733,734,793
-163.433835,-68.732078,680,681,727,728,729,734,792
-163.299133,-68.899849,680,792,793,794,795,796,797,798,799,800
-163.768141,-68.734817,681,682,723,727,791
-163.433868,-68.800437,681,791,792,800
-163.932891,-68.799733,682,716,717,723,790
-163.63406,-68.79973,682,790,791,799,800
-163.565885,-69.033749,683,684,747,748,795,796
-163.566568,-68.999142,683,796,797
-163.667351,-68.999618,683,684,685,686,708,797,798
-163.731799,-69.033389,684,685,746,747
-163.866499,-68.599763,694,712,718,719,741,742,751,752,778,779
-160.66638,-69.334064,698,699,714,1144
-162.567119,-69.232817,707,731,732,951,952
-163.933785,-68.833227,708,716,790,798,799
-164.000039,-68.402385,740,741,751
-162.733024,-67.999186,756,757,890,891,904
-162.665735,-68.000897,757,758,904,905,1028
-162.63307,-68.101062,758,759,1020,1021,1028,1029,1032
-162.667699,-68.200266,759,760,919,1020
-163.033038,-68.432734,760,761,919,942,943
-162.698302,-68.601561,761,762,941,942
-162.666349,-68.765751,762,780,785,787,788,940,941
-162.133243,-68.834009,763,764,1047
-162.333557,-68.699787,763,940,941,942,943,944,948,1042,1043,1044,1045,1046,1047
-162.334734,-68.830829,763,764,788,789,940
-162.06475,-68.835524,764,786,789,1046,1047
-162.133151,-68.665591,765,766,767,768,769,781,1043,1044
-162.134876,-68.700798,765,1044,1045
-162.033524,-68.833711,765,781,782,783,784,786,1045,1046
-162.26592,-68.634095,766,767,939,947,948,949,1042
-162.265498,-68.663921,766,1042,1043
-162.00035,-68.667159,767,768,938,939
-161.967017,-68.667716,768,769,937,938,1072
-162.001646,-68.7333,769,770,781,782,1072,1078
-161.866436,-68.76694,770,771,772,773,782,783,1077
-161.86619,-68.733063,770,1077,1078,1079,1081
-161.667427,-68.799205,771,772,1076,1084
-161.666524,-68.76742,771,1076,1077,1080,1081
-162.200737,-69.032141,774,775,1014,1015
-162.299932,-68.933815,775,776,777,784,786,787,788,789,1013,1014
-163.765416,-67.533566,801,802,803,804,805,812,814
-163.566667,-67.5,802,803,892
-163.766667,-67.5,802,813,814
-163.565406,-67.531447,803,804,892,895
-163.533821,-67.534376,804,805,894,895
-163.531875,-67.566509,805,806,807,808,809,810,811,812,893,894
-163.499667,-67.700284,806,807,883,884
-163.500353,-67.566132,806,884,885,893
-163.001144,-69.268805,816,817,854,855,950,987
-162.633774,-69.367134,817,818,855,856,986
-162.832637,-69.265754,817,986,987,988,989,990,1003,1004
-161.967273,-69.499202,818,819,856,857,985
-162.332371,-69.39847,818,985,986,1003
-161.732871,-69.832595,819,820,857,858,859,873,874,984
-161.832585,-69.500676,819,984,985,1002,1003,1004,1005,1008,1009
-161.034117,-69.76539,820,821,858,983,1001,1002,1007,1008
-161.234123,-69.767241,820,984,1002
-161.198156,-69.800741,821,822,858,859,981,982
-161.033026,-69.799959,821,982,983
-161.800583,-69.966909,822,859,874,879,880,980
-161.73407,-69.96842,822,980,981
-160.33401,-69.933489,823,824,860,979
-160.666844,-69.899728,823,979,1001,1007
-160.733899,-69.999778,823,860,861,862,875,876,877,878,880,980,981,982,983,1001
-159.90014,-69.865718,824,825,826,860,861,978
-160.132915,-69.798917,824,978,979,1000,1006,1007,1008,1009,1010,1011
-159.633697,-69.86707,825,826,976,977
-159.768275,-69.798385,825,977,978,999,1000
-159.799974,-69.967427,826,827,861,862,976
-159.333182,-69.967782,827,828,829,862,863,875,975
-159.50152,-69.83256,827,975,976,977,998,999
-158.900349,-69.865751,828,829,974,996,997
-159.333433,-69.934113,828,975,997,998
-158.433455,-69.93263,829,830,831,863,974
-158.299128,-69.966134,830,831,972,973
-158.266993,-69.83238,830,973,974,995,996
-158.635131,-69.999649,831,863,864,865,866,867,868,869,870,875,876,971,972
-157.766536,-70.033953,832,833,834,835,836,837,838,864,865,970
-158.133941,-69.966101,832,970,971,972,973,994,995
-158.333457,-69.998996,832,864,971
-157.5,-70.033333,833,834,968,969
-157.766953,-70.000027,833,969,970,993,994
-159.666268,-70.533062,843,844,1321,1322,1323
-159.333471,-70.53277,844,868,869,1320,1321
-159.900275,-70.299795,845,870,876,877,1318,1319
-159.899532,-70.366834,845,1319,1320,1321,1323
-159.334473,-70.498852,845,869,870,1320
-159.964738,-70.56726,846,1316,1317,1318,1319,1322,1323
-160.132331,-70.498515,846,847,848,871,1317
-160.032711,-70.36568,871,877,878,1317,1318
-163.5,-67.5,885,886,892,893,894,895
-163.266667,-67.5,886,887,900,901
-163.199375,-67.699009,887,888,901,902
-163.000075,-67.899373,888,889,902,903
-162.732937,-67.899161,889,890,903,904,905,915
-162.700253,-67.834008,896,897,912,913,1637
-162.70008,-67.822467,896,1636,1637,1639,1640,1641,1642,1643,1644,1645,1646
-162.402083,-67.922916,896,911,912,1639
-162.772916,-67.797916,897,898,899,913,914,1638
-162.731012,-67.812041,897,1635,1636,1637,1638
-162.933388,-67.667507,898,899,917,918
-162.791986,-67.768494,898,916,918,1634,1635,1638
-163.067144,-67.667789,899,900,901,902,903,914,915,917
-163.133333,-67.5,900,916,917,918
-162.501532,-67.966089,905,906,907,908,909,910,911,912,913,914,915,1028,1029
-162.40007,-68.099275,906,907
-162.500991,-68.001935,906,1029,1030,1031,1032
-162.365904,-68.099396,907,908,1023,1024,1025,1027,1033,1038,1039
-162.26631,-68.100679,908,909,1034,1035,1036,1039,1040,1041
-161.767364,-68.099437,909,910,1034,1126,1127
-161.681744,-67.986306,910,911,1125,1126,1628,1639,1640
-162.96601,-67.5,916,1633,1634
-162.666165,-68.299036,919,920,921,922,923,943,944,1020,1021,1022,1026
-162.466032,-68.167739,920,921,1024,1025
-162.567709,-68.199633,920,1025,1026,1027
-162.400809,-68.233482,921,922,1024,1033
-162.33267,-68.29954,922,923,1033,1038,1048,1049,1050
-162.066725,-68.400397,923,924,925,926,944,948,949,1050
-161.833424,-68.199322,924,925,1036,1037,1040,1100,1101,1102,1103
-161.966032,-68.267031,924,1037,1049,1050
-161.43335,-68.334645,925,926,1103,1118
-161.333288,-68.333819,926,945,946,947,949,1118,1119,1186,1187
-160.667856,-68.198891,927,928,1189,1265
-160.832997,-68.132364,927,1188,1189,1190,1191,1214,1215
-160.833899,-68.199201,927,928,945,1187,1188
-160.867876,-68.566349,928,929,930,931,932,933,934,935,936,945,946,1265,1266,1267,1272
-160.833281,-68.833102,929,930,1249,1250,1260,1261,1262,1263,1264
-160.60019,-68.700244,929,1260,1271,1272
-160.900027,-68.833176,930,931,1140,1141,1249
-161.031803,-68.766734,931,932,1140
-161.300009,-68.83445,932,933,1139,1140,1141,1142,1143,1150,1151,1152,1153
-161.467208,-68.76559,933,934,1074,1075,1138,1139
-161.468001,-68.734178,934,935,1074
-161.667127,-68.733424,935,936,1073,1074,1075,1079,1080,1081
-161.732023,-68.666497,936,937,938,939,946,947,1073
-161.734121,-68.698839,937,1072,1073,1078,1079
-162.533424,-68.099631,1021,1022,1031,1032
-162.533671,-68.133756,1022,1023,1026,1027,1030,1031
-162.400071,-68.099275,1023,1030
-161.765911,-68.134378,1034,1035,1100,1101,1127,1128
-161.833008,-68.133003,1035,1036,1100
-162.132954,-68.165276,1037,1040,1041,1048,1049
-162.333119,-68.267314,1038,1039,1041,1048
-162.0,-67.5,1051,1052,1055,1082
-162.3,-67.5,1051,1644,1645
-162.300973,-67.567787,1051,1054,1055,1643,1644
-162.099212,-67.533932,1052,1053,1054,1055,1064,1065
-161.999844,-67.533965,1052,1063,1064,1082,1083
-162.199678,-67.566275,1053,1054,1066,1067,1642,1643
-162.097556,-67.566798,1053,1065,1066
-161.534105,-67.866815,1056,1057,1113,1114
-161.532117,-67.999473,1056,1114,1115,1631,1632
-161.532171,-67.999469,1056,1057,1068,1069,1124,1125,1628,1632
-161.799487,-67.799004,1057,1058,1069,1070,1112,1113
-161.865461,-67.732914,1058,1070,1071,1090,1096,1097
-161.666629,-67.734085,1058,1095,1096,1112
-161.800031,-67.600892,1059,1060,1091
-161.765898,-67.667779,1059,1090,1091,1097,1098,1099
-161.865961,-67.632901,1059,1060,1061,1062,1063,1064,1065,1066,1067,1071,1090
-161.833333,-67.5,1060,1061,1091,1092,1093,1098
-161.966667,-67.5,1061,1062,1082,1083
-161.966011,-67.53258,1062,1063,1083
-162.099761,-67.800182,1067,1068,1069,1070,1071,1641,1642
-161.668207,-67.968419,1068,1628,1640,1641
-161.534309,-68.800108,1075,1076,1080,1084,1085,1138
-161.534484,-68.866379,1085,1086,1138,1139,1150
-161.432789,-68.866021,1086,1087,1149,1150,1153
-161.365677,-69.035998,1087,1088,1130,1131,1149
-161.465382,-67.533144,1092,1093,1108,1230,1231,1232,1240
-161.466667,-67.5,1092,1230
-161.767167,-67.598681,1093,1094,1098,1099,1108,1109
-161.400469,-67.700521,1094,1095,1096,1097,1099,1110,1111
-161.632948,-67.600301,1094,1109,1110
-161.299831,-67.701486,1095,1111,1112,1113,1114,1115,1116,1117
-161.599471,-68.133149,1101,1102,1128,1129
-161.432967,-68.299553,1102,1103,1118,1119,1120,1129
-161.233084,-67.899764,1104,1105,1161,1162,1243,1244,1245,1246,1248
-161.500354,-67.998859,1104,1162,1163,1629,1630
-161.532046,-67.99948,1104,1105,1115,1116,1122,1123,1630,1631
-161.233389,-67.800958,1105,1106,1107,1116,1117,1243
-161.066676,-67.667644,1106,1107,1239,1244,1245
-161.166721,-67.801136,1106
-161.065472,-67.598764,1107,1108,1109,1110,1111,1117,1239,1240,1242
-161.399374,-68.098732,1119,1120,1185,1186
-161.466154,-68.099569,1120,1121,1122,1123,1124,1125,1126,1127,1128,1129,1184,1185
-161.465933,-68.005297,1121,1122,1164,1165,1170,1615,1629,1630
-161.465905,-68.065548,1121,1184,1615,1616
-161.532116,-67.999481,1123,1124,1631,1632
-161.067743,-68.99992,1131,1132,1149,1152,1153
-161.031067,-68.999589,1132,1133,1148,1151,1152
-161.033485,-69.09936,1133,1134,1135,1136,1137,1147,1148
-160.866545,-69.199756,1134,1146,1147
-160.933413,-68.999825,1141,1142,1249,1250,1258
-160.247916,-67.931249,1154,1173,1175,1625,1627
-160.309325,-67.91809,1154,1180,1181,1580,1625
-160.333557,-67.899591,1154,1166,1172,1174,1175,1580
-159.899061,-68.123166,1155,1156,1167,1599,1611,1612,1622,1623
-159.96875,-68.127083,1155,1623,1624
-160.127083,-68.097916,1155,1167,1168,1173,1624,1626,1627
-160.066007,-68.100142,1156,1157,1167,1168,1598,1606,1607,1609
-159.898997,-68.099178,1156,1599,1600,1601,1602,1603,1606
-160.233743,-67.832928,1157,1158,1168,1169,1173,1174,1175,1299,1300,1597
-160.065907,-68.065871,1157,1597,1598
-160.467543,-67.833177,1158,1159,1169,1234,1235,1301
-160.233639,-67.79917,1158,1300,1301,1302,1306
-160.731264,-67.865178,1159,1160,1161,1162,1163,1164,1169,1170,1171,1172,1174,1236
-160.734344,-67.80067,1159,1235,1236,1237,1238,1241
-161.033385,-67.867627,1160,1161,1247,1248
-160.999734,-67.867135,1160,1236,1237,1247
-161.465937,-67.99802,1163,1164,1629
-160.91875,-67.906249,1165,1170,1171,1613,1614
-161.360416,-68.014583,1165,1614,1615,1616,1617,1618,1619
-160.333596,-67.912889,1166,1181,1182,1580,1613,1614,1619
-160.364583,-67.906249,1166,1171,1172,1613
-159.533563,-68.168276,1176,1177,1178,1212,1227,1228,1229,1334
-159.533974,-68.102643,1176,1334,1335,1579,1581
-159.122567,-68.079516,1176,1212,1440,1441,1572,1577,1581,1582
-159.699816,-68.201096,1177,1178,1333
-159.701044,-68.166622,1177,1333,1334,1335,1336,1337,1338,1340
-159.867245,-68.298936,1178,1179,1213,1222,1223,1224,1228,1333,1339,1340
-160.20105,-68.166994,1179,1180,1181,1182,1183,1213,1620,1621,1622,1623,1624,1626
-159.93261,-68.198953,1179,1339,1620
-160.199863,-68.001656,1180,1625,1626,1627
-160.333655,-67.933235,1182,1183,1618,1619
-160.734383,-68.000213,1183,1213,1214,1215,1216,1222,1617,1618
-161.30102,-68.067392,1184,1185,1186,1187,1188,1214,1616,1617
-160.600287,-68.199819,1189,1190,1265,1266,1284
-160.466299,-68.167761,1190,1191,1284,1285
-160.468608,-68.133221,1191,1215,1216,1285,1286,1287,1288,1289,1294
-160.066845,-68.400652,1192,1193,1194,1217,1291,1311,1312
-160.234339,-68.232899,1192,1310,1311
-160.234048,-68.200454,1192,1216,1217,1222,1223,1286,1309,1310
-160.033772,-68.53409,1193,1194,1269,1270,1324
-160.066522,-68.53251,1193,1268,1269,1291,1292
-159.633372,-68.366156,1194,1195,1217,1218,1223,1224,1324,1325
-159.566291,-68.36606,1195,1196,1218,1403
-159.567092,-68.399233,1195,1199,1325,1326,1403,1404,1405,1406,1407,1408,1409
-159.334276,-68.168879,1196,1218,1224,1228,1229,1404,1405
-159.534885,-68.366677,1196,1403,1404
-159.165634,-68.267153,1197,1198,1219,1225,1407,1408
-159.234694,-68.26627,1197,1406,1407
-159.165555,-68.168491,1197,1225,1226,1227,1229
-159.333361,-68.399392,1198,1199,1200,1201,1202,1203,1219,1409
-159.33269,-68.332306,1198,1408,1409
-159.567168,-68.466362,1199,1200,1326,1327
-159.401616,-68.465963,1200,1201,1327,1328
-159.066616,-68.532719,1201,1202,1328,1329,1443
-158.965944,-68.466981,1202,1203,1443,1444
-158.633689,-68.332261,1203,1204,1205,1219,1220,1221,1225,1226,1444,1445,1474
-158.233104,-68.266488,1204,1205,1485
-158.233876,-68.367239,1204,1474,1475,1476,1485,1486,1487,1499,1500,1501,1502,1503,1504,1505,1506
-157.967032,-68.165619,1205,1206,1207,1208,1209,1220,1485,1486
-157.5,-68.1,1206,1207,1487,1488,1489,1500
-157.766613,-68.166993,1206,1486,1487
-157.5,-68.0,1207,1208,1508,1509,1510,1511,1512,1516
-158.033868,-68.166749,1208,1209,1507,1508
-158.266408,-68.200377,1209,1210,1211,1220,1221,1507
-158.534082,-68.06627,1210,1211,1514,1515,1572,1573,1574,1575,1576,1577
-158.433797,-68.065234,1210,1507,1508,1515,1516
-158.933529,-68.133905,1211,1212,1221,1226,1227,1572
-160.666667,-67.5,1230,1231,1282
-160.667179,-67.532816,1231,1232,1273,1282,1283
-160.700443,-67.63282,1232,1233,1234,1235,1240,1241,1242,1273,1279,1280
-160.466503,-67.799559,1233,1234,1277,1278,1301,1302
-160.499812,-67.700158,1233,1278,1279
-161.00119,-67.766487,1237,1238,1246,1247,1248
-160.899392,-67.699812,1238,1239,1241,1242,1245,1246
-161.166721,-67.801137,1243,1244
-160.367359,-69.033231,1250,1251,1258,1259,1264
-159.699639,-69.067263,1251,1252,1253,1254,1255,1256,1257,1259,1367,1368
-159.800455,-68.966968,1251,1263,1264,1367
-159.066664,-69.06531,1252,1368,1369,1382,1383
-159.867554,-68.633389,1260,1261,1270,1271,1324,1325,1326,1327,1328,1329,1330,1331,1332
-159.367479,-68.79984,1261,1262,1332,1365,1366
-159.199161,-68.965846,1262,1263,1366,1367,1368,1381,1382
-160.332121,-68.534018,1266,1267,1284,1285,1293,1294,1295,1296,1297
-160.199721,-68.531454,1267,1268,1269,1270,1271,1272,1293
-160.199542,-68.499187,1268,1292,1293,1297
-160.634812,-67.533563,1273,1274,1275,1280,1281,1283
-160.566667,-67.5,1274,1275,1298
-160.633333,-67.5,1274,1282,1283
-160.565452,-67.533325,1275,1276,1281,1298,1304
-160.500868,-67.63113,1276,1277,1278,1279,1280,1281,1303
-160.464927,-67.532598,1276,1303,1304,1305,1307
-160.364525,-67.633947,1277,1302,1303,1306,1307
-160.266561,-68.198857,1286,1287,1309
-160.26814,-68.266255,1287,1288,1308,1309,1310,1311,1312,1314,1315
-160.331785,-68.266563,1288,1289,1308
-160.333545,-68.366298,1289,1290,1294,1295,1308,1314
-160.298672,-68.466114,1290,1295,1296,1313
-160.266466,-68.367347,1290,1313,1314,1315
-160.166271,-68.468095,1291,1292,1296,1297,1312,1313,1315
-160.066667,-67.5,1298,1304,1305,1594,1595
-159.833632,-67.766671,1299,1596,1597,1598,1605,1608,1609,1610
-159.967005,-67.767989,1299,1300,1305,1306,1307,1595,1596
-159.069049,-68.567308,1329,1330,1413,1414,1443,1444,1445,1446,1448,1449,1450
-159.233928,-68.766244,1330,1331,1413
-159.233371,-68.799292,1331,1332,1364,1365,1413,1414,1432,1433
-159.553369,-68.103733,1335,1336,1579,1599,1600,1612
-159.733993,-68.134655,1336,1337,1611,1612
-159.899175,-68.165713,1337,1338,1611,1621,1622
-159.899436,-68.200532,1338,1339,1340,1620,1621
-159.801255,-67.898248,1341,1342,1343,1347,1348,1589
-159.898676,-67.900323,1341,1589,1590,1603,1606,1607
-159.898338,-68.000775,1341,1346,1347,1588,1602,1603
-159.73305,-67.866308,1342,1343,1399,1400
-159.80088,-67.866553,1342,1384,1385,1386,1400,1401,1589,1590
-159.732667,-67.899214,1343,1344,1348,1398,1399
-159.633099,-67.931872,1344,1345,1346,1347,1348,1396,1397
-159.632015,-67.899506,1344,1397,1398
-159.568483,-67.964937,1345,1346,1587,1588
-159.566358,-67.933276,1345,1395,1396,1586,1587
-159.766667,-67.5,1349,1350,1351,1352,1353,1354,1591
-159.9,-67.5,1349,1594
-159.901096,-67.532925,1349,1354,1593,1594,1595,1596,1604,1605
-159.799502,-67.600261,1350,1351,1592,1604,1605,1608
-159.765978,-67.599439,1350,1591,1608,1610
-159.79833,-67.566329,1351,1352,1592
-159.832739,-67.566139,1352,1353,1592,1593,1604
-159.832945,-67.53427,1353,1354,1593
-157.699601,-68.63158,1355,1356,1422,1423,1560
-157.5,-68.733333,1355,1559,1560
-157.5,-68.963155,1355,1356,1357,1358,1359,1360,1375,1376,1377
-157.866527,-68.534534,1356,1357,1423,1424
-157.934002,-68.667315,1357,1358,1424,1425
-158.100804,-68.66621,1358,1359,1425,1426,1427,1434,1435
-158.066221,-68.833193,1359,1360,1426
-158.467363,-68.833511,1360,1361,1377,1378,1426,1427
-158.631811,-68.832259,1361,1362,1363,1378,1379,1428
-158.400633,-68.666036,1361,1427,1428,1429,1435,1436,1437
-158.800464,-68.767167,1362,1363,1429,1430,1431,1432,1433,1436
-158.631836,-68.765909,1362,1428,1429
-158.732248,-68.899765,1363,1379,1380,1430
-159.133107,-68.80037,1364,1431,1432
-158.833342,-68.934314,1364,1365,1366,1380,1381,1430,1431
-157.564583,-68.968749,1376,1377,1378,1379,1380,1381,1382,1383
-159.5,-67.5,1384,1385,1410
-159.566667,-67.5,1384,1590,1591,1607,1609,1610
-159.531301,-67.600642,1385,1386,1410,1411,1412
-159.366358,-67.664763,1386,1401,1402,1412
-158.9,-67.5,1387,1388,1451
-159.233333,-67.5,1387,1410,1411
-159.268218,-67.598983,1387,1388,1389,1402,1411,1412
-158.900936,-67.535246,1388,1389,1451,1452
-158.867619,-67.533717,1389,1390,1391,1392,1393,1394,1395,1396,1397,1398,1399,1400,1401,1402,1452
-158.733333,-67.5,1390,1391,1464
-158.866667,-67.5,1390,1451,1452
-158.766088,-67.700429,1391,1392,1457,1458,1464,1465,1466,1467,1473
-158.766601,-67.833974,1392,1393,1458,1459,1460,1461,1462,1463
-158.79871,-67.833115,1393,1394,1459,1584,1585
-158.834808,-67.832771,1394,1395,1585,1586
-159.165556,-68.168491,1405,1406
-158.933427,-68.666652,1414,1415,1416,1417,1418,1433,1436,1437,1448
-158.800223,-68.533769,1415,1416,1447,1449,1450
-158.932073,-68.598787,1415,1448,1450
-158.531938,-68.566973,1416,1417,1447,1484,1498
-158.134733,-68.601267,1417,1418,1497,1498,1499,1506
-158.100153,-68.599523,1418,1434,1435,1437,1497
-157.5,-68.5,1419,1420,1558,1559
-157.5,-68.433333,1419,1495,1496
-158.000075,-68.433393,1419,1420,1421,1422,1423,1424,1425,1434,1496,1497,1505,1506
-157.666089,-68.500575,1420,1421,1558
-157.66548,-68.53234,1421,1422,1558,1559,1560
-159.165794,-68.034757,1438,1439,1583,1584,1585,1586,1587,1588,1601,1602
-158.599809,-67.968017,1438,1459,1460,1584
-158.501256,-67.966639,1438,1439,1440,1441,1442,1460,1461
-159.165413,-68.067189,1439,1440,1582,1583
-158.560416,-68.047916,1441,1442,1576,1577
-158.406286,-67.903624,1442,1461,1462,1571,1575,1576
-158.633503,-68.432756,1445,1446,1474,1476
-158.501038,-68.432149,1446,1447,1449,1475,1476,1484
-158.299769,-67.832948,1453,1454,1510,1511,1519,1520,1527,1528,1529,1530,1578
-158.352948,-67.868233,1453,1571,1574,1575,1578
-158.364583,-67.864583,1453,1454,1455,1462,1463,1571
-158.299667,-67.766007,1454,1455,1519,1531,1532,1538
-158.301225,-67.734226,1455,1456,1457,1458,1463,1531
-158.234183,-67.667352,1456,1457,1472,1473
-158.267203,-67.732147,1456,1471,1472,1531,1532
-158.6,-67.5,1464,1465,1477
-158.634352,-67.63384,1465,1466,1477,1478,1479,1483
-158.433025,-67.599527,1466,1467,1482,1483
-158.165084,-67.599998,1467,1468,1469,1470,1471,1472,1473,1481,1482
-157.866667,-67.5,1468,1469,1533,1534
-158.1,-67.5,1468,1480,1481
-158.067578,-67.600604,1469,1470,1533
-158.132724,-67.700754,1470,1471,1532,1533,1534,1535,1536,1537,1538
-158.299535,-68.532082,1475,1484,1498,1499
-158.466667,-67.5,1477,1478,1517
-158.466623,-67.532798,1478,1479,1517,1518
-158.366648,-67.533752,1479,1480,1481,1482,1483,1518
-158.366667,-67.5,1480,1517,1518
-157.599681,-68.301011,1488,1489,1540,1541
-157.5,-68.3,1488,1541,1542,1543,1544,1545,1546,1549
-157.833381,-68.299882,1489,1490,1500,1501,1540
-157.966635,-68.33282,1490,1501,1502,1539
-157.833991,-68.33302,1490,1539,1540,1541,1548,1549
-157.733108,-68.332777,1491,1492,1545,1546
-157.799627,-68.333802,1491,1546,1547,1548,1549
-157.799055,-68.366679,1491,1492,1493,1494,1503,1504,1547
-157.733138,-68.36503,1492,1493,1544,1545
-157.599696,-68.367296,1493,1494,1543,1544
-157.600639,-68.399803,1494,1495,1496,1504,1505,1542,1543
-157.5,-68.4,1495,1542
-157.966152,-68.365733,1502,1503,1539,1547,1548
-157.699606,-67.933427,1509,1510,1526,1527
-157.5,-67.9,1509,1525,1526
-158.339446,-67.872469,1511,1512,1513,1573,1574,1578
-157.939583,-67.997916,1512,1513,1514,1515,1516
-158.43295,-67.965607,1513,1514,1573
-158.166771,-67.766304,1519,1520,1537,1538
-157.966958,-67.698825,1520,1521,1528,1536,1537
-157.866428,-67.766898,1521,1522,1523,1528,1529,1550,1551,1555,1556,1557
-157.732941,-67.566295,1521,1535,1536,1550
-157.600422,-67.767287,1522,1523,1566,1567,1568
-157.700003,-67.766997,1522,1555,1561,1567
-157.59891,-67.799051,1523,1524,1529,1530,1566
-157.532719,-67.832614,1524,1525,1526,1527,1530,1569,1570
-157.53451,-67.799813,1524,1565,1566,1568,1569
-157.5,-67.833333,1525,1570
-157.6,-67.5,1534,1535,1550,1551
-157.5,-67.5,1551,1552,1553,1556
-157.599247,-67.732697,1552,1553,1562,1563
-157.5,-67.733333,1552,1563,1564
-157.665746,-67.631547,1553,1554,1556,1557,1562
-157.702374,-67.734096,1554,1555,1557,1561
-157.633209,-67.734659,1554,1561,1562,1563,1564,1565,1567,1568
-157.5,-67.8,1564,1565,1569,1570
-159.533988,-68.100415,1579,1581,1582,1583,1600,1601
-162.466667,-67.5,1633,1645,1646
-162.699252,-67.767295,1633,1634,1635,1636,1646