0,1,2,1,1,1,9220
3,2,4,1,0,1
5,4,6,1,0,1
7,8,9,1,1,1
10,9,11,1,0,1
12,11,13,1,0,1
14,13,15,1,0,1
16,15,17,1,0,1
18,19,20,1,1,1
21,22,23,1,1,1
24,23,25,1,0,1
26,25,27,1,0,1
28,29,30,1,1,1
31,32,33,1,1,1
34,33,35,1,0,1
36,35,37,1,0,1
38,37,39,1,0,1
40,41,42,1,1,1
43,44,45,1,1,1
46,45,47,1,0,1
48,47,49,1,0,1
50,51,52,1,1,1
53,52,54,1,0,1
55,56,57,1,1,1
58,59,60,1,1,1
61,60,62,1,0,1
63,64,65,1,1,1
6,65,66,0,0,1
17,66,67,0,0,1
39,30,68,0,0,1
42,68,69,0,0,1
49,69,70,0,0,1
54,70,71,0,0,1
62,57,72,0,0,1
67,73,74,0,1,1
20,74,75,0,0,1
71,27,76,0,0,1
75,72,77,0,0,1
78,77,76,1,0,0
79,80,81,1,1,1,46080
82,81,83,1,0,1
84,83,85,1,0,1
86,85,87,1,0,1
88,87,89,1,0,1
90,89,91,1,0,1
92,91,93,1,0,1
94,93,95,1,0,1
96,95,97,1,0,1
98,97,99,1,0,1
100,99,101,1,0,1
102,101,103,1,0,1
104,103,105,1,0,1
106,105,107,1,0,1
108,109,110,1,1,1
111,112,113,1,1,1
114,113,115,1,0,1
116,115,117,1,0,1
107,117,110,0,0,0
118,119,120,1,1,1,50176
121,120,122,1,0,1
123,122,124,1,0,1
125,126,127,1,1,1
128,129,130,1,1,1
131,132,133,1,1,1
134,133,135,1,0,1
136,137,138,1,1,1
139,138,140,1,0,1
141,140,142,1,0,1
143,144,145,1,1,1
146,147,148,1,1,1
149,150,151,1,1,1
152,151,153,1,0,1
154,155,156,1,1,1
157,158,159,1,1,1
160,161,162,1,1,1
163,164,165,1,1,1
166,165,167,1,0,1
111,167,168,0,0,1
108,112,169,0,0,1
106,109,170,0,0,1
104,170,171,0,0,1
102,171,172,0,0,1
100,172,173,0,0,1
98,173,174,0,0,1
96,174,175,0,0,1
92,94,176,0,0,1
88,90,177,0,0,1
86,177,178,0,0,1
82,84,179,0,0,1
124,79,180,0,0,1
127,180,181,0,0,1
130,181,182,0,0,1
135,182,183,0,0,1
142,183,184,0,0,1
145,184,185,0,0,1
148,185,186,0,0,1
153,186,187,0,0,1
156,187,188,0,0,1
159,189,190,0,1,1
162,190,191,0,0,1
168,191,192,0,0,1
169,192,193,0,0,1
175,193,194,0,0,1
176,194,195,0,0,1
178,195,196,0,0,1
179,196,188,0,0,0
197,198,199,1,1,1,33792
200,199,201,1,0,1
202,201,203,1,0,1
204,203,205,1,0,1
206,207,208,1,1,1
209,210,211,1,1,1
212,213,214,1,1,1
215,216,217,1,1,1
218,217,219,1,0,1
220,221,222,1,1,1
223,224,225,1,1,1
226,227,228,1,1,1
229,230,231,1,1,1
232,231,233,1,0,1
234,233,235,1,0,1
236,235,237,1,0,1
238,237,239,1,0,1
240,241,242,1,1,1
243,244,245,1,1,1
246,247,248,1,1,1
249,250,251,1,1,1
252,253,254,1,1,1
255,256,257,1,1,1
258,259,260,1,1,1
261,260,262,1,0,1
263,264,265,1,1,1
266,267,268,1,1,1
269,268,270,1,0,1
271,272,273,1,1,1
274,273,275,1,0,1
276,275,277,1,0,1
278,279,280,1,1,1
281,280,282,1,0,1
283,282,284,1,0,1
285,284,286,1,0,1
287,286,288,1,0,1
289,288,290,1,0,1
291,290,292,1,0,1
293,292,294,1,0,1
295,294,296,1,0,1
297,296,298,1,0,1
299,300,301,1,1,1
302,301,303,1,0,1
304,303,305,1,0,1
306,307,308,1,1,1
309,310,311,1,1,1
312,311,313,1,0,1
314,313,315,1,0,1
316,317,318,1,1,1
319,318,320,1,0,1
321,322,323,1,1,1
324,323,325,1,0,1
326,327,328,1,1,1
329,328,330,1,0,1
331,332,333,1,1,1
334,333,335,1,0,1
336,337,338,1,1,1
339,338,340,1,0,1
341,342,343,1,1,1
344,343,345,1,0,1
346,347,348,1,1,1
349,348,350,1,0,1
351,352,353,1,1,1
354,353,355,1,0,1
356,355,357,1,0,1
358,357,359,1,0,1
360,361,362,1,1,1
363,364,365,1,1,1
366,367,368,1,1,1
369,368,370,1,0,1
163,370,371,0,0,1
160,164,372,0,0,1
157,161,373,0,0,1
189,158,374,0,0,1
154,374,375,0,0,1
155,375,376,0,0,1
152,376,377,0,0,1
149,377,378,0,0,1
146,150,379,0,0,1
143,147,380,0,0,1
144,380,381,0,0,1
141,381,382,0,0,1
139,382,383,0,0,1
136,383,384,0,0,1
134,137,385,0,0,1
128,132,386,0,0,1
125,129,387,0,0,1
123,126,388,0,0,1
121,388,389,0,0,1
205,118,390,0,0,1
208,390,391,0,0,1
211,391,392,0,0,1
225,222,393,0,0,1
228,393,394,0,0,1
239,395,396,0,1,1
242,396,397,0,0,1
398,397,399,1,0,1
245,399,400,0,0,1
248,400,401,0,0,1
251,401,402,0,0,1
254,402,403,0,0,1
257,403,404,0,0,1
262,404,405,0,0,1
265,405,406,0,0,1
270,406,407,0,0,1
277,407,408,0,0,1
298,409,410,0,1,1
305,410,411,0,0,1
315,308,412,0,0,1
320,412,413,0,0,1
325,413,414,0,0,1
415,414,416,1,0,1
330,416,417,0,0,1
418,417,419,1,0,1
340,335,420,0,0,1
345,420,421,0,0,1
359,350,422,0,0,1
362,422,423,0,0,1
365,423,424,0,0,1
371,424,425,0,0,1
372,425,426,0,0,1
373,426,427,0,0,1
378,427,428,0,0,1
379,428,429,0,0,1
384,429,430,0,0,1
385,430,431,0,0,1
131,431,432,0,0,1
386,432,433,0,0,1
387,433,434,0,0,1
389,434,435,0,0,1
392,435,436,0,0,1
214,436,437,0,0,1
219,437,438,0,0,1
439,438,440,1,0,1
394,440,441,0,0,1
411,408,442,0,0,1
419,442,443,0,0,1
421,443,444,0,0,1
445,444,441,1,0,0
446,447,448,1,1,1,1025
449,450,451,1,1,1
452,451,453,1,0,1
454,453,455,1,0,1
456,455,457,1,0,1
216,458,459,0,1,1
212,459,460,0,0,1
213,460,461,0,0,1
209,461,462,0,0,1
463,462,464,1,0,1
465,466,467,1,1,1
468,469,470,1,1,1
471,472,473,1,1,1
202,474,475,0,1,1
200,475,476,0,0,1
448,197,477,0,0,1
478,477,479,1,0,1
480,479,481,1,0,1
482,481,483,1,0,1
457,483,484,0,0,1
464,484,485,0,0,1
467,485,486,0,0,1
470,486,487,0,0,1
473,487,476,0,0,0
488,489,490,1,1,1,1026
491,490,492,1,0,1
493,494,495,1,1,1
496,495,497,1,0,1
498,497,499,1,0,1
500,499,501,1,0,1
502,501,503,1,0,1
482,503,504,0,0,1
478,480,505,0,0,1
492,446,506,0,0,1
504,506,505,0,0,0
229,507,508,0,1,1,1027
509,508,510,1,0,1
494,511,512,0,1,1
491,512,513,0,0,1
488,513,510,0,0,0
514,515,516,1,1,1,1027
517,516,518,1,0,1
519,518,234,1,0,0
520,521,522,1,1,1,9220
523,524,525,1,1,1
526,525,527,1,0,1
528,529,530,1,1,1
531,530,532,1,0,1
533,532,534,1,0,1
535,536,537,1,1,1
538,537,539,1,0,1
540,541,542,1,1,1
543,542,544,1,0,1
545,546,547,1,1,1
548,549,550,1,1,1
551,550,552,1,0,1
553,552,554,1,0,1
555,554,556,1,0,1
557,556,558,1,0,1
559,560,561,1,1,1
562,561,563,1,0,1
564,563,565,1,0,1
566,565,567,1,0,1
568,567,569,1,0,1
570,569,571,1,0,1
572,571,573,1,0,1
574,573,575,1,0,1
576,577,578,1,1,1
514,578,579,0,0,1
522,579,580,0,0,1
527,580,581,0,0,1
582,581,583,1,0,1
544,539,584,0,0,1
547,584,585,0,0,1
558,585,586,0,0,1
587,586,588,1,0,1
583,575,589,0,0,1
534,589,588,0,0,0
590,591,592,1,1,1,17413
593,592,594,1,0,1
526,582,595,0,0,1
523,595,596,0,0,1
520,524,597,0,0,1
594,597,598,0,0,1
529,598,596,0,0,0
599,600,601,1,1,1,13315
602,601,603,1,0,1
604,603,605,1,0,1
606,607,608,1,1,1
528,608,609,0,0,1
593,609,610,0,0,1
590,610,605,0,0,0
611,612,613,1,1,1,9220
614,615,616,1,1,1
607,616,617,0,0,1
604,617,618,0,0,1
602,618,619,0,0,1
599,619,620,0,0,1
621,620,613,1,0,0
622,611,623,1,0,1,1027
624,625,626,1,1,1
627,628,629,1,1,1
536,629,630,0,0,1
533,630,631,0,0,1
531,631,632,0,0,1
606,632,633,0,0,1
614,633,634,0,0,1
623,615,635,0,0,1
626,635,636,0,0,1
637,636,638,1,0,1
639,638,634,1,0,0
517,519,640,0,0,1,1026
576,640,641,0,0,1
642,641,643,1,0,1
572,644,645,0,1,1
570,645,646,0,0,1
647,568,648,1,0,1
649,648,650,1,0,1
651,652,653,1,1,1
557,654,655,0,1,1
555,655,656,0,0,1
657,656,658,1,0,1
659,658,660,1,0,1
661,660,662,1,0,1
663,664,665,1,1,1
666,665,667,1,0,1
668,669,670,1,1,1
236,671,672,0,1,1
643,672,673,0,0,1
646,674,675,0,1,1
662,653,676,0,0,1
667,676,677,0,0,1
673,670,678,0,0,1
675,678,679,0,0,1
677,650,680,0,0,1
681,680,682,1,0,1
683,682,679,1,0,0
574,577,684,0,0,1,1027
644,684,685,0,0,1
674,685,642,0,0,0
230,509,686,0,0,1,9220
687,686,688,1,0,1
689,688,690,1,0,1
691,690,692,1,0,1
693,692,694,1,0,1
695,694,696,1,0,1
493,696,511,0,0,0
668,671,697,0,0,1,1025
683,669,698,0,0,1
681,698,699,0,0,1
666,699,700,0,0,1
661,664,701,0,0,1
702,703,704,1,1,1
705,704,706,1,0,1
707,706,708,1,0,1
709,710,711,1,1,1
712,711,713,1,0,1
714,713,715,1,0,1
716,717,718,1,1,1
719,720,721,1,1,1
722,723,724,1,1,1
725,726,727,1,1,1
728,727,729,1,0,1
730,729,731,1,0,1
732,733,734,1,1,1
735,734,736,1,0,1
737,738,739,1,1,1
740,741,742,1,1,1
743,272,744,1,0,1
745,744,746,1,0,1
747,746,748,1,0,1
749,750,751,1,1,1
266,751,752,0,0,1
753,752,754,1,0,1
261,264,755,0,0,1
258,755,756,0,0,1
757,756,758,1,0,1
759,758,760,1,0,1
761,760,762,1,0,1
763,764,765,1,1,1
766,767,768,1,1,1
253,768,769,0,0,1
770,249,771,1,0,1
772,773,774,1,1,1
775,776,777,1,1,1
247,777,778,0,0,1
779,778,780,1,0,1
781,782,783,1,1,1
784,785,786,1,1,1
240,787,788,0,1,1
238,241,789,0,0,1
697,789,790,0,0,1
700,790,791,0,0,1
701,663,792,0,0,1
708,792,793,0,0,1
718,715,794,0,0,1
731,724,795,0,0,1
736,795,796,0,0,1
797,796,798,1,0,1
739,798,799,0,0,1
748,742,800,0,0,1
801,800,802,1,0,1
754,803,804,0,1,1
805,804,806,1,0,1
807,806,808,1,0,1
771,769,809,0,0,1
774,809,810,0,0,1
780,811,812,0,1,1
783,812,813,0,0,1
786,813,814,0,0,1
791,788,815,0,0,1
793,815,816,0,0,1
799,721,817,0,0,1
802,817,818,0,0,1
810,819,820,0,1,1
816,814,821,0,0,1
794,821,822,0,0,1
818,823,824,0,1,1
808,824,825,0,0,1
762,825,826,0,0,1
765,826,827,0,0,1
820,827,822,0,0,0
395,687,828,0,0,1,33794
226,828,829,0,0,1
227,829,830,0,0,1
223,830,831,0,0,1
496,832,833,0,1,1
695,833,834,0,0,1
693,834,835,0,0,1
691,835,836,0,0,1
689,836,831,0,0,0
624,637,837,0,0,1,1028
838,625,839,1,0,1
627,535,840,0,0,1
639,628,841,0,0,1
837,841,842,0,0,1
839,842,840,0,0,0
654,587,843,0,0,1,9221
651,843,844,0,0,1
559,845,846,0,1,1
560,846,844,0,0,0
224,832,847,0,0,1,9219
220,847,848,0,0,1
849,848,498,1,0,0
564,566,850,0,0,1,1027
845,562,851,0,0,1
652,851,852,0,0,1
649,852,853,0,0,1
647,853,850,0,0,0
854,543,855,1,0,1,1026
856,855,857,1,0,1
858,859,860,1,1,1
861,862,863,1,1,1
864,863,865,1,0,1
866,865,867,1,0,1
868,867,869,1,0,1
549,869,870,0,0,1
857,546,871,0,0,1
870,860,872,0,0,1
545,872,871,0,0,0
540,854,873,0,0,1,1027
874,541,875,1,0,1
858,862,876,0,0,1
856,859,877,0,0,1
873,877,878,0,0,1
875,878,876,0,0,0
221,849,879,0,0,1,1027
880,879,500,1,0,0
784,787,881,0,0,1,37888
781,785,882,0,0,1
779,782,883,0,0,1
243,883,884,0,0,1
398,244,885,0,0,1
881,885,886,0,0,1
882,886,884,0,0,0
887,502,888,1,0,1,1027
889,890,891,1,1,1
892,891,893,1,0,1
452,893,894,0,0,1
449,894,895,0,0,1
888,450,896,0,0,1
897,896,895,1,0,0
439,880,898,0,0,1,1026
458,215,899,0,0,1
456,899,900,0,0,1
892,454,901,0,0,1
889,901,902,0,0,1
897,890,903,0,0,1
887,903,904,0,0,1
898,904,905,0,0,1
218,905,906,0,0,1
900,906,902,0,0,0
907,864,908,1,0,1,1027
909,910,911,1,1,1
912,913,914,1,1,1
915,916,917,1,1,1
918,917,919,1,0,1
920,919,921,1,0,1
922,923,924,1,1,1
925,924,926,1,0,1
927,928,929,1,1,1
548,929,930,0,0,1
908,866,931,0,0,1
932,931,933,1,0,1
921,914,934,0,0,1
926,934,935,0,0,1
930,935,936,0,0,1
933,868,937,0,0,1
911,937,938,0,0,1
939,938,936,1,0,0
553,657,940,0,0,1,9219
927,551,941,0,0,1
942,941,943,1,0,1
944,943,945,1,0,1
702,945,946,0,0,1
703,946,947,0,0,1
659,947,940,0,0,0
948,932,949,1,0,1,1028
912,916,950,0,0,1
939,913,951,0,0,1
909,951,952,0,0,1
910,952,953,0,0,1
949,953,950,0,0,0
925,928,954,0,0,1,1026
920,923,955,0,0,1
918,955,956,0,0,1
957,958,959,1,1,1
960,961,962,1,1,1
730,733,963,0,0,1
728,963,964,0,0,1
722,726,965,0,0,1
714,965,966,0,0,1
712,966,967,0,0,1
709,967,968,0,0,1
707,710,969,0,0,1
705,969,970,0,0,1
944,970,971,0,0,1
942,971,972,0,0,1
954,972,973,0,0,1
959,956,974,0,0,1
975,974,976,1,0,1
964,962,977,0,0,1
973,968,978,0,0,1
922,978,979,0,0,1
977,976,980,0,0,1
725,980,979,0,0,0
471,474,981,0,0,1,37888
468,472,982,0,0,1
465,469,983,0,0,1
463,466,984,0,0,1
210,984,985,0,0,1
206,985,986,0,0,1
204,207,987,0,0,1
981,987,988,0,0,1
982,988,989,0,0,1
983,989,986,0,0,0
772,811,990,0,0,1,37888
770,773,991,0,0,1
250,991,992,0,0,1
246,992,993,0,0,1
775,993,994,0,0,1
776,994,990,0,0,0
763,819,995,0,0,1,37888
761,764,996,0,0,1
759,996,997,0,0,1
259,757,998,0,0,1
255,998,999,0,0,1
256,999,1000,0,0,1
252,1000,1001,0,0,1
766,1001,1002,0,0,1
767,1002,1003,0,0,1
995,1003,997,0,0,0
1004,957,1005,1,0,1,1027
961,1005,975,0,0,0
719,723,1006,0,0,1,1026
720,1006,1007,0,0,1
716,823,1008,0,0,1
717,1008,1007,0,0,0
805,807,1009,0,0,1,37888
753,1009,1010,0,0,1
267,1010,263,0,0,0
1011,735,1012,1,0,1,1026
737,741,1013,0,0,1
738,1013,1014,0,0,1
797,1014,1012,0,0,0
801,803,1015,0,0,1,37888
747,1015,1016,0,0,1
745,1016,1017,0,0,1
269,743,1018,0,0,1
749,1018,1019,0,0,1
750,1019,1017,0,0,0
274,276,1020,0,0,1,34304
1021,1020,1022,1,0,1
279,1022,409,0,0,0
293,295,1023,0,0,1,37888
1024,1023,1025,1,0,1
1026,1025,1027,1,0,1
1028,1027,1029,1,0,1
1030,1031,1032,1,1,1
299,1032,1033,0,0,1
300,1033,1034,0,0,1
297,1034,1029,0,0,0
1035,289,1036,1,0,1,1025
1037,1038,1039,1,1,1
1040,1039,1041,1,0,1
1026,1041,1042,0,0,1
1024,1042,1043,0,0,1
291,1043,1036,0,0,0
1040,1028,1044,0,0,1,1026
1037,1044,1045,0,0,1
1035,1038,1046,0,0,1
287,1046,1047,0,0,1
1048,1047,1049,1,0,1
1050,1049,1051,1,0,1
1052,1051,1053,1,0,1
1054,1053,1055,1,0,1
1056,1057,1058,1,1,1
1059,1058,1060,1,0,1
1061,1062,1063,1,1,1
1064,1065,1066,1,1,1
1067,1068,1069,1,1,1
1070,1069,1071,1,0,1
1072,1073,1074,1,1,1
1075,1074,1076,1,0,1
1077,1078,1079,1,1,1
8,1080,1081,0,1,1
5,1081,1082,0,0,1
1083,1084,1085,1,1,1
1086,1085,1087,1,0,1
1088,1089,1090,1,1,1
1091,1092,1093,1,1,1
1094,1095,1096,1,1,1
1097,1096,1098,1,0,1
1099,1098,1100,1,0,1
1101,1100,1102,1,0,1
1103,1104,1105,1,1,1
1106,1105,1107,1,0,1
1108,1109,1110,1,1,1
1111,1110,1112,1,0,1
1113,1112,1114,1,0,1
1115,1114,1116,1,0,1
1117,1116,1118,1,0,1
316,1118,1119,0,0,1
314,317,1120,0,0,1
1121,312,1122,1,0,1
1123,1124,1125,1,1,1
1126,1127,1128,1,1,1
302,1129,1130,0,1,1
1030,1130,1131,0,0,1
1045,1031,1132,0,0,1
1071,1066,1133,0,0,1
1076,1133,1134,0,0,1
1079,1134,1135,0,0,1
1082,1135,1136,0,0,1
1137,1136,1138,1,0,1
1102,1139,1140,0,1,1
1119,1107,1141,0,0,1
1120,1141,1142,0,0,1
1122,1142,1143,0,0,1
1131,1144,1145,0,1,1
1132,1145,1146,0,0,1
1055,1146,1147,0,0,1
1138,1063,1148,0,0,1
1143,1140,1149,0,0,1
1147,1128,1150,0,0,1
1148,1060,1151,0,0,1
1087,1151,1152,0,0,1
1149,1093,1153,0,0,1
1152,1150,1154,0,0,1
1153,1155,1156,0,1,1
1125,1156,1157,0,0,1
1154,1158,1159,0,1,1
1090,1159,1157,0,0,0
1129,304,1160,0,0,1,1027
1144,1160,1161,0,0,1
1126,1161,1162,0,0,1
1158,1127,1163,0,0,1
1121,1124,1164,0,0,1
309,1164,1165,0,0,1
310,1165,1166,0,0,1
1167,1166,1168,1,0,1
1169,1168,1170,1,0,1
1171,1170,1172,1,0,1
1173,1174,1175,1,1,1
1176,1177,1178,1,1,1
307,1178,1179,0,0,1
1162,1179,1180,0,0,1
1172,1123,1181,0,0,1
1175,1181,1182,0,0,1
1180,1183,1184,0,1,1
1163,1184,1182,0,0,0
1183,1177,1185,0,0,1,1028
1171,1174,1186,0,0,1
1167,1169,1187,0,0,1
306,1187,1188,0,0,1
1176,1188,1189,0,0,1
1185,1189,1190,0,0,1
1173,1190,1186,0,0,0
1191,281,1192,1,0,1,37888
1193,1192,1194,1,0,1
1195,1194,1196,1,0,1
1056,1196,1197,0,0,1
1057,1197,1198,0,0,1
1054,1198,1199,0,0,1
1052,1199,1200,0,0,1
1050,1200,1201,0,0,1
285,1048,1202,0,0,1
283,1202,1201,0,0,0
1083,1086,1203,0,0,1,1027
1137,1084,1204,0,0,1
3,1204,1205,0,0,1
1206,1205,1207,1,0,1
1208,1207,1209,1,0,1
1210,1211,1212,1,1,1
73,64,1213,0,0,1
61,1213,1214,0,0,1
55,59,1215,0,0,1
1216,1215,1217,1,0,1
1218,1217,1219,1,0,1
1220,1219,1221,1,0,1
1222,1223,1224,1,1,1
51,1225,1226,0,1,1
1227,48,1228,1,0,1
1229,1228,1230,1,0,1
1231,1230,1232,1,0,1
1233,1232,1234,1,0,1
1235,1236,1237,1,1,1
1238,1237,1239,1,0,1
1240,1241,1242,1,1,1
1243,1242,1244,1,0,1
1245,1244,1246,1,0,1
1247,1246,1248,1,0,1
1249,1250,1251,1,1,1
1252,1251,1253,1,0,1
1254,1253,1255,1,0,1
1256,1257,1258,1,1,1
1259,1260,1261,1,1,1
1262,1261,1263,1,0,1
1264,1263,1265,1,0,1
1266,1265,1267,1,0,1
1268,1269,1270,1,1,1
1271,1272,1273,1,1,1
1274,1275,1276,1,1,1
1277,1278,1279,1,1,1
1280,1279,1281,1,0,1
1282,1283,1284,1,1,1
1285,1284,1286,1,0,1
1287,1286,1288,1,0,1
1289,1288,1290,1,0,1
1291,1290,1292,1,0,1
1293,1292,1294,1,0,1
1295,1294,1296,1,0,1
1297,1296,1298,1,0,1
1299,1298,1300,1,0,1
1301,1300,1302,1,0,1
1303,1304,1305,1,1,1
1111,1305,1306,0,0,1
1307,1306,1308,1,0,1
1309,1308,1310,1,0,1
1311,1310,1312,1,0,1
1313,1314,1315,1,1,1
1316,1317,1318,1,1,1
1109,1318,1319,0,0,1
1106,1319,1320,0,0,1
1103,1320,1321,0,0,1
1101,1104,1322,0,0,1
1099,1322,1323,0,0,1
1139,1095,1324,0,0,1
1091,1324,1325,0,0,1
1092,1325,1326,0,0,1
1155,1326,1327,0,0,1
1088,1327,1328,0,0,1
1203,1089,1329,0,0,1
1209,1329,1330,0,0,1
1212,1330,1331,0,0,1
1332,1331,1333,1,0,1
63,1333,1334,0,0,1
1221,58,1335,0,0,1
1224,1335,1336,0,0,1
1234,1226,1337,0,0,1
1239,1337,1338,0,0,1
1248,1339,1340,0,1,1
1255,1340,1341,0,0,1
1267,1342,1343,0,1,1
1270,1343,1344,0,0,1
1273,1344,1345,0,0,1
1281,1276,1346,0,0,1
1315,1347,1348,0,1,1
1321,1349,1350,0,1,1
1323,1350,1351,0,0,1
1328,1094,1352,0,0,1
1334,1352,1353,0,0,1
1336,1214,1354,0,0,1
1338,1355,1356,0,1,1
1341,1357,1358,0,1,1
1345,1258,1359,0,0,1
1360,1359,1361,1,0,1
1346,1361,1362,0,0,1
1351,1363,1364,0,1,1
1097,1364,1365,0,0,1
1362,1358,1366,0,0,1
1367,1366,1368,1,0,1
1302,1368,1369,0,0,1
1365,1370,1371,0,1,1
1353,1371,1372,0,0,1
1369,1356,1373,0,0,1
1374,1373,1375,1,0,1
1312,1375,1376,0,0,1
1372,1348,1377,0,0,1
1354,1377,1376,0,0,0
1193,1195,1378,0,0,1,1025
1379,1378,1380,1,0,1
1064,1380,1381,0,0,1
1061,1065,1382,0,0,1
1062,1382,1383,0,0,1
1059,1383,1381,0,0,0
1206,1208,1384,0,0,1,1028
0,1384,1385,0,0,1
1332,1,1386,0,0,1
1210,1386,1387,0,0,1
1211,1387,1385,0,0,0
1370,1363,1388,0,0,1,1028
1313,1388,1389,0,0,1
1347,1314,1390,0,0,1
1311,1390,1391,0,0,1
1309,1391,1392,0,0,1
1307,1392,1393,0,0,1
1108,1393,1394,0,0,1
1316,1394,1395,0,0,1
1317,1395,1396,0,0,1
1349,1396,1389,0,0,0
1397,1070,1398,1,0,1,1539
1399,1400,1401,1,1,1
1402,1401,1403,1,0,1
1404,1403,1405,1,0,1
1406,1405,1407,1,0,1
1408,1409,1410,1,1,1
1411,1410,1412,1,0,1
1078,1412,1413,0,0,1
1075,1413,1414,0,0,1
1072,1414,1415,0,0,1
1073,1415,1416,0,0,1
1398,1416,1407,0,0,0
1417,1067,1418,1,0,1,1025
1400,1418,1397,0,0,0
1115,1117,1419,0,0,1,1025
1420,1113,1421,1,0,1
1422,1423,1424,1,1,1
1425,1426,1427,1,1,1
1428,1429,1430,1,1,1
1431,1432,1433,1,1,1
1434,1435,1436,1,1,1
1437,1438,1439,1,1,1
1440,1441,1442,1,1,1
1443,1442,1444,1,0,1
1445,1446,1447,1,1,1
1448,1449,1450,1,1,1
1451,1452,1453,1,1,1
1454,1455,1456,1,1,1
1457,1456,1458,1,0,1
1459,1458,1460,1,0,1
1461,1462,1463,1,1,1
1464,1463,1465,1,0,1
1466,1467,1468,1,1,1
1469,1470,1471,1,1,1
1472,1473,1474,1,1,1
1475,1476,1477,1,1,1
356,1478,1479,0,1,1
354,1479,1480,0,0,1
349,352,1481,0,0,1
445,347,1482,0,0,1
344,1482,1483,0,0,1
341,1483,1484,0,0,1
1485,1484,1486,1,0,1
1487,1486,1488,1,0,1
1489,1490,1491,1,1,1
1492,1493,1494,1,1,1
336,1494,1495,0,0,1
337,1495,1496,0,0,1
334,1496,1497,0,0,1
1498,1497,1499,1,0,1
1500,1501,1502,1,1,1
1503,1504,1505,1,1,1
418,332,1506,0,0,1
329,1506,1507,0,0,1
326,1507,1508,0,0,1
415,327,1509,0,0,1
324,1509,1510,0,0,1
321,1510,1511,0,0,1
319,322,1512,0,0,1
1419,1512,1513,0,0,1
1421,1513,1514,0,0,1
1424,1514,1515,0,0,1
1427,1515,1516,0,0,1
1430,1516,1517,0,0,1
1436,1433,1518,0,0,1
1439,1518,1519,0,0,1
1450,1447,1520,0,0,1
1521,1520,1522,1,0,1
1453,1523,1524,0,1,1
1465,1460,1525,0,0,1
1468,1525,1526,0,0,1
1471,1526,1527,0,0,1
1474,1527,1528,0,0,1
1477,1528,1529,0,0,1
1480,1529,1530,0,0,1
351,1530,1531,0,0,1
1481,1531,1532,0,0,1
1488,346,1533,0,0,1
1499,1534,1535,0,1,1
1502,1535,1536,0,0,1
1505,1536,1537,0,0,1
1508,1538,1539,0,1,1
1511,1539,1540,0,0,1
1519,1517,1541,0,0,1
1522,1444,1542,0,0,1
1524,1542,1543,0,0,1
1533,1532,1544,0,0,1
1491,1544,1545,0,0,1
1537,1545,1546,0,0,1
1541,1540,1547,0,0,1
1548,1547,1549,1,0,1
1543,1549,1546,0,0,0
1411,1077,1550,0,0,1,1027
1551,1408,1552,1,0,1
1553,1552,1554,1,0,1
1555,1554,1556,1,0,1
1557,1556,1558,1,0,1
1559,1560,1561,1,1,1
7,1561,1562,0,0,1
1080,1562,1563,0,0,1
1550,1563,1558,0,0,0
1564,1402,1565,1,0,1,1538
1409,1551,1566,0,0,1
1406,1566,1567,0,0,1
1404,1567,1565,0,0,0
1568,1569,1570,1,1,1,9221
1571,1572,1573,1,1,1
1574,1573,1575,1,0,1
1576,1575,1577,1,0,1
1578,1577,1579,1,0,1
1580,1579,1581,1,0,1
1582,1581,1583,1,0,1
1584,1583,1570,1,0,0
1585,1586,1587,1,1,1,1026
1588,1589,1590,1,1,1
1591,1592,1593,1,1,1
1594,1593,1595,1,0,1
1596,1597,1598,1,1,1
1555,1598,1599,1,0,1
1557,1599,1600,1,0,1
1560,1600,1601,1,0,1
10,1559,1602,1,1,1
1603,12,1604,1,1,1
1605,1604,1606,1,0,1
1607,1606,1608,1,0,1
1609,1608,1610,1,0,1
1611,1612,1613,1,1,1
1614,1613,1615,1,0,1
1616,1615,1617,1,0,1
1618,1617,1619,1,0,1
1587,1619,1620,0,0,1
1595,1590,1621,0,0,1
1601,1621,1622,0,0,1
1602,1622,1623,0,0,1
1610,1623,1620,0,0,0
1624,1625,1626,1,1,1,1025
1594,1597,1627,0,0,1
1591,1627,1626,0,0,0
1628,16,1629,1,0,1,9221
1630,1629,1631,1,0,1
1632,1633,1634,1,1,1
1635,1634,1636,1,0,1
1637,1636,1638,1,0,1
1639,1638,1640,1,0,1
1641,1642,1643,1,1,1
1644,1643,1645,1,0,1
1646,1645,1647,1,0,1
1648,1649,1650,1,1,1
1651,1650,1652,1,0,1
1653,1654,1655,1,1,1
1656,1655,1657,1,0,1
1658,1659,1660,1,1,1
1661,1660,1662,1,0,1
1663,1662,1664,1,0,1
1665,1664,1666,1,0,1
1667,1666,1668,1,0,1
1669,1668,1670,1,0,1
1671,1670,1672,1,0,1
1673,1672,1674,1,0,1
1675,1676,1677,1,1,1
36,1677,1678,0,0,1
34,1678,1679,0,0,1
78,22,1680,0,0,1
18,1680,1681,0,0,1
19,1681,1682,0,0,1
1631,1682,1683,0,0,1
1684,1683,1685,1,0,1
1640,1685,1686,0,0,1
1687,1686,1688,1,0,1
1657,1652,1689,0,0,1
1674,1689,1690,0,0,1
1679,1690,1691,0,0,1
1688,1692,1693,0,1,1
1647,1693,1694,0,0,1
1695,1694,1691,1,0,0
1303,1420,1696,0,0,1,1026
1374,1304,1697,0,0,1
1301,1697,1698,0,0,1
1299,1698,1699,0,0,1
1297,1699,1700,0,0,1
1293,1295,1701,0,0,1
1289,1291,1702,0,0,1
1285,1287,1703,0,0,1
1367,1283,1704,0,0,1
1280,1704,1705,0,0,1
1277,1705,1706,0,0,1
1274,1278,1707,0,0,1
1360,1275,1708,0,0,1
1271,1708,1709,0,0,1
1268,1272,1710,0,0,1
1266,1269,1711,0,0,1
1262,1264,1712,0,0,1
1713,1712,1714,1,0,1
1464,1467,1715,0,0,1
1461,1715,1716,0,0,1
1459,1462,1717,0,0,1
1457,1717,1718,0,0,1
1451,1455,1719,0,0,1
1523,1452,1720,0,0,1
1521,1720,1721,0,0,1
1448,1721,1722,0,0,1
1445,1449,1723,0,0,1
1443,1446,1724,0,0,1
1440,1724,1725,0,0,1
1437,1548,1726,0,0,1
1438,1726,1727,0,0,1
1434,1727,1728,0,0,1
1435,1728,1729,0,0,1
1428,1432,1730,0,0,1
1425,1429,1731,0,0,1
1422,1426,1732,0,0,1
1696,1423,1733,0,0,1
1700,1733,1734,0,0,1
1701,1734,1735,0,0,1
1703,1702,1736,0,0,1
1706,1282,1737,0,0,1
1709,1707,1738,0,0,1
1714,1711,1739,0,0,1
1716,1739,1740,0,0,1
1718,1740,1741,0,0,1
1454,1741,1742,0,0,1
1719,1742,1743,0,0,1
1722,1743,1744,0,0,1
1723,1744,1745,0,0,1
1729,1441,1746,0,0,1
1730,1431,1747,0,0,1
1732,1731,1748,0,0,1
1735,1748,1749,0,0,1
1736,1749,1750,0,0,1
1737,1750,1751,0,0,1
1745,1710,1752,0,0,1
1725,1752,1753,0,0,1
1746,1753,1754,0,0,1
1751,1747,1755,0,0,1
1738,1755,1754,0,0,0
1218,1220,1756,0,0,1,1028
56,1216,1757,0,0,1
53,1757,1758,0,0,1
50,1758,1759,0,0,1
1225,1759,1760,0,0,1
1355,1760,1761,0,0,1
1222,1761,1762,0,0,1
1223,1762,1756,0,0,0
14,1628,1763,0,0,1,13315
1764,1603,1765,1,1,1
1632,1765,1766,0,0,1
1633,1766,1767,0,0,1
1684,1767,1768,0,0,1
1630,1768,1763,0,0,0
1605,1764,1769,1,0,1,9218
1609,1607,1770,1,1,1
1771,1770,1772,1,0,1
1773,1772,1774,1,0,1
1775,1774,1776,1,0,1
1637,1776,1777,0,0,1
1635,1777,1769,0,0,0
31,1692,1778,0,0,1,1028
32,1778,1779,0,0,1
28,1779,1780,0,0,1
29,1780,1781,0,0,1
26,1781,1782,0,0,1
24,1782,21,0,0,0
1775,1639,1783,0,0,1,9220
1784,1773,1785,1,0,1
1786,1785,1787,1,0,1
1687,1787,1783,0,0,0
1788,1789,1790,1,1,1,1027
1791,1792,1793,1,1,1
1794,1795,1796,1,1,1
1797,1796,1798,1,0,1
1790,1798,1793,0,0,0
1794,1799,1800,0,1,1,9220
1795,1800,1801,0,0,1
1791,1801,1802,0,0,1
1803,1802,1804,1,0,1
1805,1806,1807,1,1,1
1808,1807,1809,1,0,1
1810,1809,1811,1,0,1
1812,1813,1814,1,1,1
1815,1816,1817,1,1,1
1818,1817,1819,1,0,1
1820,1819,1821,1,0,1
1804,1821,1822,0,0,1
1814,1811,1823,0,0,1
1824,1823,1822,1,0,0
1612,1771,1825,1,0,1,9219
1642,1826,1827,0,1,1
1786,1827,1828,0,0,1
1784,1828,1825,0,0,0
1675,38,1829,0,0,1,13316
1673,1676,1830,0,0,1
1669,1671,1831,0,0,1
1832,1831,1833,1,0,1
1834,1833,1835,1,0,1
43,1835,1836,0,0,1
44,1836,1837,0,0,1
40,1837,1838,0,0,1
1829,41,1839,0,0,1
1830,1839,1838,0,0,0
1840,1792,1841,1,0,1,1539
1806,1841,1803,0,0,0
1503,1538,1842,0,0,1,37888
1504,1842,1843,0,0,1
1500,1843,1844,0,0,1
1501,1844,1845,0,0,1
1498,1845,331,0,0,0
1834,46,1846,0,0,1,9221
1847,1846,1848,1,0,1
1849,1850,1851,1,1,1
1852,1853,1854,1,1,1
1229,1854,1855,0,0,1
1227,1855,1856,0,0,1
1848,1856,1851,0,0,0
1812,1824,1857,0,0,1,13316
1810,1813,1858,0,0,1
1808,1858,1859,0,0,1
1860,1861,1862,1,1,1
1863,1862,1864,1,0,1
1865,1866,1867,1,1,1
1868,1869,1870,1,1,1
1871,1872,1873,1,1,1
1816,1873,1874,0,0,1
1864,1859,1875,0,0,1
1867,1875,1876,0,0,1
1874,1870,1877,0,0,1
1857,1877,1876,0,0,0
1611,1826,1878,1,0,1,9220
1649,1879,1880,0,1,1
1646,1695,1881,0,0,1
1644,1881,1882,0,0,1
1878,1641,1883,0,0,1
1880,1883,1882,0,0,0
1871,1815,1884,0,0,1,9221
1868,1872,1885,0,0,1
1865,1869,1886,0,0,1
1863,1866,1887,0,0,1
1888,1887,1889,1,0,1
1890,1889,1891,1,0,1
1892,1891,1893,1,0,1
1894,1895,1896,1,1,1
1897,1896,1898,1,0,1
1899,1898,1900,1,0,1
1901,1900,1902,1,0,1
1903,1902,1904,1,0,1
1818,1904,1905,0,0,1
1884,1905,1906,0,0,1
1886,1885,1907,0,0,1
1893,1907,1906,0,0,0
1614,1616,1908,0,0,1,1027
1879,1908,1909,1,0,1
1648,1909,1910,1,0,1
1911,1910,1912,1,0,1
1913,1912,1914,1,0,1
1915,1914,1916,1,0,1
1852,1231,1917,0,0,1,9220
1849,1853,1918,0,0,1
1919,1920,1921,1,1,1
1922,1921,1923,1,0,1
1924,1923,1925,1,0,1
1926,1925,1927,1,0,1
1235,1927,1928,0,0,1
1236,1928,1929,0,0,1
1233,1929,1930,0,0,1
1917,1930,1918,0,0,0
1832,1847,1931,0,0,1,1028
1667,1931,1932,0,0,1
1665,1932,1933,0,0,1
1663,1933,1934,0,0,1
1935,1934,1936,1,0,1
1241,1937,1938,0,1,1
1339,1938,1939,0,0,1
1238,1357,1940,0,0,1
1926,1940,1941,0,0,1
1922,1924,1942,0,0,1
1850,1920,1943,0,0,1
1936,1943,1944,0,0,1
1941,1939,1945,0,0,1
1942,1945,1946,0,0,1
1919,1946,1944,0,0,0
1947,1948,1949,1,1,1,13315
1950,1951,1952,1,1,1
1953,1954,1955,1,1,1
1956,1957,1958,1,1,1
1959,1960,1961,1,1,1
1962,1963,1964,1,1,1
1894,1964,1965,1,0,1
1966,1897,1967,1,1,1
1968,1967,1969,1,0,1
1970,1969,1971,1,0,1
1972,1971,1973,1,0,1
1974,1975,1976,1,1,1
1977,1978,1979,1,1,1
1955,1952,1980,0,0,1
1958,1980,1981,0,0,1
1976,1973,1982,0,0,1
1979,1983,1984,0,1,1
1981,1985,1986,0,1,1
1961,1986,1987,0,0,1
1982,1965,1988,0,0,1
1984,1988,1989,0,0,1
1987,1949,1990,0,0,1
1991,1990,1992,1,0,1
1993,1992,1989,1,0,0
1994,1995,1996,1,1,1,9220
1913,1997,1998,0,1,1
1911,1998,1999,0,0,1
1651,1999,2000,1,0,1
1654,2000,2001,1,0,1
2002,2001,2003,1,0,1
2004,2003,2005,1,0,1
2006,2005,2007,1,0,1
2008,2007,1996,1,0,0
2009,1860,2010,1,0,1,9220
2011,2010,2012,1,0,1
2013,2012,2014,1,0,1
2015,2014,2016,1,0,1
2017,2016,2018,1,0,1
2019,2020,2021,1,1,1
1993,2021,2022,1,0,1
1963,2022,2023,1,0,1
2024,2023,2025,1,0,1
2026,2025,2027,1,0,1
2028,2027,2029,1,0,1
2030,2031,2032,1,1,1
2033,2032,2034,1,0,1
1890,2034,2035,0,0,1
2018,1888,2036,0,0,1
2029,2036,2035,0,0,0
1892,1895,2037,0,0,1,13316
2033,2037,2038,0,0,1
2030,2038,2039,0,0,1
2028,2031,2040,0,0,1
2026,2040,2041,0,0,1
2024,2041,2042,0,0,1
1962,2042,2039,1,0,0
1661,1935,2043,0,0,1,9220
2044,2043,2045,1,0,1
2046,2047,2048,1,1,1
2049,2048,2050,1,0,1
2051,2050,2052,1,0,1
1250,2052,2053,0,0,1
1247,2053,2054,0,0,1
1245,2054,2055,0,0,1
1243,2055,2056,0,0,1
1240,2056,2057,0,0,1
1937,2057,2045,0,0,0
2002,1653,2058,1,0,1,9222
2059,2058,2060,1,0,1
2061,2060,2062,1,0,1
2063,2062,2064,1,0,1
2065,2066,2067,1,1,1
2068,2069,2070,1,1,1
2071,2070,2072,1,0,1
2073,2072,2074,1,0,1
1659,2074,2075,0,0,1
2064,1656,2076,0,0,1
2077,2076,2078,1,0,1
2067,2078,2075,0,0,0
2073,1658,2079,0,0,1,1029
2080,2071,2081,1,0,1
2082,2081,2083,1,0,1
2084,2083,2085,1,0,1
2047,2085,2086,0,0,1
2044,2086,2079,0,0,0
2087,2088,2089,1,1,1,9220
2090,2091,2092,1,1,1
2093,2094,2095,1,1,1
2096,2095,2097,1,0,1
2098,2097,2099,1,0,1
2100,2101,2102,1,1,1
2103,2102,2104,1,0,1
2105,2104,2106,1,0,1
2061,2107,2108,1,1,1
2109,2108,2110,1,0,1
2111,2110,2112,1,0,1
2113,2112,2114,1,0,1
2115,2116,2117,1,1,1
2069,2118,2119,1,1,1
2120,2119,2121,1,0,1
2122,2123,2124,1,1,1
2125,2124,2126,1,0,1
2127,2126,2128,1,0,1
2129,2128,2130,1,0,1
2131,2132,2133,1,1,1
2134,2135,2136,1,1,1
2137,2138,2139,1,1,1
2140,2139,2141,1,0,1
2142,2141,2143,1,0,1
2144,2143,2145,1,0,1
2146,2145,2147,1,0,1
2148,2147,2149,1,0,1
2150,2149,2151,1,0,1
2152,2151,2153,1,0,1
2154,2155,2156,1,1,1
2157,2156,2158,1,0,1
2159,2158,2160,1,0,1
2161,2162,2163,1,1,1
2164,2163,2165,1,0,1
2166,2165,2167,1,0,1
2168,2167,2169,1,0,1
2170,2171,2172,1,1,1
2173,2172,2174,1,0,1
2175,2176,2177,1,1,1
2178,2177,2179,1,0,1
2092,2089,2180,0,0,1
2181,2180,2182,1,0,1
2106,2099,2183,0,0,1
2114,2183,2184,0,0,1
2117,2184,2185,0,0,1
2121,2185,2186,0,0,1
2130,2186,2187,0,0,1
2153,2136,2188,0,0,1
2169,2160,2189,0,0,1
2174,2189,2190,0,0,1
2187,2182,2191,0,0,1
2192,2191,2193,1,0,1
2188,2133,2194,0,0,1
2190,2194,2195,0,0,1
2179,2195,2193,0,0,0
2015,2017,2196,0,0,1,13316
2197,2013,2198,1,0,1
2199,2198,2200,1,0,1
2201,2200,2202,1,0,1
2203,2202,2204,1,0,1
2020,2204,2196,0,0,0
2109,2063,2205,1,0,1,9221
2111,2205,2206,1,0,1
2207,2113,2208,1,1,1
2209,2208,2210,1,0,1
2211,2210,2212,1,0,1
2213,2212,2214,1,0,1
2215,2216,2217,1,1,1
2118,2218,2219,1,1,1
2065,2219,2220,0,0,1
2077,2066,2221,0,0,1
2214,2206,2222,0,0,1
2217,2222,2223,0,0,1
2224,2223,2225,1,0,1
2220,2225,2221,0,0,0
2226,2011,2227,1,0,1,9221
2228,2229,2230,1,1,1
2231,2232,2233,1,1,1
2234,2235,2236,1,1,1
1960,2236,2237,1,0,1
1991,1959,2238,1,1,1
2203,2019,2239,0,0,1
2227,2197,2240,0,0,1
2241,2240,2242,1,0,1
2230,2242,2243,0,0,1
2233,2243,2244,0,0,1
2239,2238,2245,0,0,1
2201,2245,2246,0,0,1
2244,2199,2247,0,0,1
2237,2247,2246,0,0,0
2211,2213,2248,0,0,1,13316
2207,2209,2249,0,0,1
2116,2249,2250,1,0,1
2115,2250,2251,1,0,1
2218,2251,2252,0,0,1
2215,2224,2253,0,0,1
2248,2216,2254,0,0,1
2252,2254,2253,0,0,0
1492,339,2255,0,0,1,37888
1534,1493,2256,0,0,1
1489,2256,2257,0,0,1
1487,1490,2258,0,0,1
342,1485,2259,0,0,1
2255,2259,2260,0,0,1
2257,2260,2258,0,0,0
2261,2241,2262,1,0,1,13316
2263,2264,2265,1,1,1
2232,2266,2267,0,1,1
2228,2267,2268,0,0,1
2229,2268,2269,0,0,1
2262,2269,2265,0,0,0
2120,2068,2270,1,0,1,9221
2123,2270,2271,1,0,1
2122,2271,2272,1,0,1
2273,2272,2274,1,0,1
2275,2274,2276,1,0,1
2142,2276,2277,1,0,1
2144,2277,2278,1,0,1
2279,2278,2280,1,0,1
2281,2280,2282,1,0,1
2283,2282,2080,1,0,0
2284,2285,2286,1,1,1,1027
2287,2288,2289,1,1,1
2290,2289,2291,1,0,1
2292,2291,2293,1,0,1
2294,2293,2295,1,0,1
2094,2296,2297,0,1,1
2181,2297,2298,0,0,1
2090,2298,2299,0,0,1
2087,2091,2300,0,0,1
2178,2088,2301,0,0,1
2286,2301,2302,0,0,1
2295,2302,2303,0,0,1
2299,2303,2300,0,0,0
2304,2305,2306,1,1,1,13316
2307,2308,2309,1,1,1
2310,2309,2311,1,0,1
2312,2311,2313,1,0,1
2314,2313,2315,1,0,1
2316,2317,2318,1,1,1
2319,2318,2320,1,0,1
2306,2320,2315,0,0,0
2321,2322,2323,1,1,1,1027
2324,2325,2326,1,1,1
2327,2326,2328,1,0,1
2329,2328,2330,1,0,1
2331,2330,2332,1,0,1
2333,2332,2323,1,0,0
1249,2051,2334,1,1,1,1028
1254,1252,2335,1,1,1
1257,2335,2336,1,0,1
1256,2336,2337,1,0,1
1342,2337,2338,1,0,1
1260,2338,2339,1,0,1
2340,2339,2341,1,0,1
2342,2341,2343,1,0,1
2344,2342,2345,1,0,1
2346,2345,2347,1,0,1
2348,2347,2349,1,0,1
2350,2349,2351,1,0,1
2352,2351,2353,1,0,1
2354,2353,2355,1,0,1
2356,2355,2357,1,0,1
2358,2359,2360,1,1,1
2361,2362,2363,1,1,1
2364,2363,2365,1,0,1
2366,2367,2368,1,1,1
2283,2368,2369,1,0,1
2082,2369,2370,1,0,1
2046,2084,2371,1,1,1
2049,2371,2372,1,0,1
2334,2372,2373,0,0,1
2343,2373,2374,0,0,1
2360,2357,2375,0,0,1
2365,2375,2376,0,0,1
2377,2376,2378,1,0,1
2370,2378,2374,0,0,0
2379,2380,2381,1,1,1,9221
2382,2381,2383,1,0,1
2384,2383,2385,1,0,1
2386,2385,2387,1,0,1
2388,2387,2389,1,0,1
2390,2391,2392,1,1,1
2393,2392,2394,1,0,1
2395,2394,2396,1,0,1
2397,2396,2398,1,0,1
2399,2398,2400,1,0,1
2401,2400,2402,1,0,1
2403,2402,2404,1,0,1
2405,2404,2406,1,0,1
2407,2406,2408,1,0,1
2317,2408,2409,0,0,1
2314,2409,2410,0,0,1
2312,2410,2411,0,0,1
2310,2411,2412,0,0,1
2307,2412,2389,0,0,0
2127,2125,2413,1,1,1,9221
2129,2413,2414,1,0,1
2192,2414,2415,1,0,1
2132,2415,2416,1,0,1
2131,2416,2417,1,0,1
2135,2417,2418,1,0,1
2134,2418,2138,1,0,1
2419,2386,2420,1,0,1,13316
2391,2420,2388,0,0,0
2279,2281,2421,0,0,1,1029
2146,2421,2422,1,0,1
2423,2422,2424,1,0,1
2425,2424,2426,1,0,1
2427,2428,2429,1,1,1
2430,2429,2431,1,0,1
2432,2431,2433,1,0,1
2434,2433,2435,1,0,1
2436,2437,2438,1,1,1
2439,2440,2441,1,1,1
2442,2441,2443,1,0,1
2444,2443,2445,1,0,1
2348,2446,2447,1,1,1
2448,2350,2449,1,1,1
2356,2450,2451,1,1,1
2359,2451,2452,1,0,1
2362,2358,2453,1,1,1
2361,2453,2454,1,0,1
2377,2364,2455,1,1,1
2367,2455,2456,1,0,1
2366,2456,2457,1,0,1
2426,2457,2458,0,0,1
2447,2445,2459,0,0,1
2458,2454,2460,0,0,1
2435,2460,2461,0,0,1
2459,2438,2462,0,0,1
2449,2462,2463,0,0,1
2452,2463,2461,0,0,0
2464,2465,2466,1,1,1,1027
2467,2468,2469,1,1,1
2470,2469,2471,1,0,1
2472,2471,2473,1,0,1
2474,2473,2475,1,0,1
2476,2475,2477,1,0,1
2478,2477,2466,1,0,0
2148,2423,2479,1,0,1,9222
2150,2479,2480,1,0,1
2481,2482,2483,1,1,1
2484,2483,2485,1,0,1
2430,2486,2487,0,1,1
2425,2428,2488,0,0,1
2480,2488,2489,0,0,1
2490,2489,2491,1,0,1
2487,2485,2492,0,0,1
2427,2492,2491,0,0,0
2493,2393,2494,1,0,1,9220
2495,2494,2496,1,0,1
2497,2498,2499,1,1,1
2500,2501,2502,1,1,1
2503,2502,2504,1,0,1
2505,2504,2506,1,0,1
2507,2506,2508,1,0,1
2509,2510,2511,1,1,1
2496,2395,2512,0,0,1
2499,2512,2513,0,0,1
2508,2513,2511,0,0,0
2467,2470,2514,0,0,1,1028
2515,2514,2516,1,0,1
2517,2518,2519,1,1,1
2520,2519,2521,1,0,1
2522,2521,2523,1,0,1
2507,2524,2525,1,1,1
2510,2525,2526,1,0,1
2509,2526,2527,1,0,1
2397,2527,2528,1,0,1
2529,2399,2530,1,1,1
2516,2530,2531,0,0,1
2523,2531,2528,0,0,0
2484,2486,2532,0,0,1,9221
2533,2481,2534,1,0,1
2157,2535,2536,1,1,1
2159,2536,2537,1,0,1
2162,2537,2538,1,0,1
2161,2538,2539,1,0,1
2540,2541,2542,1,1,1
2543,2542,2544,1,0,1
2545,2546,2547,1,1,1
2548,2549,2550,1,1,1
2551,2550,2552,1,0,1
2553,2552,2554,1,0,1
2555,2556,2557,1,1,1
2439,2557,2558,0,0,1
2436,2440,2559,0,0,1
2434,2437,2560,0,0,1
2432,2560,2561,0,0,1
2532,2561,2562,0,0,1
2534,2562,2563,0,0,1
2544,2539,2564,0,0,1
2547,2564,2565,0,0,1
2566,2565,2567,1,0,1
2554,2567,2568,0,0,1
2558,2568,2569,0,0,1
2559,2569,2563,0,0,0
2152,2490,2570,1,0,1,13317
2155,2570,2571,1,0,1
2154,2571,2572,1,0,1
2535,2572,2573,0,0,1
2533,2573,2482,0,0,0
2574,2495,2575,1,0,1,9221
2576,2575,2577,1,0,1
2578,2577,2579,1,0,1
2580,2581,2582,1,1,1
2501,2582,2583,0,0,1
2497,2583,2584,0,0,1
2498,2584,2579,0,0,0
2585,2586,2587,1,1,1,1028
2170,2587,2588,0,0,1
2171,2588,2589,0,0,1
2168,2589,2590,0,0,1
2591,2166,2592,1,0,1
2593,2594,2595,1,1,1
2596,2597,2598,1,1,1
2599,2598,2600,1,0,1
2590,2599,2601,0,0,1
2592,2601,2602,0,0,1
2595,2602,2600,0,0,0
2603,2576,2604,1,0,1,9220
2581,2604,2578,0,0,0
2605,2520,2606,1,1,1,9220
2607,2606,2608,1,0,1
2609,2610,2611,1,1,1
2612,2613,2614,1,1,1
2615,2616,2617,1,1,1
2618,2619,2620,1,1,1
2594,2620,2621,1,0,1
2597,2593,2622,1,1,1
2608,2622,2623,0,0,1
2611,2623,2624,0,0,1
2625,2624,2626,1,0,1
2614,2626,2627,0,0,1
2617,2627,2621,0,0,0
2524,2522,2628,1,1,1,13316
2505,2628,2629,0,0,1
2503,2629,2630,0,0,1
2631,2630,2632,1,0,1
2633,2632,2634,1,0,1
2610,2634,2635,0,0,1
2607,2635,2605,0,0,0
1478,358,2636,0,0,1,37888
1475,2636,2637,0,0,1
1472,1476,2638,0,0,1
1469,1473,2639,0,0,1
1470,2639,2640,0,0,1
366,2641,2642,0,1,1
363,367,2643,0,0,1
360,364,2644,0,0,1
2637,361,2645,0,0,1
2638,2645,2646,0,0,1
2640,2646,2647,0,0,1
2642,2647,2648,0,0,1
2643,2648,2644,0,0,0
2545,2566,2649,0,0,1,9222
2543,2546,2650,0,0,1
2540,2650,2651,0,0,1
2556,2652,2653,0,1,1
2553,2653,2654,0,0,1
2551,2654,2655,0,0,1
2548,2655,2656,0,0,1
2549,2656,2657,0,0,1
2649,2657,2651,0,0,0
2633,2609,2658,0,0,1,9221
2659,2658,2660,1,0,1
2661,2662,2663,1,1,1
2664,2663,2665,1,0,1
2666,2667,2668,1,1,1
2625,2669,2670,0,1,1
2665,2660,2671,0,0,1
2668,2671,2670,0,0,0
2444,2446,2672,0,0,1,9221
2673,2672,2346,1,0,1
2666,2669,2674,0,0,1,13316
2664,2667,2675,0,0,1
2676,2661,2677,1,0,1
2678,2677,2679,1,0,1
2612,2616,2680,0,0,1
2674,2613,2681,0,0,1
2675,2681,2682,0,0,1
2679,2682,2680,0,0,0
2678,2615,2683,0,0,1,9221
2684,2683,2619,1,0,0
2515,2518,2685,0,0,1,1028
2468,2685,2686,0,0,1,1027
2176,2464,2687,0,0,1
2173,2687,2688,0,0,1
2585,2688,2689,0,0,1
2586,2689,2690,0,0,1
2691,2690,2686,1,0,0
2596,2691,2517,0,0,0,1027
2692,2287,2693,1,0,1,1027
2694,2695,2696,1,1,1,1027
2697,2696,2285,1,0,0
1977,1948,2103,0,0,0,9220
2175,2695,2698,0,0,1,9220
2465,2698,2699,0,0,1
2478,2699,2700,0,0,1
2476,2700,2701,0,0,1
2472,2474,2702,0,0,1
2529,2702,2703,0,0,1
2401,2703,2704,1,0,1
2403,2704,2705,1,0,1
2407,2405,2706,1,1,1
2316,2706,2707,1,0,1
2319,2707,2708,1,0,1
2308,2304,2709,1,1,1
2380,2709,2710,1,0,1
2379,2710,2711,1,0,1
2712,2382,2713,1,1,1
2325,2713,2714,1,0,1
2329,2327,2715,1,1,1
2333,2331,2716,1,1,1
2717,2322,2718,1,1,1
2264,2718,2719,1,0,1
2263,2719,2720,1,0,1
2266,2720,2721,1,0,1
2231,2721,2722,1,0,1
2235,2722,2723,1,0,1
1956,2234,2724,0,1,1
1957,2724,2725,0,0,1
2726,1954,2727,1,0,1
2693,2727,2728,0,0,1
2729,2692,2730,1,0,1
2697,2730,2731,0,0,1
2701,2694,2732,0,0,1
2705,2732,2733,0,0,1
2708,2733,2734,0,0,1
2716,2715,2735,0,0,1
2723,2735,2736,0,0,1
2731,2728,2737,0,0,1
2734,2737,2738,0,0,1
2305,2738,2739,1,0,1
2736,2324,2740,0,1,1
2739,1953,2741,0,0,1
2711,2741,2742,0,0,1
2740,2714,2743,0,0,1
2725,2743,2742,0,0,0
2744,2726,2745,1,0,1,9220
2292,2745,2290,0,0,0
2288,2729,2284,0,0,0,9220
1975,2008,1972,0,0,0,9220
1915,1968,2746,0,0,1,13315
1997,2746,2747,0,0,1
1994,2747,2748,0,0,1
1995,2748,1970,0,0,0
1983,1978,2749,0,0,1,13315
1974,2749,2750,0,0,1
2006,2750,2751,0,0,1
2059,2004,2752,1,0,1
2107,2752,2753,0,0,1
2105,2753,2751,0,0,0
2100,1947,2754,0,0,1,13315
2098,2101,2755,0,0,1
2296,2093,2756,0,0,1
2294,2756,2757,0,0,1
1950,2744,2758,0,0,1
1951,2758,2759,0,0,1
2754,1985,2760,0,0,1
2755,2760,2761,0,0,1
2096,2761,2762,0,0,1
2757,2762,2759,0,0,0
1966,1916,2763,0,0,1,1027
1899,2763,2764,1,0,1
2765,1625,2766,1,0,1,1025
2767,2766,2768,1,0,1
2769,2768,2770,1,0,1
2771,2770,2772,1,0,1
1589,2767,1585,0,0,0,1025
1592,2765,1588,0,0,0,1026
1901,2764,2773,1,0,1,1026
1903,2773,2774,1,0,1
1820,2774,2775,1,0,1
1797,1799,2776,1,1,1
2777,1789,2778,1,1,1
2771,2778,2779,0,0,1
2769,2779,2780,0,0,1
1586,2780,2781,0,0,1
2775,1618,2782,0,0,1
2776,2782,2781,0,0,0