24.266811,70.464671,0,1,2,3,4,5,6,7,8,9,27,28,1442
23.767648,70.434269,0,207,208,1442,1443
23.832873,70.299949,0,26,27,208,209
26.032826,71.100407,1,2,1440,1441
24.503347,70.865778,1,1441,1442,1443,1465,1468,1469
27.166919,70.999787,2,3,1440,1740,1741
27.331199,70.934318,3,4,1740,1808
27.334641,70.867088,4,5,1808,1809,1810,1818,1819
28.032984,70.766661,5,6,1818
28.734846,70.667227,6,7,1817,1818,1819,1820
28.733555,70.630723,7,8,1816,1817
29.501323,70.400164,8,9,1815,1816
30.665124,70.300801,9,10,28,29,1734,1735,1814,1815
31.833906,70.165205,10,11,12,13,14,29,30,31,32,33,34,1956
30.828632,70.297807,10,1733,1734,1956,1957
32.8993,69.8649,11,12,1968,1969,1971
31.931439,70.168139,11,1956,1957,1962,1963,1964,1968
33.032807,69.601434,12,13,1967,1970,1971
32.533159,68.936185,13,14,1966,1967,1972
32.56598,68.865444,14,15,16,30,1972,1982,1983
32.433631,68.699439,15,16,218,219,291,311,312
33.098697,68.699559,15,219,1981,1982
30.932743,69.432723,16,17,30,31,218
29.863585,69.434616,17,18,19,31,32,217
30.699049,69.233094,17,217,218,290,291
29.30017,69.466324,18,19,215,216
29.299687,69.433389,18,216,217,289,290
28.53104,69.698779,19,20,21,32,33,215
27.565001,69.535783,20,21,214,287,288
28.300635,69.498945,20,215,216,288,289
27.465516,69.966081,21,22,23,33,34,214
26.733292,70.002091,22,23,212,213
26.732191,69.968572,22,213,214,286,287
25.301211,70.23406,23,24,25,26,27,28,29,34,212
24.500359,70.23146,24,25,210,211
25.066074,70.035316,24,211,212,213,285,286
24.300487,70.231539,25,26,209,210
1.066589,54.334171,35,36,55,56,117
0.0,53.9,35,117,118
0.0,45.0,35,54,55
1.303179,54.366646,36,37,38,39,40,41,42,43,56,57,63,64,115,116
1.065385,54.365752,36,116,117,118,135
1.902247,54.36753,37,38,1183,1184,1185,1270,1271
1.799509,54.465171,37,115,1183
1.896775,54.135152,38,39,1269,1270
2.50062,53.364913,39,40,1269
3.13481,52.79862,40,41,1268,1269,1270,1271,1272,1273,1274,1275,1276,1277,1278,1279,1280,1281,1282,1283,1284,1285,1286,1287,1288,1289,1290,1291,1292,1293,1306,1307,1308,1309,1310,1311,1312,1313
4.332683,51.402031,41,42,1267,1268
4.332701,51.367855,42,43,1266,1267
4.964426,50.733476,43,44,57,1266
5.164529,50.233665,44,45,57,58,64,1265
4.998683,50.73364,44,1265,1266,1267,1268,1305,1306
5.531889,49.86863,45,46,47,58,1264
5.232924,50.232164,45,1264,1265,1304,1305
6.001229,49.16509,46,47,1262,1263
5.600525,49.868363,46,1263,1264,1303,1304
5.999544,49.099778,47,58,59,60,61,62,63,64,1261,1262
7.335308,47.703383,48,49,1260,1301,1302
6.666483,48.433431,48,1261,1262,1263,1302,1303
6.631123,48.431595,48,49,59,1261
7.333012,47.601558,49,59,60,1259,1260
8.100739,46.600467,50,51,61,62,1257,1258
7.766588,47.163854,50,1258,1259,1260,1300,1301
7.699847,47.168397,50,60,61,1259
8.697832,45.834184,51,52,53,54,55,56,62,63,1255,1256
8.700809,45.865534,51,1256,1257
8.266055,45.232956,52,53,1359
9.330986,45.531489,52,1254,1255,1359,1360
7.833333,45.0,53,54,1359,1360,1361,1362
44.76684,53.76785,65,66,1227,1228,1229,1291,1292
45.0,53.766667,65,1228
45.0,63.566667,65,66,67,68,69,70,71,72,73,74,75,76,77,78,79,80,81,82,83,84,85,86,87,88,89,90,91,92,93,94,95,96,97,98,99,100,101,102,119,172,173
44.400242,53.9307,66,67,1226,1227
43.697392,54.132198,67,68,1226
43.533914,54.133867,68,69,1225,1226,1227,1290,1291
42.899443,54.298167,69,70,1224,1225
41.997711,54.602913,70,71,1223,1224
42.004123,54.634162,71,72,1222,1223
41.36645,54.765197,72,73,1222
41.06706,54.766338,73,74,1221,1222,1223,1224,1225,1289,1290
40.267241,55.000655,74,75,1220,1221
40.266912,55.033276,75,76,1220
39.832889,55.065907,76,77,1220,1221,1288,1289
38.870799,55.235481,77,78,1219,1287,1288
38.033045,55.497581,78,79,1219
37.400521,55.532316,79,80,1218,1219,1286,1287
36.800354,55.699012,80,81,1217,1218
36.133389,55.865706,81,82,1216,1217
36.133586,55.899257,82,83,1216
34.998776,55.931909,83,84,1215,1216,1217,1218,1285,1286
35.000033,56.000566,84,85,1215
34.700835,56.002715,85,86,1214,1215,1284,1285
34.267892,56.132763,86,87,1213,1214
34.2659,56.167703,87,88,1213
33.701385,56.165252,88,89,1212,1213,1214,1283,1284
32.299158,56.399115,89,90,1211,1212
32.30026,56.466342,90,91,1211
31.201392,56.464156,91,92,1210,1211,1212,1282,1283
29.90015,56.633605,92,93,1209,1210
29.90088,56.70075,93,94,1209
28.7989,56.764783,94,95,1208,1209,1210,1281,1282
27.46712,56.866547,95,96,1207,1208
25.798077,57.097445,96,97,1206,1207
24.097309,57.166384,97,98,1206
23.366136,57.168634,98,99,1205,1206,1207,1208,1280,1281
22.001127,57.229944,99,100,1204,1205
20.869542,57.33275,100,101,1203,1204
20.867205,57.367071,101,102,1202,1203
19.633733,57.399926,102,103,104,119,120,1202
16.633877,57.168322,103,104,1200,1201
19.467527,57.334189,103,1201,1202,1203,1204,1205,1279,1280
15.833037,57.168149,104,105,120,121,1200
14.766901,56.999147,105,106,121,122,1199
15.234527,57.000976,105,1199,1200,1201,1278,1279
13.033392,56.768708,106,122,123,1197,1198
13.669235,56.765218,106,1198,1199,1277,1278
9.169106,56.300437,107,124,125,1195,1196
12.534567,56.636137,107,1196,1197,1198,1276,1277
12.531733,56.700676,107,123,124,1197
8.23243,56.066321,108,126,127,1193,1194
8.700602,56.065683,108,1194,1195,1196,1275,1276
8.696831,56.100675,108,125,126,1195
7.633263,55.932879,109,110,1191,1192
7.86841,55.932357,109,1192,1193,1194,1274,1275
7.868962,55.998097,109,110,127,128,1193
6.399958,55.836055,110,128,129,1190,1191
5.164028,55.399846,111,130,131,1188,1189
5.634719,55.400095,111,1189,1190,1191,1192,1273,1274
5.636828,55.465483,111,129,130,1190
3.965234,55.067837,112,132,133,1186,1187
4.7005,55.164653,112,1187,1188,1189,1272,1273
4.702166,55.233941,112,131,132,1188
2.168275,54.533149,113,114,1184,1185
3.233195,54.701369,113,1185,1186,1187,1271,1272
3.235218,54.768409,113,114,133,134,1186
2.033035,54.533984,114,115,116,134,135,1183,1184
0.0,63.566667,118,119,120,121,122,123,124,125,126,127,128,129,130,131,132,133,134,135,136,137,173,174
6.865776,67.301538,136,137,274,275,276,277,278,279,280,309,310
0.0,67.266667,136,193,194,275
8.432032,67.100345,137,138,139,140,141,142,174,175,274
9.366403,67.168519,138,139,273,308,309,310,311,312,316
8.434519,67.133379,138,274,309
11.06745,67.098935,139,140,273
12.132339,67.097704,140,141,272,273,307,308
13.13155,66.900148,141,142,271,272
13.133697,66.864453,142,175,176,270,271
16.897579,67.132932,143,144,267,268
15.797358,67.06435,143,268,269,270,271,272,307
15.80074,67.034347,143,144,177,178,269
17.298791,67.132582,144,145,178,179,187,188,189,190,192,267
19.435138,67.330663,145,146,179,266
17.998972,67.300704,145,266,267,268,306,307,308,315,316
20.431797,67.365714,146,179,180,187,264,265
19.433393,67.366788,146,265,266,305,306
22.636017,67.435768,147,180,181,182,187,188,262,263
21.634017,67.533823,147,263,264,265,305
21.332821,67.464746,147,180,264
24.301115,67.533478,148,149,260,261
23.568882,67.698868,148,261,262,263,304,305,306,314,315
22.995427,67.499869,148,149,150,151,152,181,262
24.299139,67.502762,149,150,260
26.034021,67.396099,150,151,259,260,261,303,304
26.565732,67.166126,151,152,258,259
26.565374,67.09804,152,153,154,181,182,258
27.235306,66.933348,153,154,256,257
26.770148,67.097124,153,257,258,259,302,303
27.235658,66.901498,154,182,183,184,188,189,255,256
28.632505,66.900702,155,156,254,300,301
28.166178,66.899641,155,255,256,257,301,302
28.167742,66.868703,155,156,183,255
29.066106,66.797368,156,157,158,159,183,184,253,254
31.23313,66.402469,157,158,251,252
29.33777,66.800891,157,252,253
31.966695,66.165779,158,159,250,251
31.96493,66.134867,159,160,184,189,190,249,250
32.968187,66.031554,160,161,190,191,192,247,248
32.336228,66.133423,160,248,249
33.866011,66.135388,161,162,185,186,191,245,246
33.768413,66.168279,161,246,247
35.265978,66.533763,162,163,164,165,166,167,168,169,185,244
35.16543,66.534514,162,244,245
36.368226,66.903239,163,164,243
35.829407,66.898366,163,243,244,245,246,247,248,249,250,251,252,253,254,300
37.166882,67.034371,164,165,242,243,299,300,301,302,303,304,313,314
38.600868,66.432653,165,166,241,242
38.600309,66.40122,166,167,240,241
39.699236,66.003698,167,168,239,240
41.463009,65.601091,168,169,238,239
41.465205,65.567913,169,170,185,186,237,238
43.067203,65.233069,170,171,172,173,174,175,176,177,178,186,191,192,235,236
41.797568,65.566144,170,236,237
45.0,64.833333,171,172,233,234
44.703029,64.932783,171,234,235
14.933116,66.900846,176,177,269,270
7.567342,69.966394,193,194,370,371,372,373,374,388,389
0.0,69.966667,193,317,318,319,320,321,322,323,324,371
8.933157,69.768018,194,195,275,276,370
10.003754,69.764436,195,196,197,276,277,369
9.199445,69.935145,195,369,370,388
11.336986,69.765372,196,197,367,368
10.533916,69.966882,196,368,369,387,388,389,390,391,394,395
11.333862,69.733475,197,198,277,278,366,367
11.999944,69.699119,198,199,278,279,364,365
12.00072,69.73257,198,365,366
15.133321,69.497563,199,279,280,362,363
13.201255,69.69923,199,363,364
16.437053,69.73343,200,201,202,281,1581,1582
16.367361,69.731895,200,361,1582
16.365462,69.701013,200,280,281,282,283,284,285,286,287,288,289,290,291,310,311,361,362
17.63195,69.932743,201,202,359,360,385,386
16.434437,69.768249,201,360,1580,1581
18.90092,69.963478,202,203,281,282,359
20.16778,69.998765,203,204,282,283,358
18.900969,69.997099,203,358,359,384,385
21.03592,70.034976,204,205,283,284,357
20.162792,70.032303,204,357,358,383,384
22.364155,70.036868,205,206,207,208,209,210,211,284,285,355,356
21.802428,70.232084,205,356,357,382,383
23.701476,70.499843,206,207,353,354,1443,1469,1471,1472
23.334397,70.502274,206,354,355
34.268446,68.698625,219,292,293,294,295,296,297,298,312,313,314,315,316,1980,1981
34.335032,69.169277,220,221,1986,1987,1997
33.968153,68.932506,220,1979,1987
34.332451,68.799863,220,221,222,292,1979,1980
35.029235,69.266999,221,222,1996,1997,1998,1999
35.132423,69.268427,222,223,224,292,293,1995,1996
36.200543,69.66895,223,224,2059,2060
35.130707,69.432574,223,1994,1995,2056,2057,2058,2060
36.232619,69.665318,224,225,226,227,228,293,294,2059
36.868436,69.764397,225,226,2048,2049
36.231784,69.699975,225,2049,2050,2058,2059,2060
37.598673,69.765293,226,227,2023,2024,2047,2048
37.734025,69.698917,227,228,2023,2071,2096
39.033115,68.933674,228,229,294,295,2095,2096,2102,2103,2104,2105
40.500804,68.433674,229,295,296,2093,2094
39.931224,68.700359,229,2094,2095
43.167836,67.900942,230,231,297,298,2091,2092
42.465535,68.13326,230,2092,2093,2094,2095,2101,2102
41.83635,68.164587,230,296,297,2093
43.966989,67.633986,231,232,298,299,313,2089,2090
43.536016,67.866281,231,2090,2091
44.76517,67.568202,232,233,234,235,236,237,238,239,240,241,242,299,2087,2088
44.76177,67.599194,232,2088,2089
45.0,67.566667,233,2086,2087
0.701792,71.228716,317,318,418,419,420,421,429
0.0,71.533333,317,396,397,398,419
2.466284,70.966808,318,319,417,418
2.465897,70.932225,319,320,416,417
4.004519,70.802163,320,321,416
4.334146,70.798498,321,322,415,416,417,418,428,429,430,431
5.296535,70.666271,322,323,414,415
6.33207,70.633039,323,324,413,414
6.536438,70.597225,324,325,326,371,372,413
7.667952,70.566457,325,326,412,426,427
6.798396,70.634741,325,413,414,415,427,428
7.465967,70.230583,326,327,328,372,373,412
8.833045,70.402318,327,328,410,411
7.899367,70.501867,327,411,412,425,426
9.100169,70.100899,328,373,374,409,410
10.098729,70.534372,329,330,406,407
9.631796,70.365652,329,407,408,409,410,411,425
9.636228,70.266564,329,330,331,332,333,334,335,336,375,408
10.565221,70.632618,330,331,405,406,1416,1417
11.89608,70.799573,331,332,1415,1416
12.033467,70.732504,332,333,1414,1415,1427
12.198101,70.467452,333,334,1427,1428,1429,1430,1462,1463,1466,1467
13.068207,70.266937,334,335,1461,1462
12.700302,70.13318,335,336,1460,1461
12.698042,70.101317,336,375,376,1459,1460
13.835165,70.399655,337,338,1466,1467,1470
13.396507,70.331477,337,1459,1460,1461,1462,1466
13.064619,70.09978,337,338,339,376,377,378,379,390,391,1459
14.766461,70.33177,338,339,1458,1470,1473
15.437109,70.33531,339,340,377,1457,1458
16.897182,70.463294,340,341,342,377,378,1456
16.767793,70.467558,340,1456,1457
17.001233,70.500407,341,342,1455,1478,1482
16.901052,70.532343,341,1456,1457,1458,1473,1474,1475,1478
17.699333,70.501305,342,343,344,378,379,1454,1455
18.535222,70.50401,343,344,1452,1453
18.331792,70.566734,343,1453,1454
19.00123,70.201421,344,379,391,392,393,395,1451,1452
19.599533,70.968617,345,346,380,1450
18.899706,70.669091,345,1450,1451,1452,1453,1454,1455,1482,1483,1486
19.231195,70.398932,345,380,381,392,1451
19.932579,70.934007,346,347,348,349,380,381,1449
19.598488,71.001165,346,1449,1450,1485,1486,1487
21.234302,70.836088,347,348,1448,1480,1481
20.433515,70.965881,347,1449,1481,1484,1485
21.798606,70.299606,348,349,1447,1448
21.80173,70.264561,349,350,381,382,383,384,385,386,392,393,1446,1447
22.569294,70.563398,350,351,352,353,354,355,356,382,1445
22.334838,70.498525,350,1445,1446
22.801505,70.796205,351,352,1444
21.79908,70.669776,351,1444,1445,1446,1447,1448,1477,1479,1480
23.067536,70.867063,352,353,1444,1472,1476,1477
16.133765,70.032689,360,386,393,394,395,1579,1580
15.733318,69.764125,361,362,363,364,365,366,367,368,387,1579,1580,1581,1582
9.301025,70.102883,374,375,376,389,390,408,409
15.632442,69.902819,387,394,1579
0.23565,71.600167,396,397,439,903
0.0,71.666667,396,432,433,434,435,436,437,438,439
0.232899,71.567011,397,398,903,904,905,909,910
1.298993,71.267038,398,399,419,420,909,1178,1179
2.098827,71.101773,399,420,421,1176,1177
2.098406,71.132191,399,1177,1178
4.703294,70.798147,400,401,422,423,424,430,431,1333,1334,1349
4.46581,70.867443,400,1174,1175,1333
3.000056,70.966348,400,421,429,430,1175,1176
6.401207,70.732018,401,402,403,422,1348
6.399832,70.768302,401,1348,1349,1350,1351,1352,1353
8.069678,70.634535,402,403,1346,1347
7.401711,70.701169,402,1347,1348,1353
8.070084,70.598556,403,404,422,423,1345,1346
8.734901,70.528514,404,423,424,1343,1344
8.730138,70.569141,404,1344,1345
9.967481,70.632017,405,1341,1342,1417,1418
9.632558,70.464101,405,406,407,424,425,426,427,428,431,1342,1343
0.09819,71.770281,432,433,444,445,448
0.0,71.766667,432,445
0.101194,71.731933,433,434,444
0.232234,71.730134,434,435,443,444,447,448
0.232305,71.698546,435,436,443
0.367407,71.701535,436,437,442,443,446,447
0.366693,71.665952,437,438,442
0.495793,71.63265,438,439,441,442,446,903,904
0.567776,71.632936,440,441,904,905,915
0.767457,71.765333,440,537,538,915,916
0.0,71.933333,440,441,445,446,447,448,449,450,451,538,539,562
0.668148,72.033454,449,450,617,618
0.0,72.166667,449,590,591,592,593,618,619
0.666095,71.998396,450,451,616,617
1.931773,71.870204,451,452,453,539,616
3.468807,71.570117,452,453,614,615
2.501155,72.00089,452,615,616,617,618,619,620,628
3.467458,71.53465,453,454,539,540,562,566,567,614
6.600267,71.431213,454,455,456,457,458,540,613
6.099195,71.537877,454,613,614,615,627,628,629
7.869042,71.600532,455,456,612,625,626
6.601542,71.501404,455,613,626,627
9.730521,71.232337,456,457,611,612
9.730148,71.19855,457,458,610,611
10.634014,71.101448,458,540,567,570,572,573,609,610
12.834144,71.434049,459,460,606,607,1537,1538
11.896058,71.300825,459,607,608
11.900111,71.266877,459,460,461,462,463,541,573,576,577,608,609
13.433341,71.400952,460,461,1536,1537
13.768572,71.332822,461,462,1536,1548,1549,1550,1551,1571,1572
14.800919,71.267361,462,463,1570,1571
14.80083,71.231944,463,464,465,541,1569,1570
15.702231,71.233669,464,465,1567,1568
15.699766,71.263863,464,1568,1569
17.230888,71.200774,465,466,541,577,579,580,1566,1567
18.164477,71.266874,466,467,542,543,544,580,581,1565
17.799581,71.267469,466,1565,1566
20.50153,71.699878,467,468,469,542,1564
19.600713,71.633581,467,1564,1565,1566,1567,1568,1569,1570,1571,1572,1573,1574,1577
22.833175,71.798212,468,469,1562,1563
20.498151,71.735083,468,1563,1564,1576,1577,1578
23.53387,71.76612,469,470,471,542,543,1562
24.800447,71.866864,470,471,1561
24.467156,71.934006,470,1561,1562,1563,1575,1576
25.635335,71.902433,471,472,473,474,543,544,1560,1561,1575
25.701206,71.996803,472,473,1683,1684
25.634309,72.000683,472,1560,1684,1685
25.703377,71.966547,473,474,1682,1683,1753
25.933391,71.897502,474,544,545,546,563,581,584,587,588,589,1753,1759
27.667885,72.133113,475,476,1788,1821,1822
27.298844,72.130785,475,1757,1758,1788,1789
27.099353,71.897489,475,476,477,478,479,545,1758,1759,1760
27.467504,71.934025,476,477,1821
27.465142,71.898864,477,478,1821,1822,1823,1824,1859,1860
28.134308,71.766219,478,479,1858,1859
28.700064,71.532909,479,480,545,546,1857,1858
30.834535,71.198202,480,546,547,548,563,1855,1856
30.830803,71.232258,480,1856,1857
32.535191,70.933321,481,482,1853,1854
31.865521,71.100364,481,1854,1855,1856,1857,1858,1859,1860,1861,1862,1863,1864,1868,1869
31.734861,71.100967,481,482,547,1855
33.465985,70.736231,482,483,547,548,1853
34.43187,70.366347,483,548,563,585,586,588,1851,1852
33.633407,70.731018,483,1852,1853,1854,1867,1868
39.099002,70.598843,484,485,1847,1867,1868,1869,1871
38.533159,70.534914,484,1848,1849,1850,1851,1852,1867
38.531897,70.500568,484,485,571,574,1848
40.000366,70.43241,485,486,487,568,569,571,1847
40.73057,69.766967,486,487,1845,1846
40.133654,70.432584,486,1846,1847,1866,1870,1871
41.097573,69.165831,487,488,549,564,565,568,1844,1845
42.631276,68.76773,488,489,549,1842,1843
42.632581,68.800843,488,1843,1844
43.667608,68.497055,489,490,549,550,551,564,1840,1841
43.666383,68.53185,489,1841,1842
44.499307,68.300234,490,491,492,493,550,1839
44.501471,68.331804,490,1839,1840
45.0,68.2,491,492,2161,2162
45.0,68.266667,491,1838,1839,1840,1841,1842,1843,1844,1845,1846,1865,1866
43.96646,68.234326,492,493,2133,2134,2161
42.668413,68.534693,493,494,495,550,551,2133
41.131594,68.865654,494,495,2147,2148
41.73546,68.632346,494,2133,2134,2148,2149
41.133218,68.898549,495,496,497,498,499,551,552,564,565,2132,2146,2147
40.300097,69.033532,496,497,2126,2127,2128,2129,2130
40.502752,68.932194,496,2127,2131,2132
40.300386,69.430782,497,498,2126
40.201532,69.568915,498,499,2125,2126,2130
40.168223,69.734049,499,500,501,502,503,552,2016,2017,2125
39.531362,70.0991,500,501,2122,2123
39.799678,69.901437,500,2016,2123
39.500333,70.335139,501,502,2015,2032,2033,2034,2037,2122
39.43582,70.398342,502,503,2014,2015
39.434239,70.431301,503,552,565,568,569,2013,2014
37.532584,70.099916,504,505,2064,2065,2070
37.568016,69.969284,504,2011,2012,2013,2014,2015,2037,2038,2039,2041,2065
37.702536,70.067313,504,505,553,2012
37.532909,70.133919,505,553,554,2063,2064
35.898434,70.000503,506,507,508,556,557,558,575,578,582,583,2008,2061
36.100629,69.965299,506,2061,2062,2063,2064,2069,2070
36.097474,69.999721,506,555,556,2062
34.43516,69.932874,507,508,1613,1614,2007
34.46998,69.932437,507,2007,2008,2009,2027,2030,2031
33.901474,70.099055,508,509,557,1613
33.397978,70.332136,509,510,557,558,1611,1612
33.835421,70.098362,509,1612,1613,1614,1615,1616,1617,1618,1619,1620,1621,1622,1623,1642,1643
32.930903,70.531334,510,558,559,560,583,585,586,1609,1610
32.932823,70.497231,510,1610,1611
30.799869,70.79758,511,512,1607,1608
31.563457,70.666876,511,1608,1609,1610,1611,1612,1642
31.864603,70.666866,511,512,559,1609
30.799526,70.832626,512,513,514,515,559,560,1607
29.533855,70.999215,513,514,1606,1653,1655
30.502976,70.832333,513,1607,1608,1642,1643,1644,1645,1646,1647,1653
29.266377,71.069729,514,515,1605,1606
26.732382,71.632352,515,516,517,518,519,560,586,588,589,1605
25.336216,71.46488,516,517,1651,1652
26.266584,71.565713,516,1605,1606,1652,1654,1655,1656
24.53302,71.401652,517,518,1604,1641,1650,1651
23.834396,71.498145,518,519,1603,1604
21.767418,71.501012,519,587,589,1602,1603
19.697776,71.265465,520,521,1591,1592,1601
20.532496,71.401789,520,1601,1602,1603,1604,1640,1641
20.537136,71.435098,520,521,561,584,587,1602
18.799542,71.233506,521,522,523,524,561,1590,1591
17.268756,70.965257,522,523,1490,1491,1492,1493,1494,1495,1496,1497,1498,1502
18.231938,71.067211,522,1491,1590
17.267791,70.999304,523,524,1490
14.866578,70.963068,524,561,579,580,581,584,1489,1490,1501,1502
10.967358,70.9313,525,526,1410,1411
12.232272,70.998494,525,1411,1412,1413,1414,1415,1416,1417,1418,1488,1489,1500,1501
12.867032,71.134013,525,526,527,528,529,530,572,573,576,1488
9.901425,70.835922,526,527,924,925,1410
9.900208,70.865507,527,528,923,924
9.133381,70.965334,528,529,922,923
9.134475,70.998458,529,530,921,922
8.533201,71.036569,530,570,572,920,921
4.997958,71.267657,531,532,533,534,535,536,537,538,562,566,919
5.59684,71.202771,531,919,920,921,922,923,924,925,926,938,939,940,941,942,943,946
6.733723,71.29829,531,566,567,570,920
4.064186,71.23149,532,533,937,938,945,946
5.000763,71.23534,532,919,938
2.865527,71.364246,533,534,918,936,937
2.231324,71.500574,534,535,918
1.567312,71.60072,535,536,917,918,935,936
1.57106,71.634176,536,537,916,917
38.86724,70.433428,553,554,555,556,569,571,574,575,2012,2013
36.999243,70.133743,554,555,2062,2063
37.50185,70.234542,574,575,578,1848,1849
13.400062,71.200256,576,577,579,1488,1489
36.564295,70.131951,578,582,1849,1850
35.100793,70.266739,582,583,585,1850,1851
0.33315,72.533837,590,591,636,912
0.0,72.7,590,630,631,632,633,634,635,636
0.533112,72.364425,591,592,912,913,914
1.401317,72.232344,592,593,914,1180,1181,1182
2.533972,72.131887,593,594,595,619,620,1182
2.732661,72.10007,594,595,784,1314,1318
2.533292,72.166765,594,784,785,1181,1182
3.533215,71.932516,595,596,620,621,628,629,1317,1318
5.765938,71.865161,596,597,621,1327,1328
4.329604,71.930641,596,1316,1317,1328,1329,1330,1332
6.898294,71.800324,597,598,599,621,622,623,624,625,626,627,629,1326
6.468322,71.867559,597,1326,1327
7.631314,71.901968,598,599,1325,1357,1358
7.399108,71.93284,598,1325,1326,1327,1328,1331,1332
8.334664,71.832049,599,600,622,1356,1357
8.969601,71.800946,600,601,602,622,623,1365,1366
8.600738,71.897643,600,1355,1356,1363,1364,1365
9.900139,71.797708,601,602,1374,1375,1376,1377
9.831813,71.801583,601,1366,1367,1368,1369,1370,1371,1375
10.06438,71.735786,602,603,623,624,1374
11.067932,71.532543,603,604,605,606,607,608,609,610,611,612,624,625,1372,1373
10.567464,71.733322,603,1373,1374,1377
11.963489,71.666498,604,605,1424,1425
11.466391,71.599327,604,1372,1425,1426
12.766348,71.568219,605,606,1423,1424,1538,1539
0.864754,73.168912,630,631,789
0.0,73.366667,630,637,638,639,789,846,847,848,872,873,874,877
0.964658,73.166783,631,632,789,846
1.030592,73.165264,632,633,845,846,871,877,878,880
1.300887,72.966456,633,634,788,844,845
0.86675,72.600571,634,635,787,788
0.66626,72.535796,635,636,786,787,912,913
0.101364,80.966561,637,638,893,894
0.0,80.9,637,890,891,894
0.165936,80.967507,638,639,892,893
0.167427,80.999258,639,640,790,847,892
0.103628,81.034319,640,641,642,643,790,890,891
0.099456,80.999019,640,891,892,893,894
0.0,81.1,641,642,895,896,897,898,899,900,902
0.0,81.033333,641,890
0.633481,81.265778,642,643,901,902
1.433635,81.469045,643,790,847,848,901
1.668278,81.935106,644,791,792,793,849,898,899
1.63602,81.700838,644,899,900
1.899294,81.701236,644,848,849,850,851,852,853,854,855,856,857,858,859,860,861,862,863,864,865,872,900,901,902
0.136663,82.365855,645,646,895,896
0.899421,82.299808,645,896,897
1.200021,82.30186,645,646,647,648,791,897,898
0.0,82.466667,646,647,895
0.0,90.0,647,648
45.0,90.0,648,649,650,651,791,792
44.765842,89.234228,649,650,1007,1008
45.0,89.233333,649,1008,1009,1103,1104
44.298824,89.166852,650,651,1006,1007
43.635791,89.167649,651,792,793,1005,1006
44.869751,88.766628,652,653,1004,1102,1103,1104,1105,1106,1107,1108,1109,1110,1111,1112,1113,1114,1115,1116,1141,1151,1159,1160
44.300487,88.934831,652,1005,1006,1007,1008,1103
43.497328,89.070435,652,653,654,655,656,793,794,795,849,850,1005
43.99881,88.632673,653,654,1004
44.000223,88.598201,654,655,1004,1101,1102
42.999045,88.534438,655,656,1003,1100,1101
42.3676,88.532819,656,657,658,794,1003
41.433434,88.432995,657,658,1001,1002
42.366918,88.500391,657,1002,1003,1099,1100
40.630247,88.397866,658,659,794,795,1001
39.669947,88.300277,659,660,795,850,851,1000
39.933404,88.299203,659,1000,1001,1002,1098,1099
38.697332,88.000235,660,796,797,798,799,851,852,998,999
39.665058,88.265166,660,999,1000,1098
38.30158,87.333484,661,662,663,664,796,797,997
39.464692,87.634575,661,997,998,999,1098,1099,1100,1101,1102,1140,1141
39.365431,87.63385,661,796,998
36.499393,87.067448,662,663,996,1096,1097
38.300627,87.30276,662,997,1097,1139,1140
36.000573,87.036313,663,664,995,996
34.567095,86.868659,664,665,666,797,798,995
32.665437,86.566637,665,666,993,994
34.564579,86.834028,665,994,995,996,1095,1096
32.499097,86.566256,666,667,798,799,992,993
31.198375,86.267162,667,799,800,852,853,990,991
31.299219,86.268952,667,991,992
29.566087,85.999188,668,669,670,800,853,854,989
30.76785,85.999352,668,989,990,991,992,993,994,1094,1095
30.765301,86.06852,668,800,990
29.598817,85.701935,669,670,987,988
29.966346,85.864918,669,988,989,1093,1094
29.164969,85.69863,670,854,855,986,987
29.295181,85.531014,671,672,673,674,675,801,802,856,857,985
29.766225,85.632948,671,985,986,987,988,1092,1093
29.101409,85.630367,671,855,856,986
30.200606,85.367084,672,673,1092,1093,1094,1095,1096,1097,1139
29.466185,85.533242,672,985,1092
30.866414,85.166465,673,674,984,1139,1140,1141,1151
30.630341,85.002329,674,675,983,984
30.932555,84.735337,675,676,801,983
30.700717,84.463856,676,801,802,981,982
31.401762,84.632888,676,982,983,984,1151,1159
30.56494,84.132318,677,678,803,804,979
31.43347,84.269003,677,979,980,981,982,1091,1159,1160,1161,1163
31.09857,84.26618,677,803,980
30.202471,84.067356,678,679,804,805,806,807,808,809,810,811,812,813,814,815,858,859,978
30.566928,84.067373,678,978,979,1090,1091
30.201524,83.500086,679,680,805,977
30.334354,83.801804,679,977,978,1090
29.664393,83.367712,680,805,806,975,976
30.299205,83.399624,680,976,977,1089,1090,1091,1150,1163,1165
27.50249,82.535492,681,682,683,807,808,974
28.701663,82.799501,681,974,975,976,1089
28.935285,83.067251,681,806,807,975
26.632572,82.132931,682,683,972,973
27.800991,82.434213,682,973,974,1089,1138,1149,1150
25.965671,82.036163,683,684,685,808,809,972
25.130277,81.829479,684,685,970,971
25.435781,81.80371,684,971,972,973,1088,1137,1138
24.100726,81.667078,685,686,687,809,810,970
23.402376,81.464978,686,687,969,1086,1087
23.80033,81.532128,686,970,971,1087,1088
20.897225,81.266508,687,810,811,968,969
19.303774,80.933861,688,689,966,967
19.899464,81.000807,688,967,968,969,1085,1086
19.900273,81.032364,688,689,811,812,968
18.966827,80.935157,689,812,813,965,966
16.198908,80.533661,690,691,692,814,815,963
16.404026,80.531741,690,963,964
18.233635,80.833459,690,813,814,964,965
15.433901,80.401544,691,692,961,962
15.968527,80.402364,691,962,963,964,965,966,967,1084,1085
14.03339,80.201125,692,815,859,860,960,961
10.300143,78.93291,693,816,817,861,862,958,959
10.635383,79.132228,693,959,960,961,962,1084
10.631418,79.233404,693,860,861,960
9.666421,78.563039,694,816,817,956,957
10.50162,78.633325,694,957,958,959,1083,1084,1085,1086,1087,1088,1136,1137
10.330188,78.697375,694,816,958
7.000631,77.533782,695,696,697,698,699,818,819,954
8.13516,77.932773,695,954,955,956,957,1082,1083
8.134049,78.000912,695,818,955
6.267556,77.232534,696,697,952,953
6.997907,77.499319,696,953,954,1081,1082
5.134376,76.965606,697,698,951,952
4.398559,76.831433,698,699,950,951
3.76523,76.666798,699,700,819,863,864,949,950
1.967082,75.832638,700,864,865,947,948
2.76698,76.13091,700,948,949
4.000581,74.103149,701,702,703,820,1080
2.666265,74.70106,701,1080,1081,1082,1083,1136
0.66678,74.966946,701,820,821,822,873,874,947,948,949,950,951,952,953,1081
4.869048,73.499912,702,703,1079,1134,1135
4.067404,74.099772,702,1080,1135,1136,1137,1138,1148,1149
4.699899,73.401102,703,704,705,820,821,1079
4.665412,73.030446,704,705,1077,1078
4.969681,73.366063,704,1078,1079,1133,1134
4.63442,72.865295,705,706,821,822,1076,1077
4.86375,72.466937,706,707,822,874,877,878,1074,1075
4.868595,72.698512,706,1075,1076
5.400352,72.170239,707,866,878,880,881,1072,1073
5.368465,72.267332,707,1073,1074
7.029828,72.498623,708,709,823,1071
6.100539,72.366025,708,1071,1072,1073,1074,1075,1076,1077,1078,1133
5.768233,72.235723,708,823,824,825,866,1072
7.666632,72.534312,709,710,823,824,1070
7.032899,72.534923,709,1070,1071,1133,1134,1135,1148
9.866176,72.596604,710,711,712,824,825,1069
9.531812,72.698643,710,1069,1070,1132,1147,1148,1149,1150,1158,1162,1164,1165,1166,1167,1168
10.631558,72.62869,711,712,1067,1068
10.633891,72.665888,711,1068,1069,1131,1132
11.933712,72.403527,712,713,825,866,867,881,885,886,1066,1067
14.434107,72.533442,713,826,827,828,867,1064,1065
13.934931,72.566079,713,1065,1066
16.098308,72.900737,714,715,716,717,826,827,1063
15.333209,72.801272,714,1063,1064,1065,1066,1067,1068,1131
15.333787,72.767045,714,826,1064
17.632688,73.064344,715,716,1146,1147,1157,1158
16.100257,72.936272,715,1063,1131,1132,1147
18.568692,73.101269,716,717,1062,1145,1146
19.198869,73.03061,717,718,719,827,828,1062
22.201636,73.234599,718,719,1061,1130,1143,1144
20.270481,73.164945,718,1062,1144,1145
24.067361,72.902227,719,720,828,867,886,887,888,889,1061
25.233903,72.399622,720,721,722,829,830,831,882,883,884,887,1060
24.333829,72.898851,720,1060,1061,1129,1130
25.930199,72.734151,721,722,1058,1059
25.333946,72.499016,721,1059,1060,1129
26.500796,72.898485,722,723,829,1058
28.603597,73.668394,723,724,829,830,1057
27.032484,73.231603,723,1057,1058,1059,1129,1130,1143
29.504257,73.767603,724,725,830,831,1056
28.600462,73.701788,724,1056,1057,1143,1144,1145,1146,1156,1157
30.233885,73.869447,725,726,727,728,831,832,833,879,882,1055
29.498544,73.832439,725,1055,1056,1155,1156
32.301233,73.733296,726,727,1054,1153,1154
30.232567,73.900324,726,1055,1154,1155
33.334941,73.567375,727,728,1053,1054
35.267859,73.369224,728,729,730,832,1053
36.000582,73.131347,729,730,1051,1052
35.434018,73.368877,729,1052,1053,1054,1128,1142,1152,1153
35.999236,73.102329,730,731,832,833,1051
36.732445,72.998766,731,732,833,875,879,1049,1050
36.73455,73.03439,731,1050,1051,1052,1127,1128
37.465388,72.900703,732,868,875,1047,1048
37.465913,72.932236,732,1048,1049
38.899961,72.935078,733,734,1125,1126
38.168923,72.896927,733,1047,1048,1049,1050,1126,1127
38.167486,72.864655,733,734,735,736,737,738,739,834,835,868,1047
39.533384,72.933525,734,735,1046,1124,1125
39.531231,72.89629,735,736,1045,1046
41.168859,72.803348,736,737,1045
42.696664,72.767897,737,738,1044,1045,1046,1123,1124
44.066795,72.700314,738,739,1043,1044
45.0,72.6,739,740,741,742,743,744,745,746,747,748,749,750,751,752,753,834,1042,1043
44.234766,70.763648,740,741,1774,1775
45.0,70.033333,740,1775,1776
44.231822,70.803945,741,742,1773,1774
43.633419,71.002064,742,743,1772,1773
43.096978,71.26794,743,744,1771,1772
42.169813,71.496991,744,745,1770,1771
41.199294,71.632147,745,746,1770
41.066087,71.6008,746,747,1769,1770,1771,1772,1773,1774,1775,1776,1777,1778,1779,1780,1796,1797,1798,1799,1800,1801,1802,1803,1804,1807
40.066005,71.700555,747,748,1769
36.531981,71.732521,748,749,1768,1769,1795,1806,1807
34.932865,72.233597,749,750,1768
34.599849,72.23062,750,751,1767,1768,1794,1795
32.765784,72.531173,751,752,1766,1767
31.098613,72.663579,752,753,1765,1766
30.86785,72.764212,753,834,835,1764,1765
26.932955,72.500321,754,755,756,836,1763
28.131787,72.467505,754,1763,1764,1765,1766,1767,1793,1794
27.9361,72.731525,754,835,836,837,868,875,879,882,883,1764
26.431882,72.334063,755,756,1693,1694,1791,1792
26.932802,72.467286,755,1763,1792,1793
25.799947,72.399487,756,757,758,836,837,1693
25.767145,72.266877,757,758,1691,1692
25.766677,72.233636,757,1692,1693,1694,1695,1696,1697,1698,1699,1700,1707,1708,1709
24.301873,72.265541,758,759,760,837,838,883,884,1691
23.566914,72.234801,759,760,1690,1705,1706
24.066519,72.168029,759,1691,1692,1706,1707
23.564635,72.264802,760,761,838,1689,1690
22.76515,72.53051,761,762,838,884,887,888,1527,1528,1529,1530,1531,1541,1542
23.101347,72.234531,761,1528,1689
19.799128,72.49782,762,763,764,839,876,888,889,1526
20.269112,72.468268,762,1526,1527
18.031921,72.268974,763,764,1524,1525
19.432023,72.397338,763,1525,1526,1527,1541
17.80183,72.266664,764,765,766,767,839,1524
16.635047,72.131912,765,766,1522,1523
16.634629,72.100195,765,1523,1524,1525,1541,1542,1543,1544,1545,1547
15.898537,72.234421,766,767,1521,1522
15.701229,72.232842,767,768,769,839,869,870,876,1521
14.869888,72.098404,768,769,1519,1520
14.864645,72.067331,768,1520,1521,1522,1523,1540,1546,1547
13.933951,72.098595,769,770,771,772,840,841,869,1518,1519
12.701084,71.768447,770,771,1422,1423,1424,1425,1426,1517
12.80115,71.766286,770,1517,1518
12.53159,71.766787,771,772,1421,1422
11.900099,71.900704,772,773,840,1420,1421
11.432954,72.033901,773,840,841,1369,1370
11.368596,71.766817,773,1370,1371,1419,1420
9.60189,72.03369,774,775,776,842,1364,1365,1366,1367
10.265313,71.933292,774,1367,1368
11.064439,72.069938,774,841,842,869,870,1368,1369
8.734177,71.999095,775,776,1354,1355,1363
9.035469,71.970721,775,1363,1364
8.199647,72.200036,776,777,778,779,842,870,876,885,886,889,1354
6.63206,71.933721,777,778,1323,1324,1330,1331,1332
7.666317,72.069178,777,1324,1354,1355,1356,1357,1358
6.296354,72.033435,778,779,1322,1323
5.599509,72.067632,779,780,781,871,880,881,885,1322
4.836724,72.037178,780,781,1320,1321
5.297974,71.997245,780,1321,1322,1323,1329,1330
4.300046,72.166204,781,782,783,843,844,845,871,1319,1320
3.966916,72.066949,782,783,1314,1315,1316,1317,1318
4.134424,72.067123,782,1315,1319
3.335467,72.232143,783,784,785,843,1314
1.931956,72.468374,785,786,787,788,843,844,1180,1181
1.368909,72.432873,786,913,914,1180
30.698774,84.399372,802,803,804,857,858,980,981
8.534524,78.200887,817,818,819,862,863,955,956
0.669497,75.066792,865,872,873,947
0.664979,71.566664,905,906,907,910,911,915,916,917,935
1.167973,71.43293,906,907,933,934
0.805278,71.568226,906,934,935,936,937,944,945
1.167074,71.39954,907,908,911,933
1.065955,71.365424,908,909,910,911,1169,1179
1.266392,71.401369,908,932,933,934,944,1169
9.698739,70.702233,925,926,1341,1410,1411,1418
9.164179,70.631516,926,927,939,1341,1342,1343,1344,1345,1346,1347,1352,1353
7.463273,70.868988,927,928,929,939,940,1340
7.664434,70.797018,927,1340,1351,1352
6.300223,70.934509,928,929,1338,1339
7.469719,70.832427,928,1339,1340,1350,1351
6.299523,70.967238,929,930,940,941,1337,1338
4.832799,70.965659,930,931,941,942,1335,1336
5.832529,70.933412,930,1336,1337
3.631938,71.100845,931,942,943,1170,1171
4.834539,70.933973,931,1171,1172,1335
2.63445,71.102277,932,1169,1170,1171,1172,1173,1174,1175,1176,1177,1178,1179
3.265371,71.130834,932,943,944,945,946,1170
44.067519,80.334602,1009,1010,1104,1105,1896
45.0,80.8,1009,1896,1897
43.200555,80.165394,1010,1011,1105,1106,1894,1895
44.069265,80.30048,1010,1895,1896,1897,1898,1899,1900,1901,1923
42.066183,79.498472,1011,1012,1013,1106,1107,1893
42.465647,79.665941,1011,1893,1894
41.097706,79.064732,1012,1013,1891,1892
41.767295,79.165211,1012,1892,1893,1894,1895,1923,1924,1925,1926,1927,1928,1929,1930,1931,1932,1936
40.435921,78.834143,1013,1014,1107,1108,1891
40.232841,78.803633,1014,1108,1109,1889,1890
40.432051,78.799622,1014,1890,1891,1892,1935,1936
37.634288,78.268596,1015,1016,1017,1018,1110,1111,1888
38.368215,78.266837,1015,1888,1889,1890,1922,1934,1935
38.89709,78.565052,1015,1109,1110,1889
36.732334,78.10039,1016,1017,1886,1887
37.63401,78.232043,1016,1887,1888,1921,1922
34.568325,77.767052,1017,1018,1885,1886
34.330399,77.768238,1018,1111,1112,1884,1885
32.566619,77.563971,1019,1020,1021,1113,1114,1882,1883
33.63656,77.566917,1019,1883,1884,1885,1886,1887,1920,1921
33.632462,77.599955,1019,1112,1113,1884
30.763842,77.199227,1020,1021,1880,1881
31.099683,77.232606,1020,1881,1882
30.634124,77.2669,1021,1022,1114,1115,1879,1880
29.167068,77.033064,1022,1115,1116,1877,1878
29.296204,77.036086,1022,1878,1879
30.001969,76.199333,1023,1024,1025,1117,1118,1119,1167,1168,1918
29.100778,76.300911,1023,1918,1919,1920,1921,1922,1933,1934
28.599264,76.302185,1023,1166,1167,1919
31.568523,76.266488,1024,1025,1916,1917
29.999942,76.235167,1024,1917,1918,1933
32.701351,76.266034,1025,1026,1027,1028,1117,1916
33.602986,76.331217,1026,1027,1915,1931,1932
32.701642,76.298245,1026,1916,1917,1932,1933,1934,1935,1936
34.065215,76.233371,1027,1028,1914,1915
35.499809,76.16898,1028,1029,1117,1118,1914
36.400838,76.065587,1029,1030,1118,1119,1912,1913
36.164945,76.166682,1029,1913,1914,1915,1930,1931
37.4037,75.963546,1030,1119,1120,1121,1164,1168,1910,1911
37.399268,76.000407,1030,1911,1912
39.233699,75.968053,1031,1032,1120,1121,1909
38.867123,76.034124,1031,1909,1910,1911,1912,1913,1929,1930
38.602188,75.966997,1031,1120,1910
41.034833,75.969053,1032,1121,1162,1164,1907,1908
39.498211,75.999299,1032,1908,1909,1928,1929
43.665784,76.700913,1033,1034,1905,1906
42.001308,76.13156,1033,1906,1907,1908,1927,1928
41.899776,76.003342,1033,1034,1152,1153,1154,1155,1156,1157,1158,1162,1907
44.064171,76.699173,1034,1142,1152,1904,1905
44.369766,77.232569,1035,1036,1122,1903
44.067837,76.867092,1035,1903,1904,1905,1906,1926,1927
44.336109,76.802182,1035,1122,1123,1124,1125,1126,1127,1128,1142,1904
44.800988,77.930188,1036,1037,1038,1039,1040,1041,1042,1043,1044,1122,1123,1902
44.202458,77.566215,1036,1902,1903,1925,1926
44.233716,78.202754,1037,1038,1901,1923,1924
44.603185,78.000941,1037,1902,1924,1925
44.431831,78.20283,1038,1039,1900,1901
44.830605,78.395853,1039,1040,1899,1900
44.899516,78.401275,1040,1041,1898,1899
45.0,78.5,1041,1042,1897,1898
28.932359,76.899267,1116,1160,1161,1877
28.268268,76.398822,1161,1163,1165,1166,1877,1878,1879,1880,1881,1882,1883,1919,1920
5.798792,70.833081,1172,1173,1334,1335,1336,1337,1338,1339,1349,1350
4.799129,70.868205,1173,1174,1333,1334
45.0,45.166667,1228,1229,2172,2173
44.966736,45.167069,1229,1230,1231,1232,1233,1234,1235,1236,1237,1292,1293,2172
44.899628,45.066196,1230,1231,2174,2175
44.967753,45.134418,1230,2172,2173,2175
44.833333,45.0,1231,1232,2174
39.033333,45.0,1232,1233,1948
38.170341,45.233499,1233,1234,1947,1948
38.167261,45.265641,1234,1235,1946,1947
35.302332,45.932076,1235,1236,1945,1946
35.001261,46.231936,1236,1237,1944,1945
34.39933,46.334205,1237,1238,1239,1293,1294,1307,1943,1944
31.699496,46.569474,1238,1239,1941,1942
33.269335,46.334272,1238,1942,1943
31.699695,46.602246,1239,1240,1241,1242,1243,1294,1940,1941
29.766262,46.900983,1240,1241,1397,1398,1399,1400,1409
30.735088,46.632629,1240,1398,1939,1940
28.999387,47.136419,1241,1242,1396,1397
28.56592,47.297988,1242,1243,1395,1396
28.568661,47.366886,1243,1244,1294,1307,1308,1395
26.934848,47.636656,1244,1295,1308,1309,1393,1394
28.165214,47.366071,1244,1394,1395,1396,1397,1408,1409
20.868141,47.632218,1245,1295,1296,1297,1309,1310,1391,1392
21.43411,47.436966,1245,1392,1393,1394,1407,1408
22.765599,47.632973,1245,1295,1393
18.033351,47.400057,1246,1247,1296,1297,1390
18.965411,47.400946,1246,1390,1391,1392,1406,1407
18.966841,47.43277,1246,1296,1391
17.099589,47.369662,1247,1297,1298,1310,1311,1388,1389
18.032865,47.365521,1247,1389,1390,1405,1406
15.366108,46.900183,1248,1249,1386,1387
16.469266,47.133939,1248,1387,1388,1389,1404,1405
16.465547,47.168172,1248,1249,1250,1298,1388
14.498514,46.832615,1249,1250,1385,1386
14.164994,46.833442,1250,1298,1311,1312,1384,1385
11.869024,46.299719,1251,1252,1381,1382
12.933939,46.367388,1251,1382,1383,1384,1385,1386,1387,1403,1404
12.931725,46.398298,1251,1252,1299,1383
11.500442,46.300486,1252,1299,1300,1301,1302,1303,1304,1305,1306,1313,1380,1381
9.402311,45.534313,1253,1254,1360,1361,1378
9.769016,45.60015,1253,1378,1379
10.866863,46.068731,1253,1254,1255,1256,1257,1258,1300,1379,1380
13.337113,46.598261,1299,1312,1313,1383,1384
4.130608,72.032197,1315,1316,1319,1320,1321,1329
7.636615,71.932647,1324,1325,1331,1358
9.565924,45.365782,1361,1362,1378,1379,1380,1381,1382,1402,1403
9.766667,45.0,1362,1401,1402
11.300706,71.766341,1371,1375,1376,1419
11.299603,71.666504,1372,1373,1376,1377,1419,1420,1421,1422,1426
30.263639,46.16892,1398,1399,1938,1939
30.231596,46.166295,1399,1400,1937,1938
29.500416,45.200269,1400,1401,1402,1403,1404,1405,1406,1407,1408,1409,1937
29.566667,45.0,1401,1937,1938,1939,1940,1941,1942,1943,1944,1945,1946,1947,1948
12.731763,70.798871,1412,1413,1503,1504,1514
12.735003,70.835535,1412,1499,1500,1504
12.500735,70.802074,1413,1414,1427,1428,1503
12.800536,71.664537,1423,1517,1518,1519,1520,1539,1540
12.699989,70.53243,1428,1429,1503,1513,1514,1515,1516
13.034056,70.468343,1429,1430,1512,1513
14.636469,70.467707,1430,1431,1432,1463,1511,1512
15.633705,70.502999,1431,1432,1509,1510
15.034321,70.497812,1431,1510,1511
16.032315,70.466233,1432,1433,1463,1467,1470,1473,1474,1508,1509
18.065787,70.634275,1433,1474,1475,1585,1586,1587,1588,1589
16.465555,70.598214,1433,1508,1586
19.365718,70.999305,1434,1483,1486,1487,1597,1598
18.997179,70.998938,1434,1588,1589,1598,1599,1600
18.498865,70.634042,1434,1475,1478,1482,1483,1589
21.66609,70.800019,1435,1464,1479,1480,1481,1484,1657,1658,1659,1660,1661,1669,1670
21.101625,70.966048,1435,1595,1596,1657
20.300065,71.066624,1435,1484,1485,1487,1596,1597
23.200561,71.002344,1436,1437,1668,1672,1673
22.430235,70.931019,1436,1669,1670,1673
22.434022,70.899643,1436,1437,1464,1669
23.197078,70.969191,1437,1464,1476,1477,1479,1667,1668
25.162577,71.067284,1438,1439,1742
24.934182,71.063869,1438,1663,1664,1716,1724,1725,1742,1743
24.834238,70.999039,1438,1439,1465,1468,1664,1665
26.395289,71.199862,1439,1440,1441,1465,1741,1742,1743,1744,1745,1748
23.967012,70.767123,1468,1469,1471,1665,1666
23.800982,70.761563,1471,1472,1476,1666,1667
18.46817,70.968171,1491,1492,1590,1591,1592,1593,1594,1599,1600
18.467705,70.932906,1492,1493,1587,1588,1599
18.065535,70.73129,1493,1494,1584,1585,1587
17.065958,70.770312,1494,1495,1583,1584
16.399094,70.70016,1495,1496,1506,1507,1583
15.534544,70.73136,1496,1497,1506
14.265388,70.700637,1497,1498,1505,1506,1507,1515,1516
13.166353,70.867592,1498,1499,1500,1501,1502,1505
13.165465,70.829913,1499,1504,1505,1514,1515
16.33585,70.599231,1507,1508,1509,1510,1511,1512,1513,1516,1583,1584,1585,1586
22.968795,72.066736,1528,1529,1557,1558,1689,1690,1704,1705
22.533459,72.229356,1529,1530,1556,1557
21.668746,72.299683,1530,1531,1555,1556
20.234794,72.232166,1531,1532,1542,1543,1554,1555
18.432661,71.934099,1532,1543,1544,1552,1553
19.035876,72.000287,1532,1553,1554
16.16452,71.598752,1533,1534,1550,1551
17.665498,71.699196,1533,1551,1552,1553,1554,1555,1556,1557,1558,1572,1573
17.668121,71.731263,1533,1534,1535,1544,1545,1552
15.46523,71.567251,1534,1535,1549,1550
14.533281,71.699631,1535,1545,1546,1547,1548,1549
13.867814,71.53423,1536,1537,1538,1539,1540,1546,1548
22.997145,72.065327,1558,1559,1573,1574,1703,1704
22.86816,72.032681,1559,1574,1577,1578,1674
22.999015,72.034317,1559,1674,1675,1702,1703
22.865626,71.999267,1560,1575,1576,1578,1674,1675,1685,1686,1687,1688
19.699163,71.231648,1592,1593,1601,1639,1640
20.668467,71.132884,1593,1594,1639
21.000642,71.133379,1594,1595,1596,1597,1598,1600,1638,1639,1640,1641,1649,1650
21.300661,71.033664,1595,1638,1657,1658
34.632193,69.799201,1614,1615,2007,2027,2042
34.634251,69.767247,1615,1616,2001,2002,2042,2043,2044,2045,2054,2055
34.399718,69.532956,1616,1617,2001
34.465342,69.400441,1617,1618,2000,2001,2002,2003,2004,2005,2006
34.268139,69.299493,1618,1619,1988,1989,2000
33.932897,69.26773,1619,1620,1977,1988
33.666766,69.33331,1620,1621,1976,1977,1978,1985
33.267511,70.099628,1621,1622,1953,1954,1955,1960,1961,1975,1976
32.597031,70.234057,1622,1623,1952,1953
32.602851,70.264886,1623,1624,1643,1644,1952
31.331556,70.43545,1624,1625,1626,1627,1644,1645,1950,1951
32.334305,70.263362,1624,1951,1952,1953,1959,1960
29.598455,70.766369,1625,1626,1729,1730
30.298784,70.533816,1625,1730,1731,1949,1950
29.267409,70.833365,1626,1627,1729,1874,1875
29.133921,70.901638,1627,1628,1629,1645,1646,1874
28.166837,70.967087,1628,1629,1726,1727,1872,1873
28.867041,70.867328,1628,1873,1874,1875,1876
27.201545,71.165259,1629,1630,1631,1646,1647,1714,1726
26.566939,71.265876,1630,1631,1718,1719,1721
27.06548,71.16527,1630,1714,1715,1718
26.565882,71.336417,1631,1647,1653,1655,1656,1713,1721,1723
25.367801,71.301004,1632,1633,1634,1635,1636,1648,1711
25.499051,71.266523,1632,1711,1712
26.166649,71.36778,1632,1648,1654,1656,1712,1713
24.535909,71.097121,1633,1634,1662,1710
24.800303,71.132613,1633,1710,1711,1712,1713,1717,1720,1722,1723
23.965296,71.034411,1634,1635,1662,1671
23.165822,71.166508,1635,1636,1661,1670,1671,1672,1673
23.167182,71.20255,1636,1637,1648,1649,1650,1651,1652,1654,1660,1661
21.69892,71.099625,1637,1638,1649,1658,1659
21.936345,71.100598,1637,1659,1660
24.200075,70.965372,1662,1663,1664,1665,1666,1667,1668,1671,1672,1710,1717
24.730207,71.066152,1663,1716,1717,1720
23.402793,72.099218,1675,1676,1677,1686,1702
23.767469,72.135435,1676,1677,1701,1708,1709
23.402312,72.131129,1676,1702,1703,1704,1705,1706,1707,1709
24.267004,72.065646,1677,1678,1686,1687,1701
24.963375,72.065695,1678,1679,1687,1688,1699,1700
24.766195,72.136006,1678,1700,1701,1708
26.066763,72.06699,1679,1680,1681,1682,1683,1684,1685,1688,1697,1698
26.031515,72.067672,1679,1698,1699
26.101573,72.003096,1680,1681,1754,1755,1756,1757,1758,1760
26.070205,72.130857,1680,1696,1697,1754
26.099777,71.965211,1681,1682,1753,1759,1760
26.768363,72.199971,1694,1695,1755,1756,1790,1791
26.065359,72.200949,1695,1696,1754,1755
27.201735,71.066969,1714,1715,1726,1727,1728,1744,1745
26.533694,71.233493,1715,1718,1719,1725,1743,1744
24.930629,71.101126,1716,1720,1722,1724
25.798997,71.235843,1719,1721,1722,1723,1724,1725
27.731996,70.965756,1727,1728,1872
28.03529,70.867258,1728,1745,1748,1750,1751,1752,1872,1873,1876
28.8009,70.83006,1729,1730,1731,1732,1749,1751,1875,1876
30.101822,70.531265,1731,1732,1949
30.098565,70.501654,1732,1746,1747,1749,1949,1950,1951,1958,1959
30.933196,70.366493,1733,1957,1958,1959,1960,1961,1962
30.766859,70.366591,1733,1734,1735,1736,1737,1738,1746,1958
30.666844,70.3662,1735,1736,1814
30.467462,70.366969,1736,1737,1813,1814,1815,1816,1817,1820
29.398429,70.567577,1737,1738,1812,1813
28.632825,70.765741,1738,1746,1747,1811,1812
27.499215,70.899832,1739,1750,1752,1809,1810
28.069312,70.798293,1739,1810,1811,1812,1813,1819,1820
28.631721,70.799435,1739,1747,1749,1751,1752,1811
27.497869,70.934375,1740,1741,1748,1750,1808,1809
26.967739,72.199655,1756,1757,1789,1790
25.967464,70.266733,1761,1762
25.935637,70.265571,1761
25.931268,70.232801,1761,1762
26.835014,70.400861,1762
45.0,68.933333,1776,1777,1837,1838
43.733789,69.166511,1777,1778,1837
43.665536,69.16711,1778,1779,1836,1837,1838,1865
41.899673,70.134022,1779,1780,1836
41.834097,70.133597,1780,1781,1796,1836,1865,1866,1870
41.466361,70.500668,1781,1796,1797,1834,1835
41.466542,70.466151,1781,1835,1864,1869,1870,1871
39.196405,71.034035,1782,1798,1799,1831,1832
39.200459,70.999047,1782,1832,1833
41.032887,70.831985,1782,1797,1798,1833,1834
36.232077,71.0026,1783,1784,1800,1801,1830
37.069456,70.76525,1783,1830,1831,1832,1833,1834,1835,1863,1864
37.967119,70.901504,1783,1799,1800,1831
35.767635,71.297513,1784,1801,1802,1828,1829
36.131251,70.998711,1784,1829,1830,1862,1863
32.131842,71.832916,1785,1804,1805,1806,1807,1825,1826
33.097441,71.601381,1785,1826,1827,1828,1829,1861,1862
33.599449,71.60041,1785,1803,1804,1827
28.13176,72.10264,1786,1787,1823,1824
30.434438,71.899499,1786,1824,1825,1826,1860,1861
30.799679,71.901975,1786,1787,1805,1825
27.90057,72.198779,1787,1788,1789,1790,1791,1792,1793,1794,1795,1805,1806,1822,1823
35.332119,71.432058,1802,1803,1827,1828
32.831653,70.10113,1954,1955,1963,1964
33.102638,70.034024,1954,1964,1968,1969,1975
32.830205,70.133848,1955,1961,1962,1963
32.702483,69.032744,1965,1966,1967,1970,1973
32.73144,69.03404,1965,1973,1974
33.331487,69.468962,1965,1969,1970,1971,1974,1975,1976,1984,1985
32.698235,68.934646,1966,1972,1973,1974,1983,1984
33.597278,69.100794,1977,1978,1986,1988,1989,1990,1997,1998
33.568889,69.029685,1978,1979,1980,1981,1982,1983,1984,1985,1986,1987
34.265962,69.235071,1989,1990,2000,2006
34.699417,69.234509,1990,1998,1999,2005,2006
34.835338,69.734891,1991,1992,2002,2003,2054
34.763625,69.665616,1991,2003,2004
34.899886,69.468265,1991,1992,1993,1994,1995,1996,1999,2004,2005
34.83394,69.764796,1992,1993,2053,2054,2055
35.16725,69.769451,1993,1994,2052,2053,2056
35.968535,69.936656,2008,2009,2061,2068,2069
36.663671,69.933496,2009,2010,2031,2035,2036,2067,2068
37.333339,70.032538,2010,2011,2036,2040,2041,2066
37.234799,70.035906,2010,2066,2067
37.331236,70.061803,2011,2065,2066,2067,2068,2069,2070
39.466676,69.900218,2016,2017,2028,2029,2032,2122,2123
40.165794,69.633013,2017,2018,2019,2028,2124,2125,2129,2130
39.7642,69.768772,2018,2019,2109
39.966993,69.663513,2018,2109,2110,2119,2120,2121,2124
39.198466,69.96539,2019,2020,2028,2029,2109,2115,2118,2119
39.333039,70.233457,2020,2029,2032,2033,2108
39.033348,70.066938,2020,2108,2114,2115
38.433735,70.098638,2021,2022,2034,2037,2038,2072
38.499577,70.100737,2021,2072,2073
39.099228,70.200899,2021,2033,2034,2073,2074,2097,2107,2108,2114
37.733748,69.764897,2022,2023,2024,2038,2039,2071
38.032379,69.834327,2022,2071,2072,2073,2096,2097,2098,2099,2103
37.430298,69.999003,2024,2039,2040,2041,2046,2047
36.199789,69.799257,2025,2026,2044,2045
36.502193,69.795937,2025,2045,2046,2047,2048,2049,2050,2051,2052,2053,2055
36.503368,69.832891,2025,2026,2035,2036,2040,2046
35.399973,69.900359,2026,2030,2031,2035,2043,2044
34.799138,69.864587,2027,2030,2042,2043
36.101423,69.733692,2050,2051,2057,2058
35.567695,69.699527,2051,2052,2056,2057
38.865274,70.066312,2074,2097,2098,2106
38.93436,70.066275,2074,2106,2107
39.799994,69.635464,2075,2076,2117,2120,2121
39.262467,69.898395,2075,2118,2119,2121
38.867558,69.966947,2075,2076,2098,2099,2106,2107,2114,2115,2118
39.900293,68.835776,2076,2077,2078,2079,2099,2100,2103,2104,2113,2116,2117
40.432947,68.766804,2077,2078,2111,2112,2144,2145
40.265744,68.832323,2077,2112,2113
41.804065,68.465384,2078,2079,2143,2144
41.801451,68.434657,2079,2080,2081,2100,2143
42.566797,68.265386,2080,2081,2156,2160
42.564795,68.396175,2080,2142,2143,2144,2145,2153,2155,2156
42.732679,68.167546,2081,2100,2104,2105,2159,2160
44.665049,68.031713,2082,2083,2140,2141,2151,2152
43.601055,68.09806,2082,2141,2157,2158
43.366633,68.032722,2082,2083,2084,2085,2101,2102,2105,2158,2159
44.869061,67.932633,2083,2084,2139,2140,2167,2168
44.700484,67.870232,2084,2085,2167
44.798887,67.76484,2085,2086,2087,2088,2089,2090,2091,2092,2101,2167,2168,2169,2170,2171
45.0,67.733333,2086,2171
40.001021,69.070426,2110,2116,2117,2120,2127,2128,2131
40.067291,69.466343,2110,2124,2128,2129
40.434143,68.869865,2111,2145,2146,2147,2148,2149,2150,2153
40.299759,68.865768,2111,2112,2113,2116,2131,2132,2146
43.966311,68.198098,2134,2135,2149,2150,2161,2162,2165,2166
44.264201,68.132654,2135,2136,2150,2153,2154,2155,2164
44.265225,68.167213,2135,2164,2165
44.632146,68.098891,2136,2151,2152,2154,2163
44.631526,68.131084,2136,2163,2164,2165,2166
44.933336,67.865762,2137,2138,2169,2170
45.0,67.866667,2137,2170,2171
45.0,68.1,2137,2138,2139,2140,2151,2162,2163,2166
44.93442,67.967311,2138,2139,2168,2169
43.602369,68.136155,2141,2142,2152,2154,2155,2157
43.165752,68.135196,2142,2156,2157,2158,2159,2160
45.0,45.0,2173,2174,2175