0,1,2,1,1,1,46320
3,4,5,1,1,1
6,5,7,1,0,1
8,7,9,1,0,1
10,9,11,1,0,1
12,11,13,1,0,1
14,13,15,1,0,1
16,15,17,1,0,1
18,17,19,1,0,1
20,19,21,1,0,1
22,23,24,1,1,1
25,26,27,1,1,1
28,27,29,1,0,1
30,29,31,1,0,1
32,31,33,1,0,1
34,35,36,1,1,1
37,36,38,1,0,1
39,40,41,1,1,1
42,43,44,1,1,1
45,44,46,1,0,1
47,48,49,1,1,1
50,49,51,1,0,1
52,53,54,1,1,1
55,54,56,1,0,1
57,58,59,1,1,1
60,59,61,1,0,1
62,61,63,1,0,1
2,63,64,0,0,1
21,64,65,0,0,1
24,65,66,0,0,1
38,33,67,0,0,1
41,67,68,0,0,1
46,68,69,0,0,1
51,69,70,0,0,1
56,70,66,0,0,0
71,72,73,1,1,1,29440
74,75,76,1,1,1
77,78,79,1,1,1
80,79,81,1,0,1
82,81,83,1,0,1
84,83,85,1,0,1
86,85,87,1,0,1
88,87,89,1,0,1
90,89,91,1,0,1
92,93,94,1,1,1
95,96,97,1,1,1
98,99,100,1,1,1
101,100,102,1,0,1
103,104,105,1,1,1
106,105,107,1,0,1
108,109,110,1,1,1
111,112,113,1,1,1
114,115,116,1,1,1
117,116,118,1,0,1
119,118,120,1,0,1
73,120,121,0,0,1
76,121,122,0,0,1
94,91,123,0,0,1
102,97,124,0,0,1
107,125,126,0,1,1
127,126,128,1,0,1
110,128,129,0,0,1
113,129,130,0,0,1
122,130,131,0,0,1
123,131,124,0,0,0
132,133,134,1,1,1,29696
135,134,136,1,0,1
137,136,138,1,0,1
139,138,140,1,0,1
141,140,142,1,0,1
143,142,144,1,0,1
145,144,146,1,0,1
147,146,148,1,0,1
149,148,150,1,0,1
151,150,152,1,0,1
153,152,154,1,0,1
155,154,156,1,0,1
157,156,158,1,0,1
159,158,160,1,0,1
161,160,162,1,0,1
163,162,164,1,0,1
165,164,166,1,0,1
167,166,168,1,0,1
169,168,170,1,0,1
171,170,172,1,0,1
173,172,174,1,0,1
175,174,176,1,0,1
177,176,178,1,0,1
179,178,180,1,0,1
181,180,182,1,0,1
183,182,184,1,0,1
185,184,186,1,0,1
187,186,188,1,0,1
189,188,190,1,0,1
191,190,192,1,0,1
193,192,194,1,0,1
195,194,196,1,0,1
197,196,198,1,0,1
199,198,200,1,0,1
201,200,202,1,0,1
203,202,204,1,0,1
205,204,206,1,0,1
207,206,208,1,0,1
209,210,211,1,1,1
212,211,213,1,0,1
214,215,216,1,1,1
217,218,219,1,1,1
220,221,222,1,1,1
223,224,225,1,1,1
226,227,228,1,1,1
229,228,230,1,0,1
231,232,233,1,1,1
234,235,236,1,1,1
237,238,239,1,1,1
240,239,241,1,0,1
78,242,243,0,1,1
74,243,244,0,0,1
71,75,245,0,0,1
246,245,247,1,0,1
208,248,249,0,1,1
213,249,250,0,0,1
216,250,251,0,0,1
219,251,252,0,0,1
253,252,254,1,0,1
222,254,255,0,0,1
256,255,257,1,0,1
225,257,258,0,0,1
259,258,260,1,0,1
230,260,261,0,0,1
262,261,263,1,0,1
233,263,264,0,0,1
265,264,266,1,0,1
236,266,267,0,0,1
268,267,269,1,0,1
241,269,270,0,0,1
244,270,247,0,0,0
271,272,273,1,1,1,29936
274,273,275,1,0,1
276,277,278,1,1,1
279,278,280,1,0,1
281,280,282,1,0,1
283,282,284,1,0,1
285,284,286,1,0,1
287,288,289,1,1,1
290,289,291,1,0,1
292,293,294,1,1,1
295,296,297,1,1,1
298,299,300,1,1,1
301,302,303,1,1,1
304,303,305,1,0,1
306,305,307,1,0,1
308,307,309,1,0,1
310,309,311,1,0,1
312,313,314,1,1,1
315,314,316,1,0,1
317,318,319,1,1,1
320,319,321,1,0,1
322,323,324,1,1,1
325,324,326,1,0,1
327,326,328,1,0,1
329,330,331,1,1,1
332,333,334,1,1,1
335,336,337,1,1,1
338,339,340,1,1,1
341,340,342,1,0,1
343,342,344,1,0,1
345,344,346,1,0,1
347,346,348,1,0,1
349,348,350,1,0,1
351,350,352,1,0,1
353,354,355,1,1,1
356,357,358,1,1,1
359,358,360,1,0,1
248,360,361,0,0,1
275,361,362,0,0,1
286,362,363,0,0,1
364,363,365,1,0,1
366,365,367,1,0,1
291,367,368,0,0,1
297,294,369,0,0,1
300,370,371,0,1,1
311,372,373,0,1,1
316,373,374,0,0,1
321,375,376,0,1,1
328,376,377,0,0,1
352,337,378,0,0,1
355,378,379,0,0,1
371,369,380,0,0,1
374,380,381,0,0,1
377,381,382,0,0,1
331,382,383,0,0,1
379,334,384,0,0,1
368,384,383,0,0,0
385,386,387,1,1,1,50416
388,387,389,1,0,1
390,391,392,1,1,1
393,394,395,1,1,1
396,395,397,1,0,1
398,399,400,1,1,1
401,402,403,1,1,1
404,405,406,1,1,1
407,408,409,1,1,1
410,409,411,1,0,1
412,413,414,1,1,1
415,416,417,1,1,1
418,419,420,1,1,1
421,422,423,1,1,1
424,423,425,1,0,1
1,425,426,0,0,1
62,426,427,0,0,1
60,427,428,0,0,1
57,428,429,0,0,1
55,58,430,0,0,1
52,430,431,0,0,1
50,53,432,0,0,1
45,48,433,0,0,1
42,433,434,0,0,1
39,43,435,0,0,1
37,40,436,0,0,1
437,34,438,1,0,1
439,440,441,1,1,1
442,441,443,1,0,1
444,443,445,1,0,1
446,447,448,1,1,1
449,448,450,1,0,1
451,452,453,1,1,1
454,453,455,1,0,1
456,455,457,1,0,1
458,457,459,1,0,1
460,461,462,1,1,1
463,464,465,1,1,1
466,467,468,1,1,1
469,470,471,1,1,1
472,473,474,1,1,1
356,474,475,0,0,1
357,475,476,0,0,1
353,476,477,0,0,1
354,477,478,0,0,1
351,478,479,0,0,1
349,479,480,0,0,1
347,480,481,0,0,1
345,481,482,0,0,1
343,482,483,0,0,1
338,341,484,0,0,1
335,339,485,0,0,1
336,485,486,0,0,1
332,486,487,0,0,1
333,487,488,0,0,1
329,488,489,0,0,1
330,489,490,0,0,1
327,490,491,0,0,1
325,491,492,0,0,1
322,492,493,0,0,1
323,493,494,0,0,1
320,494,495,0,0,1
375,318,496,0,0,1
315,496,497,0,0,1
312,497,498,0,0,1
310,313,499,0,0,1
308,499,500,0,0,1
304,306,501,0,0,1
301,501,502,0,0,1
372,302,503,0,0,1
298,503,504,0,0,1
370,299,505,0,0,1
295,505,506,0,0,1
292,296,507,0,0,1
290,293,508,0,0,1
287,508,509,0,0,1
366,288,510,0,0,1
364,510,511,0,0,1
285,511,512,0,0,1
283,512,513,0,0,1
279,281,514,0,0,1
274,277,515,0,0,1
389,271,516,0,0,1
392,516,517,0,0,1
397,517,518,0,0,1
400,518,519,0,0,1
403,519,520,0,0,1
521,520,522,1,0,1
411,406,523,0,0,1
414,523,524,0,0,1
417,524,525,0,0,1
420,525,526,0,0,1
429,526,527,0,0,1
431,527,528,0,0,1
432,528,529,0,0,1
47,529,530,0,0,1
434,530,531,0,0,1
435,531,532,0,0,1
436,532,533,0,0,1
445,534,535,0,1,1
450,535,536,0,0,1
459,536,537,0,0,1
462,537,538,0,0,1
539,538,540,1,0,1
465,540,541,0,0,1
468,541,542,0,0,1
483,471,543,0,0,1
495,484,544,0,0,1
317,544,545,0,0,1
498,545,546,0,0,1
500,546,547,0,0,1
502,547,548,0,0,1
506,504,549,0,0,1
507,549,550,0,0,1
513,509,551,0,0,1
514,551,552,0,0,1
515,276,553,0,0,1
522,553,554,0,0,1
533,554,555,0,0,1
438,555,556,0,0,1
543,542,557,0,0,1
548,557,558,0,0,1
550,558,559,0,0,1
552,559,556,0,0,0
560,561,562,1,1,1,46320
563,562,564,1,0,1
565,564,566,1,0,1
567,566,568,1,0,1
569,568,570,1,0,1
571,570,572,1,0,1
573,572,574,1,0,1
575,574,576,1,0,1
577,578,579,1,1,1
580,579,581,1,0,1
582,583,584,1,1,1
585,584,586,1,0,1
587,588,589,1,1,1
590,589,591,1,0,1
592,591,593,1,0,1
594,593,595,1,0,1
596,595,597,1,0,1
598,597,599,1,0,1
600,599,601,1,0,1
602,601,603,1,0,1
604,605,606,1,1,1
607,606,608,1,0,1
609,608,610,1,0,1
611,612,613,1,1,1
614,615,616,1,1,1
617,616,618,1,0,1
619,620,621,1,1,1
622,621,623,1,0,1
624,625,626,1,1,1
627,628,629,1,1,1
630,631,632,1,1,1
633,632,634,1,0,1
635,634,636,1,0,1
637,638,639,1,1,1
640,641,642,1,1,1
643,642,644,1,0,1
645,644,646,1,0,1
421,646,647,0,0,1
422,647,648,0,0,1
418,648,649,0,0,1
415,419,650,0,0,1
412,416,651,0,0,1
410,413,652,0,0,1
653,407,654,1,0,1
405,655,656,0,1,1
521,656,657,0,0,1
401,657,658,0,0,1
402,658,659,0,0,1
398,659,660,0,0,1
399,660,661,0,0,1
396,661,662,0,0,1
393,662,663,0,0,1
390,394,664,0,0,1
388,391,665,0,0,1
576,385,666,0,0,1
581,666,667,0,0,1
586,667,668,0,0,1
669,668,670,1,0,1
603,671,672,0,1,1
673,672,674,1,0,1
613,610,675,0,0,1
618,675,676,0,0,1
623,676,677,0,0,1
629,626,678,0,0,1
636,678,679,0,0,1
649,639,680,0,0,1
650,680,681,0,0,1
651,681,682,0,0,1
652,682,683,0,0,1
654,683,684,0,0,1
663,685,686,0,1,1
665,664,687,0,0,1
670,687,688,0,0,1
674,688,689,0,0,1
677,689,690,0,0,1
679,691,692,0,1,1
684,692,693,0,0,1
686,694,695,0,1,1
690,695,693,0,0,0
696,697,698,1,1,1,1267
699,698,700,1,0,1
701,700,702,1,0,1
703,704,705,1,1,1
706,707,708,1,1,1
709,710,711,1,1,1
712,713,714,1,1,1
715,714,716,1,0,1
717,718,719,1,1,1
720,721,722,1,1,1
590,722,723,0,0,1
587,723,724,0,0,1
671,588,725,0,0,1
669,725,726,0,0,1
585,726,727,0,0,1
582,727,728,0,0,1
580,583,729,0,0,1
575,578,730,0,0,1
573,730,731,0,0,1
571,731,732,0,0,1
567,569,733,0,0,1
565,733,734,0,0,1
563,734,735,0,0,1
702,560,736,0,0,1
705,736,737,0,0,1
738,737,739,1,0,1
716,711,740,0,0,1
719,740,741,0,0,1
742,741,743,1,0,1
728,724,744,0,0,1
729,744,745,0,0,1
577,745,746,0,0,1
732,746,747,0,0,1
739,735,748,0,0,1
708,748,749,0,0,1
743,749,747,0,0,0
750,751,752,1,1,1,9460
753,752,754,1,0,1
755,754,756,1,0,1
757,756,758,1,0,1
759,758,760,1,0,1
761,760,762,1,0,1
763,762,764,1,0,1
765,764,696,1,0,0
766,767,768,1,1,1,9461
769,768,770,1,0,1
761,763,771,0,0,1
757,759,772,0,0,1
753,755,773,0,0,1
774,750,775,1,0,1
771,770,776,0,0,1
772,776,777,0,0,1
773,777,775,0,0,0
778,779,780,1,1,1,1270
781,780,782,1,0,1
783,782,784,1,0,1
785,786,787,1,1,1
788,787,789,1,0,1
790,791,792,1,1,1
793,794,795,1,1,1
796,795,797,1,0,1
798,797,799,1,0,1
800,799,801,1,0,1
802,803,804,1,1,1
805,804,806,1,0,1
807,806,808,1,0,1
809,808,810,1,0,1
811,810,812,1,0,1
813,814,815,1,1,1
816,815,817,1,0,1
818,819,820,1,1,1
821,822,823,1,1,1
824,825,826,1,1,1
827,826,828,1,0,1
829,830,831,1,1,1
832,831,833,1,0,1
834,835,836,1,1,1
837,836,838,1,0,1
839,838,840,1,0,1
841,842,843,1,1,1
844,843,845,1,0,1
846,845,847,1,0,1
848,847,849,1,0,1
850,849,851,1,0,1
852,853,854,1,1,1
855,856,857,1,1,1
858,857,859,1,0,1
860,861,862,1,1,1
863,864,865,1,1,1
866,865,867,1,0,1
868,869,870,1,1,1
871,870,872,1,0,1
873,874,875,1,1,1
876,877,878,1,1,1
879,880,881,1,1,1
882,883,884,1,1,1
885,884,886,1,0,1
887,886,888,1,0,1
889,890,891,1,1,1
892,891,893,1,0,1
894,895,896,1,1,1
897,896,898,1,0,1
899,898,900,1,0,1
901,900,902,1,0,1
903,904,905,1,1,1
906,905,907,1,0,1
908,907,909,1,0,1
910,909,911,1,0,1
912,913,914,1,1,1
915,914,916,1,0,1
917,918,919,1,1,1
920,921,922,1,1,1
923,922,924,1,0,1
925,926,927,1,1,1
928,929,930,1,1,1
931,932,933,1,1,1
934,933,935,1,0,1
936,937,938,1,1,1
939,938,940,1,0,1
941,940,942,1,0,1
943,944,945,1,1,1
946,945,947,1,0,1
948,947,949,1,0,1
950,949,951,1,0,1
952,953,954,1,1,1
955,954,956,1,0,1
957,958,959,1,1,1
960,959,961,1,0,1
962,961,963,1,0,1
964,965,966,1,1,1
967,966,968,1,0,1
969,968,970,1,0,1
971,970,972,1,0,1
973,972,974,1,0,1
975,974,976,1,0,1
977,978,979,1,1,1
980,981,982,1,1,1
983,982,984,1,0,1
985,984,986,1,0,1
987,986,988,1,0,1
989,988,990,1,0,1
991,990,992,1,0,1
767,992,993,0,0,1
789,784,994,0,0,1
801,792,995,0,0,1
817,812,996,0,0,1
828,823,997,0,0,1
833,997,998,0,0,1
840,998,999,0,0,1
851,1000,1001,0,1,1
854,1001,1002,0,0,1
859,1003,1004,0,1,1
862,1004,1005,0,0,1
878,875,1006,0,0,1
888,881,1007,0,0,1
893,1007,1008,0,0,1
911,902,1009,0,0,1
916,1010,1011,0,1,1
1012,1011,1013,1,0,1
1014,1013,1015,1,0,1
919,1015,1016,0,0,1
927,924,1017,0,0,1
930,1017,1018,0,0,1
935,1019,1020,0,1,1
942,1020,1021,0,0,1
963,956,1022,0,0,1
994,993,1023,0,0,1
1005,1002,1024,0,0,1
1008,1006,1025,0,0,1
1009,1025,1026,0,0,1
1023,979,1027,0,0,1
995,1027,1028,0,0,1
1026,872,1029,0,0,1
1030,1029,1031,1,0,1
1028,1032,1033,0,1,1
1031,867,1034,0,0,1
1033,976,1035,0,0,1
1036,1035,1037,1,0,1
1034,1038,1039,0,1,1
1016,1039,1040,0,0,1
1037,1041,1042,0,1,1
996,1042,1043,0,0,1
1040,1044,1045,0,1,1
1043,1046,1047,0,1,1
820,1047,1048,0,0,1
999,1048,1049,0,0,1
1045,1050,1051,0,1,1
1018,1051,1052,0,0,1
1049,1022,1053,0,0,1
1052,1054,1055,0,1,1
1021,1055,1056,0,0,1
1053,1057,1058,0,1,1
1056,1024,1059,0,0,1
951,1059,1058,0,0,0
1060,1061,1062,1,1,1,1271
1063,1062,1064,1,0,1
1065,1064,1066,1,0,1
1067,1066,1068,1,0,1
1069,1070,1071,1,1,1
1072,1071,1073,1,0,1
1074,1075,1076,1,1,1
1077,1078,1079,1,1,1
1080,1081,1082,1,1,1
1083,1082,1084,1,0,1
1085,1086,1087,1,1,1
1088,1089,1090,1,1,1
1091,1090,1092,1,0,1
1093,1094,1095,1,1,1
1096,1097,1098,1,1,1
1099,1098,1100,1,0,1
1101,1100,1102,1,0,1
802,1102,1103,0,0,1
803,1103,1104,0,0,1
1036,1104,1105,0,0,1
800,1105,1106,0,0,1
798,1106,1107,0,0,1
796,1107,1108,0,0,1
790,794,1109,0,0,1
788,791,1110,0,0,1
785,1110,1111,0,0,1
783,786,1112,0,0,1
781,1112,1113,0,0,1
778,1113,1114,0,0,1
1068,1114,1115,0,0,1
1073,1115,1116,0,0,1
1079,1076,1117,0,0,1
1087,1084,1118,0,0,1
1092,1118,1119,0,0,1
1095,1119,1120,0,0,1
1108,1120,1121,0,0,1
793,1121,1122,0,0,1
1109,1122,1123,0,0,1
1116,1111,1124,0,0,1
1117,1124,1123,0,0,0
1125,1126,1127,1,1,1,1272
1128,1127,1129,1,0,1
1130,1129,1131,1,0,1
1132,1131,1133,1,0,1
1134,1133,1135,1,0,1
1136,1135,1137,1,0,1
1138,1137,1060,1,0,0
1139,1140,1141,1,1,1,1273
1142,1141,1143,1,0,1
1144,1143,1145,1,0,1
1146,1147,1148,1,1,1
1149,1150,1151,1,1,1
1152,1151,1153,1,0,1
1154,1153,1155,1,0,1
1156,1157,1158,1,1,1
1159,1160,1161,1,1,1
1162,1161,1163,1,0,1
1164,1163,1165,1,0,1
1166,1165,1167,1,0,1
1168,1169,1170,1,1,1
1171,1170,1172,1,0,1
1173,1172,1174,1,0,1
1175,1176,1177,1,1,1
1178,1177,1179,1,0,1
1180,1179,1181,1,0,1
1182,1181,1183,1,0,1
1184,1183,1185,1,0,1
1186,1187,1188,1,1,1
1189,1188,1190,1,0,1
1191,1192,1193,1,1,1
1194,1195,1196,1,1,1
1197,1198,1199,1,1,1
1200,1201,1202,1,1,1
1203,1202,1204,1,0,1
1205,1204,1206,1,0,1
1207,1208,1209,1,1,1
1210,1209,1211,1,0,1
1212,1213,1214,1,1,1
1215,1216,1217,1,1,1
1218,1219,1220,1,1,1
1221,1220,1222,1,0,1
1223,1224,1225,1,1,1
1226,1227,1228,1,1,1
1229,1228,1230,1,0,1
1231,1230,1232,1,0,1
1233,1232,1234,1,0,1
1235,1236,1237,1,1,1
1238,1239,1240,1,1,1
1241,1242,1243,1,1,1
1244,1245,1246,1,1,1
1247,1248,1249,1,1,1
1250,1251,1252,1,1,1
1253,1254,1255,1,1,1
1256,1255,1257,1,0,1
1258,1259,1260,1,1,1
1261,1260,1262,1,0,1
1263,1264,1265,1,1,1
1266,1265,1267,1,0,1
1268,1269,1270,1,1,1
1271,1270,1272,1,0,1
1273,1274,1275,1,1,1
1276,1277,1278,1,1,1
1279,1278,1280,1,0,1
1281,1282,1283,1,1,1
1284,1285,1286,1,1,1
1287,1288,1289,1,1,1
1290,1291,1292,1,1,1
1293,1292,1294,1,0,1
1295,1294,1296,1,0,1
1297,1296,1298,1,0,1
1299,1300,1301,1,1,1
1302,1303,1304,1,1,1
1305,1306,1307,1,1,1
1308,1307,1309,1,0,1
1310,1311,1312,1,1,1
1313,1312,1314,1,0,1
1315,1316,1317,1,1,1
1318,1319,1320,1,1,1
1321,1322,1323,1,1,1
1324,1325,1326,1,1,1
1327,1328,1329,1,1,1
1330,1331,1332,1,1,1
1333,1332,1334,1,0,1
1335,1336,1337,1,1,1
1338,1339,1340,1,1,1
1341,1342,1343,1,1,1
1344,1343,1345,1,0,1
1346,1345,1347,1,0,1
1348,1349,1350,1,1,1
1351,1350,1352,1,0,1
1353,1354,1355,1,1,1
1356,1357,1358,1,1,1
1359,1358,1360,1,0,1
1361,1362,1363,1,1,1
1364,1365,1366,1,1,1
1367,1368,1369,1,1,1
1370,1371,1372,1,1,1
1373,1372,1374,1,0,1
1375,1374,1376,1,0,1
1377,1378,1379,1,1,1
1380,1379,1381,1,0,1
1382,1383,1384,1,1,1
1385,1386,1387,1,1,1
1388,1389,1390,1,1,1
1391,1390,1392,1,0,1
1393,1392,1394,1,0,1
1395,1394,1396,1,0,1
1397,1396,1398,1,0,1
1399,1398,1400,1,0,1
1401,1400,1402,1,0,1
1403,1404,1405,1,1,1
1406,1405,1407,1,0,1
1408,1407,1409,1,0,1
1410,1409,1411,1,0,1
1412,1411,1413,1,0,1
1414,1413,1415,1,0,1
1416,1415,1417,1,0,1
1418,1417,1419,1,0,1
1420,1419,1421,1,0,1
1422,1421,1423,1,0,1
1424,1423,1425,1,0,1
1426,1425,1427,1,0,1
1428,1427,1429,1,0,1
1430,1429,1431,1,0,1
1432,1433,1434,1,1,1
1435,1436,1437,1,1,1
1438,1437,1439,1,0,1
1440,1441,1442,1,1,1
1443,1442,1444,1,0,1
1445,1446,1447,1,1,1
1448,1447,1449,1,0,1
1450,1451,1452,1,1,1
1453,1454,1455,1,1,1
1456,1457,1458,1,1,1
1459,1458,1460,1,0,1
1461,1462,1463,1,1,1
1464,1463,1465,1,0,1
1466,1465,1467,1,0,1
1468,1469,1470,1,1,1
1471,1470,1472,1,0,1
1473,1474,1475,1,1,1
1476,1475,1477,1,0,1
1478,1477,1479,1,0,1
1480,1481,1482,1,1,1
1483,1484,1485,1,1,1
1486,1487,1488,1,1,1
1489,1488,1490,1,0,1
1491,1492,1493,1,1,1
1494,1493,1495,1,0,1
1496,1495,1497,1,0,1
1498,1499,1500,1,1,1
1501,1500,1502,1,0,1
1503,1504,1505,1,1,1
1506,1505,1507,1,0,1
1069,1508,1509,0,1,1
1510,1509,1511,1,0,1
1512,1513,1514,1,1,1
1136,1514,1515,0,0,1
1134,1515,1516,0,0,1
1125,1128,1517,0,0,1
1155,1148,1518,0,0,1
1167,1519,1520,0,1,1
1174,1520,1521,0,0,1
1522,1521,1523,1,0,1
1190,1185,1524,0,0,1
1193,1524,1525,0,0,1
1199,1526,1527,0,1,1
1206,1527,1528,0,0,1
1211,1528,1529,0,0,1
1214,1529,1530,0,0,1
1217,1531,1532,0,1,1
1237,1234,1533,0,0,1
1534,1533,1535,1,0,1
1240,1536,1537,0,1,1
1243,1537,1538,0,0,1
1249,1246,1539,0,0,1
1540,1539,1541,1,0,1
1252,1541,1542,0,0,1
1257,1542,1543,0,0,1
1262,1543,1544,0,0,1
1267,1544,1545,0,0,1
1546,1545,1547,1,0,1
1272,1547,1548,0,0,1
1549,1548,1550,1,0,1
1275,1550,1551,0,0,1
1280,1551,1552,0,0,1
1286,1553,1554,0,1,1
1555,1554,1556,1,0,1
1289,1557,1558,0,1,1
1298,1558,1559,0,0,1
1309,1304,1560,0,0,1
1314,1560,1561,0,0,1
1317,1561,1562,0,0,1
1326,1323,1563,0,0,1
1329,1563,1564,0,0,1
1334,1564,1565,0,0,1
1340,1566,1567,0,1,1
1347,1567,1568,0,0,1
1352,1568,1569,0,0,1
1363,1360,1570,0,0,1
1366,1570,1571,0,0,1
1369,1571,1572,0,0,1
1381,1376,1573,0,0,1
1384,1573,1574,0,0,1
1431,1402,1575,0,0,1
1576,1575,1577,1,0,1
1439,1434,1578,0,0,1
1444,1578,1579,0,0,1
1452,1449,1580,0,0,1
1467,1460,1581,0,0,1
1482,1479,1582,0,0,1
1583,1582,1584,1,0,1
1490,1485,1585,0,0,1
1511,1507,1586,0,0,1
1516,1586,1587,0,0,1
1132,1587,1588,0,0,1
1517,1130,1589,0,0,1
1518,1145,1590,0,0,1
1591,1590,1592,1,0,1
1523,1158,1593,0,0,1
1525,1593,1594,0,0,1
1196,1594,1595,0,0,1
1530,1595,1596,0,0,1
1532,1596,1597,0,0,1
1222,1597,1598,0,0,1
1599,1598,1600,1,0,1
1225,1600,1601,0,0,1
1535,1601,1602,0,0,1
1538,1602,1603,0,0,1
1552,1603,1604,0,0,1
1605,1604,1606,1,0,1
1283,1606,1607,0,0,1
1556,1607,1608,0,0,1
1559,1608,1609,0,0,1
1301,1609,1610,0,0,1
1611,1610,1612,1,0,1
1565,1613,1614,0,1,1
1569,1337,1615,0,0,1
1577,1616,1617,0,1,1
1584,1472,1618,0,0,1
1585,1618,1619,0,0,1
1588,1502,1620,0,0,1
1612,1592,1621,0,0,1
1622,1621,1623,1,0,1
1562,1623,1624,0,0,1
1617,1387,1625,0,0,1
1619,1581,1626,0,0,1
1624,1589,1627,0,0,1
1320,1627,1628,0,0,1
1625,1574,1629,0,0,1
1628,1620,1630,0,0,1
1614,1630,1631,0,0,1
1629,1572,1632,0,0,1
1579,1632,1633,0,0,1
1580,1633,1634,0,0,1
1631,1497,1635,0,0,1
1615,1635,1636,0,0,1
1634,1355,1637,0,0,1
1455,1637,1638,0,0,1
1626,1638,1636,0,0,0
1150,1639,1640,0,1,1,1272
1146,1640,1641,0,0,1
1144,1147,1642,0,0,1
1142,1642,1643,0,0,1
1139,1643,1641,0,0,0
1162,1644,1645,0,1,1,1272
1159,1645,1646,0,0,1
1160,1646,1647,0,0,1
1519,1647,1648,0,0,1
1156,1648,1649,0,0,1
1157,1649,1650,0,0,1
1154,1591,1651,0,0,1
1152,1651,1650,0,0,0
765,699,1652,0,0,1,1268
769,1652,1653,0,0,1
1654,1653,1655,1,0,1
1656,1657,1658,1,1,1
1659,1658,1660,1,0,1
1661,1662,1663,1,1,1
701,1664,1665,0,1,1
1655,1665,1666,0,0,1
1660,1666,1663,0,0,0
1138,1063,1667,0,0,1,9464
1512,1667,1668,0,0,1
1669,1668,1065,1,0,0
766,1654,1670,0,0,1,1269
991,1670,1671,0,0,1
989,1671,1672,0,0,1
985,987,1673,0,0,1
977,981,1674,0,0,1
1032,978,1675,0,0,1
975,1675,1676,0,0,1
973,1676,1677,0,0,1
971,1677,1678,0,0,1
969,1678,1679,0,0,1
1680,1679,1681,1,0,1
1682,1681,1683,1,0,1
1684,1685,1686,1,1,1
1687,1688,1689,1,1,1
1690,1689,1691,1,0,1
1692,1693,1694,1,1,1
1695,1696,1697,1,1,1
1698,1699,1700,1,1,1
1659,1662,1701,0,0,1
1656,1701,1702,0,0,1
1672,1657,1703,0,0,1
1673,1703,1704,0,0,1
983,1704,1705,0,0,1
1674,980,1706,0,0,1
1686,1683,1707,0,0,1
1691,1707,1708,0,0,1
1694,1708,1709,0,0,1
1697,1709,1710,0,0,1
1711,1710,1712,1,0,1
1702,1700,1713,0,0,1
1705,1713,1714,0,0,1
1706,1714,1712,0,0,0
1611,1622,1715,0,0,1,1274
1299,1715,1716,0,0,1
1300,1716,1717,0,0,1
1297,1717,1718,0,0,1
1295,1718,1719,0,0,1
1293,1719,1720,0,0,1
1290,1720,1721,0,0,1
1287,1291,1722,0,0,1
1557,1288,1723,0,0,1
1555,1723,1724,0,0,1
1284,1724,1725,0,0,1
1553,1285,1726,0,0,1
1281,1726,1727,0,0,1
1605,1282,1728,0,0,1
1279,1728,1729,0,0,1
1276,1729,1730,0,0,1
1273,1277,1731,0,0,1
1274,1731,1732,0,0,1
1549,1732,1733,0,0,1
1271,1733,1734,0,0,1
1268,1734,1735,0,0,1
1546,1269,1736,0,0,1
1266,1736,1737,0,0,1
1261,1264,1738,0,0,1
1258,1738,1739,0,0,1
1256,1259,1740,0,0,1
1253,1740,1741,0,0,1
1250,1254,1742,0,0,1
1540,1251,1743,0,0,1
1247,1743,1744,0,0,1
1244,1248,1745,0,0,1
1241,1245,1746,0,0,1
1238,1242,1747,0,0,1
1536,1239,1748,0,0,1
1534,1748,1749,0,0,1
1235,1749,1750,0,0,1
1233,1236,1751,0,0,1
1231,1751,1752,0,0,1
1223,1227,1753,0,0,1
1599,1224,1754,0,0,1
1221,1754,1755,0,0,1
1218,1755,1756,0,0,1
1215,1219,1757,0,0,1
1531,1216,1758,0,0,1
1212,1758,1759,0,0,1
1213,1759,1760,0,0,1
1210,1760,1761,0,0,1
1207,1761,1762,0,0,1
1205,1208,1763,0,0,1
1203,1763,1764,0,0,1
1197,1201,1765,0,0,1
1526,1198,1766,0,0,1
1194,1766,1767,0,0,1
1191,1195,1768,0,0,1
1189,1192,1769,0,0,1
1186,1769,1770,0,0,1
1184,1187,1771,0,0,1
1178,1180,1772,0,0,1
1522,1176,1773,0,0,1
1173,1773,1774,0,0,1
1171,1774,1775,0,0,1
1168,1775,1776,0,0,1
1777,1778,1779,1,1,1
1780,1781,1782,1,1,1
1783,1784,1785,1,1,1
1786,1787,1788,1,1,1
1789,1788,1790,1,0,1
1791,1792,1793,1,1,1
1794,1795,1796,1,1,1
1797,1798,1799,1,1,1
1800,1799,1801,1,0,1
1802,1801,1803,1,0,1
1804,1805,1806,1,1,1
1807,1808,1809,1,1,1
1810,1809,1811,1,0,1
1812,1813,1814,1,1,1
1815,1816,1817,1,1,1
1818,1819,1820,1,1,1
1821,1820,1822,1,0,1
1823,1824,1825,1,1,1
1826,1825,1827,1,0,1
1828,1827,1829,1,0,1
1830,1831,1832,1,1,1
1833,1834,1835,1,1,1
1836,1837,1838,1,1,1
1839,1840,1841,1,1,1
1842,1843,1844,1,1,1
1845,1844,1846,1,0,1
1847,1848,1849,1,1,1
1850,1851,1852,1,1,1
1853,1854,1855,1,1,1
1856,1855,1857,1,0,1
1858,1857,1859,1,0,1
1860,1859,1861,1,0,1
1862,1861,1863,1,0,1
1864,1863,1865,1,0,1
1401,1865,1866,0,0,1
1399,1866,1867,0,0,1
1395,1397,1868,0,0,1
1393,1868,1869,0,0,1
1616,1389,1870,0,0,1
1385,1870,1871,0,0,1
1386,1871,1872,0,0,1
1382,1872,1873,0,0,1
1380,1383,1874,0,0,1
1377,1874,1875,0,0,1
1375,1378,1876,0,0,1
1373,1876,1877,0,0,1
1367,1371,1878,0,0,1
1364,1368,1879,0,0,1
1361,1365,1880,0,0,1
1359,1362,1881,0,0,1
1356,1881,1882,0,0,1
1353,1357,1883,0,0,1
1351,1354,1884,0,0,1
1346,1349,1885,0,0,1
1338,1342,1886,0,0,1
1566,1339,1887,0,0,1
1335,1887,1888,0,0,1
1336,1888,1889,0,0,1
1333,1889,1890,0,0,1
1330,1890,1891,0,0,1
1327,1331,1892,0,0,1
1324,1328,1893,0,0,1
1321,1325,1894,0,0,1
1613,1322,1895,0,0,1
1318,1895,1896,0,0,1
1319,1896,1897,0,0,1
1315,1897,1898,0,0,1
1316,1898,1899,0,0,1
1313,1899,1900,0,0,1
1310,1900,1901,0,0,1
1308,1311,1902,0,0,1
1302,1306,1903,0,0,1
1721,1303,1904,0,0,1
1722,1904,1905,0,0,1
1725,1905,1906,0,0,1
1730,1727,1907,0,0,1
1735,1907,1908,0,0,1
1737,1908,1909,0,0,1
1263,1909,1910,0,0,1
1739,1910,1911,0,0,1
1744,1742,1912,0,0,1
1746,1745,1913,0,0,1
1747,1913,1914,0,0,1
1753,1226,1915,0,0,1
1756,1915,1916,0,0,1
1757,1916,1917,0,0,1
1762,1917,1918,0,0,1
1764,1918,1919,0,0,1
1200,1919,1920,0,0,1
1768,1767,1921,0,0,1
1770,1921,1922,0,0,1
1771,1922,1923,0,0,1
1182,1923,1924,0,0,1
1772,1924,1925,0,0,1
1776,1175,1926,0,0,1
1779,1926,1927,0,0,1
1782,1927,1928,0,0,1
1785,1928,1929,0,0,1
1790,1929,1930,0,0,1
1793,1930,1931,0,0,1
1932,1931,1933,1,0,1
1796,1933,1934,0,0,1
1803,1934,1935,0,0,1
1936,1935,1937,1,0,1
1806,1937,1938,0,0,1
1811,1938,1939,0,0,1
1814,1939,1940,0,0,1
1941,1940,1942,1,0,1
1829,1822,1943,0,0,1
1832,1943,1944,0,0,1
1835,1944,1945,0,0,1
1838,1946,1947,0,1,1
1841,1947,1948,0,0,1
1852,1849,1949,0,0,1
1867,1949,1950,0,0,1
1869,1950,1951,0,0,1
1391,1951,1952,0,0,1
1388,1952,1953,0,0,1
1873,1953,1954,0,0,1
1875,1954,1955,0,0,1
1883,1882,1956,0,0,1
1884,1956,1957,0,0,1
1891,1886,1958,0,0,1
1892,1958,1959,0,0,1
1901,1894,1960,0,0,1
1902,1960,1961,0,0,1
1305,1961,1962,0,0,1
1906,1903,1963,0,0,1
1911,1963,1964,0,0,1
1741,1964,1965,0,0,1
1920,1229,1966,0,0,1
1765,1966,1967,0,0,1
1925,1967,1968,0,0,1
1955,1969,1970,0,1,1
1957,1880,1971,0,0,1
1348,1971,1972,0,0,1
1885,1972,1973,0,0,1
1344,1973,1974,0,0,1
1959,1341,1975,0,0,1
1962,1893,1976,0,0,1
1965,1976,1977,0,0,1
1912,1977,1978,0,0,1
1968,1752,1979,0,0,1
1970,1846,1980,0,0,1
1877,1980,1981,0,0,1
1370,1981,1982,0,0,1
1878,1982,1983,0,0,1
1879,1983,1984,0,0,1
1974,1984,1985,0,0,1
1975,1985,1986,0,0,1
1979,1750,1987,0,0,1
1942,1987,1988,0,0,1
1989,1988,1990,1,0,1
1986,1991,1992,0,1,1
1990,1914,1993,0,0,1
1992,1948,1994,0,0,1
1993,1978,1995,0,0,1
1996,1995,1997,1,0,1
1817,1997,1998,0,0,1
1945,1998,1994,0,0,0
1698,1661,1999,0,0,1,9460
1711,1699,2000,0,0,1
1695,2000,2001,0,0,1
2002,2001,2003,1,0,1
2004,2003,2005,1,0,1
2006,2005,2007,1,0,1
707,2007,2008,0,0,1
738,2008,2009,0,0,1
703,2009,2010,0,0,1
704,2010,2011,0,0,1
1664,2011,1999,0,0,0
1513,1669,2012,0,0,1,1272
1510,2012,2013,0,0,1
1070,2013,1067,0,0,0
242,77,2014,0,0,1,28672
240,2014,2015,0,0,1
237,2015,2016,0,0,1
268,238,2017,0,0,1
234,2017,2018,0,0,1
265,235,2019,0,0,1
231,2019,2020,0,0,1
262,232,2021,0,0,1
229,2021,2022,0,0,1
226,2022,2023,0,0,1
259,227,2024,0,0,1
223,2024,2025,0,0,1
256,224,2026,0,0,1
220,2026,2027,0,0,1
253,221,2028,0,0,1
217,2028,2029,0,0,1
214,218,2030,0,0,1
212,215,2031,0,0,1
209,2031,2032,0,0,1
207,210,2033,0,0,1
205,2033,2034,0,0,1
203,2034,2035,0,0,1
201,2035,2036,0,0,1
197,199,2037,0,0,1
195,2037,2038,0,0,1
193,2038,2039,0,0,1
189,191,2040,0,0,1
187,2040,2041,0,0,1
183,185,2042,0,0,1
181,2042,2043,0,0,1
177,179,2044,0,0,1
175,2044,2045,0,0,1
171,173,2046,0,0,1
167,169,2047,0,0,1
165,2047,2048,0,0,1
163,2048,2049,0,0,1
159,161,2050,0,0,1
153,155,2051,0,0,1
151,2051,2052,0,0,1
147,149,2053,0,0,1
145,2053,2054,0,0,1
143,2054,2055,0,0,1
141,2055,2056,0,0,1
137,139,2057,0,0,1
135,2057,2058,0,0,1
2059,132,2060,1,0,1
2061,2060,2062,1,0,1
2063,2064,2065,1,1,1
2066,2065,2067,1,0,1
2068,2067,2069,1,0,1
2070,2069,2071,1,0,1
2072,2071,2073,1,0,1
2074,2073,2075,1,0,1
2076,2075,2077,1,0,1
2078,2077,2079,1,0,1
2080,2081,2082,1,1,1
2083,2082,2084,1,0,1
2085,2086,2087,1,1,1
2088,2087,2089,1,0,1
2090,2089,2091,1,0,1
2092,2091,2093,1,0,1
2094,2095,2096,1,1,1
2097,2098,2099,1,1,1
2100,2101,2102,1,1,1
2103,2104,2105,1,1,1
2106,2107,2108,1,1,1
2109,2108,2110,1,0,1
2111,2110,2112,1,0,1
2113,2114,2115,1,1,1
2116,2115,2117,1,0,1
2118,2119,2120,1,1,1
2121,2120,2122,1,0,1
115,2122,2123,0,0,1
111,2123,2124,0,0,1
112,2124,2125,0,0,1
108,2125,2126,0,0,1
127,109,2127,0,0,1
106,2127,2128,0,0,1
125,104,2129,0,0,1
101,2129,2130,0,0,1
98,2130,2131,0,0,1
95,99,2132,0,0,1
92,96,2133,0,0,1
90,93,2134,0,0,1
88,2134,2135,0,0,1
86,2135,2136,0,0,1
82,84,2137,0,0,1
80,2137,2138,0,0,1
2016,2138,2139,0,0,1
2018,2139,2140,0,0,1
2020,2140,2141,0,0,1
2023,2141,2142,0,0,1
2025,2142,2143,0,0,1
2027,2143,2144,0,0,1
2029,2144,2145,0,0,1
2030,2145,2146,0,0,1
2032,2146,2147,0,0,1
2036,2147,2148,0,0,1
2039,2148,2149,0,0,1
2041,2149,2150,0,0,1
2043,2150,2151,0,0,1
2045,2151,2152,0,0,1
2046,2152,2153,0,0,1
2049,2153,2154,0,0,1
2050,2154,2155,0,0,1
157,2155,2156,0,0,1
2052,2156,2157,0,0,1
2056,2157,2158,0,0,1
2058,2158,2159,0,0,1
2062,2159,2160,0,0,1
2079,2160,2161,0,0,1
2093,2084,2162,0,0,1
2099,2163,2164,0,1,1
2102,2165,2166,0,1,1
2105,2166,2167,0,0,1
2112,2168,2169,0,1,1
2117,2170,2171,0,1,1
2126,2172,2173,0,1,1
2128,2173,2174,0,0,1
103,2174,2175,0,0,1
2131,2175,2176,0,0,1
2132,2176,2177,0,0,1
2133,2177,2178,0,0,1
2136,2178,2179,0,0,1
2162,2161,2180,0,0,1
2096,2180,2181,0,0,1
2164,2181,2182,0,0,1
2167,2182,2183,0,0,1
2169,2183,2184,0,0,1
2185,2184,2186,1,0,1
2171,2186,2179,0,0,0
1506,1508,2187,0,0,1,1272
2188,1503,2189,1,0,1
2190,2189,2191,1,0,1
1075,2191,2192,0,0,1
1072,2192,2187,0,0,0
1504,2188,2193,0,0,1,9464
1501,2193,2194,0,0,1
1498,2194,2195,0,0,1
1496,1499,2196,0,0,1
1494,2196,2197,0,0,1
2198,1491,2199,1,0,1
1080,2200,2201,0,1,1
1077,1081,2202,0,0,1
1078,2202,2203,0,0,1
1074,2203,2204,0,0,1
2195,2190,2205,0,0,1
2197,2205,2206,0,0,1
2201,2199,2207,0,0,1
2204,2207,2206,0,0,0
2006,706,2208,0,0,1,1268
2004,2208,2209,0,0,1
1696,2002,2210,0,0,1
1692,2210,2211,0,0,1
1693,2211,2212,0,0,1
1690,2212,2213,0,0,1
1687,2213,2214,0,0,1
1684,1688,2215,0,0,1
2216,1682,2217,1,0,1
721,2217,2218,0,0,1
742,2218,2219,0,0,1
717,2219,2220,0,0,1
718,2220,2221,0,0,1
715,2221,2222,0,0,1
712,2222,2223,0,0,1
709,713,2224,0,0,1
2209,710,2225,0,0,1
2214,2225,2226,0,0,1
2215,2226,2227,0,0,1
1685,2227,2228,0,0,1
2223,2228,2224,0,0,0
1489,1492,2229,0,0,1,1272
2230,2229,2231,1,0,1
1086,2231,2232,0,0,1
1083,2232,2233,0,0,1
2200,2233,2198,0,0,0
114,117,2234,0,0,1,29520
2121,2234,2235,0,0,1
2236,2235,2237,1,0,1
2238,2237,2239,1,0,1
1486,2230,2240,0,0,1,9464
1487,2240,2241,0,0,1
2242,2241,1085,1,0,0
2242,1089,2243,0,0,1,1272
1483,2243,2244,0,0,1
1484,2244,2245,0,0,1
1583,2245,2246,0,0,1
1480,2246,2247,0,0,1
2248,2247,2249,1,0,1
1097,2250,2251,0,1,1
1093,2251,2252,0,0,1
1091,1094,2253,0,0,1
2249,1088,2254,0,0,1
2255,2254,2256,1,0,1
2252,2256,2253,0,0,0
2118,2236,2257,0,0,1,28752
2119,2257,2258,0,0,1
2172,2258,2259,0,0,1
2116,2259,2260,0,0,1
2113,2260,2261,0,0,1
2170,2114,2262,0,0,1
2185,2262,2263,0,0,1
2111,2263,2264,0,0,1
2109,2264,2265,0,0,1
2106,2265,2266,0,0,1
2168,2107,2267,0,0,1
2103,2267,2268,0,0,1
2100,2104,2269,0,0,1
2165,2101,2270,0,0,1
2097,2270,2271,0,0,1
2163,2098,2272,0,0,1
2094,2272,2273,0,0,1
2092,2095,2274,0,0,1
2090,2274,2275,0,0,1
2088,2275,2276,0,0,1
2277,2085,2278,1,0,1
2279,2278,2280,1,0,1
2281,2280,2282,1,0,1
2283,2284,2285,1,1,1
2238,2285,2286,0,0,1
2261,2286,2287,0,0,1
2266,2287,2288,0,0,1
2268,2288,2289,0,0,1
2269,2289,2290,0,0,1
2271,2290,2291,0,0,1
2273,2291,2292,0,0,1
2276,2292,2282,0,0,0
967,1680,2293,0,0,1,9461
964,2293,2294,0,0,1
2295,2296,2297,1,1,1
2298,2297,2299,1,0,1
2300,2299,2301,1,0,1
594,2301,2302,0,0,1
592,2302,2303,0,0,1
720,2303,2304,0,0,1
2216,2304,2294,0,0,0
2248,2255,2305,0,0,1,9464
1481,2305,2306,0,0,1
1478,2306,2307,0,0,1
1476,2307,2308,0,0,1
2309,2310,2311,1,1,1
1099,2311,2312,0,0,1
1096,2312,2313,0,0,1
2250,2313,2308,0,0,0
2300,596,2314,0,0,1,1267
2315,2314,2316,1,0,1
2317,2316,2318,1,0,1
2319,2318,2320,1,0,1
2321,2322,2323,1,1,1
2324,2323,2325,1,0,1
2326,2327,2328,1,1,1
2329,2330,2331,1,1,1
2332,2333,2334,1,1,1
2335,2336,2337,1,1,1
2338,2337,2339,1,0,1
2340,2341,2342,1,1,1
2343,2342,2344,1,0,1
6,2345,2346,0,1,1
3,2346,2347,0,0,1
0,4,2348,0,0,1
424,2348,2349,0,0,1
640,643,2350,0,0,1
637,641,2351,0,0,1
638,2351,2352,0,0,1
635,2352,2353,0,0,1
633,2353,2354,0,0,1
627,631,2355,0,0,1
624,628,2356,0,0,1
691,625,2357,0,0,1
622,2357,2358,0,0,1
619,2358,2359,0,0,1
620,2359,2360,0,0,1
617,2360,2361,0,0,1
611,615,2362,0,0,1
612,2362,2363,0,0,1
609,2363,2364,0,0,1
673,605,2365,0,0,1
602,2365,2366,0,0,1
600,2366,2367,0,0,1
598,2367,2368,0,0,1
2325,2320,2369,0,0,1
2339,2370,2371,0,1,1
2347,2344,2372,0,0,1
2368,604,2373,0,0,1
2369,2373,2374,0,0,1
2372,2375,2376,0,1,1
2349,2376,2377,0,0,1
2374,607,2378,0,0,1
2377,2379,2380,0,1,1
645,2380,2381,0,0,1
2378,2364,2382,0,0,1
2328,2382,2383,0,0,1
2384,2383,2385,1,0,1
2381,2386,2387,0,1,1
2350,2387,2388,0,0,1
2385,614,2389,0,0,1
2388,2371,2390,0,0,1
2354,2390,2391,0,0,1
630,2391,2392,0,0,1
2389,2361,2393,0,0,1
2331,2393,2394,0,0,1
2392,2334,2395,0,0,1
2355,2395,2396,0,0,1
2394,2356,2397,0,0,1
2398,2397,2396,1,0,0
1041,965,2399,0,0,1,1269
1046,2399,2400,0,0,1
960,962,2401,0,0,1
2402,957,2403,1,0,1
2404,2403,2405,1,0,1
2406,2405,2407,1,0,1
2408,2407,2409,1,0,1
2410,2409,2411,1,0,1
2412,2411,2413,1,0,1
2414,2413,2415,1,0,1
2416,2415,2417,1,0,1
2418,2419,2420,1,1,1
2296,2420,2421,0,0,1
2400,2421,2422,0,0,1
2401,2422,2417,0,0,0
2298,2315,2423,0,0,1,1268
2418,2295,2424,0,0,1
2416,2419,2425,0,0,1
2412,2414,2426,0,0,1
2427,2426,2428,1,0,1
2327,2429,2430,0,1,1
2324,2430,2431,0,0,1
2321,2431,2432,0,0,1
2322,2432,2433,0,0,1
2319,2433,2434,0,0,1
2317,2434,2435,0,0,1
2424,2423,2436,0,0,1
2425,2436,2437,0,0,1
2428,2437,2435,0,0,0
1473,2310,2438,0,0,1,1272
1474,2438,2439,0,0,1
1471,2439,2440,0,0,1
1468,2440,2441,0,0,1
1466,1469,2442,0,0,1
1464,2442,2443,0,0,1
1461,2443,2444,0,0,1
1459,1462,2445,0,0,1
1456,2445,2446,0,0,1
1453,1457,2447,0,0,1
1454,2447,2448,0,0,1
2449,1450,2450,1,0,1
2451,2450,2452,1,0,1
2453,2452,2454,1,0,1
2455,2454,2456,1,0,1
2457,2458,2459,1,1,1
2460,2461,2462,1,1,1
2463,2462,2464,1,0,1
2465,2464,2466,1,0,1
807,2467,2468,0,1,1
805,2468,2469,0,0,1
1101,2469,2470,0,0,1
2309,2470,2471,0,0,1
2441,2471,2472,0,0,1
2448,2446,2473,0,0,1
2456,2473,2474,0,0,1
2459,2474,2475,0,0,1
2476,2475,2477,1,0,1
2466,2477,2478,0,0,1
2472,2479,2480,0,1,1
2444,2480,2478,0,0,0
2479,2467,2481,0,0,1,1271
2465,2481,2482,0,0,1
2463,2482,2483,0,0,1
2460,2483,2484,0,0,1
2476,2461,2485,0,0,1
2457,2485,2486,0,0,1
2458,2486,2487,0,0,1
2455,2487,2488,0,0,1
2453,2488,2489,0,0,1
2451,2489,2490,0,0,1
2491,2490,2492,1,0,1
2493,2494,2495,1,1,1
835,2496,2497,0,1,1
829,832,2498,0,0,1
827,830,2499,0,0,1
824,2499,2500,0,0,1
821,825,2501,0,0,1
818,822,2502,0,0,1
819,2502,2503,0,0,1
816,2503,2504,0,0,1
813,2504,2505,0,0,1
814,2505,2506,0,0,1
811,2506,2507,0,0,1
809,2507,2508,0,0,1
2484,2508,2509,0,0,1
2492,2509,2510,0,0,1
2495,2510,2511,0,0,1
2498,2497,2512,0,0,1
2500,2512,2513,0,0,1
2511,2501,2514,0,0,1
2515,2514,2513,1,0,0
694,685,2516,0,0,1,1267
653,2516,2517,0,0,1
408,2517,2518,0,0,1
404,2518,655,0,0,0
2410,2427,2519,0,0,1,9460
2408,2519,2520,0,0,1
2521,2520,2522,1,0,1
2326,2522,2429,0,0,0
2406,2521,2523,0,0,1,1268
2524,2523,2525,1,0,1
2330,2525,2384,0,0,0
958,2402,2526,0,0,1,9461
955,2526,2527,0,0,1
2528,2527,2529,1,0,1
2530,2529,2531,1,0,1
2532,2531,2533,1,0,1,9460
2534,2535,2536,1,1,1
2333,2536,2537,0,0,1
2398,2537,2538,0,0,1
2329,2538,2539,0,0,1
2404,2524,2540,0,0,1
2533,2540,2539,0,0,0
952,2528,2541,0,0,1,1269
1057,953,2542,0,0,1
950,2542,2543,0,0,1
948,2543,2544,0,0,1
941,944,2545,0,0,1
939,2545,2546,0,0,1
934,937,2547,0,0,1
931,2547,2548,0,0,1
1019,932,2549,0,0,1
928,2549,2550,0,0,1
929,2550,2551,0,0,1
925,2551,2552,0,0,1
923,926,2553,0,0,1
2554,2553,2555,1,0,1
2556,2555,2557,1,0,1
2558,2557,2559,1,0,1
2560,2559,2561,1,0,1
2562,2561,2563,1,0,1
2564,2563,2565,1,0,1
2566,2565,2567,1,0,1
2568,2567,2569,1,0,1
2570,2569,2571,1,0,1
2572,2571,2573,1,0,1
2574,2575,2576,1,1,1
2577,2578,2579,1,1,1
2580,2579,2581,1,0,1
2582,2581,2583,1,0,1
2584,2585,2586,1,1,1
2587,2586,2588,1,0,1
2589,2590,2591,1,1,1
2592,2591,2593,1,0,1
2594,2595,2596,1,1,1
2597,2598,2599,1,1,1
2600,2599,2601,1,0,1
2602,2601,2603,1,0,1
2604,2603,2605,1,0,1
2606,2607,2608,1,1,1
2535,2609,2610,0,1,1
2530,2532,2611,0,0,1
2541,2611,2612,0,0,1
2544,2612,2613,0,0,1
2552,2548,2614,0,0,1
2573,2614,2615,0,0,1
2576,2615,2616,0,0,1
2583,2616,2617,0,0,1
2588,2617,2618,0,0,1
2593,2618,2619,0,0,1
2605,2596,2620,0,0,1
2610,2608,2621,0,0,1
2613,2621,2622,0,0,1
946,2622,2623,0,0,1
943,2623,2624,0,0,1
2619,936,2625,0,0,1
2624,2620,2626,0,0,1
2625,2546,2627,0,0,1
2628,2627,2626,1,0,0
2534,2332,2629,0,0,1,1268
2609,2629,2630,0,0,1
2606,2630,2631,0,0,1
2607,2631,2632,0,0,1
2604,2632,2633,0,0,1
2634,2600,2635,1,0,1
2636,2637,2638,1,1,1
2341,2638,2639,0,0,1
2375,2639,2640,0,0,1
2379,2640,2641,0,0,1
2386,2641,2642,0,0,1
2338,2642,2643,0,0,1
2370,2336,2644,0,0,1
2633,2644,2645,0,0,1
2635,2602,2646,0,0,1
2643,2646,2647,0,0,1
2335,2647,2645,0,0,0
2493,2515,2648,0,0,1,9463
2649,2648,2650,1,0,1
2651,2652,2653,1,1,1
2654,2653,2655,1,0,1
2656,2657,2658,1,1,1
2659,2660,2661,1,1,1
2662,2663,2664,1,1,1
2665,2664,2666,1,0,1
2667,2666,2668,1,0,1
837,2668,2669,0,0,1
834,2669,2670,0,0,1
2496,2670,2671,0,0,1
2655,2650,2672,0,0,1
2658,2672,2673,0,0,1
2661,2673,2671,0,0,0
1451,2449,2674,0,0,1,9464
1448,2674,2675,0,0,1
1443,1446,2676,0,0,1
1440,2676,2677,0,0,1
1438,1441,2678,0,0,1
2679,2678,2680,1,0,1
2681,2680,2682,1,0,1
2683,2682,2684,1,0,1
2663,2684,2685,0,0,1
2659,2685,2686,0,0,1
2660,2686,2687,0,0,1
2656,2687,2688,0,0,1
2654,2657,2689,0,0,1
2649,2652,2690,0,0,1
2494,2690,2691,0,0,1
2491,2691,2692,0,0,1
2675,2692,2693,0,0,1
1445,2693,2694,0,0,1
2677,2694,2695,0,0,1
2689,2688,2696,0,0,1
2651,2696,2695,0,0,0
2597,2634,2697,0,0,1,9460
2594,2598,2698,0,0,1
2595,2698,2699,0,0,1
2628,2699,2700,0,0,1
2701,2590,2702,1,0,1
2703,2702,2704,1,0,1
2636,2705,2706,0,1,1
2697,2637,2707,0,0,1
2704,2589,2708,0,0,1
2709,2708,2710,1,0,1
2707,2706,2711,0,0,1
2710,2592,2712,0,0,1
2711,2713,2714,0,1,1
2700,2714,2712,0,0,0
2713,2705,2715,0,0,1,1268
2709,2715,2716,0,0,1
2587,2701,2717,0,0,1
2718,2717,2719,1,0,1
2720,2719,2721,1,0,1
2580,2722,2723,0,1,1
2577,2723,2724,0,0,1
2725,2724,2726,1,0,1
2727,2726,2728,1,0,1
2729,2730,2731,1,1,1
23,2731,2732,0,0,1
2733,2732,2734,1,0,1
2735,2734,2736,1,0,1
2737,2736,2738,1,0,1
2739,2738,2740,1,0,1
2741,2742,2743,1,1,1
8,2744,2745,0,1,1
2345,2745,2746,0,0,1
2340,2343,2747,0,0,1
2716,2747,2748,0,0,1
2703,2748,2749,0,0,1
2721,2749,2750,0,0,1
2740,2751,2752,0,1,1
2753,2752,2754,1,0,1
2750,2746,2755,0,0,1
2754,2728,2756,0,0,1
2755,2757,2758,0,1,1
2756,2759,2760,0,1,1
2743,2760,2758,0,0,0
2667,839,2761,0,0,1,1271
2683,2662,2762,0,0,1
2681,2762,2763,0,0,1
2764,2763,2765,1,0,1
2766,2765,2767,1,0,1
842,2767,2768,0,0,1
2761,1000,2769,0,0,1
2665,2769,2768,0,0,0
2770,2771,2772,1,1,1,1267
2773,2772,2774,1,0,1
1432,1436,2775,0,0,1,1272
1576,1433,2776,0,0,1
1430,2776,2777,0,0,1
1428,2777,2778,0,0,1
1426,2778,2779,0,0,1
1422,1424,2780,0,0,1
1418,1420,2781,0,0,1
1414,1416,2782,0,0,1
1412,2782,2783,0,0,1
1410,2783,2784,0,0,1
1408,2784,2785,0,0,1
1406,2785,2786,0,0,1
1403,2786,2787,0,0,1
2788,2787,2789,1,0,1
2790,2789,2791,1,0,1
2792,2791,2793,1,0,1
2794,2793,2795,1,0,1
2796,2795,2797,1,0,1
2798,2799,2800,1,1,1
2801,2802,2803,1,1,1
2804,2805,2806,1,1,1
2807,2808,2809,1,1,1
2810,2811,2812,1,1,1
2813,2814,2815,1,1,1
2816,2815,2817,1,0,1
841,2818,2819,0,1,1
2766,2819,2820,0,0,1
2764,2820,2821,0,0,1
2679,2821,2822,0,0,1
1435,2822,2823,0,0,1
2775,2823,2824,0,0,1
2779,2824,2825,0,0,1
2780,2825,2826,0,0,1
2800,2797,2827,0,0,1
2828,2827,2829,1,0,1
2803,2829,2830,0,0,1
2831,2830,2832,1,0,1
2806,2832,2833,0,0,1
2809,2833,2834,0,0,1
2835,2834,2836,1,0,1
2837,2836,2838,1,0,1
2812,2838,2839,0,0,1
2817,2840,2841,0,1,1
2826,2841,2842,0,0,1
2781,2842,2839,0,0,0
2744,10,2843,0,0,1,1267
2757,2843,2844,0,0,1
2741,2844,2845,0,0,1
2753,2742,2846,0,0,1
2739,2846,2847,0,0,1
2737,2847,2848,0,0,1
2733,2735,2849,0,0,1
20,2849,2850,0,0,1
18,2850,2851,0,0,1
16,2851,2852,0,0,1
12,14,2853,0,0,1
2845,2853,2854,0,0,1
2848,2854,2852,0,0,0
844,846,2855,0,0,1,1271
2818,2855,2856,0,0,1
2816,2856,2857,0,0,1
2813,2857,2858,0,0,1
2840,2814,2859,0,0,1
2810,2859,2860,0,0,1
2837,2811,2861,0,0,1
2835,2861,2862,0,0,1
2807,2862,2863,0,0,1
2804,2808,2864,0,0,1
2831,2805,2865,0,0,1
2801,2865,2866,0,0,1
2802,2866,2867,0,0,1
2828,2867,2868,0,0,1
2798,2868,2869,0,0,1
2794,2796,2870,0,0,1
2790,2792,2871,0,0,1
2872,2871,2873,1,0,1
879,883,2874,0,0,1
880,2874,2875,0,0,1
876,2875,2876,0,0,1
877,2876,2877,0,0,1
873,2877,2878,0,0,1
874,2878,2879,0,0,1
871,2879,2880,0,0,1
868,2880,2881,0,0,1
866,869,2882,0,0,1
1038,864,2883,0,0,1
1044,2883,2884,0,0,1
1050,2884,2885,0,0,1
1054,2885,2886,0,0,1
860,2886,2887,0,0,1
858,861,2888,0,0,1
855,2888,2889,0,0,1
1003,856,2890,0,0,1
852,2890,2891,0,0,1
853,2891,2892,0,0,1
850,2892,2893,0,0,1
848,2893,2894,0,0,1
2858,2894,2895,0,0,1
2860,2895,2896,0,0,1
2863,2896,2897,0,0,1
2864,2897,2898,0,0,1
2869,2898,2899,0,0,1
2873,2870,2900,0,0,1
2881,2900,2901,0,0,1
2887,863,2902,0,0,1
2889,2902,2903,0,0,1
2899,2903,2904,0,0,1
2901,2799,2905,0,0,1
2882,2905,2904,0,0,0
2718,2720,2906,0,0,1,9460
2584,2906,2907,0,0,1
2582,2585,2908,0,0,1
2722,2908,2909,0,0,1
2759,2909,2907,0,0,0
1941,1989,2910,0,0,1,1275
1812,2910,2911,0,0,1
1813,2911,2912,0,0,1
1810,2912,2913,0,0,1
1807,2913,2914,0,0,1
1808,2914,2915,0,0,1
1804,2915,2916,0,0,1
1936,1805,2917,0,0,1
1802,2917,2918,0,0,1
1800,2918,2919,0,0,1
1797,2919,2920,0,0,1
1794,1798,2921,0,0,1
1932,1795,2922,0,0,1
1791,2922,2923,0,0,1
1789,1792,2924,0,0,1
1786,2924,2925,0,0,1
1783,1787,2926,0,0,1
1784,2926,2927,0,0,1
1780,2927,2928,0,0,1
1777,1781,2929,0,0,1
2930,2929,2931,1,0,1
1862,2931,2932,0,0,1
1860,2932,2933,0,0,1
1858,2933,2934,0,0,1
1856,2934,2935,0,0,1
1850,1854,2936,0,0,1
1847,1851,2937,0,0,1
1969,1848,2938,0,0,1
1845,2938,2939,0,0,1
1842,2939,2940,0,0,1
1991,1843,2941,0,0,1
1839,2941,2942,0,0,1
1836,1840,2943,0,0,1
1946,1837,2944,0,0,1
1833,2944,2945,0,0,1
1834,2945,2946,0,0,1
1830,2946,2947,0,0,1
1828,1831,2948,0,0,1
1826,2948,2949,0,0,1
1821,1824,2950,0,0,1
1818,2950,2951,0,0,1
1815,1819,2952,0,0,1
1996,1816,2953,0,0,1
2916,2953,2954,0,0,1
2920,2954,2955,0,0,1
2921,2955,2956,0,0,1
2935,2928,2957,0,0,1
1853,2957,2958,0,0,1
2936,2958,2959,0,0,1
2937,2959,2960,0,0,1
2940,2960,2961,0,0,1
2942,2961,2962,0,0,1
2943,2962,2963,0,0,1
2947,2963,2964,0,0,1
2949,2964,2965,0,0,1
1823,2965,2966,0,0,1
2952,2951,2967,0,0,1
2956,2967,2968,0,0,1
2923,2968,2969,0,0,1
2925,2969,2966,0,0,0
2281,2284,2970,0,0,1,28720
2279,2970,2971,0,0,1
2277,2971,2972,0,0,1
2086,2972,2973,0,0,1
2083,2973,2974,0,0,1
2080,2974,2975,0,0,1
2081,2975,2976,0,0,1
2078,2976,2977,0,0,1
2076,2977,2978,0,0,1
2074,2978,2979,0,0,1
2072,2979,2980,0,0,1
2070,2980,2981,0,0,1
2725,2727,2982,0,0,1,9460
2578,2982,2983,0,0,1
2574,2983,2984,0,0,1
2572,2575,2985,0,0,1
2570,2985,2986,0,0,1
2987,2988,2989,1,1,1
2990,2989,2991,1,0,1
22,26,2992,0,0,1
2729,2992,2993,0,0,1
2751,2730,2994,0,0,1
2984,2994,2995,0,0,1
2986,2995,2996,0,0,1
2991,2996,2997,0,0,1
2998,2997,2993,1,0,0
2990,2998,2999,0,0,1,1267
2987,2999,3000,0,0,1
3001,3002,3003,1,1,1
3004,3005,3006,1,1,1
30,3006,3007,0,0,1
3000,25,3008,0,0,1
3009,3008,3010,1,0,1
3007,3003,3011,0,0,1
28,3011,3010,0,0,0
3004,32,3012,0,0,1,1268
3001,3005,3013,0,0,1
3002,3013,3014,0,0,1
2988,3009,3015,0,0,1
2568,3015,3016,0,0,1
3017,2566,3018,1,0,1
3019,3018,3020,1,0,1
440,3021,3022,0,1,1
534,3022,3023,0,0,1
437,3023,3024,0,0,1
35,3024,3025,0,0,1
3012,3025,3026,0,0,1
3014,3026,3027,0,0,1
3016,3027,3020,0,0,0
3028,3019,3029,1,0,1,46320
439,3029,3021,0,0,0
2564,3017,3030,0,0,1,1267
3031,3030,3032,1,0,1
3033,3032,3034,1,0,1
3035,3036,3037,1,1,1
3038,3037,3039,1,0,1
3040,3039,3041,1,0,1
3042,3041,3043,1,0,1
447,3043,3044,0,0,1
444,3044,3045,0,0,1
3028,442,3046,0,0,1
3034,3046,3047,0,0,1
3048,3047,3045,1,0,0
2562,3031,3049,0,0,1,1268
2558,2560,3050,0,0,1
3051,3050,3052,1,0,1
3035,3052,3053,0,0,1
3036,3053,3054,0,0,1
3048,3054,3055,0,0,1
3033,3055,3049,0,0,0
920,2554,3056,0,0,1,9461
3057,921,3058,1,0,1
3059,3058,3060,1,0,1
3061,3062,3063,1,1,1
3064,3065,3066,1,1,1
1010,913,3067,0,0,1
1030,3067,3068,0,0,1
910,3068,3069,0,0,1
908,3069,3070,0,0,1
904,3071,3072,0,1,1
3073,3072,3074,1,0,1
3075,3076,3077,1,1,1
3078,3077,3079,1,0,1
3080,3081,3082,1,1,1
3083,3084,3085,1,1,1
3086,3087,3088,1,1,1
456,3089,3090,0,1,1
3091,3090,3092,1,0,1
3093,3094,3095,1,1,1
3096,3095,3097,1,0,1
3056,3098,3099,0,1,1
3079,3074,3100,0,0,1
3082,3100,3101,0,0,1
3099,3102,3103,0,1,1
3060,3103,3104,0,0,1
3101,3105,3106,0,1,1
3107,3106,3108,1,0,1
3085,3108,3109,0,0,1
3104,3097,3110,0,0,1
3063,3110,3111,0,0,1
3109,3070,3112,0,0,1
3088,3112,3113,0,0,1
3092,3113,3114,0,0,1
3111,3115,3116,0,1,1
3066,3116,3114,0,0,0
3098,2556,3117,0,0,1,9460
3102,3117,3118,0,0,1
3096,3118,3119,0,0,1
3093,3119,3120,0,0,1
3115,3094,3121,0,0,1
3091,3121,3122,0,0,1
454,3122,3123,0,0,1
451,3123,3124,0,0,1
3125,3124,3126,1,0,1
3127,3126,3128,1,0,1
3129,3128,3130,1,0,1
3040,3130,3131,0,0,1
3051,3038,3132,0,0,1
3120,3132,3131,0,0,0
3129,3042,3133,0,0,1,46320
3127,3133,3134,0,0,1
3125,3134,3135,0,0,1
449,452,3136,0,0,1
446,3136,3135,0,0,0
917,3057,3137,0,0,1,9462
1014,918,3138,0,0,1
1012,3138,3139,0,0,1
915,3139,3140,0,0,1
3064,912,3141,0,0,1
3061,3065,3142,0,0,1
3062,3142,3143,0,0,1
3059,3143,3144,0,0,1
3137,3144,3145,0,0,1
3140,3145,3141,0,0,0
3086,3089,3146,0,0,1,46320
3083,3087,3147,0,0,1
3084,3147,3148,0,0,1
3149,3150,3151,1,1,1
3152,3153,3154,1,1,1
3155,3154,3156,1,0,1
3157,3158,3159,1,1,1
3160,3159,3161,1,0,1
3162,3161,3163,1,0,1
3164,3165,3166,1,1,1
3167,3166,3168,1,0,1
3169,3170,3171,1,1,1
3172,3171,3173,1,0,1
3174,3173,3175,1,0,1
3176,3175,3177,1,0,1
3178,3179,3180,1,1,1
473,3180,3181,0,0,1
469,3181,3182,0,0,1
470,3182,3183,0,0,1
466,3183,3184,0,0,1
467,3184,3185,0,0,1
463,3185,3186,0,0,1
539,464,3187,0,0,1
460,3187,3188,0,0,1
461,3188,3189,0,0,1
3146,458,3190,0,0,1
3151,3148,3191,0,0,1
3192,3191,3193,1,0,1
3156,3193,3194,0,0,1
3168,3163,3195,0,0,1
3186,3177,3196,0,0,1
3189,3196,3197,0,0,1
3194,3190,3198,0,0,1
3195,3198,3199,0,0,1
3200,3199,3197,1,0,0
3149,3192,3201,0,0,1,9460
3150,3201,3202,0,0,1
3080,3107,3203,0,0,1
3075,3078,3204,0,0,1
3205,3206,3207,1,1,1
3208,3209,3210,1,1,1
3157,3210,3211,0,0,1
3158,3211,3212,0,0,1
3203,3202,3213,0,0,1
3081,3213,3214,0,0,1
3212,3215,3216,0,1,1
3155,3216,3217,0,0,1
3214,3153,3218,0,0,1
3204,3218,3219,0,0,1
3217,3207,3220,0,0,1
3152,3220,3219,0,0,0
906,3105,3221,0,0,1,1269
903,3221,3071,0,0,0
3076,3206,3222,0,0,1,1269
901,3073,3223,0,0,1
897,899,3224,0,0,1
3225,894,3226,1,0,1
3205,3226,3227,0,0,1
3222,3227,3228,0,0,1
3223,3228,3224,0,0,0
3225,3215,3229,0,0,1,9461
895,3229,3230,0,0,1
887,890,3231,0,0,1
3232,3231,3233,1,0,1
3234,3235,3236,1,1,1
3237,3238,3239,1,1,1
3240,3241,3242,1,1,1
3243,3242,3244,1,0,1
3245,3244,3246,1,0,1
3172,3246,3247,0,0,1
3248,3169,3249,1,0,1
3250,3251,3252,1,1,1
3162,3165,3253,0,0,1
3160,3253,3254,0,0,1
3208,3254,3255,0,0,1
3230,3209,3256,0,0,1
892,3256,3257,0,0,1
889,3257,3258,0,0,1
3233,3258,3259,0,0,1
3236,3259,3260,0,0,1
3247,3261,3262,0,1,1
3249,3262,3263,0,0,1
3260,3255,3264,0,0,1
3263,3239,3265,0,0,1
3252,3265,3264,0,0,0
3250,3164,3266,0,0,1,9460
3248,3251,3267,0,0,1
3170,3267,3268,0,0,1
3200,3268,3269,0,0,1
3167,3269,3266,0,0,0
885,3232,3270,0,0,1,9462
3271,3270,3272,1,0,1
3237,3261,3273,0,0,1
3234,3238,3274,0,0,1
3235,3274,3275,0,0,1
3272,3275,3273,0,0,0
3174,3176,3276,0,0,1,9460
3245,3276,3277,0,0,1
3243,3277,3278,0,0,1
3240,3278,3279,0,0,1
3280,3279,3179,1,0,0
2061,2064,3281,0,0,1,29184
3282,3281,3283,1,0,1
2066,3284,3285,0,1,1
2063,3285,3283,0,0,0