-44.633491,-52.266915,0,1,436,437
-45.0,-52.633333,0,424,437,438
-45.0,-57.3,0,1,2,91,271
-44.600283,-52.266292,1,2,435,436
-44.433153,-51.867807,2,3,4,5,91,92,435
-44.399332,-51.801154,3,4,433,434
-44.432696,-51.799833,3,434,435,436,437,438,439,440,441,442,444
-44.032809,-51.400217,4,5,432,433
-44.00047,-51.400501,5,6,92,93,431,432
-43.59878,-50.999533,6,93,94,429,430
-43.632899,-50.998705,6,430,431
-42.766199,-49.867373,7,8,427,428,463,464
-43.366544,-50.465923,7,428,429,430,431,432,433,434,443,444
-43.36552,-50.566358,7,8,9,94,95,429
-42.299597,-49.533817,8,9,463,958,963,964
-42.133689,-49.53341,9,10,11,95,96,963
-41.933013,-49.300937,10,11,961,962
-42.132879,-49.499643,10,962,963,964
-41.901166,-49.299926,11,96,97,960,961
-41.732368,-49.067625,12,13,855,1085,1132
-41.765459,-49.067084,12,459,460,855,856
-41.801265,-49.133871,12,13,14,15,16,97,98,460,461,959,960
-41.299778,-49.066825,13,14,1131,1132,1133,1134,1135,1136,1137,1138,1139,1140,1141,1142,1143,1144,1152,1153
-41.299681,-49.132393,14,15,1130,1131
-40.899173,-49.499177,15,16,1129,1130
-40.898669,-49.533527,16,17,18,98,99,1129
-39.766413,-50.332517,17,18,1127,1128
-40.233138,-49.600744,17,1128,1129,1130,1131,1151,1152
-39.76718,-50.367122,18,99,100,1126,1127
-38.964919,-50.665795,19,20,1124,1125
-39.400269,-50.433145,19,1125,1126,1127,1128,1150,1151
-39.501394,-50.432722,19,20,100,101,1126
-38.765647,-50.833172,20,101,102,1123,1124
-37.900251,-50.931971,21,22,23,103,104,1122
-37.900379,-50.900213,21,1122,1123,1124,1125,1150
-38.533954,-50.90016,21,102,103,1123
-36.86699,-51.132711,22,23,1120,1121
-37.233523,-50.932688,22,1121,1122,1149,1150,1151,1152,1153
-36.866634,-51.165726,23,24,25,26,104,105,1120
-35.632803,-51.699653,24,25,1118,1119
-36.133275,-51.298753,24,1119,1120,1121,1148,1149
-35.632381,-51.734453,25,26,1117,1118
-35.233807,-51.934312,26,27,105,106,1117
-34.166311,-52.500038,27,28,106,107,1116
-34.867057,-52.033325,27,1116,1117,1118,1119,1147,1148
-33.699442,-52.567572,28,29,30,107,108,1115
-33.967668,-52.500531,28,1115,1116,1146,1147
-33.166479,-52.766019,29,30,1113,1114
-33.499252,-52.566474,29,1114,1115,1145,1146
-33.16506,-52.80029,30,31,32,33,34,35,36,37,38,108,109,1113
-32.63338,-52.898709,31,32,1652,1653,1654,1655,1702,1703
-32.63338,-52.832486,31,1112,1113,1114,1145,1520,1652
-32.833907,-53.332486,32,33,1651,1701,1702
-33.099855,-53.6991,33,34,1650,1651
-33.134365,-53.699824,34,35,1650
-33.165818,-54.001118,35,36,1650,1651,1700,1701
-33.233437,-54.132837,36,37,1649,1699,1700
-33.667227,-54.565598,37,38,1648,1649
-33.699753,-54.567519,38,39,40,109,110,1648
-33.866493,-54.834076,39,40,1646,1647
-33.701043,-54.665074,39,1647,1648,1649,1698,1699
-33.932442,-54.833303,40,41,42,43,110,111,1646
-34.166212,-55.367544,41,42,1645,1696,1697
-33.931849,-54.965377,41,1646,1647,1697,1698
-34.333604,-55.601264,42,43,1644,1645
-34.399827,-55.600101,43,44,45,46,111,112,1644
-34.467053,-55.731247,44,45,1642,1643
-34.39965,-55.734559,44,1643,1644,1645,1695,1696
-34.667377,-55.964769,45,46,1641,1642
-34.700535,-55.966259,46,47,48,49,50,112,113,1641
-34.76665,-56.367021,47,48,1639,1640
-34.701945,-56.367762,47,1640,1641,1642,1643,1694,1695
-35.166882,-56.898899,48,49,1638,1639
-35.200785,-56.899835,49,50,1637,1638
-35.699833,-57.765764,50,51,52,53,54,113,120,121,1637
-35.869594,-58.066165,51,52,1636,1692,1693
-35.699603,-57.834618,51,1637,1638,1639,1640,1693,1694
-35.931965,-58.066824,52,53,1635,1636
-36.299687,-58.465528,53,54,1634,1635
-36.332065,-58.466344,54,114,121,122,123,124,1633,1634
-36.666541,-59.200944,55,56,1632,1690,1691
-36.500057,-58.898906,55,1633,1634,1635,1636,1691,1692
-36.50023,-58.799807,55,56,57,58,114,1633
-36.899165,-59.566426,56,57,1631,1632
-37.467619,-60.167642,57,58,1630,1631
-37.501635,-60.166081,58,59,60,114,115,116,117,118,119,122,1630
-37.566649,-60.800113,59,60,1628,1629
-37.499417,-60.566474,59,1629,1630,1631,1632,1689,1690
-37.599612,-60.800792,60,61,62,63,64,65,66,67,68,69,70,71,72,73,74,75,76,115,1628
-38.098667,-61.933677,61,62,1610,1611,1627
-37.599051,-61.266911,61,1627,1628,1629,1688,1689
-38.566622,-62.367616,62,63,1356,1357,1610
-38.59966,-62.366595,63,64,301,302,1355,1356
-38.599448,-62.299995,64,65,301
-38.634634,-62.301198,65,66,300,301,302,382,383
-38.83392,-61.76578,66,67,300
-39.099614,-61.601054,67,68,300,381,382
-39.333266,-61.266042,68,69,299,380,381
-39.334662,-61.200932,69,70,299
-39.366813,-61.202169,70,71,298,299,379,380
-39.565948,-60.998586,71,72,297,298
-39.634219,-60.99861,72,73,296,297
-39.833483,-60.833014,73,74,295,296
-40.199083,-60.700131,74,75,295,1074,1075
-40.198629,-60.665725,75,76,1073,1074,1322
-40.200482,-60.33245,76,77,78,115,116,1321,1322,1323,1324,1325,1326,1327
-40.468551,-60.065143,77,78,282,283,284,285,286,287,374,375
-40.333738,-60.333007,77,283,1321
-40.466331,-59.932949,78,79,80,81,116,117,282
-40.666294,-59.732758,79,80,281,372,373
-40.499667,-59.932312,79,282,373,374
-40.666846,-59.666354,80,81,280,281
-40.86851,-59.13457,81,82,83,84,85,117,118,280
-41.100951,-58.999192,82,83,278,279
-41.099529,-59.066836,82,279,280,281,371,372
-41.431036,-58.466441,83,84,278
-41.700238,-58.133859,84,85,277,278,279,370,371
-41.700096,-58.032609,85,86,118,119,277
-42.099135,-57.667719,86,87,88,119,122,123,276
-41.7678,-58.034101,86,276,277,369,370
-42.299327,-57.59974,87,88,274,275
-42.300697,-57.666863,87,275,276,368,369
-42.599695,-57.465214,88,89,123,124,274
-43.599946,-57.234538,89,90,120,121,124,273,367,368,369,370,371,372,373,374,375,376,377,378,407,413,417,419,420
-42.666469,-57.466343,89,274,275,368
-44.034324,-57.20034,90,91,92,93,94,95,96,97,98,99,100,101,102,103,104,105,106,107,108,109,110,111,112,113,120,271,272
-44.03211,-57.232997,90,272,273
-44.833639,-67.299185,125,126,167,168,182,183,184,185,186,187,188,189,190,191
-45.0,-67.066667,125,127,128,168
-45.0,-67.5,125,126
-44.766667,-67.5,126,166,167
-44.866723,-61.731908,127,128,196,197,198,199
-45.0,-61.833333,127,192,197
-44.799156,-61.833387,128,129,130,131,168,169,170,183,196
-44.699252,-61.732955,129,130,195,481
-44.800919,-61.799715,129,195,196,199
-44.599871,-61.666992,130,131,480,481,482,483,484,485,506,507
-44.233398,-61.765665,131,132,133,134,135,136,137,138,139,169,505,506
-43.934117,-61.499336,132,133,501,631,632,633,634
-44.199063,-61.700493,132,504,505,632
-43.833391,-61.500239,133,134,500,501,508,509
-43.734138,-61.732083,134,135,499,500
-43.766316,-61.900791,135,136,498,499,558
-43.768053,-61.932657,136,137,557,558,605,606
-44.368662,-62.200985,137,138,556,557
-44.433741,-62.200356,138,139,555,556
-44.599357,-62.433691,139,169,170,555
-44.399768,-62.867206,140,141,171,172,173,174,184,185,603
-44.401277,-62.798701,140,603,604
-44.600446,-62.600315,140,170,183,184,555,556,557,604,605
-43.932044,-63.067553,141,142,171,602
-44.300632,-62.867838,141,602,603,604,605,606,607,608,609,610,611,616
-43.332898,-63.466263,142,143,171,172,601
-43.867387,-63.067117,142,601,602,616,620
-42.797962,-63.801776,143,144,145,146,172,173,600
-43.233221,-63.466773,143,600,601,620,622
-42.631973,-64.167422,144,145,598,599
-42.76564,-63.79967,144,599,600,622,623,625
-42.832304,-65.101154,145,146,597,598
-43.166106,-65.299488,146,173,174,596,597
-42.332839,-66.166068,147,148,187,188,592,593
-42.333032,-66.133496,147,593,594
-43.033816,-65.699585,147,186,187,594,595
-41.9659,-66.366343,148,175,176,188,189,590,591
-41.966868,-66.332286,148,591,592
-41.099137,-66.733675,149,150,151,175,176,589
-41.399408,-66.532347,149,589,590,591,592,593,594,595,596,597,598,599,615,619,621,624,625,626
-41.500738,-66.532905,149,175,590
-40.634723,-66.998746,150,151,587,588
-41.032741,-66.733386,150,588,589,615
-40.633927,-67.033791,151,176,189,190,586,587
-37.433028,-67.066779,152,153,154,177,178,582,583
-37.900882,-67.066384,152,583,584,585,586,587,588,614,615,618,619
-37.899729,-67.101353,152,177,584
-37.000316,-66.899066,153,154,580,581,1765,1766
-37.0988,-66.901452,153,581,582
-36.666811,-66.998841,154,155,156,157,178,179,1764,1765
-36.433222,-66.899536,155,156,1840,1841,1851,1852
-36.598769,-66.899688,155,1763,1764,1841,1842
-36.167503,-66.897993,156,157,1851,1874,1875,1876,1877,1878,1879
-36.033404,-67.03289,157,158,159,160,161,162,163,164,165,179,180,1879
-35.06683,-67.064399,158,159,1972,1997,1998
-35.732821,-67.031892,158,1878,1879,1972,1973,1977
-35.265962,-67.46747,159,160,1997
-35.266667,-67.5,160,161,1997,1998,1999,2000,2001,2002,2003,2004,2005,2006
-35.866667,-67.5,161,162,1837
-36.299933,-67.167081,162,163,1836,1837
-36.299315,-67.133281,163,164,1835,1836
-36.56778,-67.165854,164,165,1834,1835
-36.567525,-67.132934,165,180,181,1833,1834
-36.966667,-67.5,166,1833,1834,1835,1836,1837
-37.000503,-67.267017,166,167,181,182,1833
-43.16659,-65.43341,174,185,186,595,596
-38.566492,-67.234932,177,178,179,180,181,182,191,584,585
-39.599785,-67.234303,190,191,585,586
-44.965897,-61.699865,192,193,194,197,198,203
-45.0,-61.7,192,200,203,205,206
-44.768231,-61.666716,193,194,482,483
-44.967767,-61.664135,193,203,205,477,483,484
-44.765925,-61.733585,194,195,198,199,481,482
-44.93508,-61.567595,200,204,206,217,218,219,478,479
-45.0,-61.566667,200,207,218
-44.867333,-61.633243,201,202,477,484,485
-44.867697,-61.60122,201,478,479,480,485
-44.932555,-61.60132,201,202,204,478
-44.967212,-61.633324,202,204,205,206,477
-44.799892,-61.234741,207,208,218,219,222
-45.0,-61.233333,207,220,221,222
-44.566693,-60.834084,208,209,210,211,212,213,214,215,216,217,219,234,235
-44.799084,-61.133506,208,221,222,235,236
-44.633085,-60.767736,209,210,522,523
-44.668184,-60.766427,209,233,234,523,524,529
-44.632577,-60.732671,210,211,260,521,522
-44.498559,-60.733918,211,212,259,260,268,269
-44.49935,-60.766673,212,213,259
-44.433144,-60.76645,213,214,258,259,267,268,487
-44.467203,-61.13385,214,215,486,487,512,515,516
-44.599411,-61.133596,215,216,486
-44.865926,-61.567265,216,217,479,480,486,507,511,512
-44.96576,-61.102204,220,221,227,236,237,240
-45.0,-61.1,220,223,224,227,228
-44.966331,-60.866864,223,224,238,239,242
-45.0,-60.866667,223,229,230,239
-44.966616,-60.90016,224,225,226,228,238
-44.934543,-60.93235,225,226,237,240,241
-44.933518,-60.898995,225,238,241,242
-44.966783,-60.933619,226,227,228,237
-44.899089,-60.765621,229,230,248,249
-45.0,-60.766667,229,243,244,245,246,247,249
-44.799714,-60.767099,230,231,232,233,234,235,236,239,240,241,242,248
-44.734647,-60.700256,231,232,524,525,526,529,530
-44.799617,-60.700059,231,247,248,249,525
-44.735168,-60.765773,232,233,524
-44.867082,-60.564323,243,244,254,518
-45.0,-60.5,243,250,251,252,253,254
-44.867437,-60.633299,244,245,518,527
-44.833087,-60.633205,245,246,526,527,528,530
-44.832892,-60.699884,246,247,525,526
-44.933721,-60.300245,250,251,263,264,265,266,267,268,269,270
-45.0,-60.3,250,255,264
-44.932038,-60.368393,251,252,262,263
-44.834199,-60.531859,252,253,262,519
-44.832888,-60.566142,253,254,518,519,520,527,528
-44.899385,-60.232623,255,264,265,365,366
-45.0,-60.233333,255,271,272,273,366,367
-44.500073,-60.600918,256,257,258,266,267,635,645,646
-44.49958,-60.499194,256,553,554,635
-44.633057,-60.434569,256,265,266,364,365,548,554
-44.301607,-60.767559,257,258,487,488,489,490,491,492,516,517
-44.30093,-60.699571,257,488,644,645
-44.700776,-60.66636,260,261,269,270,521
-44.76603,-60.565823,261,262,263,270,519,520
-44.76559,-60.666733,261,520,521,522,523,528,529,530
-40.332563,-60.366943,283,284,1067,1068,1321,1327
-40.567542,-60.568274,284,285,1066,1067
-40.599299,-60.564384,285,286,1066
-40.832153,-60.832634,286,287,1065,1066,1067,1068,1069,1070,1071,1072,1073,1074,1075,1076,1077,1078,1079,1080,1081,1082,1083,1084
-41.199456,-61.199286,287,288,375,376,1065
-41.366369,-61.332251,288,289,290,376,377,1063,1064
-41.199924,-61.232008,288,1064,1065,1084
-41.700338,-61.732119,289,290,1061,1062
-41.532619,-61.566219,289,1062,1063
-41.733779,-61.731924,290,377,378,1061
-41.100143,-62.500459,291,292,418,421,1081,1082
-41.099538,-62.465731,291,1082,1083
-41.73193,-61.867083,291,378,420,421,422,423,1061,1062,1063,1064,1083,1084
-40.899818,-62.66704,292,414,415,416,418,1079,1080
-41.034868,-62.499692,292,1080,1081
-40.667379,-62.099572,293,294,1076,1077
-40.701293,-62.100607,293,1077,1078
-40.70074,-62.434774,293,294,379,380,381,382,383,384,385,386,387,408,409,414,1078,1079
-40.198668,-61.066056,294,295,296,297,298,379,1075,1076
-39.13468,-62.999797,302,303,304,383,384,1354,1355
-39.866681,-64.101092,303,304,1352,1353
-39.6674,-63.900573,303,1353,1354
-39.899812,-64.101027,304,305,384,385,1351,1352
-40.133486,-64.367438,305,306,307,385,386,1350
-40.06617,-64.366945,305,1350,1351
-40.198912,-65.100597,306,307,1316,1317,1318,1319,1320
-40.131758,-65.099961,306,1317,1350,1351,1352,1353,1354,1355,1356,1357,1358,1372,1373
-40.333359,-65.034005,307,308,386,387,1316
-40.465979,-65.066899,308,309,387,388,389,408,1315
-40.334655,-65.099511,308,1315,1316,1320
-40.567777,-65.098972,309,310,388,1314
-40.465748,-65.101212,309,1314,1315,1319,1320
-40.732597,-65.067685,310,311,312,313,314,388,389,1194,1195
-40.566427,-65.167273,310,1195,1196,1303,1314,1318,1319
-40.935151,-64.799914,311,312,1189,1239,1240
-40.900669,-65.099599,311,1194,1240,1241
-40.865578,-64.733926,312,313,1188,1189,1207,1208,1267
-40.599867,-64.498902,313,314,1266,1267,1268,1269
-40.532814,-64.367325,314,315,316,317,389,408,409,1265,1266
-40.732697,-64.132343,315,316,1177,1260
-40.732605,-64.399049,315,1177,1178,1264,1265
-40.831881,-63.969027,316,317,1250,1259,1260,1261,1262
-40.734195,-63.665904,317,318,319,320,321,322,409,414,415,1249,1250,1251,1252,1253
-40.999581,-63.666228,318,319,1156,1157,1163,1164
-40.998183,-63.701037,318,1164,1165,1248,1249
-40.867607,-63.600713,319,320,1155,1156
-40.967631,-63.533683,320,321,1050,1155
-41.334165,-63.066797,321,322,1049,1050,1051,1054,1055
-41.33458,-63.032466,322,323,415,416,1048,1049
-41.532047,-62.965522,323,390,391,392,410,411,412,416,418,421,422,1046,1047
-41.533292,-63.033823,323,1047,1048
-41.800984,-63.233345,324,325,944,945,1057
-41.735805,-63.200269,324,1045,1057,1058
-41.733669,-63.068814,324,325,326,327,328,329,390,1045,1046
-42.068067,-63.234556,325,326,943,944
-42.101783,-63.200648,326,327,937,938,943
-42.200524,-63.068364,327,328,936,937,952,953,954,955,956,957
-42.067361,-63.066997,328,329,957
-41.733033,-62.999338,329,390,391,956,957
-42.033184,-62.800248,330,392,393,394,395,396,397,410,953,954
-42.033386,-62.900033,330,954,955
-41.733038,-62.965869,330,391,392,955,956
-42.367773,-62.967412,331,332,897,898,935
-42.299499,-62.965868,331,935,936,952
-42.098267,-62.798643,331,332,333,393,952,953
-42.600796,-62.933927,332,333,896,897
-42.800575,-62.733446,333,334,335,336,393,394,793,794,895,896
-43.133883,-62.7016,334,335,761,762,800,801
-43.067802,-62.799417,334,793,801,802
-42.933704,-62.599675,335,336,761,893
-42.632668,-62.366395,336,337,394,395,825,826,892,893
-42.299995,-62.201315,337,338,395,396,911,912
-42.631919,-62.333247,337,824,825,912
-42.26578,-61.833487,338,396,397,909,910
-42.532938,-62.067334,338,910,911
-42.866122,-61.833908,339,340,823,824,825,826,827,828,829,830,831,833
-42.733569,-61.833598,339,823,907
-42.666931,-61.766238,339,340,341,342,343,398,907,908
-42.900847,-61.733484,340,341,822,832,833
-42.667091,-61.699812,341,342,821,822
-42.59774,-61.699262,342,343,820,821
-42.46822,-61.633252,343,344,345,346,398,399,819,820
-42.632524,-61.533604,344,345,879,880,888
-42.632236,-61.565365,344,818,819,880,881
-42.533722,-61.399624,345,346,887,888,890
-42.533597,-61.366171,346,347,399,400,401,411,412,886,887
-42.800534,-61.299838,347,348,400,737
-42.798806,-61.334174,347,737,738,885,886
-42.833921,-60.966266,348,349,350,400,401,735,736
-42.831706,-61.299623,348,736,737,738,739,740,741,742,746
-43.065815,-60.76682,349,350,722,723,733,734
-42.934105,-60.968041,349,734,735
-42.868032,-60.665182,350,351,352,353,354,401,402,412,422,423,722
-43.366533,-60.50106,351,352,662,663,664,667,720,721
-43.23462,-60.699628,351,721,722,723,724,727
-43.365896,-60.465965,352,353,643,661,662
-43.53442,-60.332213,353,354,642,643,649,650
-43.1661,-60.266074,354,355,356,402,641,642
-43.200018,-60.165751,355,356,639,640
-43.331715,-60.198937,355,640,641
-43.199078,-60.09846,356,357,402,403,404,405,419,420,423,639
-43.96757,-60.166813,357,358,403,638,654,696
-43.600935,-60.20095,357,638,639,640,641,642,648,649
-43.667476,-60.133208,358,359,403,404,695,699,700
-43.96647,-60.132142,358,696,697,698,700
-43.499595,-60.000613,359,360,404,405,693,694
-43.667522,-60.098587,359,694,695
-43.701,-59.865078,360,361,405,417,419,538
-43.699192,-59.966709,360,538,539,692,693
-44.666889,-59.833303,361,362,406,413,417,537
-44.032038,-59.900784,361,537,538,539,546,547
-44.66681,-60.001703,362,363,406,532,544,545
-44.665019,-59.865518,362,537,545,546
-44.801802,-60.033088,363,406,407,413,531
-44.666326,-60.132609,363,531,532,533,534,535,536
-44.631621,-60.367917,364,535,536,548
-44.866611,-60.133228,364,365,366,367,407,531,536
-42.26676,-61.798472,397,398,399,410,411,908,909
-44.800048,-51.501444,424,425,438,439,470
-45.0,-51.666667,424,445,446,447,448,449,450,451,452,453,454,455,456,457,458,470,471
-44.233611,-51.033395,425,439,440,468,469
-44.799134,-51.433205,425,469,470,471,476
-43.566182,-50.567759,426,441,442,466,467
-43.832952,-50.598997,426,467,468,469,475,476
-43.834354,-50.632838,426,440,441,468
-42.900229,-49.898913,427,464,465,466,467,474,475
-42.901573,-49.932575,427,428,443,465
-43.432355,-50.468889,442,443,444,465,466
-43.133333,-45.0,445,446,840
-45.0,-45.0,445
-43.067895,-45.500462,446,447,840,841,842,843,844,845,846,847,865,866
-42.866608,-46.032163,447,448,864,865
-42.59993,-46.467813,448,449,863,864
-42.59881,-46.499646,449,450,862,863
-42.432885,-46.666606,450,451,862
-42.366268,-46.666672,451,452,861,862,863,864,865,866,867,868,869,870,871,872,873,874,875,876
-42.36689,-47.066666,452,453,861
-42.333639,-47.065917,453,454,860,861,876
-42.333444,-47.432995,454,455,860
-42.300695,-47.432408,455,456,859,860,875,876
-42.299735,-48.133296,456,457,858,859
-42.168585,-48.266717,457,458,858
-42.101131,-48.267239,458,471,472,473,474,475,476,857,858,859,874,875
-41.765881,-48.934314,459,856,857,873,874
-41.80013,-48.933372,459,460,461,472,857
-42.067661,-49.23309,461,462,472,473,959
-42.232517,-49.432452,462,463,464,473,474,958
-42.067197,-49.299191,462,958,959,960,961,962,964
-44.200746,-60.700389,488,489,644,665,666
-44.166613,-60.699465,489,490,665,669,670,671,672,673,677,678
-44.166777,-60.765624,490,491,676,677
-44.099517,-60.766672,491,492,675,676,679
-44.099615,-60.831582,492,513,514,517,679,680,688,689
-43.399026,-61.733763,493,494,495,496,497,498,499,500,508,685,686
-43.53412,-61.499992,493,686,687
-43.734153,-61.400938,493,508,509,510,513,687,688
-43.199964,-61.765787,494,495,787,816,817
-43.332911,-61.732143,494,684,685,781,782,787,788,789,790,791
-43.201568,-61.800308,495,496,774,775,816
-43.36833,-61.866351,496,497,559,774
-43.700039,-61.965367,497,498,558,559,606,607
-43.866516,-61.332144,501,502,509,510,630,631
-44.1017,-60.898949,502,510,513,514,628,629
-44.131327,-61.201244,502,629,630
-44.299281,-61.566917,503,504,632,633
-44.167071,-61.467766,503,633,634
-44.500571,-61.300684,503,504,505,506,507,511,627,628,629,630,631,634
-44.499217,-61.232987,511,512,515,627
-44.400321,-60.999881,514,515,516,517,627,628
-44.467691,-60.132772,532,533,543,544,652
-44.46726,-60.167907,533,534,549,652,653,659
-44.466075,-60.234154,534,535,548,549,550,551,552,553,554
-43.832596,-60.032204,539,540,541,547,692
-43.731654,-60.101417,540,541,691,698,699,700
-43.733173,-60.034129,540,692,693,694,695,699
-44.000068,-60.065735,541,542,543,544,545,546,547,691
-44.098789,-60.100739,542,543,652,653,690
-44.00188,-60.100896,542,690,691,697,698
-44.300087,-60.168022,549,550,658,659,660
-44.231953,-60.234026,550,551,657,658
-44.232448,-60.333953,551,552,636,656,657
-44.233019,-60.432104,552,553,635,636,646,647
-43.365709,-61.999962,559,560,561,562,563,607,608,774,775,776,780
-43.26735,-62.032856,560,561,759
-43.266987,-62.0007,560,759,760,767,779,780
-43.066249,-62.166783,561,562,759,767,768,769,770,771,773
-43.333319,-62.566346,562,563,758,766,772,773
-43.333258,-62.73388,563,564,565,608,609,758
-43.266226,-62.999145,564,565,796,797,804
-43.299708,-62.866247,564,758,766,792,797
-43.266793,-63.066768,565,566,609,610,804,805,812
-42.900589,-63.366562,566,567,568,610,611,811,814,815
-43.133404,-63.067299,566,812,813,815
-42.600906,-63.499912,567,568,809,810,913
-42.735184,-63.399593,567,810,811
-42.599943,-63.534353,568,569,570,571,572,611,616,617,620,622,623,913,914,929
-42.266308,-63.768072,569,570,927,928
-42.500382,-63.532688,569,928,929,930,933
-42.031887,-64.100826,570,571,926,927,965,966
-42.167345,-64.165083,571,572,965
-42.199858,-64.267096,572,612,617,965,966,967,968
-41.867803,-65.032811,573,574,989,990
-41.666436,-64.533134,573,972,973,990,991,992,993,994,995,996,1025,1026
-42.100102,-64.367378,573,574,612,968,969,973
-41.899768,-65.233865,574,612,617,623,625,626,989
-40.567782,-65.932825,575,576,1037,1038
-41.567167,-65.49992,575,1025,1026,1027,1028,1029,1030,1031,1032,1038,1041,1042
-41.666859,-65.500155,575,576,624,626,989,990,1025
-38.86685,-66.733639,576,577,621,624,1024,1036,1037
-38.535219,-66.767301,577,613,618,619,621,1022,1023
-38.532549,-66.73299,577,1023,1024
-37.765576,-66.767238,578,613,614,618,1590,1591
-37.766502,-66.733936,578,1020,1021,1591,1592
-38.13297,-66.766461,578,613,1021,1022
-37.102247,-66.733296,579,580,1766,1767,1768,1769,1770,1771
-37.535155,-66.73385,579,1588,1589,1753,1767
-37.533616,-66.766828,579,580,581,582,583,614,1589,1590
-44.001039,-60.267398,636,637,647,648,649,650,651,656
-43.967181,-60.199105,637,638,648,654,655
-44.166965,-60.201146,637,655,656,657,658,660
-43.866497,-60.433743,643,650,651,661
-44.199928,-60.564589,644,645,646,647,651,661,662,666,667,668
-44.099167,-60.167627,653,654,655,659,660,690,696,697
-43.667077,-60.567864,663,664,670,671
-43.665459,-60.633486,663,671,672,719,720
-43.766565,-60.565424,664,667,668,669,670
-44.166896,-60.633345,665,666,668,669
-43.665956,-60.667936,672,673,706,710,711,719
-43.901458,-60.699865,673,674,678,706
-44.066996,-60.701223,674,675,676,677,678,701
-43.900045,-60.734137,674,701,702,706,710
-44.067614,-60.766828,675,679,680,701,702,703,704,705
-43.733158,-61.06488,680,681,682,683,689,705,712,713,714,715,716,717,718
-43.466397,-61.200321,681,682,728,744,748
-43.633037,-61.100395,681,718,728
-43.40142,-61.365958,682,683,748,749,750,751,752,753,754
-43.432663,-61.431403,683,684,685,686,687,688,689,754,755,756,757
-43.299622,-61.567475,684,757,781
-43.866318,-60.733149,702,703,709,710,711
-43.866527,-60.799466,703,704,708,709
-43.66608,-60.966102,704,705,707,708,712
-43.531976,-60.899541,707,712,713,725,726
-43.667386,-60.833542,707,708,709,711,719,720,721,726,727
-43.498443,-60.899644,713,714,725,730,731
-43.399557,-61.000151,714,715,730
-43.133196,-61.000807,715,716,729,730,731,732,733,734,735,736,745,746,747
-43.434353,-61.066999,716,717,729
-43.433735,-61.099557,717,718,728,729,744,745
-43.268194,-60.800259,723,724,732,733
-43.533157,-60.800083,724,725,726,727,731,732
-43.065124,-61.365879,738,739,782,783,788,885
-43.13384,-61.367164,739,740,756,757,781,782
-43.299724,-61.365277,740,741,752,753,755,756
-42.900502,-61.30057,741,742,751,752
-42.901312,-61.232554,742,743,746,747,750,751
-43.100515,-61.166927,743,744,745,747,748,749
-43.200024,-61.233297,743,749,750
-43.366138,-61.366598,753,754,755
-43.166561,-62.033348,760,767,768,777,778
-43.166395,-62.000041,760,778,779
-43.033838,-62.566592,761,762,763,770,771,891,892,893
-43.132307,-62.632147,762,763,799,800
-43.300099,-62.632889,763,764,765,771,772,773,799
-43.300081,-62.76647,764,765,798
-43.266863,-62.766913,764,798,799,800,801,802,803
-43.300119,-62.834054,765,766,772,792,798,803
-42.999881,-62.033501,768,769,777,828,829
-43.034332,-62.432425,769,770,827,828,891
-43.201738,-61.832952,775,776,816,817,830,831
-43.098833,-61.833925,776,777,778,779,780,829,830
-43.068347,-61.567124,783,788,789,877
-42.934845,-61.499363,783,877,878,885,886,887,889,890
-42.734246,-61.59962,784,785,818,881,882
-42.865944,-61.566429,784,882,883,884
-42.867382,-61.598799,784,785,786,790,791,883
-42.731721,-61.699067,785,786,818,819,820,821,822,832
-43.065632,-61.667776,786,787,791,817,831,832,833
-43.067177,-61.634876,789,790,877,878,883,884
-43.067149,-62.832891,792,793,794,795,796,797,802,803
-42.966098,-62.965922,794,795,834,835,894,895
-43.164602,-62.965461,795,796,804,805,834
-43.166644,-63.032618,805,812,813,834,835,836,839
-42.798552,-63.200138,806,807,899,902
-42.865831,-63.13257,806,837,838,899,900
-43.001758,-63.134503,806,807,813,814,815,838,839
-42.800662,-63.234775,807,808,809,810,811,814,902,903,906
-42.499759,-63.365528,808,809,904,905,913,914
-42.566826,-63.266991,808,905,906
-42.733657,-62.100142,823,824,907,908,909,910,911,912
-42.734023,-62.364911,826,827,891,892
-42.967324,-63.066177,835,836,894
-42.966585,-63.101833,836,837,838,839,894,895,896,897,898,901
-42.866945,-63.100473,837,900,901
-40.633333,-45.0,840,841,1275
-40.634091,-45.134745,841,842,1275,1276,1277,1278,1279,1280,1281,1282,1283,1284,1285,1286,1287,1288,1299,1300
-40.533522,-45.431296,842,843,1299
-40.466424,-45.432746,843,844,1298,1299,1300,1302
-40.466716,-45.59957,844,845,1297,1298
-40.299302,-46.167542,845,846,1297
-39.833673,-47.067879,846,847,1296,1297,1298,1301,1302
-39.833796,-47.300009,847,848,866,867,1296
-39.766069,-47.467607,848,849,850,867,868,1294,1295
-39.766212,-47.299262,848,1295,1296,1301
-39.766172,-47.700207,849,850,1090,1091
-39.665443,-47.700224,849,1091,1092,1293,1294
-40.067669,-47.933088,850,851,852,868,869,1090
-40.23407,-48.066849,851,852,1088,1089
-40.066679,-47.99948,851,1089,1090,1091,1092,1093,1094,1134,1135
-40.466358,-48.234036,852,869,870,1087,1088
-41.300661,-48.766395,853,854,871,872,1086
-40.666722,-48.468502,853,1086,1087,1088,1089,1133,1134
-40.667404,-48.433635,853,870,871,1087
-41.666617,-48.999648,854,855,856,872,873,1085
-41.299155,-48.833368,854,1085,1086,1132,1133
-42.834209,-61.532337,878,879,880,881,882,884,889
-42.833409,-61.500466,879,888,889,890
-42.398742,-63.067893,898,899,900,901,902,903,935,936,937,938,939,940
-42.365934,-63.267322,903,904,905,906,940,941
-42.400528,-63.366651,904,914,915,916,929,930,941,942,950,951
-41.932449,-63.901314,915,916,974,975,976,977,978
-41.933804,-63.600362,915,949,950,975
-41.967091,-63.89988,916,930,933,934,974
-41.866681,-63.634226,917,918,948,949,975,976
-41.868012,-63.898515,917,976,977
-41.834282,-63.899581,917,918,919,920,921,922,923,931,977,978
-41.767262,-63.567045,918,919,947,948,1052
-41.699407,-63.565369,919,920,1051,1052,1055,1056,1154
-41.633309,-63.600823,920,921,1154,1160
-41.632,-63.732401,921,922,1159,1160,1161
-41.632388,-63.834328,922,923,982,1161,1162,1163,1164,1165,1166,1167,1168,1169
-41.566576,-64.035204,923,924,925,931,932,982,983,984,985,988
-41.66636,-64.132551,924,925,980,981
-41.667608,-64.234299,924,981,987,988
-41.866538,-64.133722,925,926,927,928,932,933,934,979,980
-41.933887,-64.233,926,966,967,979
-41.799802,-64.000333,931,932,934,974,978
-42.100162,-63.266958,938,939,942,943,944,945,946,951
-42.199393,-63.299593,939,940,941,942
-41.799756,-63.300753,945,946,1043,1057,1058,1059,1060
-41.897867,-63.49897,946,947,948,949,950,951,1043,1044,1053
-41.732808,-63.432872,947,1052,1053,1056
-41.931467,-64.300016,967,968,969,979,980,981,986,987
-41.931807,-64.36712,969,970,971,972,973,986
-41.333736,-64.366627,970,971,1179,1180,1244
-41.566905,-64.333047,970,985,986,987,988,1180,1181
-41.232875,-64.499251,971,972,991,1244,1245,1246,1247
-41.43264,-63.901208,982,983,1169,1225,1226,1227,1228
-41.101048,-64.001581,983,984,1228,1258
-41.066984,-64.131601,984,985,1176,1181,1258,1259,1262
-41.200193,-64.500862,991,992,1247,1254
-41.166107,-64.66694,992,993,1185,1186,1254,1255,1256,1257
-41.301587,-64.766983,993,994,1184,1185
-41.365453,-64.765894,994,995,1170,1184
-41.601158,-64.833088,995,996,1170,1171,1172,1173,1174,1175
-41.600042,-64.965578,996,997,1026,1027,1175
-41.533043,-65.066668,997,998,999,1027,1028,1204,1205
-41.532829,-64.999782,997,1174,1175,1182,1205,1206
-41.466258,-65.199982,998,999,1215
-41.433533,-65.200506,998,1204,1215,1216
-41.465846,-65.267545,999,1000,1028,1029,1215,1216,1217,1218,1222
-41.333786,-65.333221,1000,1001,1029,1030,1221
-41.331649,-65.300966,1000,1221,1222,1223,1224
-41.200329,-65.367586,1001,1030,1031,1220
-41.199127,-65.334176,1001,1220,1221,1224
-40.66803,-65.364793,1002,1003,1199,1200,1270
-40.966842,-65.33325,1002,1200,1201,1219
-40.966446,-65.366456,1002,1003,1004,1005,1006,1031,1032,1219,1220,1223,1224
-40.665815,-65.400045,1003,1004,1270,1271,1272,1274
-40.201202,-65.666476,1004,1005,1273,1274,1328,1329,1330,1331,1339
-39.934701,-65.799787,1005,1006,1338,1339,1340,1343,1396
-39.867001,-65.866891,1006,1007,1032,1039,1040,1042,1396,1402
-39.067568,-65.932446,1007,1008,1033,1034,1035,1039,1400,1401
-39.467075,-65.867636,1007,1401,1402
-38.867094,-65.902181,1008,1009,1010,1033,1398,1399
-39.066658,-65.900481,1008,1399,1400
-38.700683,-65.866905,1009,1010,1336,1337,1341,1342
-38.866798,-65.865345,1009,1337,1397,1398
-38.531488,-66.033302,1010,1011,1012,1013,1014,1015,1033,1034,1336,1472,1473
-38.400792,-66.100868,1011,1012,1558,1570
-38.465621,-66.033495,1011,1471,1472,1558
-38.399633,-66.165523,1012,1013,1557,1570,1571,1572,1576
-38.699132,-66.2324,1013,1014,1557
-38.835428,-66.301283,1014,1015,1553,1554,1555,1556,1557,1575,1576
-38.86702,-66.300612,1015,1034,1035,1553
-38.732221,-66.500269,1016,1017,1554,1555,1568,1569
-38.800356,-66.399744,1016,1555,1556
-38.867662,-66.399988,1016,1017,1018,1035,1039,1040,1553,1556
-38.734111,-66.533351,1017,1018,1568,1577
-38.733728,-66.60176,1018,1019,1040,1041,1042,1577,1578,1579,1594
-38.632213,-66.666972,1019,1036,1037,1038,1041,1593,1597,1598,1599,1601
-38.632937,-66.632385,1019,1594,1597
-38.100618,-66.566441,1020,1592,1593,1596,1600,1601
-38.299716,-66.700351,1020,1021,1022,1023,1024,1036,1593
-41.59949,-63.2996,1043,1044,1060
-41.467178,-63.232753,1044,1053,1054,1055,1056,1059,1060
-41.632754,-63.133886,1045,1046,1047,1048,1049,1054,1058,1059
-41.232617,-63.599684,1050,1051,1154,1155,1156,1157,1158,1159,1160
-40.332802,-60.399605,1068,1069,1326,1327
-40.300558,-60.400703,1069,1070,1325,1326
-40.300977,-60.499794,1070,1071,1324,1325
-40.267511,-60.500413,1071,1072,1323,1324
-40.268686,-60.600546,1072,1073,1322,1323
-39.266543,-47.800412,1092,1093,1292,1293
-39.067592,-48.000033,1093,1094,1291,1292
-39.068205,-48.034427,1094,1095,1096,1135,1136,1290,1291
-38.966766,-48.065718,1095,1096,1289,1482
-38.967,-48.032999,1095,1289,1290
-38.966597,-48.166348,1096,1097,1098,1136,1137,1482,1535
-37.833711,-48.700196,1097,1098,1533,1534
-38.467194,-48.333862,1097,1534,1535,1536,1537,1538,1539,1547
-37.833086,-48.734361,1098,1099,1100,1137,1138,1533
-36.799556,-49.398379,1099,1100,1531,1532
-37.500685,-48.799296,1099,1532,1533,1534,1546,1547,1552
-36.5343,-49.600775,1100,1101,1138,1139,1531
-36.49883,-49.699646,1101,1139,1140,1529,1530
-36.500743,-49.598432,1101,1530,1531,1532,1545,1546
-35.799378,-50.267622,1102,1103,1104,1105,1106,1141,1142,1527
-35.801232,-50.233009,1102,1527,1528
-36.099103,-50.034631,1102,1140,1141,1528,1529
-35.500225,-50.332429,1103,1104,1545,1546,1551,1552
-35.699504,-50.266818,1103,1527,1528,1529,1530,1545
-35.233629,-50.432782,1104,1105,1526,1544,1550,1551
-35.100361,-50.56608,1105,1106,1525,1526
-35.099079,-50.666029,1106,1107,1142,1143,1525
-33.998998,-51.300772,1107,1108,1109,1143,1144,1524
-34.532946,-50.899059,1107,1524,1525,1526,1544
-33.333235,-51.767412,1108,1109,1522,1523
-33.567495,-51.499941,1108,1523,1524,1544,1549,1550
-33.332679,-51.800267,1109,1110,1111,1112,1144,1145,1146,1147,1148,1149,1153,1522
-32.400879,-52.365553,1110,1111,1521,1542,1543
-33.100843,-51.801036,1110,1522,1523,1543,1548,1549
-32.534117,-52.733884,1111,1112,1520,1521
-41.234532,-63.665844,1157,1158,1162,1163
-41.565613,-63.767467,1158,1159,1161,1162
-41.234114,-63.766823,1165,1166,1248
-41.23359,-63.800424,1166,1167,1234,1248,1249,1253
-41.398064,-63.866125,1167,1168,1225,1226,1234,1235
-41.43314,-63.865296,1168,1169,1225
-41.366939,-64.830846,1170,1171,1183,1184,1185,1186,1187,1188,1207
-41.466504,-64.833319,1171,1172,1183
-41.499251,-64.966827,1172,1173,1182,1183,1206,1207,1208,1209,1210,1211,1213
-41.533697,-64.966069,1173,1174,1182
-40.933504,-64.132782,1176,1177,1178,1179,1180,1181,1260,1261
-40.931484,-64.068227,1176,1261,1262
-40.932591,-64.367268,1178,1179,1244,1245,1263,1264
-40.899651,-64.601097,1186,1187,1257,1268,1269
-40.800128,-64.600288,1187,1188,1267,1268
-41.03258,-64.80153,1189,1190,1191,1208,1209,1238,1239
-41.366579,-64.967341,1190,1191,1229,1230
-41.131866,-64.900429,1190,1230,1231,1237,1238
-41.399261,-64.967171,1191,1209,1210,1229
-41.366385,-65.133951,1192,1193,1236
-41.267563,-65.133291,1192,1233,1236,1242,1243
-41.401424,-65.000265,1192,1193,1210,1211,1229,1230,1231,1232,1233
-41.366475,-65.164785,1193,1211,1213,1214,1236,1242
-41.132776,-65.234046,1194,1195,1196,1212,1214,1241,1242,1243
-40.56526,-65.234441,1196,1197,1198,1199,1200,1201,1202,1203,1212,1303,1304,1311
-40.133072,-65.333482,1197,1198,1271,1272,1310,1312,1313
-40.265117,-65.233716,1197,1311,1313
-40.598929,-65.366949,1198,1199,1270,1271
-41.232973,-65.301254,1201,1202,1218,1219,1222,1223
-41.234324,-65.267394,1202,1203,1217,1218
-41.365438,-65.266892,1203,1204,1205,1206,1212,1213,1214,1216,1217
-40.899496,-63.900098,1226,1227,1235,1251,1252
-40.900268,-63.932544,1227,1228,1250,1251,1258,1259
-41.199989,-65.000085,1231,1232,1237
-41.032006,-65.034565,1232,1233,1237,1238,1239,1240,1241,1243
-40.935449,-63.800246,1234,1235,1252,1253
-40.934012,-64.465926,1245,1246,1255,1256,1263
-41.167701,-64.501159,1246,1247,1254,1255
-40.931836,-64.602147,1256,1257,1263,1264,1265,1266,1269
-40.301787,-65.534369,1272,1273,1274,1309,1310
-40.265997,-65.533281,1273,1308,1309,1328,1348,1349
-35.3,-45.0,1275,1276,1491
-35.633429,-45.500442,1276,1277,1490,1491,1492,1493,1494,1495,1496,1497,1498,1499,1500,1501,1502,1503,1504,1505,1506,1507,1508,1509,1510,1511,1539,1540,1541,1547,1548,1549,1550,1551,1552
-36.032099,-45.501394,1277,1278,1489,1490
-36.633452,-45.96588,1278,1279,1488,1489
-37.399631,-46.666271,1279,1280,1487,1488
-37.432895,-46.66662,1280,1281,1487
-37.433704,-46.765295,1281,1282,1486,1487,1488,1489,1490,1538,1539
-37.499928,-46.766131,1282,1283,1485,1486
-37.834721,-47.233398,1283,1284,1485
-37.833509,-47.265819,1284,1285,1484,1485,1486,1537,1538
-38.033159,-47.43361,1285,1286,1484
-38.032293,-47.465926,1286,1287,1483,1484,1536,1537
-38.133815,-47.466378,1287,1288,1483
-38.667309,-47.933618,1288,1289,1290,1291,1292,1293,1294,1295,1300,1301,1302,1482,1483,1535,1536
-40.166754,-65.16595,1303,1304,1317,1318,1371,1372
-40.067365,-65.168171,1304,1305,1306,1307,1311,1312,1313,1370,1371,1382
-39.934601,-65.433058,1305,1306,1381,1387,1388,1389
-39.967269,-65.334509,1305,1382,1383,1384,1385,1386,1388
-40.067046,-65.43472,1306,1307,1344,1345,1381
-40.166189,-65.433865,1307,1308,1309,1310,1312,1344
-40.165863,-65.46588,1308,1344,1345,1349
-40.13268,-65.534251,1328,1329,1347,1348
-39.966921,-65.566704,1329,1330,1346,1347,1390,1395
-39.399644,-65.565533,1330,1331,1394,1395,1403
-39.399379,-65.767417,1331,1332,1333,1334,1335,1339,1340,1403,1404,1405,1408
-38.899492,-65.599071,1332,1333,1406,1407
-39.232102,-65.701771,1332,1407,1408
-38.801053,-65.635394,1333,1334,1406,1475,1476
-38.732988,-65.700052,1334,1335,1475
-38.199816,-65.699336,1335,1340,1341,1342,1343,1474,1475,1476,1477,1478,1479,1480,1481
-38.531714,-65.998634,1336,1341,1473,1474
-38.866408,-65.833044,1337,1338,1342,1343,1397
-39.366365,-65.866174,1338,1396,1397,1398,1399,1400,1401,1402
-40.066242,-65.468175,1345,1346,1347,1348,1349,1381,1387
-39.99973,-65.467625,1346,1387,1389,1390
-38.532517,-62.565209,1357,1358,1610,1611,1614,1615
-38.200039,-62.733279,1358,1359,1373,1374,1416,1417,1613,1614
-38.433551,-63.367392,1359,1360,1374,1375,1415
-38.366257,-63.301149,1359,1415,1416
-38.500814,-64.133109,1360,1361,1362,1375,1376,1377,1378,1414
-38.433869,-64.133205,1360,1414,1415,1416,1417,1418,1419,1420,1421,1422,1423,1424,1425,1426,1427,1428,1429,1430,1431,1432,1433,1434,1435,1436,1437,1438,1452,1453
-38.601248,-64.499604,1361,1362,1413,1450,1451
-38.501234,-64.299024,1361,1414,1451,1452
-38.833373,-64.764563,1362,1363,1364,1376,1413
-38.899556,-64.833507,1363,1364,1411,1412
-38.832967,-64.833917,1363,1412,1413,1449,1450
-39.13246,-65.066766,1364,1365,1376,1377,1411
-39.165823,-65.099475,1365,1366,1377,1378,1410
-39.133492,-65.100155,1365,1410,1411,1412,1448,1449
-39.199562,-65.133883,1366,1367,1368,1369,1370,1371,1372,1373,1374,1375,1378,1409
-39.166095,-65.134271,1366,1409,1410,1447,1448
-39.30014,-65.200045,1367,1368,1384,1385,1391,1392
-39.200623,-65.19885,1367,1392,1393,1409,1446,1447
-39.600238,-65.199397,1368,1369,1383,1384
-39.59901,-65.168259,1369,1370,1382,1383
-39.933037,-60.100998,1379,1380
-40.065962,-60.06676,1379
-40.133764,-60.298221,1379,1380
-40.000281,-60.301551,1380
-39.534574,-65.433089,1385,1386,1391
-39.532393,-65.466905,1386,1388,1389,1390,1391,1392,1393,1394,1395
-39.066434,-65.334033,1393,1394,1403,1404,1445,1446
-39.03205,-65.332791,1404,1405,1445,1460
-38.832183,-65.532157,1405,1406,1407,1408,1460,1461,1462,1476,1477
-38.166451,-62.732205,1417,1418,1613,1626,1685,1686
-37.201439,-62.866115,1418,1419,1684,1685
-37.20025,-62.900419,1419,1420,1684
-36.833808,-62.899929,1420,1421,1684,1685,1686,1687,1688,1689,1690,1691,1692,1693,1694,1695,1696,1697,1698,1699,1700,1701,1702,1703,1704,1705,1706,1707,1708,1717,1718,1719,1720,1721
-36.099881,-63.099391,1421,1422,1683,1716,1717
-36.100144,-63.133729,1422,1423,1682,1683
-35.433243,-63.301531,1423,1424,1681,1682
-35.433561,-63.332986,1424,1425,1681
-35.267605,-63.334211,1425,1426,1680,1681,1682,1683,1715,1716
-34.866986,-63.434581,1426,1427,1679,1680
-34.166123,-63.866124,1427,1428,1678,1679,1888
-34.300607,-64.066875,1428,1429,1887,1888,1889,1890,1891,1892,1940,1941
-34.633349,-64.433811,1429,1430,1886,1887
-34.666224,-64.433677,1430,1431,1886
-34.700289,-64.533351,1431,1432,1885,1886,1887,1940
-35.000921,-64.900676,1432,1433,1884,1885
-35.066368,-64.900128,1433,1434,1884
-35.332167,-65.367295,1434,1435,1883,1884,1885,1939,1940,1941,1942,1943,1944,1953,1956,1957
-35.400908,-65.366551,1435,1436,1882,1883
-35.633223,-65.532637,1436,1437,1882
-35.800093,-65.699896,1437,1438,1881,1882,1883,1938,1939
-36.132472,-65.867287,1438,1439,1453,1454,1458,1822,1823,1881
-36.800252,-65.665263,1439,1440,1441,1454,1820,1821
-36.80095,-65.699864,1439,1821,1822
-37.1329,-65.633739,1440,1441,1744,1751,1752,1772,1773
-37.033486,-65.665544,1440,1773,1774,1820
-37.265956,-65.466128,1441,1454,1458,1459,1743,1744
-37.932627,-65.599298,1442,1443,1455,1722,1723
-37.700683,-65.598927,1442,1723,1724,1743,1744,1750,1751
-37.699527,-65.466307,1442,1455,1456,1457,1459,1743
-38.13278,-65.532235,1443,1444,1455,1456,1463
-37.966407,-65.699991,1443,1463,1464,1722
-38.433872,-65.065724,1444,1456,1457,1461,1462
-38.200688,-65.533992,1444,1462,1463,1464,1477,1478
-38.633309,-64.899918,1445,1446,1447,1448,1449,1450,1451,1452,1453,1457,1458,1459,1460,1461
-37.833542,-65.86541,1464,1465,1466,1478,1479,1722,1723,1724,1728
-37.601437,-65.932919,1465,1466,1729,1745,1746
-37.600832,-65.900243,1465,1727,1728,1746,1747
-37.7669,-66.030975,1466,1467,1468,1469,1479,1480,1729,1730,1738
-37.966364,-66.199639,1467,1468,1562,1563,1616,1617
-37.532516,-66.164751,1467,1617,1618,1737,1738,1739
-37.968831,-66.132972,1468,1469,1561,1562
-38.065944,-66.00186,1469,1470,1480,1481,1560,1561
-38.335249,-65.899763,1470,1471,1472,1473,1474,1481,1559
-38.16593,-66.000615,1470,1559,1560
-38.332641,-65.999446,1471,1558,1559,1560,1561,1562,1563,1564,1565,1566,1570,1571
-22.5,-45.0,1491,1492
-22.5,-51.5,1492,1493,2108
-22.798884,-51.701131,1493,1494,2107,2108,2109,2110,2111,2112,2113,2114,2115,2116,2117,2118,2119,2120,2121,2122,2123,2124,2125,2126,2127,2128,2129,2130,2131,2132,2133,2190,2191
-24.033195,-52.099632,1494,1495,2106,2107
-24.399621,-52.46606,1495,1496,2106
-24.401919,-52.499738,1496,1497,2105,2106,2107,2190
-24.900175,-52.964847,1497,1498,2105
-24.899746,-52.998945,1498,1499,2104,2105,2189,2190,2191,2218,2229,2231,2232
-26.198629,-53.299618,1499,1500,2104
-26.200204,-53.334061,1500,1501,2103,2104,2188,2189
-26.568771,-53.332991,1501,1502,2103
-26.56629,-53.365511,1502,1503,2102,2103,2187,2188
-26.933418,-53.367295,1503,1504,2101,2102
-27.299216,-53.566568,1504,1505,2101
-27.299135,-53.600559,1505,1506,2100,2101,2102,2186,2187
-27.632895,-53.599244,1506,1507,2100
-27.633995,-53.634934,1507,1508,2099,2100,2185,2186
-27.999641,-53.63246,1508,1509,2098,2099
-28.533366,-53.865818,1509,1510,2097,2098
-29.13378,-54.166288,1510,1511,2096,2097
-29.132747,-54.20024,1511,1512,1513,1540,1659,2095,2096
-29.566699,-54.099881,1512,1513,1657,1658
-29.567929,-54.133968,1512,1658,1659,1707,1708
-30.03325,-53.900549,1513,1514,1540,1541,1657
-30.400281,-53.867309,1514,1515,1516,1517,1518,1519,1541,1542,1543,1548,1656
-30.39981,-53.900917,1514,1656,1657,1658,1706,1707
-31.264885,-53.63388,1515,1516,1704,1705
-30.733542,-53.867899,1515,1656,1705,1706
-31.59981,-53.465354,1516,1517,1655,1703,1704
-31.600063,-53.40013,1517,1518,1654,1655
-32.266405,-53.032653,1518,1519,1653,1654
-32.433222,-52.83348,1519,1520,1521,1542,1652,1653
-38.666249,-66.435486,1554,1569,1574,1575
-38.166548,-66.299757,1563,1564,1616
-38.167713,-66.366311,1564,1565,1582,1583,1616,1617,1618,1622,1623
-38.232465,-66.367951,1565,1566,1582
-38.234041,-66.399802,1566,1571,1572,1581,1582,1583,1595,1608,1609
-38.665792,-66.567886,1567,1568,1569,1573,1574,1577,1578,1602
-38.566876,-66.466377,1567,1602,1603,1607,1608,1609
-38.600881,-66.331831,1567,1573,1607
-38.59989,-66.298694,1572,1573,1574,1575,1576,1607,1608
-38.666317,-66.59949,1578,1579,1602,1603,1604,1605,1606
-38.534153,-66.63382,1579,1580,1594,1597,1598,1606
-38.397988,-66.600316,1580,1581,1595,1598,1599,1604,1605
-38.533976,-66.600131,1580,1605,1606
-38.39848,-66.533817,1581,1603,1604,1609
-37.835028,-66.466505,1583,1584,1595,1599,1600,1601,1622
-37.69967,-66.533371,1584,1596,1600,1740,1741,1742
-37.732432,-66.366768,1584,1621,1622,1623,1625,1740
-37.233043,-66.401023,1585,1586,1619,1620
-37.500213,-66.364892,1585,1620,1621,1624,1625,1741,1742
-37.566374,-66.566957,1585,1586,1587,1588,1589,1590,1591,1592,1596,1742
-37.199898,-66.399628,1586,1587,1619,1753,1754,1755,1756,1757,1767,1768
-37.466296,-66.533968,1587,1588,1753
-38.067089,-61.932775,1611,1612,1615,1627,1687,1688
-38.135105,-62.432661,1612,1613,1614,1615,1626
-38.066526,-62.432541,1612,1626,1686,1687
-37.201378,-66.333235,1618,1623,1624,1625,1736,1737
-37.200721,-66.367722,1619,1620,1624,1735,1736,1754
-37.600329,-66.367907,1621,1740,1741
-29.132392,-55.13283,1659,1660,1661,1662,1663,1664,1708,1709,1710,1711,1712,1718,2095
-28.666124,-55.967263,1660,1661,2185,2186,2187,2188,2189,2218
-28.700402,-55.499046,1660,2095,2096,2097,2098,2099,2185
-28.865662,-56.399301,1661,1662,2094,2217,2218,2223,2225,2228,2229
-28.900609,-56.400258,1662,1663,2094
-29.200944,-56.965633,1663,1664,2093,2094,2184,2216,2217
-29.733719,-57.499831,1664,1665,1666,1709,2093
-30.632449,-57.900437,1665,1666,2091,2092
-29.733473,-57.566763,1665,2092,2093,2183,2184
-30.666334,-57.900212,1666,1667,1709,1710,2091
-31.166655,-58.400049,1667,1668,1669,1710,1711,2089,2090
-31.099038,-58.401168,1667,2090,2091,2092,2182,2183
-32.09925,-59.365597,1668,1669,2087,2088
-31.700568,-58.967056,1668,2088,2089
-32.665104,-59.667031,1669,1711,1712,2086,2087
-33.732879,-61.231142,1670,1671,1713,2085
-33.699215,-61.23396,1670,2085,2086,2087,2088,2089,2090,2181,2182
-33.699867,-60.667525,1670,1712,1713,1714,1718,1719,2086
-33.767739,-61.532933,1671,1672,1673,1674,1675,1713,1714,2084
-33.732906,-61.532934,1671,2084,2085,2180,2181
-33.966393,-62.034404,1672,1673,2082,2083
-33.767028,-61.867203,1672,2083,2084,2179,2180
-34.000688,-62.033963,1673,1674,2081,2082
-34.466682,-62.534668,1674,1675,2080,2081
-34.499152,-62.532632,1675,1714,1719,1720,2080
-34.032789,-63.733783,1676,1677,2174,2175,2249,2250
-34.033883,-63.601598,1676,2175,2176
-34.06646,-63.600668,1676,1677,1678,1679,1680,1715,2176,2177
-34.066946,-63.86704,1677,1678,1888,1889,2249
-34.266247,-63.333774,1715,1716,1717,1721,2177,2178
-34.499543,-62.90065,1720,1721,2080,2081,2082,2083,2178,2179
-37.731029,-65.667448,1724,1725,1726,1727,1728,1750
-37.499015,-65.699789,1725,1726,1748,1749
-37.365325,-65.700673,1725,1749,1750,1751,1752
-37.500395,-65.834577,1726,1727,1747,1748
-37.266918,-65.867148,1729,1730,1745,1772,1773,1774,1775,1776,1777
-37.099875,-66.033438,1730,1731,1738,1739,1777
-36.734582,-66.033151,1731,1732,1733,1734,1735,1736,1737,1739,1781
-37.099296,-65.965364,1731,1776,1777,1778,1779,1780,1781
-36.499618,-66.532554,1732,1733,1784,1785,1786,1787,1788,1789,1809
-36.634547,-66.03203,1732,1780,1781,1784
-36.866353,-66.567514,1733,1734,1783,1808,1809,1812,1813
-37.035635,-66.432407,1734,1735,1754,1755,1783
-37.266529,-65.834019,1745,1746,1747,1748,1749,1752,1772
-37.031915,-66.467261,1755,1756,1782,1783,1807,1808
-37.067654,-66.467649,1756,1757,1782
-37.066401,-66.532818,1757,1758,1768,1769,1782,1807
-36.966832,-66.666677,1758,1759,1760,1769,1770,1806,1812,1813,1816
-36.965724,-66.53109,1758,1807,1808,1812
-36.933046,-66.733917,1759,1760,1838
-36.900939,-66.73369,1759,1805,1806,1838,1839
-36.933189,-66.76685,1760,1761,1762,1770,1771,1838,1839,1845
-36.766241,-66.833771,1761,1762,1844,1848,1849
-36.866788,-66.766205,1761,1845,1846,1847,1849
-36.766715,-66.867691,1762,1763,1764,1765,1766,1771,1843,1844
-36.600517,-66.865902,1763,1842,1843
-36.96584,-65.767905,1774,1775,1820,1821,1822,1823,1824,1825,1830,1831
-36.96643,-65.868137,1775,1776,1778,1829,1830
-36.634878,-65.96793,1778,1779,1828,1829
-36.633999,-66.000792,1779,1780,1784,1785,1828
-36.499594,-66.001066,1785,1786,1827,1828,1829,1830,1831,1832
-36.399933,-66.132882,1786,1787,1827,1854,1855,1864
-36.398919,-66.298471,1787,1788,1863,1864,1865
-36.10045,-66.400338,1788,1789,1862,1863
-35.999686,-66.501297,1789,1790,1791,1809,1810,1813,1816,1817,1861,1862
-35.766274,-66.433667,1790,1791,1964,1965
-35.89968,-66.432598,1790,1860,1861,1961,1965,1966
-35.732676,-66.433769,1791,1792,1793,1794,1795,1810,1964
-35.498502,-66.333191,1792,1793,1962,1963,1986
-35.500114,-66.298568,1792,1963,1964,1965,1966
-35.50015,-66.367074,1793,1794,1986,1987,1995
-35.467544,-66.365477,1794,1795,1994,1995,1996
-35.201177,-66.600562,1795,1810,1817,1818,1819,1993,1994
-34.733606,-66.632893,1796,1797,2009,2010,2056,2057
-34.76653,-66.634484,1796,1990,2010,2011,2012
-34.766058,-66.667204,1796,1797,1798,1799,1811,1990,1991
-34.732972,-66.733154,1797,1798,2013,2056
-35.034256,-66.900333,1798,1799,1969,2013,2014,2015
-35.533406,-66.900504,1799,1800,1811,1814,1815,1968,1969,1974,1975
-35.267679,-66.665806,1800,1815,1818,1819,1979,1980
-35.666741,-66.832496,1800,1967,1968,1980,1981
-36.534633,-66.833093,1801,1802,1840,1841,1842,1843,1844,1848,1850,1853
-35.866623,-66.66682,1801,1850,1978
-35.665904,-66.567073,1801,1802,1803,1804,1805,1806,1816,1817,1819,1978,1979
-36.632187,-66.832262,1802,1803,1847,1848,1849
-36.830651,-66.767167,1803,1804,1846,1847
-36.831896,-66.733096,1804,1805,1839,1845,1846
-35.066228,-66.734447,1811,1814,1991,1992
-35.20021,-66.732485,1814,1815,1818,1992,1993
-36.134751,-65.935392,1823,1824,1880,1881,1937,1938
-36.167643,-65.933213,1824,1825,1866,1867,1880
-36.299291,-66.032271,1825,1826,1831,1832,1866
-36.400302,-66.099136,1826,1827,1832,1854
-36.33227,-66.099545,1826,1854,1855,1866,1867,1868,1872,1873
-36.433654,-66.832662,1840,1852,1853
-35.866635,-66.73363,1850,1851,1852,1853,1874,1978,1979,1980,1981
-36.100048,-66.199362,1855,1856,1864,1865,1871,1872
-35.831023,-66.165818,1856,1857,1858,1859,1860,1861,1862,1863,1865,1933
-35.967179,-66.099289,1856,1871,1933,1934
-35.699533,-66.135333,1857,1858,1983,1984,1985
-35.832986,-66.134104,1857,1933,1934,1935,1952,1982,1984
-35.765293,-66.200066,1858,1859,1930,1931,1983
-35.700216,-66.265637,1859,1860,1930,1961
-36.167028,-65.96743,1867,1868,1880,1936,1937
-36.099443,-65.965632,1868,1869,1870,1873,1936
-36.065706,-65.932143,1869,1870,1935,1952,1953,1956
-36.100666,-65.931929,1869,1936,1937,1938,1939,1953
-36.066417,-65.999818,1870,1871,1872,1873,1934,1935
-35.767914,-66.799491,1874,1875,1967,1981
-35.865329,-66.900507,1875,1876,1967,1968,1974
-35.700337,-67.001415,1876,1877,1973,1974,1975,1976,1977
-35.733205,-66.999201,1877,1878,1973
-34.033567,-63.933876,1889,1890,2030,2249,2250,2251,2280,2281
-34.033235,-64.265776,1890,1891,2029,2030,2031,2032,2033,2046,2047
-34.500663,-64.967113,1891,1892,2028,2029
-34.733966,-65.46686,1892,1893,1941,1942,2028
-34.765928,-65.499294,1893,1942,1943,2027
-34.732669,-65.499883,1893,2027,2028,2029,2045,2046
-34.367681,-66.233209,1894,1895,2042,2043
-34.732659,-65.865124,1894,2043,2044
-34.767388,-65.866912,1894,1895,1943,1944,2027,2044,2045
-34.168112,-66.467353,1895,1944,1957,1958,1959,1960,2041,2042
-32.898826,-65.799732,1896,1897,1945,1946,1947,1948,1949,1954,2038,2039
-32.934377,-65.7991,1896,2039,2040
-33.534334,-66.467683,1896,1954,1955,1958,2040,2041
-32.635079,-65.265611,1897,1898,1899,1900,1901,1945,2037
-32.665754,-65.266952,1897,2037,2038
-32.365609,-64.767015,1898,1899,2035,2036,2294,2330,2331
-32.633586,-65.068035,1898,2036,2037,2038,2039,2040,2041,2042,2043,2044,2045,2046,2047
-31.899893,-65.066767,1899,1900,2329,2330
-31.900741,-65.100126,1900,1901,2328,2329
-31.565922,-65.301475,1901,1902,1945,1946,2328
-30.5675,-65.301401,1902,1903,1904,1905,1906,1946,1947,2327
-30.566077,-65.267411,1902,2327,2328,2329,2330,2331,2332,2333,2334,2335,2336,2337,2338,2339,2340,2341,2342,2343,2344,2348
-29.667199,-65.433118,1903,1904,2326
-30.266367,-65.301363,1903,2326,2327,2347,2348
-29.100419,-65.534176,1904,1905,2325,2326,2346,2347
-28.566191,-65.666114,1905,1906,2324,2325
-28.566608,-65.699351,1906,1907,1947,1948,2324
-27.731795,-65.833213,1907,1908,1948,1949,2322,2323
-28.399189,-65.699785,1907,2323,2324,2325,2345,2346
-26.63479,-66.032821,1908,1909,1910,1911,1912,1913,1914,1915,1916,1917,1918,1919,1920,1921,1922,1923,1949,1954,1955,2320,2321
-27.233676,-65.833629,1908,2321,2322
-26.033332,-66.30011,1909,1910,2318,2319,2381,2382
-26.566544,-66.032721,1909,2319,2320
-25.566924,-66.666177,1910,1911,2380,2381,2471
-25.500936,-66.799025,1911,1912,2471,2472,2473,2480
-25.166319,-67.066448,1912,1913,2479,2480,2481,2482
-24.7,-67.5,1913,1914,2478,2479
-33.133333,-67.5,1914,1915,2292,2293
-33.467043,-67.30074,1915,1916,2238,2291,2292
-33.700579,-67.234541,1916,1917,2237,2238,2239,2240,2241,2242,2243
-33.533495,-67.132002,1917,1918,2236,2237
-33.835405,-67.034484,1918,1919,2235,2236
-33.998629,-67.033603,1919,1920,2234,2235
-34.035035,-66.865646,1920,1921,2017,2018,2233,2234
-34.132013,-66.766551,1921,1922,2017,2064,2067,2068
-34.133941,-66.733003,1922,1923,2063,2064
-34.233736,-66.632878,1923,1924,1925,1926,1955,1958,1959,2063
-34.466954,-66.531854,1924,1925,2058,2059,2076
-34.30055,-66.700133,1924,2063,2064,2067,2076,2077
-34.599476,-66.46656,1925,1926,2007,2008,2058
-34.767142,-66.333469,1926,1927,1928,1929,1950,1951,1959,1960,2007
-35.26748,-66.333756,1927,1928,1987,1988,1989,1995,1996
-35.132633,-66.36726,1927,1988,2007,2008,2009,2010,2012
-35.301018,-66.266658,1928,1929,1962,1986,1987
-35.300562,-66.231095,1929,1930,1931,1932,1950,1961,1962,1963,1966
-35.632491,-66.165984,1931,1932,1983,1985
-35.63406,-66.032592,1932,1950,1951,1982,1984,1985
-35.765534,-65.966198,1951,1952,1956,1957,1960,1982
-34.766998,-66.966784,1969,1970,1971,1975,1976,2015,2016,2023,2024
-34.732393,-67.000341,1970,1971,1999,2000,2048,2049,2050,2053,2054
-34.734935,-66.966415,1970,2023,2048
-34.867262,-66.997854,1971,1972,1976,1977,1998,1999
-34.932226,-66.565012,1988,1989,2011,2012
-34.933626,-66.632744,1989,1990,1991,1992,1993,1994,1996,2011
-34.734126,-67.033202,2000,2001,2053
-34.532698,-67.066553,2001,2002,2052,2053,2054,2055
-34.532983,-67.099252,2002,2003,2052
-34.433658,-67.099323,2003,2004,2019,2020,2051,2052,2055
-34.367306,-67.199412,2004,2005,2019,2069,2070
-34.567171,-67.431184,2005,2006,2069
-34.566667,-67.5,2006,2069,2070,2071,2072,2073,2074
-34.600676,-66.53407,2008,2009,2057,2058,2059,2060,2061,2065
-34.668076,-66.799824,2013,2014,2016,2017,2018,2024,2025,2056,2057,2065,2066,2068
-34.766474,-66.933821,2014,2015,2016
-34.232152,-67.167775,2018,2019,2020,2025,2026,2070,2071,2233
-34.433265,-67.066396,2020,2021,2022,2026,2051
-34.665929,-66.968177,2021,2022,2049,2050
-34.599956,-67.033533,2021,2050,2051,2054,2055
-34.66592,-66.932365,2022,2023,2024,2025,2026,2048,2049
-32.900111,-64.300728,2030,2031,2279,2280
-32.732491,-64.399335,2031,2032,2278,2279
-32.734112,-64.466401,2032,2033,2277,2278
-32.431688,-64.667226,2033,2034,2035,2036,2047,2276,2277
-32.366217,-64.733193,2034,2035,2274,2275,2294
-32.366996,-64.666157,2034,2275,2276
-34.466737,-66.566355,2059,2060,2075,2076,2077,2078,2079
-34.532175,-66.566129,2060,2061,2075
-34.533049,-66.666973,2061,2062,2065,2066,2075,2079
-34.397788,-66.766632,2062,2066,2067,2068,2077,2078
-34.467435,-66.667009,2062,2078,2079
-34.166482,-67.29969,2071,2072,2233,2234,2235,2236,2237,2243,2244
-34.166901,-67.366595,2072,2073,2244,2245,2248
-34.133049,-67.366374,2073,2074,2247,2248
-34.133333,-67.5,2074,2246,2247
-22.5,-63.833333,2108,2109,2699,2700
-22.533118,-63.833776,2109,2110,2688,2689,2699
-22.601366,-63.833361,2110,2111,2435,2436,2687,2688
-22.83436,-63.601164,2111,2112,2434,2435
-22.835195,-63.533613,2112,2113,2434
-22.99981,-63.53315,2113,2114,2433,2434,2435,2436,2437,2438,2439,2440,2441,2442,2465,2466,2467,2468,2469,2470
-23.167468,-63.132335,2114,2115,2433
-23.400062,-62.900303,2115,2116,2432,2433,2464,2465
-23.398779,-62.734809,2116,2117,2431,2432
-23.533372,-62.502385,2117,2118,2431
-23.93379,-62.1993,2118,2119,2430,2431,2432,2463,2464
-24.332976,-61.799129,2119,2120,2430
-24.399464,-61.800172,2120,2121,2429,2430,2462,2463
-24.700819,-61.499633,2121,2122,2428,2429
-24.700268,-61.434019,2122,2123,2428
-25.032557,-61.266677,2123,2124,2427,2428,2429,2461,2462
-25.533403,-60.867077,2124,2125,2426,2427
-25.533504,-60.833759,2125,2126,2426
-25.633823,-60.833695,2126,2127,2425,2426,2427,2460,2461
-25.967706,-60.567918,2127,2128,2424,2425
-26.166911,-60.333195,2128,2129,2424
-26.333311,-60.333225,2129,2130,2423,2424,2425,2459,2460
-26.50043,-60.167642,2130,2131,2422,2423
-26.499705,-60.099401,2131,2132,2422
-26.66536,-60.100631,2132,2133,2421,2422,2423,2458,2459
-27.101268,-59.799779,2133,2191,2230,2232,2421
-26.734764,-60.499993,2134,2192,2224,2226,2455,2456
-26.73407,-60.466286,2134,2456,2457
-27.099682,-59.999084,2134,2226,2227,2230,2421,2457,2458
-26.333052,-61.032947,2135,2192,2193,2219,2220,2221,2224,2453,2454
-26.331726,-60.867152,2135,2454,2455,2456,2457,2458,2459,2460,2461,2462,2463,2464,2465,2470
-26.366062,-60.866466,2135,2192,2455
-25.933213,-61.434968,2136,2193,2194,2219,2451,2452
-25.933389,-61.265926,2136,2452,2453,2454,2469,2470
-25.999551,-61.267077,2136,2193,2453
-25.531939,-61.90007,2137,2194,2195,2196,2219,2220,2449,2450
-25.534551,-61.80022,2137,2450,2451,2452,2468,2469
-25.566567,-61.800016,2137,2194,2451
-24.999743,-62.666335,2138,2195,2196,2447,2448
-24.999815,-62.433356,2138,2448,2449,2450,2467,2468
-25.06754,-62.434364,2138,2195,2449
-24.065416,-64.0669,2139,2140,2141,2142,2197,2198,2444,2445
-24.466852,-63.399678,2139,2445,2446,2447,2448,2466,2467
-24.500558,-63.400291,2139,2197,2446
-23.632371,-64.731803,2140,2141,2598,2599
-23.502095,-64.699672,2140,2443,2444,2599,2600
-23.634056,-64.766375,2141,2142,2566,2567,2598
-23.999297,-64.832477,2142,2143,2144,2198,2199,2566
-24.033375,-65.032705,2143,2144,2371,2372,2549
-23.933181,-64.89936,2143,2549,2550,2566,2567,2571,2572
-24.298156,-64.634075,2144,2145,2199,2200,2371
-24.500583,-64.300243,2145,2200,2201,2369,2370
-24.33406,-64.632675,2145,2370,2371,2372,2373,2374,2375,2376,2377,2411,2412
-25.633287,-63.198562,2146,2147,2368,2409,2410
-24.998566,-63.834144,2146,2369,2370,2410,2411
-24.866727,-63.93194,2146,2147,2148,2201,2202,2369
-25.999254,-62.53248,2147,2148,2367,2368
-26.000294,-62.499955,2148,2149,2150,2202,2203,2367
-26.432707,-62.132696,2149,2150,2366,2407,2408
-26.067878,-62.499025,2149,2367,2368,2408,2409
-26.733364,-61.36676,2150,2151,2152,2203,2204,2366
-27.533492,-60.100046,2151,2152,2364,2365
-27.198605,-60.800708,2151,2365,2366,2406,2407
-27.567897,-59.600924,2152,2204,2205,2206,2207,2208,2221,2224,2226,2227,2363,2364
-28.034148,-58.899532,2153,2154,2205,2206,2362
-27.965349,-59.233107,2153,2362,2363,2364,2365,2405,2406
-27.933428,-59.233437,2153,2205,2363
-28.064395,-58.068428,2154,2155,2206,2207,2361
-28.067705,-58.899364,2154,2361,2362,2404,2405
-28.099113,-57.200849,2155,2156,2207,2208,2360
-28.098156,-58.067582,2155,2360,2361,2403,2404
-28.132549,-56.866534,2156,2208,2227,2230,2231,2232,2358,2359
-28.132866,-57.200167,2156,2359,2360,2402,2403
-28.833388,-57.269157,2157,2158,2356,2357
-28.567992,-56.932022,2157,2357,2358,2359,2401,2402
-28.56848,-56.86722,2157,2158,2228,2229,2231,2358
-28.867769,-57.266404,2158,2159,2225,2228,2355,2356
-29.098888,-57.700226,2159,2209,2222,2223,2225,2353,2354
-29.065961,-57.70032,2159,2354,2355
-29.366537,-58.934768,2160,2161,2351,2352
-29.167041,-58.332774,2160,2352,2353,2354,2355,2356,2357,2400,2401
-29.166179,-58.133132,2160,2161,2209,2353
-29.400992,-58.933651,2161,2162,2209,2210,2211,2222,2351
-29.433494,-59.399013,2162,2163,2164,2165,2166,2210,2350
-29.399449,-59.400508,2162,2350,2351,2352,2399,2400
-29.466668,-60.233636,2163,2164,2261,2262,2349
-29.432781,-60.233584,2163,2349,2350,2398,2399
-29.466674,-60.032293,2164,2165,2260,2261
-29.601122,-59.700143,2165,2166,2259,2260
-29.599392,-59.399655,2166,2167,2210,2211,2258,2259
-30.199056,-59.068497,2167,2168,2169,2211,2212,2213,2214,2215,2216,2217,2222,2223,2257
-29.667158,-59.401543,2167,2257,2258
-30.432017,-59.967127,2168,2169,2256,2285,2286
-30.2014,-59.566379,2168,2257,2258,2259,2260,2261,2262,2263,2264,2265,2266,2267,2268,2269,2286,2287
-31.034321,-60.568695,2169,2170,2212,2256
-31.600635,-61.434346,2170,2171,2212,2213,2255
-31.368536,-61.200689,2170,2255,2256,2284,2285
-31.898158,-61.700389,2171,2172,2213,2214,2254
-31.59948,-61.499833,2171,2254,2255,2283,2284
-32.566166,-62.30014,2172,2214,2215,2252,2253
-32.466721,-62.30084,2172,2253,2254,2282,2283
-33.401505,-63.134205,2173,2174,2250,2251
-33.000094,-62.833456,2173,2251,2252,2253,2281,2282
-32.933462,-62.666302,2173,2174,2175,2176,2177,2178,2179,2180,2181,2182,2183,2184,2215,2216,2252
-24.834296,-63.001122,2196,2197,2198,2199,2200,2201,2202,2203,2204,2220,2221,2446,2447
-33.599499,-67.33237,2238,2239,2289,2291
-33.833333,-67.5,2239,2240,2289,2290
-33.866667,-67.5,2240,2241,2246
-33.966003,-67.332873,2241,2242,2245,2246,2247,2248
-33.967166,-67.299252,2242,2243,2244,2245
-29.46631,-60.266896,2262,2263,2302,2303,2349,2397,2398
-29.799019,-60.599971,2263,2264,2301,2302
-29.833544,-60.600122,2264,2265,2300,2301
-29.932426,-61.132463,2265,2266,2299,2300
-29.967554,-61.132482,2266,2267,2299
-29.966185,-61.567009,2267,2268,2298,2299,2300,2301,2302,2303,2304,2305,2306,2307,2336,2337
-30.366022,-61.964825,2268,2269,2297,2298
-30.465899,-62.166466,2269,2270,2287,2288,2297
-30.500514,-62.633399,2270,2271,2288,2296
-30.465815,-62.63259,2270,2296,2297,2298,2335,2336
-30.96729,-63.567316,2271,2272,2273,2274,2275,2276,2277,2278,2279,2280,2281,2282,2283,2284,2285,2286,2287,2288,2295
-30.499692,-63.067734,2271,2295,2296,2334,2335
-31.333345,-64.232341,2272,2273,2332,2333
-30.999622,-63.833382,2272,2295,2333,2334
-31.632294,-64.566959,2273,2274,2294,2331,2332
-33.599236,-67.399788,2289,2290,2291,2292,2293
-33.366667,-67.5,2290,2293
-29.266859,-60.666593,2303,2304,2397
-28.96654,-61.032705,2304,2305,2396,2397,2398,2399,2400,2401,2402,2403,2404,2405,2406,2407,2408,2409,2410,2411,2412,2413,2414,2415,2416,2419,2420
-28.899532,-61.500521,2305,2306,2395,2396
-28.899052,-61.600781,2306,2307,2394,2395
-28.734673,-61.966286,2307,2308,2337,2338,2394
-28.667199,-62.131328,2308,2309,2338,2339,2392,2393
-28.668209,-61.966535,2308,2393,2394,2395,2396,2418,2419
-28.300954,-62.900305,2309,2339,2340,2390,2391
-28.300762,-62.799798,2309,2391,2392
-27.666454,-63.833382,2310,2311,2389,2417,2418,2419,2420
-27.898611,-63.434247,2310,2390,2391,2392,2393,2418
-27.966984,-63.43333,2310,2311,2312,2340,2341,2390
-27.566362,-64.232777,2311,2312,2388,2389
-27.501252,-64.366502,2312,2313,2314,2341,2342,2388
-27.266787,-64.599255,2313,2314,2387,2416,2417,2420
-27.432958,-64.366399,2313,2388,2389,2417
-27.26743,-64.699181,2314,2315,2342,2343,2387
-27.099962,-64.934085,2315,2343,2344,2385,2386
-27.098794,-64.899581,2315,2386,2387,2415,2416
-26.501039,-65.766714,2316,2317,2318,2319,2320,2321,2322,2323,2345,2384
-26.633482,-65.467334,2316,2384,2385,2386,2414,2415
-26.867984,-65.232824,2316,2344,2345,2346,2347,2348,2385
-26.034309,-66.233442,2317,2318,2382,2383
-26.433213,-65.767467,2317,2383,2384,2413,2414
-24.032287,-65.066365,2372,2373,2530,2549,2550,2562,2563
-24.132688,-65.199064,2373,2374,2530,2531,2532,2533
-24.398443,-65.499731,2374,2375,2515,2533
-24.435487,-65.532615,2375,2376,2485,2486,2515,2527,2528
-24.632985,-65.966186,2376,2377,2484,2485
-24.932956,-66.499242,2377,2378,2379,2380,2381,2382,2383,2412,2413,2484
-25.132393,-66.866539,2378,2379,2472,2473,2483
-24.933427,-66.633887,2378,2483,2484,2485,2486,2487,2488,2489,2490,2491,2492,2493,2494,2495,2496,2497,2498,2499,2500,2501,2502,2513,2514
-25.398963,-66.667456,2379,2380,2471,2472
-22.701447,-63.900683,2436,2437,2624,2625,2687
-22.733295,-63.900839,2437,2438,2624
-22.733843,-63.93371,2438,2439,2624,2625,2626,2627,2637,2641,2642
-22.83203,-63.999161,2439,2440,2640,2641
-22.866519,-64.00097,2440,2441,2640
-22.867479,-64.099592,2441,2442,2640,2641,2642,2643,2644,2645
-23.432813,-64.667196,2442,2443,2444,2445,2466,2623,2645
-23.433545,-64.701252,2443,2600,2601,2602,2623,2633,2634
-25.133936,-66.932719,2473,2474,2480,2481,2483,2512,2513
-24.532762,-67.166695,2474,2475,2481,2482,2510,2511
-24.533129,-67.132253,2474,2511,2512
-23.867265,-67.300788,2475,2476,2477,2478,2479,2482,2508,2509
-24.367098,-67.167707,2475,2509,2510
-23.100788,-67.433266,2476,2477,2506,2507
-23.700926,-67.299353,2476,2507,2508
-23.033333,-67.5,2477,2478,2505,2506
-24.299806,-65.600719,2486,2487,2527,2534
-24.300281,-65.633298,2487,2488,2534,2535,2536,2537,2539
-24.167424,-65.698939,2488,2489,2538,2539
-24.099669,-65.767707,2489,2490,2522,2523,2538
-24.100286,-65.801774,2490,2491,2521,2522
-24.066455,-65.798542,2491,2492,2520,2521,2540
-24.06594,-65.831862,2492,2493,2540,2541,2542,2543,2544,2545,2548
-23.833865,-66.032495,2493,2494,2547,2548
-23.665646,-66.00047,2494,2495,2546,2547,2587,2588
-23.667261,-66.032911,2495,2496,2586,2587
-23.633371,-66.032626,2496,2497,2585,2586,2594
-23.600057,-66.164873,2497,2498,2594,2595,2596,2597
-23.466819,-66.167219,2498,2499,2583,2584,2597
-23.466688,-66.199661,2499,2500,2582,2583
-23.434434,-66.199884,2500,2501,2582,2603,2604,2605,2611,2612
-22.865858,-66.400965,2501,2502,2610,2611
-22.866179,-66.433742,2502,2503,2514,2610
-22.666066,-66.43401,2503,2504,2505,2506,2507,2508,2509,2510,2511,2512,2513,2514,2695,2698
-22.666285,-66.400155,2503,2609,2610,2611,2612,2695
-22.5,-67.5,2504,2505
-22.5,-66.433333,2504,2697,2698
-24.066581,-65.497536,2515,2516,2517,2528,2529,2532,2533
-23.634681,-65.466167,2516,2517,2530,2531,2561,2562
-23.698456,-65.433306,2516,2531,2532
-23.301003,-65.49972,2517,2518,2519,2520,2521,2522,2523,2524,2525,2526,2529,2560,2561,2575,2576
-23.765634,-65.733056,2518,2519,2541,2542
-23.368781,-65.635079,2518,2542,2543,2575
-23.899873,-65.733989,2519,2520,2540,2541
-24.10003,-65.699467,2523,2524,2537,2538,2539
-23.799736,-65.599107,2524,2525,2536,2537
-24.031836,-65.599242,2525,2526,2535,2536
-23.799948,-65.500805,2526,2527,2528,2529,2534,2535
-23.232196,-65.733137,2543,2544,2575,2576,2577,2578,2579,2580,2581,2590
-23.20033,-65.800469,2544,2545,2574,2589,2590,2593
-23.833583,-65.86582,2545,2546,2547,2548,2574
-23.433684,-65.867051,2546,2574,2588,2589
-23.700264,-64.899499,2550,2551,2552,2563,2564,2565,2571
-23.399494,-64.933902,2551,2552,2569,2570,2619,2620
-23.700372,-64.865362,2551,2570,2571,2572,2573
-23.03389,-65.000913,2552,2553,2564,2618,2619
-22.933645,-65.067991,2553,2554,2564,2565,2663,2664,2665,2668
-22.967394,-65.000986,2553,2618,2663
-22.600117,-65.232906,2554,2555,2556,2557,2558,2559,2560,2561,2562,2563,2565,2666,2667
-22.832642,-65.068262,2554,2667,2668
-22.5,-65.6,2555,2556,2681,2682,2683,2684,2685
-22.5,-65.133333,2555,2666
-22.76676,-65.633319,2556,2557,2680,2681
-22.765406,-65.53212,2557,2558,2679,2680
-22.866902,-65.598004,2558,2559,2577,2578,2679
-23.200654,-65.500046,2559,2560,2576,2577
-23.56802,-64.833932,2567,2568,2572,2573,2598,2599,2600,2602
-23.43381,-64.866394,2568,2569,2570,2573,2613,2614,2615,2616,2621
-23.435364,-64.798524,2568,2601,2602,2613
-23.400759,-64.866946,2569,2620,2621,2622
-22.900549,-65.699464,2578,2579,2679,2680,2681,2685
-22.834552,-65.899659,2579,2580,2655,2684,2685
-22.834589,-65.966639,2580,2581,2655,2661,2662
-22.998516,-66.100377,2581,2590,2591,2592,2593,2603,2604,2660,2661
-23.266594,-66.134492,2582,2583,2584,2591,2603
-23.233655,-66.033625,2584,2591,2592,2596,2597
-23.533605,-66.033477,2585,2594,2595
-23.233454,-65.933783,2585,2586,2587,2588,2589,2592,2593,2595,2596
-23.299582,-64.834673,2601,2613,2614,2632,2633
-22.899265,-66.166972,2604,2605,2659,2660,2669
-22.934266,-66.23245,2605,2606,2607,2608,2609,2612,2669,2672
-22.5,-66.333333,2606,2607,2696,2697
-22.5,-66.233333,2606,2671,2672
-22.600147,-66.333862,2607,2608,2696
-22.599712,-66.399438,2608,2609,2695,2696,2697,2698
-23.20069,-64.834037,2614,2615,2632,2646,2647,2652
-22.933066,-64.832973,2615,2616,2651,2652,2653,2654
-22.932973,-64.865996,2616,2617,2621,2622,2651,2673,2674,2677,2678
-22.966646,-64.966454,2617,2618,2619,2620,2622,2663,2664
-22.933375,-64.967167,2617,2664,2665,2673
-23.298901,-64.665802,2623,2634,2635,2644,2645
-22.632736,-63.967553,2625,2626,2686,2687,2688,2689,2690,2693,2694
-22.699645,-63.96724,2626,2627,2686
-22.698538,-64.066512,2627,2637,2638,2686,2692,2693
-22.5,-63.966667,2628,2629,2691
-22.566766,-63.966195,2628,2691,2692,2693,2694
-22.631839,-64.06585,2628,2629,2630,2631,2638,2639,2692
-22.5,-64.8,2629,2630,2647,2648,2649,2652,2653
-22.633563,-64.799539,2630,2631,2646,2647
-23.201188,-64.799091,2631,2632,2633,2634,2635,2636,2639,2646
-23.100308,-64.599466,2635,2636,2643,2644
-22.867139,-64.234284,2636,2637,2638,2639,2642,2643
-22.634589,-64.866536,2648,2649,2675,2676,2677,2678
-22.5,-64.833333,2648,2676
-22.633574,-64.832687,2649,2650,2653,2654,2675
-22.766692,-64.834553,2650,2651,2654,2674
-22.766712,-64.865633,2650,2674,2675,2678
-22.666971,-66.032322,2655,2656,2657,2658,2662,2683,2684
-22.5,-65.933333,2656,2657,2682
-22.599865,-65.867102,2656,2682,2683
-22.5,-66.1,2657,2658,2670,2671
-22.699517,-66.13395,2658,2659,2660,2661,2662,2670
-22.699455,-66.166292,2659,2669,2670,2671,2672
-22.5,-65.033333,2665,2666,2667,2668,2673,2676,2677
-22.53368,-63.900329,2689,2690,2699,2700
-22.5,-63.9,2690,2691,2694,2700