0,1,2,1,1,1,1273
3,4,5,1,1,1
6,5,7,1,0,1
8,7,9,1,0,1
10,9,11,1,0,1
12,13,14,1,1,1
15,16,17,1,1,1
18,19,20,1,1,1
21,22,23,1,1,1
24,23,25,1,0,1
26,25,27,1,0,1
28,27,29,1,0,1
30,31,32,1,1,1
33,34,35,1,1,1
36,37,38,1,1,1
39,38,40,1,0,1
41,42,43,1,1,1
44,43,45,1,0,1
46,47,48,1,1,1
49,50,51,1,1,1
52,53,54,1,1,1
55,56,57,1,1,1
58,59,60,1,1,1
61,60,62,1,0,1
63,62,64,1,0,1
65,66,67,1,1,1
68,67,69,1,0,1
70,69,71,1,0,1
72,71,73,1,0,1
74,75,76,1,1,1
77,76,78,1,0,1
79,80,81,1,1,1
82,81,83,1,0,1
84,83,85,1,0,1
86,85,87,1,0,1
88,87,89,1,0,1
90,91,92,1,1,1
93,92,94,1,0,1
95,96,97,1,1,1
98,97,99,1,0,1
100,101,102,1,1,1
11,103,104,0,1,1
105,104,106,1,0,1
20,17,107,0,0,1
29,107,108,0,0,1
45,109,110,0,1,1
54,111,112,0,1,1
73,64,113,0,0,1
78,113,114,0,0,1
115,114,116,1,0,1
89,116,117,0,0,1
99,94,118,0,0,1
102,118,119,0,0,1
106,120,121,0,1,1
108,14,122,0,0,1
123,122,124,1,0,1
117,125,126,0,1,1
119,126,127,0,0,1
121,2,128,0,0,1
124,128,129,0,0,1
32,129,130,0,0,1
35,130,131,0,0,1
40,131,132,0,0,1
110,132,133,0,0,1
48,133,134,0,0,1
51,134,135,0,0,1
136,135,137,1,0,1
127,138,139,0,1,1
137,140,141,0,1,1
112,141,142,0,0,1
57,142,139,0,0,0
143,144,145,1,1,1,9463
146,145,0,1,0,0
147,148,149,1,1,1,9462
150,151,152,1,1,1
153,152,154,1,0,1
155,154,156,1,0,1
157,156,158,1,0,1
159,158,160,1,0,1
143,160,149,0,0,0
161,162,163,1,1,1,50416
164,165,166,1,1,1
167,166,168,1,0,1
169,170,171,1,1,1
172,173,174,1,1,1
175,174,176,1,0,1
177,178,179,1,1,1
180,181,182,1,1,1
183,184,185,1,1,1
186,187,188,1,1,1
189,188,190,1,0,1
191,192,193,1,1,1
194,193,195,1,0,1
196,197,198,1,1,1
199,200,201,1,1,1
202,203,204,1,1,1
205,206,207,1,1,1
208,207,209,1,0,1
210,211,212,1,1,1
213,212,214,1,0,1
215,216,217,1,1,1
218,217,219,1,0,1
220,221,222,1,1,1
223,222,224,1,0,1
225,224,226,1,0,1
227,228,229,1,1,1
230,229,231,1,0,1
232,231,233,1,0,1
234,235,236,1,1,1
237,236,238,1,0,1
239,238,240,1,0,1
241,240,242,1,0,1
243,242,244,1,0,1
245,244,246,1,0,1
247,246,248,1,0,1
249,250,251,1,1,1
252,251,253,1,0,1
254,255,256,1,1,1
257,258,259,1,1,1
260,259,261,1,0,1
262,263,264,1,1,1
265,264,266,1,0,1
267,268,269,1,1,1
270,271,272,1,1,1
273,272,274,1,0,1
275,274,276,1,0,1
277,276,278,1,0,1
279,278,280,1,0,1
281,280,282,1,0,1
283,282,284,1,0,1
285,286,287,1,1,1
288,289,290,1,1,1
291,290,292,1,0,1
293,294,295,1,1,1
296,295,297,1,0,1
298,297,299,1,0,1
300,299,301,1,0,1
302,301,303,1,0,1
304,303,305,1,0,1
306,307,308,1,1,1
309,310,311,1,1,1
312,313,314,1,1,1
315,316,317,1,1,1
318,319,320,1,1,1
321,322,323,1,1,1
324,323,325,1,0,1
326,325,327,1,0,1
328,327,329,1,0,1
330,331,332,1,1,1
333,332,334,1,0,1
335,334,336,1,0,1
337,338,339,1,1,1
340,339,341,1,0,1
342,343,344,1,1,1
345,344,346,1,0,1
347,346,348,1,0,1
349,350,351,1,1,1
352,353,354,1,1,1
355,356,357,1,1,1
358,357,359,1,0,1
360,361,362,1,1,1
363,364,365,1,1,1
366,367,368,1,1,1
153,369,370,0,1,1
147,151,371,0,0,1
372,371,373,1,0,1
168,163,374,0,0,1
171,374,375,0,0,1
176,375,376,0,0,1
377,376,378,1,0,1
179,378,379,0,0,1
380,379,381,1,0,1
182,381,382,0,0,1
185,382,383,0,0,1
190,383,384,0,0,1
195,384,385,0,0,1
198,385,386,0,0,1
387,386,388,1,0,1
214,209,389,0,0,1
219,389,390,0,0,1
226,390,391,0,0,1
233,391,392,0,0,1
393,392,394,1,0,1
248,394,395,0,0,1
253,396,397,0,1,1
256,397,398,0,0,1
266,399,400,0,1,1
269,400,401,0,0,1
284,402,403,0,1,1
305,292,404,0,0,1
308,404,405,0,0,1
314,311,406,0,0,1
407,406,408,1,0,1
320,317,409,0,0,1
329,409,410,0,0,1
411,410,412,1,0,1
336,413,414,0,1,1
415,414,416,1,0,1
348,341,417,0,0,1
351,417,418,0,0,1
359,354,419,0,0,1
365,420,421,0,1,1
370,368,422,0,0,1
150,422,423,0,0,1
373,423,424,0,0,1
395,204,425,0,0,1
398,426,427,0,1,1
261,427,428,0,0,1
401,429,430,0,1,1
431,430,432,1,0,1
405,287,433,0,0,1
412,408,434,0,0,1
416,434,435,0,0,1
418,436,437,0,1,1
419,438,439,0,1,1
424,421,440,0,0,1
428,425,441,0,0,1
432,441,442,0,0,1
403,442,443,0,0,1
433,443,444,0,0,1
437,445,446,0,1,1
440,362,447,0,0,1
444,448,449,0,1,1
446,450,451,0,1,1
452,451,453,1,0,1
447,439,454,0,0,1
388,454,455,0,0,1
449,201,456,0,0,1
435,456,457,0,0,1
453,457,455,0,0,0
458,459,460,1,1,1,29936
461,460,462,1,0,1
463,462,464,1,0,1
465,464,466,1,0,1
467,466,468,1,0,1
469,470,471,1,1,1
472,471,473,1,0,1
474,475,476,1,1,1
477,476,478,1,0,1
479,480,481,1,1,1
482,481,483,1,0,1
484,483,485,1,0,1
486,487,488,1,1,1
489,490,491,1,1,1
492,491,493,1,0,1
494,493,495,1,0,1
496,497,498,1,1,1
499,500,501,1,1,1
502,503,504,1,1,1
505,506,507,1,1,1
508,509,510,1,1,1
511,512,513,1,1,1
514,513,515,1,0,1
516,515,517,1,0,1
518,517,519,1,0,1
520,519,521,1,0,1
522,523,524,1,1,1
525,524,526,1,0,1
527,526,528,1,0,1
529,530,531,1,1,1
532,533,534,1,1,1
535,534,536,1,0,1
537,536,538,1,0,1
539,538,540,1,0,1
541,542,543,1,1,1
544,543,545,1,0,1
546,545,547,1,0,1
548,549,550,1,1,1
551,552,553,1,1,1
554,553,555,1,0,1
556,557,558,1,1,1
559,558,560,1,0,1
561,560,562,1,0,1
563,562,564,1,0,1
565,564,566,1,0,1
567,566,568,1,0,1
569,568,570,1,0,1
571,572,573,1,1,1
574,573,575,1,0,1
576,575,577,1,0,1
578,579,580,1,1,1
581,582,583,1,1,1
584,585,586,1,1,1
587,586,588,1,0,1
589,590,591,1,1,1
592,591,593,1,0,1
594,593,595,1,0,1
596,595,597,1,0,1
598,599,600,1,1,1
601,600,602,1,0,1
220,602,603,0,0,1
218,221,604,0,0,1
605,604,606,1,0,1
607,606,608,1,0,1
609,608,610,1,0,1
611,610,612,1,0,1
613,614,615,1,1,1
616,617,618,1,1,1
619,618,620,1,0,1
621,622,623,1,1,1
624,623,625,1,0,1
626,627,628,1,1,1
629,630,631,1,1,1
632,633,634,1,1,1
635,636,637,1,1,1
638,637,639,1,0,1
640,639,641,1,0,1
186,641,642,0,0,1
187,642,643,0,0,1
183,643,644,0,0,1
184,644,645,0,0,1
180,645,646,0,0,1
181,646,647,0,0,1
380,647,648,0,0,1
177,648,649,0,0,1
377,178,650,0,0,1
175,650,651,0,0,1
172,651,652,0,0,1
169,173,653,0,0,1
167,170,654,0,0,1
161,165,655,0,0,1
468,162,656,0,0,1
473,656,657,0,0,1
478,657,658,0,0,1
485,658,659,0,0,1
488,659,660,0,0,1
495,660,661,0,0,1
498,661,662,0,0,1
501,662,663,0,0,1
504,663,664,0,0,1
507,664,665,0,0,1
510,665,666,0,0,1
521,666,667,0,0,1
528,667,668,0,0,1
531,668,669,0,0,1
540,669,670,0,0,1
547,670,671,0,0,1
550,671,672,0,0,1
673,672,674,1,0,1
555,674,675,0,0,1
577,676,677,0,1,1
580,677,678,0,0,1
583,678,679,0,0,1
597,588,680,0,0,1
603,680,681,0,0,1
612,681,682,0,0,1
615,682,683,0,0,1
620,683,684,0,0,1
625,684,685,0,0,1
628,685,686,0,0,1
631,687,688,0,1,1
649,634,689,0,0,1
652,689,690,0,0,1
653,690,691,0,0,1
654,691,692,0,0,1
164,692,693,0,0,1
675,655,694,0,0,1
570,694,695,0,0,1
686,679,696,0,0,1
697,696,698,1,0,1
699,698,700,1,0,1
693,688,701,0,0,1
695,701,700,0,0,0
702,703,704,1,1,1,29712
705,704,706,1,0,1
707,706,708,1,0,1
709,710,711,1,1,1
712,713,714,1,1,1
715,716,717,1,1,1
718,719,720,1,1,1
721,722,723,1,1,1
480,723,724,0,0,1
477,724,725,0,0,1
474,725,726,0,0,1
472,475,727,0,0,1
467,470,728,0,0,1
465,728,729,0,0,1
463,729,730,0,0,1
461,730,731,0,0,1
458,731,732,0,0,1
708,732,733,0,0,1
711,733,734,0,0,1
735,734,736,1,0,1
737,736,738,1,0,1
720,739,740,0,1,1
726,740,741,0,0,1
727,741,742,0,0,1
738,469,743,0,0,1
714,743,744,0,0,1
717,744,742,0,0,0
745,746,747,1,1,1,30992
748,747,749,1,0,1
750,749,751,1,0,1
752,751,753,1,0,1
754,753,755,1,0,1
756,755,757,1,0,1
758,757,759,1,0,1
760,759,761,1,0,1
762,761,763,1,0,1
764,763,765,1,0,1
766,765,767,1,0,1
768,767,769,1,0,1
770,769,771,1,0,1
772,771,773,1,0,1
774,773,775,1,0,1
776,777,778,1,1,1
722,778,779,0,0,1
718,779,780,0,0,1
739,719,781,0,0,1
715,781,782,0,0,1
716,782,783,0,0,1
712,783,784,0,0,1
737,713,785,0,0,1
735,785,786,0,0,1
709,786,787,0,0,1
707,710,788,0,0,1
705,788,789,0,0,1
775,702,790,0,0,1
784,780,791,0,0,1
787,791,792,0,0,1
789,792,790,0,0,0
793,363,794,1,0,1,9459
795,794,796,1,0,1
797,798,799,1,1,1
367,799,796,0,0,0
159,146,800,0,0,1,9464
801,157,802,1,0,1
803,802,804,1,0,1
805,804,806,1,0,1
340,343,807,0,0,1
808,807,809,1,0,1
810,809,811,1,0,1
324,811,812,0,0,1
321,812,813,0,0,1
814,815,816,1,1,1
817,816,818,1,0,1
819,818,820,1,0,1
821,822,823,1,1,1
824,823,825,1,0,1
826,825,827,1,0,1
103,827,828,0,0,1
120,828,829,0,0,1
800,829,830,0,0,1
820,813,831,0,0,1
832,831,833,1,0,1
830,834,835,0,1,1
806,835,833,0,0,0
369,155,836,0,0,1,1265
797,366,837,0,0,1
838,839,840,1,1,1
356,840,841,0,0,1
438,353,842,0,0,1
452,842,843,0,0,1
349,843,844,0,0,1
350,844,845,0,0,1
347,845,846,0,0,1
345,846,847,0,0,1
805,342,848,0,0,1
803,848,849,0,0,1
801,849,850,0,0,1
836,850,851,0,0,1
837,851,852,0,0,1
841,852,853,0,0,1
352,853,847,0,0,0
420,364,854,0,0,1,46320
360,854,855,0,0,1
361,855,856,0,0,1
358,856,857,0,0,1
355,857,858,0,0,1
838,858,859,0,0,1
798,839,860,0,0,1
795,860,861,0,0,1
793,861,859,0,0,0
10,105,862,0,0,1,1272
863,862,864,1,0,1
865,864,866,1,0,1
867,866,868,1,0,1
869,870,871,1,1,1
872,871,873,1,0,1
298,300,874,0,0,1
293,296,875,0,0,1
876,875,877,1,0,1
878,877,879,1,0,1
880,881,882,1,1,1
883,884,885,1,1,1
886,885,887,1,0,1
888,889,890,1,1,1
891,890,892,1,0,1
893,894,895,1,1,1
896,897,898,1,1,1
899,900,901,1,1,1
902,901,903,1,0,1
904,903,905,1,0,1
906,907,908,1,1,1
909,908,910,1,0,1
61,910,911,0,0,1
58,911,912,0,0,1
59,912,913,0,0,1
125,913,914,0,0,1
138,914,915,0,0,1
55,915,916,0,0,1
56,916,917,0,0,1
52,917,918,0,0,1
111,53,919,0,0,1
136,919,920,0,0,1
49,920,921,0,0,1
50,921,922,0,0,1
46,922,923,0,0,1
47,923,924,0,0,1
44,924,925,0,0,1
41,925,926,0,0,1
109,42,927,0,0,1
39,927,928,0,0,1
36,928,929,0,0,1
33,37,930,0,0,1
34,930,931,0,0,1
30,931,932,0,0,1
123,31,933,0,0,1
28,933,934,0,0,1
26,934,935,0,0,1
18,22,936,0,0,1
15,19,937,0,0,1
12,16,938,0,0,1
13,938,939,0,0,1
868,939,940,0,0,1
873,940,941,0,0,1
874,941,942,0,0,1
879,942,943,0,0,1
882,944,945,0,1,1
887,945,946,0,0,1
892,946,947,0,0,1
898,948,949,0,1,1
905,949,950,0,0,1
918,951,952,0,1,1
926,952,953,0,0,1
932,929,954,0,0,1
935,954,955,0,0,1
24,955,956,0,0,1
21,956,957,0,0,1
943,937,958,0,0,1
953,959,960,0,1,1
958,936,961,0,0,1
947,961,962,0,0,1
960,950,963,0,0,1
962,957,964,0,0,1
895,964,963,0,0,0
832,834,965,0,0,1,1272
819,965,966,0,0,1
967,966,968,1,0,1
969,968,970,1,0,1
971,972,973,1,1,1
4,973,974,0,0,1
824,826,975,0,0,1
970,822,976,0,0,1
975,974,977,0,0,1
821,977,976,0,0,0
817,967,978,0,0,1,9464
814,978,979,0,0,1
322,815,980,0,0,1
318,980,981,0,0,1
319,981,982,0,0,1
983,982,984,1,0,1
985,984,986,1,0,1
987,986,988,1,0,1
863,865,989,0,0,1
8,989,990,0,0,1
6,990,991,0,0,1
971,3,992,0,0,1
979,969,993,0,0,1
991,988,994,0,0,1
992,994,995,0,0,1
972,995,993,0,0,0
337,808,996,0,0,1,1265
338,996,997,0,0,1
436,997,998,0,0,1
445,998,999,0,0,1
450,999,1000,0,0,1
335,415,1001,0,0,1
333,1001,1002,0,0,1
413,331,1003,0,0,1
411,1003,1004,0,0,1
328,1004,1005,0,0,1
326,1005,1006,0,0,1
810,1006,1007,0,0,1
1002,1000,1008,0,0,1
330,1008,1007,0,0,0
987,867,1009,0,0,1,9462
983,985,1010,0,0,1
407,316,1011,0,0,1
312,1011,1012,0,0,1
309,313,1013,0,0,1
306,310,1014,0,0,1
307,1014,1015,0,0,1
304,1015,1016,0,0,1
302,1016,1017,0,0,1
869,872,1018,0,0,1
1009,870,1019,0,0,1
1012,315,1020,0,0,1
1018,1017,1021,0,0,1
1019,1021,1022,0,0,1
1020,1010,1023,0,0,1
1013,1023,1022,0,0,0
291,294,1024,0,0,1,21749
285,289,1025,0,0,1
286,1025,1026,0,0,1
283,1026,1027,0,0,1
281,1027,1028,0,0,1
279,1028,1029,0,0,1
277,1029,1030,0,0,1
275,1030,1031,0,0,1
1032,1031,1033,1,0,1
884,1033,1034,0,0,1
880,1034,1035,0,0,1
944,881,1036,0,0,1
878,1036,1037,0,0,1
876,1037,1038,0,0,1
1024,1038,1039,0,0,1
288,1039,1035,0,0,0
1040,748,1041,1,0,1,31040
1042,1041,1043,1,0,1
1044,1043,1045,1,0,1
1046,1047,1048,1,1,1
1049,1048,1050,1,0,1
1051,1052,1053,1,1,1
1054,1055,1056,1,1,1
1057,1056,1058,1,0,1
1059,1060,1061,1,1,1
1062,1061,1063,1,0,1
1064,1065,1066,1,1,1
1067,1068,1069,1,1,1
777,1069,1070,0,0,1
772,774,1071,0,0,1
770,1071,1072,0,0,1
766,768,1073,0,0,1
764,1073,1074,0,0,1
760,762,1075,0,0,1
756,758,1076,0,0,1
754,1076,1077,0,0,1
752,1077,1078,0,0,1
750,1078,1079,0,0,1
1045,1079,1080,0,0,1
1050,1080,1081,0,0,1
1053,1081,1082,0,0,1
1058,1082,1083,0,0,1
1063,1083,1084,0,0,1
1085,1084,1086,1,0,1
1066,1086,1087,0,0,1
1072,1070,1088,0,0,1
1074,1088,1089,0,0,1
1075,1089,1087,0,0,0
1032,883,1090,0,0,1,9463
273,1090,1091,0,0,1
270,1091,1092,0,0,1
271,1092,1093,0,0,1
431,402,1094,0,0,1
267,1094,1095,0,0,1
268,1095,1096,0,0,1
265,1096,1097,0,0,1
262,1097,1098,0,0,1
429,399,1099,0,0,1
260,1099,1100,0,0,1
257,1100,1101,0,0,1
258,1101,1102,0,0,1
254,1102,1103,0,0,1
255,1103,1104,0,0,1
252,1104,1105,0,0,1
1106,249,1107,1,0,1
1108,1107,1109,1,0,1
1110,1109,1111,1,0,1
889,1111,1112,0,0,1
886,1112,1113,0,0,1
1098,1093,1114,0,0,1
263,1114,1115,0,0,1
1105,1115,1113,0,0,0
1110,888,1116,0,0,1,1271
1108,1116,1117,0,0,1
1118,1117,1119,1,0,1
1120,1119,1121,1,0,1
1122,1121,1123,1,0,1
1124,1125,1126,1,1,1
1127,1126,1128,1,0,1
1129,1130,1131,1,1,1
1132,1131,1133,1,0,1
1134,1133,1135,1,0,1
1136,1137,1138,1,1,1
1139,1140,1141,1,1,1
1142,1141,1143,1,0,1
1144,1143,1145,1,0,1
1146,1145,1147,1,0,1
1148,1147,1149,1,0,1
907,1150,1151,0,1,1
951,1151,1152,0,0,1
959,1152,1153,0,0,1
904,1153,1154,0,0,1
902,1154,1155,0,0,1
899,1155,1156,0,0,1
900,1156,1157,0,0,1
896,1157,1158,0,0,1
948,897,1159,0,0,1
893,1159,1160,0,0,1
894,1160,1161,0,0,1
1123,891,1162,0,0,1
1128,1162,1163,0,0,1
1135,1164,1165,0,1,1
1138,1166,1167,0,1,1
1149,1167,1168,0,0,1
1158,1169,1170,0,1,1
1161,1170,1171,0,0,1
1163,1171,1172,0,0,1
1165,1172,1168,0,0,0
776,721,1173,0,0,1,29760
1067,1173,1174,0,0,1
1064,1068,1175,0,0,1
1085,1065,1176,0,0,1
1062,1176,1177,0,0,1
1059,1177,1178,0,0,1
1057,1060,1179,0,0,1
1054,1179,1180,0,0,1
1181,1180,1182,1,0,1
1183,1182,1184,1,0,1
1185,1184,1186,1,0,1
1187,1188,1189,1,1,1
1190,1189,1191,1,0,1
1192,1193,1194,1,1,1
1195,1194,1196,1,0,1
1197,1198,1199,1,1,1
1200,1199,1201,1,0,1
1202,1201,1203,1,0,1
1204,1203,1205,1,0,1
1206,1207,1208,1,1,1
1209,1208,1210,1,0,1
1211,1212,1213,1,1,1
1214,1215,1216,1,1,1
1217,1218,1219,1,1,1
1220,1219,1221,1,0,1
1222,1221,1223,1,0,1
1224,1223,1225,1,0,1
529,533,1226,0,0,1
530,1226,1227,0,0,1
527,1227,1228,0,0,1
525,1228,1229,0,0,1
522,1229,1230,0,0,1
520,523,1231,0,0,1
518,1231,1232,0,0,1
514,516,1233,0,0,1
511,1233,1234,0,0,1
508,512,1235,0,0,1
505,509,1236,0,0,1
502,506,1237,0,0,1
503,1237,1238,0,0,1
499,1238,1239,0,0,1
496,500,1240,0,0,1
494,497,1241,0,0,1
492,1241,1242,0,0,1
489,1242,1243,0,0,1
486,490,1244,0,0,1
484,487,1245,0,0,1
482,1245,1246,0,0,1
1174,479,1247,0,0,1
1175,1247,1248,0,0,1
1178,1248,1249,0,0,1
1186,1249,1250,0,0,1
1191,1250,1251,0,0,1
1196,1251,1252,0,0,1
1205,1252,1253,0,0,1
1210,1253,1254,0,0,1
1216,1213,1255,0,0,1
1225,1255,1256,0,0,1
1230,1256,1257,0,0,1
1232,1257,1258,0,0,1
1234,1258,1259,0,0,1
1235,1259,1260,0,0,1
1236,1260,1261,0,0,1
1239,1261,1262,0,0,1
1240,1262,1263,0,0,1
1243,1263,1264,0,0,1
1246,1244,1265,0,0,1
1254,1265,1264,0,0,0
196,387,1266,0,0,1,50176
197,1266,1267,0,0,1
194,1267,1268,0,0,1
191,1268,1269,0,0,1
189,192,1270,0,0,1
640,1270,1271,0,0,1
1272,1271,1273,1,0,1
1274,1273,1275,1,0,1
1276,1275,1277,1,0,1
605,1277,1278,0,0,1
215,1278,1279,0,0,1
216,1279,1280,0,0,1
213,1280,1281,0,0,1
210,1281,1282,0,0,1
211,1282,1283,0,0,1
208,1283,1284,0,0,1
205,1284,1285,0,0,1
206,1285,1286,0,0,1
202,1286,1287,0,0,1
203,1287,1288,0,0,1
448,1288,1289,0,0,1
199,1289,1290,0,0,1
200,1290,1269,0,0,0
1106,1118,1291,0,0,1,9462
250,1291,1292,0,0,1
396,1292,1293,0,0,1
426,1293,1294,0,0,1
247,1294,1295,0,0,1
245,1295,1296,0,0,1
243,1296,1297,0,0,1
239,241,1298,0,0,1
1299,237,1300,1,0,1
1132,1301,1302,0,1,1
1129,1302,1303,0,0,1
1164,1130,1304,0,0,1
1127,1304,1305,0,0,1
1122,1125,1306,0,0,1
1297,1120,1307,0,0,1
1300,1298,1308,0,0,1
1303,1308,1309,0,0,1
1305,1309,1310,0,0,1
1124,1310,1311,0,0,1
1306,1311,1307,0,0,0
1312,1042,1313,1,0,1,29248
1314,1313,1315,1,0,1
1316,1315,1317,1,0,1
1318,1317,1319,1,0,1
1320,1319,1321,1,0,1
1322,1321,1323,1,0,1
1324,1323,1325,1,0,1
1326,1325,1327,1,0,1
1328,1327,1329,1,0,1
1330,1329,1331,1,0,1
1332,1331,1333,1,0,1
1187,1334,1335,0,1,1
1188,1335,1336,0,0,1
1185,1336,1337,0,0,1
1183,1337,1338,0,0,1
1181,1338,1339,0,0,1
1055,1339,1340,0,0,1
1051,1340,1341,0,0,1
1052,1341,1342,0,0,1
1049,1342,1343,0,0,1
1046,1343,1344,0,0,1
1044,1047,1345,0,0,1
1333,1345,1344,0,0,0
234,1299,1346,0,0,1,49904
235,1346,1347,0,0,1
393,1347,1348,0,0,1
232,1348,1349,0,0,1
230,1349,1350,0,0,1
227,1350,1351,0,0,1
225,228,1352,0,0,1
223,1352,1353,0,0,1
601,1353,1354,0,0,1
1355,1354,1356,1,0,1
1357,1356,1358,1,0,1
1359,1358,1360,1,0,1
1361,1360,1362,1,0,1
1363,1362,1364,1,0,1
1365,1364,1366,1,0,1
1367,1366,1368,1,0,1
1369,1368,1370,1,0,1
1371,1370,1372,1,0,1
1373,1372,1374,1,0,1
1375,1374,1376,1,0,1
1377,1376,1378,1,0,1
1379,1378,1380,1,0,1
1381,1380,1382,1,0,1
1383,1382,1384,1,0,1
1166,1384,1385,0,0,1
1301,1134,1386,0,0,1
1351,1386,1385,0,0,0
635,638,1387,0,0,1,29696
632,636,1388,0,0,1
633,1388,1389,0,0,1
629,1389,1390,0,0,1
687,630,1391,0,0,1
699,1391,1392,0,0,1
697,1392,1393,0,0,1
626,1393,1394,0,0,1
627,1394,1395,0,0,1
624,1395,1396,0,0,1
621,1396,1397,0,0,1
619,622,1398,0,0,1
616,1398,1399,0,0,1
613,617,1400,0,0,1
611,614,1401,0,0,1
607,609,1402,0,0,1
1276,1402,1403,0,0,1
1274,1403,1404,0,0,1
1272,1404,1405,0,0,1
1387,1405,1406,0,0,1
1390,1406,1407,0,0,1
1399,1397,1408,0,0,1
1400,1408,1409,0,0,1
1401,1409,1407,0,0,0
1381,1383,1410,0,0,1,50416
1411,1379,1412,1,0,1
1413,1412,1414,1,0,1
1415,1416,1417,1,1,1
1418,1417,1419,1,0,1
1420,1421,1422,1,1,1
1423,1422,1424,1,0,1
1425,1426,1427,1,1,1
65,1427,1428,0,0,1
63,66,1429,0,0,1
909,1429,1430,0,0,1
1150,906,1431,0,0,1
1169,1431,1432,0,0,1
1148,1432,1433,0,0,1
1146,1433,1434,0,0,1
1144,1434,1435,0,0,1
1142,1435,1436,0,0,1
1139,1436,1437,0,0,1
1136,1140,1438,0,0,1
1410,1137,1439,0,0,1
1414,1439,1440,0,0,1
1419,1440,1441,0,0,1
1424,1441,1442,0,0,1
1428,1443,1444,0,1,1
1430,1444,1445,0,0,1
1437,1445,1446,0,0,1
1438,1446,1442,0,0,0
1375,1377,1447,0,0,1,50928
1373,1447,1448,0,0,1
1371,1448,1449,0,0,1
1367,1369,1450,0,0,1
1361,1363,1451,0,0,1
1359,1451,1452,0,0,1
1453,1452,1454,1,0,1
1455,1454,1456,1,0,1
1457,1456,1458,1,0,1
1459,1460,1461,1,1,1
1462,1461,1463,1,0,1
1464,1463,1465,1,0,1
1466,1465,1467,1,0,1
1468,1469,1470,1,1,1
1471,1470,1472,1,0,1
1473,1474,1475,1,1,1
1476,1475,1477,1,0,1
1478,1477,1479,1,0,1
1480,1481,1482,1,1,1
1483,1482,1484,1,0,1
1485,1484,1486,1,0,1
1487,1488,1489,1,1,1
1490,1491,1492,1,1,1
1493,1492,1494,1,0,1
1495,1496,1497,1,1,1
75,1497,1498,0,0,1
72,1498,1499,0,0,1
68,70,1500,0,0,1
1425,1500,1501,0,0,1
1443,1426,1502,0,0,1
1423,1502,1503,0,0,1
1420,1503,1504,0,0,1
1421,1504,1505,0,0,1
1418,1505,1506,0,0,1
1415,1506,1507,0,0,1
1413,1416,1508,0,0,1
1411,1508,1509,0,0,1
1449,1509,1510,0,0,1
1450,1510,1511,0,0,1
1458,1365,1512,0,0,1
1467,1512,1513,0,0,1
1472,1513,1514,0,0,1
1479,1514,1515,0,0,1
1486,1515,1516,0,0,1
1489,1516,1517,0,0,1
1494,1517,1518,0,0,1
1519,1518,1520,1,0,1
1499,1520,1521,0,0,1
1501,1521,1522,0,0,1
1507,1522,1511,0,0,0
1334,1190,1523,0,0,1,30272
1330,1332,1524,0,0,1
1326,1328,1525,0,0,1
1324,1525,1526,0,0,1
1322,1526,1527,0,0,1
1320,1527,1528,0,0,1
1318,1528,1529,0,0,1
1316,1529,1530,0,0,1
1531,1314,1532,1,0,1
1533,1532,1534,1,0,1
1535,1534,1536,1,0,1
1537,1536,1538,1,0,1
1539,1538,1540,1,0,1
1541,1540,1542,1,0,1
1543,1542,1544,1,0,1
1545,1544,1546,1,0,1
1547,1546,1548,1,0,1
1549,1548,1550,1,0,1
1551,1550,1552,1,0,1
1553,1552,1554,1,0,1
1555,1554,1556,1,0,1
1557,1556,1558,1,0,1
1559,1558,1560,1,0,1
1561,1560,1562,1,0,1
1563,1562,1564,1,0,1
1565,1564,1566,1,0,1
1567,1566,1568,1,0,1
1569,1568,1570,1,0,1
1571,1570,1572,1,0,1
1573,1572,1574,1,0,1
1575,1574,1576,1,0,1
1577,1578,1579,1,1,1
1580,1581,1582,1,1,1
1583,1584,1585,1,1,1
1586,1587,1588,1,1,1
1222,1589,1590,0,1,1
1220,1590,1591,0,0,1
1214,1218,1592,0,0,1
1211,1215,1593,0,0,1
1209,1212,1594,0,0,1
1206,1594,1595,0,0,1
1204,1207,1596,0,0,1
1202,1596,1597,0,0,1
1197,1200,1598,0,0,1
1195,1198,1599,0,0,1
1192,1599,1600,0,0,1
1523,1193,1601,0,0,1
1524,1601,1602,0,0,1
1530,1602,1603,0,0,1
1579,1576,1604,0,0,1
1582,1604,1605,0,0,1
1606,1605,1607,1,0,1
1585,1607,1608,0,0,1
1591,1588,1609,0,0,1
1593,1592,1610,0,0,1
1597,1595,1611,0,0,1
1598,1611,1612,0,0,1
1603,1600,1613,0,0,1
1609,1608,1614,0,0,1
1217,1614,1615,0,0,1
1610,1615,1616,0,0,1
1612,1616,1613,0,0,0
598,1355,1617,0,0,1,29424
596,599,1618,0,0,1
594,1618,1619,0,0,1
592,1619,1620,0,0,1
1621,1620,1622,1,0,1
1623,1622,1624,1,0,1
1625,1624,1626,1,0,1
1627,1626,1628,1,0,1
1629,1628,1630,1,0,1
1453,1630,1631,0,0,1
1357,1631,1617,0,0,0
1629,1455,1632,0,0,1,30448
1625,1627,1633,0,0,1
589,1621,1634,0,0,1
587,590,1635,0,0,1
584,1635,1636,0,0,1
581,585,1637,0,0,1
582,1637,1638,0,0,1
578,1638,1639,0,0,1
576,579,1640,0,0,1
676,572,1641,0,0,1
569,1641,1642,0,0,1
567,1642,1643,0,0,1
565,1643,1644,0,0,1
561,563,1645,0,0,1
559,1645,1646,0,0,1
556,1646,1647,0,0,1
554,557,1648,0,0,1
551,1648,1649,0,0,1
673,552,1650,0,0,1
548,1650,1651,0,0,1
546,549,1652,0,0,1
539,542,1653,0,0,1
537,1653,1654,0,0,1
1224,532,1655,0,0,1
1589,1655,1656,0,0,1
1586,1656,1657,0,0,1
1587,1657,1658,0,0,1
1583,1658,1659,0,0,1
1606,1584,1660,0,0,1
1580,1660,1661,0,0,1
1581,1661,1662,0,0,1
1577,1662,1663,0,0,1
1578,1663,1664,0,0,1
1665,1575,1666,1,0,1
1667,1666,1668,1,0,1
1669,1668,1670,1,0,1
1671,1670,1672,1,0,1
1673,1674,1675,1,1,1
1676,1677,1678,1,1,1
1679,1680,1681,1,1,1
1682,1681,1683,1,0,1
1684,1685,1686,1,1,1
1687,1688,1689,1,1,1
1690,1691,1692,1,1,1
1693,1694,1695,1,1,1
1696,1697,1698,1,1,1
1699,1698,1700,1,0,1
1701,1702,1703,1,1,1
1704,1703,1705,1,0,1
1706,1705,1707,1,0,1
1708,1707,1709,1,0,1
1710,1711,1712,1,1,1
1713,1712,1714,1,0,1
1715,1714,1716,1,0,1
1717,1718,1719,1,1,1
1720,1721,1722,1,1,1
1723,1724,1725,1,1,1
1726,1725,1727,1,0,1
1728,1727,1729,1,0,1
1730,1729,1731,1,0,1
1732,1731,1733,1,0,1
1734,1733,1735,1,0,1
1736,1737,1738,1,1,1
1739,1738,1740,1,0,1
1741,1740,1742,1,0,1
1743,1744,1745,1,1,1
1746,1745,1747,1,0,1
1748,1749,1750,1,1,1
1751,1750,1752,1,0,1
1753,1752,1754,1,0,1
1755,1756,1757,1,1,1
1758,1757,1759,1,0,1
1760,1759,1761,1,0,1
1762,1761,1763,1,0,1
1764,1763,1765,1,0,1
1766,1765,1767,1,0,1
1768,1769,1770,1,1,1
1771,1772,1773,1,1,1
1774,1773,1775,1,0,1
1776,1775,1777,1,0,1
1778,1779,1780,1,1,1
1781,1780,1782,1,0,1
1783,1784,1785,1,1,1
1786,1785,1787,1,0,1
1788,1787,1789,1,0,1
1790,1791,1792,1,1,1
1793,1792,1794,1,0,1
1795,1796,1797,1,1,1
1798,1797,1799,1,0,1
1480,1799,1800,0,0,1
1481,1800,1801,0,0,1
1478,1801,1802,0,0,1
1476,1802,1803,0,0,1
1473,1803,1804,0,0,1
1471,1474,1805,0,0,1
1466,1469,1806,0,0,1
1462,1464,1807,0,0,1
1457,1460,1808,0,0,1
1632,1808,1809,0,0,1
1633,1809,1810,0,0,1
1623,1810,1811,0,0,1
1634,1811,1812,0,0,1
1639,1636,1813,0,0,1
1640,1813,1814,0,0,1
574,1814,1815,0,0,1
571,1815,1816,0,0,1
1644,1816,1817,0,0,1
1647,1817,1818,0,0,1
1651,1649,1819,0,0,1
1652,1819,1820,0,0,1
544,1820,1821,0,0,1
1654,541,1822,0,0,1
1659,535,1823,0,0,1
1664,1823,1824,0,0,1
1672,1824,1825,0,0,1
1826,1825,1827,1,0,1
1675,1827,1828,0,0,1
1829,1828,1830,1,0,1
1831,1830,1832,1,0,1
1678,1832,1833,0,0,1
1834,1833,1835,1,0,1
1836,1835,1837,1,0,1
1683,1837,1838,0,0,1
1686,1839,1840,0,1,1
1841,1840,1842,1,0,1
1689,1842,1843,0,0,1
1692,1843,1844,0,0,1
1695,1844,1845,0,0,1
1700,1846,1847,0,1,1
1709,1848,1849,0,1,1
1716,1849,1850,0,0,1
1851,1850,1852,1,0,1
1719,1852,1853,0,0,1
1722,1853,1854,0,0,1
1735,1854,1855,0,0,1
1742,1855,1856,0,0,1
1747,1856,1857,0,0,1
1858,1857,1859,1,0,1
1754,1859,1860,0,0,1
1767,1860,1861,0,0,1
1770,1862,1863,0,1,1
1782,1777,1864,0,0,1
1789,1864,1865,0,0,1
1794,1865,1866,0,0,1
1867,1866,1868,1,0,1
1804,1868,1869,0,0,1
1805,1869,1870,0,0,1
1468,1870,1871,0,0,1
1806,1871,1872,0,0,1
1807,1872,1873,0,0,1
1459,1873,1874,0,0,1
1812,1874,1875,0,0,1
1818,1875,1876,0,0,1
1821,1876,1877,0,0,1
1822,1877,1878,0,0,1
1845,1838,1879,0,0,1
1847,1879,1880,0,0,1
1861,1880,1881,0,0,1
1863,1881,1882,0,0,1
1883,1882,1878,1,0,0
74,77,1884,0,0,1,50416
1495,1884,1885,0,0,1
1519,1496,1886,0,0,1
1487,1491,1887,0,0,1
1485,1488,1888,0,0,1
1483,1888,1889,0,0,1
1798,1889,1890,0,0,1
1891,1890,1892,1,0,1
1893,1892,1894,1,0,1
1895,1894,1896,1,0,1
1897,1896,1898,1,0,1
1899,1898,1900,1,0,1
1901,1900,1902,1,0,1
1903,1902,1904,1,0,1
1905,1906,1907,1,1,1
1908,1909,1910,1,1,1
1911,1912,1913,1,1,1
1914,1913,1915,1,0,1
1916,1915,1917,1,0,1
1918,1917,1919,1,0,1
1920,1921,1922,1,1,1
1923,1922,1924,1,0,1
1925,1924,1926,1,0,1
1927,1926,1928,1,0,1
1929,1928,1930,1,0,1
1931,1932,1933,1,1,1
1934,1933,1935,1,0,1
1936,1935,1937,1,0,1
1938,1939,1940,1,1,1
1941,1942,1943,1,1,1
1944,1943,1945,1,0,1
1946,1945,1947,1,0,1
1948,1949,1950,1,1,1
1730,1950,1951,0,0,1
1728,1951,1952,0,0,1
1726,1952,1953,0,0,1
1954,1953,1955,1,0,1
1956,1957,1958,1,1,1
1959,1958,1960,1,0,1
100,1960,1961,0,0,1
101,1961,1962,0,0,1
98,1962,1963,0,0,1
93,96,1964,0,0,1
88,91,1965,0,0,1
86,1965,1966,0,0,1
84,1966,1967,0,0,1
1885,115,1968,0,0,1
1904,1887,1969,0,0,1
1919,1910,1970,0,0,1
1930,1970,1971,0,0,1
1937,1971,1972,0,0,1
1940,1972,1973,0,0,1
1947,1973,1974,0,0,1
1955,1974,1975,0,0,1
1967,90,1976,0,0,1
82,1976,1977,0,0,1
1968,80,1978,0,0,1
1886,1978,1979,0,0,1
1493,1979,1980,0,0,1
1969,1490,1981,0,0,1
1975,1907,1982,0,0,1
1977,1964,1983,0,0,1
1980,79,1984,0,0,1
1981,1984,1985,0,0,1
1982,1986,1987,0,1,1
1983,95,1988,0,0,1
1985,1988,1989,0,0,1
1987,1990,1991,0,1,1
1963,1991,1989,0,0,0
1901,1903,1992,0,0,1,50176
1899,1992,1993,0,0,1
1895,1897,1994,0,0,1
1995,1994,1996,1,0,1
1997,1996,1998,1,0,1
1999,1998,2000,1,0,1
2001,2000,2002,1,0,1
2003,2002,2004,1,0,1
2005,2004,2006,1,0,1
2007,2006,2008,1,0,1
2009,2010,2011,1,1,1
1911,2011,2012,0,0,1
1908,1912,2013,0,0,1
1905,1909,2014,0,0,1
1986,1906,2015,0,0,1
1990,2015,2016,0,0,1
1993,2016,2017,0,0,1
2012,2008,2018,0,0,1
2013,2018,2019,0,0,1
2014,2019,2017,0,0,0
1795,1891,2020,0,0,1,29936
1867,1796,2021,0,0,1
1793,2021,2022,0,0,1
1788,1791,2023,0,0,1
1786,2023,2024,0,0,1
2025,1783,2026,1,0,1
2027,2026,2028,1,0,1
2029,2028,2030,1,0,1
2031,2030,2032,1,0,1
2033,2032,2034,1,0,1
2035,2036,2037,1,1,1
2038,2037,2039,1,0,1
1893,2040,2041,0,1,1
2020,2041,2042,0,0,1
2022,2042,2043,0,0,1
1790,2043,2044,0,0,1
2024,2044,2045,0,0,1
2039,2034,2046,0,0,1
2047,2046,2045,1,0,0
2047,2040,2048,0,0,1,29696
2038,2048,2049,0,0,1
2035,2049,2050,0,0,1
2033,2036,2051,0,0,1
2029,2031,2052,0,0,1
2027,2052,2053,0,0,1
1784,2025,2054,0,0,1
1781,2054,2055,0,0,1
1778,2055,2056,0,0,1
2057,2056,2058,1,0,1
2059,2058,2060,1,0,1
2061,2062,2063,1,1,1
2064,2065,2066,1,1,1
2067,2068,2069,1,1,1
2070,2069,2071,1,0,1
2072,2071,2073,1,0,1
2074,2073,2075,1,0,1
2076,2077,2078,1,1,1
2079,2078,2080,1,0,1
1760,2081,2082,0,1,1
2083,2082,2084,1,0,1
2085,2086,2087,1,1,1
2088,2089,2090,1,1,1
2091,2092,2093,1,1,1
2094,2093,2095,1,0,1
2096,2097,2098,1,1,1
2010,2098,2099,0,0,1
2007,2099,2100,0,0,1
2005,2100,2101,0,0,1
2003,2101,2102,0,0,1
1999,2001,2103,0,0,1
2050,1995,2104,0,0,1
2051,2104,2105,0,0,1
2053,2105,2106,0,0,1
2060,2106,2107,0,0,1
2063,2107,2108,0,0,1
2066,2108,2109,0,0,1
2075,2109,2110,0,0,1
2080,2110,2111,0,0,1
2112,2111,2113,1,0,1
2084,2113,2114,0,0,1
2115,2114,2116,1,0,1
2087,2116,2117,0,0,1
2118,2117,2119,1,0,1
2090,2119,2120,0,0,1
2121,2120,2122,1,0,1
2102,2095,2123,0,0,1
2103,2123,2124,0,0,1
1997,2124,2122,0,0,0
2096,2009,2125,0,0,1,29936
2094,2097,2126,0,0,1
2091,2126,2127,0,0,1
2121,2092,2128,0,0,1
2088,2128,2129,0,0,1
2118,2089,2130,0,0,1
2085,2130,2131,0,0,1
2115,2086,2132,0,0,1
2083,2132,2133,0,0,1
1758,2133,2134,0,0,1
1755,2134,2135,0,0,1
1756,2135,2136,0,0,1
1753,2136,2137,0,0,1
1751,2137,2138,0,0,1
1748,2138,2139,0,0,1
1858,1749,2140,0,0,1
1746,2140,2141,0,0,1
1741,1744,2142,0,0,1
1734,1737,2143,0,0,1
1732,2143,2144,0,0,1
1948,2144,2145,0,0,1
1949,2145,2146,0,0,1
1944,1946,2147,0,0,1
1938,1942,2148,0,0,1
1936,1939,2149,0,0,1
1934,2149,2150,0,0,1
1931,2150,2151,0,0,1
1929,1932,2152,0,0,1
1927,2152,2153,0,0,1
1925,2153,2154,0,0,1
1918,1921,2155,0,0,1
1916,2155,2156,0,0,1
1914,2156,2157,0,0,1
2125,2157,2158,0,0,1
2127,2158,2159,0,0,1
2129,2159,2160,0,0,1
2131,2160,2161,0,0,1
2139,2161,2162,0,0,1
2141,2162,2163,0,0,1
1743,2163,2164,0,0,1
2142,2164,2165,0,0,1
1739,2165,2166,0,0,1
2146,1736,2167,0,0,1
2147,2167,2168,0,0,1
1941,2168,2169,0,0,1
2148,2169,2170,0,0,1
2151,2170,2171,0,0,1
2154,2171,2172,0,0,1
1923,2172,2173,0,0,1
1920,2173,2166,0,0,0
1776,1779,2174,0,0,1,29936
1774,2174,2175,0,0,1
1883,1772,2176,0,0,1
1768,2176,2177,0,0,1
2178,2177,2179,1,0,1
2067,2179,2180,0,0,1
2068,2180,2181,0,0,1
2064,2181,2182,0,0,1
2061,2065,2183,0,0,1
2059,2062,2184,0,0,1
2057,2184,2185,0,0,1
2175,2185,2186,0,0,1
2182,1771,2187,0,0,1
2183,2187,2186,0,0,0
2178,2070,2188,0,0,1,30208
1769,2188,2189,0,0,1
1862,2189,2190,0,0,1
1764,1766,2191,0,0,1
2081,1762,2192,0,0,1
2112,2192,2193,0,0,1
2079,2193,2194,0,0,1
2076,2194,2195,0,0,1
2074,2077,2196,0,0,1
2190,2072,2197,0,0,1
2191,2197,2198,0,0,1
2195,2198,2196,0,0,0
1573,1665,2199,0,0,1,30208
1571,2199,2200,0,0,1
1569,2200,2201,0,0,1
1567,2201,2202,0,0,1
1565,2202,2203,0,0,1
1563,2203,2204,0,0,1
1559,1561,2205,0,0,1
1557,2205,2206,0,0,1
1553,1555,2207,0,0,1
1549,1551,2208,0,0,1
1545,1547,2209,0,0,1
1541,1543,2210,0,0,1
1537,1539,2211,0,0,1
2212,1535,2213,1,0,1
2214,2215,2216,1,1,1
2217,2216,2218,1,0,1
2219,2218,2220,1,0,1
2221,2222,2223,1,1,1
2224,2225,2226,1,1,1
2227,2228,2229,1,1,1
2230,2229,2231,1,0,1
2232,2231,2233,1,0,1
2234,2235,2236,1,1,1
2237,2236,2238,1,0,1
2239,2240,2241,1,1,1
2242,2241,2243,1,0,1
2244,2245,2246,1,1,1
2247,2248,2249,1,1,1
2250,2251,2252,1,1,1
2253,2252,2254,1,0,1
2255,2256,2257,1,1,1
2258,2259,2260,1,1,1
2261,2262,2263,1,1,1
2264,2265,2266,1,1,1
2267,2268,2269,1,1,1
2270,2271,2272,1,1,1
2273,2274,2275,1,1,1
2276,2277,2278,1,1,1
2279,2280,2281,1,1,1
2282,2281,2283,1,0,1
2284,2283,2285,1,0,1
2286,2285,2287,1,0,1
2288,2289,2290,1,1,1
1704,2290,2291,0,0,1
1701,2291,2292,0,0,1
1848,1702,2293,0,0,1
1699,2293,2294,0,0,1
1696,2294,2295,0,0,1
1846,1697,2296,0,0,1
1693,2296,2297,0,0,1
1694,2297,2298,0,0,1
1690,2298,2299,0,0,1
1687,1691,2300,0,0,1
1841,1688,2301,0,0,1
1684,2301,2302,0,0,1
1839,1685,2303,0,0,1
1682,2303,2304,0,0,1
1679,2304,2305,0,0,1
1836,1680,2306,0,0,1
1834,2306,2307,0,0,1
1831,1677,2308,0,0,1
1829,2308,2309,0,0,1
1673,2309,2310,0,0,1
1826,1674,2311,0,0,1
1671,2311,2312,0,0,1
1669,2312,2313,0,0,1
2204,1667,2314,0,0,1
2206,2314,2315,0,0,1
2207,2315,2316,0,0,1
2208,2316,2317,0,0,1
2209,2317,2318,0,0,1
2210,2318,2319,0,0,1
2211,2319,2320,0,0,1
2220,2213,2321,0,0,1
2223,2321,2322,0,0,1
2226,2322,2323,0,0,1
2233,2323,2324,0,0,1
2238,2324,2325,0,0,1
2326,2325,2327,1,0,1
2243,2327,2328,0,0,1
2246,2328,2329,0,0,1
2330,2329,2331,1,0,1
2249,2331,2332,0,0,1
2254,2332,2333,0,0,1
2257,2333,2334,0,0,1
2263,2335,2336,0,1,1
2266,2337,2338,0,1,1
2339,2338,2340,1,0,1
2269,2340,2341,0,0,1
2275,2272,2342,0,0,1
2343,2342,2344,1,0,1
2292,2287,2345,0,0,1
2295,2345,2346,0,0,1
2302,2300,2347,0,0,1
2305,2347,2348,0,0,1
2320,2313,2349,0,0,1
2334,2349,2350,0,0,1
2351,2350,2352,1,0,1
2346,2278,2353,0,0,1
2299,2353,2354,0,0,1
2352,2310,2355,0,0,1
2354,2344,2356,0,0,1
2348,2356,2357,0,0,1
2355,1676,2358,0,0,1
2357,2341,2359,0,0,1
2358,2307,2360,0,0,1
2260,2360,2361,0,0,1
2336,2361,2359,0,0,0
2255,2351,2362,0,0,1,29952
2253,2256,2363,0,0,1
2250,2363,2364,0,0,1
2247,2251,2365,0,0,1
2330,2248,2366,0,0,1
2244,2366,2367,0,0,1
2245,2367,2368,0,0,1
2242,2368,2369,0,0,1
2239,2369,2370,0,0,1
2326,2240,2371,0,0,1
2237,2371,2372,0,0,1
2234,2372,2373,0,0,1
2232,2235,2374,0,0,1
2230,2374,2375,0,0,1
2227,2375,2376,0,0,1
2224,2228,2377,0,0,1
2225,2377,2378,0,0,1
2221,2378,2379,0,0,1
2219,2222,2380,0,0,1
2381,2380,2382,1,0,1
2383,2382,2384,1,0,1
2385,2384,2386,1,0,1
2387,2388,2389,1,1,1
2280,2389,2390,0,0,1
2276,2390,2391,0,0,1
2277,2391,2392,0,0,1
2343,2392,2393,0,0,1
2273,2393,2394,0,0,1
2270,2274,2395,0,0,1
2267,2271,2396,0,0,1
2339,2268,2397,0,0,1
2264,2397,2398,0,0,1
2337,2265,2399,0,0,1
2261,2399,2400,0,0,1
2335,2262,2401,0,0,1
2258,2401,2402,0,0,1
2259,2402,2403,0,0,1
2362,2403,2404,0,0,1
2364,2404,2405,0,0,1
2365,2405,2406,0,0,1
2370,2406,2407,0,0,1
2373,2407,2408,0,0,1
2376,2408,2409,0,0,1
2379,2409,2410,0,0,1
2394,2411,2412,0,1,1
2395,2412,2413,0,0,1
2396,2413,2414,0,0,1
2398,2414,2415,0,0,1
2410,2400,2416,0,0,1
2386,2416,2415,0,0,0
1723,1954,2417,0,0,1,34544
1724,2417,2418,0,0,1
1720,2418,2419,0,0,1
1721,2419,2420,0,0,1
1717,2420,2421,0,0,1
1851,1718,2422,0,0,1
1715,2422,2423,0,0,1
1713,2423,2424,0,0,1
2425,2426,2427,1,1,1
2428,2429,2430,1,1,1
2431,2432,2433,1,1,1
2434,2433,2435,1,0,1
2436,2435,2437,1,0,1
2438,2439,2440,1,1,1
2441,2442,2443,1,1,1
2444,2443,2445,1,0,1
1956,2445,2446,0,0,1
1957,2446,2447,0,0,1
2424,2421,2448,0,0,1
2427,1710,2449,0,0,1
2430,2449,2450,0,0,1
2437,2451,2452,0,1,1
2447,2453,2454,0,1,1
2450,2448,2455,0,0,1
2452,2455,2456,0,0,1
2440,2456,2454,0,0,0
1708,1711,2457,0,0,1,38400
2288,1706,2458,0,0,1
2286,2289,2459,0,0,1
2284,2459,2460,0,0,1
2282,2460,2461,0,0,1
2462,2461,2463,1,0,1
2464,2463,2465,1,0,1
2466,2465,2467,1,0,1
2468,2467,2469,1,0,1
2442,2469,2470,0,0,1
2438,2453,2471,0,0,1
2436,2439,2472,0,0,1
2434,2472,2473,0,0,1
2428,2451,2474,0,0,1
2425,2429,2475,0,0,1
2457,2426,2476,0,0,1
2458,2476,2477,0,0,1
2473,2471,2478,0,0,1
2474,2432,2479,0,0,1
2475,2479,2480,0,0,1
2477,2480,2481,0,0,1
2478,2470,2482,0,0,1
2431,2482,2481,0,0,0
2387,2279,2483,0,0,1,34048
2388,2483,2484,0,0,1
2411,2484,2485,0,0,1
2486,2383,2487,1,0,1
2488,2487,2489,1,0,1
2462,2490,2491,0,1,1
2485,2491,2492,0,0,1
2385,2492,2489,0,0,0
2488,2490,2493,0,0,1,38144
2381,2486,2494,0,0,1
2217,2494,2495,0,0,1
2214,2495,2496,0,0,1
2215,2496,2497,0,0,1
2498,2497,2499,1,0,1
2466,2499,2500,0,0,1
2464,2500,2493,0,0,0