0,1,0,160
1,2,0,-1
2,0,0,1
3,0,1,160
2,3,1,2
4,3,2,159
2,4,2,3
5,4,3,158
2,5,3,4
6,5,4,157
2,6,4,75
7,8,5,156
8,6,5,157
6,7,5,75
9,10,6,155
10,7,6,156
7,9,6,7
11,9,7,154
7,11,7,8
12,11,8,153
7,12,8,76
13,14,9,152
14,12,9,153
12,13,9,77
15,16,10,151
16,13,10,152
13,15,10,78
17,18,11,150
18,15,11,151
15,17,11,79
19,20,12,183
20,17,12,150
17,19,12,13
21,19,13,149
17,21,13,14
22,21,14,148
17,22,14,80
23,24,15,181
24,22,15,148
22,23,15,16
25,23,16,147
22,25,16,81
26,27,17,179
27,25,17,147
25,26,17,18
28,26,18,146
25,28,18,19
29,28,19,145
25,29,19,20
30,29,20,144
25,30,20,82
31,32,21,143
32,30,21,144
30,31,21,83
33,34,22,333
34,31,22,142
31,33,22,23
35,33,23,426
31,35,23,24
36,35,24,425
31,36,24,25
37,36,25,424
31,37,25,26
38,37,26,423
31,38,26,84
39,40,27,421
40,38,27,422
38,39,27,85
41,42,28,419
42,39,28,420
39,41,28,86
43,44,29,416
44,45,29,417
45,43,29,30
46,43,30,415
45,46,30,88
47,48,31,413
48,46,31,414
46,47,31,89
49,50,32,411
50,47,32,412
47,49,32,90
51,52,33,408
52,53,33,409
53,51,33,92
54,55,34,406
55,51,34,407
51,54,34,35
56,54,35,405
51,56,35,36
57,56,36,404
51,57,36,37
58,57,37,403
51,58,37,93
59,60,38,401
60,58,38,402
58,59,38,39
61,59,39,400
58,61,39,94
62,63,40,398
63,61,40,399
61,62,40,41
64,62,41,397
61,64,41,95
65,66,42,395
66,64,42,396
64,65,42,43
67,65,43,394
64,67,43,96
68,69,44,392
69,67,44,393
67,68,44,97
70,71,45,390
71,68,45,391
68,70,45,98
72,73,46,387
73,74,46,388
74,72,46,47
75,72,47,386
74,75,47,100
76,77,48,382
77,78,48,383
78,76,48,103
79,80,49,380
80,76,49,381
76,79,49,104
81,82,50,378
82,79,50,379
79,81,50,51
83,81,51,377
79,83,51,105
84,85,52,375
85,83,52,376
83,84,52,53
86,84,53,374
83,86,53,106
87,88,54,372
88,86,54,373
86,87,54,55
89,87,55,371
86,89,55,107
90,91,56,369
91,89,56,370
89,90,56,108
92,93,57,500
93,90,57,368
90,92,57,58
94,92,58,500
90,94,58,59
95,94,59,499
90,95,59,60
96,95,60,483
90,96,60,61
97,96,61,437
90,97,61,62
98,97,62,436
90,98,62,63
99,98,63,435
90,99,63,64
100,99,64,435
90,100,64,109
101,102,65,458
102,100,65,455
100,101,65,110
103,104,66,467
104,101,66,457
101,103,66,111
105,106,67,444
106,107,67,465
107,105,67,113
108,109,68,442
109,105,68,443
105,108,68,113
110,111,69,440
111,112,69,441
112,110,69,70
113,110,70,479
112,113,70,114
114,115,71,511
115,113,71,493
113,114,71,72
116,114,72,527
113,116,72,73
117,116,73,532
113,117,73,74
118,117,74,-1
113,118,74,115
2,7,75,76
2,12,76,77
2,13,77,78
2,15,78,79
2,17,79,80
2,22,80,81
2,25,81,82
2,30,82,83
2,31,83,84
2,38,84,85
2,39,85,86
2,41,86,87
45,41,87,418
2,45,87,88
2,46,88,89
2,47,89,90
2,49,90,91
53,49,91,410
2,53,91,92
2,51,92,93
2,58,93,94
2,61,94,95
2,64,95,96
2,67,96,97
2,68,97,98
2,70,98,99
74,70,99,389
2,74,99,100
2,75,100,101
119,75,101,385
2,119,101,102
78,119,102,384
2,78,102,103
2,76,103,104
2,79,104,105
2,83,105,106
2,86,106,107
2,89,107,108
2,90,108,109
2,100,109,110
2,101,110,111
2,103,111,112
107,103,112,466
2,107,112,116
107,108,113,117
112,108,114,441
108,113,114,115
108,118,115,117
2,118,116,-1
118,107,116,117
120,121,118,256
121,1,118,-1
1,120,118,119
122,120,119,255
1,122,119,120
123,122,120,255
1,123,120,121
124,123,121,254
1,124,121,161
125,126,122,253
126,124,122,254
124,125,122,162
127,128,123,252
128,125,123,253
125,127,123,163
129,130,124,251
130,127,124,252
127,129,124,125
131,129,125,250
127,131,125,164
132,133,126,248
133,134,126,249
134,132,126,127
135,132,127,247
134,135,127,128
136,135,128,246
134,136,128,166
137,138,129,244
138,139,129,245
139,137,129,130
140,137,130,243
139,140,130,168
141,142,131,242
142,140,131,243
140,141,131,169
143,144,132,241
144,141,132,242
141,143,132,170
145,146,133,239
146,143,133,240
143,145,133,171
147,148,134,288
148,149,134,238
149,147,134,135
150,147,135,237
149,150,135,173
151,152,136,236
152,150,136,237
150,151,136,174
153,154,137,235
154,151,137,236
151,153,137,138
155,153,138,234
151,155,138,175
156,157,139,233
157,155,139,234
155,156,139,176
158,159,140,231
159,160,140,232
160,158,140,141
34,158,141,230
160,34,141,142
160,31,142,143
160,32,143,178
32,29,144,145
32,28,145,146
32,26,146,178
27,23,147,180
24,21,148,149
24,19,149,182
20,18,150,184
18,16,151,185
16,14,152,186
14,11,153,154
14,9,154,155
14,10,155,187
10,8,156,188
8,5,157,158
8,4,158,159
8,3,159,189
3,1,160,161
3,124,161,162
3,125,162,163
3,127,163,164
3,131,164,165
134,131,165,249
3,134,165,166
3,136,166,167
139,136,167,245
3,139,167,168
3,140,168,169
3,141,169,170
3,143,170,171
3,145,171,172
149,145,172,238
3,149,172,173
3,150,173,174
3,151,174,175
3,155,175,176
3,156,176,177
160,156,177,232
3,160,177,189
160,26,178,179
160,27,179,180
160,23,180,181
160,24,181,182
160,19,182,183
160,20,183,184
160,18,184,185
160,16,185,186
160,14,186,187
160,10,187,188
160,8,188,189
161,162,190,302
162,163,190,-1
163,161,190,191
164,161,191,322
163,164,191,192
165,164,192,321
163,165,192,193
166,165,193,320
163,166,193,194
167,166,194,319
163,167,194,195
168,167,195,318
163,168,195,196
169,168,196,317
163,169,196,301
170,171,197,315
171,172,197,316
172,170,197,258
173,174,198,314
174,170,198,315
170,173,198,199
175,173,199,313
170,175,199,259
176,177,200,329
177,175,200,313
175,176,200,201
178,176,201,312
175,178,201,260
179,180,202,311
180,178,202,312
178,179,202,261
181,182,203,310
182,179,203,311
179,181,203,261
183,184,204,309
184,181,204,310
181,183,204,295
185,186,205,307
186,187,205,308
187,185,205,262
188,189,206,306
189,185,206,307
185,188,206,263
190,191,207,304
191,188,207,305
188,190,207,264
192,193,208,303
193,190,208,304
190,192,208,265
194,195,209,-1
195,192,209,303
192,194,209,210
196,194,210,-1
192,196,210,211
197,196,211,361
192,197,211,265
198,199,212,359
199,197,212,360
197,198,212,266
200,201,213,358
201,198,213,359
198,200,213,267
202,203,214,357
203,200,214,358
200,202,214,215
204,202,215,356
200,204,215,216
205,204,216,355
200,205,216,268
206,207,217,352
207,208,217,353
208,206,217,271
209,210,218,350
210,211,218,351
211,209,218,219
212,209,219,349
211,212,219,273
213,214,220,347
214,215,220,348
215,213,220,275
216,217,221,345
217,213,221,346
213,216,221,276
218,219,222,343
219,220,222,344
220,218,222,223
221,218,223,342
220,221,223,278
222,223,224,340
223,221,224,341
221,222,224,279
224,225,225,339
225,222,225,340
222,224,225,226
226,224,226,338
222,226,226,280
227,228,227,336
228,229,227,337
229,227,227,228
230,227,228,335
229,230,228,229
231,230,229,334
229,231,229,282
34,231,230,333
231,158,230,231
231,159,231,283
159,156,232,233
159,157,233,284
157,153,234,235
157,154,235,285
154,152,236,286
152,147,237,287
148,145,238,239
148,146,239,240
148,143,240,241
148,144,241,289
144,142,242,289
142,137,243,244
142,138,244,290
138,136,245,246
138,135,246,247
138,132,247,248
138,133,248,300
133,131,249,250
133,129,250,251
133,130,251,291
130,128,252,291
128,126,253,292
126,123,254,292
123,120,255,256
123,121,256,257
163,121,257,-1
123,163,257,293
172,169,258,316
169,170,258,259
169,175,259,260
169,178,260,294
178,181,261,294
187,183,262,308
183,185,262,263
183,188,263,264
183,190,264,295
190,197,265,266
190,198,266,267
190,200,267,268
190,205,268,269
232,205,269,354
190,232,269,270
208,232,270,353
190,208,270,271
190,206,271,272
211,206,272,351
190,211,272,273
190,212,273,274
215,212,274,348
190,215,274,275
190,213,275,276
190,216,276,277
220,216,277,344
190,220,277,278
190,221,278,279
190,222,279,280
190,226,280,281
229,226,281,337
190,229,281,282
190,231,282,283
190,159,283,284
190,157,284,285
190,154,285,286
190,152,286,287
190,147,287,288
190,148,288,296
148,142,289,290
148,138,290,299
133,128,291,297
128,123,292,293
128,163,293,297
169,181,294,298
181,190,295,296
181,148,296,298
133,163,297,300
169,148,298,299
169,138,299,301
138,163,300,301
195,162,302,-1
161,195,302,323
195,193,303,324
193,191,304,305
193,188,305,306
193,189,306,324
189,186,307,325
186,183,308,309
186,184,309,326
184,182,310,326
182,180,311,327
180,176,312,328
177,173,313,314
177,174,314,329
174,171,315,330
171,169,316,317
171,168,317,318
171,167,318,319
171,166,319,320
171,165,320,321
171,164,321,322
171,161,322,323
171,195,323,331
195,189,324,325
195,186,325,332
186,182,326,327
186,180,327,328
186,176,328,332
176,174,329,330
176,171,330,331
176,195,331,332
33,231,333,334
33,230,334,335
33,227,335,336
33,228,336,427
228,226,337,338
228,224,338,339
228,225,339,428
225,223,340,341
225,221,341,342
225,218,342,343
225,219,343,429
219,216,344,345
219,217,345,346
219,213,346,347
219,214,347,430
214,212,348,349
214,209,349,350
214,210,350,431
210,206,351,352
210,207,352,432
207,232,353,354
207,205,354,355
207,204,355,356
207,202,356,357
207,203,357,433
203,201,358,434
201,199,359,360
201,197,360,434
233,196,361,-1
197,233,361,362
234,233,362,515
197,234,362,363
235,234,363,515
197,235,363,364
236,235,364,514
197,236,364,365
237,236,365,513
197,237,365,366
238,237,366,512
197,238,366,367
93,238,367,501
197,93,367,368
197,90,368,369
197,91,369,370
197,89,370,371
197,87,371,372
197,88,372,373
197,86,373,374
197,84,374,375
197,85,375,376
197,83,376,377
197,81,377,378
197,82,378,379
197,79,379,380
197,80,380,381
197,76,381,382
197,77,382,383
197,78,383,384
197,119,384,385
197,75,385,386
197,72,386,387
197,73,387,388
197,74,388,389
197,70,389,390
197,71,390,391
197,68,391,392
197,69,392,393
197,67,393,394
197,65,394,395
197,66,395,396
197,64,396,397
197,62,397,398
197,63,398,399
197,61,399,400
197,59,400,401
197,60,401,402
197,58,402,403
197,57,403,404
197,56,404,405
197,54,405,406
197,55,406,407
197,51,407,408
197,52,408,409
197,53,409,410
197,49,410,411
197,50,411,412
197,47,412,413
197,48,413,414
197,46,414,415
197,43,415,416
197,44,416,417
197,45,417,418
197,41,418,419
197,42,419,420
197,39,420,421
197,40,421,422
197,38,422,423
197,37,423,424
197,36,424,425
197,35,425,426
197,33,426,427
197,228,427,428
197,225,428,429
197,219,429,430
197,214,430,431
197,210,431,432
197,207,432,433
197,203,433,434
100,98,435,436
100,97,436,449
239,96,437,483
97,239,437,438
240,239,438,477
97,240,438,450
110,241,439,480
241,240,439,481
240,110,439,440
240,111,440,451
111,108,441,442
111,109,442,443
111,105,443,444
111,106,444,454
242,243,445,472
243,106,445,473
106,242,445,452
244,245,446,470
245,242,446,471
242,244,446,452
246,247,447,462
247,244,447,470
244,246,447,453
100,248,448,455
248,246,448,461
246,100,448,449
246,97,449,450
246,240,450,451
246,111,451,453
106,244,452,454
244,111,453,454
102,248,455,459
249,250,456,460
250,248,456,461
248,249,456,459
104,249,457,460
249,101,457,458
249,102,458,459
104,250,460,468
250,246,461,462
250,247,462,463
251,247,463,475
250,251,463,469
252,253,464,474
253,251,464,475
251,252,464,469
106,252,465,473
252,107,465,466
252,103,466,467
252,104,467,468
252,250,468,469
247,245,470,471
247,242,471,472
247,243,472,476
243,252,473,474
243,253,474,476
253,247,475,476
254,239,477,496
240,254,477,481
113,255,478,494
255,256,478,495
256,113,478,479
256,110,479,480
256,241,480,482
241,254,481,482
256,254,482,498
239,95,483,484
257,95,484,499
239,257,484,485
258,257,485,506
239,258,485,496
259,260,486,505
260,258,486,506
258,259,486,497
261,262,487,503
262,259,487,504
259,261,487,488
263,261,488,519
259,263,488,489
264,263,489,520
259,264,489,490
265,264,490,520
259,265,490,491
266,265,491,508
259,266,491,492
115,266,492,508
259,115,492,493
259,113,493,494
259,255,494,495
259,256,495,497
254,258,496,498
258,256,497,498
257,94,499,507
94,93,500,501
94,238,501,502
261,238,502,512
94,261,502,503
94,262,503,504
94,259,504,505
94,260,505,507
260,257,506,507
115,265,508,509
267,265,509,525
115,267,509,510
268,267,510,533
115,268,510,511
114,268,511,527
261,237,512,513
261,236,513,514
261,235,514,519
235,233,515,516
269,233,516,-1
235,269,516,517
270,269,517,522
235,270,517,518
263,270,518,521
235,263,518,519
265,263,520,521
265,270,521,522
265,269,522,526
271,272,523,535
272,269,523,-1
269,271,523,524
273,271,524,534
269,273,524,526
267,273,525,533
273,265,525,526
116,268,527,528
274,268,528,538
116,274,528,532
275,276,529,537
276,274,529,538
274,275,529,530
277,275,530,536
274,277,530,531
117,277,531,-1
274,117,531,532
268,273,533,534
268,271,534,539
277,272,535,-1
271,277,535,536
271,275,536,537
271,276,537,539
276,268,538,539