-179.932422,-17.565919,0,1,183
-180.0,-17.566667,0,127,128,129,130,131,132,133,183,184
-180.0,-22.5,0,1,2,3,4,5,6,74,75,76,77,78,79,80,81,82,83,84,115,116,117,118,119,120,121,122,123,124,125,126
-179.566386,-17.134303,1,2,183,184,185,186,187,188,189,190,191,192,193,194,195,196,197,198,199,200,201,202,203,213,214
-179.298839,-16.867314,2,3,182,212,213
-178.601153,-16.466303,3,4,181,182
-178.566241,-16.467078,4,5,181
-178.166373,-15.76684,5,6,180,181,182,212
-177.900029,-15.499387,6,7,74,180
-177.633776,-15.466761,7,8,74,75,178,179
-177.899566,-15.467444,7,179,180,211,212,213,214
-177.234575,-15.402103,8,9,10,75,76,177
-177.367674,-15.398282,8,177,178
-176.400764,-14.532265,9,10,175,176
-176.866285,-14.967333,9,176,177,178,179,210,211
-176.366486,-14.533253,10,11,76,77,174,175
-175.699892,-13.865469,11,12,13,77,78,173
-175.83315,-13.966505,11,173,174
-175.265086,-13.367128,12,13,172,208,209
-175.533585,-13.632944,12,173,174,175,176,209,210
-174.833725,-13.267591,13,14,78,79,171,172
-174.499283,-12.900764,14,79,80,169,170
-174.534912,-12.899277,14,170,171
-174.065756,-12.234368,15,81,82,167,168
-174.099093,-12.233481,15,168,169,170,171,172,207,208
-174.101111,-12.265607,15,80,81,169
-173.100921,-11.268169,16,17,83,84,165
-173.133069,-11.267399,16,165,166
-173.534119,-11.699545,16,82,83,166,167
-172.36562,-10.533737,17,84,85,86,87,116,163,164
-173.100062,-11.200303,17,164,165,166,167,168,206,207
-171.934051,-10.065943,18,85,86,161,162
-172.134623,-10.066839,18,162,163,164,205,206
-172.132859,-10.099633,18,85,163
-171.067525,-9.467162,19,20,159,160
-171.599601,-9.799967,19,160,161,162,204,205
-171.598848,-9.833881,19,20,86,87,161
-171.034436,-9.467515,20,21,22,23,87,88,89,90,91,92,93,94,95,96,97,116,117,159
-170.66608,-8.766052,21,22,157,158
-170.966958,-9.067106,21,158,159,160,204
-170.533334,-8.766928,22,23,156,157
-170.133577,-8.566528,23,24,25,26,27,88,155,156
-169.566039,-8.066933,24,25,356,357,447,448
-169.567343,-7.967976,24,154,155,255,356
-169.267848,-8.433625,25,26,446,447
-169.267404,-8.532953,26,27,445,446
-169.03348,-8.766596,27,28,29,88,89,444,445
-168.968209,-8.834131,28,29,442,443
-168.965905,-8.765968,28,443,444
-168.70035,-9.167159,29,30,89,90,441,442
-168.666351,-9.30032,30,90,91,439,440
-168.667017,-9.167716,30,440,441
-168.433567,-9.63217,31,92,93,436,437
-168.433525,-9.467217,31,437,438
-168.500251,-9.468311,31,91,92,438,439
-167.566611,-10.800345,32,33,432,433
-167.566577,-10.700006,32,433,434
-168.067884,-10.20022,32,33,34,94,95,434,435
-167.40057,-11.100587,33,34,431,432
-167.201183,-11.400788,34,35,95,96,430,431
-166.565406,-12.16478,35,36,37,96,97,428,429
-166.799697,-11.800561,35,429,430
-165.802095,-12.833005,36,37,426,427
-166.199023,-12.432533,36,427,428
-165.800165,-12.867097,37,38,97,98,99,100,101,102,103,117,118,425,426
-165.134049,-13.299162,38,39,40,41,42,98,423,424
-165.133283,-13.26669,38,424,425
-164.400737,-13.701754,39,40,421,422
-164.799693,-13.433292,39,422,423
-163.667017,-14.265663,40,41,420,421
-163.666307,-14.301013,41,42,419,420
-163.334942,-14.565051,42,43,98,99,418,419
-163.298303,-14.665782,43,44,99,100,416,417
-163.299454,-14.565022,43,417,418
-163.000355,-15.032131,44,45,46,100,101,414,415
-163.00026,-14.967538,44,415,416
-162.266588,-15.633251,45,46,412,413
-162.26604,-15.599362,45,413,414
-161.800612,-16.101026,46,47,101,102,411,412
-161.733941,-16.299435,47,48,102,103,409,410
-161.76679,-16.098996,47,410,411
-161.498605,-16.600708,48,103,104,105,118,119,407,408
-161.500854,-16.533631,48,408,409
-160.967708,-16.933978,49,50,404,405
-161.032964,-16.765727,49,405,406
-161.100406,-16.76638,49,50,104,406,407
-160.599467,-17.466744,50,104,105,403,404
-159.099449,-19.000508,51,106,107,108,109,110,111,112,121,122,399,400
-159.100992,-18.933651,51,400,401
-159.79962,-18.333177,51,120,121,401,402
-158.467721,-19.665705,52,53,106,107,396,397
-158.733645,-19.23409,52,397,398
-158.80084,-19.232433,52,106,398,399
-158.399628,-19.933076,53,54,55,107,108,394,395
-158.433431,-19.66552,53,395,396
-158.133769,-20.498534,54,55,392,393
-158.333415,-19.932758,54,393,394
-158.100217,-20.700237,55,56,57,58,59,60,108,109,391,392
-157.900548,-21.301341,56,57,389,390,497
-158.033462,-20.700315,56,390,391
-158.033567,-21.399785,57,58,496,497,498,499,500,501,502,503
-158.134159,-21.334134,58,59,461,462,496
-158.267164,-21.333475,59,60,460,461
-158.798742,-21.59982,60,61,109,110,460
-159.033693,-21.633064,61,110,111,458,459
-158.801526,-21.633733,61,459,460,461,462,463,470,471
-159.233967,-22.09888,62,63,464,465
-159.300389,-22.100066,62,465,466,472,474,485,492
-159.299739,-22.166033,62,63,113,114,115,126,485,486
-158.798809,-21.766804,63,64,65,66,113,464
-158.266721,-21.567507,64,65,462,463,496,503
-158.800251,-21.733431,64,463,464,465,471,473,474
-158.132833,-21.566807,65,66,502,503
-157.968382,-21.699551,66,67,68,69,70,71,72,73,113,114,501,502
-157.832184,-21.498275,67,68,511,517,518
-157.832862,-21.465555,67,500,501,511
-157.800806,-21.500205,68,69,516,517,520
-157.800178,-21.534559,69,70,520,521,527,528
-157.764758,-21.532616,70,71,526,527,529
-157.733012,-21.732942,71,72,529,533
-157.5,-22.066667,72,73,532,533
-157.5,-22.5,73,114,115
-168.333625,-9.868916,93,94,435,436
-160.333471,-17.799437,105,119,120,402,403
-159.733215,-21.79954,111,112,458
-160.032937,-21.932494,112,122,123,458,459,469,470,475
-160.03289,-21.96624,123,124,475,478,479
-159.901133,-22.066759,124,125,477,478
-159.766057,-22.099122,125,126,477,480,486,487
-179.900467,-9.566069,127,128,284,285
-180.0,-9.566667,127,285,286
-179.532826,-9.166482,128,129,283,284
-179.500146,-9.167895,129,130,283
-179.199907,-8.633666,130,131,283,284,285,286,322
-179.101532,-8.499422,131,132,282,321,322,325
-178.300542,-8.067268,132,133,281,282
-178.001781,-7.765762,133,134,184,185,281
-177.7001,-7.532254,134,135,185,186,279,280
-178.001579,-7.665487,134,280,281,282,321
-177.232257,-6.966649,135,136,137,186,187,278
-177.399435,-7.132763,135,278,279
-177.133472,-6.898777,136,137,276,277
-177.234375,-6.899633,136,277,278,279,280,320,321,325,328
-176.83267,-6.732873,137,187,188,275,276
-175.866777,-5.999583,138,139,189,190,274
-176.298971,-6.266178,138,274,275,276,277,320
-176.300422,-6.300981,138,188,189,275
-175.766331,-5.965698,139,140,190,191,273
-175.867233,-5.965868,139,273,274,319,320,327,328,329
-174.999513,-5.665816,140,141,191,192,272
-175.167876,-5.666349,140,272,273,318,319
-174.599037,-5.431819,141,142,192,193,271
-174.99989,-5.599342,141,271,272,317,318
-174.232584,-5.298032,142,193,194,269,270
-174.60128,-5.399695,142,270,271,317
-173.600187,-4.967792,143,195,196,266,267
-173.666688,-4.965751,143,267,268
-173.900511,-5.132264,143,194,195,268,269
-173.033406,-4.499726,144,145,265,315,316
-173.299064,-4.600606,144,266,267,268,269,270,316,317,318,319,324,326,327
-173.300262,-4.666354,144,145,196,197,266
-172.301276,-4.799986,145,146,147,197,198,265
-172.134808,-4.899275,146,147,263,264
-172.233664,-4.799285,146,264,265,314,315
-172.132348,-4.96641,147,148,198,199,263
-171.266601,-5.834503,148,149,150,151,199,200,262
-171.900764,-5.132735,148,262,263,264,313,314
-171.199289,-5.900012,149,150,261
-171.200398,-5.833913,149,261,262,312,313
-170.965056,-6.134826,150,151,260,261,311,312
-170.966007,-6.200346,151,200,201,259,260
-170.199881,-7.00065,152,153,202,203,258
-170.566088,-6.599464,152,258,259,260,310,311
-170.59969,-6.599321,152,201,202,259
-169.967193,-7.300357,153,154,155,156,157,158,203,204,205,206,207,208,209,210,211,214,256,257
-170.165935,-6.999777,153,257,258,309,310
-169.60053,-7.667777,154,255,256
-170.666677,-0.333277,215,216,330,347,348
-170.666667,0.0,215,330
-180.0,0.0,215,216,217,218,219,220,221,286,322,325,328,329
-170.500772,-0.500149,216,217,346,347
-170.033956,-1.334281,217,218,345,346
-169.79997,-1.566304,218,219,344,345
-169.800116,-1.632855,219,220,343,344
-169.566147,-1.965806,220,221,342,343
-169.265652,-2.099389,221,287,288,289,323,326,327,329,341,342
-168.733393,-1.800784,222,223,224,287,288,340
-168.967082,-1.800149,222,340,341,342,343,344,345,346,347,348,353,354
-168.9679,-1.866332,222,287,341
-168.365918,-1.633888,223,224,338,339
-168.733885,-1.733847,223,339,340,352,353
-168.19907,-1.633074,224,225,226,288,289,338
-167.634141,-1.333085,225,226,337,351,352,353,354,355
-168.199989,-1.56704,225,338,339,352
-167.098912,-1.333504,226,227,289,290,323,337
-166.798625,-1.199369,227,228,290,336
-167.099839,-1.266547,227,336,337,350,351
-166.233814,-1.097967,228,229,290,291,323,324,326,335
-166.799831,-1.168152,228,335,336,350
-164.834645,-0.467299,229,230,291,333,334
-165.835353,-0.766539,229,334,335,349,350,351,355
-164.233909,-0.232843,230,231,291,292,293,294,295,296,297,298,299,300,301,302,303,304,305,306,307,308,309,310,311,312,313,314,315,316,324,332
-164.333567,-0.235108,230,332,333
-163.933242,-0.099952,231,232,233,234,292,331
-164.065811,-0.103294,231,331,332,333,334,349
-157.5,0.0,232,233
-163.866667,0.0,232,330,331,348,349,354,355
-157.5,-3.933333,233,234,383
-157.733643,-3.898593,234,235,292,293,382,383,384,385,386,387,388,389,390,391,392,393,394,395,396,397,398,399,400,401,402,403,404,405,406,407,408,409,410,411,412,413,414,415,416,417,418,419,420,421,422,423,424,425,426,427,428,429,430,431,432,433,434,435,436,437,438,439,440,441,442,443,444,445,446,447,448,449,450,451,452,453,454,455,456,457
-158.400514,-3.633515,235,236,293,294,381
-158.401495,-3.667222,235,381,382
-158.967668,-3.600296,236,237,238,239,294,295,380
-158.966676,-3.63431,236,380,381,382,457
-160.167122,-3.365788,237,238,378,379
-159.466832,-3.599384,237,379,380,456,457
-160.600447,-3.167068,238,239,377,378
-160.602565,-3.132385,239,295,296,376,377
-161.401465,-3.366457,240,298,299,373,374
-161.134663,-3.366901,240,374,375,376,377,378,379,455,456
-161.131857,-3.33236,240,297,298,375
-162.899927,-3.5669,241,242,371,372
-161.633939,-3.566553,241,372,373,374,454,455
-161.63325,-3.533776,241,242,299,300,373
-163.13285,-3.39944,242,300,301,370,371
-164.100902,-4.397895,243,244,368,369
-163.83476,-4.400126,243,369,370,371,372,453,454
-163.666643,-3.965539,243,244,245,301,302,370
-164.300239,-4.466556,244,245,367,368
-164.502551,-4.465722,245,246,302,303,366,367
-165.066587,-4.799435,246,303,304,364,365
-165.033103,-4.800016,246,365,366
-166.000022,-5.500996,247,248,305,306,362,363
-165.533241,-5.233283,247,363,364,365,366,367,368,369,452,453
-165.531234,-5.199996,247,304,305,364
-166.40072,-5.83443,248,249,250,251,252,253,306,307,361
-166.332232,-5.833359,248,361,362
-167.066832,-6.866762,249,250,360,450,451
-166.665842,-6.565713,249,361,362,363,451,452
-167.433824,-6.866275,250,251,360
-167.733879,-7.133786,251,252,359,360,449,450
-167.966867,-7.134171,252,253,358,359
-168.40102,-7.367392,253,254,307,308,358
-168.766476,-7.399373,254,255,256,257,308,309,356,357
-168.400488,-7.399198,254,357,358,359,448,449
-160.73388,-3.134578,296,297,375,376
-157.5,-21.066667,383,384,506,507
-157.565516,-21.067608,384,385,506
-157.566804,-21.10135,385,386,505,506,507,508,509,510
-157.833099,-21.231872,386,387,504,505
-157.865743,-21.232711,387,388,504
-157.867229,-21.300701,388,389,497,498,504,505,510
-159.268311,-22.000318,466,467,472,490,491
-159.299545,-22.000383,466,491,492,493,494,495
-159.201124,-21.966672,467,468,472,473,474,489
-159.266486,-21.966717,467,489,490
-159.533243,-21.867219,468,469,470,471,473,481,482
-159.36723,-21.933772,468,482,483,489,490,491,495
-159.666716,-21.933777,469,475,476,479,481
-159.76726,-21.967221,476,477,478,479,480
-159.66757,-21.967791,476,480,481,482,483,487,488
-159.366612,-22.000489,483,484,488,494,495
-159.332703,-22.100218,484,485,486,487,488,492,493
-159.332158,-22.000956,484,493,494
-157.73367,-21.299815,498,499,509,510,512
-157.733186,-21.398862,499,500,511,512,513,518,519
-157.5,-21.233333,507,508,513,514,519
-157.632778,-21.232099,508,509,512,513
-157.666628,-21.367047,514,515,516,517,518,519,522
-157.5,-21.3,514,522,523
-157.76712,-21.499869,515,516,520,521
-157.665912,-21.399289,515,521,522,523,524,525,528
-157.5,-21.4,523,524,531,532
-157.634344,-21.467444,524,525,530,531
-157.702328,-21.465562,525,526,527,528,530
-157.700594,-21.534056,526,529,530,531,532,533