0,1,0,177
1,2,0,-1
2,0,0,1
3,0,1,176
2,3,1,2
4,3,2,1294
2,4,2,3
5,4,3,1293
2,5,3,4
6,5,4,1657
2,6,4,5
7,6,5,1664
2,7,5,6
8,7,6,1663
2,8,6,7
9,8,7,1662
2,9,7,100
10,11,8,169
11,9,8,1661
9,10,8,157
12,13,9,168
13,10,9,169
10,12,9,136
14,15,10,166
15,12,10,167
12,14,10,101
16,17,11,417
17,14,11,418
14,16,11,12
18,16,12,425
14,18,12,101
19,20,13,428
20,21,13,423
21,19,13,14
22,19,14,-1
21,22,14,15
23,22,15,435
21,23,15,16
24,23,16,435
21,24,16,137
25,26,17,1278
26,27,17,1314
27,25,17,18
28,25,18,1277
27,28,18,103
29,30,19,1420
30,31,19,1311
31,29,19,140
32,33,20,1432
33,34,20,1428
34,32,20,21
35,32,21,1427
34,35,21,22
36,35,22,1746
34,36,22,104
37,38,23,1758
38,36,23,1755
36,37,23,105
39,40,24,1774
40,37,24,1759
37,39,24,25
41,39,25,1779
37,41,25,26
42,41,26,1778
37,42,26,143
43,44,27,1794
44,45,27,1795
45,43,27,106
46,47,28,1797
47,43,28,1793
43,46,28,29
48,46,29,1797
43,48,29,30
49,48,30,1807
43,49,30,31
50,49,31,1807
43,50,31,107
51,52,32,1812
52,50,32,1813
50,51,32,145
53,54,33,1800
54,51,33,1812
51,53,33,108
55,56,34,1832
56,53,34,1799
53,55,34,35
57,55,35,1828
53,57,35,108
58,59,36,1827
59,57,36,1828
57,58,36,37
60,58,37,1860
57,60,37,147
61,62,38,1862
62,63,38,1863
63,61,38,39
64,61,39,1861
63,64,39,40
65,64,40,1845
63,65,40,41
66,65,41,1844
63,66,41,42
67,66,42,1877
63,67,42,43
68,67,43,1880
63,68,43,44
69,68,44,1888
63,69,44,109
70,71,45,1886
71,69,45,1887
69,70,45,109
72,73,46,1907
73,74,46,1884
74,72,46,47
75,72,47,1920
74,75,47,48
76,75,48,1927
74,76,48,49
77,76,49,1926
74,77,49,110
78,79,50,1925
79,77,50,1926
77,78,50,111
80,81,51,1915
81,78,51,1903
78,80,51,52
82,80,52,1930
78,82,52,53
83,82,53,1935
78,83,53,112
84,85,54,1900
85,86,54,1932
86,84,54,55
87,84,55,1942
86,87,55,114
88,89,56,211
89,90,56,1946
90,88,56,57
91,88,57,247
90,91,57,58
92,91,58,210
90,92,58,116
93,94,59,209
94,92,59,210
92,93,59,60
95,93,60,208
92,95,60,61
96,95,61,207
92,96,61,62
97,96,62,206
92,97,62,63
98,97,63,205
92,98,63,64
99,98,64,204
92,99,64,117
100,101,65,203
101,99,65,204
99,100,65,118
102,103,66,202
103,100,66,203
100,102,66,118
104,105,67,201
105,102,67,202
102,104,67,68
106,104,68,200
102,106,68,119
107,108,69,198
108,109,69,199
109,107,69,120
110,111,70,197
111,107,70,198
107,110,70,71
112,110,71,197
107,112,71,72
113,112,72,196
107,113,72,120
114,115,73,195
115,113,73,196
113,114,73,121
116,117,74,194
117,114,74,195
114,116,74,122
118,119,75,192
119,116,75,193
116,118,75,76
120,118,76,1334
116,120,76,77
121,120,77,1696
116,121,77,123
122,123,78,1640
123,121,78,1696
121,122,78,124
124,125,79,1679
125,122,79,1632
122,124,79,80
126,124,80,1678
122,126,80,125
127,128,81,1354
128,129,81,1677
129,127,81,82
130,127,82,1655
129,130,82,127
131,132,83,1468
132,133,83,1352
133,131,83,84
134,131,84,1467
133,134,84,85
135,134,85,1466
133,135,85,86
136,135,86,1466
133,136,86,87
137,136,87,1465
133,137,87,88
138,137,88,1464
133,138,88,89
139,138,89,1644
133,139,89,90
140,139,90,1446
133,140,90,129
141,142,91,1444
142,140,91,1445
140,141,91,130
143,144,92,331
144,145,92,1347
145,143,92,93
146,143,93,1263
145,146,93,131
147,148,94,1261
148,146,94,1262
146,147,94,132
149,150,95,341
150,147,95,1260
147,149,95,96
151,149,96,354
147,151,96,97
152,151,97,353
147,152,97,98
153,152,98,353
147,153,98,133
154,155,99,351
155,153,99,352
153,154,99,134
2,154,100,350
154,9,100,135
12,18,101,102
21,18,102,424
12,21,102,136
27,24,103,1295
24,28,103,137
34,156,104,1428
156,36,104,105
156,37,105,142
45,42,106,1778
42,43,106,107
42,50,107,144
51,57,108,146
63,70,109,148
74,70,110,1885
70,77,110,111
70,78,111,112
70,83,112,113
157,83,113,1934
70,157,113,149
86,157,114,1933
157,87,114,115
90,87,115,1942
157,90,115,116
157,92,116,117
157,99,117,149
99,102,118,119
99,106,119,150
109,113,120,121
109,114,121,122
109,116,122,123
109,121,123,124
109,122,124,125
109,126,125,126
129,126,126,1678
109,129,126,127
109,130,127,128
133,130,128,1654
109,133,128,129
109,140,129,130
109,141,130,151
145,158,131,1384
158,146,131,132
158,147,132,133
158,153,133,134
158,154,134,135
158,9,135,152
10,21,136,153
21,28,137,138
159,28,138,1277
21,159,138,139
31,159,139,1281
21,31,139,140
21,29,140,141
156,29,141,1429
21,156,141,142
21,37,142,143
21,42,143,144
21,50,144,145
21,51,145,146
21,57,146,147
21,60,147,153
63,60,148,1864
60,70,148,154
70,99,149,150
70,106,150,154
109,106,151,199
106,141,151,155
158,141,152,1444
141,9,152,156
10,60,153,157
60,106,154,155
60,141,155,156
60,9,156,157
160,161,158,368
161,1,158,-1
1,160,158,177
162,163,159,1276
163,164,159,367
164,162,159,160
165,162,160,1275
164,165,160,161
166,165,161,1274
164,166,161,178
167,168,162,1273
168,166,162,1274
166,167,162,179
169,170,163,366
170,167,163,1272
167,169,163,164
171,169,164,1270
167,171,164,165
14,171,165,419
167,14,165,166
167,15,166,167
167,12,167,168
167,13,168,179
13,11,169,170
172,11,170,1660
13,172,170,180
173,174,171,1659
174,172,171,1660
172,173,171,172
175,173,172,1658
172,175,172,173
176,175,173,1393
172,176,173,174
177,176,174,1392
172,177,174,181
178,179,175,1391
179,177,175,1392
177,178,175,182
3,180,176,1283
180,0,176,184
0,160,177,185
164,160,178,367
160,166,178,185
166,13,179,180
166,172,180,181
166,177,181,182
166,178,182,183
180,178,183,1390
166,180,183,184
166,0,184,185
181,182,186,252
182,183,186,-1
183,181,186,225
184,185,187,1339
185,181,187,252
181,184,187,188
186,184,188,1339
181,186,188,189
187,186,189,1682
181,187,189,190
188,187,190,1683
181,188,190,242
118,189,191,1335
189,190,191,1336
190,118,191,192
190,119,192,193
190,116,193,194
190,117,194,226
117,115,195,227
115,112,196,228
112,111,197,246
111,108,198,229
108,106,199,200
108,104,200,201
108,105,201,229
105,103,202,230
103,101,203,231
101,98,204,205
101,97,205,206
101,96,206,207
101,95,207,208
101,93,208,209
101,94,209,232
94,91,210,233
191,89,211,1952
88,191,211,212
192,191,212,2003
88,192,212,213
193,192,213,2002
88,193,213,234
194,195,214,2001
195,193,214,2002
193,194,214,234
196,197,215,2029
197,194,215,2001
194,196,215,235
198,199,216,2027
199,196,216,2028
196,198,216,236
200,201,217,2026
201,198,217,2027
198,200,217,218
202,200,218,2025
198,202,218,237
203,204,219,2066
204,202,219,2067
202,203,219,238
205,206,220,2065
206,203,220,2066
203,205,220,239
207,208,221,2023
208,209,221,2064
209,207,221,222
210,207,222,2070
209,210,222,240
211,212,223,2081
212,210,223,2082
210,211,223,224
183,211,224,-1
210,183,224,225
210,181,225,241
190,213,226,1337
213,117,226,227
213,115,227,228
213,112,228,245
111,105,229,230
111,103,230,231
111,101,231,232
111,94,232,233
111,91,233,246
88,194,234,235
88,196,235,236
88,198,236,237
88,202,237,238
88,203,238,239
88,205,239,247
209,205,240,2065
205,210,240,241
205,181,241,242
205,188,242,243
214,188,243,1683
205,214,243,244
213,214,244,1338
205,213,244,245
205,112,245,248
112,91,246,248
91,205,247,248
215,216,249,260
216,182,249,-1
182,215,249,250
217,215,250,259
182,217,250,251
185,217,251,1340
182,185,251,252
218,219,253,267
219,216,253,-1
216,218,253,254
220,218,254,267
216,220,254,255
221,220,255,266
216,221,255,261
222,223,256,1666
223,221,256,291
221,222,256,257
224,222,257,1665
221,224,257,262
225,226,258,1327
226,224,258,1665
224,225,258,262
217,225,259,1327
225,215,259,260
225,216,260,261
225,221,261,262
227,228,263,294
228,219,263,-1
219,227,263,264
229,227,264,293
219,229,264,268
221,230,265,301
230,231,265,292
231,221,265,266
231,220,266,269
220,219,267,268
220,229,268,269
231,229,269,292
232,233,270,311
233,228,270,-1
228,232,270,271
234,232,271,310
228,234,271,272
235,234,272,309
228,235,272,273
236,235,273,308
228,236,273,294
237,238,274,313
238,239,274,307
239,237,274,297
240,241,275,321
241,242,275,306
242,240,275,276
243,240,276,320
242,243,276,277
244,243,277,1364
242,244,277,278
245,244,278,1419
242,245,278,279
246,245,279,1418
242,246,279,280
247,246,280,1359
242,247,280,281
248,247,281,1358
242,248,281,282
249,248,282,1433
242,249,282,283
250,249,283,1433
242,250,283,295
251,252,284,1441
252,250,284,1442
250,251,284,298
253,254,285,1439
254,251,285,1440
251,253,285,299
255,256,286,1636
256,253,286,1438
253,255,286,287
257,255,287,1692
253,257,287,288
258,257,288,1692
253,258,288,289
259,258,289,1684
253,259,289,290
223,259,290,1666
253,223,290,291
253,221,291,300
230,229,292,293
230,227,293,296
227,236,294,296
242,237,295,306
237,250,295,297
230,236,296,301
239,250,297,298
239,251,298,299
239,253,299,300
239,221,300,302
221,236,301,302
239,236,302,307
260,261,303,324
261,233,303,-1
233,260,303,304
262,260,304,323
233,262,304,305
241,262,305,322
233,241,305,312
241,237,306,312
238,236,307,308
238,235,308,309
238,234,309,310
238,232,310,311
238,233,311,313
233,237,312,313
263,264,314,337
264,261,314,-1
261,263,314,315
265,263,315,336
261,265,315,316
266,265,316,336
261,266,316,317
267,266,317,335
261,267,317,318
268,267,318,334
261,268,318,324
243,269,319,1365
269,268,319,333
268,243,319,320
268,240,320,321
268,241,321,322
268,262,322,323
268,260,323,324
270,271,325,349
271,264,325,-1
264,270,325,326
272,270,326,348
264,272,326,327
273,272,327,347
264,273,327,328
274,273,328,346
264,274,328,329
275,274,329,345
264,275,329,330
143,275,330,1263
264,143,330,338
276,144,331,1347
143,276,331,339
269,277,332,1366
277,276,332,1367
276,269,332,333
276,268,333,334
276,267,334,335
276,266,335,339
266,263,336,337
266,264,337,338
266,143,338,339
149,278,340,354
278,271,340,-1
271,149,340,341
271,150,341,342
279,150,342,1260
271,279,342,343
280,279,343,1266
271,280,343,349
275,281,344,1264
281,280,344,1265
280,275,344,345
280,274,345,346
280,273,346,347
280,272,347,348
280,270,348,349
2,278,350,-1
278,154,350,351
278,155,351,352
278,153,352,355
153,151,353,355
151,278,354,355
282,283,356,380
283,161,356,-1
161,282,356,357
284,282,357,380
161,284,357,368
285,286,358,409
286,287,358,379
287,285,358,373
288,289,359,407
289,285,359,408
285,288,359,370
290,291,360,-1
291,288,360,406
288,290,360,361
292,290,361,413
288,292,361,362
293,292,362,413
288,293,362,363
294,293,363,412
288,294,363,364
295,294,364,1267
288,295,364,365
169,295,365,1271
288,169,365,366
288,170,366,370
163,160,367,372
160,284,368,369
287,284,369,385
160,287,369,372
285,170,370,371
163,170,371,1272
285,163,371,373
163,287,372,373
296,297,374,393
297,283,374,-1
283,296,374,381
298,299,375,398
299,296,375,393
296,298,375,376
300,298,376,392
296,300,376,382
301,302,377,-1
302,303,377,390
303,301,377,378
286,301,378,409
303,286,378,379
303,287,379,384
284,283,380,381
284,296,381,382
284,300,382,383
304,300,383,392
284,304,383,385
303,304,384,391
304,287,384,385
305,306,386,404
306,297,386,-1
297,305,386,394
307,308,387,403
308,305,387,404
305,307,387,395
309,310,388,401
310,311,388,402
311,309,388,396
302,312,389,-1
312,309,389,400
309,302,389,390
309,303,390,391
309,304,391,396
304,298,392,397
299,297,393,394
299,305,394,395
299,307,395,398
311,304,396,397
311,298,397,399
298,307,398,399
311,307,399,403
312,306,400,-1
306,309,400,401
306,310,401,402
306,311,402,405
311,308,403,405
308,306,404,405
291,301,406,-1
301,288,406,407
301,289,407,408
301,285,408,409
313,314,410,420
314,290,410,-1
290,313,410,414
315,316,411,1268
316,313,411,1269
313,315,411,414
294,315,412,1267
315,293,412,415
293,290,413,415
290,315,414,415
16,317,416,426
317,314,416,-1
314,16,416,417
314,17,417,418
314,14,418,419
314,171,419,420
313,171,420,1269
318,319,421,431
319,317,421,-1
317,318,421,426
20,320,422,429
320,321,422,430
321,20,422,423
321,21,423,424
321,18,424,425
321,16,425,427
16,318,426,427
321,318,427,431
19,319,428,-1
319,20,428,429
319,320,429,430
319,321,430,431
322,323,432,439
323,22,432,-1
22,322,432,433
324,322,433,438
22,324,433,434
24,324,434,1295
22,24,434,435
325,326,436,446
326,323,436,-1
323,325,436,437
327,325,437,445
323,327,437,439
324,327,438,1296
327,322,438,439
328,329,440,547
329,326,440,-1
326,328,440,441
330,328,441,591
326,330,441,442
331,330,442,602
326,331,442,447
332,333,443,1411
333,334,443,1405
334,332,443,444
335,332,444,1299
334,335,444,448
327,336,445,1297
336,325,445,446
336,326,446,447
336,331,447,449
334,331,448,546
331,335,448,449
336,335,449,1298
337,338,450,709
338,329,450,-1
329,337,450,451
339,337,451,709
329,339,451,452
340,339,452,708
329,340,452,453
341,340,453,707
329,341,453,454
342,341,454,707
329,342,454,455
343,342,455,755
329,343,455,547
344,345,456,706
345,343,456,754
343,344,456,548
346,347,457,705
347,344,457,706
344,346,457,549
348,349,458,747
349,346,458,705
346,348,458,459
350,348,459,704
346,350,459,550
351,352,460,703
352,350,460,704
350,351,460,551
353,354,461,701
354,351,461,702
351,353,461,592
355,356,462,700
356,353,462,701
353,355,462,463
357,355,463,699
353,357,463,552
358,359,464,698
359,357,464,699
357,358,464,465
360,358,465,697
357,360,465,466
361,360,466,696
357,361,466,552
362,363,467,693
363,364,467,694
364,362,467,554
365,366,468,692
366,362,468,693
362,365,468,469
367,365,469,691
362,367,469,555
368,369,470,687
369,370,470,688
370,368,470,557
371,372,471,742
372,368,471,687
368,371,471,472
373,371,472,686
368,373,472,473
374,373,473,685
368,374,473,474
375,374,474,684
368,375,474,557
376,377,475,683
377,375,475,684
375,376,475,476
378,376,476,682
375,378,476,477
379,378,477,681
375,379,477,558
380,381,478,680
381,379,478,681
379,380,478,559
382,383,479,678
383,380,479,679
380,382,479,560
384,385,480,739
385,382,480,678
382,384,480,481
386,384,481,677
382,386,481,561
387,388,482,676
388,386,482,677
386,387,482,561
389,390,483,674
390,391,483,675
391,389,483,563
392,393,484,673
393,389,484,674
389,392,484,564
394,395,485,672
395,392,485,673
392,394,485,486
396,394,486,671
392,396,486,603
397,398,487,670
398,396,487,671
396,397,487,595
399,400,488,668
400,401,488,669
401,399,488,565
402,403,489,667
403,399,489,668
399,402,489,490
404,402,490,666
399,404,490,491
405,404,491,665
399,405,491,492
406,405,492,664
399,406,492,566
407,408,493,-1
408,406,493,664
406,407,493,494
409,407,494,-1
406,409,494,495
410,409,495,1533
406,410,495,496
411,410,496,1532
406,411,496,497
412,411,497,1531
406,412,497,567
413,414,498,1591
414,412,498,1531
412,413,498,499
415,413,499,1530
412,415,499,568
416,417,500,1529
417,415,500,1530
415,416,500,501
418,416,501,1528
415,418,501,569
419,420,502,1527
420,418,502,1528
418,419,502,570
421,422,503,1526
422,419,503,1527
419,421,503,504
423,421,504,1525
419,423,504,571
424,425,505,1524
425,423,505,1525
423,424,505,572
426,427,506,1522
427,428,506,1523
428,426,506,574
429,430,507,1520
430,431,507,1521
431,429,507,576
432,433,508,1586
433,434,508,1518
434,432,508,509
435,432,509,1517
434,435,509,577
436,437,510,1516
437,435,510,1517
435,436,510,577
438,439,511,1515
439,436,511,1516
436,438,511,512
440,438,512,1514
436,440,512,578
441,442,513,1512
442,440,513,1513
440,441,513,579
443,444,514,1585
444,441,514,1512
441,443,514,515
445,443,515,1511
441,445,515,516
446,445,516,1510
441,446,516,580
447,448,517,1509
448,446,517,1510
446,447,517,518
449,447,518,1508
446,449,518,581
450,451,519,1506
451,452,519,1507
452,450,519,582
453,454,520,1625
454,450,520,1506
450,453,520,521
455,453,521,1505
450,455,521,583
456,457,522,1503
457,455,522,1504
455,456,522,604
458,459,523,1501
459,456,523,1502
456,458,523,599
460,461,524,1499
461,458,524,1500
458,460,524,584
462,463,525,1498
463,460,525,1499
460,462,525,526
464,462,526,1498
460,464,526,527
465,464,527,1497
460,465,527,528
466,465,528,1496
460,466,528,584
467,468,529,1494
468,469,529,1495
469,467,529,586
470,471,530,1493
471,467,530,1494
467,470,530,586
472,473,531,1492
473,470,531,1493
470,472,531,587
474,475,532,1490
475,472,532,1491
472,474,532,609
476,477,533,1489
477,474,533,1490
474,476,533,534
478,476,534,1488
474,478,534,588
479,480,535,1486
480,478,535,1487
478,479,535,536
481,479,536,1485
478,481,536,588
482,483,537,1580
483,484,537,1483
484,482,537,538
485,482,538,1579
484,485,538,539
486,485,539,1306
484,486,539,540
487,486,540,1380
484,487,540,541
488,487,541,1379
484,488,541,542
489,488,542,1303
484,489,542,543
490,489,543,1408
484,490,543,544
491,490,544,1407
484,491,544,545
492,491,545,1406
484,492,545,589
334,492,546,1405
492,331,546,590
328,343,547,548
328,344,548,549
328,346,549,550
328,350,550,551
328,351,551,591
353,361,552,553
493,361,553,695
353,493,553,593
364,493,554,694
493,362,554,555
493,367,555,556
494,367,556,690
493,494,556,610
370,375,557,558
370,379,558,559
370,380,559,560
370,382,560,594
382,387,561,562
391,387,562,675
382,391,562,563
382,389,563,564
382,392,564,607
401,397,565,669
397,399,565,566
397,406,566,567
397,412,567,568
397,415,568,569
397,418,569,570
397,419,570,571
397,423,571,572
397,424,572,573
428,424,573,1523
397,428,573,574
397,426,574,575
431,426,575,1521
397,431,575,576
397,429,576,595
434,436,577,578
434,440,578,579
434,441,579,580
434,446,580,581
434,449,581,597
452,449,582,1507
449,450,582,583
449,455,583,598
458,466,584,585
469,466,585,1495
458,469,585,599
469,470,586,587
469,472,587,600
474,481,588,605
484,495,589,1483
495,492,589,590
495,331,590,601
330,351,591,592
330,353,592,593
330,493,593,602
370,494,594,689
494,382,594,611
396,429,595,596
496,429,596,1519
396,496,596,603
434,496,597,1518
496,449,597,598
496,455,598,608
456,469,599,600
456,472,600,604
495,481,601,1484
481,331,601,605
331,493,602,606
392,496,603,607
455,472,604,612
474,331,605,606
474,493,606,609
382,496,607,608
382,455,608,611
472,493,609,610
472,494,610,612
494,455,611,612
497,498,613,869
498,338,613,-1
338,497,613,614
499,497,614,869
338,499,614,615
500,499,615,868
338,500,615,616
501,500,616,868
338,501,616,617
502,501,617,867
338,502,617,618
503,502,618,867
338,503,618,619
504,503,619,866
338,504,619,620
505,504,620,865
338,505,620,710
506,507,621,890
507,505,621,865
505,506,621,622
508,506,622,864
505,508,622,623
509,508,623,863
505,509,623,711
510,511,624,862
511,509,624,863
509,510,624,712
512,513,625,903
513,510,625,862
510,512,625,626
514,512,626,861
510,514,626,713
515,516,627,889
516,514,627,861
514,515,627,628
517,515,628,860
514,517,628,714
518,519,629,898
519,517,629,860
517,518,629,630
520,518,630,859
517,520,630,715
521,522,631,858
522,520,631,859
520,521,631,715
523,524,632,857
524,521,632,858
521,523,632,716
525,526,633,854
526,527,633,855
527,525,633,757
528,529,634,852
529,530,634,853
530,528,634,635
531,528,635,851
530,531,635,718
532,533,636,850
533,531,636,851
531,532,636,718
534,535,637,849
535,532,637,850
532,534,637,638
536,534,638,848
532,536,638,719
537,538,639,846
538,536,639,847
536,537,639,640
539,537,640,845
536,539,640,720
540,541,641,843
541,539,641,844
539,540,641,721
542,543,642,840
543,544,642,841
544,542,642,643
545,542,643,839
544,545,643,722
546,547,644,837
547,545,644,838
545,546,644,645
548,546,645,836
545,548,645,764
549,550,646,834
550,548,646,835
548,549,646,647
551,549,647,833
548,551,647,648
552,551,648,832
548,552,648,723
553,554,649,830
554,552,649,831
552,553,649,650
555,553,650,829
552,555,650,651
556,555,651,828
552,556,651,723
557,558,652,826
558,556,652,827
556,557,652,653
559,557,653,825
556,559,653,724
560,561,654,823
561,559,654,824
559,560,654,761
562,563,655,821
563,560,655,822
560,562,655,759
564,565,656,819
565,562,656,820
562,564,656,750
566,567,657,816
567,568,657,817
568,566,657,658
569,566,658,815
568,569,658,725
570,571,659,813
571,569,659,814
569,570,659,726
572,573,660,810
573,574,660,811
574,572,660,728
575,576,661,807
576,577,661,808
577,575,661,662
578,575,662,806
577,578,662,663
408,578,663,-1
577,408,663,730
408,405,664,665
408,404,665,666
408,402,666,667
408,403,667,731
403,400,668,732
400,397,669,670
400,398,670,733
398,394,671,672
398,395,672,734
395,393,673,735
393,390,674,736
390,387,675,676
390,388,676,737
388,384,677,738
385,383,678,679
385,380,679,680
385,381,680,740
381,378,681,682
381,376,682,683
381,377,683,741
377,374,684,685
377,373,685,686
377,371,686,751
372,369,687,688
372,370,688,689
372,494,689,690
372,367,690,691
372,365,691,692
372,366,692,742
366,363,693,743
363,493,694,695
363,361,695,696
363,360,696,697
363,358,697,698
363,359,698,744
359,355,699,700
359,356,700,745
356,354,701,702
356,351,702,703
356,352,703,745
352,348,704,746
349,347,705,747
347,345,706,753
342,340,707,708
342,339,708,748
339,338,709,710
339,505,710,711
339,509,711,712
339,510,712,713
339,514,713,714
339,517,714,748
517,521,715,716
517,523,716,717
527,523,717,856
517,527,717,756
530,532,718,719
530,536,719,720
530,539,720,721
530,540,721,749
544,540,722,842
540,545,722,763
548,556,723,724
548,559,724,765
568,564,725,818
564,569,725,726
564,570,726,727
574,570,727,812
564,574,727,728
564,572,728,729
577,572,729,809
564,577,729,730
564,408,730,731
564,403,731,732
564,400,732,733
564,398,733,734
564,395,734,735
564,393,735,736
564,390,736,737
564,388,737,738
564,384,738,739
564,385,739,740
564,381,740,741
564,377,741,750
371,366,742,743
371,363,743,744
371,359,744,751
359,352,745,746
359,348,746,752
348,347,747,752
342,517,748,755
530,525,749,853
525,540,749,758
562,377,750,759
377,359,751,762
359,347,752,753
359,345,753,754
359,343,754,760
343,517,755,756
343,527,756,757
343,525,757,758
343,540,758,760
560,377,759,761
359,540,760,762
559,377,761,765
377,540,762,763
377,545,763,764
377,548,764,765
579,580,766,1005
580,498,766,-1
498,579,766,767
581,579,767,1004
498,581,767,768
582,581,768,1003
498,582,768,769
583,582,769,1003
498,583,769,770
584,583,770,1002
498,584,770,771
585,584,771,1001
498,585,771,772
586,585,772,1001
498,586,772,773
587,586,773,1000
498,587,773,774
588,587,774,1000
498,588,774,775
589,588,775,999
498,589,775,776
590,589,776,998
498,590,776,870
591,592,777,997
592,590,777,998
590,591,777,778
593,591,778,996
590,593,778,871
594,595,779,995
595,593,779,996
593,594,779,872
596,597,780,994
597,594,780,995
594,596,780,781
598,596,781,993
594,598,781,873
599,600,782,1042
600,601,782,992
601,599,782,783
602,599,783,991
601,602,783,784
603,602,784,991
601,603,784,875
604,605,785,989
605,603,785,990
603,604,785,876
606,607,786,988
607,604,786,989
604,606,786,877
608,609,787,986
609,606,787,987
606,608,787,788
610,608,788,985
606,610,788,878
611,612,789,983
612,613,789,984
613,611,789,790
614,611,790,982
613,614,790,900
615,616,791,981
616,614,791,982
614,615,791,905
617,618,792,980
618,615,792,981
615,617,792,793
619,617,793,979
615,619,793,906
620,621,794,976
621,622,794,977
622,620,794,901
623,624,795,974
624,625,795,975
625,623,795,880
626,627,796,973
627,623,796,974
623,626,796,880
628,629,797,972
629,626,797,973
626,628,797,881
630,631,798,971
631,628,798,972
628,630,798,799
632,630,799,970
628,632,799,800
633,632,800,969
628,633,800,882
634,635,801,967
635,633,801,968
633,634,801,882
636,637,802,965
637,634,802,966
634,636,802,803
638,636,803,964
634,638,803,804
639,638,804,963
634,639,804,883
578,640,805,-1
640,639,805,962
639,578,805,806
639,575,806,807
639,576,807,808
639,577,808,809
639,572,809,810
639,573,810,811
639,574,811,812
639,570,812,813
639,571,813,814
639,569,814,815
639,566,815,816
639,567,816,817
639,568,817,818
639,564,818,819
639,565,819,820
639,562,820,821
639,563,821,822
639,560,822,823
639,561,823,824
639,559,824,825
639,557,825,826
639,558,826,827
639,556,827,828
639,555,828,829
639,553,829,830
639,554,830,831
639,552,831,832
639,551,832,833
639,549,833,834
639,550,834,835
639,548,835,836
639,546,836,837
639,547,837,838
639,545,838,839
639,542,839,840
639,543,840,841
639,544,841,842
639,540,842,843
639,541,843,844
639,539,844,845
639,537,845,846
639,538,846,847
639,536,847,848
639,534,848,849
639,535,849,884
535,533,850,885
533,528,851,852
533,529,852,886
529,525,853,854
529,526,854,855
529,527,855,856
529,523,856,857
529,524,857,887
524,522,858,887
522,518,859,888
519,515,860,894
516,512,861,889
513,511,862,904
511,508,863,864
511,506,864,899
507,504,865,866
507,503,866,890
503,501,867,891
501,499,868,891
499,498,869,870
499,590,870,871
499,593,871,872
499,594,872,873
499,598,873,874
601,598,874,992
499,601,874,875
499,603,875,876
499,604,876,877
499,606,877,878
499,610,878,879
613,610,879,984
499,613,879,892
625,626,880,881
625,628,881,893
628,634,882,883
628,639,883,884
628,535,884,885
628,533,885,886
628,529,886,893
529,522,887,888
529,518,888,897
515,512,889,894
506,503,890,895
503,499,891,892
503,613,892,895
625,529,893,896
519,512,894,902
506,613,895,899
625,620,896,975
620,529,896,897
620,518,897,898
620,519,898,901
511,613,899,900
511,614,900,904
622,519,901,902
622,512,902,903
622,513,903,907
513,614,904,905
513,615,905,906
513,619,906,907
622,619,907,978
641,642,908,1136
642,580,908,-1
580,641,908,909
643,641,909,1135
580,643,909,1005
644,645,910,1134
645,643,910,1135
643,644,910,1006
646,647,911,1182
647,644,911,1134
644,646,911,912
648,646,912,1133
644,648,912,1007
649,650,913,1132
650,648,913,1133
648,649,913,914
651,649,914,1132
648,651,914,915
652,651,915,1131
648,652,915,1008
653,654,916,1180
654,652,916,1131
652,653,916,917
655,653,917,1179
652,655,917,918
656,655,918,1130
652,656,918,1009
657,658,919,1177
658,656,919,1130
656,657,919,920
659,657,920,1129
656,659,920,1010
660,661,921,1128
661,659,921,1129
659,660,921,922
662,660,922,1127
659,662,922,1011
663,664,923,1126
664,662,923,1127
662,663,923,1012
665,666,924,1124
666,667,924,1125
667,665,924,1014
668,669,925,1123
669,665,925,1124
665,668,925,1015
670,671,926,1122
671,668,926,1123
668,670,926,1016
672,673,927,1170
673,670,927,1122
670,672,927,928
674,672,928,1169
670,674,928,929
675,674,929,1121
670,675,929,930
676,675,930,1120
670,676,930,931
677,676,931,1120
670,677,931,932
678,677,932,1119
670,678,932,1017
679,680,933,1117
680,678,933,1118
678,679,933,1018
681,682,934,1115
682,683,934,1116
683,681,934,1020
684,685,935,1165
685,681,935,1115
681,684,935,936
686,684,936,1114
681,686,936,937
687,686,937,1113
681,687,937,1020
688,689,938,1112
689,687,938,1113
687,688,938,1021
690,691,939,1110
691,688,939,1111
688,690,939,1022
692,693,940,1162
693,694,940,1109
694,692,940,941
695,692,941,1108
694,695,941,942
696,695,942,1108
694,696,942,943
697,696,943,1107
694,697,943,944
698,697,944,1106
694,698,944,1023
699,700,945,1105
700,698,945,1106
698,699,945,946
701,699,946,1104
698,701,946,947
702,701,947,1103
698,702,947,1024
703,704,948,1102
704,702,948,1103
702,703,948,949
705,703,949,1101
702,705,949,1025
706,707,950,1099
707,708,950,1100
708,706,950,951
709,706,951,1098
708,709,951,952
710,709,952,1097
708,710,952,953
711,710,953,1096
708,711,953,954
712,711,954,1095
708,712,954,955
713,712,955,1094
708,713,955,1027
714,715,956,-1
715,713,956,1093
713,714,956,957
716,714,957,2135
713,716,957,1028
717,718,958,2134
718,716,958,2135
716,717,958,1029
719,720,959,2133
720,717,959,2134
717,719,959,1030
721,722,960,2138
722,723,960,2139
723,721,960,1032
640,724,961,-1
724,721,961,2137
721,640,961,962
721,639,962,963
721,638,963,964
721,636,964,965
721,637,965,966
721,634,966,967
721,635,967,968
721,633,968,969
721,632,969,970
721,630,970,971
721,631,971,1033
631,629,972,1034
629,627,973,1035
627,624,974,1036
624,620,975,976
624,621,976,977
624,622,977,978
624,619,978,979
624,617,979,980
624,618,980,1037
618,616,981,1038
616,611,982,983
616,612,983,1039
612,610,984,985
612,608,985,986
612,609,986,987
612,606,987,988
612,607,988,1040
607,605,989,990
607,603,990,1041
603,599,991,1041
600,598,992,993
600,596,993,994
600,597,994,1043
597,595,995,1043
595,591,996,997
595,592,997,1049
592,589,998,999
592,588,999,1050
588,586,1000,1051
586,584,1001,1002
586,583,1002,1044
583,581,1003,1004
583,579,1004,1044
579,643,1005,1006
579,644,1006,1007
579,648,1007,1008
579,652,1008,1009
579,656,1009,1010
579,659,1010,1011
579,662,1011,1012
579,663,1012,1013
667,663,1013,1125
579,667,1013,1014
579,665,1014,1015
579,668,1015,1016
579,670,1016,1017
579,678,1017,1018
579,679,1018,1019
683,679,1019,1116
579,683,1019,1045
683,687,1020,1021
683,688,1021,1022
683,690,1022,1046
694,690,1023,1109
690,698,1023,1024
690,702,1024,1025
690,705,1025,1026
708,705,1026,1100
690,708,1026,1027
690,713,1027,1028
690,716,1028,1029
690,717,1029,1030
690,719,1030,1031
723,719,1031,2133
690,723,1031,1032
690,721,1032,1033
690,631,1033,1034
690,629,1034,1035
690,627,1035,1036
690,624,1036,1037
690,618,1037,1038
690,616,1038,1039
690,612,1039,1040
690,607,1040,1047
607,599,1041,1042
607,600,1042,1047
600,595,1043,1048
586,579,1044,1045
586,683,1045,1046
586,690,1046,1051
690,600,1047,1048
690,595,1048,1049
690,592,1049,1050
690,588,1050,1051
725,726,1052,1226
726,642,1052,-1
642,725,1052,1053
727,725,1053,1225
642,727,1053,1054
728,727,1054,1224
642,728,1054,1137
729,730,1055,1223
730,728,1055,1224
728,729,1055,1138
731,732,1056,1250
732,729,1056,1223
729,731,1056,1057
733,731,1057,1222
729,733,1057,1058
734,733,1058,1222
729,734,1058,1059
735,734,1059,1221
729,735,1059,1139
736,737,1060,1219
737,735,1060,1220
735,736,1060,1140
738,739,1061,1218
739,736,1061,1219
736,738,1061,1062
740,738,1062,1218
736,740,1062,1063
741,740,1063,1217
736,741,1063,1064
742,741,1064,1216
736,742,1064,1065
743,742,1065,1215
736,743,1065,1141
744,745,1066,1245
745,746,1066,1214
746,744,1066,1067
747,744,1067,1213
746,747,1067,1143
748,749,1068,1212
749,747,1068,1213
747,748,1068,1069
750,748,1069,1211
747,750,1069,1144
751,752,1070,1210
752,750,1070,1211
750,751,1070,1071
753,751,1071,1209
750,753,1071,1145
754,755,1072,1208
755,753,1072,1209
753,754,1072,1146
756,757,1073,1207
757,754,1073,1208
754,756,1073,1147
758,759,1074,1206
759,756,1074,1207
756,758,1074,1075
760,758,1075,1205
756,760,1075,1148
761,762,1076,1204
762,760,1076,1205
760,761,1076,1077
763,761,1077,1203
760,763,1077,1149
764,765,1078,1237
765,766,1078,1202
766,764,1078,1079
767,764,1079,1201
766,767,1079,1151
768,769,1080,1200
769,767,1080,1201
767,768,1080,1081
770,768,1081,1199
767,770,1081,1152
771,772,1082,1198
772,770,1082,1199
770,771,1082,1153
773,774,1083,1197
774,771,1083,1198
771,773,1083,1154
775,776,1084,1232
776,773,1084,1197
773,775,1084,1085
777,775,1085,1196
773,777,1085,1086
778,777,1086,1196
773,778,1086,1087
779,778,1087,1195
773,779,1087,1155
780,781,1088,1194
781,779,1088,1195
779,780,1088,1156
782,783,1089,1193
783,780,1089,1194
780,782,1089,1090
784,782,1090,1192
780,784,1090,1091
785,784,1091,1192
780,785,1091,1157
715,786,1092,-1
786,785,1092,1191
785,715,1092,1093
785,713,1093,1094
785,712,1094,1095
785,711,1095,1096
785,710,1096,1097
785,709,1097,1098
785,706,1098,1099
785,707,1099,1158
707,705,1100,1101
707,703,1101,1102
707,704,1102,1158
704,701,1103,1104
704,699,1104,1105
704,700,1105,1159
700,697,1106,1107
700,696,1107,1160
696,692,1108,1161
693,690,1109,1110
693,691,1110,1111
693,688,1111,1112
693,689,1112,1163
689,686,1113,1114
689,684,1114,1164
685,682,1115,1166
682,679,1116,1117
682,680,1117,1118
682,678,1118,1119
682,677,1119,1167
677,675,1120,1121
677,674,1121,1168
673,671,1122,1171
671,669,1123,1172
669,666,1124,1173
666,663,1125,1126
666,664,1126,1174
664,660,1127,1128
664,661,1128,1175
661,657,1129,1176
658,655,1130,1178
654,651,1131,1180
651,650,1132,1181
650,646,1133,1185
647,645,1134,1182
645,641,1135,1136
645,642,1136,1137
645,728,1137,1138
645,729,1138,1139
645,735,1139,1140
645,736,1140,1141
645,743,1141,1142
746,743,1142,1214
645,746,1142,1143
645,747,1143,1144
645,750,1144,1145
645,753,1145,1146
645,754,1146,1147
645,756,1147,1148
645,760,1148,1149
645,763,1149,1150
766,763,1150,1202
645,766,1150,1151
645,767,1151,1152
645,770,1152,1153
645,771,1153,1154
645,773,1154,1155
645,779,1155,1156
645,780,1156,1157
645,785,1157,1183
785,704,1158,1159
785,700,1159,1160
785,696,1160,1161
785,692,1161,1162
785,693,1162,1163
785,689,1163,1164
785,684,1164,1165
785,685,1165,1166
785,682,1166,1167
785,677,1167,1168
785,674,1168,1169
785,672,1169,1170
785,673,1170,1171
785,671,1171,1172
785,669,1172,1173
785,666,1173,1174
785,664,1174,1175
785,661,1175,1176
785,657,1176,1177
785,658,1177,1178
785,655,1178,1179
785,653,1179,1184
653,651,1180,1181
653,650,1181,1184
646,645,1182,1183
646,785,1183,1185
785,650,1184,1185
787,788,1186,1258
788,726,1186,-1
726,787,1186,1187
789,787,1187,1257
726,789,1187,1188
790,789,1188,1256
726,790,1188,1226
791,792,1189,1255
792,790,1189,1256
790,791,1189,1227
786,793,1190,-1
793,791,1190,1254
791,786,1190,1191
791,785,1191,1228
785,782,1192,1193
785,783,1193,1228
783,781,1194,1229
781,778,1195,1230
778,775,1196,1231
776,774,1197,1233
774,772,1198,1234
772,768,1199,1200
772,769,1200,1235
769,764,1201,1236
765,763,1202,1203
765,761,1203,1204
765,762,1204,1238
762,758,1205,1206
762,759,1206,1239
759,757,1207,1240
757,755,1208,1241
755,751,1209,1210
755,752,1210,1242
752,748,1211,1212
752,749,1212,1243
749,744,1213,1244
745,743,1214,1215
745,742,1215,1216
745,741,1216,1217
745,740,1217,1246
740,739,1218,1247
739,737,1219,1220
739,735,1220,1221
739,734,1221,1248
734,731,1222,1249
732,730,1223,1251
730,727,1224,1225
730,725,1225,1252
725,790,1226,1227
725,791,1227,1252
791,783,1228,1229
791,781,1229,1230
791,778,1230,1231
791,775,1231,1232
791,776,1232,1233
791,774,1233,1234
791,772,1234,1235
791,769,1235,1236
791,764,1236,1237
791,765,1237,1238
791,762,1238,1239
791,759,1239,1240
791,757,1240,1241
791,755,1241,1242
791,752,1242,1243
791,749,1243,1244
791,744,1244,1245
791,745,1245,1246
791,740,1246,1247
791,739,1247,1248
791,734,1248,1249
791,731,1249,1250
791,732,1250,1251
791,730,1251,1252
794,795,1253,-1
795,788,1253,-1
788,794,1253,1259
793,794,1254,-1
794,791,1254,1255
794,792,1255,1259
792,789,1256,1257
792,787,1257,1258
792,788,1258,1259
279,147,1260,1261
279,148,1261,1262
279,146,1262,1266
146,275,1263,1264
146,281,1264,1265
146,280,1265,1266
295,315,1267,1268
295,316,1268,1271
316,171,1269,1270
316,169,1270,1271
163,167,1272,1273
163,168,1273,1276
168,165,1274,1275
168,162,1275,1276
159,25,1277,1282
796,26,1278,1326
25,796,1278,1279
797,796,1279,1313
25,797,1279,1282
31,798,1280,1312
798,797,1280,1313
797,31,1280,1281
797,159,1281,1282
799,180,1283,1390
3,799,1283,1284
800,799,1284,1399
3,800,1284,1285
801,800,1285,1398
3,801,1285,1286
802,801,1286,1398
3,802,1286,1287
803,802,1287,1397
3,803,1287,1288
804,803,1288,1397
3,804,1288,1289
805,804,1289,1396
3,805,1289,1290
806,805,1290,1395
3,806,1290,1294
175,807,1291,1394
807,806,1291,1395
806,175,1291,1292
5,175,1292,1657
806,5,1292,1293
806,4,1293,1294
27,324,1295,1296
27,327,1296,1297
27,336,1297,1298
27,335,1298,1314
808,332,1299,1404
335,808,1299,1300
809,808,1300,1403
335,809,1300,1315
810,811,1301,1409
811,809,1301,1403
809,810,1301,1315
489,812,1302,1408
812,810,1302,1409
810,489,1302,1303
810,488,1303,1304
813,488,1304,1379
810,813,1304,1316
814,815,1305,1382
815,813,1305,1383
813,814,1305,1322
486,816,1306,1381
816,485,1306,1307
817,485,1307,1578
816,817,1307,1317
818,819,1308,1576
819,820,1308,1577
820,818,1308,1309
821,818,1309,1575
820,821,1309,1318
822,823,1310,1477
823,821,1310,1478
821,822,1310,1318
30,824,1311,1420
824,31,1311,1312
824,798,1312,1320
798,796,1313,1325
26,335,1314,1321
335,810,1315,1316
335,813,1316,1321
816,814,1317,1381
814,817,1317,1323
820,822,1318,1319
824,822,1319,1477
820,824,1319,1320
820,798,1320,1324
26,813,1321,1322
26,814,1322,1323
26,817,1323,1326
820,817,1324,1577
817,798,1324,1325
817,796,1325,1326
217,226,1327,1328
825,226,1328,1673
217,825,1328,1329
826,825,1329,1672
217,826,1329,1330
827,826,1330,1672
217,827,1330,1340
828,829,1331,1687
829,830,1331,1688
830,828,1331,1332
831,828,1332,1699
830,831,1332,1341
120,832,1333,1697
832,833,1333,1698
833,120,1333,1334
833,118,1334,1335
833,189,1335,1336
833,190,1336,1337
833,213,1337,1342
186,214,1338,1682
213,186,1338,1346
186,185,1339,1343
185,827,1340,1343
830,834,1341,1670
834,831,1341,1344
833,831,1342,1698
831,213,1342,1345
186,827,1343,1346
834,827,1344,1671
827,831,1344,1345
827,213,1345,1346
276,145,1347,1348
835,145,1348,1384
276,835,1348,1349
836,835,1349,1389
276,836,1349,1367
837,838,1350,1470
838,839,1350,1476
839,837,1350,1376
132,840,1351,1468
840,841,1351,1469
841,132,1351,1368
842,133,1352,1653
132,842,1352,1368
843,844,1353,1652
844,842,1353,1653
842,843,1353,1369
127,845,1354,1656
845,128,1354,1355
846,128,1355,1676
845,846,1355,1370
847,848,1356,1629
848,846,1356,1676
846,847,1356,1357
248,847,1357,1434
846,248,1357,1358
846,247,1358,1359
846,246,1359,1360
849,246,1360,1417
846,849,1360,1361
850,849,1361,1416
846,850,1361,1371
851,852,1362,1415
852,850,1362,1416
850,851,1362,1363
853,851,1363,1414
850,853,1363,1372
244,854,1364,1413
854,243,1364,1365
854,269,1365,1366
854,277,1366,1373
277,836,1367,1374
841,842,1368,1369
841,843,1369,1377
845,843,1370,1652
843,846,1370,1371
843,850,1371,1372
843,853,1372,1378
854,853,1373,1413
853,277,1373,1374
853,836,1374,1375
839,836,1375,1471
853,839,1375,1376
853,837,1376,1378
841,837,1377,1470
837,843,1377,1378
813,487,1379,1380
813,486,1380,1383
486,814,1381,1382
486,815,1382,1383
835,158,1384,1385
855,158,1385,1448
835,855,1385,1386
856,855,1386,1649
835,856,1386,1387
857,856,1387,1649
835,857,1387,1388
858,857,1388,1648
835,858,1388,1389
836,858,1389,1461
799,178,1390,1391
799,179,1391,1399
179,176,1392,1393
179,175,1393,1394
179,807,1394,1400
807,805,1395,1396
807,804,1396,1400
804,802,1397,1401
802,800,1398,1402
800,179,1399,1402
179,804,1400,1401
179,802,1401,1402
811,808,1403,1404
811,332,1404,1410
333,492,1405,1406
333,491,1406,1407
333,490,1407,1411
490,812,1408,1412
812,811,1409,1410
812,332,1410,1412
332,490,1411,1412
244,853,1413,1414
244,851,1414,1415
244,852,1415,1419
852,849,1416,1417
852,246,1417,1418
852,245,1418,1419
29,824,1420,1421
859,824,1421,1482
29,859,1421,1422
860,859,1422,1481
29,860,1422,1423
861,860,1423,1730
29,861,1423,1430
862,863,1424,1748
863,864,1424,1729
864,862,1424,1425
865,862,1425,1747
864,865,1425,1426
35,865,1426,1746
864,35,1426,1427
864,32,1427,1431
33,156,1428,1429
33,29,1429,1430
33,861,1430,1432
864,861,1431,1729
861,32,1431,1432
250,248,1433,1434
250,847,1434,1435
866,847,1435,1629
250,866,1435,1443
867,868,1436,1638
868,866,1436,1639
866,867,1436,1443
256,869,1437,1637
869,867,1437,1638
867,256,1437,1438
867,253,1438,1439
867,254,1439,1440
867,251,1440,1441
867,252,1441,1442
867,250,1442,1443
158,142,1444,1445
158,140,1445,1448
870,139,1446,1643
140,870,1446,1447
855,870,1447,1643
140,855,1447,1448
871,872,1449,-1269
872,873,1449,-1269
873,871,1449,1455
874,875,1450,-1269
875,876,1450,-1269
876,874,1450,1451
877,874,1451,-1269
876,877,1451,1457
878,879,1452,-1269
879,877,1452,-1269
877,878,1452,1458
880,881,1453,-1269
881,878,1453,-1269
878,880,1453,1459
882,883,1454,-1269
883,880,1454,-1269
880,882,1454,1460
873,882,1455,-1269
882,871,1455,1456
884,871,1456,-1269
882,884,1456,1460
876,884,1457,-1269
884,877,1457,1458
884,878,1458,1459
884,880,1459,1460
885,858,1461,1647
836,885,1461,1471
886,887,1462,1651
887,885,1462,1647
885,886,1462,1472
138,888,1463,1645
888,886,1463,1646
886,138,1463,1464
886,137,1464,1465
886,136,1465,1473
136,134,1466,1467
136,131,1467,1474
131,840,1468,1469
131,841,1469,1475
841,838,1470,1475
839,885,1471,1472
839,886,1472,1473
839,136,1473,1474
839,131,1474,1476
131,838,1475,1476
824,823,1477,1482
889,821,1478,1574
823,889,1478,1479
890,889,1479,1706
823,890,1479,1480
860,890,1480,1730
823,860,1480,1481
823,859,1481,1482
483,495,1483,1484
483,481,1484,1485
483,479,1485,1486
483,480,1486,1487
483,478,1487,1488
483,476,1488,1489
483,477,1489,1580
477,475,1490,1491
477,472,1491,1492
477,473,1492,1581
473,471,1493,1581
471,468,1494,1582
468,466,1495,1496
468,465,1496,1497
468,464,1497,1583
464,463,1498,1624
463,461,1499,1500
463,458,1500,1501
463,459,1501,1502
463,456,1502,1503
463,457,1503,1504
463,455,1504,1505
463,453,1505,1627
454,451,1506,1605
451,449,1507,1508
451,447,1508,1509
451,448,1509,1584
448,445,1510,1511
448,443,1511,1584
444,442,1512,1513
444,440,1513,1514
444,438,1514,1515
444,439,1515,1585
439,437,1516,1617
437,432,1517,1607
433,496,1518,1519
433,429,1519,1520
433,430,1520,1586
430,426,1521,1522
430,427,1522,1587
427,424,1523,1524
427,425,1524,1588
425,421,1525,1526
425,422,1526,1589
422,420,1527,1590
420,416,1528,1529
420,417,1529,1590
417,413,1530,1609
414,411,1531,1532
414,410,1532,1533
414,409,1533,1591
891,892,1534,2130
892,409,1534,-1
409,891,1534,1535
893,891,1535,2129
409,893,1535,1592
894,895,1536,2128
895,893,1536,2129
893,894,1536,1593
896,897,1537,2127
897,894,1537,2128
894,896,1537,1594
898,899,1538,-1
899,896,1538,2127
896,898,1538,1539
900,898,1539,2116
896,900,1539,1540
901,900,1540,2115
896,901,1540,1594
902,903,1541,2056
903,904,1541,1969
904,902,1541,1611
905,906,1542,2055
906,902,1542,2056
902,905,1542,1596
907,908,1543,2054
908,905,1543,2055
905,907,1543,1596
909,910,1544,1967
910,907,1544,2053
907,909,1544,1545
911,909,1545,1966
907,911,1545,1546
912,911,1546,1966
907,912,1546,1547
913,912,1547,2048
907,913,1547,1548
914,913,1548,2048
907,914,1548,1549
915,914,1549,2052
907,915,1549,1613
916,917,1550,1962
917,915,1550,2047
915,916,1550,1597
918,919,1551,1956
919,916,1551,1961
916,918,1551,1597
920,921,1552,1939
921,922,1552,1897
922,920,1552,1599
923,924,1553,1938
924,920,1553,1939
920,923,1553,1554
925,923,1554,1937
920,925,1554,1600
926,927,1555,1895
927,925,1555,1936
925,926,1555,1556
928,926,1556,1894
925,928,1556,1601
929,930,1557,1911
930,928,1557,1894
928,929,1557,1558
931,929,1558,1890
928,931,1558,1601
932,933,1559,1869
933,931,1559,1842
931,932,1559,1602
934,935,1560,1867
935,936,1560,1868
936,934,1560,1626
937,938,1561,1866
938,934,1561,1867
934,937,1561,1562
939,937,1562,1837
934,939,1562,1563
940,939,1563,1715
934,940,1563,1564
941,940,1564,1734
934,941,1564,1565
942,941,1565,1714
934,942,1565,1566
943,942,1566,1714
934,943,1566,1567
944,943,1567,1713
934,944,1567,1568
945,944,1568,1712
934,945,1568,1623
946,947,1569,1733
947,945,1569,1712
945,946,1569,1570
948,946,1570,1711
945,948,1570,1619
949,950,1571,1708
950,951,1571,1709
951,949,1571,1572
952,949,1572,1707
951,952,1572,1573
889,952,1573,1706
951,889,1573,1574
951,821,1574,1575
951,818,1575,1576
951,819,1576,1603
819,817,1577,1578
819,485,1578,1579
819,482,1579,1603
482,477,1580,1604
477,471,1581,1582
477,468,1582,1583
477,464,1583,1620
451,443,1584,1605
443,439,1585,1606
432,430,1586,1587
432,427,1587,1588
432,425,1588,1589
432,422,1589,1607
422,417,1590,1608
413,409,1591,1592
413,893,1592,1593
413,894,1593,1609
894,901,1594,1595
904,901,1595,2114
894,904,1595,1610
902,907,1596,1612
915,918,1597,1598
922,918,1598,1955
915,922,1598,1599
915,920,1599,1600
915,925,1600,1618
925,931,1601,1602
925,932,1602,1622
951,482,1603,1604
951,477,1604,1614
454,443,1605,1606
454,439,1606,1621
437,422,1607,1608
437,417,1608,1615
417,894,1609,1610
417,904,1610,1611
417,902,1611,1612
417,907,1612,1613
417,915,1613,1615
951,953,1614,1709
953,477,1614,1616
437,915,1615,1617
953,948,1616,1710
948,477,1616,1619
439,915,1617,1618
439,925,1618,1621
945,477,1619,1620
945,464,1620,1623
454,925,1621,1622
454,932,1622,1625
934,464,1623,1624
934,463,1624,1626
453,932,1625,1627
936,463,1626,1628
463,932,1627,1628
936,932,1628,1876
866,848,1629,1630
954,848,1630,1680
866,954,1630,1631
125,954,1631,1679
866,125,1631,1632
866,122,1632,1639
955,956,1633,1694
956,123,1633,1695
123,955,1633,1641
957,958,1634,1705
958,955,1634,1694
955,957,1634,1635
255,957,1635,1693
955,255,1635,1636
955,256,1636,1637
955,869,1637,1641
869,868,1638,1642
868,122,1639,1640
868,123,1640,1642
123,869,1641,1642
855,139,1643,1644
855,138,1644,1645
855,888,1645,1646
855,886,1646,1650
887,858,1647,1648
887,857,1648,1651
857,855,1649,1650
857,886,1650,1651
845,844,1652,1656
844,133,1653,1654
844,130,1654,1655
844,127,1655,1656
6,175,1657,1658
6,173,1658,1659
6,174,1659,1664
174,11,1660,1661
174,9,1661,1662
174,8,1662,1663
174,7,1663,1664
226,222,1665,1673
222,259,1666,1667
959,259,1667,1684
222,959,1667,1668
960,959,1668,1690
222,960,1668,1674
830,961,1669,1689
961,960,1669,1690
960,830,1669,1670
960,834,1670,1671
960,827,1671,1674
827,825,1672,1675
825,222,1673,1675
222,827,1674,1675
848,128,1676,1677
848,129,1677,1681
129,124,1678,1681
124,954,1679,1680
124,848,1680,1681
187,214,1682,1683
959,258,1684,1685
962,258,1685,1701
959,962,1685,1691
828,963,1686,1700
963,962,1686,1701
962,828,1686,1687
962,829,1687,1688
962,830,1688,1689
962,961,1689,1691
961,959,1690,1691
258,255,1692,1693
258,957,1693,1702
958,956,1694,1695
958,123,1695,1703
123,120,1696,1697
123,832,1697,1703
832,831,1698,1699
832,828,1699,1700
832,963,1700,1704
963,258,1701,1702
963,957,1702,1704
958,832,1703,1705
832,957,1704,1705
890,952,1706,1707
890,949,1707,1708
890,950,1708,1731
950,953,1709,1710
950,948,1710,1711
950,946,1711,1732
947,944,1712,1713
947,943,1713,1733
943,941,1714,1742
964,939,1715,1837
940,964,1715,1716
965,964,1716,1836
940,965,1716,1717
966,965,1717,1836
940,966,1717,1718
967,966,1718,1850
940,967,1718,1734
968,969,1719,1823
969,970,1719,1835
970,968,1719,1720
971,968,1720,1822
970,971,1720,1736
972,973,1721,1790
973,971,1721,1821
971,972,1721,1722
974,972,1722,1789
971,974,1722,1737
975,976,1723,1765
976,974,1723,1789
974,975,1723,1738
977,978,1724,1783
978,975,1724,1765
975,977,1724,1725
979,977,1725,1786
975,979,1725,1738
980,981,1726,1781
981,979,1726,1782
979,980,1726,1744
982,983,1727,1761
983,984,1727,1762
984,982,1727,1728
863,982,1728,1748
984,863,1728,1739
863,861,1729,1740
861,890,1730,1731
861,950,1731,1732
861,946,1732,1741
946,943,1733,1745
941,967,1734,1735
970,967,1735,1835
941,970,1735,1736
941,971,1736,1737
941,974,1737,1742
974,979,1738,1743
984,980,1739,1780
980,863,1739,1740
980,861,1740,1741
980,946,1741,1744
943,974,1742,1743
943,979,1743,1745
979,946,1744,1745
36,865,1746,1747
36,862,1747,1755
862,982,1748,1749
985,982,1749,1760
862,985,1749,1750
986,985,1750,1760
862,986,1750,1756
987,988,1751,1769
988,989,1751,1770
989,987,1751,1752
40,987,1752,1774
989,40,1752,1753
990,40,1753,1759
989,990,1753,1754
38,990,1754,1758
989,38,1754,1757
38,862,1755,1756
38,986,1756,1757
989,986,1757,1770
37,990,1758,1759
986,982,1760,1761
986,983,1761,1771
991,984,1762,1780
983,991,1762,1772
992,993,1763,1784
993,991,1763,1785
991,992,1763,1764
978,992,1764,1783
991,978,1764,1773
978,976,1765,1766
994,976,1766,1788
978,994,1766,1767
995,994,1767,1787
978,995,1767,1768
987,995,1768,1775
978,987,1768,1769
978,988,1769,1773
988,986,1770,1771
988,983,1771,1772
988,991,1772,1773
39,987,1774,1775
39,995,1775,1776
996,995,1776,1787
39,996,1776,1777
45,996,1777,1796
39,45,1777,1779
45,41,1778,1779
991,980,1780,1781
991,981,1781,1782
991,979,1782,1785
977,992,1783,1784
977,993,1784,1786
993,979,1785,1786
996,994,1787,1788
996,976,1788,1796
976,972,1789,1790
976,973,1790,1791
997,973,1791,1821
976,997,1791,1792
47,997,1792,1805
976,47,1792,1793
976,43,1793,1794
976,44,1794,1795
976,45,1795,1796
48,47,1797,1804
56,998,1798,1833
998,999,1798,1829
999,56,1798,1799
999,53,1799,1800
999,54,1800,1801
1000,54,1801,1811
999,1000,1801,1802
1001,1000,1802,1810
999,1001,1802,1806
48,1002,1803,1808
1002,1001,1803,1809
1001,48,1803,1804
1001,47,1804,1805
1001,997,1805,1806
999,997,1806,1829
50,48,1807,1808
50,1002,1808,1809
50,1001,1809,1810
50,1000,1810,1811
50,54,1811,1813
54,52,1812,1813
1003,1004,1814,-46322
1004,1005,1814,-46322
1005,1003,1814,1815
1006,1003,1815,-46322
1005,1006,1815,1816
1007,1006,1816,-46322
1005,1007,1816,1817
1008,1007,1817,-46322
1005,1008,1817,1818
1009,1008,1818,-46322
1005,1009,1818,1819
1010,1009,1819,-46322
1005,1010,1819,1820
1011,1010,1820,-46322
1005,1011,1820,-46322
997,971,1821,1822
997,968,1822,1823
997,969,1823,1824
1012,969,1824,1848
997,1012,1824,1825
1013,1012,1825,1847
997,1013,1825,1830
1014,1015,1826,1853
1015,1013,1826,1847
1013,1014,1826,1834
58,1014,1827,1858
1014,59,1827,1831
59,55,1828,1831
998,997,1829,1830
998,1013,1830,1833
1014,55,1831,1832
1014,56,1832,1834
56,1013,1833,1834
969,967,1835,1849
966,964,1836,1854
964,937,1837,1838
1016,937,1838,1866
964,1016,1838,1855
1017,1018,1839,1872
1018,1019,1839,1873
1019,1017,1839,1840
1020,1017,1840,1871
1019,1020,1840,1841
1021,1020,1841,1870
1019,1021,1841,1856
933,1021,1842,1869
1021,931,1842,1843
1022,931,1843,1890
1021,1022,1843,1851
66,1022,1844,1877
1022,65,1844,1851
1023,64,1845,1861
65,1023,1845,1852
58,1024,1846,1860
1024,1023,1846,1865
1023,58,1846,1857
1015,1012,1847,1848
1015,969,1848,1849
1015,967,1849,1850
1015,966,1850,1853
1021,65,1851,1852
1021,1023,1852,1856
1014,966,1853,1854
1014,964,1854,1855
1014,1016,1855,1858
1019,1023,1856,1857
1019,58,1857,1859
58,1016,1858,1859
1019,1016,1859,1873
60,1024,1860,1864
1023,61,1861,1862
1023,62,1862,1863
1023,63,1863,1865
63,1024,1864,1865
1016,938,1866,1874
938,935,1867,1868
938,936,1868,1875
932,1021,1869,1870
932,1020,1870,1871
932,1017,1871,1872
932,1018,1872,1876
1018,1016,1873,1874
1018,938,1874,1875
1018,936,1875,1876
67,1022,1877,1878
1025,1022,1878,1892
67,1025,1878,1879
1026,1025,1879,1881
67,1026,1879,1880
68,1026,1880,1889
1027,1025,1881,1892
1026,1027,1881,1882
1028,1027,1882,1893
1026,1028,1882,1889
73,1029,1883,1908
1029,1028,1883,1909
1028,73,1883,1884
1028,74,1884,1885
1028,70,1885,1886
1028,71,1886,1887
1028,69,1887,1888
1028,68,1888,1889
1022,929,1890,1891
1027,929,1891,1893
1022,1027,1891,1892
1028,929,1893,1910
930,926,1894,1895
930,927,1895,1896
1030,927,1896,1936
930,1030,1896,1912
921,1031,1897,1940
1031,922,1897,1898
1032,922,1898,1955
1031,1032,1898,1913
84,1033,1899,1943
1033,1032,1899,1954
1032,84,1899,1900
1032,85,1900,1901
1034,85,1901,1931
1032,1034,1901,1902
1035,1034,1902,1931
1032,1035,1902,1913
1036,78,1903,1924
81,1036,1903,1915
1037,1038,1904,1923
1038,1036,1904,1924
1036,1037,1904,1905
1039,1037,1905,1922
1036,1039,1905,1916
1040,1041,1906,1921
1041,1039,1906,1922
1039,1040,1906,1917
72,1040,1907,1920
1040,73,1907,1908
1040,1029,1908,1909
1040,1028,1909,1910
1040,929,1910,1911
1040,930,1911,1912
1040,1030,1912,1917
1031,1035,1913,1914
80,1035,1914,1930
1031,80,1914,1918
80,1036,1915,1916
80,1039,1916,1919
1039,1030,1917,1919
1031,1030,1918,1941
1030,80,1918,1919
75,1040,1920,1921
75,1041,1921,1927
1041,1037,1922,1923
1041,1038,1923,1928
1038,78,1924,1925
1038,79,1925,1929
79,76,1926,1929
76,1041,1927,1928
76,1038,1928,1929
82,1035,1930,1935
1035,85,1931,1932
1035,86,1932,1933
1035,157,1933,1934
1035,83,1934,1935
1030,925,1936,1937
1030,923,1937,1938
1030,924,1938,1941
924,921,1939,1940
924,1031,1940,1941
90,84,1942,1945
1042,1033,1943,1953
84,1042,1943,1944
1043,1042,1944,1947
84,1043,1944,1945
90,1043,1945,1946
89,1043,1946,1947
89,1042,1947,1948
1044,1042,1948,1953
89,1044,1948,1949
1045,1044,1949,1959
89,1045,1949,1950
1046,1045,1950,1984
89,1046,1950,1951
1047,1046,1951,1997
89,1047,1951,1952
191,1047,1952,1997
1044,1033,1953,1954
1044,1032,1954,1958
1032,918,1955,1956
1032,919,1956,1957
1048,919,1957,1960
1032,1048,1957,1958
1044,1048,1958,1959
1045,1048,1959,1960
1045,919,1960,1961
1045,916,1961,1962
1045,917,1962,1963
1049,917,1963,2047
1045,1049,1963,1985
1050,1051,1964,2050
1051,1049,1964,2051
1049,1050,1964,1965
912,1050,1965,2049
1049,912,1965,1986
912,909,1966,1987
1052,910,1967,2053
909,1052,1967,1988
1053,1054,1968,2058
1054,1055,1968,2059
1055,1053,1968,1989
903,1053,1969,2057
1053,904,1969,1970
1056,904,1970,2114
1053,1056,1970,1989
1057,1058,1971,2109
1058,1056,1971,2120
1056,1057,1971,1972
1059,1057,1972,2015
1056,1059,1972,1973
1060,1059,1973,2014
1056,1060,1973,1974
1061,1060,1974,2014
1056,1061,1974,1975
1062,1061,1975,2013
1056,1062,1975,1990
1063,1064,1976,2012
1064,1062,1976,2013
1062,1063,1976,1991
1065,1066,1977,2010
1066,1067,1977,2011
1067,1065,1977,1978
1068,1065,1978,2009
1067,1068,1978,1993
1069,1070,1979,2044
1070,1068,1979,2009
1068,1069,1979,1980
1071,1069,1980,2008
1068,1071,1980,1981
1072,1071,1981,2007
1068,1072,1981,1994
1073,1074,1982,2031
1074,1072,1982,2007
1072,1073,1982,1994
1046,1075,1983,1998
1075,1073,1983,2006
1073,1046,1983,1984
1073,1045,1984,1985
1073,1049,1985,1986
1073,912,1986,1987
1073,909,1987,1988
1073,1052,1988,1995
1055,1056,1989,1990
1055,1062,1990,1991
1055,1063,1991,1992
1067,1063,1992,2011
1055,1067,1992,1993
1055,1068,1993,1996
1068,1073,1994,1995
1068,1052,1995,1996
1055,1052,1996,2059
191,1046,1997,1998
191,1075,1998,1999
1076,1075,1999,2006
191,1076,1999,2004
197,1077,2000,2043
1077,1076,2000,2030
1076,197,2000,2005
197,195,2001,2005
195,192,2002,2003
195,191,2003,2004
195,1076,2004,2005
1076,1073,2006,2030
1074,1071,2007,2008
1074,1069,2008,2032
1070,1065,2009,2010
1070,1066,2010,2045
1066,1063,2011,2012
1066,1064,2012,2033
1064,1061,2013,2033
1061,1059,2014,2015
1061,1057,2015,2034
1078,1079,2016,2108
1079,1057,2016,2109
1057,1078,2016,2017
1080,1078,2017,2074
1057,1080,2017,2035
1081,1082,2018,2093
1082,1080,2018,2073
1080,1081,2018,2019
1083,1081,2019,2092
1080,1083,2019,2020
1084,1083,2020,2091
1080,1084,2020,2036
1085,1086,2021,2090
1086,1084,2021,2091
1084,1085,2021,2037
1087,1088,2022,2083
1088,1085,2022,2090
1085,1087,2022,2038
1089,208,2023,2064
207,1089,2023,2024
1090,1089,2024,2063
207,1090,2024,2040
202,1091,2025,2062
1091,200,2025,2026
1091,201,2026,2042
201,199,2027,2028
201,196,2028,2029
201,197,2029,2046
1077,1073,2030,2031
1077,1074,2031,2032
1077,1069,2032,2043
1066,1061,2033,2034
1066,1057,2034,2035
1066,1080,2035,2036
1066,1084,2036,2037
1066,1085,2037,2038
1066,1087,2038,2039
207,1087,2039,2070
1066,207,2039,2040
1066,1090,2040,2041
1091,1090,2041,2062
1066,1091,2041,2042
1066,201,2042,2045
197,1069,2043,2044
197,1070,2044,2046
1070,201,2045,2046
1049,915,2047,2051
914,912,2048,2049
914,1050,2049,2050
914,1051,2050,2052
1051,915,2051,2052
1052,907,2053,2054
1052,908,2054,2060
908,906,2055,2061
906,903,2056,2057
906,1053,2057,2058
906,1054,2058,2061
1054,1052,2059,2060
1054,908,2060,2061
202,1090,2062,2063
202,1089,2063,2067
1089,209,2064,2068
209,206,2065,2069
206,204,2066,2069
204,1089,2067,2068
204,209,2068,2069
210,1087,2070,2082
1092,1093,2071,2097
1093,1088,2071,2098
1088,1092,2071,2084
1094,1095,2072,2095
1095,1092,2072,2096
1092,1094,2072,2085
1082,1096,2073,2093
1096,1080,2073,2074
1096,1078,2074,2075
1097,1078,2075,2107
1096,1097,2075,2086
1098,1099,2076,2103
1099,1097,2076,2106
1097,1098,2076,2077
1100,1098,2077,2102
1097,1100,2077,2078
1101,1100,2078,2101
1097,1101,2078,2086
1102,1103,2079,2100
1103,1101,2079,2101
1101,1102,2079,2087
211,1104,2080,-1
1104,1102,2080,2100
1102,211,2080,2081
1102,212,2081,2088
212,1087,2082,2083
212,1088,2083,2084
212,1092,2084,2085
212,1094,2085,2088
1096,1101,2086,2087
1096,1102,2087,2089
1102,1094,2088,2089
1096,1094,2089,2094
1088,1086,2090,2099
1086,1083,2091,2092
1086,1081,2092,2099
1081,1096,2093,2094
1081,1094,2094,2095
1081,1095,2095,2096
1081,1092,2096,2097
1081,1093,2097,2098
1081,1088,2098,2099
1104,1103,2100,2105
1103,1100,2101,2102
1103,1098,2102,2105
1105,1099,2103,2106
1098,1105,2103,2104
1104,1105,2104,-1
1098,1104,2104,2105
1105,1097,2106,2107
1105,1078,2107,2108
1105,1079,2108,2113
1079,1058,2109,2110
1106,1058,2110,2119
1079,1106,2110,2111
1107,1106,2111,2122
1079,1107,2111,2112
1108,1107,2112,2122
1079,1108,2112,2113
1105,1108,2113,-1
1056,901,2114,2115
1056,900,2115,2116
1056,898,2116,2121
1109,1110,2117,2126
1110,898,2117,-1
898,1109,2117,2118
1111,1109,2118,2125
898,1111,2118,2121
1106,1111,2119,2123
1111,1058,2119,2120
1111,1056,2120,2121
1108,1106,2122,2123
1108,1111,2123,2124
1112,1111,2124,2125
1108,1112,2124,-1
1112,1109,2125,2126
1112,1110,2126,-1
899,897,2127,2132
897,895,2128,2132
895,891,2129,2130
895,892,2130,2131
899,892,2131,-1
895,899,2131,2132
723,720,2133,2139
720,718,2134,2140
718,714,2135,2136
724,714,2136,-1
718,724,2136,2137
718,721,2137,2138
718,722,2138,2140
722,720,2139,2140