67.865767,70.466096,0,1,179,180,181,183
67.5,70.3,0,160,180
67.5,70.1,0,1,2,3,4,5,6,7,97,327
68.165659,70.467137,1,2,179,1231,1232,1233,1234,1235,1239
68.50084,70.500443,2,3,1238,1239
68.699329,70.467206,3,4,1237,1238,1583
68.698944,70.400656,4,5,1583,1584,1589
68.866922,70.333029,5,6,1588,1589,1590
69.132847,70.368016,6,7,1587,1588
69.200417,70.366974,7,8,97,133,151,155,157,158,1586,1587
69.200063,70.699881,8,158,159,171,172
69.200192,70.5018,8,172,182,184,1585,1586
67.865898,71.467505,9,10,167,168,392,393
68.332715,71.23307,9,168,169
68.567424,71.232448,9,10,11,12,152,156,169,170
67.698929,71.599121,10,11,391,392,399,400
67.833973,71.666638,11,12,398,399
67.733587,71.768158,12,13,98,134,135,136,137,138,139,140,141,142,143,144,152,398
67.533369,71.767691,13,14,15,16,17,98,396,397,403,404
67.667145,71.732802,13,397,398,399,400,401,402
67.5,73.3,14,15,407,408,409,410,414
67.5,71.766667,14,403
67.832679,73.200418,15,16,413,414
68.067609,73.200454,16,17,412,413
68.066688,73.133788,17,18,98,99,134,411,412,1240
68.13404,72.999842,18,19,20,21,99,1250,1251,1252,1256
68.132935,73.033027,18,1240,1241,1242,1243,1248,1249,1250
68.165667,72.966652,19,20,1226,1257,1270
68.166968,73.000683,19,1255,1256,1257
68.099525,72.8328,20,21,1225,1226,1227,1230
67.999693,72.833749,21,99,134,135,1225
68.465667,72.500354,22,137,138,1356,1357,1367,1368
68.467681,72.533726,22,1266,1267,1356
68.367401,72.533543,22,136,137,1228,1229,1267,1268
69.466844,72.433198,23,24,25,26,100,1365
69.29908,72.466847,23,1365,1366
69.032812,72.433223,23,100,101,102,138,139,1366,1367
69.633467,72.499249,24,25,1364,1371,1372
69.467504,72.500805,24,1365,1366,1367,1368,1369,1372
69.665707,72.366015,25,26,1364,1669
69.6661,72.331902,26,100,101,1669,1670,1671,1679,1680
69.900182,72.133342,27,28,102,103,139,140,1683,1684,1686
70.000575,72.267856,27,1678,1679,1680,1681,1682,1683
69.866157,72.267556,27,101,102,1679
70.366865,72.067105,28,29,30,31,103,1685
70.366807,72.101074,28,1685,1686
70.700018,72.03314,29,30,1701,1702,1703,1704,1706
70.566236,72.10047,29,1676,1677,1684,1685,1686,1701
70.933855,71.831271,30,31,1705,1706
70.933778,71.799948,31,103,104,105,106,140,141,1705
71.300542,71.69823,32,33,104,105,1719,1720
71.298872,71.766953,32,1720,1721,1722,1723
71.199771,71.7665,32,104,1704,1705,1706,1721
71.264774,71.466652,33,34,35,105,106,1724
71.532486,71.565509,33,1718,1719,1724,1731,1732
71.433635,71.16716,34,35,1734
71.53311,71.167046,34,1724,1730,1731,1734,1735
71.434003,71.100231,35,36,106,141,142,1734,1735,1736,1737,1738,1740
71.532178,71.000555,36,37,107,142,143,1739
71.53266,71.032824,36,1739,1740
71.900926,70.799254,37,38,39,107,1726,1727
71.700179,71.001023,37,1727,1728,1738,1739,1740
72.899396,70.366541,38,39,1754,1757,1758
72.899779,70.467273,38,1725,1726,1758,1759,1760
72.666231,70.167436,39,40,41,42,107,143,144,1754
73.200344,70.033983,40,41,1753,1777,1778,1792
72.733549,70.166256,40,1753,1754,1757
73.199465,70.00034,41,42,1792,1799
73.566592,69.834064,42,144,152,156,157,158,159,1798,1799,1800,1801,1802
74.467721,69.932575,43,44,1796,1797
74.267964,69.96713,43,1797,1798,1802
74.165936,69.733185,43,44,45,46,47,48,49,153,154,155,157,1798
75.034558,69.934461,44,45,1774,1796
75.633115,69.932608,45,46,1773,1774,1775,1782,1783
75.899109,69.700152,46,47,1773,1815
75.799186,69.600225,47,48,1815,1816,1817
76.067434,69.500051,48,49,1817,1821
76.202153,69.433591,49,50,51,52,108,109,110,111,145,146,147,153,1821,1833
76.433294,69.468771,50,51,1850
76.432417,69.50003,50,1832,1833,1834,1838,1850,1851
76.500367,69.466083,51,52,1850,1851,1853
76.500444,69.399826,52,53,108,1849,1852,1853
76.600106,69.366267,53,54,55,108,109,1847,1848
76.599044,69.401944,53,1848,1849
76.900231,69.299539,54,55,1830,1831,1846
76.83399,69.367441,54,1846,1847
77.100438,69.19945,55,56,57,58,109,110,1830
77.86747,69.099627,56,57,1854,1860
77.866963,69.165668,56,1830,1831,1842,1843,1845,1854
77.999719,68.931782,57,58,1859,1860
78.00041,68.833734,58,110,111,1858,1859
78.698683,68.66638,59,60,1829,1866
78.700142,68.735793,59,1829,1835,1836,1855,1856
78.432814,68.73383,59,60,112,1856,1857
78.499508,68.466312,60,112,113,114,145,146,1866,1868,1869
78.767195,68.132229,61,62,212,213,214,215,216,217,230
78.832822,68.233527,61,212,1892
78.733825,68.30023,61,62,63,113,1868,1870,1871,1872,1873,1874,1875,1892,1893
77.598948,68.132229,62,63,211,229,230,231,232,233
77.366858,68.368549,63,64,65,113,114,211
76.765963,68.434402,64,65,209,210
77.133615,68.366049,64,210,211,228,229
75.800228,69.433729,65,66,114,115,116,146,147,208,209
74.833788,69.467151,66,67,115,206,207
74.834687,69.433322,66,207,208
74.334427,69.500165,67,68,69,115,116,204,205
74.334386,69.466816,67,205,206
73.798987,69.566274,68,69,202,203
73.800647,69.50069,68,203,204
73.666832,69.699239,69,116,147,148,153,154,201,202
72.76641,68.966243,70,71,199
72.899616,68.965734,70,199,200,201,202,203,204,205,206,207,208,209,210,228
72.899946,69.033697,70,71,72,117,200
72.099632,68.701092,71,72,198,199,228,229,233
71.734125,68.700009,72,73,117,118,198
70.766548,68.665853,73,74,118,119,197
71.733671,68.667194,73,197,198,227,232,233
69.83229,68.63282,74,75,76,77,119,120,195,196
70.765604,68.633634,74,196,197,226,227
69.634134,68.599411,75,76,193,194,1281
69.833084,68.598577,75,194,195
69.466354,68.732502,76,77,1280,1281,1287,1621,1622
69.466535,68.76727,77,78,120,121,1621
69.3672,68.800696,78,79,80,121,122,1561,1567,1568
69.366349,68.765933,78,1568,1569,1570,1620,1621,1622,1623,1624,1629
69.300509,68.899639,79,80,1603,1604,1605,1606
69.301505,68.800878,79,1560,1561,1604
69.699639,68.899571,80,122,123,1603
69.300711,69.000451,81,82,1301,1581,1582
69.332141,68.999414,81,1301,1302,1601,1602
69.500377,69.001132,81,82,123,124,1602,1603,1606
69.730987,69.200183,82,124,125,1580,1581
68.733998,69.365933,83,84,1404,1405,1409,1410,1411
69.333103,69.266224,83,1298,1299,1316,1404
69.432949,69.300211,83,84,85,86,125,126,1299,1579,1580
68.699742,69.565362,84,85,1403,1408,1409
68.766185,69.599784,85,86,1402,1403
69.266348,69.665419,86,87,88,89,126,127,1401,1402
68.934266,69.799175,87,88,1386,1387,1572
68.900137,69.799161,87,1400,1401,1572,1573
69.032953,69.801071,88,89,1386
69.166395,69.867435,89,90,127,128,1385,1386,1387,1388,1389
68.934003,69.966321,90,128,148,149,150,151,154,155,1384
68.933877,69.933876,90,1384,1385
68.199817,69.733281,91,92,310
68.234551,69.735005,91,310,311,1294
68.365882,69.833546,91,92,93,129,1294,1295,1327
68.099493,69.699959,92,93,309,310,311,317,1209
67.867216,69.967388,93,129,130,1208,1209,1210,1211,1212,1213
67.532332,70.033175,94,95,330,331,332
67.533423,70.000298,94,318,319,331
67.564327,70.000374,94,95,131,319,320,1207
67.567298,70.032369,95,131,132,329,330
67.532691,70.099716,96,97,133,327,328
67.533289,70.067177,96,328,329,330,332
67.567203,70.066978,96,132,133,150,151,329
78.201639,68.766102,111,112,145,1857,1858
73.568118,69.700922,117,118,119,120,121,122,123,124,125,126,127,128,148,200,201
68.499248,69.932731,129,130,149,1327,1328,1384,1385,1389
67.632412,69.999324,130,131,132,149,150,1207,1208
68.000127,72.668119,135,136,1225,1229,1230
68.933332,70.96597,156,159,170,171
67.900736,70.533597,160,161,162,163,180,181,345,346,349
67.5,70.466667,160,333,334,345
68.199266,70.934076,161,162,1222,1223,1224
67.899092,70.900116,161,348,349,350,1223
68.200972,70.89971,162,163,1222
68.43317,70.899671,163,164,181,183,185,186,1221,1222,1224
68.199328,71.10014,164,165,166,167,168,169,170,171,172,184,186,1219,1220
68.200327,71.065453,164,1220,1221
67.800683,71.234085,165,166,342,343,1217,1218
67.967297,71.132635,165,343,344,1219
67.865529,71.399816,166,167,393,394,1216,1217
68.832529,70.400144,173,174,1584,1589,1590
69.065303,70.399555,173,1585,1586,1587,1588,1590
69.06594,70.499702,173,174,175,176,177,182,1585
68.800969,70.633124,174,175,1236,1237,1337,1338,1583,1584
68.800757,70.668328,175,176,1336,1337
68.699187,70.734861,176,177,1335,1336
68.700251,70.766863,177,178,182,184,185,186,1335
68.366927,70.833693,178,179,183,185,1231,1334
68.567383,70.76804,178,1334,1335,1336,1337,1338,1342,1343
68.29836,67.600865,187,188,189,190,191,222,223,236,237
67.5,67.6,187,234,237
67.5,67.5,187,221,222
69.133954,67.832625,188,189,1284
68.633024,67.898984,188,235,236,1284,1285,1291
69.199467,67.834343,189,190,1283,1284,1290,1291,1293,1607
69.20131,67.79846,190,191,1607,1608,1609
69.532959,67.732717,191,223,224,1609
69.933125,68.567735,192,193,194,195,196,225,226,1288,1289
69.734122,68.267029,192,1282,1283,1289,1290
69.631631,67.832105,192,224,225,1282,1608,1609
69.634232,68.567268,193,1281,1287,1288
78.967015,68.233326,212,213,1891,1892,1893,1902
79.401406,68.132226,213,214,1890,1891
79.40155,68.099618,214,215,1889,1890
79.835421,68.034506,215,216,1888,1889
80.466344,67.967359,216,217,1887,1888
80.467103,67.934605,217,218,219,230,231,1887
81.999732,67.734123,218,219,1885,1886
80.966198,67.93356,218,1886,1887,1888,1889,1890,1891,1901,1902,1903,1904
81.998838,67.700847,219,220,221,222,223,224,225,226,227,231,232,1885
82.366667,67.5,220,221,1965,1966,1967,1968,1969,1970,1978,1979
82.365916,67.734748,220,1885,1886,1900,1901,1965
68.098636,67.864593,234,235,236,237,244,245
67.5,67.833333,234,238,239,240,241,245,246
68.233873,67.934164,235,244,1274,1275,1285
67.764864,67.999109,238,239,253
67.5,67.966667,238,248,253,254
68.034373,68.066782,239,240,252,253,254,255
68.798495,68.09893,240,241,251,252,277,287,288,289
68.968227,68.101215,241,242,246,247,276,277,1592
68.800881,67.999684,242,243,247,1591
69.099736,67.999992,242,1591,1592,1593,1594,1599,1600
68.234044,67.966008,243,244,245,246,247,1274
68.800318,67.967061,243,1274,1275,1591,1598,1599
67.798475,68.065804,248,249,250,254,255,280
67.5,68.033333,248,256,257,258,259,280,281
67.966056,68.09996,249,250,278,279
67.966676,68.13426,249,279,280,281,283
68.566783,68.100933,250,251,252,255,278
68.56765,68.134402,251,278,279,283,288
67.732723,68.233545,256,257,295,296
67.5,68.233333,256,290,296,297,298
67.8998,68.300529,257,258,294,295
68.49894,68.366119,258,259,293,294
68.766985,68.36702,259,281,283,288,289,292,293
67.966692,69.16582,260,282,284,291,297,298
68.099116,68.899566,260,292,293,294,295,296,298
68.833566,68.467772,260,284,285,286,287,289,292
68.266608,69.533281,261,262,303,304
68.000689,69.499843,261,290,291,297,304,305
68.099971,69.265918,261,262,263,264,265,266,267,268,269,282,291
68.332987,69.533193,262,263,302,303,1311,1312
68.434667,69.400208,263,264,1311,1349,1350,1351,1355
68.433005,69.299655,264,265,1354,1355
68.499674,69.199379,265,266,1306,1307,1353,1354
68.566596,68.901114,266,267,1305,1306
68.566873,68.867762,267,268,1304,1305,1373,1374
68.501626,68.867875,268,269,1373
68.500987,68.798699,269,270,282,284,285,1373,1374,1375,1382,1383
68.799961,68.700996,270,271,285,286,1380,1381
68.800923,68.733786,270,1381,1382
69.002387,68.665446,271,272,273,274,275,276,277,286,287,1378,1379
69.000404,68.701261,271,1379,1380
69.432958,68.50103,272,273,1563,1564,1618,1619
69.199516,68.665986,272,1377,1378,1564,1565
69.366373,68.300161,273,274,1618
69.365467,68.264949,274,275,1610,1611,1618,1619,1626,1627
69.265003,68.201016,275,276,1592,1593,1610
67.5,69.666667,290,299,300,301,305
67.766371,69.734787,299,300,315,316
67.5,69.8,299,306,307,308,309,316,317
68.066823,69.600603,300,301,314,315
68.066616,69.564326,301,302,303,304,305,313,314
68.332859,69.564333,302,312,313,1312,1313
67.633845,69.865981,306,307,325,326
67.5,69.9,306,318,319,320,321,322,326
67.634657,69.834589,307,308,324,325
67.733724,69.834123,308,309,323,324,1209,1210
68.232761,69.666569,311,312,313,314,315,316,317,1294,1295,1314
68.332727,69.666348,312,1313,1314,1315,1321,1322
67.5,70.0,318,327,328,331,332
67.567364,69.935506,320,321,1207,1208,1213
67.633082,69.933216,321,322,1212,1213
67.667877,69.867087,322,323,324,325,326,1211,1212
67.733061,69.86629,323,1210,1211
67.632774,70.600752,333,334,358
67.5,70.6,333,351,358,359
67.832672,70.700436,334,345,346,357,358,359,360,361
67.734394,71.13211,335,336,347,348,350,383,384
67.732828,71.033368,335,355,356,384
67.834718,70.867323,335,346,349,350,356,357
67.566387,71.166758,336,337,338,339,340,341,342,343,344,347,381,382
67.566509,71.132436,336,382,383
67.5,71.266667,337,338,385,388,389
67.5,71.166667,337,381
67.533336,71.265069,338,339,388
67.53333,71.300195,339,340,387,388,389,390
67.565699,71.299153,340,341,387,1214
67.565924,71.266308,341,342,1214,1215,1218
67.967695,71.098986,344,347,348,1219,1220,1221,1223,1224
67.533554,70.633576,351,352,353,359,360,368
67.5,70.633333,351,362,368,369
67.733571,70.767461,352,353,367,372,373,374
67.533249,70.665904,352,368,369,370,373
67.767389,70.764806,353,360,361,367
67.5,71.0,354,355,381,382,383,384
67.5,70.966667,354,365,366
67.667123,70.965412,354,355,356,357,361,366,367,371,372
67.565755,70.733777,362,363,369,370,379
67.5,70.733333,362,375,376,377,379,380
67.70061,70.766831,363,370,373,374,378
67.567771,70.766088,363,378,379,380
67.600586,70.866282,364,365,366,371,375,376
67.598041,70.800175,364,376,377
67.701175,70.833408,364,371,372,374,377,378,380
67.5,70.866667,365,375
67.599034,71.367451,385,386,389,390,394,1216
67.5,71.366667,385,391,392,393,394
67.567683,71.333689,386,387,390,1214,1215
67.60087,71.332999,386,1215,1216,1217,1218
67.5,71.6,391,395,400,401
67.567953,71.700371,395,401,402,406
67.5,71.7,395,403,404,405,406
67.533483,71.734115,396,404,405
67.566048,71.733031,396,397,402,405,406
67.601873,73.39893,407,408,418,419
67.5,73.4,407,415,416,419
68.000162,73.301723,408,409,417,418
68.133862,73.300706,409,410,417,1242,1243
68.099322,73.30026,410,411,412,413,414,1241,1242
68.100014,73.133256,411,1240,1241
68.099589,73.601485,415,416,427
67.5,73.733333,415,420,421,422,423,424,425,426,427
68.299785,73.599535,416,417,418,419,426,427,1243,1244,1249
67.866287,74.234932,420,421,529,530,531,532,533,534,535,536,568
67.5,74.233333,420,428,429,529
68.465019,74.133586,421,422,568,569,570,578
69.100242,73.866193,422,423,528,567,577,578,582,583
68.666202,73.63284,423,424,527,528,1345
68.565756,73.632126,424,425,1344,1345,1348
68.531906,73.633884,425,426,1244,1344
67.665823,74.799541,428,429,689,690,691,692,693,731,732
67.5,74.8,428,590,591,592,593,594,595,596,597,598,599,600,601,690
67.932574,74.700604,429,430,529,530,689
68.501062,74.732607,430,431,530,531,688
67.933525,74.732448,430,688,689,730,731
68.831414,74.766929,431,432,433,434,531,532,687
68.500379,74.767274,431,687,688,730
69.466179,74.767259,432,433,686,729,740,742
68.832922,74.801337,432,687,730,731,732,740
69.80194,74.665647,433,434,685,686
69.799865,74.633159,434,435,532,533,685
70.034478,74.60031,435,436,437,438,533,534,684
70.03216,74.633255,435,684,685,686,729
70.800383,74.532476,436,437,739,744,745,746,748
70.432352,74.602395,436,684,729,742,744
71.333232,74.133272,437,438,683,738,739
71.333566,74.033541,438,439,534,535,683
71.332514,73.800362,439,440,441,442,535,536,682
71.466473,74.033346,439,682,683,728,737,738
71.867531,73.699441,440,441,681,727,728,737
71.500521,73.80032,440,682,728
72.332957,73.533533,441,442,680,681
72.333301,73.500848,442,443,536,568,569,679,680
72.801206,73.366399,443,444,445,537,538,569,570,678
72.800859,73.399121,443,678,679
73.033499,73.334942,444,445,676,677
73.033893,73.366104,444,677,678,679,680,681,727
73.298932,73.267618,445,446,447,448,537,676
73.699511,73.033047,446,447,674,675
73.399342,73.267536,446,675,676,677,726,727,736,737,738,739,748,750
73.599946,73.033791,447,448,673,674
73.633125,72.898768,448,537,538,672,673
74.965887,72.03397,449,450,539,540,670
74.967057,72.233958,449,670,671,672,673,674,675,725,726
74.800452,72.232787,449,539,671
75.399764,71.666531,450,451,540,541,669
75.134548,72.033326,450,669,670,724,725
75.366446,71.331307,451,541,542,667,668
75.43315,71.667276,451,668,669,723,724
76.300223,70.667532,452,453,543,544,545,546,547,584,586,664,665
76.300399,70.700414,452,665,666
75.734523,70.86841,452,542,586,587,589,666,667
76.900663,70.56591,453,454,455,456,457,543,663
76.899114,70.600875,453,663,664
77.700079,70.467071,454,455,662,723,724,725,726,736
77.266146,70.566964,454,663,664,665,666,667,668,723
78.134133,70.266599,455,456,661,662
78.134559,70.233379,456,457,660,661
78.599639,70.066827,457,458,543,544,659,660
79.101918,69.899198,458,459,460,461,544,545,658
79.099354,69.933398,458,658,659
79.733173,69.733268,459,460,656,657
79.266194,69.89959,459,657,658,659,660,661,662,722,735,736,741,743,747,749,750,751
79.733399,69.700133,460,461,655,656
80.199023,69.534034,461,462,545,546,655
81.000888,69.133513,462,463,464,546,547,654
80.300756,69.533008,462,654,655,656,657,721,722
81.366902,69.032918,463,464,652,653
81.1332,69.133489,463,653,654,720,721
81.366939,69.000453,464,465,466,467,547,548,571,572,579,580,581,584,652
82.233311,68.93225,465,466,651,718,719
81.565785,68.999903,465,652,653,719,720
82.699942,68.832634,466,467,650,651
84.266495,68.633847,467,468,548,650
84.367707,68.599672,468,469,548,549,571,649
84.367663,68.634692,468,649,650,651,717,718
84.699442,68.566835,469,470,549,648
84.700746,68.599447,469,648,649,716,717
85.034198,68.500481,470,549,571,572,646,647
84.900289,68.565481,470,647,648,715,716
86.067882,68.400069,471,472,644,645
85.56734,68.46621,471,645,646,647,714,715
85.267193,68.466587,471,472,572,573,579,646
86.266901,68.334331,472,473,474,475,476,550,551,552,553,554,555,556,557,558,559,573,644
87.9334,68.400554,473,474,643,712,713
87.566705,68.399338,473,644,645,713,714
88.866414,68.199417,474,475,643
89.833751,68.13118,475,476,642,643,711,712
89.832044,68.099563,476,477,478,479,480,481,550,642
90.0,67.5,477,478
90.0,68.1,477,641,642,710,711
88.866667,67.5,478,479,1466,1467,1468,1523,1524
88.366185,67.632892,479,480,1465,1466
88.367974,67.665765,480,481,1464,1465
87.766355,67.666768,481,482,483,484,485,486,550,551,1464
87.399293,67.599177,482,483,1463,1523,1524,1525,1539
87.765811,67.633688,482,1464,1465,1466,1523
86.800781,67.666865,483,484,1463
86.634157,67.667081,484,485,1462,1463,1522,1538,1539,1540,1541,1542,1545
86.165845,67.835467,485,486,1461,1462
86.167058,67.867441,486,487,551,552,1461
85.767849,67.900369,487,488,489,552,553,1460
85.765853,67.86696,487,1460,1461,1462,1522
84.898841,67.999567,488,489,1458,1459
85.331811,67.900771,488,1459,1460,1521,1522,1538
84.898757,68.033247,489,490,553,554,1458
84.399474,68.099508,490,554,555,1456,1457
84.600924,68.033237,490,1457,1458,1459,1520,1521
83.433443,68.23464,491,556,557,1454,1455
83.667339,68.16667,491,1455,1456,1457,1519,1520
83.867396,68.166321,491,555,556,1456
82.567541,68.332114,492,558,559,1452,1453
82.732284,68.268204,492,1453,1454,1455,1518,1519
82.79979,68.300289,492,557,558,1454
81.200414,68.333946,493,494,1450,1518,1519,1520,1521,1538,1545,1546,1549
81.698553,68.334224,493,1451,1452,1453,1518
81.700737,68.365922,493,494,495,496,497,498,499,500,501,502,560,1451
81.100455,68.367917,494,495,1450
80.134854,68.566183,495,496,1449,1450,1517,1549,1550,1551,1555
79.800882,68.864246,496,497,1448,1449
79.800861,68.899463,497,498,1448
79.467752,68.999205,498,499,1447,1448,1449,1516,1517
79.466959,69.033043,499,500,1446,1447
78.665288,69.300089,500,501,1445,1446
78.233705,69.466181,501,502,1444,1445
78.235241,69.499663,502,560,561,562,574,1443,1444
77.199044,69.800296,503,504,561,562,1442
77.667582,69.600102,503,1442,1443,1444,1445,1446,1447,1515,1516
77.832174,69.601818,503,561,1443
76.633447,70.033716,504,505,562,574,580,581,1440,1441
77.099021,69.798439,504,1441,1442,1515
76.066961,70.200084,505,506,575,576,581,584,586,587,1438,1439
76.06645,70.167462,505,1439,1440
75.666468,70.266585,506,563,575,1436,1437
75.66702,70.233171,506,1437,1438
74.566547,70.268841,507,508,1435,1553,1554
75.134256,70.267176,507,1436,1437,1438,1439,1440,1441,1515,1516,1517,1554,1555,1556,1557
75.133306,70.30082,507,508,509,510,511,563,1436
74.565721,70.30019,508,509,1435
73.867769,70.500966,509,510,1434,1435,1514,1548,1552,1553
73.499062,71.233414,510,511,1433,1434
73.333484,71.865031,511,563,564,565,575,576,1432,1433
72.435295,72.432933,512,513,564,565,1431
72.434564,72.266679,512,1431,1432,1433,1434,1513,1514
72.499978,72.266717,512,564,1432
71.867489,72.865588,513,514,565,576,587,588,589,1430
72.367109,72.433189,513,1430,1431,1513
71.400425,73.099785,514,515,585,588,1428,1429
71.798682,72.866522,514,1429,1430,1512,1513,1514,1537,1544,1547,1548
70.933809,73.233624,515,516,517,566,582,583,585,1427
70.934317,73.200706,515,1427,1428
70.232331,73.367122,516,517,1425,1426
70.73431,73.233024,516,1426,1427,1428,1429,1511,1512
70.232581,73.399223,517,518,519,566,1424,1425
69.833081,73.465696,518,519,1422,1423
70.067922,73.400707,518,1423,1424
69.834081,73.499161,519,566,577,582,1421,1422
69.198286,73.001514,520,521,1510,1511,1512,1536,1537
69.233784,73.233059,520,1420,1421,1422,1423,1424,1425,1426,1511
69.09893,73.300114,520,521,522,523,524,525,526,527,528,567,1420
68.899938,72.966895,521,522,1259,1260,1509,1510
68.833646,73.000617,522,523,1253,1258,1259
68.634619,73.066826,523,524,1252,1253,1254,1255,1256
68.632084,73.131535,524,525,1246,1247,1251,1252
68.567299,73.265256,525,526,1245,1246,1346
68.533177,73.566302,526,527,1345,1346,1347,1348
74.101332,72.600785,538,539,540,541,542,570,578,583,585,588,589,671,672
82.265742,68.366945,559,560,573,574,579,580,1451,1452
69.39935,73.534797,567,577,1420,1421
68.534715,76.033331,590,591,849,850
67.5,76.033333,590,752,753,754,755,756,757,758,759,760,761,850,851
68.533317,76.00001,591,592,849
68.968379,76.034922,592,593,848,849,850,851,852,853,854,855,856,857,858,872
69.333751,75.966131,593,594,848
69.433729,75.999596,594,595,847,848,871,872,873,874,879,880
69.43219,75.964797,595,596,846,847
70.10044,75.832109,596,597,846
70.234254,75.833599,597,598,845,846,847,871
70.632973,75.70099,598,599,845
71.101114,75.699644,599,600,844,845,870,871,879
71.667002,75.465124,600,601,843,844
72.133203,75.432795,601,602,603,604,690,691,843
72.533844,75.466437,602,603,842,870,879,880,883
72.133341,75.465839,602,843,844,870
72.698543,75.334721,603,604,841,842
73.23513,75.199236,604,605,691,692,841
74.332097,74.966892,605,606,692,693,840
73.632145,75.200835,605,840,841,842,883,884,885,887
74.334044,74.832296,606,693,732,733,740,742,744,745,838,839
74.433119,74.967044,606,839,840,869,882,886,887,888,889
75.100469,74.167704,607,608,837,869,878,881,882
74.832967,74.332847,607,838,839,869
74.56596,74.432316,607,608,694,695,696,733,838
75.166466,73.998642,608,609,610,694,837
75.466449,73.76632,609,610,836,868,876,877
75.300836,73.999849,609,837,877,878
75.399921,73.634255,610,611,694,695,836
75.39904,73.467499,611,612,695,696,835
75.467747,73.567032,611,835,836,868
75.433693,72.93283,612,613,696,733,734,745,746,834
75.56613,73.300714,612,834,835,867,868,875,876
76.100314,72.598225,613,697,698,699,734,832,833
75.799565,72.799208,613,833,834,866,867
77.499332,71.932796,614,615,830,831
77.099995,72.299549,614,831,832,833,865,866
77.033128,72.300202,614,615,697,832
77.500634,71.900536,615,616,617,697,698,830
78.099517,71.466076,616,617,828,829
77.633731,71.866585,616,829,830,831,864,865
78.100346,71.433105,617,618,698,699,827,828
78.465256,71.199469,618,699,700,734,746,748,750,751,825,826
78.466464,71.233249,618,826,827
79.633068,70.766173,619,620,823,824
79.200175,70.999971,619,824,825,826,827,828,829,863,864
79.132494,70.999437,619,620,700,825
79.634416,70.733274,620,621,622,700,749,751,822,823
80.20028,70.567839,621,622,820,821
79.765935,70.734123,621,821,822
80.198539,70.534596,622,623,624,701,702,703,704,747,749,819,820
81.033866,70.466706,623,624,817,818
80.634214,70.533503,623,818,819
81.034587,70.433193,624,625,626,701,816,817
81.733712,70.333238,625,626,814,815
81.466839,70.400228,625,815,816
81.733198,70.266909,626,627,628,701,702,813,814
82.134329,70.199765,627,628,811,812
82.133131,70.232504,627,812,813
82.466038,70.067542,628,629,630,702,703,810,811
83.0334,69.934181,629,630,808,809
82.600302,70.066529,629,809,810
83.032787,69.901034,630,631,632,703,704,807,808
83.665068,69.766244,631,632,805,806
83.197644,69.899931,631,806,807
83.667027,69.733245,632,633,704,743,747,804,805
83.966278,69.66799,633,634,741,743,802,803
83.966452,69.698734,633,803,804
84.467416,69.634403,634,635,735,741,800,801
84.465839,69.667202,634,801,802
85.067294,69.59976,635,705,706,707,708,709,710,711,712,713,714,715,716,717,718,719,720,721,722,735,798,799
85.065696,69.632761,635,799,800
85.632475,69.633975,636,637,795,796
85.634385,69.666883,636,796,797
85.300138,69.599659,636,637,705,797,798
86.333954,69.534394,637,638,705,706,794,795
86.668229,69.499636,638,706,707,792,793
86.666694,69.53255,638,793,794
87.833844,69.365721,639,708,709,789,790
87.833666,69.399451,639,790,791
87.668861,69.40096,639,707,708,791,792
90.0,69.1,640,641,786,787
89.16834,69.232889,640,787,788
88.49883,69.266392,640,641,709,710,788,789
67.632013,77.298824,752,753,988,989
67.5,77.3,752,890,891,892,989,990
67.934935,77.200227,753,754,987,988
68.166362,77.16623,754,755,986,987
68.900232,77.16633,755,756,986
69.933345,77.300732,756,757,985,986,987,988,989,990,991,992,993,994,995,996,997,998,999,1000,1001,1002,1003,1004,1005,1006,1007,1008,1009,1010,1011,1012,1019,1020
70.531302,77.231683,757,758,985
70.83416,77.298762,758,759,984,985,1019
70.83357,77.265196,759,760,984
72.634021,77.300135,760,761,983,984,1018,1019,1020,1021,1022
74.398753,77.201107,761,762,763,851,852,983
75.367011,77.133573,762,763,981,982
74.567014,77.26659,762,982,983,1017,1018
75.367495,77.098702,763,764,852,853,981
76.299593,76.967568,764,765,766,853,854,980
76.299654,77.065447,764,980,981,982,1016,1017
77.233314,76.833418,765,766,978,979
76.799115,76.93278,765,979,980,1015,1016
77.234142,76.800676,766,854,855,977,978
77.79981,76.632602,767,768,975,976
78.133107,76.766452,767,976,977,978,979,1014,1015
77.866658,76.732213,767,768,769,855,856,977
77.799982,76.668236,768,769,974,975
77.367227,76.667535,769,770,856,857,974
77.933066,76.299245,770,771,857,858,972,973
77.765227,76.466388,770,973,974,975,976,1013,1014
77.834301,76.000656,771,772,773,858,872,873,970,971
78.466669,76.166369,771,971,972
77.96645,75.498331,772,773,968,969
78.101036,75.666782,772,969,970
77.932295,75.333189,773,873,874,967,968
79.601612,73.966857,774,775,964,965
78.665607,74.6311,774,965,966
78.332692,74.665875,774,775,874,880,883,884,966,967
79.666005,73.632273,775,776,884,885,963,964
80.098583,73.331274,776,859,885,887,888,961,962
80.101852,73.367044,776,962,963
80.73242,72.966593,777,778,779,859,888,889,958,959
80.900467,73.132402,777,959,960
80.701233,73.133119,777,859,960,961
81.133727,73.000261,778,779,956,957
81.032685,73.000463,778,957,958
82.399444,72.165096,779,886,889,955,956
84.13418,71.63308,780,860,875,876,877,878,881,951,952
83.566738,71.868436,780,952,953
83.399752,71.866677,780,860,953,954
85.200189,71.467539,781,782,783,861,948,949
85.199349,71.499698,781,949,950
84.800031,71.500565,781,861,862,863,864,865,866,867,875,950,951
87.199974,71.266482,782,783,946,947
85.565961,71.46605,782,947,948
88.000222,71.133522,783,784,785,861,862,945,946
89.534777,70.966096,784,785,943,944
88.900467,71.098,784,944,945
89.532784,70.933103,785,786,787,788,789,790,791,792,793,794,795,796,797,798,799,800,801,802,803,804,805,806,807,808,809,810,811,812,813,814,815,816,817,818,819,820,821,822,823,824,862,863,942,943
90.0,70.9,786,941,942
82.866439,71.99988,860,881,882,886,954,955
67.932887,79.133099,890,891,1100,1101
67.5,79.2,890,1023,1024,1025,1101,1102
67.933319,79.099809,891,892,1099,1100
68.468325,79.067387,892,893,990,991,1099
68.899776,79.068597,893,894,895,991,992,1098
68.466839,79.099614,893,1098,1099,1100,1101,1102,1103,1104,1105,1106,1107,1108,1109,1110,1111,1112,1113,1114,1115,1116,1117,1118,1119,1120,1121,1143
69.299876,79.098812,894,895,1097,1141,1142
68.90147,79.09909,894,1098,1142,1143
69.300635,79.033986,895,896,897,992,993,1097
70.867355,79.066951,896,897,1095,1096
69.7336,79.066929,896,1096,1097,1140,1141
71.266714,78.967636,897,993,994,1094,1095
72.167749,79.068192,898,899,1093,1138,1139
71.432412,79.067458,898,1094,1095,1096,1139,1140
71.665709,78.999509,898,899,994,995,1094
72.334251,78.966351,899,900,901,995,996,1093
72.699731,79.034615,900,901,1092,1136,1137
72.334137,79.034282,900,1093,1137,1138
73.334046,78.965946,901,902,996,997,1092
74.532872,78.966081,902,903,904,905,997,998,1091
73.466753,79.033424,902,1091,1092,1135,1136
74.900889,79.033775,903,904,1090,1133,1134
74.533171,79.001332,903,1091,1134,1135
75.568908,78.933556,904,905,1089,1090
75.566397,78.899541,905,998,999,1088,1089
77.231632,78.934354,906,907,1000,1001,1087
76.300946,78.933565,906,1087,1088,1089,1090,1132,1133
76.301957,78.901065,906,999,1000,1088
77.666709,78.932934,907,908,909,1001,1002,1086
77.232911,78.966876,907,1086,1087,1131,1132
78.267139,79.001995,908,909,1084,1085
77.666787,78.966394,908,1085,1086,1130,1131
78.732931,79.000456,909,910,911,912,913,914,1002,1003,1084
79.500267,79.033749,910,911,1083
78.733256,79.066786,910,1083,1084,1085,1129,1130
79.966379,79.034813,911,912,1082,1083,1128,1129
79.966125,78.999959,912,913,1081,1082
80.332694,78.998722,913,914,1080,1081
80.33367,78.966423,914,915,1003,1004,1079,1080
81.533613,78.933104,915,916,917,918,919,1004,1005,1078
81.533624,78.96599,915,1078,1079
82.46604,78.998435,916,917,1077,1126,1127
82.232514,78.999431,916,1078,1079,1080,1081,1082,1127,1128
82.465309,78.966859,917,918,1077
83.165536,78.966735,918,919,1076,1077,1125,1126
83.166191,78.933198,919,920,1005,1006,1076
83.666756,78.901084,920,921,1006,1007,1074,1075
83.66529,78.933521,920,1075,1076,1124,1125
84.034201,78.865692,921,1007,1008,1072,1073
84.032273,78.899971,921,1073,1074
84.533546,78.934688,922,923,1071,1122,1123
84.235097,78.932114,922,1072,1073,1074,1075,1123,1124
84.233445,78.86792,922,923,924,925,926,927,1008,1009,1072
84.966998,78.865509,923,924,1070,1071
84.967683,78.833593,924,925,1069,1070
86.167777,78.668136,925,926,1068,1069
86.700589,78.566896,926,927,1067,1068
86.700612,78.533722,927,928,1009,1010,1066,1067
87.633155,78.401197,928,929,930,931,932,933,934,1010,1011,1065
87.299553,78.466812,928,1065,1066
87.800591,78.633693,929,930,1063,1064
87.500682,78.631709,929,1064,1065,1066,1067,1068,1069,1070,1071,1122
88.133646,78.501981,930,931,1062,1063
88.200399,78.433057,931,932,1061,1062
89.466159,78.100863,932,933,1060,1061
89.633599,77.632873,933,934,1059,1060
89.966011,77.466731,934,935,936,937,938,1011,1012,1058,1059
90.0,77.333333,935,936,2025,2026
90.0,77.466667,935,1057,1058
89.96825,77.335324,936,937,2025
89.966206,77.300197,937,938,2024,2025,2026,2029,2030
89.931888,77.299806,938,939,1012,1020,1021,2024
89.900082,77.26686,939,1021,1022,2023
89.934494,77.266413,939,2023,2024,2028,2029
89.967098,77.199242,940,941,942,943,944,945,946,947,948,949,950,951,952,953,954,955,956,957,958,959,960,961,962,963,964,965,966,967,968,969,970,971,972,973,1013,2027
89.967089,77.233148,940,2027,2028,2029,2030
89.899986,77.232523,940,1013,1014,1015,1016,1017,1018,1022,2023,2028
90.0,77.2,941,2026,2027,2030
67.868427,83.698567,1023,1024,1185,1186
67.5,83.7,1023,1144,1145,1146,1147,1186,1187
67.866528,83.665694,1024,1025,1184,1185
68.966918,83.665947,1025,1026,1102,1103,1184
70.89918,83.699252,1026,1027,1028,1029,1030,1103,1104,1183
68.966121,83.699286,1026,1183,1184,1185,1186,1187,1201
71.467098,83.733853,1027,1028,1182,1199,1200
70.899886,83.733697,1027,1183,1200,1201
71.466583,83.700372,1028,1029,1182
72.166917,83.701475,1029,1030,1181,1182,1198,1199
72.167722,83.666712,1030,1031,1104,1105,1181
72.833641,83.631328,1031,1032,1033,1034,1035,1036,1105,1106,1180
72.834604,83.668844,1031,1180,1181,1197,1198
74.101286,83.633073,1032,1033,1179
74.098424,83.665642,1032,1179,1180,1196,1197
74.599913,83.633552,1033,1034,1178,1179,1195,1196
74.599402,83.600193,1034,1035,1177,1178
75.033509,83.566967,1035,1036,1176,1177
75.032577,83.535194,1036,1106,1107,1175,1176
76.032854,83.567699,1037,1038,1174,1193,1194
75.767515,83.566652,1037,1175,1176,1177,1178,1194,1195
75.767165,83.531774,1037,1038,1039,1040,1041,1107,1108,1175
76.033343,83.533358,1038,1039,1173,1174
76.53396,83.53292,1039,1040,1172,1173
76.533927,83.499397,1040,1041,1171,1172
76.833121,83.4673,1041,1042,1043,1108,1109,1171
78.000873,83.467621,1042,1043,1169,1170
77.167542,83.533589,1042,1170,1171,1172,1173,1174,1192,1193
77.998958,83.433902,1043,1044,1109,1110,1169
78.499937,83.399533,1044,1045,1110,1111,1168
78.500558,83.434537,1044,1168,1169,1170,1191,1192
79.267161,83.366673,1045,1046,1047,1111,1112,1167
79.266314,83.39916,1045,1167,1168,1190,1191
80.366634,83.299239,1046,1047,1165,1166
79.935775,83.367371,1046,1166,1167,1189,1190
80.36537,83.267703,1047,1048,1049,1112,1113,1165
81.299927,83.167354,1048,1049,1163,1164
80.666545,83.266733,1048,1164,1165,1166,1188,1189
81.299484,83.132397,1049,1113,1114,1162,1163
81.967472,83.133436,1050,1051,1160,1161
81.767868,83.132238,1050,1161,1162,1163,1164,1188
81.766309,83.099855,1050,1051,1114,1115,1162
82.266563,83.065611,1051,1052,1053,1115,1116,1159,1160
82.733875,82.965303,1052,1053,1157,1158
82.466813,83.067113,1052,1158,1159
82.733355,82.900641,1053,1054,1116,1117,1156,1157
84.567012,82.734189,1054,1117,1118,1154,1155
84.433419,82.867425,1054,1155,1156
85.899675,82.667207,1055,1056,1119,1120,1151,1152
85.900152,82.699776,1055,1152,1153
85.499532,82.702068,1055,1118,1119,1153,1154
88.200054,82.399851,1056,1120,1121,1149,1150
87.099459,82.634731,1056,1150,1151
90.0,82.233333,1057,1148
89.499908,82.265696,1057,1058,1059,1060,1061,1062,1063,1064,1121,1122,1123,1124,1125,1126,1127,1128,1129,1130,1131,1132,1133,1134,1135,1136,1137,1138,1139,1140,1141,1142,1143,1148,1149
77.63324,89.366467,1144,1145,1205,1206
67.5,89.4,1144,1202,1206
86.500266,89.366568,1145,1146,1204,1205
86.600426,89.332922,1146,1147,1203,1204
90.0,89.333333,1147,1148,1149,1150,1151,1152,1153,1154,1155,1156,1157,1158,1159,1160,1161,1187,1188,1189,1190,1191,1192,1193,1194,1195,1196,1197,1198,1199,1200,1201,1203
90.0,90.0,1202,1203,1204,1205,1206
67.5,90.0,1202
68.333295,72.800006,1226,1227,1270,1271,1273
68.233798,72.698831,1227,1228,1229,1230,1269,1272,1273
68.366883,72.700046,1228,1268,1269
68.366688,70.800382,1231,1232,1334,1341,1342
68.600554,70.698812,1232,1233,1341
68.633808,70.700367,1233,1234,1340,1341,1342,1343
68.632044,70.599827,1234,1235,1339,1340
68.699283,70.600723,1235,1236,1237,1238,1239,1339
68.700471,70.667449,1236,1338,1339,1340,1343
68.364339,73.399399,1244,1245,1246,1247,1248,1249,1344,1347,1348
68.501537,73.399294,1245,1346,1347
68.16586,73.033747,1247,1248,1250,1251
68.666757,72.999324,1253,1254,1258
68.466476,72.932956,1254,1255,1257,1258,1259,1260,1270,1271
68.599808,72.732783,1260,1271,1272,1273,1508,1509
68.999263,72.801192,1261,1262,1506,1507
68.867445,72.864888,1261,1507,1508,1509,1510,1536
68.699766,72.734497,1261,1262,1263,1264,1265,1266,1267,1268,1269,1272,1508
69.333897,72.766287,1262,1263,1413,1505,1506
69.333079,72.735241,1263,1264,1412,1413,1414,1415,1416,1417,1419
68.934146,72.732556,1264,1265,1412
68.598504,72.600417,1265,1266,1356,1357,1412,1418,1419
69.298544,67.932936,1275,1276,1285,1291,1292,1293,1598
69.499771,68.167943,1276,1286,1292,1596,1597
69.300364,68.000547,1276,1597,1598,1599,1600
69.533142,68.233057,1277,1278,1612,1613,1625
69.499834,68.234966,1277,1613,1614
69.500172,68.20057,1277,1278,1279,1286,1595,1596,1614,1615
69.699843,68.367014,1278,1279,1624,1625,1629,1630
69.767588,68.367669,1279,1280,1286,1287,1288,1289,1290,1292,1293,1623,1624
69.501851,68.632864,1280,1622,1623
69.632938,67.867416,1282,1283,1607,1608
68.367129,69.734071,1295,1314,1315,1327,1328,1329,1330,1331,1332,1333
68.533419,69.499435,1296,1297,1323,1324,1407
68.63255,69.667943,1296,1332,1333,1399,1407,1408,1409,1411
68.533032,69.633369,1296,1315,1322,1323,1333
68.7674,69.23335,1297,1324,1325,1326,1406
68.766796,69.266299,1297,1406,1407,1410,1411
69.16637,69.267516,1298,1404,1405
69.166774,69.232813,1298,1316,1317,1325,1405,1406,1410
69.332586,69.201654,1299,1300,1316,1317,1579
68.699854,69.134841,1300,1317,1318,1319,1320,1325,1326,1578
69.333769,69.168163,1300,1578,1579,1580,1581,1582
68.866529,69.001235,1301,1302,1318,1578,1582
68.86599,68.933177,1302,1303,1304,1305,1306,1307,1308,1318,1319,1601
68.633594,68.866621,1303,1304,1374,1375,1558
68.866316,68.86767,1303,1558,1559,1601,1602,1605,1606
68.599587,69.199433,1307,1308,1352,1353
68.599652,69.232871,1308,1309,1310,1319,1320,1352
68.566591,69.301469,1309,1310,1350,1351
68.566303,69.23293,1309,1351,1352,1353,1354,1355
68.499645,69.534535,1310,1320,1321,1322,1323,1324,1326,1349,1350
68.432877,69.532611,1311,1312,1313,1321,1349
68.633271,69.899742,1328,1329,1388,1389,1571
68.633181,69.867001,1329,1330,1571,1576
68.666572,69.866707,1330,1331,1575,1576,1577
68.666347,69.733711,1331,1332,1399,1574,1575
69.066529,72.600563,1357,1358,1359,1368,1369,1418
69.232519,72.633802,1358,1359,1416,1417
69.065527,72.634482,1358,1417,1418,1419
69.667451,72.533466,1359,1369,1370,1371,1372,1415,1416,1655,1656
70.233079,72.40014,1360,1361,1654,1662,1663,1666,1672
69.933956,72.43432,1360,1655,1656,1662
69.932235,72.399391,1360,1361,1362,1363,1370,1655
70.230618,72.300863,1361,1362,1671,1672,1673,1674,1680,1681
69.801002,72.368152,1362,1363,1670,1671
69.80038,72.400156,1363,1364,1370,1371,1669,1670
68.800565,68.765652,1375,1376,1383,1558,1559,1560,1561,1567
69.000608,68.733679,1376,1377,1378,1379,1380,1381,1382,1383,1566
68.998878,68.766524,1376,1566,1567,1568,1570
69.166176,68.73179,1377,1565,1566,1569,1570
68.933785,69.867078,1387,1388,1571,1572,1573,1576,1577
68.667983,70.899539,1390,1391
68.499991,70.899389,1390
68.500801,70.867583,1390,1391,1396
68.667759,70.866958,1391,1396,1397,1398
68.901456,70.700786,1392,1393
68.900535,70.767247,1392
68.833142,70.767032,1392,1393,1394,1397
68.8013,70.767709,1393,1394
68.66617,70.833192,1394,1395,1397,1398
68.56537,70.866645,1395,1396,1398
68.566191,70.833026,1395
68.732974,69.733603,1399,1400,1401,1402,1403,1408,1574
68.731111,69.768018,1400,1573,1574,1575,1577
69.367414,72.766039,1413,1414,1504,1505,1631
69.665693,72.565546,1414,1415,1631,1632,1633,1634,1635,1656,1662,1663
86.167839,67.532537,1467,1468,2020,2021
86.166667,67.5,1467,2021,2022
85.866149,67.565903,1468,1524,1525,2019,2020
85.067518,67.534077,1469,1470,1471,1472,1526,2018
85.467434,67.533534,1469,2018,2019,2020,2021,2022
85.46731,67.565862,1469,1525,1526,1527,1539,1540,2019
85.033333,67.5,1470,1471,2007,2008,2009,2012
85.066667,67.5,1470,2018,2022
84.300771,67.73283,1471,1472,2006,2007
84.30057,67.76724,1472,1526,1527,2005,2006
82.832578,68.001436,1473,1474,1528,1541,1542,1958,1959,1960,1964
82.833629,67.967331,1473,1924,1959
83.665536,67.898984,1473,1527,1540,1541,1924,1925,2005
82.432629,68.032212,1474,1475,1528,1956,1957
82.433399,68.001159,1474,1957,1958
82.033332,68.100159,1475,1476,1477,1478,1479,1480,1481,1528,1542,1545,1546,1954,1955
82.167318,68.035189,1475,1955,1956
81.43461,68.068248,1476,1477,1920,1921,1937,1938
81.665814,68.068005,1476,1921,1954
81.432467,68.100257,1477,1478,1919,1920
81.098934,68.100876,1478,1479,1919,1948,1949,1952
81.102531,68.132702,1479,1480,1948
80.967717,68.168529,1480,1481,1947,1948,1951,1952,1953
80.966261,68.199662,1481,1482,1529,1530,1531,1532,1546,1549,1550,1946,1947
80.167706,68.233041,1482,1483,1529,1915
80.299559,68.199122,1482,1915,1916,1946
79.765149,68.298324,1483,1484,1529,1530,1913,1914
79.965914,68.23371,1483,1914,1915,1916,1933,1934
79.200131,68.733611,1484,1530,1531,1907,1908
79.600133,68.2997,1484,1908,1909,1912,1913
78.50155,68.966435,1485,1486,1862,1863,1864,1865
78.6999,68.866169,1485,1827,1828,1835,1836,1837,1841,1863
78.7994,68.867053,1485,1486,1531,1532,1827,1907
78.299348,69.166109,1486,1487,1488,1532,1543,1550,1551,1861,1862
77.898178,69.268082,1487,1488,1824,1825
78.167723,69.165996,1487,1825,1840,1842,1843,1861
77.89945,69.299133,1488,1489,1490,1533,1534,1543,1824
76.83276,69.534652,1489,1490,1822,1823
77.233526,69.36638,1489,1823,1824,1825,1839,1840
76.833856,69.565929,1490,1491,1533,1822
76.101852,69.899235,1491,1492,1533,1534,1770,1771,1818
76.697616,69.56675,1491,1818,1819,1822,1823,1834,1838,1839
75.601162,70.100724,1492,1534,1543,1551,1555,1556,1806,1807,1808,1809,1810,1814
75.999017,69.934113,1492,1770,1807
74.133264,70.167917,1493,1494,1804,1805
74.46642,70.165159,1493,1805,1806,1813,1814
74.599532,70.200496,1493,1494,1556,1557,1806
74.066676,70.166288,1494,1495,1496,1497,1498,1499,1535,1552,1553,1554,1557,1804
73.669321,70.065169,1495,1496,1765,1766,1803
74.065863,70.133614,1495,1803,1804,1805,1812,1813
73.499758,70.100658,1496,1497,1639,1765
73.298148,70.299655,1497,1498,1639,1640,1641,1642,1657
72.967445,70.86625,1498,1499,1638,1657,1658,1659,1660,1664
72.966198,70.899272,1499,1500,1501,1535,1638
72.133453,71.800751,1500,1501,1636,1637
72.566755,71.133851,1500,1637,1638,1664,1665,1667
72.132524,71.833691,1501,1502,1535,1547,1548,1552,1636
71.065084,72.501386,1502,1544,1547,1634,1635
71.267554,72.200845,1502,1635,1636,1637,1663,1666,1667,1668
69.967249,72.765022,1503,1504,1631,1632
69.967046,72.734724,1503,1632,1633
70.500294,72.800669,1503,1504,1505,1506,1507,1536,1537,1544,1633,1634
68.99968,68.866673,1559,1560,1604,1605
69.533942,68.465503,1562,1563,1619,1627,1628
69.534088,68.533451,1562,1620,1628,1629,1630
69.433893,68.666988,1562,1563,1564,1565,1569,1620
69.233279,68.133183,1593,1594,1610,1611,1616,1617
69.365434,68.133668,1594,1595,1596,1597,1600,1616
69.366251,68.166517,1595,1615,1616,1617
69.465752,68.26809,1611,1612,1613,1614,1615,1617,1626
69.53413,68.333735,1612,1625,1626,1627,1628,1630
73.233599,70.099532,1639,1640,1764,1765,1766,1786,1787
73.235403,70.134822,1640,1641,1764
73.000007,70.200348,1641,1642,1764,1781,1785,1786
73.000739,70.699907,1642,1643,1657,1658,1763,1780,1781
72.733512,70.766447,1643,1644,1645,1658,1659,1761,1762
72.833922,70.7,1643,1762,1763
72.39919,70.93307,1644,1645,1748,1749
72.731599,70.732975,1644,1749,1750,1761
72.400502,70.967114,1645,1646,1647,1659,1660,1747,1748
71.933307,71.365622,1646,1647,1717,1718,1719,1720,1723
72.067338,71.068042,1646,1717,1747
71.932318,71.465714,1647,1648,1660,1661,1664,1665,1716,1722,1723
71.331812,72.000483,1648,1649,1650,1661,1692
71.333386,71.93355,1648,1692,1693,1715,1716
71.232867,72.069333,1649,1650,1709,1710,1711,1713
71.265521,71.999504,1649,1691,1692,1693,1694,1695,1696,1700,1710
71.232493,72.100565,1650,1651,1661,1665,1667,1668,1709
71.033672,72.166289,1651,1652,1653,1654,1666,1668,1707,1708
71.034114,72.132856,1651,1708,1709,1712,1713
70.700326,72.166942,1652,1653,1688,1689,1698,1699
70.798897,72.166328,1652,1689,1707
70.699676,72.199149,1653,1654,1672,1673,1687,1688
70.367704,72.265878,1673,1674,1687
70.367148,72.233363,1674,1681,1682,1687,1688,1697,1698
70.732373,72.065661,1675,1676,1695,1696,1701,1702
70.734275,72.100747,1675,1696,1697,1698,1699,1700
70.667074,72.100506,1675,1676,1677,1678,1682,1697
70.267842,72.165125,1677,1678,1683,1684
70.79941,72.131953,1689,1690,1691,1699,1700,1707,1708,1712
71.166665,72.067102,1690,1691,1710,1711
70.966357,72.131904,1690,1711,1712,1713
71.133464,71.966771,1693,1694,1714,1715
71.06754,71.965243,1694,1695,1702,1703,1714
71.066104,71.899973,1703,1704,1714,1715,1716,1721,1722
71.967394,71.002384,1717,1718,1732,1733,1747,1748,1749,1750,1751,1755,1756
72.834563,70.567276,1725,1755,1756,1759
72.800408,70.567127,1725,1726,1727,1728,1729,1733,1755
71.632413,71.099852,1728,1729,1737,1738
71.633603,71.1323,1729,1730,1731,1732,1733,1736,1737
71.534009,71.132122,1730,1735,1736
71.698553,70.43265,1741,1742
71.667552,70.434117,1741
71.666833,70.366844,1741,1742,1743,1744,1745,1746
71.931967,70.600138,1742,1743
71.934928,70.499447,1743,1744
72.000315,70.500325,1744,1745
71.998675,70.466594,1745,1746
71.799734,70.300248,1746
72.732761,70.699229,1750,1751,1761,1762,1763,1779,1780
72.933704,70.59928,1751,1752,1756,1759,1760,1779
72.932436,70.133172,1752,1753,1757,1758,1760,1778,1785,1786,1787,1790
72.966537,70.599582,1752,1779,1780,1781,1785
73.665893,70.033286,1766,1787,1790,1791,1803,1811,1812
74.76677,70.099972,1767,1768,1809,1810
74.200693,70.099672,1767,1810,1811,1812,1813,1814
73.966236,70.033266,1767,1768,1769,1788,1789,1791,1811
74.766322,70.06705,1768,1769,1808,1809
75.466579,70.067007,1769,1770,1771,1772,1782,1783,1784,1788,1807,1808
76.099047,69.832202,1771,1772,1818,1819,1820
75.999788,69.733702,1772,1773,1782,1815,1816,1820
74.364463,69.998714,1774,1775,1795,1796,1797,1801,1802
74.367056,70.034736,1775,1783,1784,1794,1795
73.664735,69.933127,1776,1777,1792,1799,1800
73.900386,69.93186,1776,1793,1794,1795,1800,1801
73.899655,69.966369,1776,1777,1778,1789,1790,1791,1793
74.199556,70.033383,1784,1788,1789,1793,1794
76.100253,69.600044,1816,1817,1819,1820,1821,1833,1834
78.432956,68.866303,1826,1841,1844,1863,1864
78.432984,68.901487,1826,1864,1865
78.267631,68.901675,1826,1843,1844,1845,1861,1862,1865
78.966794,68.733318,1827,1828,1906,1907,1908,1909,1910
78.833005,68.664966,1828,1829,1835,1866,1867,1869,1905,1906
76.83411,69.43468,1831,1832,1838,1839,1840,1842,1846,1847,1848,1849,1852
76.700392,69.431598,1832,1851,1852,1853
78.533067,68.798873,1836,1837,1855
78.232843,68.866089,1837,1841,1844,1845,1854,1855,1856,1857,1858,1859,1860
78.69895,68.534196,1867,1868,1869,1870
78.800442,68.433145,1867,1870,1871,1905
78.899699,68.367323,1871,1872,1905,1906,1910,1911
79.03198,68.266068,1872,1873,1911,1912,1913,1914,1933
79.599241,68.199721,1873,1874,1932,1933,1934,1935,1936,1937,1938,1939,1945
80.333266,68.067121,1874,1875,1931,1932
80.333702,68.032494,1875,1876,1877,1893,1902,1903,1931
81.434089,67.933738,1876,1877,1930,1943,1944
80.832966,68.0336,1876,1931,1932,1944,1945
81.43369,67.899209,1877,1903,1904,1929,1930
83.734419,67.700581,1878,1879,1880,1894,1895,1926,1927,1999
83.534284,67.800676,1878,1927,1928,1929,1930,1942,1943
82.765977,67.800106,1878,1894,1928
83.700454,67.59938,1879,1880,1972,1973,1997,1998
83.732853,67.600162,1879,1998,1999,2000,2001,2002,2003,2004
83.500047,67.699548,1880,1881,1882,1895,1896,1971,1972
83.234984,67.666991,1881,1882,1984,1985
83.334253,67.665983,1881,1971,1985,1986,1987,1988,1989,1990
83.233067,67.700127,1882,1896,1897,1983,1984
82.832542,67.702006,1883,1884,1898,1899,1982
83.132115,67.667008,1883,1982,1983,1984,1985,1990
83.134055,67.699683,1883,1897,1898,1983
82.400676,67.733252,1884,1899,1900,1965,1966
82.832842,67.666142,1884,1966,1967,1982,1989,1990
82.199455,67.833828,1894,1895,1896,1897,1898,1899,1900,1901,1904,1928,1929
79.234031,68.300749,1909,1910,1911,1912
80.300465,68.167918,1916,1917,1934,1935,1946,1947,1951
80.76759,68.133618,1917,1918,1935,1936,1950
80.76692,68.166077,1917,1950,1951,1953
80.999528,68.099577,1918,1919,1920,1936,1937,1949
81.000157,68.13399,1918,1949,1950,1952,1953
81.667192,67.999442,1921,1922,1938,1939,1954,1955,1956,1957,1958,1963,1964
81.966461,67.932934,1922,1939,1940,1941,1942,1943,1944,1945,1961,1962
81.965729,67.966357,1922,1962,1963
82.501047,67.932499,1923,1924,1925,1940,1941,1959,1960
82.266295,67.999326,1923,1960,1961,1962,1963,1964
82.200559,67.933926,1923,1940,1961
83.833931,67.799113,1925,1926,1927,1941,1942,2005,2006,2007,2011,2012
83.766251,67.699759,1926,1999,2000,2010,2011
82.966558,67.665947,1967,1968,1988,1989
82.965019,67.632589,1968,1969,1987,1988
83.199781,67.632605,1969,1970,1986,1987
83.199256,67.600022,1970,1971,1972,1973,1979,1980,1986
83.666245,67.59938,1973,1974,1975,1976,1980,1981,1997
83.632156,67.533521,1974,1975,1993,1994,1995,1996
83.667756,67.534282,1974,1994,1997,1998,2004
83.633947,67.567386,1975,1976,1992,1993
83.567171,67.566416,1976,1977,1981,1992
83.432441,67.532605,1977,1978,1979,1980,1981,1991
83.56635,67.533571,1977,1991,1992,1993,1996
83.433333,67.5,1978,1991,1995,1996
83.666667,67.5,1994,1995,2003,2004
83.90138,67.532807,2000,2001,2010,2013,2014
83.798965,67.534222,2001,2002,2013
83.8,67.5,2002,2003,2013,2014,2015
84.033152,67.5319,2008,2009,2016,2017
84.033333,67.5,2008,2017
83.966664,67.534397,2009,2010,2011,2012,2014,2015,2016
83.966667,67.5,2015,2016,2017