0,1,2,1,1,1,46320
3,2,4,1,0,1
5,4,6,1,0,1
7,6,8,1,0,1
9,8,10,1,0,1
11,10,12,1,0,1
13,12,14,1,0,1
15,14,16,1,0,1
17,18,19,1,1,1
20,21,22,1,1,1
23,22,24,1,0,1
25,24,26,1,0,1
27,26,28,1,0,1
29,30,31,1,1,1
32,33,34,1,1,1
35,34,36,1,0,1
37,36,38,1,0,1
39,38,40,1,0,1
41,42,43,1,1,1
44,45,46,1,1,1
47,46,48,1,0,1
49,48,50,1,0,1
51,52,53,1,1,1
54,55,56,1,1,1
57,58,59,1,1,1
60,59,61,1,0,1
62,61,63,1,0,1
64,65,66,1,1,1
67,68,69,1,1,1
70,71,72,1,1,1
73,72,74,1,0,1
75,74,76,1,0,1
77,78,79,1,1,1
80,81,82,1,1,1
83,84,85,1,1,1
86,85,87,1,0,1
88,89,90,1,1,1
91,92,93,1,1,1
94,95,96,1,1,1
97,96,98,1,0,1
99,100,101,1,1,1
102,101,103,1,0,1
104,103,105,1,0,1
106,107,108,1,1,1
109,108,110,1,0,1
111,110,112,1,0,1
113,112,114,1,0,1
115,114,116,1,0,1
117,116,118,1,0,1
119,118,120,1,0,1
121,122,123,1,1,1
124,123,125,1,0,1
126,125,127,1,0,1
128,129,130,1,1,1
131,132,133,1,1,1
134,133,135,1,0,1
136,137,138,1,1,1
139,138,140,1,0,1
141,140,142,1,0,1
143,144,145,1,1,1
146,145,147,1,0,1
148,149,150,1,1,1
151,150,152,1,0,1
153,152,154,1,0,1
155,156,157,1,1,1
158,157,159,1,0,1
160,161,162,1,1,1
163,164,165,1,1,1
166,167,168,1,1,1
169,168,170,1,0,1
171,172,173,1,1,1
174,173,175,1,0,1
176,175,177,1,0,1
178,179,180,1,1,1
181,182,183,1,1,1
184,185,186,1,1,1
187,186,188,1,0,1
189,188,190,1,0,1
191,192,193,1,1,1
194,195,196,1,1,1
197,196,198,1,0,1
199,200,201,1,1,1
202,201,203,1,0,1
204,205,206,1,1,1
207,206,208,1,0,1
209,208,210,1,0,1
211,210,212,1,0,1
213,214,215,1,1,1
216,215,217,1,0,1
218,217,219,1,0,1
220,221,222,1,1,1
223,224,225,1,1,1
226,225,227,1,0,1
228,227,229,1,0,1
230,231,232,1,1,1
233,232,234,1,0,1
235,236,237,1,1,1
16,238,239,0,1,1
40,31,240,0,0,1
50,43,241,0,0,1
63,56,242,0,0,1
243,242,244,1,0,1
66,244,245,0,0,1
76,69,246,0,0,1
79,247,248,0,1,1
82,248,249,0,0,1
87,249,250,0,0,1
98,93,251,0,0,1
130,127,252,0,0,1
135,252,253,0,0,1
142,253,254,0,0,1
255,254,256,1,0,1
147,257,258,0,1,1
154,259,260,0,1,1
159,260,261,0,0,1
165,162,262,0,0,1
170,262,263,0,0,1
177,264,265,0,1,1
180,265,266,0,0,1
183,266,267,0,0,1
190,267,268,0,0,1
193,268,269,0,0,1
198,269,270,0,0,1
271,270,272,1,0,1
203,272,273,0,0,1
274,273,275,1,0,1
212,275,276,0,0,1
219,276,277,0,0,1
222,277,278,0,0,1
229,279,280,0,1,1
281,280,282,1,0,1
234,283,284,0,1,1
285,284,286,1,0,1
239,237,287,0,0,1
241,240,288,0,0,1
289,288,290,1,0,1
291,290,292,1,0,1
53,292,293,0,0,1
294,293,295,1,0,1
245,295,296,0,0,1
246,296,297,0,0,1
250,297,298,0,0,1
90,298,299,0,0,1
251,299,300,0,0,1
105,300,301,0,0,1
258,256,302,0,0,1
261,302,303,0,0,1
263,303,304,0,0,1
278,305,306,0,1,1
282,307,308,0,1,1
286,308,309,0,0,1
287,309,310,0,0,1
301,28,311,0,0,1
304,120,312,0,0,1
306,312,313,0,0,1
310,313,314,0,0,1
311,315,316,0,1,1
314,317,318,0,1,1
19,318,319,0,0,1
320,319,316,1,0,0
321,322,323,1,1,1,1267
324,325,326,1,1,1
327,326,328,1,0,1
329,328,330,1,0,1
331,332,333,1,1,1
334,335,336,1,1,1
337,336,338,1,0,1
339,338,340,1,0,1
20,340,341,0,0,1
21,341,342,0,0,1
315,342,343,0,0,1
320,343,344,0,0,1
17,344,345,0,0,1
346,347,348,1,1,1
349,348,350,1,0,1
351,350,352,1,0,1
353,352,354,1,0,1
355,354,356,1,0,1
357,358,359,1,1,1
3,360,361,0,1,1
323,0,362,0,0,1
330,362,363,0,0,1
356,364,365,0,1,1
363,361,366,0,0,1
365,345,367,0,0,1
366,359,368,0,0,1
333,368,367,0,0,0
369,370,371,1,1,1,50416
372,373,374,1,1,1
375,374,376,1,0,1
377,376,378,1,0,1
379,378,380,1,0,1
381,382,383,1,1,1
384,385,386,1,1,1
184,386,387,0,0,1
185,387,388,0,0,1
181,388,389,0,0,1
178,182,390,0,0,1
176,179,391,0,0,1
171,174,392,0,0,1
264,172,393,0,0,1
305,393,394,0,0,1
169,394,395,0,0,1
166,395,396,0,0,1
167,396,397,0,0,1
163,397,398,0,0,1
164,398,399,0,0,1
160,399,400,0,0,1
161,400,401,0,0,1
158,401,402,0,0,1
155,402,403,0,0,1
153,156,404,0,0,1
405,148,406,1,0,1
407,406,408,1,0,1
409,408,410,1,0,1
411,410,412,1,0,1
413,412,414,1,0,1
415,414,416,1,0,1
417,418,419,1,1,1
420,419,421,1,0,1
422,423,424,1,1,1
425,424,426,1,0,1
371,426,427,0,0,1
380,427,428,0,0,1
429,428,430,1,0,1
383,430,431,0,0,1
389,431,432,0,0,1
390,432,433,0,0,1
403,392,434,0,0,1
404,434,435,0,0,1
416,151,436,0,0,1
421,436,437,0,0,1
433,437,438,0,0,1
391,438,435,0,0,0
439,440,441,1,1,1,46320
442,443,444,1,1,1
373,444,445,0,0,1
369,445,441,0,0,0
446,447,448,1,1,1,9460
449,448,450,1,0,1
451,450,452,1,0,1
453,452,454,1,0,1
455,456,457,1,1,1
458,459,460,1,1,1
443,461,462,0,1,1
439,462,463,0,0,1
454,463,464,0,0,1
457,464,460,0,0,0
465,466,467,1,1,1,9461
468,469,470,1,1,1
471,470,472,1,0,1
473,474,475,1,1,1
451,475,476,0,0,1
446,449,477,0,0,1
467,477,478,0,0,1
472,478,476,0,0,0
479,480,481,1,1,1,1269
482,481,483,1,0,1
484,483,485,1,0,1
486,485,487,1,0,1
488,489,490,1,1,1
491,492,493,1,1,1
494,493,495,1,0,1
496,495,497,1,0,1
498,497,499,1,0,1
500,499,501,1,0,1
502,501,503,1,0,1
504,503,505,1,0,1
506,505,507,1,0,1
508,507,509,1,0,1
510,511,512,1,1,1
513,514,515,1,1,1
516,517,518,1,1,1
519,518,520,1,0,1
521,520,522,1,0,1
523,522,524,1,0,1
525,524,526,1,0,1
453,526,527,0,0,1
471,474,528,0,0,1
468,528,529,0,0,1
465,469,530,0,0,1
487,530,531,0,0,1
509,532,533,0,1,1
531,529,534,0,0,1
533,490,535,0,0,1
512,535,536,0,0,1
515,536,537,0,0,1
527,537,538,0,0,1
534,473,539,0,0,1
540,539,538,1,0,0
541,542,543,1,1,1,1270
532,492,544,0,0,1
540,489,545,0,0,1
486,545,546,0,0,1
484,546,547,0,0,1
482,547,548,0,0,1
479,548,549,0,0,1
544,543,550,0,0,1
488,550,549,0,0,0
551,552,553,1,1,1,9461
554,553,555,1,0,1
556,555,557,1,0,1
558,559,560,1,1,1
494,560,561,0,0,1
491,561,562,0,0,1
541,562,557,0,0,0
563,564,565,1,1,1,9460
566,565,567,1,0,1
568,567,569,1,0,1
570,569,571,1,0,1
223,226,572,0,0,1
573,572,574,1,0,1
575,576,577,1,1,1
559,577,578,0,0,1
556,578,579,0,0,1
554,579,580,0,0,1
551,580,581,0,0,1
571,581,574,0,0,0
582,583,584,1,1,1,1268
231,584,585,0,0,1
586,585,587,1,0,1
588,587,589,1,0,1
590,589,591,1,0,1
592,593,594,1,1,1
568,594,595,0,0,1
566,595,596,0,0,1
563,596,591,0,0,0
238,597,598,0,1,1,1267
235,598,599,0,0,1
285,236,600,0,0,1
233,600,601,0,0,1
582,230,602,0,0,1
599,602,601,0,0,0
603,604,605,1,1,1,9460
606,605,607,1,0,1
608,609,610,1,1,1
611,612,613,1,1,1
614,615,616,1,1,1
617,616,618,1,0,1
619,618,620,1,0,1
621,620,622,1,0,1
623,622,624,1,0,1
625,624,626,1,0,1
334,626,627,0,0,1
628,627,629,1,0,1
607,321,630,0,0,1
631,630,632,1,0,1
629,613,633,0,0,1
634,633,635,1,0,1
632,325,636,0,0,1
610,636,635,0,0,0
637,638,639,1,1,1,9461
640,641,642,1,1,1
643,642,644,1,0,1
645,646,647,1,1,1
648,647,649,1,0,1
609,649,650,0,0,1
631,650,651,0,0,1
603,606,652,0,0,1
639,652,653,0,0,1
644,653,654,0,0,1
655,654,651,1,0,0
656,657,658,1,1,1,9462
659,660,661,1,1,1
662,663,664,1,1,1
665,666,667,1,1,1
646,667,668,0,0,1
643,655,669,0,0,1
637,641,670,0,0,1
658,670,671,0,0,1
661,671,672,0,0,1
668,664,673,0,0,1
669,673,674,0,0,1
672,640,675,0,0,1
676,675,674,1,0,0
666,677,678,0,1,1,1270
662,678,679,0,0,1
663,679,680,0,0,1
659,676,681,0,0,1
656,660,682,0,0,1
680,682,681,0,0,0
615,683,684,0,1,1,1269
611,684,685,0,0,1
612,685,686,0,0,1
608,686,648,0,0,0
687,688,689,1,1,1,1269
690,691,692,1,1,1
621,693,694,0,1,1
617,619,695,0,0,1
689,695,696,0,0,1
692,696,694,0,0,0
697,698,699,1,1,1,9461
23,699,700,0,0,1
339,700,701,0,0,1
702,701,687,1,0,0
703,704,705,1,1,1,1267
706,707,708,1,1,1
29,708,709,0,0,1
27,30,710,0,0,1
25,710,711,0,0,1
697,711,712,0,0,1
705,712,713,0,0,1
714,713,709,1,0,0
33,715,716,0,1,1,1268
706,716,717,0,0,1
707,717,718,0,0,1
714,718,703,0,0,0
719,720,721,1,1,1,9460
722,721,723,1,0,1
724,723,725,1,0,1
726,725,727,1,0,1
728,729,730,1,1,1
39,730,731,0,0,1
37,731,732,0,0,1
35,732,727,0,0,0
733,734,735,1,1,1,1269
736,735,737,1,0,1
724,738,739,0,1,1
722,739,740,0,0,1
719,740,737,0,0,0
741,742,743,1,1,1,1270
744,743,745,1,0,1
746,745,747,1,0,1
748,747,749,1,0,1
750,749,751,1,0,1
752,751,753,1,0,1
754,753,755,1,0,1
736,755,733,0,0,0
756,757,758,1,1,1,1271
759,758,760,1,0,1
761,762,763,1,1,1
764,765,766,1,1,1
767,768,769,1,1,1
770,769,771,1,0,1
772,771,773,1,0,1
774,775,776,1,1,1
777,778,779,1,1,1
780,779,781,1,0,1
782,781,783,1,0,1
784,785,786,1,1,1
787,788,789,1,1,1
790,789,791,1,0,1
792,791,793,1,0,1
794,795,796,1,1,1
797,798,799,1,1,1
800,799,801,1,0,1
802,803,804,1,1,1
805,804,806,1,0,1
807,806,808,1,0,1
809,810,811,1,1,1
812,813,814,1,1,1
815,816,817,1,1,1
818,819,820,1,1,1
821,822,823,1,1,1
824,825,826,1,1,1
827,826,828,1,0,1
829,828,830,1,0,1
831,830,832,1,0,1
833,834,835,1,1,1
836,837,838,1,1,1
839,838,840,1,0,1
841,840,842,1,0,1
843,844,845,1,1,1
846,847,848,1,1,1
849,848,850,1,0,1
851,852,853,1,1,1
854,853,855,1,0,1
856,855,857,1,0,1
858,859,860,1,1,1
861,862,863,1,1,1
864,865,866,1,1,1
867,868,869,1,1,1
870,869,871,1,0,1
872,873,874,1,1,1
875,874,876,1,0,1
877,876,878,1,0,1
879,878,880,1,0,1
881,882,883,1,1,1
884,883,885,1,0,1
886,885,887,1,0,1
888,887,889,1,0,1
890,889,891,1,0,1
892,893,894,1,1,1
895,894,896,1,0,1
897,896,898,1,0,1
899,898,900,1,0,1
901,900,902,1,0,1
903,904,905,1,1,1
906,907,908,1,1,1
909,908,910,1,0,1
911,912,913,1,1,1
914,915,916,1,1,1
917,918,919,1,1,1
920,921,922,1,1,1
923,922,924,1,0,1
925,924,926,1,0,1
927,926,928,1,0,1
929,928,930,1,0,1
931,930,932,1,0,1
933,932,934,1,0,1
935,934,936,1,0,1
937,936,938,1,0,1
939,938,940,1,0,1
941,942,943,1,1,1
944,945,946,1,1,1
947,948,949,1,1,1
950,951,952,1,1,1
953,954,955,1,1,1
956,955,957,1,0,1
958,957,959,1,0,1
960,959,961,1,0,1
962,961,963,1,0,1
964,965,966,1,1,1
967,968,969,1,1,1
970,971,972,1,1,1
973,974,975,1,1,1
976,977,978,1,1,1
979,978,980,1,0,1
981,982,983,1,1,1
984,983,985,1,0,1
986,987,988,1,1,1
989,988,990,1,0,1
991,990,992,1,0,1
993,992,994,1,0,1
995,994,996,1,0,1
997,996,998,1,0,1
999,998,1000,1,0,1
1001,1000,1002,1,0,1
748,1002,1003,0,0,1
760,741,1004,0,0,1
763,1004,1005,0,0,1
766,1005,1006,0,0,1
773,1006,1007,0,0,1
776,1007,1008,0,0,1
783,1008,1009,0,0,1
786,1009,1010,0,0,1
793,1010,1011,0,0,1
808,801,1012,0,0,1
1013,1012,1014,1,0,1
811,1015,1016,0,1,1
814,1016,1017,0,0,1
817,1017,1018,0,0,1
1019,1018,1020,1,0,1
832,823,1021,0,0,1
835,1021,1022,0,0,1
842,1022,1023,0,0,1
845,1023,1024,0,0,1
850,1024,1025,0,0,1
860,857,1026,0,0,1
866,863,1027,0,0,1
891,880,1028,0,0,1
902,1028,1029,0,0,1
905,1029,1030,0,0,1
910,1030,1031,0,0,1
913,1031,1032,0,0,1
1033,1032,1034,1,0,1
916,1034,1035,0,0,1
1036,1035,1037,1,0,1
919,1037,1038,0,0,1
1039,1038,1040,1,0,1
940,1041,1042,0,1,1
943,1043,1044,0,1,1
946,1044,1045,0,0,1
963,1046,1047,0,1,1
966,1048,1049,0,1,1
969,1049,1050,0,0,1
985,980,1051,0,0,1
1003,1052,1053,0,1,1
1011,744,1054,0,0,1
796,1054,1055,0,0,1
1014,1055,1056,0,0,1
1027,1026,1057,0,0,1
1058,1057,1059,1,0,1
1040,871,1060,0,0,1
1045,1042,1061,0,0,1
1047,952,1062,0,0,1
1050,1062,1063,0,0,1
1053,1064,1065,0,1,1
1056,746,1066,0,0,1
1060,1059,1067,0,0,1
1061,1067,1068,0,0,1
949,1068,1069,0,0,1
1065,1051,1070,0,0,1
1066,1070,1071,0,0,1
1069,1025,1072,0,0,1
1071,975,1073,0,0,1
1072,820,1074,0,0,1
1063,1074,1075,0,0,1
1073,972,1076,0,0,1
1020,1076,1075,0,0,0
1077,1078,1079,1,1,1,1272
1080,1079,1081,1,0,1
1082,1081,1083,1,0,1
1084,1083,1085,1,0,1
1086,1085,1087,1,0,1
1088,1087,1089,1,0,1
1090,1089,1091,1,0,1
1092,1091,1093,1,0,1
1094,1093,1095,1,0,1
1096,1095,1097,1,0,1
1098,1097,1099,1,0,1
1100,1099,1101,1,0,1
1102,1103,1104,1,1,1
1105,1104,1106,1,0,1
1107,1106,1108,1,0,1
1109,1110,1111,1,1,1
1112,1113,1114,1,1,1
1115,1116,1117,1,1,1
1118,1117,1119,1,0,1
1120,1121,1122,1,1,1
1123,1122,1124,1,0,1
1125,1126,1127,1,1,1
1128,1129,1130,1,1,1
1131,1132,1133,1,1,1
1134,1135,1136,1,1,1
1137,1136,1138,1,0,1
1139,1140,1141,1,1,1
1142,1141,1143,1,0,1
1144,1145,1146,1,1,1
1147,1148,1149,1,1,1
1150,1149,1151,1,0,1
1152,1153,1154,1,1,1
1155,1154,1156,1,0,1
1157,1158,1159,1,1,1
1160,1159,1161,1,0,1
1162,1163,1164,1,1,1
1165,1164,1166,1,0,1
1167,1168,1169,1,1,1
1170,1169,1171,1,0,1
1172,1173,1174,1,1,1
1175,1174,1176,1,0,1
1177,1178,1179,1,1,1
1180,1179,1181,1,0,1
1182,1183,1184,1,1,1
1185,1186,1187,1,1,1
1188,1189,1190,1,1,1
1191,1192,1193,1,1,1
1194,1193,1195,1,0,1
1196,1197,1198,1,1,1
1199,1200,1201,1,1,1
1202,1203,1204,1,1,1
1205,1204,1206,1,0,1
879,882,1207,0,0,1
875,877,1208,0,0,1
870,873,1209,0,0,1
867,1209,1210,0,0,1
1058,868,1211,0,0,1
864,1211,1212,0,0,1
861,865,1213,0,0,1
858,862,1214,0,0,1
856,859,1215,0,0,1
854,1215,1216,0,0,1
849,852,1217,0,0,1
846,1217,1218,0,0,1
843,847,1219,0,0,1
841,844,1220,0,0,1
839,1220,1221,0,0,1
836,1221,1222,0,0,1
833,837,1223,0,0,1
834,1223,1224,0,0,1
831,1224,1225,0,0,1
829,1225,1226,0,0,1
827,1226,1227,0,0,1
821,825,1228,0,0,1
822,1228,1229,0,0,1
818,1229,1230,0,0,1
819,1230,1231,0,0,1
1019,1231,1232,0,0,1
815,1232,1233,0,0,1
812,816,1234,0,0,1
809,813,1235,0,0,1
1015,810,1236,0,0,1
1013,1236,1237,0,0,1
807,1237,1238,0,0,1
805,1238,1239,0,0,1
802,1239,1240,0,0,1
800,803,1241,0,0,1
797,1241,1242,0,0,1
794,798,1243,0,0,1
795,1243,1244,0,0,1
792,1244,1245,0,0,1
790,1245,1246,0,0,1
784,788,1247,0,0,1
782,785,1248,0,0,1
774,778,1249,0,0,1
772,775,1250,0,0,1
770,1250,1251,0,0,1
764,768,1252,0,0,1
761,765,1253,0,0,1
759,762,1254,0,0,1
1101,756,1255,0,0,1
1108,1255,1256,0,0,1
1111,1256,1257,0,0,1
1114,1257,1258,0,0,1
1124,1119,1259,0,0,1
1127,1259,1260,0,0,1
1130,1260,1261,0,0,1
1138,1262,1263,0,1,1
1143,1263,1264,0,0,1
1146,1264,1265,0,0,1
1151,1266,1267,0,1,1
1166,1161,1268,0,0,1
1171,1268,1269,0,0,1
1176,1269,1270,0,0,1
1181,1270,1271,0,0,1
1195,1272,1273,0,1,1
1198,1273,1274,0,0,1
1275,1274,1276,1,0,1
1201,1276,1277,0,0,1
1278,1277,1279,1,0,1
1206,1279,1280,0,0,1
1207,1280,1281,0,0,1
1208,1281,1282,0,0,1
872,1282,1283,0,0,1
1210,1283,1284,0,0,1
1212,1284,1285,0,0,1
1213,1285,1286,0,0,1
1214,1286,1287,0,0,1
1216,1287,1288,0,0,1
851,1288,1289,0,0,1
1218,1289,1290,0,0,1
1219,1290,1291,0,0,1
1222,1291,1292,0,0,1
1233,824,1293,0,0,1
1234,1293,1294,0,0,1
1235,1294,1295,0,0,1
1240,1295,1296,0,0,1
1246,1242,1297,0,0,1
1247,787,1298,0,0,1
1251,1249,1299,0,0,1
1253,1252,1300,0,0,1
1254,1300,1301,0,0,1
1258,1301,1302,0,0,1
1261,1303,1304,0,1,1
1265,1133,1305,0,0,1
1292,1190,1306,0,0,1
1296,1227,1307,0,0,1
1298,1297,1308,0,0,1
1248,1308,1309,0,0,1
780,1309,1310,0,0,1
1302,767,1311,0,0,1
1306,1187,1312,0,0,1
1311,1299,1313,0,0,1
1312,1184,1314,0,0,1
1313,777,1315,0,0,1
1304,1315,1316,0,0,1
1305,1316,1317,0,0,1
1314,1271,1318,0,0,1
1317,1310,1319,0,0,1
1318,1156,1320,0,0,1
1319,1307,1321,0,0,1
1267,1321,1320,0,0,0
1322,1323,1324,1,1,1,1273
1325,1324,1326,1,0,1
1327,1326,1328,1,0,1
1329,1328,1330,1,0,1
1331,1330,1332,1,0,1
1333,1332,1334,1,0,1
1335,1334,1336,1,0,1
1337,1336,1338,1,0,1
1339,1338,1340,1,0,1
1341,1340,1342,1,0,1
1343,1344,1345,1,1,1
1346,1345,1347,1,0,1
1348,1349,1350,1,1,1
1351,1352,1353,1,1,1
1354,1353,1355,1,0,1
1356,1357,1358,1,1,1
1359,1358,1360,1,0,1
1361,1360,1362,1,0,1
1363,1364,1365,1,1,1
1366,1367,1368,1,1,1
1369,1370,1371,1,1,1
1372,1371,1373,1,0,1
1374,1375,1376,1,1,1
1377,1376,1378,1,0,1
1379,1380,1381,1,1,1
1382,1383,1384,1,1,1
1385,1386,1387,1,1,1
1388,1387,1389,1,0,1
1390,1391,1392,1,1,1
1393,1394,1395,1,1,1
1396,1397,1398,1,1,1
1399,1398,1400,1,0,1
1401,1402,1403,1,1,1
1404,1403,1405,1,0,1
1406,1407,1408,1,1,1
1202,1408,1409,0,0,1
1203,1409,1410,0,0,1
1278,1410,1411,0,0,1
1199,1411,1412,0,0,1
1200,1412,1413,0,0,1
1275,1413,1414,0,0,1
1196,1414,1415,0,0,1
1197,1415,1416,0,0,1
1194,1416,1417,0,0,1
1191,1417,1418,0,0,1
1192,1418,1419,0,0,1
1272,1419,1420,0,0,1
1188,1420,1421,0,0,1
1189,1421,1422,0,0,1
1185,1422,1423,0,0,1
1186,1423,1424,0,0,1
1182,1424,1425,0,0,1
1183,1425,1426,0,0,1
1180,1426,1427,0,0,1
1177,1427,1428,0,0,1
1178,1428,1429,0,0,1
1175,1429,1430,0,0,1
1172,1430,1431,0,0,1
1173,1431,1432,0,0,1
1170,1432,1433,0,0,1
1167,1433,1434,0,0,1
1168,1434,1435,0,0,1
1165,1435,1436,0,0,1
1162,1436,1437,0,0,1
1163,1437,1438,0,0,1
1160,1438,1439,0,0,1
1157,1439,1440,0,0,1
1158,1440,1441,0,0,1
1155,1441,1442,0,0,1
1152,1442,1443,0,0,1
1153,1443,1444,0,0,1
1150,1444,1445,0,0,1
1147,1445,1446,0,0,1
1266,1148,1447,0,0,1
1144,1447,1448,0,0,1
1145,1448,1449,0,0,1
1142,1449,1450,0,0,1
1139,1450,1451,0,0,1
1137,1140,1452,0,0,1
1134,1452,1453,0,0,1
1262,1135,1454,0,0,1
1131,1454,1455,0,0,1
1128,1132,1456,0,0,1
1125,1129,1457,0,0,1
1123,1126,1458,0,0,1
1118,1121,1459,0,0,1
1303,1116,1460,0,0,1
1112,1460,1461,0,0,1
1109,1113,1462,0,0,1
1107,1110,1463,0,0,1
1105,1463,1464,0,0,1
1100,1103,1465,0,0,1
1098,1465,1466,0,0,1
1094,1096,1467,0,0,1
1090,1092,1468,0,0,1
1088,1468,1469,0,0,1
1084,1086,1470,0,0,1
1080,1082,1471,0,0,1
1077,1471,1472,0,0,1
1342,1472,1473,0,0,1
1347,1473,1474,0,0,1
1350,1474,1475,0,0,1
1355,1475,1476,0,0,1
1477,1476,1478,1,0,1
1362,1478,1479,0,0,1
1365,1479,1480,0,0,1
1368,1480,1481,0,0,1
1384,1482,1483,0,1,1
1392,1484,1485,0,1,1
1400,1395,1486,0,0,1
1405,1486,1487,0,0,1
1446,1487,1488,0,0,1
1451,1488,1489,0,0,1
1453,1489,1490,0,0,1
1455,1490,1491,0,0,1
1456,1491,1492,0,0,1
1458,1457,1493,0,0,1
1461,1115,1494,0,0,1
1466,1102,1495,0,0,1
1469,1467,1496,0,0,1
1481,1470,1497,0,0,1
1373,1497,1498,0,0,1
1499,1498,1500,1,0,1
1492,1501,1502,0,1,1
1493,1502,1503,0,0,1
1120,1503,1504,0,0,1
1459,1504,1505,0,0,1
1496,1495,1506,0,0,1
1500,1506,1507,0,0,1
1505,1485,1508,0,0,1
1494,1508,1509,0,0,1
1507,1464,1510,0,0,1
1378,1510,1511,0,0,1
1381,1511,1512,0,0,1
1509,1513,1514,0,1,1
1512,1462,1515,0,0,1
1483,1515,1516,0,0,1
1389,1516,1514,0,0,0
1517,1518,1519,1,1,1,1274
1520,1519,1521,1,0,1
1522,1521,1523,1,0,1
1524,1525,1526,1,1,1
1527,1528,1529,1,1,1
1530,1529,1531,1,0,1
1532,1533,1534,1,1,1
1535,1534,1536,1,0,1
1537,1538,1539,1,1,1
1540,1539,1541,1,0,1
1542,1543,1544,1,1,1
1545,1544,1546,1,0,1
1547,1548,1549,1,1,1
1550,1551,1552,1,1,1
1553,1552,1554,1,0,1
1555,1554,1556,1,0,1
1557,1558,1559,1,1,1
1560,1561,1562,1,1,1
1563,1564,1565,1,1,1
1566,1565,1567,1,0,1
1568,1569,1570,1,1,1
1571,1570,1572,1,0,1
1573,1572,1574,1,0,1
1575,1574,1576,1,0,1
1577,1576,1578,1,0,1
1579,1580,1581,1,1,1
1582,1583,1584,1,1,1
1585,1584,1586,1,0,1
1587,1586,1588,1,0,1
1589,1588,1590,1,0,1
1591,1592,1593,1,1,1
1594,1595,1596,1,1,1
1597,1598,1599,1,1,1
1600,1599,1601,1,0,1
1602,1601,1603,1,0,1
1604,1603,1605,1,0,1
1606,1605,1607,1,0,1
1608,1607,1609,1,0,1
1610,1611,1612,1,1,1
1613,1614,1615,1,1,1
1616,1615,1617,1,0,1
1618,1617,1619,1,0,1
1620,1619,1621,1,0,1
1622,1621,1623,1,0,1
1624,1623,1625,1,0,1
1626,1627,1628,1,1,1
1629,1628,1630,1,0,1
1631,1630,1632,1,0,1
1633,1632,1634,1,0,1
1635,1636,1637,1,1,1
1638,1639,1640,1,1,1
1641,1642,1643,1,1,1
1407,1643,1644,0,0,1
1404,1644,1645,0,0,1
1401,1645,1646,0,0,1
1402,1646,1647,0,0,1
1399,1647,1648,0,0,1
1396,1648,1649,0,0,1
1397,1649,1650,0,0,1
1393,1650,1651,0,0,1
1394,1651,1652,0,0,1
1501,1652,1653,0,0,1
1390,1653,1654,0,0,1
1391,1654,1655,0,0,1
1484,1655,1656,0,0,1
1513,1656,1657,0,0,1
1388,1657,1658,0,0,1
1385,1658,1659,0,0,1
1386,1659,1660,0,0,1
1382,1660,1661,0,0,1
1383,1661,1662,0,0,1
1482,1662,1663,0,0,1
1379,1663,1664,0,0,1
1380,1664,1665,0,0,1
1377,1665,1666,0,0,1
1374,1666,1667,0,0,1
1375,1667,1668,0,0,1
1499,1668,1669,0,0,1
1372,1669,1670,0,0,1
1369,1670,1671,0,0,1
1370,1671,1672,0,0,1
1366,1672,1673,0,0,1
1367,1673,1674,0,0,1
1363,1674,1675,0,0,1
1361,1364,1676,0,0,1
1359,1676,1677,0,0,1
1356,1677,1678,0,0,1
1477,1357,1679,0,0,1
1354,1679,1680,0,0,1
1351,1680,1681,0,0,1
1348,1352,1682,0,0,1
1346,1349,1683,0,0,1
1343,1683,1684,0,0,1
1341,1344,1685,0,0,1
1337,1339,1686,0,0,1
1333,1335,1687,0,0,1
1329,1331,1688,0,0,1
1327,1688,1689,0,0,1
1325,1689,1690,0,0,1
1322,1690,1691,0,0,1
1523,1691,1692,0,0,1
1526,1692,1693,0,0,1
1531,1693,1694,0,0,1
1536,1694,1695,0,0,1
1696,1695,1697,1,0,1
1541,1697,1698,0,0,1
1546,1698,1699,0,0,1
1549,1699,1700,0,0,1
1556,1700,1701,0,0,1
1702,1701,1703,1,0,1
1559,1703,1704,0,0,1
1562,1704,1705,0,0,1
1567,1705,1706,0,0,1
1578,1706,1707,0,0,1
1581,1707,1708,0,0,1
1590,1708,1709,0,0,1
1593,1709,1710,0,0,1
1596,1710,1711,0,0,1
1712,1711,1713,1,0,1
1609,1713,1714,0,0,1
1612,1714,1715,0,0,1
1625,1715,1716,0,0,1
1634,1716,1717,0,0,1
1675,1640,1718,0,0,1
1678,1718,1719,0,0,1
1681,1719,1720,0,0,1
1682,1720,1721,0,0,1
1684,1721,1722,0,0,1
1685,1722,1723,0,0,1
1687,1686,1724,0,0,1
1717,1724,1725,0,0,1
1637,1725,1726,0,0,1
1727,1726,1723,1,0,0
1728,1729,1730,1,1,1,1275
1731,1730,1732,1,0,1
1733,1732,1734,1,0,1
1735,1736,1737,1,1,1
1738,1739,1740,1,1,1
1741,1740,1742,1,0,1
1743,1742,1744,1,0,1
1745,1744,1746,1,0,1
1747,1748,1749,1,1,1
1750,1751,1752,1,1,1
1753,1752,1754,1,0,1
1755,1754,1756,1,0,1
1757,1756,1758,1,0,1
1759,1758,1760,1,0,1
1761,1762,1763,1,1,1
1764,1763,1765,1,0,1
1766,1765,1767,1,0,1
1768,1767,1769,1,0,1
1770,1769,1771,1,0,1
1772,1773,1774,1,1,1
1775,1774,1776,1,0,1
1777,1778,1779,1,1,1
1780,1781,1782,1,1,1
1783,1784,1785,1,1,1
1786,1785,1787,1,0,1
1788,1789,1790,1,1,1
1791,1790,1792,1,0,1
1793,1794,1795,1,1,1
1796,1795,1797,1,0,1
1798,1799,1800,1,1,1
1801,1800,1802,1,0,1
1803,1804,1805,1,1,1
1806,1807,1808,1,1,1
1809,1810,1811,1,1,1
1812,1813,1814,1,1,1
1627,1814,1815,0,0,1
1624,1815,1816,0,0,1
1622,1816,1817,0,0,1
1620,1817,1818,0,0,1
1618,1818,1819,0,0,1
1616,1819,1820,0,0,1
1613,1820,1821,0,0,1
1610,1614,1822,0,0,1
1611,1822,1823,0,0,1
1608,1823,1824,0,0,1
1606,1824,1825,0,0,1
1604,1825,1826,0,0,1
1602,1826,1827,0,0,1
1600,1827,1828,0,0,1
1712,1598,1829,0,0,1
1594,1829,1830,0,0,1
1595,1830,1831,0,0,1
1591,1831,1832,0,0,1
1589,1592,1833,0,0,1
1585,1587,1834,0,0,1
1579,1583,1835,0,0,1
1580,1835,1836,0,0,1
1577,1836,1837,0,0,1
1575,1837,1838,0,0,1
1573,1838,1839,0,0,1
1568,1571,1840,0,0,1
1566,1569,1841,0,0,1
1563,1841,1842,0,0,1
1560,1564,1843,0,0,1
1557,1561,1844,0,0,1
1702,1558,1845,0,0,1
1555,1845,1846,0,0,1
1553,1846,1847,0,0,1
1547,1551,1848,0,0,1
1545,1548,1849,0,0,1
1540,1543,1850,0,0,1
1696,1538,1851,0,0,1
1535,1851,1852,0,0,1
1532,1852,1853,0,0,1
1530,1533,1854,0,0,1
1524,1528,1855,0,0,1
1522,1525,1856,0,0,1
1520,1856,1857,0,0,1
1517,1857,1858,0,0,1
1734,1858,1859,0,0,1
1737,1859,1860,0,0,1
1746,1860,1861,0,0,1
1749,1861,1862,0,0,1
1760,1862,1863,0,0,1
1864,1863,1865,1,0,1
1771,1865,1866,0,0,1
1776,1866,1867,0,0,1
1779,1867,1868,0,0,1
1782,1868,1869,0,0,1
1787,1869,1870,0,0,1
1792,1870,1871,0,0,1
1872,1871,1873,1,0,1
1797,1873,1874,0,0,1
1802,1874,1875,0,0,1
1805,1875,1876,0,0,1
1877,1876,1878,1,0,1
1808,1878,1879,0,0,1
1811,1879,1880,0,0,1
1881,1880,1882,1,0,1
1828,1821,1883,0,0,1
1597,1883,1884,0,0,1
1832,1884,1885,0,0,1
1833,1885,1886,0,0,1
1834,1886,1887,0,0,1
1582,1887,1888,0,0,1
1839,1888,1889,0,0,1
1840,1889,1890,0,0,1
1842,1890,1891,0,0,1
1843,1891,1892,0,0,1
1844,1892,1893,0,0,1
1847,1893,1894,0,0,1
1550,1894,1895,0,0,1
1848,1895,1896,0,0,1
1849,1896,1897,0,0,1
1542,1897,1898,0,0,1
1850,1898,1899,0,0,1
1537,1899,1900,0,0,1
1853,1900,1901,0,0,1
1854,1901,1902,0,0,1
1527,1902,1903,0,0,1
1855,1903,1882,0,0,0
1904,1905,1906,1,1,1,1274
1907,1906,1908,1,0,1
1909,1908,1910,1,0,1
1911,1910,1912,1,0,1
1813,1913,1914,0,1,1
1881,1914,1915,0,0,1
1809,1915,1916,0,0,1
1810,1916,1917,0,0,1
1806,1917,1918,0,0,1
1807,1918,1919,0,0,1
1877,1919,1920,0,0,1
1803,1920,1921,0,0,1
1804,1921,1922,0,0,1
1801,1922,1923,0,0,1
1798,1923,1924,0,0,1
1799,1924,1925,0,0,1
1796,1925,1926,0,0,1
1793,1926,1927,0,0,1
1872,1794,1928,0,0,1
1791,1928,1929,0,0,1
1788,1929,1930,0,0,1
1786,1789,1931,0,0,1
1783,1931,1932,0,0,1
1780,1784,1933,0,0,1
1777,1781,1934,0,0,1
1775,1778,1935,0,0,1
1772,1935,1936,0,0,1
1770,1773,1937,0,0,1
1768,1937,1938,0,0,1
1766,1938,1939,0,0,1
1764,1939,1940,0,0,1
1864,1762,1941,0,0,1
1759,1941,1942,0,0,1
1757,1942,1943,0,0,1
1755,1943,1944,0,0,1
1750,1753,1945,0,0,1
1747,1751,1946,0,0,1
1745,1748,1947,0,0,1
1741,1743,1948,0,0,1
1735,1739,1949,0,0,1
1733,1736,1950,0,0,1
1731,1950,1951,0,0,1
1728,1951,1952,0,0,1
1912,1952,1953,0,0,1
1930,1927,1954,0,0,1
1932,1954,1955,0,0,1
1933,1955,1956,0,0,1
1934,1956,1957,0,0,1
1936,1957,1958,0,0,1
1940,1958,1959,0,0,1
1761,1959,1960,0,0,1
1944,1960,1961,0,0,1
1945,1961,1962,0,0,1
1946,1962,1963,0,0,1
1947,1963,1964,0,0,1
1948,1964,1965,0,0,1
1738,1965,1966,0,0,1
1949,1966,1953,0,0,0
1967,1968,1969,1,1,1,1273
1911,1970,1971,0,1,1
1909,1971,1972,0,0,1
1907,1972,1973,0,0,1
1904,1973,1969,0,0,0
283,586,1974,0,0,1,1267
281,1974,1975,0,0,1
570,228,1976,0,0,1
592,1976,1977,0,0,1
593,1977,1978,0,0,1
590,1978,1979,0,0,1
588,1979,1975,0,0,0
693,623,1980,0,0,1,1268
690,1980,1981,0,0,1
702,691,1982,0,0,1
337,1982,1983,0,0,1
625,1983,1981,0,0,0
335,628,1984,0,0,1,1268
331,1984,1985,0,0,1
332,1985,1986,0,0,1
327,329,1987,0,0,1
634,324,1988,0,0,1
1986,1988,1987,0,0,0
49,289,1989,0,0,1,9461
1990,47,1991,1,0,1
1992,1991,1993,1,0,1
1994,1995,1996,1,1,1
291,1996,1997,0,0,1
1989,1997,1993,0,0,0
1998,360,1999,1,0,1,1265
2000,1999,2001,1,0,1
2002,2001,2003,1,0,1
2004,2003,2005,1,0,1
2006,2005,2007,1,0,1
2008,2009,2010,1,1,1
2011,2010,2012,1,0,1
7,2012,2013,0,0,1
5,2013,2007,0,0,0
728,42,2014,0,0,1,9462
729,2014,2015,0,0,1
726,2015,2016,0,0,1
738,2016,2017,0,0,1
2018,754,2019,1,0,1
2020,2021,2022,1,1,1
997,2022,2023,0,0,1
2024,2023,2025,1,0,1
2026,2025,2027,1,0,1
2017,2027,2019,0,0,0
2026,41,2028,0,0,1,9463
2024,2028,2029,0,0,1
995,2029,2030,0,0,1
2031,993,2032,1,0,1
2033,2032,2034,1,0,1
2035,2034,2036,1,0,1
45,2036,2030,0,0,0
2035,44,2037,0,0,1,9462
2031,2033,2038,0,0,1
991,2038,2039,0,0,1
2040,2039,2041,1,0,1
2042,2043,2044,1,1,1
2045,2044,2046,1,0,1
2047,2046,2048,1,0,1
2049,2048,2050,1,0,1
2051,2050,2052,1,0,1
2053,2052,2054,1,0,1
52,2054,2055,0,0,1
1994,2055,2056,0,0,1
1995,2056,2057,0,0,1
2037,1990,2058,0,0,1
2041,2058,2059,0,0,1
2057,2060,2061,0,1,1
1992,2061,2059,0,0,0
458,461,2062,0,0,1,1267
2063,2062,2064,1,0,1
2065,2066,2067,1,1,1
2068,2069,2070,1,1,1
2071,2070,2072,1,0,1
2073,2072,2074,1,0,1
2075,2076,2077,1,1,1
384,187,2078,0,0,1
2079,382,2080,1,0,1
2081,2080,2082,1,0,1
372,375,2083,0,0,1
2064,442,2084,0,0,1
2074,2085,2086,0,1,1
2078,2077,2087,0,0,1
385,2087,2088,0,0,1
381,2088,2089,0,0,1
2082,2089,2090,0,0,1
2084,2083,2091,0,0,1
2086,2067,2092,0,0,1
2090,2092,2091,0,0,0
224,573,2093,0,0,1,1268
2094,2093,2095,1,0,1
2096,2097,2098,1,1,1
2099,2100,2101,1,1,1
2102,2103,2104,1,1,1
2105,205,2106,1,0,1
2107,2108,2109,1,1,1
199,2110,2111,0,1,1
2112,2111,2113,1,0,1
2114,2115,2116,1,1,1
2117,2116,2118,1,0,1
504,2118,2119,0,0,1
502,2119,2120,0,0,1
2121,2120,2122,1,0,1
2123,2122,2124,1,0,1
2125,2126,2127,1,1,1
2128,2127,2129,1,0,1
496,2130,2131,0,1,1
558,2131,2132,0,0,1
575,2132,2133,0,0,1
2095,576,2134,0,0,1
2135,2134,2136,1,0,1
2106,2104,2137,0,0,1
2109,2137,2138,0,0,1
2113,2139,2140,0,1,1
2124,2140,2141,0,0,1
2129,2141,2142,0,0,1
2133,2143,2144,0,1,1
2136,2144,2145,0,0,1
2098,2145,2146,0,0,1
2101,2146,2147,0,0,1
2138,2148,2149,0,1,1
2142,2149,2147,0,0,0
279,2094,2150,0,0,1,9460
2151,2150,2152,1,0,1
2153,2152,2154,1,0,1
2155,2154,2156,1,0,1
2157,2156,2158,1,0,1
2159,2158,2160,1,0,1
2097,2160,2135,0,0,0
357,1998,2161,0,0,1,1266
355,358,2162,0,0,1
353,2162,2163,0,0,1
351,2163,2164,0,0,1
2008,2164,2165,0,0,1
2006,2009,2166,0,0,1
2004,2166,2167,0,0,1
2000,2002,2168,0,0,1
2161,2168,2169,0,0,1
2165,2169,2167,0,0,0
752,2018,2170,0,0,1,9463
1001,750,2171,0,0,1
2020,999,2172,0,0,1
2021,2172,2173,0,0,1
2170,2173,2171,0,0,0
2143,2130,2174,0,0,1,9460
2128,2174,2175,0,0,1
2125,2175,2176,0,0,1
2123,2126,2177,0,0,1
2121,2177,2178,0,0,1
500,2178,2179,0,0,1
498,2179,2176,0,0,0
2053,51,2180,0,0,1,9460
2181,2180,2182,1,0,1
2183,2184,2185,1,1,1
2186,2185,2187,1,0,1
2188,2189,2190,1,1,1
2191,2190,2192,1,0,1
2193,2192,2194,1,0,1
2195,2194,2196,1,0,1
60,2197,2198,0,1,1
54,58,2199,0,0,1
55,2199,2200,0,0,1
294,2200,2201,0,0,1
2182,2201,2202,0,0,1
2187,2202,2203,0,0,1
2196,2204,2205,0,1,1
2198,2205,2206,0,0,1
57,2206,2203,0,0,0
506,508,2207,0,0,1,9461
2117,2207,2208,0,0,1
2209,2208,2210,1,0,1
2211,2212,2213,1,1,1
2214,2215,2216,1,1,1
517,2216,2217,0,0,1
513,2217,2218,0,0,1
514,2218,2219,0,0,1
510,2219,2220,0,0,1
511,2220,2221,0,0,1
2210,2221,2213,0,0,0
220,307,2222,0,0,1,1267
221,2222,2223,0,0,1
216,218,2224,0,0,1
2225,2224,2226,1,0,1
2227,2226,2228,1,0,1
2151,2228,2223,0,0,0
2229,2230,2231,1,1,1,1268
2232,2231,2233,1,0,1
2234,2235,2236,1,1,1
2237,2236,2238,1,0,1
2239,2238,2240,1,0,1
2241,2242,2243,1,1,1
2233,2244,2245,0,1,1
2240,2246,2247,0,1,1
2243,2247,2245,0,0,0
2248,2159,2249,1,0,1,1267
2250,2251,2252,1,1,1
214,2252,2253,0,0,1
211,2253,2254,0,0,1
209,2254,2255,0,0,1
2102,204,2256,0,0,1
2103,2256,2257,0,0,1
2099,2148,2258,0,0,1
2096,2100,2259,0,0,1
2255,2249,2260,0,0,1
207,2260,2261,0,0,1
2258,2257,2262,0,0,1
2259,2262,2261,0,0,0
2049,2051,2263,0,0,1,9461
2264,2047,2265,1,0,1
2266,2265,2267,1,0,1
2268,2267,2269,1,0,1
2186,2269,2270,0,0,1
2183,2270,2271,0,0,1
2181,2184,2272,0,0,1
2263,2272,2271,0,0,0
1052,987,2273,0,0,1,1270
1064,2273,2274,0,0,1
984,2274,2275,0,0,1
981,2275,2276,0,0,1
982,2276,2277,0,0,1
979,2277,2278,0,0,1
976,2278,2279,0,0,1
973,977,2280,0,0,1
974,2280,2281,0,0,1
970,2281,2282,0,0,1
967,971,2283,0,0,1
964,968,2284,0,0,1
1048,965,2285,0,0,1
962,2285,2286,0,0,1
960,2286,2287,0,0,1
956,958,2288,0,0,1
1046,954,2289,0,0,1
950,2289,2290,0,0,1
951,2290,2291,0,0,1
947,2291,2292,0,0,1
948,2292,2293,0,0,1
944,2293,2294,0,0,1
941,945,2295,0,0,1
1043,942,2296,0,0,1
939,2296,2297,0,0,1
937,2297,2298,0,0,1
935,2298,2299,0,0,1
933,2299,2300,0,0,1
929,931,2301,0,0,1
927,2301,2302,0,0,1
923,925,2303,0,0,1
1041,921,2304,0,0,1
1039,2304,2305,0,0,1
917,2305,2306,0,0,1
1036,918,2307,0,0,1
914,2307,2308,0,0,1
1033,915,2309,0,0,1
911,2309,2310,0,0,1
909,912,2311,0,0,1
906,2311,2312,0,0,1
903,907,2313,0,0,1
901,904,2314,0,0,1
899,2314,2315,0,0,1
895,897,2316,0,0,1
890,893,2317,0,0,1
888,2317,2318,0,0,1
886,2318,2319,0,0,1
2320,2321,2322,1,1,1
2323,2322,2324,1,0,1
2325,2326,2327,1,1,1
2328,2329,2330,1,1,1
2331,2330,2332,1,0,1
2333,2332,2334,1,0,1
2335,2336,2337,1,1,1
2338,2339,2340,1,1,1
2341,2342,2343,1,1,1
2344,2345,2346,1,1,1
2347,2346,2348,1,0,1
2349,2348,2350,1,0,1
2351,2350,2352,1,0,1
2353,2352,2354,1,0,1
2355,2354,2356,1,0,1
2357,2358,2359,1,1,1
2360,2361,2362,1,1,1
2363,2364,2365,1,1,1
2366,2367,2368,1,1,1
2369,2368,2370,1,0,1
2371,2372,2373,1,1,1
2374,2373,2375,1,0,1
2376,2377,2378,1,1,1
2379,2378,2380,1,0,1
2381,2382,2383,1,1,1
2384,2385,2386,1,1,1
2387,2388,2389,1,1,1
2390,2389,2391,1,0,1
2392,2393,2394,1,1,1
2395,2394,2396,1,0,1
2397,2396,2398,1,0,1
2399,2398,2400,1,0,1
2401,2400,2402,1,0,1
2403,2404,2405,1,1,1
2406,2405,2407,1,0,1
2408,2409,2410,1,1,1
2411,2412,2413,1,1,1
2414,2413,2415,1,0,1
2264,2415,2416,0,0,1
2045,2416,2417,0,0,1
2042,2417,2418,0,0,1
2060,2043,2419,0,0,1
2040,2419,2420,0,0,1
989,2420,2421,0,0,1
2279,986,2422,0,0,1
2282,2422,2423,0,0,1
2284,2283,2424,0,0,1
2287,2424,2425,0,0,1
2295,2294,2426,0,0,1
2300,2426,2427,0,0,1
2302,2427,2428,0,0,1
2306,920,2429,0,0,1
2308,2429,2430,0,0,1
2310,2430,2431,0,0,1
2312,2431,2432,0,0,1
2315,2313,2433,0,0,1
2319,892,2434,0,0,1
2324,2434,2435,0,0,1
2436,2435,2437,1,0,1
2334,2327,2438,0,0,1
2439,2438,2440,1,0,1
2343,2340,2441,0,0,1
2362,2359,2442,0,0,1
2365,2442,2443,0,0,1
2444,2443,2445,1,0,1
2370,2445,2446,0,0,1
2383,2380,2447,0,0,1
2386,2447,2448,0,0,1
2407,2402,2449,0,0,1
2421,2418,2450,0,0,1
2423,2450,2451,0,0,1
2433,2432,2452,0,0,1
2437,2316,2453,0,0,1
2440,2453,2454,0,0,1
2337,2454,2455,0,0,1
2441,2455,2456,0,0,1
2448,2375,2457,0,0,1
2451,2458,2459,0,1,1
2456,2452,2460,0,0,1
2356,2460,2461,0,0,1
2459,2410,2462,0,0,1
2425,2462,2463,0,0,1
2461,2303,2464,0,0,1
2446,2464,2465,0,0,1
2457,2465,2466,0,0,1
2463,2449,2467,0,0,1
2288,2467,2468,0,0,1
953,2468,2469,0,0,1
2466,2428,2470,0,0,1
2471,2470,2472,1,0,1
2391,2472,2469,0,0,0
2114,2209,2473,0,0,1,9460
2474,2473,2475,1,0,1
2476,2475,2477,1,0,1
195,2477,2478,0,0,1
2479,2480,2481,1,1,1
2482,2481,2483,1,0,1
516,2483,2484,0,0,1
2214,2484,2485,0,0,1
2211,2215,2486,0,0,1
2478,2212,2487,0,0,1
191,2487,2488,0,0,1
2485,2489,2490,0,1,1
2486,2490,2488,0,0,0
2227,2153,2491,0,0,1,1268
213,2225,2492,0,0,1
2250,2492,2493,0,0,1
2248,2251,2494,0,0,1
2157,2494,2495,0,0,1
2491,2155,2496,0,0,1
2493,2496,2495,0,0,0
2107,2139,2497,0,0,1,1267
2105,2108,2498,0,0,1
274,2498,2499,0,0,1
202,2499,2500,0,0,1
2110,2500,2497,0,0,0
2011,9,2501,0,0,1,1266
349,2501,2502,0,0,1
364,347,2503,0,0,1
18,2503,2504,0,0,1
15,2504,2505,0,0,1
13,2505,2506,0,0,1
2502,11,2507,0,0,1
346,2507,2506,0,0,0
455,459,2508,0,0,1,1268
525,456,2509,0,0,1
2510,2509,2511,1,0,1
2512,2511,2513,1,0,1
2514,2515,2516,1,1,1
2085,2516,2517,0,0,1
2065,2517,2518,0,0,1
2063,2066,2519,0,0,1
2508,2519,2520,0,0,1
2513,2520,2518,0,0,0
2112,2115,2521,0,0,1,1267
200,2521,2522,0,0,1
197,271,2523,0,0,1
2476,194,2524,0,0,1
2474,2524,2525,0,0,1
2522,2525,2523,0,0,0
2081,377,2526,0,0,1,50419
2079,2526,2527,0,0,1
429,2527,379,0,0,0
523,2510,2528,0,0,1,9460
2529,2528,2530,1,0,1
2531,2532,2533,1,1,1
2068,2533,2534,0,0,1
2069,2534,2535,0,0,1
2514,2535,2536,0,0,1
2512,2515,2537,0,0,1
2530,2537,2536,0,0,0
519,521,2538,0,0,1,1268
2482,2538,2539,0,0,1
2489,2480,2540,0,0,1
189,192,2541,0,0,1
2075,2541,2542,0,0,1
2076,2542,2543,0,0,1
2073,2543,2544,0,0,1
2531,2071,2545,0,0,1
2529,2532,2546,0,0,1
2539,2546,2547,0,0,1
2479,2547,2548,0,0,1
2544,2540,2549,0,0,1
2545,2549,2548,0,0,0
2414,2266,2550,0,0,1,1269
2411,2550,2551,0,0,1
2412,2551,2552,0,0,1
2458,2552,2553,0,0,1
2408,2553,2554,0,0,1
2406,2409,2555,0,0,1
2403,2555,2556,0,0,1
2401,2404,2557,0,0,1
2558,2397,2559,1,0,1
2560,2559,2561,1,0,1
2562,2561,2563,1,0,1
2564,2563,2565,1,0,1
2566,2567,2568,1,1,1
2569,2570,2571,1,1,1
2572,2571,2573,1,0,1
2574,2575,2576,1,1,1
2577,2576,2578,1,0,1
2579,2580,2581,1,1,1
2582,2583,2584,1,1,1
2585,2584,2586,1,0,1
2587,2588,2589,1,1,1
2590,2591,2592,1,1,1
2593,2592,2594,1,0,1
2595,2594,2596,1,0,1
2204,2189,2597,0,0,1
2268,2597,2598,0,0,1
2565,2399,2599,0,0,1
2568,2599,2600,0,0,1
2573,2600,2601,0,0,1
2578,2601,2602,0,0,1
2586,2581,2603,0,0,1
2598,2188,2604,0,0,1
2554,2604,2605,0,0,1
2602,2557,2606,0,0,1
2603,2606,2607,0,0,1
2605,2596,2608,0,0,1
2607,2556,2609,0,0,1
2589,2609,2608,0,0,0
2197,62,2610,0,0,1,1268
2195,2610,2611,0,0,1
2193,2611,2612,0,0,1
2595,2191,2613,0,0,1
2614,2613,2615,1,0,1
2616,2615,2617,1,0,1
2618,2619,2620,1,1,1
2621,2620,2622,1,0,1
2623,2622,2624,1,0,1
2625,2624,2626,1,0,1
243,65,2627,0,0,1
2612,2627,2628,0,0,1
2617,2628,2629,0,0,1
2630,2629,2626,1,0,0
2625,64,2631,0,0,1,1267
2623,2631,2632,0,0,1
67,71,2633,0,0,1
68,2633,2632,0,0,0
2614,2616,2634,0,0,1,9460
2593,2634,2635,0,0,1
2636,2590,2637,1,0,1
2638,2639,2640,1,1,1
2641,2640,2642,1,0,1
2579,2583,2643,0,0,1
2644,2643,2645,1,0,1
2646,2645,2647,1,0,1
2648,2647,2649,1,0,1
2618,2649,2650,0,0,1
2630,2619,2651,0,0,1
2635,2651,2652,0,0,1
2637,2652,2653,0,0,1
2642,2653,2650,0,0,0
2621,70,2654,0,0,1,1267
2648,2654,2655,0,0,1
2656,2655,2657,1,0,1
2658,2657,2659,1,0,1
75,247,2660,0,0,1
73,2660,2659,0,0,0
2591,2636,2661,0,0,1,9461
2587,2661,2662,0,0,1
2585,2588,2663,0,0,1
2641,2582,2664,0,0,1
2638,2664,2665,0,0,1
2662,2639,2666,0,0,1
2663,2666,2665,0,0,0
2646,2656,2667,0,0,1,1268
2644,2667,2668,0,0,1
2580,2668,2669,0,0,1
2670,2574,2671,1,0,1
2672,2671,2673,1,0,1
81,2673,2674,0,0,1
77,2674,2675,0,0,1
2658,78,2676,0,0,1
2669,2676,2677,0,0,1
2577,2677,2675,0,0,0
80,84,2678,0,0,1,1267
2679,2680,2681,1,1,1
95,2681,2682,0,0,1
91,2682,2683,0,0,1
2684,2683,2685,1,0,1
2686,2685,2687,1,0,1
2688,2689,2690,1,1,1
2678,2690,2691,0,0,1
2672,2691,2692,0,0,1
2693,2692,2687,1,0,0
83,86,2694,0,0,1,1266
2688,2694,2695,0,0,1
2689,2695,2696,0,0,1
2686,2696,2697,0,0,1
2684,2697,2698,0,0,1
88,92,2699,0,0,1
89,2699,2698,0,0,0
2700,2701,2702,1,1,1,1268
2703,2702,2704,1,0,1
2705,2704,2706,1,0,1
2707,2706,2708,1,0,1
2709,2708,2710,1,0,1
2711,2710,2712,1,0,1
2575,2670,2713,0,0,1,9460
2572,2713,2714,0,0,1
2569,2714,2715,0,0,1
2716,2715,2717,1,0,1
2718,2717,2719,1,0,1
2720,2721,2722,1,1,1
99,2723,2724,0,1,1
97,100,2725,0,0,1
2693,2680,2726,0,0,1
2719,2726,2727,0,0,1
2725,2724,2728,0,0,1
94,2728,2729,0,0,1
2727,2679,2730,0,0,1
2722,2730,2729,0,0,0
2570,2716,2731,0,0,1,9461
2566,2731,2732,0,0,1
2567,2732,2733,0,0,1
2560,2562,2734,0,0,1
2395,2558,2735,0,0,1
2736,2735,2737,1,0,1
2738,2739,2740,1,1,1
2741,2740,2742,1,0,1
2743,2742,2744,1,0,1
2385,2745,2746,0,1,1
2747,2746,2748,1,0,1
2749,2748,2750,1,0,1
113,2751,2752,0,1,1
2753,111,2754,1,0,1
2755,2754,2756,1,0,1
2757,2758,2759,1,1,1
2760,2759,2761,1,0,1
2723,2761,2762,0,0,1
2718,2721,2763,0,0,1
2733,2763,2764,0,0,1
2564,2764,2765,0,0,1
2752,2750,2766,0,0,1
2756,2766,2767,0,0,1
2768,2767,2769,1,0,1
2765,2720,2770,0,0,1
2734,2770,2771,0,0,1
2737,2771,2772,0,0,1
2769,2744,2773,0,0,1
2774,2773,2775,1,0,1
2772,2762,2776,0,0,1
2777,2776,2775,1,0,0
2760,102,2778,0,0,1,9460
2774,2758,2779,0,0,1
2768,2779,2780,0,0,1
2755,2780,2781,0,0,1
109,2753,2782,0,0,1
106,2782,2783,0,0,1
317,107,2784,0,0,1
2778,104,2785,0,0,1
2757,2785,2786,0,0,1
2781,2786,2787,0,0,1
2783,2787,2784,0,0,0
2392,2736,2788,0,0,1,9462
2390,2393,2789,0,0,1
2387,2789,2790,0,0,1
2471,2388,2791,0,0,1
2745,2384,2792,0,0,1
2743,2792,2793,0,0,1
2741,2793,2794,0,0,1
2738,2794,2795,0,0,1
2777,2739,2796,0,0,1
2788,2796,2797,0,0,1
2790,2797,2798,0,0,1
2791,2798,2795,0,0,0
2751,115,2799,0,0,1,1268
2800,2799,2801,1,0,1
2802,2801,117,1,0,0
2381,2747,2803,0,0,1,1269
2804,2803,2805,1,0,1
2800,2805,2749,0,0,0
2802,119,2806,0,0,1,9461
2379,2382,2807,0,0,1
2376,2807,2808,0,0,1
2374,2377,2809,0,0,1
2371,2809,2810,0,0,1
2811,2812,2813,1,1,1
2814,2367,2815,1,0,1
2816,2815,2817,1,0,1
143,2818,2819,0,1,1
134,137,2820,0,0,1
2821,2820,2822,1,0,1
2823,2824,2825,1,1,1
2806,122,2826,0,0,1
2804,2826,2827,0,0,1
2819,2817,2828,0,0,1
2829,2828,2830,1,0,1
2831,2830,2832,1,0,1
2827,2825,2833,0,0,1
2808,2833,2834,0,0,1
2810,2834,2835,0,0,1
2832,2836,2837,0,1,1
2835,2822,2838,0,0,1
2839,2838,2840,1,0,1
2837,2813,2841,0,0,1
2842,2841,2840,1,0,0
131,2821,2843,0,0,1,9460
132,2843,2844,0,0,1
128,2844,2845,0,0,1
129,2845,2846,0,0,1
121,124,2847,0,0,1
2823,2847,2848,0,0,1
2846,2824,2849,0,0,1
126,2849,2848,0,0,0
2842,136,2850,0,0,1,9460
2829,2831,2851,0,0,1
144,2851,2852,0,0,1
257,2852,2853,0,0,1
255,2853,2854,0,0,1
141,2854,2855,0,0,1
139,2855,2850,0,0,0
2372,2839,2856,0,0,1,1269
2369,2856,2857,0,0,1
2836,2366,2858,0,0,1
2811,2858,2859,0,0,1
2812,2859,2857,0,0,0
2818,146,2860,0,0,1,1268
2861,2862,2863,1,1,1
259,2864,2865,0,1,1
2860,2865,2863,0,0,0
2861,2864,2866,0,0,1,9460
2867,2866,2868,1,0,1
2869,2868,2870,1,0,1
2871,2870,2872,1,0,1
2873,2872,2874,1,0,1
2875,2874,2876,1,0,1
2877,2878,2879,1,1,1
2880,2879,2881,1,0,1
2882,2883,2884,1,1,1
2885,2886,2887,1,1,1
2888,2887,2889,1,0,1
2890,2891,2892,1,1,1
2893,2892,2894,1,0,1
2895,2896,2897,1,1,1
2898,2899,2900,1,1,1
420,423,2901,0,0,1
417,2901,2902,0,0,1
415,418,2903,0,0,1
413,2903,2904,0,0,1
411,2904,2905,0,0,1
409,2905,2906,0,0,1
407,2906,2907,0,0,1
149,405,2908,0,0,1
2876,2908,2909,0,0,1
2884,2910,2911,0,1,1
2889,2911,2912,0,0,1
2894,2912,2913,0,0,1
2914,2913,2915,1,0,1
2897,2915,2916,0,0,1
2900,2916,2917,0,0,1
2918,2917,2919,1,0,1
2902,2919,2920,0,0,1
2909,2907,2921,0,0,1
2881,2921,2922,0,0,1
2923,2922,2920,1,0,0
2862,2867,2924,0,0,1,1269
2816,2924,2925,0,0,1
2444,2814,2926,0,0,1
2363,2926,2927,0,0,1
2928,2927,2929,1,0,1
2930,2929,2925,1,0,0
2930,2869,2931,0,0,1,9461
2928,2931,2932,0,0,1
2364,2932,2933,0,0,1
2360,2933,2934,0,0,1
2357,2361,2935,0,0,1
2936,2935,2937,1,0,1
2938,2939,2940,1,1,1
2941,2942,2943,1,1,1
2349,2944,2945,0,1,1
2347,2945,2946,0,0,1
2947,2344,2948,1,0,1
2949,2950,2951,1,1,1
2952,2953,2954,1,1,1
2336,2955,2956,0,1,1
2957,2956,2958,1,0,1
2959,2960,2961,1,1,1
2882,2961,2962,0,0,1
2910,2883,2963,0,0,1
2923,2963,2964,0,0,1
2880,2964,2965,0,0,1
2875,2878,2966,0,0,1
2873,2966,2967,0,0,1
2934,2871,2968,0,0,1
2937,2968,2969,0,0,1
2940,2969,2970,0,0,1
2943,2970,2971,0,0,1
2946,2971,2972,0,0,1
2948,2972,2973,0,0,1
2951,2973,2974,0,0,1
2954,2975,2976,0,1,1
2958,2976,2977,0,0,1
2962,2977,2978,0,0,1
2965,2978,2979,0,0,1
2877,2979,2980,0,0,1
2967,2980,2974,0,0,0
2358,2936,2981,0,0,1,9462
2355,2981,2982,0,0,1
2351,2353,2983,0,0,1
2941,2944,2984,0,0,1
2938,2942,2985,0,0,1
2982,2939,2986,0,0,1
2984,2983,2987,0,0,1
2985,2987,2986,0,0,0
2345,2947,2988,0,0,1,1269
2341,2988,2989,0,0,1
2342,2989,2990,0,0,1
2338,2990,2991,0,0,1
2339,2991,2992,0,0,1
2955,2335,2993,0,0,1
2952,2993,2994,0,0,1
2975,2953,2995,0,0,1
2949,2995,2996,0,0,1
2950,2996,2997,0,0,1
2992,2997,2994,0,0,0
2918,422,2998,0,0,1,46320
2898,2998,2999,0,0,1
3000,2999,3001,1,0,1
3002,3001,3003,1,0,1
3004,3003,3005,1,0,1
3006,3005,3007,1,0,1
2891,3008,3009,0,1,1
2888,3009,3010,0,0,1
3011,3010,3012,1,0,1
3013,3014,3015,1,1,1
3016,3015,3017,1,0,1
3018,3017,3019,1,0,1
3020,3021,3022,1,1,1
3023,3024,3025,1,1,1
3007,3025,3026,0,0,1
3012,3026,3027,0,0,1
3019,3027,3022,0,0,0
2895,2899,3028,0,0,1,1267
2914,2896,3029,0,0,1
2893,3029,3030,0,0,1
2890,3030,3031,0,0,1
3006,3008,3032,0,0,1
3004,3032,3033,0,0,1
3002,3033,3034,0,0,1
3000,3034,3035,0,0,1
3028,3035,3031,0,0,0
3020,3024,3036,0,0,1,1267
3018,3021,3037,0,0,1
3016,3037,3038,0,0,1
3039,3013,3040,1,0,1
3041,3040,3042,1,0,1
3036,3042,3038,0,0,0
3011,3014,3043,0,0,1,1268
2885,3043,3044,0,0,1
2959,2886,3045,0,0,1
3046,3045,3047,1,0,1
3048,3047,3049,1,0,1
3050,3049,3051,1,0,1
3052,3051,3053,1,0,1
3039,3053,3044,0,0,0
2439,2957,3054,0,0,1,1269
2333,3054,3055,0,0,1
2331,3055,3056,0,0,1
3057,3058,3059,1,1,1
3060,3059,3061,1,0,1
3046,3062,3063,0,1,1
2960,3063,3064,0,0,1
3056,3064,3061,0,0,0
3048,3050,3065,0,0,1,9460
3062,3065,3066,0,0,1
3067,3066,3068,1,0,1
3060,3067,3069,0,0,1,9461
3057,3069,3070,0,0,1
2325,2329,3071,0,0,1,1269
2436,2326,3072,0,0,1
2323,3072,3073,0,0,1
2320,3073,3074,0,0,1
3075,3074,3071,1,0,0
1635,1727,3076,0,0,1,1275
1633,1636,3077,0,0,1
1629,1631,3078,0,0,1
3079,3078,3080,1,0,1
1638,1642,3081,0,0,1
3076,1639,3082,0,0,1
3077,3082,3083,0,0,1
3080,3083,3081,0,0,0