-179.233427,14.499877,0,1,98,99,100,101,114,115
-180.0,14.433333,0,64,65,66,67,99
-180.0,0.0,0,1,2,3,4,5,6,7,8,9,10,11,12,13,14,15,16,17,18,44,45,46,47,48,49,50,51,52,53,54,55,56,57,58,59,60,61,62,63
-179.233094,14.466485,1,2,98
-178.665152,14.46813,2,3,97,98,113,114
-178.299288,14.400723,3,4,96,97
-178.134874,14.298247,4,5,95,96
-177.733518,14.232711,5,6,94,95
-177.033241,13.999667,6,7,93,94
-176.201198,13.368398,7,8,92,93
-175.667299,13.367415,8,9,91,92
-175.467409,13.432475,9,10,90,91,223,224
-175.300137,13.099868,10,11,223
-175.234234,13.099782,11,12,222,223,224,225,302
-175.234712,13.000681,12,13,222
-174.898931,12.400119,13,14,221,222,301,302,303,304,305,306,323,324
-174.998924,12.100018,14,15,221
-174.934375,12.100367,15,16,221,301
-174.76607,11.802353,16,17,220,301,323
-174.766003,11.467127,17,18,219,220
-174.633017,11.23373,18,19,20,21,45,219
-174.533424,11.067344,19,20,217,218
-174.467009,11.065526,19,218,219,220,300,323,324,325,329
-174.467089,10.832353,20,21,216,217
-174.466702,10.632487,21,22,45,46,216
-174.233268,9.999005,22,23,46,47,215
-174.234378,10.400509,22,215,216,217,218,299,300
-174.167856,9.767776,23,47,48,213,214
-174.166375,10.000168,23,214,215,298,299
-173.933281,8.900232,24,25,211,212
-173.83237,9.201514,24,212,213,214,297,298
-174.066555,9.433804,24,25,26,48,49,213
-174.000027,8.900157,25,26,210,211
-173.99925,8.768634,26,27,28,49,50,210
-173.833343,8.432216,27,28,208,209
-173.900529,8.666784,27,209,210,211,212,296,297
-173.834348,8.06596,28,29,50,51,208
-173.366181,7.199597,29,30,51,52,207
-173.366739,7.533607,29,207,208,209,295,296
-173.066446,6.499977,30,31,32,52,53,206
-173.132666,6.899266,30,206,207,294,295
-172.201154,5.466361,31,32,204,205
-172.199838,5.566201,31,205,206,293,294
-172.065854,5.200368,32,33,53,54,204
-171.700412,4.400975,33,34,35,54,55,203
-171.999998,5.200776,33,203,204,205,292,293
-171.534879,4.033317,34,35,202,290,291
-171.666747,4.399145,34,203,291,292
-171.533288,3.866669,35,36,55,56,202
-171.534455,3.332337,36,56,57,200,201
-171.432469,3.566057,36,201,202,289,290
-171.132977,2.399655,37,38,197,198
-171.066185,2.399658,37,198,199,200,201,288,289
-171.133308,2.466364,37,38,58,59,199
-171.133989,2.066389,38,39,40,59,60,197
-171.134832,2.001056,39,40,195,196
-171.067038,2.000705,39,196,197,198,287,288
-171.200989,1.798476,40,41,60,61,195
-171.033578,0.900675,41,61,62,193,194
-171.099356,1.635175,41,194,195,196,286,287
-170.667422,0.468102,42,43,44,63,191,192
-170.666371,0.567331,42,192,193,194,285,286
-170.69991,0.567014,42,62,63,193
-170.666667,0.0,43,44,189,190
-170.498415,0.299955,43,190,191
-171.433197,2.933604,57,58,199,200
-179.9344,16.83421,64,65,119,120,133
-180.0,16.833333,64,120
-179.800406,16.799662,65,66,132,133,134,135,136,139
-179.767108,16.799122,66,67,131,132
-179.533596,17.033253,67,68,69,99,100,131
-179.100415,17.200339,68,69,129,130
-179.532843,17.06827,68,130,131,132,138,139
-178.999475,17.2013,69,70,71,100,101,129
-178.7006,17.700387,70,71,127,128
-178.967161,17.367405,70,128,129,130,137,138
-178.367236,17.933591,71,72,101,102,103,104,105,106,107,108,109,110,111,115,126,127
-178.866621,18.533039,72,73,102,124,125
-178.733875,18.199205,72,125,126
-178.932784,18.865732,73,74,75,102,103,122,123
-178.900573,18.534652,73,123,124
-179.035325,18.968056,74,75,159,160,161,162,163
-179.03319,18.933521,74,121,122,141,160
-178.698917,18.968119,75,76,77,103,104,159
-178.000983,19.134113,76,77,157,158
-178.699994,18.999528,76,158,159,163
-177.765589,19.133859,77,78,79,104,105,156,157
-177.265505,18.667391,78,79,332,333,334,386,387
-177.266224,19.265708,78,156,261,332
-177.168689,18.299298,79,80,105,106,386
-177.101031,18.000228,80,81,82,83,106,107,385
-177.10047,18.299878,80,385,386,387,405,406
-176.866736,17.667917,81,82,383,384
-176.799974,17.666725,81,384,385,404,405
-176.800242,17.167325,82,83,382,383
-176.799972,16.834209,83,84,107,108,381,382
-176.567449,16.299597,84,108,109,379,380
-176.567039,16.364864,84,380,381
-176.099842,15.468247,85,86,378,402,403
-176.301439,16.033731,85,379,380,381,382,383,384,403,404
-176.333047,16.033169,85,86,109,110,379
-176.166282,15.200192,86,87,110,111,378
-175.933808,14.701095,87,111,112,113,114,115,376,377
-176.101964,15.201302,87,377,378,401,402
-175.500177,14.099298,88,89,90,91,92,93,94,95,96,97,112,113,375
-175.59988,14.334084,88,375,376,377,400,401
-175.634694,14.332847,88,112,376
-175.465597,13.466192,89,90,224,225,373,374
-175.465952,14.100653,89,374,375,399,400
-179.831553,17.132404,116,117,135,136
-179.832006,17.232437,116,136,137,138,139
-180.0,17.233333,116,117,118,119,120,121,122,123,124,125,126,127,128,137
-179.900083,17.133012,117,118,134,135
-179.898683,16.835301,118,119,133,134
-180.0,18.6,121,140,141
-179.833785,18.798145,140,141,160,161
-180.0,18.8,140,142,143,144,145,146,147,148,149,150,151,152,153,154,155,161,162
-178.566667,22.5,142,143,164
-180.0,22.5,142
-178.566506,22.333453,143,144,164,268
-178.49875,22.333394,144,145,267,268,269,270,271,272,273,274,322,327,328
-178.499017,22.166549,145,146,266,267
-178.332732,21.932472,146,147,266
-178.166138,21.766851,147,148,265,266,267,321,322
-177.801312,21.032701,148,149,265
-177.734276,21.032834,149,150,265,320,321
-177.500573,20.666274,150,151,264,319,320
-177.499144,20.463373,151,152,263,264
-177.400143,20.166606,152,153,263
-177.332558,20.16612,153,154,262,263,264,318,319
-177.333643,19.701407,154,155,262
-177.264831,19.70031,155,156,157,158,162,163,261,262,317,318
-157.5,22.5,164,165,166,167,268,269
-157.665937,21.60198,165,166,454,455
-157.5,21.3,165,455,456
-158.099927,21.666433,166,167,453,454
-158.298944,21.667763,167,168,269,270,453
-158.66754,21.499396,168,169,170,270,271,452
-158.299419,21.63318,168,452,453,454,455,456,457,458,459,460,461,462,464
-159.399365,21.267785,169,170,450,451
-159.000121,21.332782,169,451,452,463,464
-159.633376,21.200437,170,271,272,450
-159.266135,20.900329,171,172,173,273,274,461,462
-159.266643,21.034461,171,462,463,464
-159.632789,21.165396,171,272,273,450,451,463
-158.666515,20.566341,172,173,459,460
-159.167218,20.899051,172,460,461
-158.166254,20.133662,173,274,275,276,277,278,279,280,281,282,283,284,285,286,287,288,289,290,291,292,293,294,295,296,297,298,299,300,328,329,330,331,458,459
-157.5,2.666667,174,175,439,440
-157.5,20.266667,174,456,457
-157.766329,20.132542,174,175,275,457,458
-158.03283,2.53276,175,176,275,276,439
-158.33496,2.467236,176,177,276,277,438
-158.033434,2.46533,176,438,439,440,449
-158.633241,2.40005,177,178,179,277,278,437
-158.331234,2.400004,177,437,438,448,449
-159.434344,1.932664,178,179,435,436
-159.166718,1.999039,178,436,437,447,448
-160.531659,1.53295,179,180,278,279,435
-160.899341,1.399858,180,279,280,433,434
-160.732573,1.400795,180,434,435,436,446,447
-161.300166,1.166572,181,182,183,281,282,432
-161.199863,1.165011,181,432,433,434,445,446
-161.20105,1.233006,181,280,281,433
-161.666693,0.932289,182,183,430,431
-161.599758,0.93385,182,431,432,444,445
-162.134149,0.69841,183,184,185,282,283,430
-162.534854,0.533816,184,185,428,429
-162.133468,0.666883,184,429,430,431,443,444
-162.667813,0.532838,185,186,187,188,283,284,428
-162.999674,0.233609,186,187,427,441,442
-162.832552,0.366189,186,428,429,442,443
-163.36699,0.232483,187,188,426,427
-163.766586,0.067794,188,189,190,191,192,284,285,426
-163.766667,0.0,189,426,427,441
-174.86682,13.600302,225,226,302,303,373
-174.332331,13.668724,226,227,228,303,304,372
-174.865095,13.634153,226,372,373,374,399
-173.334091,13.667068,227,228,370,371
-174.334314,13.699013,227,371,372,398,399,400,401,402,403,404,405,406,407,408,409,412
-173.066607,13.599381,228,229,304,305,369,370
-172.768114,13.53265,229,305,306,413,414,415,416
-172.734485,13.600961,229,368,369,413
-171.833599,13.766915,230,231,364,365,421
-172.199685,13.633658,230,415,416,417,418,419,420,421
-172.333135,13.467024,230,231,306,307,308,309,324,325,416
-170.997867,14.034693,231,232,307,364
-170.467479,14.166827,232,233,307,308,363
-170.999165,14.065486,232,363,364,365,395,396,397,410
-170.200003,14.266271,233,234,308,309,362
-170.465732,14.234994,233,362,363,394,395
-169.699161,14.30082,234,309,325,326,329,330,360,361
-170.19809,14.299013,234,361,362,393,394
-170.066406,15.032172,235,236,358,359
-169.899072,14.665775,235,359,360,361,393
-169.833837,14.666399,235,236,310,311,326,360
-170.067313,15.10098,236,237,238,239,240,241,242,243,244,245,246,310,358
-170.334992,15.83392,237,238,357,391,392
-170.233216,15.366301,237,358,359,392,393,394,395,409,410,411,412
-170.433054,16.501879,238,239,356,357
-170.432875,17.067479,239,240,355,356
-170.400501,17.066247,240,241,354,355
-170.400076,17.300553,241,242,353,354
-170.29907,17.76455,242,243,352,353
-170.264979,17.765871,243,244,351,352
-170.199813,18.298724,244,245,350,351
-169.999969,18.833723,245,246,349,350
-169.966895,18.833201,246,310,311,348,349
-170.966755,18.933042,247,248,249,250,251,252,253,312,346
-170.633492,18.935094,247,346,347
-169.967227,19.000235,247,311,312,313,314,326,330,331,347,348
-171.831191,18.866053,248,249,391,392,408,409
-170.966408,18.900326,248,346,347,348,349,350,351,352,353,354,355,356,357,391
-173.133482,19.065996,249,250,345,390,407,408
-173.69957,19.600168,250,251,344,345
-173.700374,19.66676,251,252,344
-174.066025,19.86768,252,253,343,344,345,389,390
-174.200931,19.999898,253,254,312,313,343
-174.567926,20.49895,254,255,313,314,341,342
-174.267688,19.999726,254,342,343,388,389
-174.867501,21.233364,255,256,314,327,328,331,339,340
-174.73379,20.702698,255,340,341
-175.29944,21.066425,256,315,316,317,318,319,320,321,322,327,337,338
-175.199928,21.066813,256,338,339
-175.666771,20.40082,257,258,335,336
-175.566833,20.499244,257,336,337,338,339,340,341,342,388
-175.566677,20.566771,257,258,315,337
-175.900437,20.034405,258,259,260,315,316,335
-176.700449,19.533357,259,260,333,334
-175.901022,19.998614,259,334,335,336,387,388,389,390,406,407
-176.866779,19.499926,260,261,316,317,332,333
-171.767426,13.833054,365,366,396,420,421,424,425
-171.464871,13.965109,366,396,397,423
-171.598736,13.965886,366,423,424
-172.699667,13.600147,367,368,413,414
-172.232354,13.801301,367,414,415,417
-172.234003,13.832826,367,368,369,370,371,398,417,418
-171.933009,13.999172,397,410,411,422,423,424,425
-172.067404,13.932488,398,411,412,418,419,422
-172.032286,13.832499,419,420,422,425
-157.5,0.0,440,441,442,443,444,445,446,447,448,449